"V1","V2","V3","V4","V5","V6","V7","V8","V9","V10","V11","V12","V13","V14","V15","V16","V17","V18","V19","V20","V21","V22","V23","V24","V25","V26","V27","V28","V29","V30","V31","V32","V33","V34","V35","V36","V37","V38","V39","V40","V41","V42","V43","V44","V45","V46","V47","V48","V49","V50","V51","V52","V53","V54","V55","V56","V57","V58","V59","V60","V61","V62","V63","V64","V65","V66","V67","V68","V69","V70","V71","V72","V73","V74","V75","V76","V77","V78","V79","V80","V81","V82","V83","V84","V85","V86","V87","V88","V89","V90","V91","V92","V93","V94","V95","V96"
-0.0558415000278391,-0.222107059872069,0.0300100907763173,0.0919209636572381,0.0809342725329981,-0.00761073296192672,0.0388282921423559,0.0134739163968691,0.191451065027997,0.0592820732985907,-0.0761755976013609,0.0307558755791248,-0.0159717976454288,0.159017302545562,0.118317042760009,0.0351472266868595,-0.160308126402766,0.153504740369779,0.223084884920292,-0.13650278270217,-0.0407475405480212,0.0823967275843391,0.108975106689055,0.0878245257794753,0.0808064622756242,0.0965906541725082,0.0903797795788915,0.16680840424543,-0.218313218126992,0.106544108036439,-0.0904597632162607,0.206864472088582,0.028954927358044,0.125761123288336,-0.0232008544800854,-0.143832813068042,-0.0766960055425806,-0.0604523975293977,0.0991481303051432,0.196241519794412,-0.123711037385794,-0.124296782002797,-0.039208061933918,-0.205911199302297,-0.0190715383544525,-0.139727246256622,-0.10275221597684,0.282292527560995,-0.0150450662497827,-0.0660419543463494,0.0717910395650849,-0.256847302802326,-0.0414832077661394,-0.0919158495863128,-0.25955837217483,0.0581450174180661,0.0055906780794687,-0.0763919460196287,-0.0651566417078051,-0.105480604160065,-0.075976517714766,0.00330209804503159,0.10589259511886,-0.0836376439783693,-0.0396950638556415,-0.0400029881583563,0.00484296206086873,0.311011349977779,0.209513376774301,0.209153518503438,0.0882436866602642,0.23393396332825,0.137389882751145,0.049989805224975,0.143098657307297,0.227191441286758,0.00768849000405718,0.050805777666038,0.0208517063096689,0.318593533224743,0.474105419996358,0.126025009649099,-0.0125883922992884,0.298529155086964,-0.115210820130425,-0.158231521120912,-0.0948414497388106,-0.200865104647697,-0.0605618693471688,-0.226769128268359,0.0698936706196249,0.0557082919558353,-0.0974517972044294,-0.0373865157219662,-0.0662154971782453,-0.375963955486547
-0.13019983985075,0.115352991650275,-0.154182243907131,0.186426882395366,0.0176870561537822,0.0840408437753242,0.225539965044014,0.0658228822610097,-0.112940444416675,-0.136714496614386,-0.191216023386069,-0.248819006764202,-0.18431933365202,-0.137114104191382,0.0368741248603588,0.0668227369705156,0.262939668642808,0.159856975211268,-0.129191926831338,-0.0497896851655055,0.00512763644077487,-0.05509116318761,0.0694976507852185,0.214738272764175,-0.118016358968933,0.23302461560845,-0.120970180238605,-0.248096687754645,-0.29429944644303,-0.0705095534638201,-0.184271893971897,-0.353155937131733,-0.233027792456603,-0.160318551205807,-0.095676482733344,0.1812373429339,-0.0592887833535649,-0.258587894783521,-0.502390078457773,-0.0963779024544968,0.0848791143713059,0.254222057678093,0.239053327198494,0.236844397622813,0.23559537305426,0.116046239781395,0.0697828271100777,-0.1325695572744,-0.0437619865597051,0.0481829636928066,-0.041201430644165,0.221958520632142,0.204377147570417,0.521300249083949,0.446333782574022,0.0241202630661506,0.230275725858233,0.178082880314602,0.0778642682466461,0.294869729286395,0.194024268947988,0.0869583689947982,0.225288276889438,0.389381238452261,-0.148739832150301,-0.0405217157756727,-0.161903441540801,-0.0267835250192416,-0.241202878332672,-0.360193721272774,-0.316480382637204,-0.295340192293268,0.0577259619591786,0.1041027081279,0.0916780327398313,-0.170651516655337,0.00585981713681166,-0.376348717166458,-0.0274637948368044,-0.196573906552695,-0.499329340111026,-0.196582600887425,-0.256569445678697,-0.115433988338427,-0.0128443479509973,-0.0244136395593653,0.252236876039549,0.264304990498728,0.226462941906546,0.131473373124731,0.178533189932779,0.314329141012672,0.180716874056609,0.0621234680480939,0.135058010945375,0.169998371167582
0.235598710817538,-0.172833759139581,0.0527412849732395,-0.0966088318493939,0.0862651603008242,-0.139460925586691,-0.412227171875079,-0.271728480839667,0.137297373263701,-0.00836439626700583,0.307639911763748,0.303130592192534,0.385757151714557,0.36727522811503,0.0815061241152945,0.0872152338713574,-0.550640733695508,0.0618670973785143,0.307760214689011,-0.0319975030439763,0.214671368355357,-0.0197592427522936,0.0408037644238207,-0.0100707658156926,0.338169722449196,-0.10420271322759,0.337662709222048,0.232056622928278,0.467363933383504,0.0883458864613111,0.0828846075876768,0.542817588986638,0.166262296478796,0.288090887310252,0.0824875114932096,-0.380713017318086,-0.0185605890208708,0.180152405896222,0.440083876020877,0.151837749558304,-0.122010046251864,-0.301867469811418,-0.102877548536723,-0.338759176305549,-0.0639770995880579,-0.175771907282378,-0.177487172724617,0.384070889732998,0.151560020972296,0.149179740158857,-0.0374912339171481,-0.292254217401124,-0.398639525014911,-0.609233799243322,-0.434485454256339,-0.349609785516344,-0.42434254482304,-0.232869339952387,-0.191871702967285,-0.502327327828642,-0.461627059869333,0.101797491268812,-0.155796480265952,-0.151280666637632,0.0828031734506441,0.264445438131987,0.258542755199082,0.224610816247355,0.367557363845659,0.368742596638904,0.174187626243395,0.356586275612818,0.472080112979897,0.0867121014349499,0.0262647700512289,0.430949323374153,0.188706550592203,0.334355182673053,0.269922832078593,0.197730281427532,0.689403480114017,0.846933149477257,0.387775960093564,0.399537846245605,0.00266664687137752,-0.106138244020632,-0.651033450410159,-0.467482745128207,0.0194795493892372,-0.111250068172409,-0.142814944264552,-0.373542867338025,-0.130637611429392,0.167671316267128,-0.0487617841776693,-0.440636329270235
0.153389879733664,-0.339969277538057,-0.087102714760403,-0.251981930303152,0.0220627883212614,-0.107610253245491,-0.134877342663944,-0.27692471753523,0.241688025612971,0.0414037404640426,0.150010550966081,-0.029419449358312,0.174045844834227,0.375830678953249,0.260206431352334,-0.0381436488309887,-0.251446617568261,0.00413015415681973,0.0472038651005884,0.0173460090134336,0.0410023160339692,-0.111791345355972,0.0628727254134995,-0.0270138445645578,0.249642696219833,-0.115130964421918,0.240238394364072,0.368111641056129,0.263354978727142,0.234935400472744,0.149048257543004,0.424949574918137,0.111797819530872,0.208570747438398,0.199922181942372,-0.498083562617929,0.132221772079622,0.118196076791078,0.250841345244071,-0.0527791026248711,-0.306810735065004,-0.0213331018284341,-0.00208388464212823,-0.338521882563076,-0.293920780945759,-0.288936330937103,-0.10492752371817,0.116050883063521,0.129172962588044,-0.0456761231958158,0.0905423787287374,-0.00261450922801335,-0.469854608358211,-0.498776545428725,-0.435848300361665,-0.120862341526027,-0.227311236259229,0.00145694218788063,-0.261339279552645,-0.166947706114211,-0.127391090089318,-0.0855928743653072,-0.0798283341359501,-0.12647153075972,0.158069775604121,0.0559676531658683,0.271413627383102,0.0767267687961361,0.0795967453762382,0.312841971388505,0.107535114441838,0.291033482819741,0.197453809157765,0.0179804694543333,-0.116378726908516,0.114567444111688,-0.0927966538759239,0.212153821556842,-0.0478263672910762,0.379901722624145,0.397265752609493,0.529973147998253,0.197141472740464,0.125212323618207,-0.322026083575674,-0.205055116417659,-0.118243104368434,-0.315280314691462,-0.0974384298586323,0.0294519109603626,-0.0951962507967491,-0.020675871144896,-0.240247835884676,0.104450160029356,-0.299901789346265,-0.450989970140671
0.189711356536885,-0.367204109534022,0.0829959384009513,-0.395853706570936,0.264562410113748,-0.0487920657342611,-0.369081898790013,-0.539425936252578,0.374936148004281,0.17819754169694,0.36632496141682,0.407174108286341,0.604004786021149,0.578181018674442,0.0660359778555856,0.0316075023026147,-0.569521234061577,0.215406769453151,0.295789792878205,-0.130645879653172,0.273514281159108,0.054693001344973,0.0481453944422807,-0.136255031653175,0.539261744531181,-0.412970206794206,0.313115606787958,0.594847345909437,0.860420526885854,0.443565598625761,0.724439910517279,0.750776093393615,0.489102789134546,0.657476907106949,0.254352040955741,-0.76053662819771,0.0255739592272307,0.408913652350732,1.04561162609458,0.111223716700038,-0.485641016668477,-0.589588954892885,-0.335349704474695,-0.707390645375377,-0.509950786817043,-0.461338338357303,-0.373303512473429,0.39785394174184,0.244024285754272,0.0539723122045073,-0.112981762476973,-0.385249805493682,-0.822030671647693,-1.04096616670886,-0.666380805446807,-0.61392260575316,-0.582817201995128,-0.24775212320995,-0.638199938084299,-0.715042515661071,-0.604525365339276,0.366884023472832,-0.0497153719292091,-0.274702801607742,0.356099186317832,0.440752748401924,0.592111172675303,0.266376301822876,0.53268318219335,0.626835804910433,0.418336936937611,0.614331022446732,0.728924144414963,0.0208014082727489,0.131559116131201,0.51639921069651,0.390544252644644,0.830808482497191,0.0936814249877076,0.638346883494656,1.39672215509558,1.36286121412485,1.0751790042725,0.448074466101774,-0.368657523946418,-0.303401148020733,-0.846812487951407,-0.854738400827064,-0.365177116930967,-0.147043205231773,-0.300065311928223,-0.636789168922886,-0.473934307921819,0.253151535946305,-0.40148268558173,-0.64586568498749
-0.000151936161824684,-0.121167546356472,0.122377256644851,-0.143456233019736,0.122912853224324,-0.00924834363157565,-0.0413498082758207,-0.189572594216968,-0.0460203278045693,0.00976898219529704,0.104004476956459,0.195250613790771,0.14421402139674,0.15595872785384,0.104775389567427,-0.0810882335866734,-0.284570156813919,-0.0797338894661278,0.0771636171046232,-0.1061191561893,0.0548944586787932,-0.0235808925586835,0.0723338379820255,-0.0155870468260988,0.27659984363321,-0.129244478753686,0.104732631099181,0.33280013318722,0.308369471292449,0.249847984103365,0.181024903284107,0.385429508504301,0.17400031348114,0.338983552004864,0.1684364228353,-0.201474657915202,-0.0788594907641488,0.436331537833305,0.16655623210293,0.218852118040994,-0.100009904112793,-0.118226550771487,-0.246196425296066,-0.0979242768610972,-0.167245734751557,-0.14513695637675,-0.157091283356684,0.0556993068722723,0.184268537092121,-0.0624107585267356,-0.0672876421548655,-0.257079067640155,-0.417948373200157,-0.339748059669806,-0.35227293653494,-0.182986974785438,-0.276777872964016,-0.0337953914749734,-0.223433320696013,-0.404161079801301,-0.331786042198623,0.0594534607952382,0.0488756187977607,0.100047019627993,0.0576963841193013,0.34905528943729,0.31648966580373,0.223493801407696,0.180565846944264,0.286022942483907,-0.099339170795446,0.203439212539475,0.384104581785581,-0.0421044563137369,0.115922131934544,0.330115260085995,0.096738615707981,0.449205314774788,0.192779970037662,0.275591459588765,0.582037904891817,0.458346414757711,0.397621300300727,0.264426792344289,-0.188499606100698,-0.295827672161949,-0.366537279992361,-0.271954766627132,-0.187153244986033,0.0122648733572138,0.0649379882443204,-0.158324553628927,-0.182908637244196,0.336995732206827,-0.0270109329025522,-0.194500209438066
-0.227806587652505,0.196397005050287,-0.0257985789682684,0.320910379555391,-0.0564837844663275,-0.0183761226514274,0.34913103675934,0.410923231749978,-0.366858302020335,-0.107961001659456,-0.345149494003613,-0.362634793319002,-0.506252179059687,-0.479525902388639,-0.149807796475527,0.049166758447468,0.557461647876265,-0.145906835424943,-0.154569146180561,-0.0309387257732762,-0.393675017553304,0.0861220337516539,-0.126246050043525,0.30737832669605,-0.297368068855789,0.268049975398389,-0.221621938706686,-0.478023438408559,-0.496211942430692,-0.480468806620923,-0.520037606712348,-0.562810387553827,-0.585532276253158,-0.389447442692669,-0.191999891953274,0.50503272084645,-0.0627140128847507,-0.273636312000231,-0.628583727506937,-0.274488218242311,0.368678110950579,0.495513047461606,0.150823721398199,0.399460936389043,0.260876092502147,0.508057585426431,0.213041009323084,-0.0521582024772043,-0.126167204518107,-0.0147560583454228,0.0185134884256543,0.444770905003523,0.642286949431772,0.740279315414882,0.484249589281319,0.537165737088889,0.62365644649961,0.104526039219872,0.396853807299353,0.738718711812957,0.385251300692485,-0.247481250873327,-0.147374699666033,0.309890535398284,-0.184307683283468,-0.300821462577437,-0.192074555262731,-0.331049831105209,-0.374063389901517,-0.381455332735155,-0.295261131361211,-0.411398671634741,-0.495977644368986,-0.227937313956001,-0.34017684081714,-0.390083862992069,-0.380352558619171,-0.649362597139026,-0.027047997205355,-0.469797846351349,-1.02901213374847,-1.04978793000082,-0.76050136032117,-0.409744983516727,0.251313045612007,0.333998110122195,0.485413222792072,0.572614168854151,0.128226708410118,0.157646330712099,0.213758020963647,0.467561697080791,0.583836815673522,-0.312225768536213,0.251196217814242,0.566959424558337
-0.102455689818937,-0.0898035868343888,0.0111203291176967,-0.031302500810415,0.192412684302942,0.108329113366821,0.166563587483071,0.0596148499769266,0.108960672752664,0.00165762336738427,0.022081514862457,-0.136300570403058,-0.041903463464072,-0.0626026484437088,0.110362949651242,-0.00873630635642797,0.0929368965947409,-0.0842447958478431,0.0970118529617494,0.116803137455848,-0.11814131183297,0.200979038176021,0.200394387563447,-0.0116829697581994,-0.159171136324804,-0.0960857887743664,-0.155683530746863,-0.216716895159737,-0.10910942268004,0.0216568815455404,0.044993110590243,0.0409366160719157,-0.0956807082851394,-0.0224061482948624,-0.010730716691878,0.107387620710904,-0.0801447053064661,-0.00947800652127558,-0.29394646988335,0.0683370551855134,-0.0108608230462082,0.329788910715779,0.0790650581655286,-0.0428573374346173,0.00667232811509746,0.0695953398551774,0.132574624209633,-0.136585005275686,-0.120691513413757,-0.029620077974111,0.0314435665273513,-0.0523468116834372,0.0218264315793556,0.182864226190498,0.063361822370741,-0.0611094333361333,0.151033200537413,-0.0274536641093568,0.0724954414284879,-0.141946180809262,0.157050435320887,-0.120386317686392,-0.0762985217017064,0.136376676679906,0.123735128521646,-0.0326750306800386,-0.138996550695211,0.0567494822963602,0.0130982415387568,-0.210235801972152,-0.123009647675621,-0.210540142973805,-0.114362323921329,-0.0318268752982513,-0.0430132828259536,-0.0688119677516578,-0.0798298278554632,-0.108423268802725,0.0718186580313268,-0.274175517051106,-0.0757282880597936,-0.0400229753086282,-0.283840952052673,0.032357874105641,0.0362233980099177,0.0149094771426776,0.0446087303644751,0.13754223557983,0.127802294382364,-0.0110100893534888,-0.0527290169363235,-0.0677653346507977,0.136465108621541,-0.0882583586662405,0.0801194588489008,0.15457042125858
0.49708770572816,-0.241482326988623,-0.050071656875056,-0.572995544375543,0.210243558338453,-0.330194205819525,-0.510865083476085,-0.424190312766233,0.366778692573016,0.268879368467423,0.609362712481865,0.46365348389115,0.517926827347773,0.58208665383208,0.282512327653361,-0.0310784146816756,-0.857603190187713,0.148958244843381,0.220724611496722,0.185929029900429,0.394775386790998,-0.275077981199403,-0.19426490543176,-0.288033207546023,0.419313892156189,-0.564246760465942,0.516194518521984,0.79836451244151,1.0019540923429,0.487102006513305,0.399254270891776,0.999253106691102,0.598333835041153,0.599452559225145,0.239768168749937,-0.879789492339116,0.110210149115137,0.392472176096842,1.17914632199789,0.325935796333825,-0.727071774337315,-0.644773197964341,-0.214364804787041,-0.50069386707353,-0.494765044853022,-0.453089861520163,-0.545457136099567,0.32225430607847,0.473894110606956,-0.0665490416630615,-0.0918218671858491,-0.54631369599076,-0.934322603542696,-1.16666870182156,-0.941746849992742,-0.533455866851363,-0.659246241443736,-0.366717592783627,-0.396531062199124,-0.996043904096255,-0.621358339865435,0.247242400419162,-0.0834691179238868,-0.225453501899076,0.173030297942143,0.565783749753943,0.469929575039294,0.40941091605057,0.441386123545735,0.637375402350776,0.528745187193639,0.857133625334054,0.780683230562443,-0.0534517739193396,-0.016565623137705,0.669307945241662,0.196844745077871,1.04787067182927,0.0451951835290408,0.780296657263288,1.56088892989432,1.4425419224988,1.247099261018,0.755266615053998,-0.471516392699237,-0.613944647709777,-1.04836709743832,-0.958926522450229,-0.36105877765683,-0.201436463814145,-0.460785467761967,-0.522852401607752,-0.656923659530315,0.469633416594325,-0.567780478908122,-0.677072694084988
0.419985952428165,-0.123666135797368,-0.224124316745072,-0.275952191186986,0.154790028857773,-0.0852704056105447,-0.395379203232235,-0.55641888806411,0.118701787987187,0.301948182525007,0.421328636107601,0.374126957411581,0.639528541006359,0.59565772446017,0.105532411829924,-0.0770095424985294,-0.707338913931952,0.304821510466795,0.171914037975888,0.0170556173529922,0.45560996627932,-0.0884155386874051,-0.223112016977938,-0.235017080662884,0.613798706272118,-0.205016920152847,0.48772497025448,0.680590503193961,0.918941756234333,0.60722474275222,0.378422203395973,0.923084811406882,0.534670976993085,0.566922050067674,0.400989283464226,-0.859192497162592,0.0700354554490558,0.783539803517357,1.06286984641423,0.251140887485994,-0.57915593463654,-0.657231904278517,-0.351506180477592,-0.476059297563784,-0.533920739948337,-0.611668889469331,-0.349818879188466,0.451105881456334,0.356155999841485,-0.0066612484895444,-0.05155902776637,-0.459019135498343,-0.81730941196035,-1.25992995295724,-0.90626351401184,-0.733734897678335,-0.699542127717631,-0.178534363664921,-0.636374253300568,-1.05838436541658,-0.477791084746085,0.443889562920744,-0.16832520479439,-0.207924332652407,0.441744043200514,0.564858619044874,0.207952789914905,0.197532087022207,0.506632466446932,0.633055825472553,0.545448907020168,0.616783699781826,0.611592368854593,-0.0646891443015308,0.108651890531486,0.799159437544545,0.34310413777628,0.900827362391204,-0.0346648597187221,0.765576710593654,1.43911742795839,1.36877474442286,1.24895612623547,0.643115054845684,-0.398819594607963,-0.534654382209876,-0.807072060752503,-0.808297089599764,-0.275444106151569,-0.0434052852998824,-0.331067290832641,-0.664754079564216,-0.558802538337613,0.375373583329823,-0.209995372246563,-0.806614129775288
0.0426278204467398,-0.057053354691146,-0.00343833814683887,-0.124028002632291,0.0588967396187674,-0.132981174318542,-0.113541629309079,-0.0557715289827136,0.240566723743804,-0.0866382115228614,0.300647477794377,0.105215978280519,0.0102537082817748,0.280436542641282,0.0551886333922088,-0.074161864497207,-0.113669688162512,0.0280013033316491,0.221783569871162,0.0185119288409817,0.269080675700179,-0.043934444227007,-0.131912640380541,-0.172799410084204,0.29585322097842,-0.149953995309415,0.161608382105276,0.304783490261029,0.231432804717279,0.166549824085735,0.180308386685005,0.275965246101995,0.129396253341857,0.347281689328683,0.0428619080704399,-0.323252418008377,0.12096986879751,0.176828217606174,0.398203751086491,0.130939543359455,-0.247480604640656,-0.278037626207589,-0.0706514628775697,-0.0750054795005465,-0.211481854349601,-0.112200495884182,0.0200314934144776,0.220659596068014,0.0587814019367563,-0.136576403651512,-0.0765717915103712,-0.1949012772099,-0.327755056905596,-0.425906185209672,-0.395206783030583,-0.15539002198293,-0.0848719621579424,-0.0397197931993455,-0.205042394259201,-0.307482970109305,0.0300037626587137,0.0822402019289112,0.0950659255261672,-0.234366730396251,0.0298931899482102,0.252225177104822,0.0685642927176644,0.0247056866572458,0.0526051784571147,0.133713487650668,0.157037442772068,0.366368697289051,0.246421714722976,-0.0120513577394195,0.0828443600435207,0.278589122596965,0.033003819818579,0.205050005497717,-0.0666741342715936,0.267600317705039,0.510588150504249,0.689178915038935,0.41566714659618,0.209956837579504,-0.0882477722691048,-0.194094610227691,-0.270711085501156,-0.198390694879228,-0.143536859497798,0.024683268080634,0.00925135056671043,-0.280802761820832,-0.216121542884034,0.0286621417211801,-0.101581311043862,-0.302694915705146
0.0318908227485797,-0.00430216540690996,-0.240291637179802,0.0921994685628442,-0.130587876499675,0.0491631822342226,0.0904657572721468,-0.205400091112837,-0.145585656822293,0.00201031396024054,0.0741492649497488,0.230448047393532,0.0450639148766148,-0.0316590683061315,0.164022976467004,-0.194763607459408,-0.0956901733669173,-0.0901415260007417,0.0586126706200849,0.000192072102290274,-0.247510346275429,-0.0110907541592181,-0.0129858875113298,-0.0316334351832307,0.0545666581621665,0.101067282181458,0.0395308263124243,-0.274728659547639,-0.035051418495874,0.066530940074705,-0.0120414302292281,-0.0639032817738698,0.00112587122725429,0.0524241359588073,-0.0376149516391676,0.0237577685182631,0.0830527330832203,0.0474449475771827,-0.0380312464604295,-0.0523308725611474,-0.0459122188068304,0.0929633314681903,-0.0611184316857548,0.0769337303189558,0.0247620593775416,-0.0143587075925336,-0.0133888964223928,0.0341631801704867,-0.084618516430314,-0.0727787268260882,-0.214395313398406,-0.00475911407003132,-0.0491544616319898,-0.00304852432094446,-0.127782823502893,-0.07844430348479,0.0750744381957662,-0.155840913983603,-0.141227190990567,-0.12233132479691,0.000654483244373998,0.0459483135425949,-0.123904449132341,0.184908892474991,0.206277698629404,-0.0174630752946522,0.0555903822510243,-0.117756222496901,-0.159405993269163,-0.0339716011602557,-0.0534397528184247,-0.0140799586669224,0.0342868794191857,-0.170918656841452,-0.0528120232298422,0.133620755397174,0.0209849157034929,0.180387429463845,0.211408545181454,0.0101735502136712,-0.0027372516259643,0.0749233974630476,0.0560046951803391,-0.0715396096795667,0.0802992119999863,-0.0240537896006223,0.115882583928244,0.037454182011237,0.0361156401402799,-0.121906090599635,0.0809790027642194,0.158672508450436,-0.0492260897318887,0.114102806622665,-0.0171990584679469,0.224344156150247
0.203238891822717,-0.32556611704937,-0.00504140511198191,-0.0309985094238695,-0.0457671934461129,0.0661505811389941,-0.0174998285481684,-0.144218346692186,0.191760098153669,-0.00821264008627424,0.274849310518543,0.042221593386196,0.204046707592185,0.158127542484372,-0.00491067117714082,0.0422894925471562,-0.174400588686349,-0.00590597626049866,-0.143424647057285,-0.105368683340967,-0.0226673280542042,-0.081814647885683,-0.185850118267002,-0.128395262536116,0.157253165571213,-0.010364757025032,0.0835226399575854,0.0369158345836388,0.361053504646088,0.100479037193168,0.165805683785561,0.0610554522346615,0.177850589404487,0.0615118556457956,0.0900857796614357,-0.146816773460171,-0.0583612045388705,0.152611532394759,0.101927334331081,0.0973035968148468,0.00334577283718547,-0.247278617068043,-0.093551479749836,-0.0691926175238971,0.0198088063834533,-0.16626585337667,-0.0701961157679446,0.187056629638436,0.162670598181585,-0.153906231864678,0.0351332868543709,-0.0042439245146768,-0.200905030047368,-0.436922817451942,-0.325220896599969,-0.180981619718922,-0.202321770867618,0.00712610025266956,-0.140151770999169,-0.466641964248306,-0.281026855248672,0.0215244139821656,-0.0316167707168871,0.0780573504246876,0.223229239091337,0.228703119938218,0.127357077288779,0.0339477720456198,-0.0869193174435597,0.227221816524145,-0.0224211718162334,0.14126670254811,0.122999984500404,-0.0390869453374965,0.0376429463755487,0.268010720459379,0.00482091185003877,0.35835195362906,-0.139822774004377,0.0481479535688163,0.476039639328465,0.222189624750951,0.300059987260842,0.15241004088871,-0.0534190779453087,0.0117124071921808,-0.212268597295236,-0.111222073450629,-0.0756805623283433,0.0855191638741236,-0.0823040963443224,-0.0845386286963878,-0.231565621328588,0.295904643941241,0.186690764007097,0.0709815221921314
-0.108032629304722,-0.0388726309629182,0.0695173987700539,0.108255598370079,0.016460992394614,0.0276364445920034,0.0541607818710056,0.147111283508653,0.162687269217914,-0.046780308007477,-0.0131786634767656,-0.0420631444997582,0.0906734428154385,-0.0128574996281289,-0.103017330790183,0.126365058396964,0.0280991123023984,0.059228834648148,0.0165067923846302,-0.106724979784479,-0.0844028253596944,0.0445049352005161,0.12304656980952,0.191971685572822,0.308301886979886,0.00707626173313106,-0.124283068491521,-0.140180452234106,-0.0824385149870023,0.035375796784455,-0.103964213425218,0.0975821899418823,-0.0153664904042407,-0.246070622559487,0.0341039795483766,0.153924785335774,0.0791609894765508,-0.0116647205228343,0.0536300393379653,-0.00673370098123169,0.0748187118365657,0.0309477869262351,0.0471099609472707,-0.0797009203636483,0.00466803352771158,0.129925241793637,0.0249537283658344,-0.0261923940485452,0.0652311304449976,-0.0378332086889452,0.134647505017824,-0.00976092240044308,0.0114949446387005,-0.00370781225276345,-0.0303293529790511,0.176712007441862,0.122894520558705,0.208531822647197,-0.033487485223562,0.0277040162218321,0.0448719723703258,-0.0498514900452767,-0.274973720933485,-0.0313812684743501,-0.153214705205129,-0.147300879950781,-0.122210714397961,0.164500142100019,0.237942293959294,0.0508946076987741,-0.095860067050754,0.149406226895206,0.135733989259431,0.0999955867790637,0.0547803948296879,0.106131049574948,-0.192070567649906,-0.0676093920004883,-0.133513695310451,-0.233885515643704,-0.00628527074445871,-0.0470643207705598,0.00728843638780245,-0.0882731038764868,0.0527293213200705,0.0994989142800124,-0.010209318766774,-0.0132421593513527,0.0635999896370835,0.00571839828689333,-0.0701930047200996,0.0648504199404386,0.00748489848035739,0.116257613276245,-0.00711949110570651,-0.11472231790683
-0.0716637814792723,-0.0577091529020502,-0.0555458059854269,0.0557087369776921,0.00917519294578809,-0.0955493010653353,-0.173002357898015,0.103059838752578,0.0395242144483864,0.152168692316049,0.0283849890033513,0.0774500429974392,-0.152401661594388,0.230180722321991,-0.0816605205843986,-0.0532110344253968,0.0581507745117557,-0.122450142906082,0.201403090554994,-0.0431627811247358,-0.117688059554209,-0.137971272114375,-0.153667140533281,-0.0299637903494643,-0.0639431452778051,-0.0865132126604432,0.0135134563326842,-0.0499149282888249,-0.0840653413226468,-0.108292041158846,-0.047969464200317,0.00775513198714765,-0.128205868007913,0.0892918897919392,0.0514053491053503,0.0269610161791426,-0.0608386938950965,0.0011138346561241,-0.265615230592303,0.0925868419578129,0.223805423573113,-0.121181872944218,0.148673714824345,0.119103861889758,0.107816511647439,0.208401927102257,0.0596235835881422,0.176168548441941,0.139075320157245,-0.0331433634073173,0.00244946144248636,-0.145085684868444,0.00409658511734978,0.040160567477011,-0.0379654338629841,0.0612251074074208,-0.0204764617564964,0.117026768848651,-0.0465417596086831,-0.156397124451715,0.065653551266453,0.187249248277039,0.0171748257860436,0.139336317627168,0.0462253503430271,-0.0488934799102907,-0.0300807959834279,0.0452429016018472,0.0909939377007461,0.0730063498070105,0.0248440244285043,0.0505256309803726,-0.056421734553532,0.158335134302127,-0.13865104177537,-0.0447440352834584,-0.00190269029902048,-0.126488040851188,-0.0121368367093725,-0.137941544976257,-0.0535730264522304,-0.157515204315768,0.101812373491181,0.0464515993904405,0.0746366484897698,-0.0619859008670902,-0.0414262826613443,-0.00816142161159124,0.130360324535477,-0.0548612919090853,0.0107214761379697,-0.125144670866184,-0.0974702244513398,0.130525752882673,0.099966138173931,-0.0509051532842452
0.0189132797126801,-0.00985167225137845,-0.234582083590117,-0.0626001166163318,0.268831022936089,0.150241973772174,-0.0367148313366597,-0.0937683341125802,0.0232814471395977,-0.211394365771799,0.0578960009272123,0.0672780815253857,-0.0489270331819719,0.061175907896016,-0.0219601017463285,0.0130723498222065,-0.0642721987154481,0.00587100540044678,0.0634629639893667,-0.0152495718413231,0.105716866456194,0.0214689367113719,0.000735801926581889,0.0799314302022355,0.099588176002285,0.0702002567894105,0.0702686460437111,0.12726166767527,0.146462351752727,-0.131646142454067,-0.0884629175347185,0.205996564212052,0.126026626290726,-0.0133778739624098,-0.231437341083668,-0.151126151706243,-0.153282067789782,0.107621706492512,0.118282886559542,-0.109386986694729,-0.0268681203985306,0.0155075462701628,0.140386056433031,-0.116117586983735,-0.110275625382912,0.00878484956661168,-0.119921363136893,0.317340792654632,-0.0788666535780571,0.00781208597373644,0.0320534301248654,-0.174203274446432,-0.312663597561758,-0.0142678183637043,-0.118834293925631,0.016599948089702,-0.00328213284860283,0.0213294731587059,-0.0119852059246483,0.00246879094158517,0.0568422826890084,-0.0185768193434154,0.166322438170107,-0.0490667474556804,0.076903950183255,0.225052032016015,0.0475882464427141,0.0290327862183766,0.0820436228837414,0.0387915999878012,0.0773523815928415,-0.105604897849661,0.150253570707096,0.0436019580468035,0.0128813610330729,0.140218075962951,0.00888204751928648,0.209580267276366,-0.00225381686983603,0.0806500411872083,0.110156107930003,0.183347289969672,0.123000025489572,0.039452369427416,-0.0178640570528634,-0.0167664241547937,-0.0576808460226858,-0.226580424996168,-0.211468527086245,0.00440478714649646,-0.0106638027152173,-0.177993903436312,0.0411503437496547,-0.125332025828757,0.0531270923623842,-0.0933160657788796
0.137082034851631,-0.119216564651287,-0.0947732690833001,-0.247452840483198,0.0856166043988021,-0.163123741082246,-0.19421471569401,-0.295320910660588,0.186687594290975,-0.0129705065179559,0.305081449923499,0.411928764686176,0.249339995683466,0.461489002944078,0.0143247891058841,-0.156206729717329,-0.595231774636543,0.195533803974533,0.0210334109564451,-0.00960380233879009,0.156511089013664,-0.0536610503330584,-0.0294113039525543,-0.154918470962523,0.23041055350901,-0.136188229585925,0.192578425155245,0.346447971476448,0.776462128448886,0.15277960914214,0.253158411484804,0.443697731913029,0.515047959840015,0.636848834076701,0.211756960716177,-0.313895466167649,0.100996070857424,0.308580307989661,0.675680458724362,0.125962341444824,-0.363735765584249,-0.44772322947675,-0.184679991572874,-0.267982485627883,-0.370349342985894,-0.204630653704008,-0.261965845103051,0.0747399478533918,0.371889934429835,-0.0651609805489951,-0.0783839775738216,-0.21047419397244,-0.613781178807074,-0.724355532536609,-0.699147408048812,-0.352970242152494,-0.406469033572292,-0.231143295578738,-0.353073253767102,-0.56418077247621,-0.361708513707642,0.169770738992914,-0.100151674694559,-0.189280125658782,0.3133488440457,0.368885327950871,0.352215319079157,0.212509719037105,0.399924319226534,0.277867809266687,0.315282767810106,0.27635661785298,0.563918372814901,-0.0184919821150612,0.226690553847749,0.480194286260722,0.325954272331207,0.469129979217575,0.134832981918076,0.504094696320502,1.03996306139251,0.721885177568277,0.868364353967415,0.519382726822025,-0.297012917745921,-0.504524112732452,-0.506511148606223,-0.4294407850734,-0.190704691883523,-0.289040813304559,-0.1745930695183,-0.295222172801237,-0.24604344828931,0.270008234007102,-0.159522245101967,-0.571768972801276
-0.149258855829793,-0.0373190190800839,0.000514499694389921,0.120508074581152,-0.284857406012556,0.0635598823603144,0.157013434266299,-0.0236781878708174,0.0994434336607743,-0.130936640466835,-0.123093344535837,-0.188447945373852,0.061386619020056,0.248690541565622,-0.102530185981474,0.19730533877056,-0.014559658575237,-0.022871518792906,0.0393794844973562,-0.0856062476965058,0.00586072726608703,-0.05959123890683,0.111479057811797,-0.121631196413996,-0.176261690130859,0.238287039874985,-0.170200450924636,-0.086626634991046,0.00308268050247094,-0.0904381367062369,0.0638882703478793,0.032562261137853,0.0853133605554503,0.0168845163547206,-0.0930144837520705,0.127559063011732,-0.0645771798526903,-0.139693835136759,-0.146420073224048,-0.0597400994098338,-0.150923381521162,0.160205205001233,0.106922812091686,0.173568587581919,0.193652656303127,0.196568177437611,-0.028671222429355,0.14227491806893,-0.0349127706417761,-0.0304466413359634,-0.107075799742655,-0.106013122615029,0.0153058108283377,-0.0605298869746795,0.0453144135885097,0.164307756909337,-0.0482793132350795,0.0995939581370991,0.0680895542024311,-0.0296726539589701,-0.0502386005180507,-0.136944194749892,0.160927963423966,0.109149816331137,-0.036789973673709,-0.0512026317172807,-0.0199969242211925,0.0790862742545572,0.0922118699253301,0.00691477393896865,0.0561567355720768,-0.0851338451577089,-0.276754148611517,-0.0429851891604871,0.0161332393708741,0.100400405114266,-0.00992859163296415,-0.0528481266075779,0.00315727714513613,0.00412602083173685,-0.071539931560764,-0.0696136692851954,0.0537220763750867,0.0680389561890304,0.0757331599061752,-0.0246238854443938,0.0208373817314027,0.0190376754634318,-0.0167878289034228,-0.161969506826796,0.131777562196654,0.190562125257544,0.279344557082665,-0.156789726850689,-0.0185075347733759,0.00237748915064814
-0.0289916449159959,0.266708545190473,-0.147977768581484,0.124868153550871,-0.0711780170726492,-0.0433841836390767,0.0891938412446159,0.133511883752869,0.103050632770091,-0.0456169977776867,0.151006622782508,0.105547693044033,0.160190350364167,0.0289745900266659,0.0999455077795337,-0.0764756346478671,0.0184803434456593,-0.00796583730007171,0.0688032520896786,-0.0426665436909715,-0.0355525527583462,-0.0765975231228259,0.104555174816549,0.149943341686467,-0.129809434231837,-0.100976405777386,-0.0942586793993375,-0.0523574448906084,-0.0580547061022524,-0.0784615706730883,0.0216804610970768,0.0313428728420174,0.00871000863509072,-0.0523390592986388,-0.0350787626836642,0.138546749217665,0.138066552464661,-0.175014394381012,-0.123394865517335,0.0635426762633868,0.038240472500597,-0.0238406937860605,0.180636484417253,0.249043319492527,0.0333863514015192,-0.126922966747603,0.0497321046045551,-0.165168332022158,-0.0204638656091574,0.138043537724592,-0.118348479658983,0.00161730759838668,0.00166641399702323,0.112124232130573,-0.0258008815182881,0.0415486756100102,-0.133174090357596,0.0976475584132304,-0.0151989200857078,0.0279735514577118,0.112168816427105,0.116380555311956,0.242247230932087,0.00981754051723709,0.194279194758581,0.0168159676894267,-0.126896755201758,-0.115489524058137,0.0471761500465007,-0.00873602492798608,-0.0480009820892897,-0.141695275688776,-0.194739728813889,0.0986033779972452,-0.0138159344541197,-0.139682402528242,0.0931802808686733,-0.0707788936040566,-0.131933341053257,-0.158212985810469,-0.0512312974310855,-0.0897452322263018,0.0176891152339194,-0.221986303359023,0.0951110553158226,0.00998472132286905,0.0326219144665792,0.0851375760314699,0.156821286200496,-0.0125438645542872,-0.0193242136854189,0.017076983574944,-0.0573041245075913,-0.0243075376302433,0.172235160712117,-0.0234431015625459
0.0661123638404157,-0.00354525092766106,-0.0507229622509418,0.0724029907357046,0.0603912277121122,-0.061067742735031,0.177242376431952,0.050286995707978,-0.024732469246975,0.178018396551096,-0.0579989431580416,-0.0514758919959164,-0.219549895268771,-0.435407140250089,-0.0368975340559454,-0.0849478485615396,0.137712070578321,-0.0193180561838603,-0.0984549580303698,-0.0811628144308948,-0.148754163811655,-0.0916055222086216,0.0732367944475453,0.0964252332000902,-0.131228046714243,-0.0132961292708572,-0.203280358006233,-0.267847737557208,-0.27376131296626,0.03187840054972,0.0330387202178569,-0.27197444460616,0.0369819077014914,-0.0348971571096693,0.0899819942448313,0.106337245349437,-0.050234008261144,-0.00900804551904362,-0.22482594303682,0.00802650256091381,0.0118908515547902,-0.0446829972807932,0.0159459669575047,0.300524568213963,0.206922900845008,-0.0258689662271968,-0.152231046940967,0.021126375829661,-0.0683184153758767,-0.0713280212896797,0.155266799910892,-0.0233404451012113,0.13422393001119,-0.0618926794708478,0.117466309767541,0.159219605149693,0.0397769693428418,-0.0194385480176548,-0.0190015103775293,0.178748760329668,-0.000583430345756197,-0.268052426503707,-0.0168862914966885,0.214901021428001,-0.0295922202789116,0.00984382118104105,-0.257459218046081,-0.241514543916549,-0.0417771773068233,-0.133717202149194,0.0447276880412478,-0.028683488275206,-0.0693537014329244,0.0677128034911885,0.00662778461724598,-0.2489494850159,-0.0792964325653339,-0.11325159928475,0.132240069762882,-0.1196787481196,-0.204592454526338,-0.305266386368209,-0.235018457867683,-0.0560088034346609,0.0272903656152809,0.062908335964396,0.040965261806474,0.141251549632698,-0.0697500484160806,-0.100141587093266,-0.0770432215913581,0.172165724964789,0.0725479208253186,-0.0614084680384919,0.00674704256960071,0.256037942208198
0.288394410848113,-0.189151870778038,-0.0272780811147519,-0.253810996130984,-0.173653958059032,0.0057205259105888,-0.450529840421552,-0.371315997371532,0.249074309751684,0.131019243386883,0.469533483218697,0.348413806614077,0.313820270694582,0.551010357921268,-0.0492597790108908,0.047971849936405,-0.592787972039459,0.446261004327542,0.2323456259244,-0.0940914652020884,0.309533629410345,-0.226920995210775,-0.0227747258829488,-0.202031407548418,0.423495672000366,-0.324224135333302,0.317455224353135,0.607008925855075,0.907196144531803,0.470932716149594,0.458904975425135,0.686292735648584,0.581716997141257,0.738335062643425,0.124945305918151,-0.66795501892452,0.106945601965067,0.642977519624875,0.971499980105422,0.162522701797649,-0.534680870538416,-0.418959486585579,-0.321938545478206,-0.383793438775522,-0.430561730553517,-0.469757505646413,-0.231676834168657,0.234748527540571,0.317190427063195,0.0576261539758349,0.0471715227992221,-0.400584671255247,-0.894449101116579,-0.860874087417801,-0.750237279249018,-0.60289629476529,-0.479371116654445,-0.450489940471997,-0.535304066144175,-0.797283318306209,-0.580983871777361,0.375555375371875,-0.0662871663205104,-0.184880154754678,0.244672589415801,0.499006082354894,0.503452508812261,0.328574589332718,0.478214017904632,0.547342889928549,0.359923286350127,0.519318131791298,0.529896868925331,-0.0371711549264458,0.0649320202484802,0.63955163019055,0.234024699461012,0.620287668545283,-0.000283334656768747,0.527197629500216,1.38744294534815,1.22623788305072,0.98081046216169,0.635136311878575,-0.384248753743816,-0.36105812835449,-0.698983486185263,-0.557992718784333,-0.229028287659587,-0.0885113088776344,-0.247354330541753,-0.548174345918691,-0.528121315975761,0.200773039193798,-0.310649528531838,-0.466859375079025
0.0131829382524394,-0.0960411980910214,0.0745519981586344,0.148675392556111,-0.048170398029823,0.0322231627971993,0.114312999557622,-0.00701763457698436,0.0609197903499823,-0.0403704662818878,0.0825513281701996,0.190913887325861,-0.161855321737051,0.0931245058637121,-0.127376211426633,-0.055616236561438,-0.0278484571701036,-0.10513820921709,-0.153209110956161,0.0326633939756987,-0.228606665614736,-0.0136877531754785,0.0300350712124856,-0.0300799729770367,0.0246859522862212,0.133660936878375,-0.103555091742526,0.0898251312926536,0.126696502121455,0.0708417123762276,0.0227928289881569,0.168513331380141,0.0503156819222671,0.0923268269944409,0.0643770489555388,-0.133587325634637,0.0560242589208921,0.0918150496498491,0.0886548376436783,0.181919417003623,-0.0133046107415115,-0.0602696624369711,0.0290129176934974,-0.00323136023747188,0.230169363144358,-0.0596653790433983,0.0475966256373551,-0.00997312189154317,0.0490831511945339,-0.0605350325958811,-0.176163292407806,-0.040675317351974,-0.158848019585367,0.00200275665239286,0.0390524947977733,-0.110762708542494,-0.241848670476495,0.117654219254233,-0.137903800053812,-0.0241367470376167,-0.0210668705597366,-0.105492875855395,0.0514061485462409,-0.0668220476042064,-0.132392903648752,-9.89086943706322e-05,0.133602608436171,0.0450399372769404,-0.0756204183821105,-0.0639026343734334,0.0803202618025372,0.107332559101649,0.206487463605558,-0.120228870545125,0.170793590268942,-0.0100175844923521,-0.231747511110757,0.0892499719381587,0.0806268886500731,0.10735433017975,0.108850133346631,0.166440365639814,0.129783908889467,0.297051472464932,0.10541532117363,-0.0693176441306405,0.117538905484448,-0.00596184333158221,-0.126524493980135,-0.105898066262006,-0.11167842424074,0.049959758945162,-0.026555940947389,0.090340968835422,0.078087992177865,-0.140409120161593
0.221258211437191,-0.253780298777625,-0.169025128892747,-0.355072690260566,-0.0772444677596332,-0.182180344052096,-0.352172722481419,-0.405338697890606,0.208782628071997,0.0979589828904757,0.531540762325936,0.280881027410781,0.296444410875479,0.358574728318298,0.225558141627264,-0.0190439043500567,-0.583551633386906,0.305833387859508,0.112742845756854,0.0436587616940102,0.338671986000688,0.019407123984368,0.00555534589693325,-0.186365694338133,0.284325489683047,-0.34003821378352,0.269914259704031,0.470054995132462,0.673305773890888,0.492846440765677,0.436155699139692,0.870921672007235,0.282438448639336,0.571502745492749,0.221892131134992,-0.695261430002032,-0.0399369936982569,0.516453560308219,0.767758148769286,0.0548013202633606,-0.366895955420528,-0.603710984149001,-0.155199574973592,-0.464447412785637,-0.209355709354192,-0.278467987120542,-0.35637450044837,0.208675251346217,0.509748250653142,0.0703278820539785,0.0667293416241682,-0.327106183107579,-0.52854554379065,-0.81292644876485,-0.696813342101264,-0.331436542337586,-0.477187227326401,-0.177592856159582,-0.406802330027222,-0.799064345513538,-0.399839205831381,0.177471953229595,-0.0985830923395033,-0.274385437649224,0.114171129555585,0.615189865728842,0.423154286188469,0.31122271599542,0.249486671960336,0.459525030095234,0.366173109121149,0.662728203954517,0.499793063763557,-0.147760724027154,0.0528856170493429,0.656539657479048,0.270304656936384,0.410291181690841,0.177300162471163,0.522990440651735,1.06148366164792,1.1154789868623,0.891245638126644,0.488801820639424,-0.402357635335026,-0.479160902842477,-0.513921964810369,-0.363678892134456,-0.122460851849613,-0.0324978136464424,0.0340221997192654,-0.256688309678997,-0.463454175523559,0.391923061228135,-0.431166631886022,-0.624004113582246
0.172691663385533,-0.109572293100627,-0.120900669556282,-0.127610638651211,-0.0529291849657589,-0.147073331333967,-0.364714819005201,-0.423330097088139,0.271126990324439,0.113326199828874,0.414027815198519,0.286158347723266,0.507035515978647,0.365454693163267,0.128320208256912,0.0945574728810476,-0.389726004613327,0.298934614388317,0.105755690587039,0.219057765204306,0.288085813474605,-0.0320715138335035,0.0201986605379723,-0.183380528271696,0.372180037372779,-0.230341710277428,0.398282797978579,0.498294058683789,0.697043957731047,0.438136032386268,0.477933919431667,0.570726851442307,0.503239362380708,0.678907540219051,0.0416417887883256,-0.482396945563349,-0.0131719166819776,0.235871463293412,0.778518696516518,0.366312394090282,-0.258850683822344,-0.504021018098656,-0.111585389556505,-0.548690144668513,-0.231154736344367,-0.330941416215191,-0.463506100395386,0.291575161943994,0.179868037032063,-0.108272118199164,-0.140127945890284,-0.445342194891443,-0.61132046436521,-0.761465048220169,-0.694147396603892,-0.538975355160972,-0.436993858253143,-0.347709147757239,-0.327057776140578,-0.76661361404878,-0.261662546844003,0.226402359166089,-0.103639185021844,-0.144348826699099,0.072222412525608,0.359096188435671,0.377737669657199,0.178906676222277,0.491351145863394,0.420947187816188,0.368591649749677,0.380781671998881,0.40520709491617,-0.0163847930569178,0.0487984865250712,0.314134445769616,0.217667612578831,0.524436799960473,0.0424930688830452,0.418008550244757,1.11829514677439,1.03357153505858,0.809768783806452,0.355896956298893,-0.294319813170637,-0.460646857236331,-0.438230843778289,-0.714645437073882,-0.350378700162694,0.0426597158038586,-0.421738751581134,-0.56108414037494,-0.428854705797157,0.164004877642075,-0.187642410219576,-0.421761037052427
0.266967057804428,-0.0618501625839543,0.0365866936123322,-0.191684903396939,-0.0371782114835247,0.0389716999592024,-0.132714190108862,-0.0682893087706501,0.180807997410229,0.0141399244377566,0.120125776099024,0.243163142971884,0.182350169908062,0.0986039286575766,0.109927039070623,-0.243726040308036,-0.384833037478445,0.105022207334082,0.0778197381518544,0.038837440471956,0.0634395039933755,-0.0344588888204861,0.0597260194659454,-0.110650558405853,0.184869553257103,-0.107647487627473,0.193223451694156,0.160640126675421,0.21723040865438,0.176782007856761,0.184712633378338,0.218654950279745,0.281478974579711,0.156154438045319,0.23826292328686,-0.137130599161077,-0.048859509795419,0.0672081284782576,0.397545975061091,0.192633897561515,-0.13497775099474,-0.226935315706217,-0.0829264968015526,-0.0942336542003837,-0.212734045954369,-0.212863421490344,-0.162869975918502,-0.123515318731182,-0.0342844500537724,-0.0527128068846054,0.0183286535178836,-0.041437906754719,-0.253343787895619,-0.43273607072481,-0.0765074071757704,-0.0397106210111214,-0.437820915429762,0.01692441088434,-0.0292714297899341,-0.380339971101372,-0.0140177993350027,0.150523087947567,-0.202714353334363,-0.10530778444746,0.281349710151004,0.176492381110755,0.0637731913866177,0.179983383766528,0.175715051149731,0.223519600443432,0.17636865635939,0.11825295841752,0.2093279529379,-0.10153235676131,0.0978959184245844,0.289157711943242,0.168207539558945,0.275444032384858,0.0955746688248418,0.105885282648849,0.496729098376102,0.382459643252302,0.497734470968348,0.311561421864075,-0.0293264947427133,-0.240934690214061,-0.256505444109762,-0.161348666358351,-0.115575420747675,0.0169014199347619,-0.0983318811565388,-0.199406182723056,-0.0949392169920328,0.0999226301593111,-0.142780643906276,-0.0832722816658753
0.139033882595593,0.0505930893740029,0.000218774903863524,0.0353316843498214,-0.0194324064865098,0.120384670421914,0.0194293033437688,0.247611267023537,-0.136375675650868,0.0700066103739785,0.125347093272021,0.0582990072559749,-0.178157874295429,-0.00239218151203917,0.0460743382956512,-0.0189072036073798,-0.0334502568418975,-0.0922728287451774,-0.0274311202166928,-0.0994844133878608,0.02074167983972,0.118971638624698,0.0592093932318232,0.0910621965698907,0.0365501514706861,-0.0324668002645432,-0.0893366355740816,-0.138627062133763,-0.193925060567895,0.0603045554193664,-0.15938076587116,-0.0830304580201062,-0.309626659673655,-0.0434370937860815,0.0137956322536754,0.177075062465422,-0.029764231546907,0.202553579454958,-0.46307851319278,-0.0650978747272196,0.0406928018592168,0.0811266414479417,0.0705213038138495,0.0640531749982017,0.0151612007508272,0.150760475118381,0.193695956635294,-0.108268737428294,-0.0295806757764164,-0.0729777175685936,-0.0765721280919046,0.118130996781061,0.139341154710107,0.207785118931517,0.0244378758540915,0.0659907269007391,-0.0251636903164859,0.167986011080362,0.124357863185753,0.143065341831713,0.132326257911804,-0.111285356378921,0.14329578894193,-0.0744133531939996,0.0306692046224176,-0.0854667624617243,-0.263968465870551,0.212391089517774,0.000714089143640184,-0.0876563520880262,-0.103591971557304,0.00925456234890053,-0.187571626948863,0.0779493383680234,0.0604922138075532,-0.215409054539797,-0.166341143639638,-0.163851131675668,0.127829358894494,-0.1112045523423,-0.402263543122034,-0.149784693352311,-0.234794464931804,-0.0207485227194807,-0.00373969530847272,-0.173672977683462,0.171229582915583,0.162055995515818,0.000364698181539287,0.00348729242739727,0.0925491915904912,0.214946071481171,0.0276686821622788,-0.047789590643462,-0.00381291497045536,0.0242048661156125
0.198936603102925,-0.22884155584336,-0.0561384946625044,-0.309832426042337,-0.0277232987288044,-0.0504014311103393,-0.341883729460231,-0.268455571517034,0.329135846612508,0.00797783749651375,0.303866279374008,0.242027578997991,0.406501833747871,0.307292667458654,0.210016354631396,-0.0256438375922697,-0.544832528715881,0.181383864695707,0.0938233418216052,0.0347822081754025,0.328352866379429,0.022455211562616,-0.0160090645748199,-0.0550042242431503,0.453165818867891,-0.325892720349549,0.381347680207673,0.514173927118627,0.99041274623352,0.26278025122675,0.38639538045914,0.571300698693148,0.531832251591363,0.383480042370192,0.0493617330799192,-0.574776569639008,0.261233372533395,0.433692248771817,0.733398862332485,0.174383124179963,-0.443850281591731,-0.390472843881991,-0.143000357476517,-0.224439996675267,-0.35185555549675,-0.375234151996562,-0.245756538572108,0.0796471078385329,0.366329101335362,-0.128290101500801,-0.105930238413817,-0.359374741925887,-0.708857679968877,-0.867221751864035,-0.754934303952275,-0.3801633448334,-0.283731262279313,-0.206553102531885,-0.230827513869415,-0.723522181190783,-0.374202215561694,0.243395004490222,-0.0827663482477612,-0.248265669940666,0.271067220475583,0.411065777296556,0.315952378911437,0.2688816265926,0.576445962141419,0.659291219217291,0.273087942756706,0.434804223604216,0.440364343888506,-0.0929898238284824,-0.00460214379640349,0.377016577901472,0.0941734667260524,0.394689709858059,0.0702163598833985,0.707756049368142,1.13565823431452,1.03633382269784,0.951908950036339,0.459189530516125,-0.124883447254257,-0.522232046363396,-0.540596749372904,-0.525753163603899,-0.212752980558981,-0.107621234119024,-0.155103588533645,-0.566438071362757,-0.470534020628379,0.283062944196195,-0.215546259728433,-0.482399981153037
0.0948798427552604,-0.00275592060866389,-0.0148373333867872,-0.32295424643488,-0.0125821422362777,-0.149281614466524,-0.0600910857946317,-0.378792229665635,0.147676174221335,0.0114380926974791,0.430540055393307,0.200015853250989,0.16899885475133,0.458743853421136,0.126295577913003,-0.100712097463122,-0.578699081656997,0.123693913499427,0.0135513296777083,-0.0518320369457506,0.329393827032226,-0.0266728550340307,0.0759946185251861,-0.0642431267902611,0.194378910373866,-0.225210991604316,0.265192745921692,0.383931869980689,0.353541831300994,0.232930751995039,0.130130139174215,0.309151473958972,0.199218827063023,0.462176494698706,0.122168082033178,-0.438547170855728,-0.026847504132292,0.228703049141908,0.552339464489534,0.169837896707175,-0.180705019163468,-0.288017102746157,-0.277666894102537,-0.176133936827331,-0.156223087334642,-0.216193886277244,-0.126906198862821,0.0148761030515368,0.280500441845843,-0.282719328532366,0.0911872128644049,-0.360761088378151,-0.622671540904037,-0.430907498496064,-0.542949482177799,-0.366057611079115,-0.30317442549962,-0.148335759371561,-0.187850588636217,-0.652370049848973,-0.349567939032116,0.106890935166829,-0.0852916786307358,-0.262172130549202,0.19276891492659,0.321868806910615,0.221541426790029,0.2398984384688,0.25041212495497,0.421290904902267,0.24887772596584,0.0747205579066289,0.514125986898565,-0.0174736470146316,-0.00448213915093448,0.430215296227761,0.0247212084721406,0.415462161795287,0.0113713793254892,0.270307234230143,0.759860178805969,0.800339720152161,0.894418703069575,0.472822923407376,-0.226862692887421,-0.307014801765623,-0.247196994403936,-0.256136722447345,-0.314530061539625,-0.142594642026457,-0.0438653607013373,-0.265756719116377,-0.201820641045477,0.265083682522427,-0.0879042137692136,-0.367394557803888
-0.233471749901499,0.0364262240807125,0.0536584668426808,0.28765170271146,0.0511125525145607,0.0215315673093218,0.177333852552,0.0642714035985846,-0.232755184396144,-0.170064433709029,-0.281460524803116,-0.234803260788266,-0.335457504303234,-0.29635724614416,0.0211829902962237,0.0105677914644992,0.245025420742919,-0.389923276905512,0.0451518061913913,0.0439268512491677,-0.217876318651988,-0.00991400591991554,0.0869994806424734,0.320409590091237,-0.247837969945834,0.243519787038512,-0.107580415386771,-0.412860441046396,-0.416725933118586,-0.161890200701146,-0.355008027470191,-0.511637792331277,-0.112153970433779,-0.494082173510436,-0.129149270616004,0.421827287815603,-0.00889688872907812,-0.202225370173597,-0.466488445594361,-0.0482409183572062,0.321815841001788,0.256985590269113,0.0939797184746695,0.247134223057565,0.335203432284344,0.242223314856327,0.245180869149412,-0.22102507552398,-0.284957067943261,0.0442144492292882,0.118912719849957,0.207743744352634,0.485891273021165,0.392553030090155,0.468490798767156,0.262675328296878,0.234489689080431,0.0969834240822519,0.309743152451467,0.595938612336221,0.354091037044757,-0.230733297710592,-0.0660359853389875,0.150268954801491,-0.135707774674003,-0.394128408736081,0.0190803096030563,-0.194899000950867,-0.366804604665915,-0.344374321901806,-0.276694897435713,-0.455391938372507,-0.271880981139828,-0.0764147212568727,0.028879029605991,-0.377533910272014,-0.216315205389216,-0.563944270592918,-0.0174138231629958,-0.370231097480047,-0.740184780892117,-0.574222453996703,-0.5846362185278,-0.321473574750106,0.149742292193572,0.368918001478868,0.519755539745173,0.323487477693497,0.133308380127164,0.059433287785892,0.197679642866109,0.454591596837741,0.249034318385443,-0.0985215549915629,0.215791597734276,0.365254765320943
0.268545682793556,-0.210519268546252,0.136166769963485,-0.148371570291395,0.172591849202899,-0.145121983399662,-0.247442010871191,-0.194948957164554,0.0880355406484715,0.180669867058539,0.601404544614721,0.371523215260784,0.319337770750154,0.424573617539897,0.100577617829971,-0.0517319470403592,-0.492151386410076,0.246575424120807,0.209406597509832,-0.11217192864977,0.345112369826568,-0.106977932870161,-0.0800199004063594,-0.231820503743094,0.433241661402575,-0.353454119504388,0.387309208723879,0.55155498903467,0.768851325617749,0.403210427769056,0.295982407443245,0.632632306041159,0.535220994824844,0.565309591077852,0.0298678548675848,-0.369134608605783,0.146981364305531,0.335553005622515,0.745245381148157,0.226781722262311,-0.536823348040239,-0.347459105245675,-0.212645243284042,-0.277739292604999,-0.339156029728185,-0.377563142896204,-0.260828845969151,0.40455039940611,0.275466264646411,0.00760123944374778,0.0385651698434144,-0.0490338806584499,-0.676617541991581,-0.611501385159004,-0.614238069883422,-0.357509972127665,-0.559390606503478,-0.192600297059871,-0.28352047804072,-0.864252178037956,-0.599500453625424,0.245009042645409,-0.022512806564623,-0.356251924347768,0.220720965179294,0.33084823749573,0.258681175412997,0.0527856911851639,0.261159449644821,0.595252617389144,0.372074773324646,0.427302792771652,0.52689679614348,-0.0941072348850057,0.0155618226188952,0.425570593327899,0.107866553237106,0.611621433828326,0.109720777717537,0.31115662946873,0.836833544783128,0.808317712658981,0.993771936698171,0.508303507920727,-0.126367092963134,-0.419117999583588,-0.4879728127395,-0.566171081488979,-0.149410439592022,-0.0829677265125517,-0.319391749197644,-0.576734084500342,-0.395677606513071,0.465120341019755,-0.291970298706352,-0.487308032266699
-0.106840132502961,-0.222453838649668,0.110186651618358,-0.21131840918369,-0.149056604997632,0.152710137751141,-0.0557242667336475,-0.0760362174009274,-0.115010265469286,0.261147337667366,0.0408500815193898,0.0467101091236263,0.128074923169728,0.0225840583043268,0.0707505817195096,0.0182829083108212,-0.140415223891655,0.116551342585713,-0.0323270519495727,0.0532285665574709,-0.129940978234277,-0.0787633645491874,0.106768801078663,-0.0627251240224842,0.0248342405788283,0.0766206156906103,-0.0410310375539339,0.137053943566681,-0.0567614797902929,-0.0113961098460844,0.0817712208127357,0.122313635438588,-0.042853640430609,0.251693592435307,-0.0467730765481828,0.122804355670794,0.156424347156363,0.149284808117321,0.0245242292137232,-0.108082812906251,-0.0785023325467599,-0.137580670685544,0.0461749577023687,0.0676093972064286,-0.0806728532867725,-0.136937014989951,-0.324725458303776,-0.144135867491083,0.0517698894176274,-0.0470204411424503,-0.0673841848495795,-0.119376205729785,-0.0310050758993713,-0.126536734831519,-0.167630564976869,-0.230662332313497,-0.0108076049024094,0.135838448260429,-0.0232000274895162,-0.306625618975552,-0.109869945696828,0.103735179634898,-0.0687998940242977,0.0797163774976362,0.103762537919232,0.0459263947134768,0.0269047891735677,0.103215619463339,-0.0177767438048887,0.316412203977506,0.0531300784783335,0.179177549144426,0.176858395396229,-0.0203385922707035,0.00871902429196493,0.0627046932098355,0.190922893650897,0.152048148362068,0.0837975833030928,0.204660088159972,-0.103865909180462,0.131698584093946,0.275954280832257,0.123833579163222,-7.62400920582135e-05,-0.00307279145663131,0.0506836340306283,-0.317740469009429,0.00113843545341511,-0.0533185043932901,-0.0343508598087995,-0.0870760834796532,-0.0858271446749812,0.0932316835926904,-0.0124725496435534,-0.130824798746396
0.293317011766173,-0.275766590349714,-0.0260565152454938,-0.0757745731625457,-0.0206954454376223,0.0312112764131243,-0.15258506923324,-0.135627573918637,0.282929178049649,-0.0325370770140181,0.507868862271427,0.292058218270957,0.48096925816445,0.151198678275099,0.0210368138238904,-0.0573611553827976,-0.360047262285125,0.262655813489943,0.193920650563189,-0.0037173600373776,0.11772902095242,-0.30749070840461,-0.254492256264307,-0.152372829721377,0.483025996353122,-0.264311778087389,0.105432415504533,0.316799652417403,0.628984416090636,0.491798644376305,0.184462644639219,0.669120856696938,0.248637472815374,0.2845403251079,0.160707976336324,-0.52580181442168,0.143803391119932,-0.0401771465646821,0.522325436639305,0.160450998125643,-0.187588808051195,-0.225789781481439,-0.0689867781258902,-0.2446724393579,-0.30227702497386,-0.30716456735248,-0.211552232382113,0.212823947865185,0.115738769658897,-0.186053274992521,0.24121242318423,-0.356058785830448,-0.575010641838724,-0.732374044397381,-0.51216824724608,-0.301089943657665,-0.355238149192038,-0.177676873651303,-0.351117011824356,-0.639922550613711,-0.300624738029893,0.168401675889196,-0.00232168308144261,-0.0284296971804763,0.0955256630431131,0.440914872146088,0.140753669818871,0.172663817629918,0.340104851607486,0.353599284689143,0.291183827521756,0.31498029575146,0.359434962240472,0.00125360446096945,-0.078052545046042,0.461878556169358,0.36373550737246,0.662477462664579,-0.106334329948237,0.462571700235905,0.996619773331989,0.749641455749253,0.490720340117706,0.376696289617254,-0.210905617420096,-0.204780803848571,-0.477280567472696,-0.344029719338247,-0.188063161828161,-0.299037818178964,-0.152090621982504,-0.163998752073416,-0.415367623251579,0.146807811297552,-0.298401955976693,-0.408706020599044
0.0658249318613741,-0.0817836131971404,0.0612034478488548,0.148896159592259,-0.157492531678798,0.0681716213785341,0.236837107847058,0.14496254194054,-0.120192142630734,-0.140779951306339,-0.455593829910471,-0.239160889007842,-0.368103743782143,-0.283664941935144,0.0598279546343782,0.0699263700840181,0.458736447448774,0.0807358713405658,-0.0724071289055321,0.0902734583408643,-0.112432593680256,0.0185652716759262,0.0414812557737101,0.187051603237179,-0.330511440156834,0.184690725633252,-0.25243725560282,-0.316016075914689,-0.438162190393137,-0.14713261711814,-0.420368178364466,-0.261724073785883,-0.253743247974383,-0.410327026309905,-0.114726427353744,0.422006926894022,-0.0934182464763745,-0.142650953174222,-0.494949387523517,0.00379021788277643,-0.0393904567386961,0.305439899531095,0.0977767234580851,0.145184789447214,0.382244336749625,0.143248339167203,0.0639301559618446,-0.182809658614219,-0.105485953955776,0.110224152410353,0.0280412515223038,0.0826566239774992,0.380192988943434,0.34983952820322,0.575662736263469,0.21692851646447,0.12528695612075,0.194207679489009,0.299942542966848,0.34656991984041,0.179514961857979,-0.166236144641603,-0.0832995510772589,0.337019787806279,-0.0140093773961383,-0.370930088772261,-0.0910217493386198,-0.111621678043346,-0.222289763708817,-0.3003770375308,-0.283986939489779,-0.269437110121586,-0.279596665355679,0.0225072198743187,-0.240179278507668,-0.28141503486267,0.0512628903399108,-0.31181196125509,-0.0127358866557706,-0.391078269881727,-0.431761029987105,-0.609003948308305,-0.574011799375579,-0.355743664309952,0.192055244580097,0.18678544241903,0.280422329326904,0.345924200380276,0.0822499560426233,0.157705979349529,0.297804499341027,0.309916031340296,0.399855758109551,-0.228007040478327,0.262969241542346,0.325914138707462
-0.15889722397492,0.0777171457038532,0.161661762603192,0.422240939635152,0.0141737021208778,0.115320498278433,0.331754747321049,0.428423464766456,-0.268961652046544,0.104736042168779,-0.403060404614338,-0.35258922121508,-0.42485950946924,-0.388845115446558,-0.17117683235078,-0.00684794875768546,0.596401793482034,-0.305596182391623,-0.193317795637888,-0.123671978688561,-0.153254467098255,0.130396851330925,0.0400928478392545,0.133505751008118,-0.357942498168956,0.217395791137748,-0.442794504144473,-0.677275804820528,-0.987849253941989,-0.0578354456192786,-0.322369311575193,-0.639954892424377,-0.268589266137684,-0.482296063633762,-0.19109064979075,0.724772632961892,-0.041891367227226,-0.382143012001616,-0.891143128683623,-0.303280765210054,0.635771925984152,0.423896435904504,0.395145580483476,0.643895965957962,0.29218520430754,0.125124051868146,0.333052893931227,-0.325476677758505,-0.3747196561484,0.0927963810004262,-0.247296208806023,0.349486208599271,0.503452669802674,0.899354132611525,0.763095110824218,0.399531250573031,0.567214497149189,0.307031766740273,0.64768276961318,0.982799865617361,0.363911201733531,-0.12397523083332,0.0906426559521847,0.180233635392958,-0.401102745669769,-0.612374431208399,-0.477824228766005,-0.215459730418632,-0.422796526781974,-0.65306940570025,-0.313284248203811,-0.549855889279084,-0.561198079820436,0.088017503091284,-0.00794877617580257,-0.594084164866849,-0.305079418983274,-0.872597088077719,-0.0197232676985441,-0.659757509138331,-1.14458001584941,-1.04137981676517,-0.956281311976779,-0.576059457195983,0.276694764108968,0.313618608815046,0.86254022530968,0.831015041586573,0.234273060512494,0.127181011809588,0.247905289796794,0.462914766265504,0.431011581342759,-0.190269088041421,0.354395011256219,0.653997112860243
0.120239059723537,-0.129135560152816,-0.102814490994367,-0.170879556728321,0.155304719640464,-0.0153977375117699,-0.0906650408523791,-0.177864044627043,0.23692289143988,0.237396983671669,0.116266380293779,0.287725717240291,0.295462564750472,0.154100950576404,0.0114515016548262,-0.0612569800841689,-0.254762100457225,0.0876548668692224,0.05653666655337,0.226510962578675,0.0263641267602876,0.134347061055076,-0.00947687307317147,0.0228593824225252,0.296410612146429,-0.27677367259697,0.472912815937732,0.25796351423338,0.384212939211355,0.158257853470445,0.0645541303677965,0.502799631343746,0.252143686443761,0.352644255531448,0.148810535307315,-0.45626802279766,0.030049320831153,0.400549422909678,0.531613269216924,0.0465393088910946,-0.323694259828443,-0.392786146968074,-0.079193014338486,-0.212870195121747,-0.186407323209739,-0.343910143333651,-0.242839109697097,0.0568330177322004,0.0293790875986145,-0.0553847314952396,0.0419787678800829,-0.189041839515983,-0.461608300340934,-0.611580186785424,-0.511337651130609,-0.262204374094367,-0.36037320428803,-0.1656125038769,-0.328947341429459,-0.317281771531985,-0.292373645885733,0.174911355789455,-0.165068198381339,-0.187545687625506,0.156237915871318,0.317254637298294,0.133143224468804,0.139066043216604,0.187264217209196,0.437703376644359,0.133626732227369,0.32489610939835,0.365229099570995,0.0438568665926817,0.102986188621921,0.406467890168646,0.110882605141182,0.311083507860528,-0.0874076190376286,0.415909621626263,0.673895194485265,0.697476056488784,0.533551540438067,0.386393315265513,-0.0502637521028778,-0.114893381133264,-0.438378353905928,-0.385566446563722,-0.160654549742068,-0.153145863166769,-0.121865859460038,-0.316660532121581,-0.335872620031418,0.109747263063073,-0.146424032693804,-0.301877063876946
-0.071144282580373,0.107677459934761,-0.0106440485901366,0.143923035346333,-0.10124547099715,0.126738616261938,0.112877078875794,0.350653080525558,-0.108906596080976,0.0555781336564849,-0.154958368342888,-0.125499612649894,-0.0587628257103266,0.00988692639943287,0.0289009441022409,0.051187610467273,-0.0322177358334648,-0.105873355224659,-0.0994270806824464,0.0769886633654708,0.0396763629825305,0.0867557016887426,0.0355751941569485,0.277745479299708,-0.206695107439025,0.0121349936015561,0.0349881742294858,0.000159399958637008,-0.0580465271447677,-0.0645317849498078,-0.182917275109762,-0.0750005672315009,-0.188408596709223,-0.24636185412901,-0.028589222142452,0.239742275375624,0.158007234510204,-0.0261680693606301,-0.330156096083142,-0.161426525418677,0.147799810352618,0.107090177289216,0.0358804716815084,0.127308792693525,0.154398712808372,-0.0157789895965469,-0.135065563008122,-0.160448085733591,-0.0380498436138348,0.00490518425245804,-0.00271265325470973,0.108153985739076,0.00999667579393371,0.125106515113371,0.0644370267669678,0.0575890546970535,0.0405924456095646,0.108433355211873,0.366298610243051,0.277500734575667,0.065212277766649,-0.191298318355141,0.108104248802575,0.126733913947101,-0.0340152714804854,-0.132353797760215,-0.0457649727740659,0.0153001839527196,-0.166421265181364,-0.145789726270607,-0.192984398185251,-0.0670837985783434,-0.0255134900687533,-0.0155582710051071,0.00125558638370573,-0.151387397821328,-0.0810920759583786,-0.23001233141541,-0.0768892668379057,-0.168079057119721,-0.174204664123321,-0.405560387371966,-0.205752878870094,-0.308096793710738,-0.0240448102353238,0.278320769115328,0.0464976281524996,0.356712357022192,0.30489024478566,0.16277154112224,0.0743955194992834,0.241595258719768,0.153009021177634,-0.186974956564584,-0.0105715764692332,0.151308452376538
-0.0573351585843593,0.0672476356858874,-0.00856260370187619,0.106831067990562,-0.126709959717879,0.0868710433877809,0.0208628824855364,-0.0346259915129275,-0.0826428974351351,-0.0224074737211304,-0.0974781771913365,-0.0562597555325005,-0.296768397567851,-0.0243390330668329,-0.125856263307642,-0.0188770485026286,0.225385196121551,-0.0262282607134534,0.0430641401591614,0.0489401630089132,-0.156548616747074,0.0414146786775388,0.126443971913692,0.0720918703113809,0.0150465523696703,-0.0215702665892375,-0.0944613954052516,-0.293832468575078,-0.328441797788164,0.0230918273982693,0.0189966383231,-9.17189608891089e-05,-0.0939768211728034,-0.17859906048439,-0.169825090888575,0.156580488665278,-0.0563390132561048,-0.246445474695373,-0.154185586916766,0.037619581061555,0.0212155402444086,-0.0261964954196123,0.0288763321682742,0.12634604618734,0.0295219815585584,0.076147761579289,-0.0153199857711677,-0.120005815784197,0.00756877143957425,0.0315487457974644,-0.185368600626286,0.166589430045626,0.233731250320022,0.0890457210368045,0.0402588280762215,0.0437372959789289,0.258419498333396,-0.0192466425800836,0.111259078602618,0.249941270882534,0.136741344522851,-0.0114554325019656,0.199200908542627,0.167681785291604,0.0787754933956284,0.106739573675818,-0.0579331011688714,0.139386257330649,-0.0402212104708766,0.191819492911954,-0.0794038887823171,-0.100771901808795,-0.0853210653333736,-0.0524901795477768,-0.106065072508794,-0.157199590908003,-0.0496140608265886,-0.0770599342300134,-0.119798051388443,-0.115501022039232,-0.146142909850227,-0.0615253134733175,-0.202074209949738,-0.0214014396748815,-0.0230158699393188,-0.117695545528481,0.143148554215016,-0.0695186413778936,-0.0475489665414935,0.239402798151324,0.0867502945312483,0.00599978231353367,-0.103349682156346,0.0697375231791642,0.0415960867369636,0.0891496051590641
0.23555671737299,-0.216474947916295,-0.134966697900575,-0.232939214163697,0.0511676676410304,0.0539722832975774,-0.374269562452511,-0.186098320914877,0.21534905439377,0.0487999874265098,0.377322501196555,0.25995344621614,0.0912196186382195,0.333565908640013,0.107123403923042,-0.0253125144581335,-0.522130508662465,0.16663120523046,0.0730064097331343,-0.182349459050643,0.024347608944012,0.199263709470897,-0.0121683704283132,-0.000297312768395841,0.23152409453709,-0.302887421556424,0.442723815858869,0.398965643695107,0.234105913784666,0.09515401749164,0.468704493979565,0.466704730063916,0.217953068874237,0.531725483498556,0.0221378410109896,-0.232386396090711,0.0133343026232244,0.138645442160231,0.500121203897047,0.0390536799677292,-0.244583020713814,-0.166485983119634,0.0126307090053358,-0.449323173994373,-0.316891736890866,-0.0966396219649809,-0.191730416391448,0.242137876335129,0.243611428702777,-0.17509905045317,0.0618141636396952,-0.225744190190621,-0.525657258387214,-0.480993328080659,-0.457523192777073,-0.15133718519563,-0.379432720498733,-0.340958426610539,-0.332072502364412,-0.480546029432771,-0.21888253528854,0.319764534576534,0.116522587939527,-0.15234840542936,0.219044459055397,0.266391420170032,0.564572587125434,0.0995548180572787,0.15435525203098,0.24045499974329,0.253669452318093,0.385716603304497,0.357547859045763,0.277961047351735,0.167768631534107,0.377671986716356,0.181995785356836,0.318455002324642,-0.0546476340966356,0.355409915786006,0.958246657201568,0.595579377693768,0.550402205560201,0.476084738957019,-0.0619424573908678,-0.272378241708134,-0.600572477321165,-0.313445925459183,-0.182088781551494,-0.0466440324582188,-0.267953768437033,-0.397794056620885,-0.25856156517886,0.194143839805024,-0.0505772166810701,-0.224427361233719
-0.160277902661522,0.145537413293704,0.0289077060645011,0.0397978108320274,-0.111839246211085,0.0953012193266618,0.135029984566461,-0.0153178758212453,-0.10099394216489,-0.0481229948053615,-0.102319148083976,-0.0818407704628645,0.0590970180204193,-0.188582324707633,-0.0814100545582458,-0.227437633677957,0.14915311977006,0.00604365804970688,-0.118431377133476,-0.082289988186542,0.132926002761702,0.0685524835885392,0.0733761049486774,-0.031261410119518,-0.0869968130602128,0.0638874586503248,0.000551547730592697,-0.179223853917134,-0.405565737088819,-0.00437818391346334,-0.193655883581664,-0.330579669155308,-0.274798427495198,-0.15908120697101,-0.0918607891707531,0.299678709714226,-0.0708518833655029,-0.111162008985551,-0.235351216828081,-0.0467702666362187,0.206471711387962,0.242360318448664,0.169473021582153,0.173401640555545,-0.0497777826269961,0.363754042959554,0.132136066108876,-0.210927424237787,-0.146695099938454,0.179084611175304,0.0964650193604212,0.00368434134237729,0.386958437296252,0.24207264508546,0.264511389048429,0.0574882579418962,0.0290005828128279,0.120694013110986,0.220583024864349,0.196575525790142,0.244080333606966,-0.1350839705218,-0.00206990047215943,0.0430036863033811,-0.154130556772486,-0.227882934194186,0.00506720991126507,0.000925737029684376,0.00696341275104229,-0.209990109746985,-0.126680974606182,-0.222213158818793,-0.204122798499513,0.210756284943729,-0.0483229449907009,-0.092491738256197,0.0374086660588005,-0.246704335817819,-0.00193966151679345,-0.0133389207082302,-0.48916409113723,-0.371356515159368,-0.217945989797148,-0.162518780883679,0.148133596902828,0.231499475985632,0.125898134525045,0.356245431124844,-0.0861260355950938,0.0844248150027723,0.105414460600931,0.140806459579075,0.115330690967775,-0.168730642697265,0.226732353873761,0.198372872489634
-0.141690699086322,0.169428906399675,-0.138880699999457,0.00651922224150422,0.0155595693853999,0.0589992687585684,0.0842365840871442,0.101539810735592,-0.14987174923181,-0.141013348579655,-0.235016224326842,-0.395644390060139,-0.193262904934501,-0.168429333381131,-0.329788341789638,-0.105666418326522,0.494017637676546,-0.0761167211140429,-0.094809737784144,-0.0930717793536627,-0.334182303530382,-0.0728206713883171,-0.0557956478180904,0.0977572282235253,-0.0772921919987035,0.0271744980915578,0.0370887364568488,-0.330395253013624,-0.296936146485025,-0.278336785471158,-0.181838920919222,-0.314964066651045,-0.149097003111336,-0.0995948947151366,0.00344614876457014,0.306600031316549,0.081879122416019,-0.0833239792095705,-0.402715341897161,-0.157427535908815,0.266180394087473,0.341666598428886,0.0468897600042422,0.0326135957001412,0.0715506212340276,0.0687113218163444,0.108440942153316,-0.0920601148260131,-0.245258388997847,0.123559541356954,0.0539555292515347,0.0810988353410178,0.475334700841997,0.412819797016386,0.131972886924333,0.26530905880823,0.241396257093156,-0.0517566736216193,0.121746461951284,0.314480238878504,0.290455169976166,-0.0173003497561574,0.147147777736129,0.0840707547182359,-0.0906653933701026,-0.329510450990707,-0.181724013064069,-0.0812645176178758,-0.0732660151358561,-0.428060446427792,-0.187901581588459,-0.227025718193511,-0.289521455265399,-0.0189718952195799,-0.175307204320139,-0.0868691848930531,-0.244142090154926,-0.310060656758965,-0.060292671756517,-0.183104360645413,-0.611916284992817,-0.585150407323711,-0.451342839466154,-0.315817211820634,0.171078660006576,0.161235433210171,0.148597524097746,0.359167247370986,0.111526234762165,0.212838238143337,0.00935543590409502,0.0347859620443913,0.153893297636814,0.0449223151738315,0.111900946566061,0.138899303189687
0.23453224612156,-0.0494991064710228,-0.209011111416973,-0.402987825694088,0.0698952014108887,-0.0278525047577327,-0.256475430493773,-0.501093228837569,0.179119497296233,0.036021685571327,0.310108232604563,0.378860906512686,0.373426777454137,0.37159453715671,0.188812558660929,-0.167896409871501,-0.551465684639912,0.207947580319469,0.138804074793484,0.0575561363774394,0.351156590724105,-0.17633205996032,-0.00346372540245093,-0.0539208166160109,0.30441067957502,-0.438786276875955,0.165841515912494,0.661701237002984,0.677844815287582,0.303763214440527,0.383881558693144,0.778540301742012,0.273026422595353,0.326930164177755,0.156775591023909,-0.590096559763921,0.119913997423139,0.506630081178401,0.656290109492677,0.27057819265429,-0.258987372149816,-0.500466017097798,-0.206982971981611,-0.496297906752712,-0.407018253255522,-0.617140700396415,-0.310359701037094,0.223765426474943,0.269023878340228,-0.0612003201860546,-0.108750263415308,-0.239734697787723,-0.494153389642943,-0.773213375305944,-0.656745058138371,-0.32166210879532,-0.541814390652666,-0.197976784516909,-0.384839829527062,-0.822563453516068,-0.44270880247255,0.195551754997153,-0.119209522118236,-0.218084571033796,0.219115394007697,0.531752051346721,0.45458083540563,0.0900272589891597,0.44864029711067,0.441358970552735,0.0406439636367723,0.443260708336119,0.511048825361821,-0.182928816158783,0.112547814016528,0.40206263024379,0.186495060650821,0.65495766815385,0.300644527861536,0.538681483023114,1.18873027887643,1.13545891506404,0.887910686381941,0.547606846783412,-0.269044200008286,-0.534955877666262,-0.502604739344049,-0.679266801872068,-0.199142975966836,-0.163102718658414,-0.311804097205772,-0.465793072083346,-0.405524505549679,0.331331442172731,-0.251452726210388,-0.391058633900855
0.0356740445555323,-0.0268853178529372,0.101016529418281,-0.0364844433463163,0.0455201573105838,-0.100138759985125,0.142646747615878,-0.0393058071526879,0.084591491578619,-0.0235876317190662,0.00355997517942237,0.0668712902039709,-0.0207142468037895,0.0817739474049581,-0.0332227062864824,-0.102208772616511,0.0138726933342584,0.0783114332322082,0.0236658137370276,0.00233433001469726,-0.0414197595643004,-0.00751543927980327,0.0958226959154332,-0.00828015247127009,0.110505567693038,-0.0475636111380485,0.15479853150045,-0.181345697487302,0.102804250004638,0.226008262670548,0.162886518131192,0.0909568484236543,0.0260333640967471,0.133474079010489,-0.124271269383761,-0.0286881996330679,0.050377195648775,0.145845847629362,0.118448625118094,0.105329214473354,0.0599887629176314,-0.0928068419563576,0.0597135176148473,-0.0530395311028498,-0.115036064731947,-0.0947115496192971,0.0315907716431169,0.191319246884383,-0.108380556506661,-0.117498315974595,-0.186737073264201,-0.110406599862658,-0.0496674760750895,-0.0420152687117207,-0.19069889354745,-0.193344760214212,-0.122911254068334,-0.00265661678349741,-0.0273224742557483,0.0365059636496172,-0.0253783484739061,0.199442399299478,0.0473835490780005,0.084410662182186,0.0968174134750572,0.0488400249755544,0.094334709706956,-0.0252912980945601,0.204001510565489,0.100474815113625,0.0589443328906462,-0.0901196695414692,0.0568100848693137,-0.0471498556070851,0.342830309560293,0.0570810249150168,-0.0231974810022914,0.0785091468118938,-0.00382138729504443,-0.00445715473280149,0.227408067549787,0.103268119293264,-0.0291860797636943,0.102872113298853,-0.139239457903188,-0.029875051077018,-0.156293842691825,-0.144657407993528,-0.107093243226847,0.0486886319621638,-0.108891008771605,-0.0190910268816354,-0.135042945756429,0.165243290216471,-0.102519710743369,-0.0169178019384743
0.270321923692803,-0.0737110057871455,-0.0568800835671398,-0.453255436251332,0.0627754933288454,0.0784078425753915,-0.101603001268999,-0.392545393942389,0.189013903041096,-0.0502043896307591,0.428230961120527,0.294421659189695,0.260088531144576,0.480144962148965,0.185219977288864,-0.176297287649871,-0.529683381713438,-0.0313387714787323,0.0590292271981497,-0.0622287335610139,0.388882036815372,0.0113833889143409,0.0813327514972832,-0.176477904497539,0.364843831267555,-0.095971495075345,0.335330247939508,0.622085785777249,0.853594343801703,0.360952804615822,0.290667884519282,0.649572559553199,0.52024020787398,0.532512134476319,0.243668194723539,-0.707296345481213,0.0273850919957431,0.406417555592434,0.651588371713309,0.164963867076815,-0.175737112801536,-0.344519647332428,-0.181072044280299,-0.224649553590468,-0.292861992090032,-0.334843878608595,-0.347456394429518,0.114138544953311,0.346531080650416,-0.120533773508457,-0.0508966620964881,-0.227941710493747,-0.743383233680458,-0.731928100107532,-0.5750514456027,-0.460108086658005,-0.638017000516263,-0.169940991936045,-0.356967430331279,-0.593451243161411,-0.514997025211067,0.207718781609748,-0.268990857408486,-0.329225698387379,0.242318920531461,0.462537526453903,0.433521825662208,0.27851011225098,0.409746707777912,0.404370041554082,0.224493288293213,0.670649430509056,0.533792543213285,-0.142969483310444,0.020523007435332,0.359047485065094,0.253661461198887,0.705683656915895,0.220265737640198,0.637350053704604,1.17231594419041,1.09655451684875,0.889244280124212,0.398288501521915,-0.224586478734637,-0.391937249682931,-0.428121770085884,-0.53697080135531,-0.230295990157528,0.0348874113944836,-0.265992776076044,-0.561908311256201,-0.399607647543829,0.0776187322749455,-0.279308520744733,-0.489294531070911
-0.396958597934837,0.335572263381822,0.127986102173474,0.465189857295163,0.0217748608865941,0.00863047385238004,0.457511576325881,0.443935129680958,-0.230839758447303,0.101679564301043,-0.440298493292189,-0.528802122382111,-0.292016524437601,-0.622467630494059,-0.0800522910434467,0.00938808509616749,0.807374787997771,-0.33562625174517,-0.226856298271108,-0.112056240957724,-0.353822148754092,0.20537021114437,0.0702315742383412,0.387627548079607,-0.614033689661216,0.45134368553023,-0.393999567427762,-0.605538444665266,-0.892016039589633,-0.499744253216932,-0.575630448089712,-0.841115868465739,-0.438304767618892,-0.546007327891588,-0.153776182940146,0.868260678028628,-0.125427236906552,-0.464768447268013,-1.05053631226207,-0.302270734804055,0.468969436202539,0.659649423867218,0.286926413444256,0.582584052459596,0.384455591434108,0.522557722358719,0.255825018821103,-0.328562096586705,-0.382118885167972,0.160524667656926,-0.0562826022855217,0.574861428057376,0.910129971422546,0.73847706211538,0.813261310978015,0.546296467057214,0.408435904019017,0.410488973854575,0.515921303779746,1.13750236429336,0.533133589679304,-0.340214919085371,0.167194603776725,0.13312641990631,-0.35282485456066,-0.613843826207172,-0.57344035048004,-0.185960901596039,-0.375416658196772,-0.543825477943516,-0.5757361611668,-0.629860667509553,-0.696591537616884,-0.0652655666070569,-0.00135166427115831,-0.588948132006422,-0.377727271820451,-0.876133388714392,-0.0433073723901781,-0.603616250659312,-1.18815895600723,-1.19812868506468,-1.07589666197346,-0.463611028291733,0.322635953225031,0.533556056417955,0.845825064724471,0.819109485012286,0.180493241010148,0.230056864605412,0.233404841930662,0.792943393464899,0.563706031509285,-0.323089520389053,0.273556839967864,0.592597705328135
-0.0993388595526072,0.252494037338762,0.125574643081403,0.186889813031255,-0.0927586016447051,0.0275508428096413,0.168501094553612,0.335905311833548,-0.249001162694578,-0.0186137403403318,-0.164529238443814,-0.0986541140990939,-0.238834907391869,-0.267941210199979,0.0251005051191607,-0.106508628894659,0.269646235000407,-0.165247017298963,-0.00583943823237594,-0.123301599687662,-0.297120771736276,-0.0834762292455426,0.27672566788467,0.118684383592968,-0.0746939480397027,-0.0114991572133756,-0.191519284888384,-0.183980713284997,-0.379190947696212,-0.289324037964019,-0.09591380117635,-0.318497211256558,-0.358073167345324,-0.306301649472234,-0.387014019500358,0.399746736574743,0.0345931627440081,-0.192364416612802,-0.475233351505602,-0.120323120284735,0.222969779592055,0.198308124811277,-0.0187453043170854,0.309303148696788,0.152935075373778,0.138477881219732,0.379655159789672,-0.318174652669854,-0.234909997189164,0.155884644174766,-0.0671236504499956,0.103499723385319,0.35721189906069,0.37323863241767,0.46845623505892,0.472959074295597,0.431210781190064,0.0869462520484521,0.195379765611121,0.391644780666246,0.174806838308265,-0.195751033385059,0.13511873147017,0.188890343129743,-0.194880734530689,-0.44455868864231,-0.369892120301709,0.0141170996043216,-0.150506841803382,-0.276679477467718,-0.207589447193391,-0.462097147036636,-0.446717886117931,0.0467153236199427,-0.193713935213999,-0.364833268205997,-0.0637665710015672,-0.411991931405906,0.1403395854233,-0.193737483710242,-0.659958172663976,-0.926700166819736,-0.559426811960122,-0.383411694690455,0.224283714965477,0.288781303055066,0.416428082060014,0.311386582607483,0.0340090375167507,0.0217595312850385,0.208580005226336,0.299147950072027,0.267666916047888,-0.088764900526628,0.153778108726823,0.35777189956768
-0.077801416039447,0.174111951317355,0.0724603255490669,0.178068692125028,0.0490021577830804,0.123070633221068,0.231284676103293,0.262544090174655,-0.0258516247896064,-0.149026267816312,-0.209377847904461,-0.26170679106839,-0.414340570380775,-0.194928533278461,0.101371358235066,0.152867609530983,0.514251928744534,-0.163849263141476,0.126901255049234,-0.0146176198172579,-0.0271078953477527,-0.181783302960257,-0.111332120927309,-0.0238918192529717,-0.24784537930118,0.334016911714665,-0.136403268954022,-0.405153184991052,-0.519193410082598,-0.419389570022524,-0.110387308581653,-0.282197905611421,-0.386006014374192,-0.586565312612117,-0.143858549445594,0.280127672927592,-0.0663480366651831,-0.241292219214827,-0.467234697076352,-0.122697894117461,0.249771575560247,0.351116490917366,0.225325232788867,0.291002053795983,0.350514626322812,0.198844908931757,0.0945811334636815,-0.199280578860125,-0.0777333402922644,0.0506511281301559,-0.119228608848203,0.253544733457511,0.354972240363956,0.629088938826942,0.468681571952513,0.246897793616409,0.344622198361478,-0.0985205539749065,0.31760862042452,0.390303794101468,0.183662665171896,-0.137815521152761,0.130195864846369,0.152245235716974,-0.0013508883138442,-0.146576598263846,-0.161172971394971,-0.238057480339603,-0.419155638325296,-0.33822985215756,-0.210043185871134,-0.215759164942939,-0.419796376457197,0.0620570514303537,-0.191839685223981,-0.483586013570721,-0.250402250707002,-0.593412665286493,0.0351573173908028,-0.216613130269271,-0.766608435882185,-0.484641509542104,-0.655212684269052,-0.343236966542499,0.00953282920402718,0.0843192383694617,0.569756107846284,0.412353130320877,0.128204959573907,0.0954455737189535,0.105497133797991,0.300049251593364,0.297293121714955,-0.00897635126281429,0.257687501966836,0.421677907725872
0.0418592191730952,-0.123924227104928,0.13307313347278,-0.120969697675572,-0.104910137837238,-0.0787880737647374,0.0390268504832335,-0.0297917053760265,-0.0936200325477278,-0.0444881464944156,0.075984792222499,0.0675318141462191,0.0578921467344745,-0.0442291062301582,-0.00480022786621768,-0.177044062969962,-0.0393196403826788,-0.0768544863933291,0.0865814841970223,-0.133945406592611,0.0126156357104314,0.0201587268228391,0.154855330507776,0.00499394223858007,-0.00124361713120767,-0.0820765445602662,0.235705925837354,0.0304630333424078,-0.0308784233816798,-0.160219028143588,0.112015037505254,-0.0588942479580837,0.0559535947733014,-0.0264867625629803,0.0297231024851391,-0.169910468872085,0.176869316097741,0.00685442190213438,0.33095075934826,0.117867874111709,0.0497037942356166,-0.0133918724131146,-0.026849390407716,-0.12026706198543,-0.188898396550462,0.0393834654770538,0.068538246984752,0.0873305172493624,0.0436235487479982,0.00343981466426755,0.141068884830588,-0.14199712572397,-0.0860119366051257,-0.0704620492685283,-0.0935043672088015,0.0623994839007757,-0.00194027212848821,0.0328184418932344,0.112887198086331,-0.0592075087977064,-0.0545187650700426,-0.00242460143785266,-0.10264798928341,-0.0752451175164877,0.0340606530488909,0.0170237690102971,0.105251910696854,0.0785474065221979,-0.100077834307213,-0.190160598057847,-0.0374482726052593,0.021314336629752,-0.0137833241904502,0.117732911321177,0.00772195483179621,-0.0625492179237396,-0.0148884983201365,0.101530516616771,0.0228062536216399,-0.0232021027122196,-0.0185988239788159,0.150828263801811,-0.00708098729915271,0.0242193743594288,-0.179481506808238,0.193438440309821,0.011583580034176,0.037522671057151,-0.103777801391201,0.0799468667423977,-0.102022345107279,-0.0861168002291139,-0.0631688250662939,0.0122739808289843,0.110588457910114,-0.0671928661202485
0.0615082061039486,0.168976692622344,0.0119838812449624,0.0679184877504907,-0.0698909723713893,-0.0916212386006599,0.0357095518575074,0.318256488175163,0.0516897374480913,-0.00974560264827918,-0.0692495841526653,-0.291720102036464,0.10340676433623,-0.0445123521647934,-0.131576041376162,-0.0203081676278451,0.186710119872647,0.0542806300813342,-0.136220016574838,-0.0800098659128389,0.143006970476114,-0.133766890850751,0.0238381480521968,0.195751386248296,-0.235794770469177,-0.0284581858931189,-0.0410501198887995,-0.130788306429215,-0.270298289994811,0.130957581756027,-0.202319804096648,-0.0367476413359416,-0.0308588024183063,-0.127657665688576,-0.0913184116231354,0.147198362518673,-0.0706501869042955,-0.174342159332781,-0.288046232662518,0.0751860268271752,0.213098548931384,0.0556476947017439,0.0861457593276239,0.0350157948910066,0.299575551924091,0.0886074439670022,0.0507614334066026,-0.0686874656346527,-0.169985839102852,0.250936193989509,0.0349464410318185,0.210680130244263,0.0826236174241109,0.203488111539639,0.102873168455532,0.145962337068602,0.231905613254316,-0.0544507790311381,0.313025798290623,0.0964599199190934,0.210504292926548,0.0655892071333841,-0.0163099614602659,0.05334842402783,0.0330433388353854,-0.230459494953875,-0.0323375149377339,-0.0660283859570908,-0.152974331858066,0.01472755800644,-0.255044542447949,-0.148306152402916,-0.329123002475294,0.0621197621208279,0.0743810139390922,-0.27826591821857,-0.161189993483733,-0.172373457678177,0.00385748973568719,-0.208003354903995,-0.395942051767739,-0.404665160004921,-0.0467766667211987,-0.0900088121790391,0.135512115771973,-0.0173113208877193,0.177533643155569,0.109738634126292,0.126843206961442,-0.0264133711375988,-0.0109287359343961,0.0332987386600572,0.135527748051962,-0.0234164172252915,0.202758494274671,0.106561852703809
-0.273312098227781,0.0937236817828795,0.0235763214455279,-0.19672966231194,0.0297547369457413,0.160033742984339,-0.191198924872671,-0.34403918844503,0.135735208130437,0.134710697463614,0.223919434576831,0.154524838725649,0.284368908073494,0.26163641033604,0.156222650749597,-0.07609877039381,-0.274855385678174,-0.00563437780559289,0.0908537810916808,0.0763477202830061,0.185534901105559,-0.0990777078941246,-0.0868078112741711,-0.0369620457154123,0.309739170483058,-0.138455922115677,0.236633297386697,0.188647037396036,0.448001177888305,0.275856681392208,0.334009098650618,0.521836417417786,0.234459024651549,0.296257462576089,0.0949381063322741,-0.218571600581792,0.0302099320736696,0.133703793622818,0.286807532254725,0.0989453592556412,-0.173608841351465,-0.340994704612591,-0.139638252596091,-0.0209589820199175,-0.364683462478053,-0.144946663583956,-0.167544948882491,0.0852272747985935,-0.0137263581072435,0.133698578394378,-0.0594578712039576,-0.0476582228048061,-0.389447648218261,-0.328881940468253,-0.403894861444505,-0.363449104550966,-0.350774894062119,-0.0395747124701277,-0.333627088533716,-0.409711080921614,-0.119720425356171,0.164038079285316,-0.241935118000805,-0.15061873386674,0.0609535561134396,0.145243650711743,0.239448607020673,-0.106265658353957,0.320733040660593,0.31731015099808,0.340713636885005,0.297688527630712,0.310445424437197,-0.0332767105846943,-0.0365756072398415,0.293273835634407,-0.0406116377866274,0.188750951279907,-0.0798024644029276,0.186435852145094,0.643603066561745,0.646647279111569,0.626379988159343,0.129394315546159,-0.284355892628798,-0.187236462527094,-0.293302961783036,-0.266460267203436,-0.133852267269002,-0.143235984750161,-0.094933589430787,-0.269995549243629,-0.445746190424361,0.114128050516252,-0.132669868336293,-0.282514048084086
-0.248980248722322,0.237984303294412,0.142041023029261,0.465952044121319,0.0566202811055652,-0.0133306131199024,0.389426218734173,0.363199207821379,-0.207680652823979,0.00691941521127259,-0.561788165002335,-0.501272011834736,-0.5368795825086,-0.641871402495171,-0.0804052251735444,0.0558098428991577,0.798701445385405,-0.129895437788137,-0.0458088727467031,0.156135259107663,-0.518556739046443,0.0130073737908354,0.160022652473155,0.239034085923915,-0.510297540916908,0.402301611427218,-0.280514438652438,-0.879426190774758,-1.04227150499841,-0.61083163006022,-0.484993399686052,-0.984132825298763,-0.580932382258718,-0.74411959168265,-0.0524445437847619,0.995632608573193,-0.210538054302895,-0.576518075260699,-1.02730920033148,-0.200094290187126,0.374730973440896,0.74386188343086,0.284466608143911,0.335692328222771,0.439038309479262,0.318303272456899,0.284795436310504,-0.34424346828948,-0.279962168914045,0.0824066629007076,0.0997672085572628,0.442879534595672,0.962850904981792,1.15234816251769,1.03994071698133,0.634723952221991,0.645492971620318,0.216674077335105,0.481584973762667,1.11182936709533,0.603611571443333,-0.432735225210487,-0.0953036817336444,0.443056598846467,-0.275864919201771,-0.515158449619935,-0.629002319182022,-0.294105730138891,-0.588226089735227,-0.583670703114401,-0.420218019454946,-0.59735092434076,-0.657090499245941,0.017522758701614,-0.108834270638607,-0.700625838524288,-0.373877473466548,-0.928007168998437,-0.00934159975342645,-0.652883201363853,-1.43918710826396,-1.23046357957637,-1.18127075469089,-0.625179109110907,0.279097275508214,0.472424918804019,1.03607674089982,0.934986614281829,0.405841046189906,0.249888841900079,0.208866973088468,0.635689800281225,0.389540971640569,-0.371870035315585,0.266324955139815,0.828719069364672
-0.0284164920977399,-0.0158590671725089,-0.0642142144195609,-0.0223389708366462,0.0687587352662629,-0.00968638180025906,0.179589008032813,0.167142948166771,0.0393324748533447,0.0145103512504169,-0.299061787546347,-0.218313167757902,-0.258527631778374,-0.331867506521115,-0.0588974698807935,0.0626625548001448,0.310834343019965,-0.140744215008355,0.0104561606272466,-0.259677374732119,-0.108546480781665,-0.160977703950625,0.126875325508612,0.143603124128244,-0.073889921439817,-0.00442379410398872,-0.0389596262695918,-0.164625121865818,-0.333127189129294,-0.328767164783196,-0.226091820793931,-0.355803240735537,-0.301907167046288,-0.190688458878977,-0.103440614769073,0.492438670618342,-0.154990139875182,-0.288861533617628,-0.356966088437111,0.0143453180488464,0.179573179690611,0.164864976318603,0.0226068259485035,0.182503081492522,0.226669589483179,0.254367720795507,0.0843948931018158,0.0279262378609942,-0.171160015708703,0.0305883141298398,0.0240694337846758,0.267706982523531,0.247121549927195,0.319402201874585,0.422472816718513,0.365439175547167,0.403179606495351,0.081768449277674,0.159855373000597,0.514867415538392,-0.0620180824721115,-0.0903393228230469,0.0228786328076454,0.0281986950928039,0.0186922692081075,-0.391104420567295,-0.214565322000222,-0.0677428952269735,-0.23721855903435,-0.275963711834075,-0.129692587743909,-0.232501226330855,-0.238371388693116,-0.24282580518783,0.0884360103498122,-0.147197669385281,-0.0379663833161197,-0.321041412346072,-0.095707801891356,-0.392352368432729,-0.478663991119746,-0.52491067682782,-0.591856277089601,-0.195219575089136,0.105361475215541,0.169146917906815,0.390869547634759,0.356631542526735,0.183549535183923,0.0590576764746493,0.11374829644035,0.377116227836557,0.204777341565963,-0.0702860834465164,0.276136464261952,0.205285800895202
0.00416864842602209,0.122938494046066,-0.014101410462941,0.143016543114839,-0.0945058007567224,0.0786968354359492,0.130230671277112,0.247786679765228,-0.118117452712838,-0.11707891931319,-0.141157857514784,-0.293981000939136,-0.337372097190098,-0.304081887267981,0.0675033013967761,0.0634266835398434,0.352096014638099,0.03191645078128,-0.114587216609183,-0.140416608762556,0.063147551135513,0.0472215457892377,0.00861310901093737,0.0461350722560819,-0.1507757896977,0.351389328686024,-0.0726594907616975,-0.322603749100673,-0.203794244111431,-0.203308639481233,-0.303348786763828,-0.42152591107747,-0.222551361479274,-0.136715935751415,-0.130544991501036,0.301371827574621,-0.0190692848595906,-0.12263177056269,-0.456384191477382,0.000214921840502133,0.10248539794382,0.435565634147687,0.195474883044896,0.171155261138262,0.198373681467568,0.186855573746248,0.116693224444142,-0.103162769945832,-0.0802416880598318,-0.130665311906486,0.0215152325727098,0.10081086217803,0.135203556990837,0.180249173200067,0.420020224685775,0.295224080124282,0.363941120362592,-0.0699003832360287,0.135158948479817,0.218159140393489,0.0268594415677833,0.110422218642071,-0.106483447144964,-0.0541328341295299,-0.10058099615249,-0.334685085795064,-0.205501114793658,-0.0300157779015064,-0.177132128480074,-0.151276052254331,-0.0606736423290799,-0.103712728162447,-0.404137273007572,0.141716400547537,-0.0519919498878217,-0.245628224482297,-0.220302915595971,-0.22478442282975,-0.0318216709697285,-0.0535809119218937,-0.35913418020566,-0.47444169440322,-0.309289061337359,-0.0964404216773826,0.0156013554588685,0.265478599754001,0.190509528215086,0.208566434599896,0.112188287000676,-0.0196641223793904,0.0792952172314072,0.210667795115532,0.123606092882381,0.0187438674094913,-0.0725355288135991,0.395220287670728
-0.0714336844556231,-0.136353133063575,0.069565653327851,-0.0854063524140933,-0.0779926598978573,0.08463225291944,-0.234751906802422,0.198733647001581,-0.00476537156361593,0.151215924760886,0.0825236075443014,0.0228396678265938,-0.162552105967501,0.00477894533114442,-0.0704254774488938,-0.0849878665810813,0.0999532742336213,0.136922183710436,0.00407140373542114,0.0197663977441864,0.0576174492761617,-0.0375777852609441,-0.0738377375892024,-0.00828082547144657,0.0312232900436793,-0.0577389439753526,-0.054720965030711,0.00869794082872379,-0.234602475342754,0.0166936948116355,-0.0305242046224408,-0.134748379472283,-0.109539272412314,-0.0546338066165205,-0.0657910957588071,0.117675897992147,-0.0247246306843375,0.0445893457924214,0.151325267253822,0.0396768525564854,-0.0851984311220494,0.0282589672182638,0.0345866518099465,-0.21637940450617,0.0345460935197221,0.0172475603126879,0.129845208502718,-0.22505660996224,-0.0915949494303544,0.10924181809949,-0.0541237224223417,-0.166402169599398,-0.171176015776019,-0.0895482263533604,0.0748675244994793,0.188196302169325,0.215655752830528,0.148385575402376,-0.069420836893179,0.0588224407893919,-0.0680356372222225,-0.0121769656706111,0.139214391241086,-0.0189121255340104,-0.0298016466100408,0.00671531857277673,-0.155730618114772,-0.154330129603139,0.0759351526392158,0.0134681474175896,-0.00663350112672576,-0.142179422650591,0.159433692161421,0.13179916217393,-0.0650339726884734,0.0394472392199692,0.153894444291789,-0.162206459741519,-0.0261171754308265,0.0826992881819897,0.0483711913092384,0.0208867767437224,-0.00154106763761561,-0.0660138287290037,0.0496883496250104,0.0537159552832899,0.0929050304121234,-0.130550067889598,0.284580601783521,0.115100075807502,0.0274576427972476,-0.0165871795357109,-0.120466963820092,0.138780229953191,0.214827162038421,0.103355478585619
-0.0835670367968334,0.123860514362041,0.0772855645398851,-0.0673825932267844,0.0523490434177923,0.119924951212135,-0.133578588508692,-0.0794497912088081,0.0550753454591043,-0.117176331159775,-0.00263785140059736,0.159705157098861,0.292923216786732,0.0615054146854673,0.116704175554961,-0.058688220225808,-0.252925133455544,0.00441555181618608,0.149248530515375,-0.0802472831193508,-0.0121631006745178,0.0546025379004776,-0.111608644550495,0.0832521820629973,0.161730391561871,-0.0682395669972517,0.0711052894423918,0.0653233101183253,0.281978532642694,0.0722967434369188,0.101534985055701,0.243016596006566,0.247653700114636,0.33939310659952,0.029550689893585,-0.138142531442571,-0.0728831720574726,0.273536297187905,0.242357676859563,0.0360621425446478,-0.263233841102,-0.0673416509861773,-0.0274662619133486,-0.182759092899379,-0.195784694282848,-0.226309294823635,0.0472773862953114,0.0227483363842577,0.0189501788716375,0.214627419938482,0.0775112930749413,-0.228758609893973,-0.0643564510471602,-0.118788192914743,-0.196104705541534,-0.150682765493051,-0.0647787943035499,-0.0885589729790015,-0.0861588239199245,-0.219845962942847,-0.1230291574988,-0.0931305632068717,0.011326556613377,-0.0674022996328484,-0.0502416593755556,0.215088062431478,0.234960695294258,0.0996572257600574,0.139278894217167,0.188510645417511,0.20958932356236,0.143466676953912,0.314765251624529,-0.0812357660874358,-0.0823654118243828,0.144374558620811,-0.00241608697561127,0.207268750791446,-0.101252180131803,0.218631699386071,0.339335120260053,0.50622500882273,0.445269829151099,0.243782693603522,-0.122723952966788,-0.237458610453747,-0.251931997255489,-0.225592944747694,-0.153475074706457,-0.094885737493629,-0.17167258272733,0.0515871293430442,-0.119973597814641,0.111067835450053,-0.316493795501709,-0.167587731809779
0.329188933555101,-0.410163004956346,-0.288302905258046,-0.462611359043257,0.0567243634730103,0.164434034509467,-0.48191467863171,-0.340165068457021,0.411756961556782,0.121043605002408,0.700669811153176,0.496114691180183,0.656801622776642,0.572234233453267,0.256058169943637,-0.100751774936199,-0.828214397591581,0.287575307643095,0.245694739012989,-0.10244802084501,0.503769056444122,-0.324134057624819,-0.0412524520418941,-0.297650401327795,0.531610708666397,-0.470758024928147,0.32679809414109,0.817050541515087,0.99627157426126,0.416810340145008,0.618293314160749,0.988584733344124,0.512637479716637,0.809171068455407,0.206487156293228,-0.705591769547682,-0.0846748185695485,0.565184631667001,1.1434356999006,0.311789672990012,-0.546815018486608,-0.807171895019606,-0.109431952978335,-0.585654709187746,-0.619497719359013,-0.625218998984464,-0.46088291745616,0.250520013137832,0.468079613989159,-0.142801009961514,0.00207668450520316,-0.413274274047211,-0.857317355450752,-1.18080511106972,-1.05384882807484,-0.597656408331029,-0.750077505744827,-0.103400632866326,-0.518512143376014,-1.08455377487478,-0.385223010783495,0.417461494676913,-0.0311264222051361,-0.390867852813027,0.28015894281148,0.66799111202201,0.55247514016909,0.0784437057066618,0.630252550381619,0.657668554270721,0.557116713553394,0.728802353407903,0.602896351208891,-0.00612992889918568,0.0972888420285999,0.910762398275694,0.296528304961693,0.878104000515498,0.220899384093611,0.625948324588623,1.56697518167069,1.40897850808829,1.42728808037483,0.852490073827511,-0.460906308796312,-0.478000985733635,-0.762966189499584,-0.973163313809359,-0.388933534459722,-0.241624487147975,-0.209857326468463,-0.811779316437088,-0.460712969814543,0.365040590452984,-0.390784703862762,-0.802791457993508
-0.0277133220190466,0.0715898330833061,0.177104239614995,0.162931817740283,-0.0498929063195447,0.16137535196759,0.35108970616955,0.306065752376323,-0.0599288897083491,0.0939856144614555,-0.278683013978684,-0.298908615309299,-0.194779621907537,-0.128627053819723,-0.0887509231758959,-0.0796157306591241,0.151462778778775,-0.0831478288660013,-0.169705229875894,0.103987816386431,-0.132046724852092,0.0562890466936239,0.033810852340866,0.176950959696202,-0.197994987828433,0.152234740391872,-0.337189740579384,-0.29665745965224,-0.388958827959577,-0.105810103238071,-0.32275390882349,-0.43369224248634,-0.296897528516968,-0.266289739010592,0.03861212043281,0.314677124469046,-0.157518388440432,-0.418682689314458,-0.319310619571616,-0.0884477814559214,0.182199574929017,0.103204968996214,0.083446445604254,0.0388392671692613,0.128194828394378,0.139693226926446,0.145901676001912,-0.10725783683063,-0.181253265349205,0.115088690349329,-0.0234793200504341,0.167011310946922,0.32059379369344,0.287201922325366,0.26173851336984,0.247238692647549,0.16216091317993,-0.0883783926674133,0.0662329935328001,0.437317129943721,0.145240125543086,-0.214444291660583,-0.00882651922391769,0.00734217482327661,-0.00362569660484016,-0.196108610746455,-0.393934706245492,0.00509478957548155,-0.239196619299322,-0.296967087956042,-0.269950853022207,-0.0230199280575026,-0.168091564272215,-0.0167085094145172,-0.127994514753444,-0.181028249480317,-0.0810490658820936,-0.350780069739897,-0.0784044879292913,-0.282189975606423,-0.539910875881541,-0.548272074994684,-0.4916209721428,-0.266421089392224,0.175317342858165,-0.00135606200224636,0.29779231610433,0.435575160815959,0.0688971446836038,0.195911099009152,0.199604834795647,0.107250080778062,0.240501150502809,-0.0265723637594547,0.094276041810707,0.128252241318137
-0.156312818288125,0.0731142831191013,-0.0476191245676822,0.221932212492723,0.0468940319316215,0.0603344379816817,0.304995052345234,-0.109641502174431,0.095733495703879,-0.0844937451293486,-0.20433689384887,0.0663669146443317,-0.212052085739189,-0.104425252719351,-0.103836429149336,-0.149825076417413,0.348721326176956,-0.146799467935929,-0.00130155991916396,-0.04994508566207,-0.0337461209365096,-0.00234522367920373,-0.099568985479997,-0.0107592121128542,-0.2932075887191,0.249286149496155,-0.0789656977547886,-0.342277911489104,-0.270155682893179,-0.0978489380060337,-0.185628597350138,-0.386883594264925,-0.249997041118872,-0.247160342056917,-0.0751916570798203,0.302178390416384,0.0392301891639444,-0.215820914705787,-0.6233198159454,-0.0926433732240675,0.204953935288912,0.200631330591559,0.0313939884855464,0.159958379655362,0.250073570350191,0.189626077837902,0.152676527062356,-0.255246237948432,-0.220730882720478,0.046572037913175,0.0202129735608533,0.0573829148051231,0.336454504311787,0.222684453271268,0.202227521434747,0.0735255718853733,0.18064124155567,0.175938948251781,0.315263218749339,0.307913548949939,0.216795803177291,-0.165487017379038,-0.0260479546008974,-0.00184277417612513,-0.239801733277121,-0.224155623258838,0.035613076761194,0.13695903361417,-0.307802881967088,-0.112400249478601,-0.140551609512652,-0.0858926849371507,-0.198773979288407,0.00955930185636452,-0.0360234888491309,-0.21660420588549,-0.330094785266815,-0.183089680836282,0.0234880889027051,-0.0526260706941634,-0.574619049857202,-0.510766175616114,-0.345588771029873,-0.289153443523044,0.196203944704324,0.236416516821284,0.223975227933097,0.133545040026987,0.211548649693516,0.224065778596202,-0.173218438582503,0.31348652212262,0.225954771685814,-0.0590288137680706,0.235377022494813,0.16544010639255
0.0812684434200946,-0.115755144631384,0.0985738365131589,-0.2126852063242,-0.098628590181214,-0.0846376718913491,-0.0631460028837863,-0.266345986222218,0.170810404989829,0.00952751726386916,0.232170330476565,0.206803262944151,0.116107488863418,0.230825807438,0.160196725660955,-0.0746654738592648,-0.386064184505769,0.0540338498563712,0.177527902451973,-0.109803787202126,0.170862025769283,-0.156625126844333,0.141781054132032,-0.0707218120488336,0.190792345803115,-0.131208262335486,0.178777342860775,0.459443954761303,0.370500096602652,0.327845600106576,0.127794038424947,0.260662161670803,0.337031516361875,0.370042419024265,0.169317086666341,-0.439741438395738,-0.014262708822017,0.205755705506615,0.571136855199537,0.0283263260779555,-0.0740520446329945,-0.311370909321256,-0.119045099509215,-0.0818764684891503,-0.325580477067632,-0.0378707563247727,-0.0236390601830953,0.0844346479217145,0.212496565475392,-0.0695908571995499,0.012325877236915,-0.290760352415883,-0.408284737767633,-0.469062665406549,-0.289930877417005,-0.100970900723476,-0.290348953028508,-0.168563293862704,-0.220422399619966,-0.283469857147012,-0.232788158178265,0.0459545992914567,-0.0860176058548257,-0.379695838637335,0.155656198871844,0.230844336706463,0.265074373226411,0.249583301668384,0.160951613340876,0.235073592543225,0.237647792085469,0.200515836294232,0.239636048967015,-0.0886780846372698,0.0755143343326929,0.00813290283297277,0.269102024303515,0.173850518286152,0.133117659043171,0.338177701272887,0.654688497501536,0.423367707384849,0.306587153236524,0.344181897057668,-0.0533095517028352,-0.280757120865243,-0.302140927239808,-0.169388929462378,-0.0202350426703525,-0.0474286883848193,-0.328501894788311,-0.294647542788361,-0.0842064912605185,0.25267887580231,-0.14219743349131,-0.174433752697171
-0.0982258395350537,0.128425621714689,-0.133945011108987,0.019174891533847,-0.0219372768503746,0.130559035487832,0.0159118667326259,0.0285629460880158,-0.0765153321016256,-0.137258078093248,-0.092207630153799,0.0100728572561377,-0.0687468023160903,-0.0209184371437417,-0.122974584088238,0.00713224429649895,-0.0640237314191078,-0.172223131278744,-0.055408067801935,-0.0203484315784474,-0.163457519724633,-0.0301929667656536,0.086368734795368,0.0386389657719733,-0.0884068933270517,-0.0438925072442667,0.0819637893094221,-0.175727654514767,-0.118277900937312,-0.117217259107032,-0.0834413323549932,-0.302313743926553,-0.125563560132175,-0.032478549056615,0.0482830342218854,0.0579508890587745,-0.0256127097412839,-0.11721307261589,-0.00662312432091085,-0.0738037478450249,0.105292281568301,0.0866341966036346,0.0727107812460662,-0.107854122635012,-0.0331145861135924,0.0718476856220074,0.147587599971059,0.0518604478952866,0.017311053577743,0.0353877163096714,-0.0515489766131211,0.118131614822706,0.0367705549182163,0.0846754005863747,0.178751554896943,-0.0653289028672884,0.00281746761937864,-0.0403929132885654,0.111786359750369,0.0325407653916397,0.103959632060308,-0.0149396366022017,0.196808272324955,0.056458360074419,0.194298482690879,0.0607434073887079,-0.0309674647121874,-0.0695834677830125,-0.0382177793366209,-0.0655803283764671,0.0741707310570468,0.0526938387856873,-0.0121796817511543,0.229518752507877,-0.122880960489306,0.0442205700083436,0.0241648577656705,-0.105045050135943,0.0572168932224143,0.0234849306936138,-0.142646253671509,0.0619797674868065,-0.325869108064473,-0.140718394075386,-0.015392640033917,-0.00506212353970235,0.143573007573619,0.0280826934315873,-0.163510382379304,0.117161774583509,-0.040087289821341,0.242561679883357,0.087050911908414,0.221124208345687,0.182731930702302,0.0109383249498965
0.420443772282204,-0.254518310834418,-0.0282115578920134,-0.293100381388592,0.0563352720884186,0.00715802988718621,-0.299118989378691,-0.237720125691201,0.230870473283008,0.0342166974511848,0.308497644968428,0.384979666964409,0.286306045682305,0.420841960356998,0.0906542848335731,-0.0805755327712106,-0.514461254962584,0.32862740812685,0.25658359356599,-0.0177528261604009,0.30158758783457,0.178227077730178,-0.043123767720616,-0.173586315972326,0.268675750060606,-0.232244643399849,0.426159976480211,0.427037672388351,0.685757141481559,0.288822102108665,0.358205471518004,0.685105193301813,0.205036572145947,0.647416030458038,0.227865288996034,-0.454526200817872,-0.0783947094093989,0.439825072993927,0.764772744582024,0.316916978111526,-0.345911036689765,-0.48853631315449,-0.0963152038275444,-0.385791345991511,-0.549001078251317,-0.434750262340542,-0.33306461958548,0.325040551803148,0.26340159698201,0.125401379444199,-0.0774259174877609,-0.488165802019021,-0.71820924347965,-0.914036868531234,-0.690725614204451,-0.489800334865928,-0.535600038110194,-0.16920067500609,-0.391453488822209,-0.911466886802131,-0.567486163671232,0.11233953117281,-0.0582292401801065,-0.230880691011847,0.342292870921849,0.66573297797953,0.185833657453313,0.178353226055475,0.439755917083916,0.668835544660843,0.591333298870986,0.422218632494672,0.647859217815514,0.0447221688752347,0.139219266930522,0.60630310931434,0.142186022937847,0.563322178171349,-0.146647264250322,0.502387460824502,1.10751160458368,1.03166266384012,0.970488944393696,0.631973176822313,-0.182910309328731,-0.400007105552392,-0.656175375805229,-0.625977216542562,-0.266226721632555,-0.184789324113466,-0.306118374703278,-0.536061309611898,-0.318448136244846,0.078966846296912,-0.299618083860784,-0.696731504509676
-0.237822014216884,0.220439687238411,-0.0232106112100456,0.300145966412889,-0.11847692429027,-0.00967976455507153,0.143400240404376,0.205333117818168,-0.112066403894782,0.254295687445876,-0.257798030809179,-0.198932586010564,-0.218917346514876,-0.281650443373282,-0.156838089069317,-0.042364903980327,0.245290202390181,-0.246122152541928,-0.254331070332166,-0.0978534505419311,-0.121615261614641,0.167126722090558,0.0672935081580145,0.0451336585254297,-0.369655681858149,0.163167602653264,-0.40891438880241,-0.444064777337,-0.694195572901142,-0.271960821179287,-0.3774344065644,-0.556037719504278,-0.33267367618894,-0.27237028676939,0.0297475540026703,0.363753030066338,0.0579049499644242,-0.317959926180271,-0.529732939488008,-0.0114029740746467,0.285625934462942,0.507670675466531,0.220214646703065,0.428119803869163,0.453291871980025,0.227661025675486,0.195670762862737,-0.297374304950312,-0.185010528458097,0.0311593086097269,-0.0192365884112792,0.494841560895251,0.510613626214266,0.535034033571577,0.560330080701299,0.420729276870519,0.389462219125942,0.136589380955207,0.231926518341912,0.723753497058566,0.289477521723305,0.0599238897785922,0.118443891228262,0.150504423939178,-0.336291965157607,-0.281177057189479,-0.160608472532563,-0.185091574585687,-0.323554814969944,-0.396046894494664,-0.138925380351808,-0.576827666581253,-0.471958164613475,-0.147343437775921,-0.211356877837589,-0.264997964944401,-0.0603113875112999,-0.432123130568832,-0.00380210417207116,-0.466566871398858,-0.765165005163893,-0.831043644148413,-0.840781352501257,-0.368492702832902,0.218448357195227,0.052641863167639,0.449075889697623,0.496385760623331,0.205961629833377,-0.0678153253761813,-0.00561594337712545,0.339266742109705,0.209874701951805,-0.239222416214237,0.244959017050992,0.651793999637947
0.0867887832085905,-0.15355889929496,0.068768373443707,-0.0743733284971188,0.10570759585752,-0.0683111072687422,-0.173594483977356,-0.18225856955674,0.181143175668777,0.105010551524557,0.174393924777235,0.382268556394807,0.447132788236021,0.321786963665572,0.0715583428987876,0.0734064963670195,-0.389289327600512,0.292516230908071,-0.0418828471254434,-0.089522921010899,0.0470322035568849,-0.0768643461375667,-0.262956561744431,-0.230354584136984,0.200307971569792,-0.375076574756885,0.264828719352199,0.418788159517884,0.668747574579213,0.174866270769437,0.223915994095313,0.430843873883214,0.336474497717612,0.249017632295603,0.0204840468229884,-0.408713541867401,0.2425866446983,0.242867769953227,0.756834014008954,0.212527120669391,-0.486287329460426,-0.51557370506509,-0.139927974196204,-0.287052629979831,-0.291115208668694,-0.280038141960905,-0.346053533547675,-0.077490213089239,0.223302941940468,0.0399078811350901,-0.058477196462773,-0.360443000377473,-0.481080799515825,-0.641405433663047,-0.478187207436476,-0.227440008069622,-0.5776763187923,-0.255261694859159,-0.151594871828045,-0.664819626719453,-0.376304140694316,0.0355098731746848,0.0842253019836002,-0.131472012121273,0.106796187222474,0.486098543482502,0.213743906324646,0.0781522575011701,0.258072533753399,0.492086372653518,0.237170126518157,0.557573005240094,0.546520392609735,-0.0801369025718282,0.0678513010554576,0.484132882860465,0.309159113109669,0.49277373076796,0.173786956209641,0.490812897887546,1.10872009484468,0.766016634717661,0.839998973101744,0.364306336355595,-0.254448625545976,-0.4924331419048,-0.416966787909315,-0.52849202904496,-0.178785384843454,-0.0751905045206593,-0.150412454914967,-0.406437886683554,-0.334363549842925,0.208497542477289,-0.289005550777808,-0.306850450502385
-0.182780411236024,0.226912331888651,0.252404100069452,0.27767448603814,0.220270231171474,0.168071874412936,0.17337075850286,0.264210784776095,-0.168866211154904,-0.0200875050487445,-0.273488167456333,-0.302002066287345,-0.510971011440506,-0.42395572744353,-0.0388852378098686,0.0461396114645541,0.51333182338801,-0.279659287093822,-0.156373374940717,-0.135293824836619,-0.255163977157536,0.092365170051035,0.077390741727085,0.0820817432611592,-0.279189615811475,0.384280446541087,-0.431141657506309,-0.689268443912667,-0.799204822345101,-0.36673005543442,-0.365777229405065,-0.772045195640653,-0.277167171102755,-0.515909295375249,-0.194654494102467,0.706499168621126,-0.146841395868483,-0.407917687371057,-0.755731980130283,-0.200513179118396,0.460559387895047,0.375719219276541,0.213072839779406,0.397820657862468,0.418380231604003,0.347418607688212,0.534157323531223,-0.283696369680043,-0.407742261178504,0.0281930338807542,-0.0989917601361938,0.320126646013771,0.674280241221022,0.839147726173744,0.643012707225327,0.401629365954435,0.382210931179846,0.209553716920635,0.562751338515847,0.712024416501395,0.435161793219664,-0.403038970731447,0.0765237369356623,0.0931713394490409,-0.236209611863746,-0.588498341895544,-0.375995458154099,-0.0764924225406438,-0.321360214328209,-0.504974351667604,-0.628600962446606,-0.633207454824083,-0.570778653516147,0.11828675202979,-0.267573676182284,-0.445841006912858,-0.351326543536875,-0.644364298172199,-0.1005686096304,-0.570134979943732,-1.263683409985,-1.01935409202615,-1.00224060245992,-0.441720161779778,0.217597480208999,0.389920469087274,0.618443063951173,0.773938740565444,0.29227987959354,0.147501345977466,0.1448514398166,0.438223976506196,0.32836233918404,-0.357828082939067,0.128508198576355,0.521255257649565
0.532977669474844,-0.318670250462215,-0.155502654081171,-0.392588266934215,0.023880812602059,0.0708096247753674,-0.516250757567824,-0.623714238321564,0.315405696874945,0.136670465206021,0.790539252900748,0.616802467513614,0.608365992433847,0.854858055338914,0.290709826364934,-0.247448208530133,-0.751525971796875,0.449440296893468,0.212814194787631,-0.00750432800609705,0.414553507882062,-0.215484689667243,-0.1740883852646,-0.124948175515009,0.521661159211362,-0.476934239866105,0.529431847181087,0.651110015660749,1.26119016773795,0.560409778082446,0.461982206729542,1.02747742324839,0.620299154075148,0.915568540258037,0.236281013641318,-0.945494267039318,0.205635217514863,0.53491458182482,1.15798147006271,0.268970588175414,-0.618930679893344,-0.588580272759223,-0.235457984099659,-0.716227451138369,-0.675154120646128,-0.52468114290394,-0.430314957200059,0.322014271062119,0.556881987368578,-0.0924208899358178,-0.142064367772687,-0.349120339009669,-1.07457290254907,-1.17790166436757,-1.06903345549232,-0.683360775251654,-0.540673339682624,-0.213435311367449,-0.725448166614321,-1.18250394037648,-0.756281573602378,0.291157241987589,-0.209679923660736,-0.134036220405633,0.230998582385016,0.673551449358491,0.534291404929498,0.348896130365948,0.512818704049032,0.762365542477501,0.677229378622871,0.886494198450789,0.809706155285941,0.130534323870782,0.33006589272484,0.923770953939118,0.357049947964922,1.14402956731104,0.119062487022561,0.74796423393664,1.93156927093909,1.49453277,1.3301488260089,0.828033374249424,-0.479943917011303,-0.504752674503545,-1.10693801961237,-0.823585716479189,-0.457789926416054,-0.281407265778737,-0.278219651150957,-0.701546940014249,-0.594210821043866,0.425472261687825,-0.288641722248487,-0.757083459706048
0.125914182792983,0.250717955171854,-0.217269141003284,0.0198449666479922,0.0545182480306463,0.00117775724879738,-0.277919725962822,-0.104966934124056,-0.0273811325883458,0.058356365113823,0.146739723667347,0.187469425020589,0.13204825169719,0.0202908959682014,0.0572030796540204,-0.0545744587545835,-0.0103782928126382,0.000161351665587218,0.0635568155327864,-0.0584651286195095,0.0694994955504346,0.0548324744596325,-0.00556185859099359,-0.137942676160838,0.179726982360619,-0.0144052334869849,0.0383196533499913,0.0144287306868161,-0.00292078972438842,0.0146701377282472,-0.0341801368207609,0.00194861851797443,0.0802870917112516,0.0887530929150528,0.029429317724013,-0.160731971577624,-0.044510583325453,0.15456005509697,0.249038933362659,0.0423701173313235,-0.0655093403385922,0.0481819312305327,-0.025732846103704,-0.0810614061129645,-0.0522557679303693,-0.0503743402443602,-0.184194025513116,0.0236203672750199,0.0383579326300466,-0.0922067851624691,0.0221982470989066,0.0315722100233296,-0.0306419385410405,0.0433216251866943,-0.151432562716811,0.0323506363652368,-0.0204994032166759,0.140971942193655,0.00533106469911166,-0.0546801624196565,0.121031106235342,0.0859790741285215,-0.171193847104705,0.0470735481437096,0.118632451211096,-0.0269243732629977,-0.0631306381010904,-0.0453576625305626,0.0377401039389508,0.0628133446054999,-0.012099993130006,0.0644194311895262,0.0370164882018939,-0.0250857675800246,-0.0968502648960875,-0.0427491816193535,0.12278358617089,0.104167266805954,0.0889289947404862,0.0586877959058386,0.207015607592676,-0.0295044409211341,0.189723130598429,0.0180116824975325,0.0467127478801596,-0.0137473994873162,-0.0613818758958028,0.0774175912333607,0.0648144020973672,0.0981418360834171,0.00326419919836629,-0.0143169584955626,0.0519890338541742,-0.118267796676567,0.099548198578846,-0.0882518724052802
0.0843301656369533,0.119579539845921,-0.0129356279059656,-0.0564184842696936,0.174211146950975,0.0494955950358529,0.145625336355177,0.261076526055515,-0.0216623579472146,-0.119902740392462,-0.0544185077265889,-0.166394909370883,-0.0653886966227489,-0.0780222283715436,-0.242785801957929,-0.0270586061892355,-0.0820634851733509,-0.013602449442738,-0.0796724022918081,0.00935343841000931,0.0148400556183954,0.135656671261024,0.173560204481755,-0.0729805827946325,0.00793142640165328,0.0857660001878505,-0.119291755862228,-0.128064478074361,-0.207656317515667,0.201569263452074,-0.256016296106749,-0.191393242361999,-0.156494998869903,0.0121074989642962,-0.135108689830412,0.154013356017392,0.0799515411019871,-0.0617640039666641,-0.121583668535952,-0.0963342859924701,-0.0178061300770187,0.11877570936846,0.177125114777136,0.0851819430528227,0.105068302517549,0.0461233409784501,0.13462471831267,-0.171908881011732,0.103434706922679,-0.0445604601267503,0.00310914526192515,-0.00404193712359566,0.110349923971794,0.182216935021864,0.00508388072870454,0.0579214217216003,0.220520100581477,0.0268077267642984,0.0913499083655482,0.117958501563337,0.162987090638874,0.0185407566948566,0.0638450019797746,0.0503085971071022,0.0185250536298738,-0.0472957871250718,0.0751254073402623,-0.104186005916114,-0.0584045051820092,-0.218093583275219,0.00146063509439735,-0.101915909167704,-0.143068717200998,-0.0938384139737279,-0.0928375575375584,-0.196690982045138,-0.139681985789256,-0.213089283316969,-0.0298431555073844,-0.269369147561201,-0.0233936008871092,-0.382769847957023,-0.214360921628383,0.115912448790519,0.23991817132194,0.175085026102921,0.153523797322303,0.254362804995151,-0.0366723104410246,-0.129569333096008,0.183900035040818,0.0539260534314846,0.161317380323223,0.00507212051088164,0.0286889711356477,0.170276538006929
-0.185878602991172,0.297458894641131,0.221315870502273,-0.0485091381975651,0.0403268491744193,-6.12527984235377e-05,0.19062711825825,0.0106287345409753,-0.0832211922722119,-0.194162950072796,-0.117713005365161,-0.0838976048237375,-0.0944101846905583,-0.0149269844441172,0.11727794183851,0.0477705698357342,0.269628707338674,0.0404652937221608,0.00461122178336473,-0.00671432686327632,0.0406912813052253,-0.0347803186734755,0.0322229894562719,-0.0248888714981948,0.0808734711629649,0.0460257789295258,-0.0473370840387528,-0.241469386905766,-0.216586101446778,-0.100689575408524,-0.11811903008895,-0.216957489707716,-0.180885905371489,-0.0475239313629048,-0.0649019899369926,0.0911025252794399,-0.0733629772131631,-0.0475810882657909,-0.292567794858076,-0.132548387212378,0.223423097260478,-0.00466084185662949,0.120818889083143,0.13782099231036,0.0680936758307801,0.219580519814865,-0.00855910972076313,-0.108154204397101,-0.0629984601794196,0.00514914498996412,0.111035200067366,0.139617875280895,0.0976142131915156,0.222898988645604,0.0673952824664491,0.150589354139596,0.312128290090423,0.110350030543257,0.182827579983258,0.187241294497046,0.188280259041751,-0.120510618664026,0.0532137911415388,-0.118049850241431,-0.128630125153722,-0.214730467611931,-0.0786549976686833,-0.12418321986573,-0.0600999521035702,-0.276651706663682,0.0828531150828775,-0.0558277772896839,-0.0385920857534449,0.0469584144055944,0.023686981576333,-0.192620926679914,-0.13394263954626,-0.185788299533798,0.237671172560718,-0.411548276616703,-0.103870606360839,-0.405314510327984,-0.315777999375372,-0.148590202124443,0.188704755827916,0.152190731629508,0.267144171119873,0.152720209875242,0.314033569196614,-0.0314569415023993,0.0401941062955724,0.0633511605488595,0.036539140543442,-0.128109250597532,0.184617954926831,0.18615942695606
0.119301107815722,-0.293998292020076,-0.114959795620412,-0.196246260317946,-0.0212725749407363,-0.0256416699359907,-0.356342429867524,-0.239361610278837,0.221284005141211,0.0795505237008358,0.32285733879877,0.389666025397511,0.188986910362036,0.310006035985683,-0.0265634874706471,-0.0821900912332599,-0.355178023433147,0.193449043626402,0.0158689846010366,-0.0705718956106846,0.391457054092746,0.25368519496731,-0.0659715189221046,-0.0137658835192151,0.167608255377973,-0.0793836131100012,0.268506345809874,0.361903615294088,0.427721942264969,0.213056484198181,0.213432641640709,0.451964949323449,0.336925551776964,0.360489926993971,0.100754333491645,-0.293056809985533,0.110474265498715,0.35791276312959,0.580769723864432,0.170900132477563,-0.451533513611146,-0.251847726564517,0.0143913092822249,-0.177135026502478,-0.240567890701315,-0.0904526037927572,-0.211997447954899,0.0417857099393982,0.165572880084629,0.105086926755438,-0.163001135034137,-0.128274368319015,-0.415663928047146,-0.456048786042542,-0.402098152062256,-0.323721648707757,-0.196422571510354,-0.0528516090690392,-0.281522618405874,-0.669643031155122,-0.433000252890917,0.0671800756139636,0.140829692236415,-0.246746070773701,0.192868148406599,0.349893246482822,0.17489712090863,0.124310640348481,0.2341369732768,0.364798997213395,0.0284031386107109,0.532502675664499,0.404319740702514,-0.0031018041891789,0.155268774470062,0.18804207317956,0.152043319221665,0.501068802876505,-0.0365802518935969,0.21106939739883,0.765022749029155,0.653161980936856,0.666139407820896,0.265730511967405,-0.176167615694104,-0.168686010290986,-0.198909820734164,-0.287456055209252,-0.255592958826985,-0.0890762451196884,-0.0210738863729912,-0.375492216030185,-0.229740165891868,0.0977906553046059,0.0056360232895602,-0.390648569355233
0.208651200296309,-0.0318288503101955,-0.0811438164182909,-0.230761870892113,0.0813793174841487,-0.00113646566441742,-0.0966490372127303,-0.183914559823549,0.0381563093557632,0.0520093738858997,0.294811385462918,0.350902439229215,0.11441234714992,0.186978496507408,-0.10691478868664,-0.126024701401181,-0.211721878939176,0.210348803632972,0.187924923072921,0.0121438258620303,0.145082850276242,-0.017173564703539,0.113595286249788,0.00771200854973882,0.0302920496145205,-0.158584492012785,0.0814690321827196,0.147538906290163,0.278078308485722,0.191209720027651,0.199191785677521,0.204154569522199,0.213823321522951,0.13734330455699,0.0154107446834715,-0.090707099372686,0.183104496156178,0.123854014599117,0.295371980243037,0.0240044515915797,-0.196388375204731,-0.253233096929656,-0.0648821865595175,-0.131991521218401,-0.0696414875124798,-0.212748029205165,-0.092683891610699,0.0584456514073545,0.352419420201816,0.0842939053489561,-0.0125910162433997,-0.131335735462776,-0.226318270817968,-0.358529904427058,-0.372253982800292,0.00411594297358656,-0.100831333924903,0.0350827689018728,-0.16782826691581,-0.420811227755118,-0.329365655939634,-0.0497590894403479,0.149477216172295,-0.109768026357315,0.185921884210421,0.112223619484115,-0.00984867566833764,0.110824463910035,0.226277279280013,0.209273783496884,0.400417224006235,0.213656763697922,0.087895619058028,0.0329002771650392,-0.0224979023651193,0.1361639372319,-0.00903589582244077,0.0426391290826252,-0.153883181524975,0.290101654922348,0.374535431415454,0.478455996191964,0.347428918517204,0.109063573181238,-0.209543693053354,-0.152792356747904,-0.109924415277017,-0.439413189704392,-0.130206939056279,-0.0601556916971583,-0.166113775749042,-0.162123841871696,-0.17726244509796,0.0486228365971113,-0.040431750679199,-0.0645334215418434
-0.034588956411551,-0.0497622985446974,0.0693384269423539,-0.00549133259619961,-0.0480103988908841,-0.0461044991310555,0.0634300496597026,0.00854726441645378,0.119705841415169,0.0158111870889947,0.0472703579687416,-0.14969862881285,-0.105838780514908,-0.120279133640631,-0.00555138820645189,-0.0470034750972662,-0.0274046204124364,-0.0597058990047601,-0.0889118810063019,0.0731898055378794,-0.193478819795973,0.0700467146062498,0.0589436902156494,0.0913501660946727,-0.243893967808891,0.0216257945473654,-0.270656104545696,0.0191395094728669,-0.0024461544924685,0.0801391178400485,-0.0778476675201258,-0.214597076384537,0.221707323496718,-0.0434362914390122,0.0510536753563651,0.0920260754706394,-0.0949684909401221,0.0209521897967021,-0.193249354335563,0.0333915599467457,0.045579984454735,0.0770239785586376,-0.0669196045106451,0.160329566442946,-0.0816676109905586,0.0288648926803525,-0.00196613066390788,-0.153373709542019,0.0647380808451551,0.0973853020718694,-0.040194091045526,0.0828139863357388,0.139779945227716,0.291682169578037,0.0450793061195664,0.0674065871096653,0.116760320698996,-0.0189182839234881,0.113489424377341,0.0105914898653326,0.0200957093533943,-0.0283772283468659,-0.065246240365349,0.178386148204324,0.0585337506304866,-0.10424063192008,-0.073004377084663,-0.0497631259653017,-0.0554603721686927,-0.0111226139940472,-0.125947757742141,-0.0636338895330498,-0.103244493217644,-0.0463217036732201,0.0708506815415986,0.00965969078854446,-0.0590624074204565,-0.295209276740744,-0.05683785281531,0.0767525800154746,-0.147533274169561,-0.17866863088159,-0.129964014757691,-0.0569483710778858,0.13273949443816,0.0898317374131491,0.157011803476947,0.0964411587698175,0.121897289426579,0.0338313661107529,-0.0221415235104962,-0.020804784652358,-0.0817322376712761,0.0512772341261128,0.164573768514788,0.0256968177449847
0.0700348364008476,-0.0239704495597496,0.167717909052809,-0.193890501198613,-0.128013361791562,-0.0172908544868531,0.0929533956020544,0.0475500988088617,0.0174723635428036,0.0131641739410757,0.0980712259735311,0.0733731160433584,0.0541543417359448,-0.00225247639546927,0.181621670933407,0.0646108107850018,0.0396450182440696,-0.0661317890860155,-0.0312890505891804,0.0521839426694632,0.0497154603216104,-0.0146461976240866,-0.0294097506505322,0.124156709859085,-0.0374794701436775,-0.132098711717661,-0.0069722462762447,0.138203510774689,0.122910777855361,0.0504789547584132,0.0151953692280895,0.0020728300638562,0.0981702510250494,0.254756930134899,0.065449418126843,0.137005304464898,-0.011550484674508,-0.0194511971441153,-0.0464500550360061,0.026670594510724,-0.150901013138159,-0.17389977405718,-0.146764484627377,0.100310298464176,0.0746159162222359,-0.0580656595777515,-0.069740900681406,0.00950046679319937,0.234826293082348,0.000573215532541773,-0.17064329760773,0.0385580912553329,0.0164716075145597,0.0649104997956364,0.00829326334829726,0.0382576939760034,0.0214621094517328,-0.158831803363149,0.107951009650806,0.00264932219596475,0.0162221023245074,0.230179903494697,-0.0754173286910113,-0.137704849755437,0.038563387249952,0.0846794819578409,-0.0798020930771298,-0.0802886767946729,-0.0830705355454994,-0.0229157103690893,-0.0686363099527871,0.0985395962593629,0.0477468834142986,-0.0321101835471929,0.00834151452793599,0.17431799099328,0.0229484733346108,0.118771603388377,0.0344104617205118,-0.0627218199647559,0.153349398652177,-0.141907091256958,0.144645494476738,0.00492515171536585,-0.133790226779322,-0.0304472027988545,0.0222287848235356,-0.051948344213602,-0.194052254725725,-0.0787922430525422,0.0536783222036106,0.125299434439082,-0.175711528754262,-0.110401492474667,-0.0714260669220145,-0.173291554440732
-0.16052026464159,0.00562160042494263,-0.0428403892145274,0.323572266249262,-0.0390778288715258,-0.163125999235389,-0.0576847994957339,0.184893274193222,-0.084815975339563,0.285055559160268,-0.011737294113548,-0.164823996031925,0.132508621723815,-0.111380121212969,0.0758849200100244,0.197153158767001,0.0432603408441322,-0.00175940540973432,0.0693443542800025,0.015955011500946,-0.171237419688234,-0.0202102850319232,0.0868894507188181,0.197358700623065,-0.15138175352612,0.129346331515406,-0.12721664302615,-0.140779036812939,-0.167112245798679,-0.130697324065182,-0.0928338672331475,-0.30002252466153,-0.154546709807004,-0.0762541617783484,-0.0472536646202635,0.296124831873704,-0.30169018726786,-0.204518450635204,-0.127791562478851,-0.197114964659488,0.189058344679955,0.148759327295082,0.0618732731984121,0.0673662436438602,0.201581476339136,0.234604585899743,0.169341795304127,-0.203527246506664,-0.259028896751942,-0.0260442032865756,0.00374450909686855,0.046611080612251,0.177724554696596,0.353281600342776,0.329796122048267,0.0718561532512931,0.0129785606079209,0.155318915747189,0.140706136307106,0.136932688504081,0.0728801185215262,0.0331886318112414,0.0375617953792793,0.0381662973251837,0.0922326132316083,-0.302906713958002,0.0232958340553227,-0.0126714393379846,-0.185214653888271,-0.306349330809025,0.087798501728969,-0.259615940298268,-0.00280378484903948,0.0283648798635932,0.0303144974623441,-0.139396342914214,0.0186352201325033,-0.37920936342955,0.0920625597426821,-0.15405206560702,-0.441563842073083,-0.335847192186346,-0.256486341474666,-0.310160057361075,-0.00215050879158867,0.0891825675540211,0.239788239839968,0.351175555147708,0.0333081313061435,0.0842319035175368,0.139433251137641,0.00288752246979665,0.187972059957608,-0.00983467810383638,0.0312865457713822,0.385986465421181
-0.213811672116008,0.207017907290291,-0.131966594423335,0.239926316294327,-0.0695934082024213,-0.0538501727503469,0.156822052135158,0.161938676165325,-0.13174891228725,-0.0140142706814348,-0.219472013625554,-0.262326025789053,-0.368991987600336,-0.222904450119934,-0.0913021880048757,0.0494177212357033,0.420422230641938,-0.31091841268701,0.0450404121911556,-0.168926585578054,-0.352285244390824,0.112686792369834,0.165293708143368,0.43985449668491,-0.237551980006741,0.395338410747943,-0.158650119904529,-0.380554206894813,-0.52633476084576,-0.213417888545043,-0.445836000254321,-0.429154130467451,-0.243642380529801,-0.51408140787444,-0.077267245419734,0.457977894279156,-0.0859118195988396,-0.203034518857794,-0.566798234634251,-0.170952892632173,0.205897210356886,0.533472486538094,-0.054701164517773,0.103198709016568,0.198552272228798,0.13915148538564,0.164197817773672,-0.277448392423282,-0.388150145890347,0.115704420422664,0.269853074257465,0.304026594947394,0.446585230260655,0.61501056210006,0.549182387142231,0.239094969174687,0.52529745593319,0.096690976868469,0.170800454058573,0.397453676083613,0.297639037440945,-0.23797500022342,-0.128416637534044,0.315977550543615,-0.161055287845416,-0.271003624225567,-0.18756781334607,0.0243384777586389,-0.211583108304249,-0.350528382905493,-0.357784215123469,-0.462643433033569,-0.236031119863659,-0.120232619570909,-0.056919683147585,-0.306689995282619,-0.245975218630162,-0.497794170952973,-0.0106359391467935,-0.326265746796331,-0.906318711261335,-0.76716328871967,-0.670541014995566,-0.385133471133709,0.298721198064408,0.124260669374817,0.618435936152836,0.499283359065946,0.225970120092464,0.0734330924235981,0.308954605521138,0.392533227953549,0.343695135406595,-0.142103597713198,0.0585051986819458,0.393991891931409
0.0577109574061387,-0.0703152425431552,-0.0129209792500998,-0.211774382922675,0.159305963511369,0.230868734063579,0.0571528074801782,-0.137334845324375,0.114898704915688,-0.156895594064028,0.0474975477156587,0.185164445296037,0.0865541891743882,0.00428372066167007,0.0731320706508957,0.0298494672096863,-0.0463194725148379,0.107678947733925,0.0219709970544835,0.0489963887964823,0.0924920304505607,-0.235917681965782,0.0700812754162248,-0.0753150250242128,0.00700978523891269,-0.0395934976965806,0.0270104059370608,0.0539774206134584,0.240500152762877,-0.0328648040906207,0.0287980904276979,0.260657185668961,0.0414385289877668,-0.0459910269852782,0.0414819649068322,-0.00956845392280206,-0.00517192538980412,-0.0290268048811257,0.289601666396877,0.0728056392683386,-0.142838403761254,-0.0339849389704995,0.04554358976839,-0.00544793088938324,0.193466539594131,-0.106962897388668,-0.0851500798933086,0.0948475518886362,0.0849422038860869,-0.00776337625876262,-0.116579849758406,-0.226697335588825,-0.0832315966727914,-0.121055061349784,-0.0834862709939787,-0.0626528563936539,-0.203331534334332,-0.0585113622325832,-0.250625268951216,-0.125670605749322,0.0699569919264597,0.0425117156287245,0.0243110078859138,-0.117646164339153,-0.149015318513705,-0.0399694136387493,0.0348951170913084,-0.0445374332009968,0.149965436295634,-0.0887094602060167,0.0592507324802333,0.156269853754778,0.150575750302142,-0.117144889323532,0.0868903075228037,0.114235329981041,-0.138271279170981,0.0683330683008664,-0.037119247571734,0.045067440735093,0.160890316488295,-0.0476999100197641,0.215013932926164,-0.161708840761329,0.114926591902661,0.00832897600275605,-0.0678451477077739,0.0508932713336796,-0.044120570011467,0.0890441859735575,0.00816792992730668,-0.147463268796601,0.0172417538636298,-0.0671839083114921,0.0807200133133255,-0.123446665899521
0.295482732008549,-0.0464973807361835,-0.0146999731638537,-0.104453282087581,0.0103568191489145,-0.0762958648394075,-0.0279326297268122,-0.292271354505799,0.116303577907658,0.0901965226986478,0.242230226438895,0.373121616725794,0.175714498031887,0.188533176407174,0.0950729150214046,-0.061338519004223,-0.075032122678645,0.00321593610270915,-0.110906000426256,-0.00371144488104334,0.0666044277363906,-0.0124003225537674,-0.129408729955751,-0.137592344992969,0.00971980840700587,-0.23695258299717,0.252160520170448,0.443262878706416,0.514768047766713,0.23443217469135,0.262476854877777,0.235527459003704,0.235259742082877,0.0512263590398738,0.18978473278691,-0.297523893285835,-0.217308532951682,0.0453699197521887,0.660506605460932,0.154992903865564,-0.315979012535128,-0.243948762878666,-0.172119913095802,-0.215995663719297,-0.211135245594505,-0.133175903467014,-0.216308613798323,-0.0374263029207079,0.405921619027623,-0.0967173732332823,-0.13818281165583,-0.130505034857631,-0.499628857402947,-0.364038027789921,-0.380056766990486,-0.252150232685233,-0.34678983858793,0.0317180283695424,-0.140267527481117,-0.354121851008952,-0.0545790448117791,-0.136634647615541,0.0544425943471212,0.0195948875596795,0.16701206734517,0.296616326350075,0.0500541399061613,0.131059109063775,0.340617756207072,0.271819741482226,0.102925830162961,0.343058365530119,0.29225601236874,-0.0430805781961591,-0.0907957869917245,0.214435780854808,0.0333449013637189,0.230177102974043,0.207978907702462,0.270493849996402,0.696720673099549,0.669241765207725,0.43415401505934,0.255812290819624,0.0504221749369939,-0.267177465439895,-0.0971980162412821,-0.283796893405388,-0.236430872938681,-0.0444738386851698,-0.0734154397404825,-0.158861329108942,-0.294727115442147,0.118391651356153,-0.0836070135732711,-0.267464722117368
-0.0793658040479749,0.0383934332924607,0.103375826254177,0.0847711260888938,0.13979842451557,0.154883585644708,0.154407305066787,0.000386121981285653,0.114203935812796,-0.121708411366937,-0.151395914701042,-0.186338292705066,-0.12129394462588,-0.130307303126154,0.0893653252183439,0.297612394445915,-0.0633485416439984,-0.0434321541465114,-0.0686153734321508,-0.130942171880404,-0.0301229711173176,0.00112843327864848,0.194162563561579,0.126302630832724,-0.169348766227119,0.0965960097715513,-0.0342126973238133,-0.0591412745160611,-0.0611329678918784,-0.217636989224852,-0.193151824576479,-0.408368367693786,-0.0205972059424351,-0.0654534628167623,0.000209507124104655,0.178575660753059,-0.0480211647325636,-0.145348726860101,-0.177959690690126,-0.010747459922457,0.0914568672658881,0.0569215687149255,0.0818520164253718,0.00456655946350422,0.0350739038770718,0.0971199296339297,0.00289970313011256,-0.124867440400628,-0.0865162363583495,-0.0958000680408952,0.078973040903537,-0.105379461311135,0.0904504655016312,0.274971003718073,0.0295394751514606,0.00150625050543123,-0.102212525748684,0.193314119831137,-0.0213246998471411,0.327056381603067,0.140418621105276,0.0368226809400499,0.177392120419377,0.024300178177667,-0.111280853640559,-0.0970205753280708,-0.0259637086733705,0.00861853392894194,-0.116715045270301,-0.227637817139154,-0.200360315129538,-0.113335656869955,0.00311039185718018,-0.106160893670649,-0.0797433476837926,-0.000498043062204662,-0.265271717859274,-0.191626758077111,-0.0732734463839491,-0.308883337317832,-0.486528935360495,-0.371540775179562,-0.367604237392589,-0.148803153503302,0.0469197368218401,0.173361095391985,0.150819363424281,0.21890785387026,0.153175051551407,-0.0585800370686738,0.103647131361084,0.0409664069323064,0.166855357704532,-0.150818306339424,-0.0717073169334873,0.127702238070064
0.0369530939382982,-0.114437927537284,-0.0306088145791434,-0.20470950689688,0.105882060931144,-0.21647130747574,-0.183589838160956,0.0267763282630395,0.00108372015048177,0.0594138773287201,0.119435355091123,0.0338100783096677,0.119376481756133,0.0874411603046695,-0.0154706036522505,0.0717327933532278,0.100786475116865,0.0611566205013392,-0.0662482836561923,0.0551338842048767,-0.180916378091894,-0.0478431872909191,-0.288653609458344,0.0459332381299423,0.143373359109585,0.0865171062899116,-0.0530876863340849,0.209529047954962,0.0993720013251126,-0.0388529462252281,0.187510407523723,0.0375498926217674,0.271328771901716,-0.0760468266539045,0.142199787479965,-0.191931202117834,0.0825454881309625,0.154007617423454,0.131488045002621,0.117578128574832,-0.063235568970691,-0.0307847193110763,0.0207793531804283,-0.142646998052702,0.119177183348221,-0.186686137064086,-0.11764920206756,0.132358047140998,-0.114669305057253,0.172301980395723,-0.104854262475523,-0.216319588179587,-0.00521115568997581,-0.195719490495432,-0.280462049454908,-0.0280887124080797,-0.0464541868461185,-0.11545396297576,-0.0481697348818349,-0.16122078268565,-0.139532983654152,0.120694811693365,0.0199126596109023,-0.169670948422144,-0.00115122688691832,0.114629831364193,0.146144840151858,0.0840753365252844,0.0295756424551405,-0.036884851879668,0.174939150024919,0.205887078430774,0.193652418475235,0.0683065765798703,0.0705150214086941,0.273423155634002,-0.0251274071156985,0.200402099710147,0.0532583672001843,-0.115603199443916,0.049341717755754,0.175492730313651,0.207654664229908,0.0204878190421869,-0.147646805117605,-0.0684361340202075,-0.144857874423616,-0.244303970506596,-0.160898425486433,0.0501546487217078,-0.0903232628953599,-0.166463993276748,-0.145981954932683,-0.0384267697948509,-0.0254628524382559,-0.102911990249314
-0.189039142069316,0.0994136099642297,0.0408952643318772,0.269153322857492,-0.165839191276608,-0.0184320566704737,0.247111432270004,0.113822787293855,-0.0730969502703573,0.143804950299183,-0.265892247165058,-0.161905113865942,-0.182969634169353,-0.0139323729896449,0.0391118725023935,-0.188197237857227,0.181574332143902,-0.034737885590395,-0.0490847183220853,0.0566753332458717,-0.250780898044995,-0.00278428078924529,0.0604264322704494,0.215713638093467,-0.137079881042132,0.297855499662207,-0.244045755953337,-0.166481797988279,-0.404683552748375,-0.111156013633146,-0.230545384563804,-0.413892588190231,-0.187760543389927,-0.151905918486553,-0.118885768835539,0.32541552477122,0.0685928306899501,-0.0963356473122652,-0.250197939390407,-0.0835043065496279,0.174953710211533,0.165523373072178,0.0456044228448901,0.0216863588199999,0.246033832610149,0.242349140729117,0.102013084185398,-0.130988671507317,-0.216570657970669,0.0435420653830518,-0.0291835004179853,0.156124078138005,0.35193807151175,0.394737802398357,0.347277691618129,0.00297989285265518,0.217552310882931,-0.0885240993123022,0.254473805006981,0.486984842260152,0.221998204153152,-0.114369869944716,0.0199294054959135,0.0606145442518396,0.0664478785506838,-0.230059386235385,-0.243563380586842,-0.128353712616769,-0.0131705817569941,-0.217722693964729,-0.0725082684004666,-0.20974885619171,-0.208895735510212,0.0840705039362646,0.0127419410179235,-0.207038960739536,-0.216632465006299,-0.377540119551107,0.213816301925767,-0.42310667745139,-0.533512451020577,-0.452292227621057,-0.38378074385439,-0.136120291691682,0.0891983989172458,0.211093438796423,0.384847819085422,0.35111601692246,0.166959151308605,-0.015565315349569,0.113351956679418,0.363401882173041,0.167770835506253,-0.283313190738666,0.138374318333162,0.226194150471029
-0.0555603315566675,0.11472328536414,-0.147277170670926,0.217971036642628,-0.0505114483437082,0.170338854696788,0.279012689418399,0.131018291811964,-0.21546239575507,-0.0486410313199018,-0.285548561833738,-0.241838726061321,-0.269832467195213,-0.176378182444983,-0.208351833037666,0.128584191743951,0.406680371130736,-0.0970734058208034,-0.128038294516981,-0.100237524863734,-0.245588203245373,0.115366430783237,-0.160926726882201,0.200019295189853,-0.438340581109144,0.148970092467042,-0.184056738907651,-0.216734601243398,-0.496814798772072,-0.242965257596338,-0.0817341713531193,-0.423448947982009,-0.185540655924595,-0.415624361205498,0.0776662755138995,0.478204353269029,0.053855646807558,-0.229542135818303,-0.463992881440297,-0.0448246483902471,0.19477546190032,0.195917652300103,0.130032762818202,0.134927804528849,0.0587068094614342,0.220531607234719,0.294296880325874,0.0941769203184557,-0.0312572585730702,0.11873769543293,-0.0331009580656524,0.100698902079721,0.442261987051408,0.310790315173995,0.524785201907327,0.193242185548527,0.322117915987591,-0.0300686292604351,0.238513962581237,0.461035291914689,0.24545593617493,0.114569375548904,0.183902917500585,0.283946340206393,-0.291885330653392,-0.371704786432316,-0.148673743024256,-0.12332495847623,-0.207419305506356,-0.440127291711938,-0.22468030588974,-0.365724097813534,-0.2493338437732,-0.180910310921502,0.0574115006663416,-0.417136990239218,-0.219003791423799,-0.525774535686427,0.049883658275526,-0.306952549981793,-0.609914215610007,-0.67981964428642,-0.583622845600343,-0.301217816200996,0.154493660917212,0.300689110339618,0.370276881292031,0.271207974371746,0.072381648274322,-0.231620292936227,0.190110753765938,0.499099449756127,0.310660573480434,-0.182489358281664,0.275165846463389,0.394380640361555
-0.0800851715502689,0.0969936590615314,0.0339057246755596,0.0313349865762983,-0.0379131809259473,0.04165560095018,0.00295336644750618,0.00844380262038915,0.0296031866011783,0.125924413838749,-0.153402122366658,0.0952024077196106,0.0686920274714249,0.0690425443981834,-0.111158565727711,0.00624575867732279,-0.0848910024573404,-0.104003621805797,-0.0768166370645964,0.0779717222286061,-0.149271827007743,0.146098706078147,-0.117466704004245,-0.212731457536557,0.0320548985632662,0.246296050051161,0.100859861513742,-0.113894774610728,-0.024174691127563,-0.0304437611555925,0.0902881845918369,-0.0726874069883632,-0.10359986515379,0.0523347272591925,-0.0179609273517665,0.155315571147938,-0.0151185611387127,-0.0785980957057105,-0.0279404836169074,0.0769225245445915,-0.00594609713763475,-0.17145773898926,-0.0815271952099646,-0.0508969663409905,0.0530194899790545,-0.139061558572267,0.0903827547046644,0.0366916545368894,0.159192581781147,0.0323561698153196,-0.00332753417887251,0.0606958877876999,0.077110735257656,-0.0092134176286058,-0.0566836361395704,-0.0705706966397527,0.0813206097568673,-0.155908201378917,-0.187027539470868,0.155305474772277,-0.00423451648823699,-0.0391461085869356,0.054313964834334,-0.121509929213101,0.0937810661575142,-0.00529049372643801,-0.094188014297739,0.117957527492844,0.0238805552414261,-0.0398455259288924,0.0829766287803175,-0.0848997268383481,-0.205426991098565,-0.332418871204832,-0.0260420864263089,0.191377118345285,0.162208594032902,0.0741828580832024,0.0660126464592745,-0.270976343876425,-0.111353295370707,-0.00619180927338089,-0.223226463506127,-0.130648717917759,-0.0163055968852169,-0.0471399043290999,0.168163432792144,0.0805485877844213,-0.0835902097307089,-0.0337422855105838,-0.0436402138711381,0.0513345586811248,-0.106692354322325,-0.222252263690133,-0.0124011857120369,0.200171288012807
0.325728420731632,-0.195733825634087,-0.0464845320583256,-0.133702976660644,0.00274846881924234,-0.0294720404054391,-0.423941539541388,-0.149896201794392,0.242880766784559,-0.0812902247458561,0.309740314459094,0.452791138669194,0.289701234612946,0.495185934946318,0.25164216708563,-0.243592992738581,-0.571468577318946,0.22531911690526,0.240719784152248,0.000707241070419182,0.260721787071828,0.0394679049153124,-0.0806452488899948,-0.194086391355535,0.403716123443914,-0.121489751924434,0.154277364536609,0.583702686136753,0.60914332419401,0.288557769215444,0.277464347617509,0.636659493552986,0.452210481344699,0.579289772493776,0.176111682002143,-0.498259242901362,0.00370350151911096,0.507370898473557,0.775670149802429,0.0349538893063085,-0.325571375237001,-0.495214945252274,-0.21830468754998,-0.15149914593073,-0.378963530670889,-0.403609163802853,-0.36324190880175,0.328353523022648,0.247490885781811,-0.0811995339983054,0.161212792767576,-0.22357325790844,-0.627923972286715,-0.91109712844716,-0.615303811965501,-0.410110740392062,-0.223759720778741,-0.234162526257904,-0.15176289732204,-0.627764987299822,-0.460258594477373,0.218903853290807,-0.00187945464970841,-0.262401178810719,0.181538311074045,0.331049038216636,0.38399312776017,0.213233912813234,0.346888770629907,0.234060165079265,0.337960160636637,0.537670257410626,0.616287468680619,0.0523450229749977,0.0584990977073607,0.576521103182778,0.201883079623341,0.643126459578411,0.119377331790961,0.470462837629826,0.99597462619281,0.875360933626003,0.756903262155669,0.409413411445966,-0.281948468963823,-0.463453586098839,-0.452724139022618,-0.488482441147385,-0.2725653344131,-0.140175834035147,-0.137632297284491,-0.496538300744146,-0.305250145949881,0.377644637593395,-0.138767097579158,-0.583495474217547
-0.00278953554003238,0.154856696428371,0.0523426898811985,-0.0431417957325754,0.00931244382499651,-0.138976158347555,0.169838637096882,-0.0679428623712313,0.00683105114318164,0.077195226064401,0.0182533594633501,0.000876528909414434,0.105599395423535,0.128531890559569,0.0132528088029658,-0.0717895515559635,-0.108402202517066,0.00361921318655053,0.00477085655144539,0.0196209538178855,-0.23129492530113,0.271573670812659,0.131031238669981,0.0856914885756202,0.0628295515038098,-0.0144426394256143,-0.0705133562357515,0.0306143072932131,-0.0207014356662099,-0.0885439579199193,-0.133284291394653,-0.399555479394413,-0.0501921079942392,-0.0433727992400974,-0.122033906296904,0.181868442051056,0.146964315589587,-0.0528481424616487,-0.0185743282021962,0.00140073832175479,0.148372467463299,0.0186675670240718,0.136259347416185,-0.143098965600134,0.0630624496001398,0.0453510365265828,-0.0369175934235157,-0.102743709165741,0.00115561779332459,-0.0400785550687675,0.0947021733331088,0.015459357530456,0.0734652463741202,0.0736098488821703,0.12262596388172,-0.114442532389498,0.332308018615906,-0.104728554947838,0.144347945122055,-0.0669325578589633,-0.0838464764072829,-0.00293595135838395,0.0764062424489157,0.058296230798234,-0.0706368263351563,-0.0182261364960472,-0.112391717838454,0.0368063583975977,-0.0230440446996746,-0.0261601109346742,-0.240127160626463,-0.195037934203824,-0.0698177612668665,-0.00618851368804858,0.0172790447396415,-0.00787611854729184,0.0372819869268199,-0.0433854049495966,0.058721727624182,-0.0230916535453368,-0.23418214046718,-0.346089600540179,-0.245155432411883,-0.118967080469061,-0.0133800473738257,0.0478157424621998,0.0374132066000474,-0.0788819204873163,-0.0537532128781003,-0.0148826270447713,0.114965356433578,0.0201515255554997,0.0346196999818703,-0.119473595680121,0.0494872062949013,0.240876750982971
-0.222696673075029,0.00215991492230216,-0.0310183807611825,0.206240968468256,-0.0788124893046542,0.0429835055307196,0.20975720690741,0.0603251721541531,-0.205727930158119,-0.0758220485239532,-0.219263290284728,-0.193524674404726,-0.174002365267177,-0.123079619739347,-0.0475231151390026,0.018147239046868,0.173885488653367,-0.255898661568457,-0.142281332204916,-0.0532524192086662,-0.14112756468736,-0.0948767239522313,0.180129559042195,0.0181320150607168,-0.105974173822151,0.294572733761821,-0.0289234697521572,-0.24212194871158,-0.388676942837013,-0.449874502524657,-0.215352587979337,-0.239938992659499,-0.0675608383130214,-0.150810762885416,-0.0943024199809679,0.300022961509753,-0.173592053384081,-0.203539939463249,-0.380204200359444,-0.116184955269418,0.314948774504553,0.245799624876232,0.0619304009026635,0.00548685739597723,0.224303579116613,0.0583682916374094,-0.153148353103427,-0.0609682375523723,-0.103432017215423,-0.035632402258399,-0.0236812417115583,0.235757948229324,0.492575467405761,0.24299396007415,0.386386163530352,0.305117624945532,0.191249328385539,-0.0387108019232906,0.0570271658821468,0.263332537236108,0.154771454135275,-0.23833946848156,0.0387654915904671,-0.00051761263434634,-0.119915882351063,-0.0770607976203599,-0.134974924551172,-0.175567688718802,0.00854755992728182,-0.352527584380091,-0.132407994146829,-0.2166912216739,-0.181640377903054,0.0935664707293394,-0.205921451653922,-0.0748099431715485,-0.0413439546478158,-0.288055887810609,0.0505314235488922,-0.28071137447715,-0.493739209882343,-0.556112352161122,-0.438797699366185,-0.461676446844891,0.111907029929093,0.353928212169096,0.190164724919417,0.320687339340035,-0.0941772282307868,-0.0478777380363932,0.249880169262571,0.380460160592023,0.409448547367093,-0.158306494256689,0.282599538504597,0.211196605409968
-0.490505962358554,0.168781940555815,0.0619531329388729,0.355900447431131,-0.168968917164735,-0.0254332255792669,0.418207963658381,0.170534783085761,-0.290280696511685,-0.194303940594964,-0.448268274755459,-0.414146897077598,-0.388160870726468,-0.396777010913587,-0.103288453976667,0.0341279157559689,0.641073771298276,-0.290526965929923,-0.0372501081719676,0.117844863907541,-0.356098421650141,-0.0222035542132085,-0.0960357834194239,-0.200215492950184,-0.339468436422676,0.344601530215227,-0.353906426585612,-0.709713910888484,-0.713027900383897,-0.338900946658362,-0.433363554764576,-0.711413901050847,-0.603245481686725,-0.534137746145356,-0.221143016583081,0.496027641859109,-0.010313132517791,-0.320123100110821,-0.835192097154464,-0.201250598542415,0.37783769686102,0.509587542061404,0.357651588933587,0.504522036941605,0.356787011976124,0.304179230956789,0.397214006811882,-0.28819287981135,-0.406329615882219,-0.107189760796953,0.0645113865326039,0.467069693056358,0.859016631059305,0.736368266498965,0.707837423801079,0.425240370566296,0.593642819189255,0.28332746841082,0.557953431218291,0.759754332809445,0.46585571212662,-0.199167837606197,-0.0412033294934383,0.356155278399482,-0.190633254041338,-0.463346758993184,-0.38787096707525,-0.0780868473858887,-0.41050969401271,-0.692904882928969,-0.439799713873786,-0.596409241149736,-0.764736239622039,0.0884477722106478,-0.15821636838769,-0.509913389205822,-0.331930408125319,-0.736859211177671,-0.0238974773995292,-0.47020009362225,-1.15852820566806,-1.04506740943998,-1.0073272592046,-0.550929753003366,0.22248804669578,0.402679319028857,0.636364056540633,0.58661294718624,0.211298768886241,0.0289371690450185,0.401067277346127,0.359778683286205,0.505012731320734,-0.174935625638998,0.36072667556292,0.68676115076941
-0.168401609403891,0.0526077428012554,0.093602254866975,0.205165607264213,-0.00498512907287046,0.0796665138901076,0.250929648186609,0.233949354499326,-0.130035667136656,-0.115894438763953,-0.364314751604087,-0.238301399844564,-0.448164422842991,-0.246520617167426,0.130803912020611,0.0991729028596148,0.399937893255166,-0.199314402325562,-0.0946395725754196,0.00624562142123936,-0.149982719048798,-0.217875368150523,-0.0615245868318801,0.113373319620245,-0.391541597580192,0.119894700399903,-0.0822464197683339,-0.427698311284382,-0.703285757163531,-0.308698230913925,-0.503457198634697,-0.49948165847349,-0.423946480567349,-0.676788769985613,-0.138611391299135,0.544681971816317,-0.109590942127655,-0.335725153007802,-0.685284821890945,-0.417981788192281,0.20703356816964,0.356724182588361,-0.0875120182994501,0.310390112410542,0.267025283506588,0.156073041799785,0.341257122720633,-0.190105242346623,-0.265424724228565,-0.0368185362684922,-0.0709652071927397,0.160531369167127,0.458085990643592,0.743006568297327,0.627891759993971,0.303610415198059,0.324285947598005,0.102653555673102,0.3457897238389,0.674048600031568,0.365080372532287,-0.205434622766321,0.12565376083205,-0.00569582610813962,-0.346035911252857,-0.418113625534398,-0.284852809074176,-0.167178321810063,-0.478625572903484,-0.36735341119216,-0.251991173624366,-0.408869827586379,-0.419892822568561,0.0585576303891042,-0.0611266864785717,-0.375800773097458,-0.255395672837459,-0.714680683238092,0.0145904473979258,-0.629125080465659,-1.05610348621311,-0.99105467438873,-0.519044346165131,-0.285352740526365,0.129933888194888,0.195523362913146,0.543442861727654,0.473546397030564,0.139838684245913,0.146088398868136,0.139637592057542,0.532121334466311,0.371729476102827,-0.284615723434943,0.305272659551438,0.362086179827642
-0.311192412495659,0.340051496415319,0.212372124503148,0.412850254286552,-0.00966845755848811,0.115458079066983,0.43112143887696,0.304259280205003,-0.249807810893753,-0.236131357441465,-0.500212935671965,-0.460406969521613,-0.470287331492346,-0.334090490286009,-0.00520503684810045,0.0397965641084851,0.561912785483466,-0.21093644107181,-0.218033649658809,0.021112274234123,-0.268856410623678,0.181803039331969,0.0434266738700351,0.204743828057382,-0.143573186271934,0.12433444457327,-0.45202678566375,-0.536044174876689,-0.527766203324567,-0.404933748145605,-0.252861191966322,-0.638409866868716,-0.339006239897153,-0.548664123134098,-0.179870675576275,0.561537516668299,-0.133383699075255,-0.383203737884187,-0.625212347897185,-0.25328507969927,0.43100063554218,0.438970658733711,0.246630216497117,0.457520863186075,0.484260727281693,0.292160698295079,0.193196848546713,-0.230086530323962,-0.40901298325032,0.033522064641918,0.0200838698509587,0.257765002447789,0.738323137884997,0.84739544676171,0.661371729397122,0.658721001007746,0.459919583163043,0.056270815237413,0.496502364535357,0.730996891840211,0.632210593324481,-0.209940863923813,0.0870928603860374,0.159858395178832,-0.281262216620072,-0.286040053238216,-0.39583370213722,-0.095974406848138,-0.444530834593855,-0.372583476082093,-0.372561960087471,-0.472101180052986,-0.724645356650087,-0.00569355673770675,0.0793604048333324,-0.283850472891905,-0.154292992565947,-0.691142731243402,-0.0344501486999548,-0.583207554724223,-1.03528316706562,-1.02216133395001,-0.822398734943206,-0.694586375640548,0.144878334281064,0.427256916770957,0.729125368758393,0.729826855649371,0.238789124784559,0.209369436446272,0.382160655715184,0.526531941884802,0.384418287921784,-0.27778661176956,0.184455032456375,0.525779357275329
-0.110415772044998,0.145364576692098,0.0549697143933336,0.108979391304928,0.104053540872136,0.079995924946238,0.163591874535259,0.246836514846066,-0.435017628324995,-0.141554663294668,-0.209205536172739,-0.120686186298426,-0.108579028397624,-0.334323762051594,-0.0365114411776009,0.0512719836611445,0.360072050625257,-0.143461627034636,0.00468976202658557,0.0163050642580715,-0.359546581125132,-0.0741694363324551,0.0538270842451247,0.133140699934699,-0.153990089338658,0.227401922402394,-0.164548521226391,-0.483596869153011,-0.610972036075536,-0.278413639002865,-0.21966726396074,-0.499138970763396,-0.167643476171637,-0.248467896057251,-0.0376756597405713,0.202543398620221,-0.154982402609648,-0.353680278088004,-0.531013583998422,-0.29398993526416,0.185044419818296,0.412533682063734,-0.00191698014181428,0.19889656201059,0.463640705689386,0.32739496563882,0.210468655561711,-0.00687269594693038,0.0536920162619989,0.168586677031402,0.0393655697617239,0.385766753184552,0.276200083047028,0.382774981845914,0.385159407493613,0.307723211273929,0.271482532643335,-0.192791585814615,0.234377635670073,0.406003356096422,0.297681686508611,-0.114637589999661,-0.0581038513473523,0.0429671731066267,-0.163212344343991,-0.286955628303214,-0.261198133540759,-0.200832721022233,-0.488609633336812,-0.279486212695827,-0.336322499828761,-0.286845589779548,-0.182433061723841,0.140134838559417,-0.0602664322659989,-0.356755246548788,-0.32854723782241,-0.227564287167652,0.0814535944550619,-0.349252057922834,-0.672778391076202,-0.751096572467942,-0.614504008338127,-0.421959554612078,0.144185964629386,0.132168764690535,0.246257697289327,0.307981085691126,0.0379679956187535,0.196086580387541,0.261751946333206,0.241548167869323,0.1559856180644,-0.12113233992312,0.247144320564607,0.371149341412554
-0.116276451862662,0.229629202880108,0.0873357537793286,0.181935928303854,0.123843064714512,0.179928698790957,0.178234421949184,0.31337278675313,-0.16461465106195,-0.0505472500989699,-0.165871288317632,-0.265946166418334,-0.323748249034193,-0.449299057818955,-0.177837667364739,-0.00418020082095577,0.307054130006724,-0.202835216096024,-0.337375504811677,-0.106464088617069,-0.364298679986729,0.00296836755330065,0.108565138926591,0.117503526229881,-0.248878440061517,0.265628299599332,-0.344412629596444,-0.520665453197326,-0.625356375524395,-0.241034152449006,-0.473666945682786,-0.477648244097692,-0.476391122779342,-0.578859579137894,-0.201557875710095,0.536062073047996,-0.0982555644869444,-0.344768759239602,-0.722029057655616,-0.300465251842055,0.345984507825572,0.430052405534871,0.197851564245606,0.372840861580278,0.338691759789267,0.343379891405447,0.241699863345132,-0.392587574360225,-0.197091259739044,0.0287143275643621,-0.0381848320738563,0.223785506203484,0.422443621908131,0.580789369025968,0.543023679901979,0.440649338488356,0.482524621276,0.130376471605779,0.277753259618081,0.740583794125036,0.297071241358212,-0.254858554806122,-0.00126546543487964,0.071022593682828,-0.279534667334322,-0.415863246689369,-0.305208999675995,0.00197586772652977,-0.376907559483472,-0.333602505590422,-0.331372377555744,-0.621016890424507,-0.301980745941041,0.0175996920331989,-0.0795784493792173,-0.391593534880012,-0.0899222869046359,-0.603602776978438,-0.134671637328187,-0.375128328833648,-0.946353112236175,-0.823780836299611,-0.721476830384931,-0.386504931398798,0.235761107183671,0.269810917378985,0.5596650740654,0.500296989739776,0.236220170811058,0.125355182318286,0.0812678912052957,0.443244360598358,0.519098196632506,-0.345217103979373,0.278927571344282,0.336257434182462
-0.0429453761543932,-0.0208982182757498,-0.0282972808441211,-0.233884945335567,-0.00191518835909672,-0.039028559816282,-0.116105578340633,-0.000299636615217966,-0.0192504566111223,0.137164181479209,0.0504517773829571,-0.0525025293938154,0.183971208678017,0.258332123855011,-0.11372802829259,-0.0231332365489588,-0.119467909023405,0.108300074853174,-0.130812442039624,-0.108394736214413,0.146926925351707,0.0688391461824881,-0.0576269547096412,-0.0834513006084303,0.239026133930825,0.0974145458439059,-0.0421536617118842,-0.0634092412622229,0.154541927610488,-0.0471678571444236,-0.00187434516221363,0.43486029378232,0.259606050605096,0.010806319858075,0.0473178004358934,-0.308490776879271,-0.151974993101402,0.138623965218057,0.296500601241431,0.0819597736538376,0.143607790379431,-0.146554669948589,-0.00277467249682094,-0.115410610382111,-0.177990340592605,-0.286739800180374,-0.0876769809212934,0.147825769922954,0.145926098994917,-0.0795312328354858,-0.210978900953768,0.127167374391502,-0.0713803484500122,-0.269430713369496,0.0100316626970317,-0.189749075752174,-0.10193208564516,-0.0220659012077639,-0.133355114421009,-0.237680006587612,0.0199629757263047,0.125835780625563,0.0635392104541972,0.0434118057860059,0.0726115107619009,0.178571981905794,0.100290085191311,0.106890796471752,-0.073004443452072,-0.0124566270560549,0.0795119013972822,0.20280221386535,0.0234502718238541,-0.0395942890459321,-0.0370270537246637,0.334529104545506,0.103579451401841,0.176566652622428,-0.165365843671037,0.35352838087272,0.292908589516243,0.0790948614460792,0.366077634715515,0.0797172280935567,0.018610305737312,-0.0143848728501036,-0.171797738577147,-0.119556890356786,-0.209814783683296,0.0586912074079696,-0.113684480528189,-0.0200893331181225,-0.027414140081821,-0.00758581321699903,-0.118226373442444,-0.0536161414552583
-0.0447035594536247,0.0205169310050603,0.0842859458260078,-0.0524326834826362,0.051587073226436,0.0460116746276081,0.284521354018915,0.0580292514880618,0.0691783607450691,0.118120756050667,-0.127956515044985,-0.136686557645773,0.0222842596817566,0.00249845535399693,0.0397288936966571,0.136859536274537,0.12718259975457,0.0245003635674328,-0.0174232268044572,-0.22773632091546,0.101170722186363,0.0806085012771008,-0.316171757632043,0.0355734742189538,-0.148659226277778,-0.145095935624546,0.00991253705210136,-0.138812026757032,-0.35686713773933,-0.137385660158418,-0.0162203982270207,-0.165793262973907,-0.0515766601576055,-0.127489404896603,0.0487171163626026,0.0688121571855319,-0.070482319918486,0.027093188343604,-0.130782624169619,0.104785620092449,-0.0961727661237732,-0.0438917663845609,0.00612779148856949,0.0422221527590206,0.113598953997841,0.0874058080790015,0.174306203810661,0.12743374077896,0.0707240955703271,0.0336933419173478,-0.0707624472236733,0.197471995993277,0.0758305735748988,0.114422554457468,0.0578630338129796,0.0350903951323423,0.072559342051934,-0.154915430585187,0.00452688096312973,0.138231349301865,0.144454443068226,0.119511515163835,-0.15347752437382,0.159117217415009,0.0974117281021259,-0.243746728462751,-0.0534490901448648,-0.0066080464148623,-0.0481083369708767,-0.183513109238302,0.165365173409198,-0.113047925839029,-0.027585628161782,0.0465495068484884,-0.00824375440303355,0.00146450181861349,0.0576343372521666,-0.0235746295520126,-0.205908509708517,-0.0880762978379118,-0.16323430146619,-0.135463620417588,-0.252437867089765,-0.104331092816126,0.0387461314818475,0.000563033629526484,0.252888620646422,-0.0856505021045963,0.0132201198698546,0.127433554450239,0.0902100531965755,-0.0412030313128856,-0.0600010132298872,0.0446575444673151,0.0525718995700034,-0.00195602509266735
-0.213139872488226,0.0627455748847245,0.0441024705869414,0.0864936642542215,0.00808956276735091,0.0350245722871237,0.396176500095118,0.209151957254474,-0.23820459657059,-0.260102987696415,-0.294023067904083,-0.537680051090094,-0.372482184327287,-0.234282393604877,-0.133359727148602,0.115605319011676,0.540389783444419,-0.268518049157015,-0.224383735528087,-0.0827083372800516,-0.347305177801756,0.0561166094137133,-0.113543098354152,0.191334481452289,-0.300507201833725,0.184004719989228,-0.210086692939243,-0.389229549878285,-0.540299442912276,-0.40696622785068,-0.200687883851918,-0.791629033491544,-0.369582976959716,-0.4292667896442,-0.0507241840824179,0.546831081934365,-0.166068606952945,-0.28860398807887,-0.578924747497821,-0.178478609331534,0.233283746560934,0.451222285714826,0.00718234309500809,0.270195909749702,0.192437164001942,0.378348050932553,0.339825284339174,-0.235124461961473,-0.474699411226977,0.0286360103259889,0.0804923323544953,0.222999423120132,0.670858227433219,0.837537209033009,0.48029470954926,0.421918503977639,0.448240840760837,0.168389264699858,0.336114493321399,0.588501896826223,0.342655371471351,-0.10356296151548,0.081084504704315,0.218190564524133,-0.241096208347948,-0.273174070853507,-0.3222391987077,-0.225908304720674,-0.355404168737594,-0.485150522256036,-0.300176412451437,-0.299303946384198,-0.603332343640403,0.1204744244267,-0.127283345064685,-0.54458123954125,-0.150239488437731,-0.602697982257735,-0.110546028739655,-0.597205151180911,-1.11251177435663,-0.863416406307194,-0.74233514044648,-0.596010134397144,0.103552602506573,0.364032861079297,0.697334144447307,0.679440135908442,0.233397784108373,-0.0477178557767227,0.4288228622371,0.324142982598353,0.370184779998737,-0.321011620108788,0.383836582710401,0.526509413254148
-0.0134379777809761,0.0656984173283777,0.172448982822717,0.090626850026634,-0.040007449058723,-0.118630767228038,0.0224725694104558,0.210944756967355,-0.169570914937081,0.00450819385030733,-0.116565702415301,-0.217508145438108,-0.166644009672649,-0.395245199127392,-0.313981767120257,0.12075783711765,0.288340947887219,-0.144734557217163,-0.0517345001932859,-0.118606866649166,-0.173526757717897,0.0446979747945314,0.0129893834261787,-0.0453141886537802,-0.196147067601775,0.224915265591324,-0.152105108207282,-0.447317277964393,-0.496138470268971,-0.153628872662605,-0.41274704603883,-0.503655351675085,-0.393423705518054,-0.36130185255419,-0.0774254940220682,0.679967704481676,-0.00886036988445074,-0.491861476711892,-0.615670691563484,0.103204222210042,0.388801929349295,0.226715170869283,0.122143987224671,0.383112672183785,0.331803359922467,0.374664581194323,0.140836711122696,-0.297876626555835,-0.368419642493059,-0.0716945508561063,-0.0577799505414302,0.271587364580787,0.416581785371582,0.516345562781517,0.276478863906774,0.261584855673688,0.215067417679158,-0.00980949020258921,0.139743149632327,0.47701253125519,0.263247297250781,-0.234032922441135,0.0646077447269679,0.063798448907356,-0.101346223762163,-0.309793479176157,-0.39897263434763,-0.145925799891206,-0.0811180569912974,-0.139721560429991,-0.21592756392768,-0.210308107139277,-0.00928036098727464,-0.0852008480903845,-0.0686957483443635,-0.376062080651118,-0.333518660509441,-0.160721685903888,-0.040304400436204,-0.195894955334653,-0.403919705778846,-0.602103472761702,-0.609153390410667,-0.0392966364697594,0.218817442629738,0.245060371848836,0.414134521996708,0.364713610223932,0.151686366490178,0.110086843184098,0.183748718553746,0.263756035345146,0.418089706336428,-0.25550371857876,0.143528273268252,0.420269291070006
0.107579426407787,0.0715135292028896,0.021432274283893,0.00621448149554736,0.0786535826275925,-0.197619419317783,0.0612897618058364,0.109541172434497,-0.00749811052349469,0.135928398709134,0.12732132477433,-0.0711279782174741,0.0587441404861935,0.28814973306597,-0.0728388774603024,0.0562608080309892,0.0630011081949909,-0.0122788438562742,0.291332660465027,0.103933951433514,-0.191521035826287,-0.0806008022889953,0.0427561608824414,0.202457734244702,0.0831775128312737,0.0484189908635242,0.175734205832139,-0.00511768581796997,0.0683407912732925,-0.00418174810292209,-0.0585846740765044,0.287893349445941,0.166563753064292,0.240512004182378,-0.0340257695038859,-0.0599730118596025,-0.0343154783979681,0.191395067748919,0.159004940289213,0.207202742483863,0.128559658515473,-0.113702385889315,-0.137718470265039,-0.0297623887565168,-0.0808038807332523,-0.0705941216486028,-0.104000733198652,0.216553273790143,0.00849210531021996,-0.251032751448769,-0.0332942234450521,-0.205643048093987,-0.13609226070341,-0.144263328976726,0.143646356123136,0.0136558664927275,0.0994165843755326,-0.125680986468756,-0.0433858182316578,-0.254182030310784,-0.056791342824334,0.0521238311250909,-0.00528019942731792,0.0107683421433515,-0.0179581970355064,0.133807681098679,0.064177742460695,0.273316093259318,0.133205076342879,-0.0178049100575629,0.104714265292457,0.00195104681761732,-0.0938430228759997,-0.0845694961473263,-0.00435834295750335,0.176501122489463,0.0137987111903687,0.0180193926763263,-0.0784226300703723,0.0492657542624084,0.122526065462161,-0.0507672282390019,0.107658191036493,0.0167516393014446,-0.066452176547724,-0.320870220399148,-0.0367714827635211,-0.0558370040133848,0.13165407266111,-0.0397761343317521,-0.21527239927637,-0.148860148515911,0.174231145593431,0.0188466316006523,0.0678003707540957,0.0907667278298604
0.218125532780791,-0.0601090591951642,0.0386575674213705,-0.18678029048808,0.0461834374404636,-0.0193893824980445,0.0294759417133888,-0.155134412361494,0.228034184214021,0.182585419285221,-0.00480650920617703,0.0692427134533333,0.182310498488278,0.192176340520681,0.183803004346841,0.135703963163113,-0.24430336352903,-0.0189093428289821,0.198243079355311,0.068172981689384,0.117743290126754,0.0499845502396175,-0.141155247733795,-0.112409485942511,0.105341760704002,-0.0959126535498291,0.281932402632702,0.139844376839505,0.37597795682277,0.137670006596532,0.396712880505709,0.194804544415379,0.0593621352380538,0.20632241334002,0.099842096519894,-0.0954170227887008,-0.071752718305494,0.210876904996942,0.493411352474943,0.17567021575704,0.191514849212285,-0.183722764036506,-0.181566336754405,-0.289133993398249,-0.0179586556816203,-0.199183153635752,-0.0461975517772354,0.273335247866427,0.269375698254659,-0.0483349754566413,-0.0265228111838919,0.0535723659420964,-0.256570498718182,-0.642062007486713,-0.427241893762003,-0.127693980892935,-0.222667427752352,-0.177511839276197,-0.0976543963929764,-0.345172183242592,-0.422436760505792,-0.0558256228762555,0.0726684972805186,-0.1246622184486,0.146550728632692,0.0197609195974995,0.312042905489373,-0.00859757150264369,0.337028979009195,0.176791189512055,0.270521525329874,0.224256268643716,0.332523353600586,-0.105033924799636,-0.109226689524208,0.168884685980864,0.0518014422950338,0.286720743507036,-0.0207643393454897,0.174165819348373,0.504867223954247,0.464339519259455,0.308612589394812,0.232973649269066,-0.0447443613977858,-0.169757411287214,-0.452961771093217,-0.101137893515766,0.00129684136281531,0.00115589803566636,-0.0511146634503363,-0.353441061988125,-0.00644242991365132,0.0903482501793296,-0.159292735189141,-0.0230805578125565
0.170269974751792,-0.140802961751395,-0.00847229264063471,-0.178379244158243,-0.0341374442050427,-0.018897523931269,-0.282052170378445,-0.234811319528261,0.363399322715678,-0.0190141701813888,0.376300767409314,0.23965214407489,0.252461951933523,0.284903033297948,0.175794916618672,-0.00151604393419447,-0.423750533854356,0.044471022410519,0.101392501967181,-0.0200150537554915,0.213068152540539,0.04933301594029,0.147524912123618,-0.0155698020123192,0.244412871683748,-0.17731727135655,0.0674422361496211,0.0572783098614985,0.353254853394979,0.0502875103551511,0.224050288077619,0.457447904243336,0.219134751181921,0.271066161948351,0.283509854861595,-0.504538314181554,0.123256163191151,0.228491518079054,0.473703113701659,0.00959353855472105,-0.111705113487091,-0.43714481018169,-0.0849685677412553,-0.164340504630338,-0.277865753903094,-0.356267782126962,-0.155989283684543,0.0993021441832795,-0.019990932581061,0.0655277092037213,-0.232718544404505,-0.171081452525612,-0.370717814906062,-0.379555910621477,-0.244798231058384,-0.326271581913155,-0.317427750429444,0.0865218597161505,-0.0816073071939878,-0.450694205907015,-0.184260348247999,0.042283552575991,0.0501074607747151,-0.0833279175661563,0.123523240645266,0.418767082613129,0.397923601623522,0.103505981425487,0.267915213672038,0.140186507272562,0.311326947701095,0.294541703200698,0.204134715951936,0.116899360740943,0.0335079443881357,0.463796180879049,0.159964685183931,0.256466375307461,0.173644709791281,0.173117692353028,0.654224723541662,0.417764923487642,0.566746841809489,0.0734279636924368,-0.234278896026398,-0.143256924552304,-0.29542714159558,-0.27613443753979,-0.137872587761294,-0.00768486975037193,-0.153381362811704,-0.100378400908535,-0.263207123119494,0.0876931278431481,-0.335772001576148,-0.3025073438732
-0.071825599751343,0.0428556015979694,0.103098666020268,-0.212497201901594,-0.107973375756466,0.160821763125602,-0.0125704593605347,0.211768219857781,-0.00649320415630417,0.0346593540707997,-0.017290244822713,-0.185380707864683,0.00195202091594127,0.0492443164350152,-0.121697796022155,0.00335896968277879,-0.0391755540981294,-0.0813943900997295,0.0737156967780346,-0.0436566936015491,0.0573558090596322,-0.0921124075485595,-0.200445406629196,-0.0246229393275401,0.0716075098408476,0.0555436543611981,-0.149788795293095,-0.100201291191106,0.0566627960463586,-0.0360585869479514,-0.0878903451133813,0.0266508066532808,-0.108180030887794,-0.0913452399168045,-0.0171364321964048,0.128359389407936,0.0588756564366953,0.0115885599562933,-0.203300140655997,-0.0920000165548186,0.198404100454502,0.00236254084508334,-0.00612821871434746,-0.0511892001204499,0.0371569011550948,-0.0188605977535106,-0.124377700822236,0.113468068853901,0.0474176909810469,-0.0240418179449305,0.123985402688235,0.0701076694999809,0.176324119473785,0.105622202745369,0.00887602811703975,0.0721191464468068,-0.0658635538969298,-0.00849499525070993,0.0808870348076704,0.13767631979606,0.0659919778185667,-0.067703407059605,-0.147569444278402,-0.0207182469360969,0.0618471955516934,0.120073973650499,-0.104899492338058,0.0384672782275491,0.0708137129675079,0.141298614652762,-0.00366360475261438,-0.0750581742433717,0.0503114097989926,0.0992146233361768,0.0675942602625396,-0.146765873693303,0.064064509777536,-0.33851742270298,-0.141259774324777,-0.0736241470114019,-0.148091690811017,-0.0508660180479628,-0.0641379747178036,-0.127749018014172,0.141943073227159,0.0125413241602541,0.0583977647257346,-0.0872966367452333,-0.0083782068757661,0.149842155905041,-0.00464607902078911,-0.0848172947303429,0.0630948471687784,-0.0800818636250694,0.175919227585373,-0.140499733342623
0.32273929958282,-0.333822843993649,-0.232013732801792,-0.620891870219954,0.176069881654587,-0.0557769745389675,-0.480592818070722,-0.675417400924762,0.366785451323552,0.18941101241735,0.623972791126429,0.651199963330025,0.812078094194788,0.82393759785895,0.226455899473311,0.0265695996921543,-0.865374844196972,0.321262199893965,0.129786911994316,-0.000217259205814758,0.572379131949539,0.0505410665474533,-0.203293774406825,-0.232073844612885,0.511620964795599,-0.649773800211697,0.649905914670124,0.746422372782438,1.30317431264548,0.758412319789881,0.724023564282921,0.942969621785018,0.95188663773012,1.18458207992827,0.431277346048877,-1.09231460803153,0.155784512876256,0.75610979104191,1.23791073577777,0.367825181770559,-0.696069393870648,-0.848479745188742,-0.479127554176696,-0.704832944731844,-0.692952993749708,-0.653518114028649,-0.59361463151991,0.320794482985192,0.545813328221788,0.0188953784662457,-0.1869704030832,-0.543639892425486,-1.06472301207875,-1.3264922847975,-0.983284888255844,-0.744777997625666,-0.679248647500901,-0.309349405405248,-0.59557137259327,-1.34796523117466,-0.660462332588926,0.452917325653091,-0.141838882571599,-0.364131945010944,0.349533698909777,0.648824282211483,0.724734489303124,0.253319840252176,0.405879464931073,0.823671793250692,0.389956063921728,0.846635213926531,0.923404829888806,-0.0165553994509178,0.207939170280858,0.831183172271923,0.346497444131103,1.42821403171363,0.290666650273005,0.746427767948091,2.03732186718814,1.74874988070027,1.65808580055994,0.859206667323143,-0.493674341086492,-0.558635203951509,-1.14906430625314,-1.00410427167268,-0.46899899940577,-0.217060817208649,-0.559175434450805,-0.751072757488802,-0.641435527138308,0.520502652373807,-0.34775296401569,-1.07255726056881
-0.0890697462053249,0.109216191404181,-0.00244469948874065,0.197175703975965,-0.0953032146465899,-0.0920597423156308,0.103601413836987,0.286487940562348,-0.01354870846131,-0.100966047603407,-0.034892242759973,-0.127894269153901,-0.157304727598484,-0.101920568280519,-0.0979930355752319,-0.151134875165516,0.238309512287461,-0.176952236723507,-0.150909378530997,0.0580645372644578,0.140639791903608,-0.135328047321018,0.000432001187526232,0.138006374064635,-0.162392974872288,0.214894372131705,-0.0443192141519516,-0.307307504555178,-0.194965988180921,-0.100792725567976,-0.0563404067564477,-0.245240808518524,-0.200485286467684,-0.157942096232966,-0.129940124136166,0.278017849846488,-0.0423107130963674,-0.119360381169059,-0.385172160082371,-0.276564442825761,0.417264044700411,0.398551320109918,0.158594130211474,0.404538128760649,0.194724364685052,0.204744611384849,0.0147582812188289,0.0118516248777518,-0.233613863139526,-0.0936575423997492,0.0436106564088216,0.348522051887869,0.546601564305421,0.343396098543817,0.174692326778919,0.247675439788292,0.169150343518728,-0.0384671889821225,0.212195877343772,0.357516821404915,0.155299848675998,-0.0383637350304481,0.163888944766041,0.179431056385817,-0.106885908240517,-0.1275948363423,-0.111829572435229,-0.140501788799249,-0.263147006183202,-0.220417119284342,-0.215819587801063,-0.209260862389207,-0.184250926581014,-0.0197889520341258,-0.0448450851854532,-0.255328395857332,-0.117441559968135,-0.296623150656011,-0.022213844466544,-0.108502600918263,-0.400431874476908,-0.502955091167067,-0.248261120383414,-0.31451172292562,0.110310663589544,0.290478361032191,0.336420759949068,0.213956675443433,-0.034192252681748,0.102411102750695,0.195689197329824,0.260134590108693,0.12240671575787,-0.143406475625998,0.120074249124943,0.238005189956332
0.149949826628389,-0.127429320094974,-0.178911492666161,-0.0298389148719706,-0.0462987227699341,-0.0135415170676499,-0.324396473420335,-0.153652949246866,0.097610574624743,0.174790835248281,0.218269212302909,0.154563607375419,0.338283295710624,0.391573415217808,0.119147217879559,-0.126982020848187,-0.347111693279064,0.019163533619016,0.181208077305139,-0.130173764302854,0.19705252804649,-0.114491140892903,-0.0593065979334177,-0.0567776545188683,0.3511420703763,-0.25973415694642,0.306978008870734,0.460349385953182,0.441869338388516,0.326496131538136,0.293081030925963,0.267779510806099,0.341809323219381,0.583924521084436,0.176689593188593,-0.396584540585483,0.0992706934029076,0.431859131959773,0.723328171296068,0.286224890269471,-0.310559954614839,-0.448311728363252,-0.208788868846878,-0.563092846027885,-0.311993087683951,-0.196351912096869,-0.205758476134402,0.0214307106397292,0.172561827332955,0.146777741856664,0.129585120933487,-0.16695169353764,-0.378454364986055,-0.705095750415208,-0.328628925007904,-0.478739641451928,-0.234288327424586,-0.0900217260808029,-0.277806388808464,-0.691431764051611,-0.202000685303413,-0.0841716852690833,0.145188864497839,0.0872019305525127,0.145467720224964,0.228074658087788,0.321278892629409,0.183867615970229,0.266748922130614,0.491204767573301,0.261543495528269,0.409145495609494,0.405900573112611,-0.0648530079047523,0.0311466457047953,0.207517006500894,0.181578022185902,0.548170766900954,0.0410893791426009,0.462023787084696,0.702674768626564,0.801331333226763,0.605115836188595,0.39306914445186,-0.190474853643966,-0.312196966735027,-0.557513172959984,-0.576571196217474,-0.165385963667451,-0.210216979724108,-0.123989691482586,-0.205333635947288,-0.256624213415301,0.0724065540684418,0.0616780919733474,-0.377730753774416
0.00948161550738443,0.141243828204267,0.224360311853991,0.178716558260919,0.13773939700713,-0.0644153636651732,0.0666745301968688,0.023266917502887,0.120104269713466,-0.0497936539283079,-0.0343418539254556,-0.253834342013561,-0.233179154287359,-0.211310017320917,-0.0234497437359431,0.0156179348871932,-0.0699126861548102,-0.180180276185284,0.0652873296079598,-0.160734825072639,0.0908353972433318,0.0561744100544726,-0.0751662215126866,0.0693037187928688,-0.212641772833664,-0.0890247009616756,9.04913714824956e-05,-0.00208334333266903,-0.0713732939024067,0.0160037020657914,0.078863692299983,0.0639166821988909,-0.185404995583729,-0.095329097590389,-0.0106751036158727,-0.0906980812967024,-0.133114183887458,-0.156937607818169,-0.248711591896421,-0.103395353709613,0.227328353691671,0.214429450684114,-0.0378071743168904,0.116696678651105,0.149798360750912,0.0858915134477903,0.213695979073843,-0.197836494706486,-0.0783294369777717,-0.045774614997067,-0.0383485598745091,0.0242423703866447,0.239338627938787,0.404238712068693,0.155393919236479,0.179781011451733,0.291991818063229,0.080035255030442,0.136585789943589,0.164130489052377,0.254307995068189,0.101944658603526,0.0726806714127307,-0.0325344346002223,-0.16890935631885,-0.119173174982879,0.00239794705937681,-0.077427008117927,0.0853251099033972,-0.199877378463705,-0.23929990934485,0.0402802739234036,-0.0955281954379303,-0.222814827603463,-0.0742093005786372,-0.0628511152624517,-0.048413953783421,-0.161334100828875,-0.117547848982931,0.0472452753144438,-0.235198907750973,-0.140337862948343,-0.258156118114249,-0.257991771557095,0.0634207727975352,-0.00952965877520576,0.169908022172568,0.107843269728183,0.0255829923626473,0.0319818394264649,-0.00553002214381057,-0.0296428589502652,0.148520583027648,0.117782340057689,0.135348593467404,0.0912421994047153
0.0446132822939626,-0.135824258258848,-0.0735786135046336,-0.320984171882602,-0.0220106792050189,-0.121200129586818,-0.113437545370022,-0.365433650657148,-0.00419962605036234,0.0545495644488842,0.261931008801917,0.131061796506263,0.167240731752113,0.25161544783876,0.0461237641388192,-0.0572808757881841,-0.347231128808733,0.308575139321894,-0.0355504587323443,0.0331288780769068,0.21581921422018,0.0130791201041094,-0.146116249901272,0.0294746577965384,0.16009279665082,-0.0628411896050304,0.205475462405494,0.374002392110886,0.512700624287307,0.182735136431503,0.200354270177411,0.217724371629494,0.154592072619071,0.341864663859677,0.202373918328885,-0.243793261997713,0.202971533378006,0.111003892612068,0.403681434897467,0.0761290550902493,-0.191186871121841,-0.0429732283682839,0.0542980414770887,-0.31538137952935,-0.290627955359962,-0.264117689603504,-0.0746491513703203,0.00664681058110855,0.188904513140564,0.129076517673717,0.0331703596895377,-0.252884911446814,-0.219296945911914,-0.514159871695435,-0.331047154284177,-0.079118857767185,-0.25958423551571,0.0268439777660868,-0.223528317740226,-0.427418665284388,-0.248662634873956,0.0995376499165762,0.0107116084868037,-0.122509587605604,0.357256609157637,0.166258446349841,0.0742709326303078,0.0494549724411394,0.128811082148128,0.361860505419718,0.334256489835156,0.379280950830848,0.220404920838854,-0.0630754139575986,0.022763359659196,0.286491627342785,0.145077585052939,0.595056942566527,0.0190940755180588,0.193870758489782,0.626566035083487,0.605802788880678,0.618689037647452,0.256687097057674,-0.06774825612051,-0.0635285428357862,-0.242769606344836,-0.257441906270053,-0.216714032393834,-0.224151698442501,-0.0710082671475149,-0.0842664045099813,-0.252097476313711,0.0485127173555165,0.0390342758023971,-0.27157441130712
0.0379730571965837,0.0592035403102723,0.166258445876524,0.0429355340570048,0.0325573840146167,0.122752912153945,-0.0371854810788503,0.106032766172446,-0.0925577489174049,0.0419490708710324,-0.0569915444352694,0.0342286353903689,0.0229220601620966,0.0813889567070714,0.154030028095524,0.0683430459553737,0.128044893737964,0.15374655568894,-0.130367484692723,-0.0562340678395108,0.13187095687861,0.0272411049065608,-0.0256526422038067,0.0573886543840671,0.00830638302230595,0.0166117888421916,-0.112353595552008,-0.0839051460188304,0.0681840468774553,-0.0416756370239938,-0.0559736764252405,0.108474339992597,-0.142547806814094,-0.0386918033216464,0.118173775312417,0.0800075067568963,-0.0737430015227445,-0.269169052707872,-0.0604793965298849,0.0342553320357061,-0.030757479128759,-0.0622585673566629,0.158680724304383,0.0196475080017618,-0.237316522826196,-0.0942249833458533,-0.0756516357799261,-0.189278559961485,-0.110461021623687,-0.0648803762270696,-0.0113206206619367,-0.0614181822342359,0.0093812371983124,0.0211232722619653,0.109207966881954,-0.162571997796826,0.0605983900267751,0.166758688401005,-0.0921489402218368,-0.0222273590390868,0.00606978579332183,-0.00386655223788576,-0.0910087213149081,0.0210480404679003,-0.165313076877472,-0.0717580481653755,0.0677022241184224,0.0980830256375764,0.119616645910574,-0.0269285215836101,0.0695047354754015,-0.0616159647609225,0.0949110300661232,-0.0444148745897921,0.208759651000256,-0.0378452578476679,-0.194130349603858,-0.00567186292180982,0.235047990125911,0.0164503093542539,-0.128702726473891,-0.0134709685080112,-0.139503255425977,-0.160918928150301,-0.0696088835149965,-0.0723455292660289,-0.0535572089928111,0.172783455003647,-0.181339870309042,-0.0760157960110616,0.0166797896924513,0.119380469830473,0.200331380339338,-0.0325885790414926,-0.0427787105531637,0.130889013088273
-0.00457953576099762,-0.0323029017374201,-0.101780540016287,0.11208436039569,0.043124775024119,-0.176012323417418,0.131001708012841,-0.11064079657853,-0.0072311358477331,-0.0363461058072512,-0.114032293311752,-0.0151539911625371,-0.231594551335061,-0.125723064146847,-0.188331781579705,0.061707500978984,0.19597497396427,-0.116921684095618,-0.109095885170584,-0.108255081150803,0.0713157815690667,-0.0929280187444217,-0.17503655558299,0.0992457907244,-0.0612167809014241,0.0620854091959971,-0.208760768848954,-0.190111362184673,-0.275978554745757,-0.203501353778877,0.0931338454346598,-0.242971580285099,-0.123070541155075,-0.145128823455651,-0.060780180274877,0.0352760730712769,-0.0167173191054182,-0.244660518871187,-0.0657074872898312,0.0671633049799127,-0.0532820803303907,0.250967634161835,0.159130556328467,0.214374373721703,0.0304385883226832,0.236438391449535,0.0566804173790521,-0.00944979770752466,0.0295689410915848,0.0393623566740482,-0.0955811001103551,0.199105061817893,0.0553315617410213,0.160591038502397,0.226849534619877,0.0558897775839985,0.0772526909627915,0.14892424787767,-0.0367076261166296,0.161634596783238,-0.00689898067406224,-0.117359051655524,0.0692482876691219,0.0570627941469948,-0.132489847399083,-0.0425025359180961,-0.120152139590759,-0.0229202423698907,-0.0574680157081025,-0.113277008991859,-0.105052811749622,-0.0290376299298954,-0.105366745690093,0.219993183750771,0.0920976531598597,-0.0750826006996553,-0.109106544197035,-0.254024712286945,-0.00384524448850447,0.0558255192669827,-0.528972939700257,-0.0979383408995952,-0.378947022506006,-0.00828003470997998,0.194995030335354,0.243704546193584,0.165016779499835,0.134588411404639,0.0532681887193797,0.121561249422933,0.0549197043770718,-0.00694949832283567,0.258869431054014,-0.0911556099681095,0.162184050675615,0.307079174787514
0.0272453874512754,0.0583078580785851,-0.132724039840948,0.00217263886529387,0.0204436429394685,0.0521601169552334,0.0177864328992561,-0.0476080606407479,0.00693852401885682,-0.138485591598464,0.197264799454383,-0.118920174292376,-0.114594842505585,-0.0633902220572982,-0.0162145329594952,-0.00705130096259219,0.0148207993645618,0.0831024238393908,-0.0994678515564093,-0.169221652020554,0.0105909067926957,0.0354557633236786,-0.0929875480807563,0.0780086761622898,-0.119302716298916,-0.0403408776590198,0.147372776355111,0.126987491744073,-0.0907487978903732,-0.0652913055124214,-0.0653923821593271,0.0806661673703655,-0.077280983226649,0.035819146544354,0.0570353306211678,-0.307146213013338,-0.0140672425490014,-0.0439581998717461,0.122327959685296,6.9630214678866e-05,-0.0479165518074897,0.237982868760835,0.00297386829476587,0.0387492329426971,-0.0210783191298796,0.160891219539025,0.0742105194971114,0.105793744207562,-0.0171771151566769,-0.0211653061220689,-0.0135112904836585,0.0665078013918779,0.111961697071251,0.135367826900851,-0.0463997791992037,0.0851877402287978,0.0495928225426282,0.183637654886318,-0.0591242070383112,0.0806639739112154,0.240752661120264,0.122452461769311,-0.0720255160930414,-0.105169284594673,0.00464316790251506,0.120242251097933,0.0581281863218409,0.0971007149799542,-0.000114854795195438,-0.204393061003091,-0.144225753022785,-0.0912887502584359,-0.125024798262143,0.169053320568716,-0.15423094930433,-0.239729789751477,-0.0700475574829667,-0.0584671302453909,-0.164691634816501,-0.0293405014284082,0.0412745623082514,-0.0559649101668216,0.0893316946874373,0.0191224773017241,0.0700609539213617,-0.0121193216345481,-0.0282302540977289,-0.072034664691981,-0.103234962941141,-0.207648545112365,0.0623707945447247,-0.0619914186454147,0.125698982784265,0.0158079288497556,0.132705610052386,-0.0863769052220651
-0.121736971274027,-0.026616322283524,-0.117892830800136,0.0440933668402853,0.0479961047997497,-0.0262625053571103,0.00217620719561733,0.0457200038154723,-0.0723901492750433,-0.0496056810196933,0.0880304843491651,0.110486859969828,-0.0992929130726537,0.180679124177889,0.0471986946677021,-0.032001260095438,-0.026464024443849,0.240162724317271,0.124116076410744,0.150104137093899,0.0548907387290841,-0.0706491061658774,0.0254511555512315,0.0680941992961947,-0.0918054642615031,-0.16677655475788,-0.0217731139745462,-0.179644313989911,0.0814149049903899,-0.105788154938197,0.211682806195621,0.00242335372332962,-0.0471768233404235,-0.0983530415887415,-0.0252474789146092,-0.0744890838652815,-0.169653281882968,0.0277783157844745,0.0131969068165282,0.0741989557228061,0.0343274718204078,0.160673409602589,-0.135384335921582,0.0437497262991922,-0.0990671941664502,0.0600088396743649,-0.0374207091862602,-0.0792202713058543,-0.00227711638425675,-0.203048370899749,0.00222284555061918,0.0936091548137606,0.30456166879939,-0.0219912507650929,-0.210554848004669,0.180398178371386,-0.100612656817316,-0.0596186978681978,-0.0497158857916438,-0.0442880074527976,0.0702484652723872,0.0483909506189773,0.174942989538669,-0.0692188766403862,-0.141871204150641,0.00918713117945695,-0.0557982985451912,-0.0190329209844751,-0.129467373852913,-0.0401122214995575,-0.162378877655218,0.10985499403774,-0.0174681290043892,-0.0233314506424663,0.138531631301639,0.122302592513987,0.119310939008002,0.0508091867804605,0.17025138790483,-0.0635851798618265,0.026770823163657,0.117457542372832,0.0936826103657769,0.0279000628042481,-0.0606245682165365,0.072627715059452,-0.0887963206422415,-0.145257592991207,0.055597761759104,-0.132844634822605,0.111857166694984,-0.121308776978445,0.0533087257407647,-0.0624767432547066,-0.0694040420305312,-0.0141086278477941
-0.345295883217665,0.139830478905606,0.0853389478269453,0.447637618802856,-0.133605862469021,-0.0952596447235245,0.536743785856607,0.564696411843472,-0.313744990762648,-0.0361297673615257,-0.428715122079998,-0.552530309852903,-0.643711198308091,-0.47125353415874,-0.218140011789582,0.116021006898799,0.663985464591349,-0.284683927820578,0.00586304076812127,0.029202811257525,-0.144393622365042,-0.0124380264136024,-0.0711040273688275,0.203636358109907,-0.486934502865308,0.392361991576252,-0.373299683515169,-0.684832416458933,-1.07424515480272,-0.658274804575239,-0.711582335133451,-0.878741826937687,-0.69820681279685,-0.720213019394085,-0.301367881573067,0.755793796494789,-0.390950241037706,-0.687895749869582,-1.14342363150889,-0.309831864105473,0.46608759306973,0.510585471720312,0.236599719858924,0.384556369961559,0.439485920065429,0.556247900060656,0.318907146173551,-0.339139102638603,-0.288448689039356,0.204212670008804,-0.0647843278691684,0.484166386963012,0.863705888162926,1.06935714313979,0.902994784008987,0.536211079681872,0.715733940241569,0.269653222795881,0.44743356629044,0.860188887461061,0.5929754984814,-0.199836122042119,0.0230807895505242,0.361983116666896,-0.358686669212894,-0.416965760091763,-0.532048726093173,-0.164378513695986,-0.469663409359821,-0.719114045882482,-0.340207176768083,-0.583117334241066,-0.69149224185811,0.062275008568115,-0.174152671283804,-0.482362817715157,-0.418341155726082,-0.856461654887567,0.0403126981374876,-0.610357821527367,-1.33209212734488,-1.28468074430228,-1.19364216745685,-0.658850240306933,0.307104726246741,0.504668850467832,0.909170616387026,0.705810600892549,0.431446588527995,0.0577917397086584,0.319340877339971,0.458050657591529,0.610949457700097,-0.483495397295929,0.234987088036745,0.613879457848802
0.385009095362635,-0.237525724374092,-0.221662177495977,-0.370441468831562,0.0219005999366626,0.0218476049929004,-0.368020028905452,-0.361789914327173,0.243416565698476,0.292671367918337,0.383455576781742,0.503645815312256,0.371957317535414,0.547921845597525,0.075481797262466,-0.0459740229729133,-0.564065441554134,0.291726525021662,0.310876830099459,0.0214331821988223,0.237304510272279,-0.0157439908427924,-0.180391763286177,-0.311998850666372,0.565379771940675,-0.417181183832651,0.423516752563303,0.620653964461384,0.76895714977452,0.265155941733153,0.333211403047256,0.75927231952517,0.768579814069632,0.622046951215518,0.00812554726616796,-0.690620562662254,0.152035311700992,0.377620881490895,0.896878141942511,0.213363716362918,-0.537896072184164,-0.695689704194535,-0.148257678300768,-0.450867018669572,-0.502634534340509,-0.361133319661425,-0.39673707566638,0.293322611236913,0.418689060893086,-0.00559292119570424,0.0170567103824307,-0.345889669468469,-0.676037619800925,-0.944634074665409,-0.715642437109609,-0.310102724610886,-0.424311184836782,-0.221070867972189,-0.420261590088985,-0.853355469189082,-0.610541629939565,0.340489466327383,-0.155675071274664,-0.208990245447813,0.23838890601744,0.455040256750197,0.417845257772754,0.273219842120196,0.446977861374501,0.553125332228181,0.377680847626874,0.782966558251681,0.573197194015635,0.202769316331882,0.0774939198991195,0.440630250177609,0.305189443623246,0.862337231775553,-0.0562056417845305,0.53935789568202,1.09013590697323,1.25219912003602,0.92901813022527,0.745706747510364,-0.398968015213587,-0.6414143015094,-0.598693273627411,-0.804133123204235,-0.0477110320967471,-0.19516234618005,-0.235341219806868,-0.486354956057609,-0.557135937542953,0.21932197513983,-0.383215539917547,-0.506552046131062
0.122835954827356,-0.198356416573078,-0.153519916772216,-0.312566875759729,0.0648397544117636,0.0295127094208985,-0.288219854268909,-0.094188573026844,0.136899051739577,0.162651234915949,0.156514987152683,0.424034425345757,0.25481142194897,0.229629069476127,-0.0396776267121458,0.0389674083136977,-0.445499987377048,0.0107354210710235,0.0304617243665053,-0.0226328330221635,0.0704103362054841,0.21923530270779,-0.108975391778747,-0.0401093556787977,0.271703404631184,-0.369279039180257,0.217516769808514,0.358995326676445,0.47013148788062,0.346103392646732,0.0400632371171444,0.423067494683465,0.337070826881766,0.29451574274234,0.0769669742906377,-0.302760185160768,-0.148431842722083,0.356554528447364,0.647417304552476,0.133596540953156,-0.200462147077995,-0.264782572570655,0.0416133806565221,-0.210696643273767,-0.290206986159636,-0.179211402150606,-0.0868095262276226,0.178078149029241,0.230850732157354,-0.0674981736489817,-0.147953569749198,-0.399319218730021,-0.412111515847068,-0.434643995788308,-0.34760007239154,-0.257372652249751,-0.318351774805088,-0.0895257617248637,-0.211451104453296,-0.25902501186897,-0.2035619555921,0.208450142144144,-0.0603356017903348,-0.106185807452997,0.203274851682456,0.298902607834933,0.387764090655117,0.168856737450503,0.26039556252799,0.0879961196132658,0.391034502386659,0.239046932405125,0.224165086571127,0.0848426046606702,0.0274002576641306,0.255902992247019,0.0556536040982213,0.276146713201225,0.0622657179451227,0.452902799358129,0.40106094499196,0.72560810142554,0.45531069029371,0.106646045724632,0.0344514168712712,-0.185349123234225,-0.418264458597491,-0.343508792772648,-0.188989456625589,-0.00500060379336842,-0.12342713413579,-0.326662586544431,-0.303729919681868,0.169578103563769,-0.0161196312884971,-0.229184522918529
-0.342870455969139,0.295745773875335,0.12794761222201,0.10087125119643,-0.0716463513470258,-0.0576573668222616,-0.119643604782414,0.183432155284924,-0.0687191565675988,-0.0906405089351748,-0.252079951375161,-0.221128329370005,-0.380779313588163,-0.318628205506601,-0.0335563839233272,0.0235055722328861,0.435757691947796,-0.234406288271473,0.00672056858640918,0.140756980545195,-0.412253613965147,-0.0967400547699076,-0.112257640876094,0.289446126332446,-0.387683776283315,0.20054400529221,-0.384163343774478,-0.348611468766721,-0.621082134237902,-0.235579228194209,-0.371484474152529,-0.586900801086786,-0.167065905079781,-0.525073322690251,-0.106618502955221,0.412680082881234,-0.176813318482307,-0.334101298440576,-0.54209236198364,-0.208971882820543,0.377281969963202,0.378329499745135,0.121821558716361,0.428988413553933,0.416025622031384,0.447150445004822,0.332422609075879,-0.213151180546209,-0.303756000786166,1.38432263974732e-05,-0.00105494185013192,0.245631852957836,0.31366002156872,0.504013722049798,0.484758742835795,0.449880980002797,0.4552086183192,0.24979694604655,0.296867008335199,0.451327667014409,0.381368210358724,-0.132907679110178,0.162801464925517,0.223212717022804,-0.307378680644747,-0.370656467387913,-0.262973477582465,-0.066079419571494,-0.306337853988618,-0.338892097424002,-0.245342423249484,-0.500880035962524,-0.390918501997606,-0.0945356984072552,-0.126312823531873,-0.376400957234447,-0.175342351823936,-0.504628244046532,-0.0958822961688501,-0.345022861837131,-0.835378582229837,-0.761923506159353,-0.669817722010014,-0.68935443238687,0.320201185939578,0.252851219006542,0.448469346760737,0.585214098022016,0.156635721160183,0.126607656836369,0.131300792465598,0.403510035446932,0.29676941822864,-0.0660449934749575,0.0155736965262144,0.486899627988945
-0.122545492827306,0.20330189112754,-0.0714367228169095,0.447782230732413,0.146702516106003,0.0303032359390091,0.485956297820425,0.53992444259206,-0.327359104279067,-0.182804870078848,-0.692733776232802,-0.41530186680288,-0.371241867297344,-0.494662095015012,-0.136332004938794,0.0552730402251936,0.723540046690329,-0.269183149632378,-0.187907241729748,-0.0631210640715325,-0.449381231963567,0.152215509642787,0.110087045070518,0.298086501417356,-0.426992605314253,0.467748281153351,-0.2851789948985,-0.628843406595106,-0.864729670416891,-0.570561678806432,-0.619262891035591,-0.875192586793866,-0.476219273366662,-0.667485693971471,-0.0791480910522309,0.729076805797254,0.140114137605477,-0.547254847710758,-0.983420303901557,-0.250399047321871,0.368850725553871,0.656804864433978,0.37054390288662,0.532065821174892,0.546338995601399,0.578006678217849,0.537145219609925,-0.448352948064963,-0.488265319507047,0.255343023313333,-0.0497584480256719,0.36957892461483,0.938974677215165,0.936862323993686,0.625123912300721,0.597347388231282,0.454090128493902,0.284531872362675,0.494042516881081,0.783451378037689,0.485338406403103,-0.201181882333894,0.0724520194997041,0.133194524603562,-0.271718999938991,-0.650064340078495,-0.635033786945218,-0.243267510957825,-0.522470882878768,-0.729172932737145,-0.389954448321585,-0.651337681841428,-0.672108083241397,0.10372913884018,-0.16932847900392,-0.860195430729971,-0.278996245988585,-0.758573847123692,-0.206397976439349,-0.462431579034917,-1.37814593127254,-1.43623267487124,-0.945006405035922,-0.691063245039812,0.158796554418535,0.470095511286072,0.81422401540582,0.982220453537939,0.324179480213351,0.137278541081089,0.272373410168711,0.47759574097661,0.678556065812909,-0.305908812058747,0.282771093035593,0.61054573206818
0.0189146816540289,-0.077320016772812,0.0871793214163222,-0.118993185738023,-0.0133562401017437,-0.147992272032879,-0.0575923610217059,-0.29515768643272,0.213980500628266,0.155491186375237,0.191392473738181,0.0854377120049115,0.206630615138508,0.16631503072301,0.0097542684181047,0.04066173948903,-0.0325278978846055,-0.0403292611412387,0.139296512617516,0.0327273525641091,0.0963093479178922,0.0988534708951843,-0.0547371390660056,-0.124585651314429,0.275611141537876,0.0338657227970158,0.0703403556725164,0.327589859363424,0.155346382449211,0.154153304863777,0.138769212671039,0.298123466407242,0.0753757783479137,0.231745360060265,-0.0633127968534661,-0.171069108336133,-0.077002548787831,0.196181694620122,0.278068326470696,0.104058958143962,-0.0164873314208446,-0.257661911156408,0.159112251384435,-0.0803873674171637,-0.188189557490491,-0.166437894097384,-0.112864222649549,0.00448797194202814,0.271240294618799,-0.127566885208903,0.160157152480291,-0.229308511858488,-0.519649071395892,-0.186670135764862,-0.351641320751482,-0.217501140521285,-0.117443643198236,-0.0119543722905256,-0.190415149863523,-0.348467108485279,-0.0539124892628197,-0.0978971311336451,0.00919672305323043,-0.228640984659754,0.130081896292007,-0.0480238999311474,0.160292954695407,0.199405575349547,0.200335733529489,0.273098418171724,0.208976296937654,-0.0112461322999904,0.135563457923489,0.0380218140663816,0.0076335440200752,0.0944689027167908,0.0677882634374932,0.0945144195982425,-0.178314856669123,0.144373288893903,0.538249838527112,0.197050481627341,0.105189597975762,0.132761764838245,-0.0709332061562423,-0.362914668597532,-0.308759320193554,-0.251849456865262,0.0337977883082112,0.105961974805112,0.00920614324771987,-0.226700986648813,-0.00924398947428227,0.2555990999612,-0.259548409602979,-0.362980166002445
0.0501469419436686,-0.124484467333257,-0.0283191379381801,-0.119271871663928,-0.0568666548969435,0.00315246211133363,-0.293805884563834,-0.393474374789095,0.133361613805179,0.0461558655944605,0.138605863552683,-0.0243350125709949,0.274033838718909,0.286818591911469,0.141897380147559,0.114972338350674,-0.211607151042119,0.141141173342543,0.149614398368347,0.143945955432087,0.0338788626663485,0.108204312959852,-0.14345719419933,-0.22771295813958,0.150055392758318,-0.240378701588023,0.0988722373257058,0.269470039536357,0.41460743394724,0.13706156726426,0.504367505362125,0.417709559129578,0.181928752986815,0.227500127587081,-0.000457944172002928,-0.340387167243526,0.166888273707962,0.511522049364088,0.436811883203753,0.044446947370478,-0.007209046079346,-0.187191660700169,-0.0436319373609347,-0.142170850037098,-0.239638099137201,0.0268221161219232,-0.244735597954847,0.0579198474294453,-0.102396356554377,-0.195321979290456,-0.085984461645191,-0.192696376421863,-0.245227345361609,-0.413329261457686,-0.251193776757035,-0.0892128883060794,-0.0976946898035665,-0.200840023244928,-0.321825333116548,-0.424965432985914,-0.335141502915924,0.170263500890345,0.0268039122312994,-0.130959532937623,0.162287527668198,0.398991539307125,0.371470633218098,0.166809035123257,0.263540215197755,0.0718116500122915,0.276940326399649,0.280056943755991,0.181475417240511,0.0378522855266839,0.06654602936002,0.321845941108247,0.118139861104682,0.499166415550289,0.180055472130525,0.533311742197773,0.594235790514042,0.661389705591213,0.539552266029834,0.205323897810332,-0.29810115269908,-0.311334519513263,-0.513326492129126,-0.410664818398073,-0.208770262110308,0.0203919622075033,0.0267302508246097,-0.492717065483741,-0.151509061234941,0.155822443435135,-0.344590945746831,-0.453359394721247
0.197488795703496,-0.201785268829785,-0.0641811849694347,-0.18279481011339,-0.0768936554054589,-0.00983072478795839,-0.278013412450272,-0.298814298979624,-0.00394477252259168,0.111262042319938,0.179912081232667,0.17776455030654,0.301038848504848,0.36689929081908,-0.0563739863760269,0.122050676074224,-0.514080173984478,0.108083491248574,0.0599220683983458,-0.00428572519084474,0.134669970234165,-0.0230183500920076,-0.0990996853618497,-0.169203052519885,0.334316416721722,-0.251923575808177,0.286982601482336,0.483535009529802,0.503040928189945,0.198215853264564,0.272947064526941,0.418198703570331,0.255842095852068,0.384371272553496,0.0772376970598821,-0.334878067910906,0.0614675787782515,0.179097038039086,0.429766148659515,0.0173251578324324,-0.381391476609149,-0.509773540717925,-0.170692700389745,-0.236938888553444,-0.196235323303185,-0.338023405855523,-0.0945305327037945,0.19144936710242,0.0611513475024213,0.0918673037390455,-0.146683407173771,-0.211218464548179,-0.491928252730648,-0.59680977610544,-0.242534799399637,-0.412235049948269,-0.25759823959275,-0.179785347852483,-0.169542866728023,-0.347232671363213,-0.403813470673063,0.329160389059385,-0.21365092861946,-0.189796283389272,0.145567915331903,0.222483307619998,0.161969313916972,0.0391434241971284,0.421348076369208,0.296591796676897,0.22114604249809,0.216418796613938,0.384191034911895,0.0464554438754928,-0.00891159833939514,0.442934323847612,0.130290093060623,0.410898826369966,0.0103597552561844,0.367741766016382,0.656954745564467,0.501523859960823,0.742143420265042,0.244114978352472,-0.37989431120977,-0.21296398816089,-0.480940536227093,-0.449802017183323,-0.115314537061254,-0.212345672338051,-0.145380637744911,-0.318874374771633,-0.311373679781444,0.0490473964875322,-0.354936153553539,-0.35796789057335
0.0148294063588166,-0.00482554842431124,0.0634601022870421,-0.336297892741187,-0.00264428847291025,0.323797753013434,0.0574350337726576,-0.0586692792286344,0.107304653199248,-0.00785178735941863,-0.0133104400063365,0.16233528318462,0.240906667041933,0.0332237756662996,0.106760407566202,0.0407846570505807,-0.00273066882769755,0.115741511406477,-0.0307849795868972,-0.0371597963725093,0.209959298288174,-0.0214238608512329,-0.193247603312128,-0.115396746216428,0.228311574020231,-0.11681084517143,0.0861580550263589,0.23139673872988,0.192955507037144,-0.0456037198450005,0.170723034725653,0.0178423608331467,-0.0097968626507554,0.230753785466949,-0.0881308554944016,-0.00444510281406654,0.107319815970426,-0.0138784738055735,0.360008897817173,0.0524210593105071,-0.0108418926197741,-0.0967046220260359,0.0766788010623062,-0.310801741454668,0.00807946015716482,-0.0764584399928245,-0.0871346721974013,-0.0909507595395948,0.0811009196163117,-0.0141949704669306,0.0333356674217307,-0.31484802088616,-0.166778751549446,-0.130510193890472,-0.1717336708613,-0.272388127322801,-0.125414617164327,-0.0476577125134048,0.0696906323550243,-0.220649412169856,-0.181093071672587,0.18385129210422,-0.258125635066563,-0.168136805893612,-0.117770271118498,0.0768138909675611,0.13219563455075,0.00283102513493497,0.0171159053286976,0.302885372075749,0.15322274271549,0.13959380940137,0.195215066672592,-0.0155332194195354,0.0109750951361034,0.120869406057273,0.125550387112842,0.12716252472162,0.168153357171977,0.10414474280115,0.262774638440038,0.152342788173644,0.132707085128634,-0.0347970501741979,0.0197949816964923,0.0343954177703823,-0.123905884401786,-0.246838633301087,-0.0257832084992958,0.121729269290416,0.00378706780985061,-0.157255039532221,-0.055009698798915,-0.0691830043875637,-0.168813759106773,0.0559996748407826
-0.0153327476979407,0.0204510820789648,-0.0377290920463524,-0.128592361603064,0.0818397184096426,0.0300738812736598,-0.0756222725216197,0.140149353004277,-0.122519465310945,0.0135644123290747,-0.163655724609524,0.0294123203258703,-0.139453477195428,0.0312746792669248,-0.109067126155999,-0.0445584755158734,0.157146958019095,-0.0589144265061161,-0.147900498738215,-0.0628045627593105,-0.120744734637609,0.0540344011820099,-0.0337468333753963,0.0279645433318847,0.0970514210414886,0.0789342348267828,0.0173744723512992,-0.189739690877194,-0.265691347385751,-0.00608237995991495,-0.0754010410770061,-0.132790413173991,0.0246091294342276,-0.12603464129883,-0.0282541843912556,0.13390548205635,0.0521186682684172,0.000763094012836821,-0.0494423325139123,0.105217506612738,-0.107863896907749,-0.0223622998443287,-0.105801973943814,0.127334252206803,0.00516205343341783,-0.0793486799353902,-0.0234554677581857,-0.022236012504883,-0.0618262174635921,0.0632120839098617,0.165285875091359,-0.131831100112265,0.216366758803978,0.111045276316093,0.116121411324836,0.132521567763793,-0.227962480981449,0.23903911848028,0.0297281655763975,0.157856507678794,-0.0106717323112554,-0.0883329697215219,0.0879813986490155,0.0242796193865873,0.0169305119363766,-0.230121576987504,-0.0611229078992464,-0.1069643428295,0.110702270702513,-0.0782658994168282,-0.00719244829355842,0.00641461762836638,-0.0939155485419809,0.0039140574435208,-0.0330280072369504,-0.159053670459485,-0.105634679037022,-0.17248921522317,-0.0738090899372176,0.0108602524801397,-0.275847355370431,-0.168438902046073,-0.0749216973200856,-0.151512708323606,0.327464967201102,-0.0595054998333847,0.102016031665996,-0.266280420324847,-0.0584769522005233,0.202561525476155,0.0187959734886862,0.134427467149258,0.122643541005444,0.00980838080608252,0.143665906896366,-0.0746699955657495
0.0654639841664378,-0.0437424037446837,-0.0058783710239659,0.133434026430957,0.0192234503535392,-0.0859628485814527,-0.256098683480821,0.0227302326557233,-0.014448812361634,0.308562790604252,0.180955678703824,0.169030441448094,0.254878164258196,0.37898008091794,0.0402518377943065,0.112067006623111,-0.18716879045112,0.0525420183705646,0.0490537362413703,-0.156980091708605,0.168200352374102,-0.0385507920368864,-0.0545650939951256,-0.0204786389389407,0.0412981455126872,-0.259939747502843,0.0212477374296867,0.0970916905505017,0.174249304506894,0.176530196083318,0.0189990350465956,0.108522157153051,0.21006710334374,0.385069606381717,0.0419762763686385,-0.141678052962099,-0.0118316366519384,0.0473909144116526,0.0947177476218229,-0.0183463696482316,-0.160935737344076,0.0495774387784501,-0.000473567172264593,-0.190870043024075,0.159264617849533,-0.148929381732777,-0.0629050065140149,0.0220728917978741,0.155634560053164,0.0737723537532069,-0.0112201714256597,-0.0814201699217287,-0.307606317650056,-0.308179368535108,-0.223731744326729,-0.165844780874824,-0.158416874345388,0.00667515900061043,-0.155292105992409,-0.190592211698697,-0.144249450258932,-0.124106124334302,-0.0265444354256397,0.137762621662508,-0.0589201764032844,0.271859506255955,0.0248996483219342,0.183621933520044,0.0399086779683594,0.324345166487746,0.0199770806338775,0.411816124834589,0.182995162154694,-0.0267997802433863,-0.0258601160964817,0.0247512180268546,-0.00581189613769995,0.151739534319029,0.144936189648629,0.0532873282668382,0.407713289641183,0.404817679100651,0.266189352618508,0.0601582212808786,-0.140265803292663,-0.035149199602512,-0.298434717327958,-0.157815274219783,-0.156064397394417,0.02865375930846,-0.108572502885908,-0.178138190651563,-0.0436738432806063,0.0968369062984498,-0.0826004582114042,-0.144501259464361
-0.0711283318384463,0.149551577094101,0.0549204163210945,0.1945203184371,0.159539247358704,-0.144151527536089,0.139450237782906,0.0758593726366734,-0.259991452745728,0.0227997425576526,-0.249882200984574,-0.169454433389758,-0.401417475112268,-0.30855398825483,-0.116491872468605,0.184732465474683,0.277692480858295,-0.280895587085655,-0.151970790969249,0.0227325473869051,-0.0773508512881829,0.0925248425589079,0.0589324197930715,0.0354104918776625,-0.23594126142765,0.178437608674523,-0.194010450574628,-0.209272474072654,-0.447325213323547,-0.341511331033159,-0.0933416698444136,-0.491585916943,-0.288603976987112,-0.290946141209655,-0.147831923216514,0.224621697901132,0.0470413213966752,-0.108126723978723,-0.358038848060265,0.0405843858387034,0.212161348671583,0.244516811865227,0.25798323240969,0.310545908515615,0.00969307169364492,0.249731942564925,0.0415821847784899,-0.0535666125080041,-0.110086857131194,0.120445215490717,0.113806686463964,0.149964221728309,0.36816114796335,0.411584291989382,0.455356404201576,0.277876726741644,0.310458183558342,0.317893907069204,0.28673890550681,0.273602040729028,0.186710985709139,-0.184381972909268,-0.203948086616547,0.0452488317131157,-0.225886382377617,-0.421632575095011,-0.277451694685041,-0.282274268705609,-0.0696287612309058,-0.324451518008678,-0.0768731905771676,-0.529278744682309,-0.455936458752909,-0.0798029098862114,0.138191639883505,-0.367946080567112,-0.0298257002258027,-0.391112075568365,0.0674536341584598,-0.348754024622171,-0.690561512446638,-0.472744100884777,-0.492809647522438,-0.258213537360568,0.184998471140528,0.0191663408347062,0.291593343526956,0.184254616452185,0.132409552724747,0.0481591943799244,0.0954113593378663,0.281897856503641,0.250780651259897,-0.2053300831374,0.143733639051253,0.368367742251946
-0.108276116185475,0.083175018712059,0.201614638449049,-0.0147585862674781,-0.0969612017243743,-0.127469942781567,0.279380773076941,0.300114945527457,-0.100858530327512,0.101080321764695,-0.0542179691179276,-0.141352343447839,-0.0981014133413964,-0.307900001086753,-0.0449146478216536,0.0377655694261722,0.22370809286182,-0.0919999071022491,-0.110697010577527,0.0818106107118536,-0.162269288530154,-0.015415241858022,-0.224879084784436,0.0688764153583335,-0.253076332054873,0.217366492921278,-0.307786657956548,-0.171696548453605,-0.398795141212353,0.0216983701403318,-0.180375159436805,-0.177935671003419,-0.12395977050173,-0.222902911213485,-0.123539996543061,0.437661126397414,-0.142123467634273,-0.194547588955424,-0.410795063526548,-0.0571072022304044,0.417785827904736,0.369892756303114,-0.204569955091463,0.135458233490873,0.0844503211861677,0.166480701088266,0.316287614211174,-0.15775070300787,-0.150032652199785,0.0971019085248625,-0.0118993948511796,0.139550463530914,0.368116444814416,0.430154615389551,0.497652834214329,0.0711438178585367,0.117149672101475,0.09742206318701,0.125231747395943,0.349725335757178,0.185625667726392,-0.104513803805435,0.26705951625825,0.155853748571594,-0.201771788144745,-0.104811841458041,-0.294887252954707,0.00211767252983708,-0.360751659925343,-0.263501650682258,-0.132854038846678,-0.225061787202837,-0.103943168483774,-0.146874197281337,0.0601853453792488,-0.0959877609988657,-0.24268703362699,-0.323502495299532,0.00350670486270161,-0.0943842170703181,-0.54922195521277,-0.509278545165871,-0.321793818900673,-0.147565806618489,0.0985872541224873,0.313395582551385,0.26967645716977,0.117697709064688,0.25654737738001,-0.143464626200428,0.154813859212231,0.325265060177144,0.142298131623681,-0.265090532218341,0.0259972149622805,0.218591867815638
0.25802536784516,-0.3734356636317,0.0202757430532002,-0.481396988295227,0.209342758128642,0.101895930254427,-0.439000904355985,-0.465723363344422,0.0991350045380256,0.203125519493603,0.401855409512501,0.273941892471998,0.555923462147143,0.661362614777931,0.232545596895892,0.00957775690832013,-0.68184915807785,0.308212157282354,0.107459428788245,-0.0243355767420883,0.237425318761291,-0.049875764763756,-0.0603527147915608,-0.443217498373094,0.364436407585799,-0.406827905391826,0.482548371514987,0.718276878453145,0.986288347961697,0.54312774180103,0.654654485291921,0.817989734064264,0.466009231559843,0.460750283435759,0.190744014488858,-0.70331485074446,-0.0327614652017592,0.439850437842457,1.14195497530844,0.312036832484386,-0.43404053914856,-0.536089050617408,-0.192865160986205,-0.4315972366716,-0.633022545217856,-0.390010421813813,-0.461172938355622,0.476547818520142,0.311464407935108,0.0226135971000769,0.00840982483480807,-0.504778823743406,-0.892581561696636,-1.12917045085626,-0.977408609690867,-0.496082054754226,-0.600545056994591,-0.199853939655651,-0.190687888381516,-0.967010168914428,-0.53631861058794,0.0314266731163798,0.116828061392924,-0.238453702910469,0.297235610995904,0.585526883853989,0.440267915087378,0.203770589254131,0.651322562809632,0.641562018698433,0.433127405450402,0.727499108134688,0.736524905497289,0.0517489087143091,0.308910082508222,0.619664557332125,0.358348092465982,0.893132531513752,0.0294954690969315,0.581415090080564,1.50530887394949,1.25730483420186,1.20799252545933,0.628823777515552,-0.266777653142699,-0.357413924854577,-0.668667074713519,-0.625421119681757,-0.355563237403861,-0.102096629412865,-0.265428443276128,-0.601412554762722,-0.56930995153114,0.107505927280256,-0.277326009612962,-0.759430999255889
-0.139577832701641,0.0990540463252261,0.119334106488028,0.210034677953302,-0.368833403219088,-0.0479371682008379,0.340410858376216,0.259400389675075,-0.101223529098432,-0.0663928173304117,-0.220645488423395,-0.183521130074342,-0.189627510907273,-0.350713723549018,0.0040913977276168,-0.0136238324750522,0.300106785141091,-0.121198034975,-0.123694659728671,-0.027495170953354,-0.00860794665290948,-0.149009438197268,0.160469821771205,0.184303661208378,-0.143546378369019,0.158753811541029,-0.189425180967542,-0.337830017893676,-0.266831715264247,-0.218628428432465,-0.101912242832097,-0.240174121686358,-0.141019403990541,-0.22797505697808,0.00264387460090208,0.281448649579355,0.0601406319610074,-0.111193399273216,-0.431698301424268,0.0383136097133091,0.195297594716802,0.113441745426803,-0.0664027790950595,0.0723470322638099,0.404216521286967,0.322304447161861,0.214644329272869,-0.0560678723081038,-0.222760244764576,0.00717436064004762,-0.02590604232389,0.112848458504839,0.55917149546768,0.271589912053693,0.209912663267556,0.23831211032649,0.318710416851978,-0.0115607025320427,0.186492857767715,0.445404116058507,0.251301104313542,0.0101818663250291,-0.0335262658732156,0.0454512955495197,-0.0874207608258038,-0.422619087759235,-0.224681102825681,-0.111359009321513,-0.189795843828978,-0.523524681298111,-0.152742826258602,-0.132903227058343,-0.347092034124462,0.0500930839036721,-0.0176286257690245,-0.290074799418845,-0.0955547781306246,-0.322503704438552,-0.104183081485451,-0.295286444126592,-0.421088598528281,-0.529822147744676,-0.593076379796202,-0.102919334826249,0.13659607735038,0.067896547818933,0.137029123253339,0.341046303746439,0.136344551387154,0.120602478240151,0.157533836717769,0.338681080652613,0.183200520388363,-0.11218871075688,0.0900210156059906,0.329081182411922
-0.130871603217876,-0.0557594977875284,0.00278450133945317,0.0030962177605595,0.00355452773659463,0.111323740599568,0.115317757934929,0.0953197305444352,-0.157524560973632,0.0254059830737385,0.146648783889173,0.01773011565822,-0.10214058873118,-0.0964167681735049,0.0719943836203163,0.0776631510763274,0.0572594917624703,-0.0267238855243028,-0.263685447303263,0.280483595412698,-0.0378068977013815,0.027311674029309,0.116526291793028,-0.0065204092289621,-0.227881959713124,0.0367732714858344,-0.101280461465178,-0.0812870002393604,0.0726874973250312,-0.0922202105723922,-0.0295929788019055,0.102498436109389,0.0398102523552678,-0.0259512847910172,-0.0703091379565915,0.246762008743472,0.146772403509952,-0.0732257394800657,0.0219372294184038,0.057024831410011,-0.0314306483704975,0.0270524445931226,-0.0137503677681582,0.130570314389831,-0.1630559492916,-0.0239166155764805,0.221148870292046,-0.00300737384143582,-0.337555831114315,0.0475816136100391,0.0191486460509097,0.0160087538907405,0.00894730772714161,0.118743336265973,0.178243158498235,0.0499280834153323,-0.0308391471890481,-0.0522501207084793,-0.0511535182153311,0.00946529158048114,0.216290224827014,0.10996979665398,0.0480487509824849,-0.0640634138295527,0.0382677680576129,0.00507348268054397,-0.0797740413556406,-0.109379934071263,-0.150759247906356,-0.0563524322769657,0.00880697254902555,-0.00107209843244193,0.0225770694539138,0.0569654212396362,0.0150641792581226,0.107301666249237,-0.0135223630849141,-0.174413966616173,-0.19170505302004,0.0346939109619757,-0.205610028571739,-0.263672370120998,0.0131591029641316,-0.0261817804301667,-0.058433068340238,-0.0473507872199359,0.003678032877829,0.158404436487719,-0.243296233917666,-0.132685684953194,-0.00905686714471706,0.141315504145743,-0.0795510437726811,0.0369164721634917,0.0951392299596026,-0.0761680566222169
-0.282255669803932,0.064103975599081,0.177006043515313,0.168181975085288,-0.142065708915981,0.00416812711970391,0.307293253157619,0.241443581545769,-0.084546879003641,-0.16065122571039,-0.299583095689889,-0.431555569573873,-0.35178566231115,-0.0663516475243482,-0.122545424668058,0.037556214669156,0.456020333505974,-0.0848152021736242,-0.0967065232116103,-0.175846656194996,-0.247291211727792,0.0962811962369414,0.18248677945471,0.25249445311057,-0.307132195057078,0.187299843403446,-0.311903872401795,-0.383484161795384,-0.417792159226942,-0.366870936607476,-0.193651214701636,-0.561303702419892,-0.34030155172445,-0.224270243392159,-0.119501564050302,0.395352410269441,-0.18981122492212,-0.0232646436187814,-0.629578861048276,-0.130789487689044,0.309959264328359,0.271436411811341,0.319088924535674,0.292364651527193,0.354390734377417,0.292293257932794,0.191382762875139,-0.282797403466983,-0.0939656566188384,0.0863611012078845,0.173248221999909,0.269915721236874,0.672648560248563,0.678704771346319,0.550037371969687,0.157471556006453,0.569255350193803,0.02738759550853,0.211412174109353,0.536111446851748,0.259784307482727,0.00377497198719492,0.110816335317716,0.230870014626184,-0.345436716098418,-0.244619322824557,-0.187464844125158,-0.0661509648013571,-0.297880941851784,-0.39959702654525,-0.305387281045819,-0.321777624360308,-0.430247985860717,-0.0297571807921494,-0.0521921007109655,-0.307283139327996,-0.349899431118935,-0.600972107552858,-0.0975391316999745,-0.243207055870392,-0.558199708174005,-0.859405690485674,-0.834169986022284,-0.375603127129536,0.2117737908238,0.383270458109779,0.449004426624706,0.497383207581162,0.0941246099692351,0.201782549842974,0.233647428748286,0.307372595570976,0.315822347385352,-0.118958497321627,0.0965699306813025,0.349638467913555
0.291176932429758,-0.0250247621931974,-0.226445461666992,-0.375441552482324,-0.1348909121777,0.0555956695652702,-0.542624435027666,-0.329154370472491,0.228598363979259,0.180509190998933,0.546908555184519,0.614779587514327,0.55526525876213,0.454474062328855,0.0665871184750375,-0.0965827124677479,-0.921857398279519,0.286961972579314,0.266362297387012,0.058867592612722,0.369084368150074,0.00884442732561259,-0.0881886141597739,-0.170798872828384,0.324239047890263,-0.473406328229445,0.464809796490497,0.445398568997073,0.949259457491019,0.440267621544244,0.468061832306748,0.846184431616271,0.61971777400499,0.845825856348993,0.126120506716856,-0.900296060018722,0.280225528241586,0.315756148930495,1.08681326487188,0.398568506247368,-0.384119936275661,-0.859521061245322,-0.108059711236882,-0.421023765230441,-0.487888439413414,-0.53247237569117,-0.426323018404577,0.203181737731021,0.425163558533928,-0.0653644784986045,0.0520479381274999,-0.518102747485939,-0.940294574688738,-1.1142826346843,-0.912096960068643,-0.545746381642567,-0.743098616116138,-0.267012058260776,-0.469133187587207,-0.959548118089539,-0.577126938728214,0.292836047537195,-0.252838016972924,-0.309596534254205,0.288274471101353,0.580284898199618,0.463988025476138,0.286445478180584,0.67707560598237,0.685382269450224,0.490492188960461,0.729112873977314,1.03147298986082,-0.0651834399953884,-0.00458068508898213,0.763205306899189,0.53272620948353,1.01583037093739,0.0820699800019519,0.672360139183434,1.59298635279992,1.47208127408936,1.15732228682547,0.688002706636702,-0.131776582112637,-0.613942163535456,-0.9715080483411,-0.929969419969343,-0.251686832085872,-0.125561653887509,-0.295366141281371,-0.543818809281581,-0.355987225198488,0.412882966550062,-0.335375238719564,-0.689079972996717
0.0308104569599446,-0.0294133764821897,0.0197638856931918,-0.0874540876919147,0.0403193332782187,-0.0893249833693416,0.0810267267719827,0.157362592898984,-0.218519129047753,-0.0658483679539462,0.0254028130137579,-0.182688452908521,-0.0927875441024069,-0.10817092108435,-0.00156425243214634,-0.01048984454738,0.166814218423015,-0.264825555374306,-0.066477259198882,0.156609383710093,-0.188315034999244,-0.197661737840898,-0.0354070646850057,-0.00198394542268897,0.0229246275330275,0.143742084320264,-0.173990054054656,-0.399934988930398,-0.136974283538679,-0.207569610890571,-0.116398442911249,-0.125607651318981,-0.100488567714129,-0.0846279699494357,-0.0771884486225113,0.0456426243592263,0.145046930258236,-0.167185193598047,-0.050486818020097,0.172686101103823,0.246692812461743,0.130880082305571,0.0313001125083719,0.21872636189071,0.0280876786256737,0.134445242673497,-0.0253211683749923,-0.0993744482715944,-0.131307128169802,-0.0863075733091011,0.133507046725027,0.156536889115849,0.255613514589699,0.126009384971825,0.120112754930535,0.166164215436928,0.188905600957677,0.0455711597890959,0.144693873659824,0.289118558103762,0.230185116797945,-0.159322768307185,0.0106269552819629,-0.110694173156424,0.00405169144416874,-0.0645632049380847,-0.031724443344654,0.0807247838938827,-0.138183205105495,-0.164237375252159,0.165348951206255,0.082173379249505,-0.11185961214466,0.1082003005523,0.0617470053015419,-0.179533000666736,0.03616105902125,-0.210318608077286,-0.0764567770424348,0.03618231601649,-0.189943541678502,-0.321190296159413,-0.221779871900513,-0.0103500184067355,0.195983945860943,0.18294836701641,0.179512831454797,-0.00550093307139735,0.08358607462847,0.12625382202946,0.137272721954734,0.0892929854704827,0.11694641501941,-0.281849137291168,-0.0245501857547868,0.0343855940437705
0.0517600034768837,-0.0631021566851445,-0.00967491671316831,-0.167928457164266,0.0164671063381502,-0.15844152727373,-0.294427214060381,-0.304688049610712,0.10772177562868,0.0837761585426714,0.265852297844003,0.1287897783629,0.415584499753456,0.224677356978659,-0.0484537322439984,-0.223041349492574,-0.262483594278439,0.0867154903993904,0.220022246726217,-0.183025225250504,0.221652490478261,-0.103881072016285,-0.15000819541868,-0.078091069634805,0.524463400689597,-0.25627498439752,0.338029561937947,0.469858703996026,0.490876270352427,0.366203741903532,0.261260832400626,0.495282053383264,0.237022127945888,0.397694561609309,0.0858506466707978,-0.660955843153691,0.0908898107639852,0.413900270266393,0.531046990659602,0.0768707612652837,-0.477599399917297,-0.491183843163231,-0.3193236585638,-0.281027279484121,-0.232034403825706,-0.396913781087444,-0.168636561014552,0.192110423505695,0.113478087263285,-0.163981071833166,0.00684726135006395,-0.0903420463899248,-0.540981429881967,-0.454344237920762,-0.649062341317315,-0.304879130409075,-0.247708748501836,-0.151183664675229,-0.55559316111966,-0.366793383016217,-0.409588115881867,0.121900854930457,-0.0759685022132026,-0.161257690330754,0.24024028717022,0.49532173766007,0.156448690955908,0.106818794876374,0.444123006161616,0.176257561279716,0.206233006651527,0.440500487873157,0.3909398520012,-0.0677462298641888,0.226163539230802,0.52501854807693,0.139247524431774,0.459430688435786,0.0275212790030802,0.372143024947311,0.896843251897739,0.666938070144662,0.478115790894839,0.410486553057501,-0.182303531824829,-0.173421031972309,-0.528094922389572,-0.485072068000403,-0.134331541835526,-0.11466892177388,-0.208137751432556,-0.507832274589535,-0.400967197044354,0.15230429529318,-0.236410108862461,-0.358126239721605
0.264073257781176,-0.250909856117241,-0.375815909236681,-0.395773341758494,0.111175502001097,0.0362881916214787,-0.236814139664874,-0.273720109952364,0.0694594711046318,0.126118137525903,0.310442520589264,0.246449967540895,0.189803694324031,0.383249292804731,0.0404053316512519,-0.0544687258636001,-0.515361781880643,0.149745361153773,0.064510343443901,0.102126854084979,0.15293027032582,-0.225126976087946,-0.104026703899199,-0.162793323529522,0.118357051433884,-0.134686832573176,0.407467197317052,0.540089375934411,0.560685970652539,0.309483591974691,0.234439464575267,0.508837821499341,0.389760847418105,0.401683905866737,0.292880490455316,-0.46243588908264,0.0920229000684071,0.396436020433637,0.715647116874176,0.161618663388078,-0.224523505207857,-0.310801940351499,-0.0885746784689344,-0.339494968779497,-0.156578886491178,-0.0408257845043685,-0.127147559472311,0.310554401630169,0.178956805659452,-0.201174732722751,-0.223938720597598,-0.13402211953264,-0.277504135241711,-0.552023747120569,-0.490977057052338,-0.253543295279865,-0.450020416011519,-0.210997068778183,-0.273232021879337,-0.63197695863157,-0.382120810544051,-0.0128721008734842,0.0228998606762097,0.0532125465721393,0.237601578009389,0.315468717781036,0.531136514617125,0.0670097170022639,0.59981473208843,0.388384803452789,0.253188021335407,0.309049317878392,0.370602133647826,-0.060414475410532,-0.0502252984222559,0.227506315771973,0.272744332387391,0.194686906691998,0.126187907777438,0.390470345149038,0.837194621148501,0.75146400909443,0.476271783050933,0.294577423468501,-0.365675595106467,-0.330090419346456,-0.510059267990009,-0.491924392212553,-0.175419788318368,-0.220251579779208,-0.217269155433562,-0.372909909308552,-0.336219786082978,0.115123089902273,-0.307943874710577,-0.442423478863831
-0.264734732403811,0.124846913037577,-0.189594630851553,0.184693097462012,-0.0327838018705037,-0.107277128739983,-0.00483351098295101,0.115190282124581,-0.0660205787072439,-0.0596629183329329,-0.197790876150015,-0.443244477160224,-0.133862538511011,-0.255844991412016,0.0370950708663502,0.032950493610727,0.507626483407242,-0.0842513970042401,-0.013243762983956,0.141239906718162,-0.217645201061525,0.213236961941808,0.104400871656966,0.0561784658369696,-0.120225358938925,0.219666091589036,-0.180860402804056,-0.374119543988335,-0.59956552453393,-0.487927229257595,-0.282955514304942,-0.457386880120557,-0.449440319416856,-0.443736720691708,0.0515303163747691,0.565638923257509,0.0313434340044244,-0.253988167918573,-0.636597504952514,-0.11908158071326,0.219737050744645,0.424810579934692,0.132898435706491,0.209056434216508,0.470091869589325,0.0757816147671126,0.320332349720373,-0.153074351931825,-0.189521325555102,0.0344083626452059,0.187580740081919,0.262741568308307,0.468957028983687,0.768321308689232,0.593941010290599,0.378415875186722,0.267239817570118,0.258750923226674,0.172275507983447,0.56969114140775,0.399847607392187,-0.177419696700559,0.181997333872814,0.104965651594694,-0.333038190458408,-0.195200328117035,-0.398801368691207,-0.0794722602820938,-0.282690275776636,-0.243807996164629,-0.135072884787087,-0.393250254993076,-0.356832269560347,-0.103756842325484,-0.0339350310136003,-0.246531681085981,-0.281835986773773,-0.350354173899805,-0.117509261063714,-0.440070022977265,-0.932822912200108,-0.829982837174841,-0.613450384632392,-0.543501664372711,0.19569057868169,0.144581808944222,0.450841803170182,0.508958006301241,0.073652401237557,-0.0109030519121946,0.0794021043390551,0.338166672333218,0.250540220598885,-0.147132228310547,0.165390349272562,0.337893273749383
0.156755370287128,-0.188431901032119,-0.145792564878363,-0.0331410311549616,-0.148364221802829,-0.209886919555819,-0.125466743492677,-0.116515838139931,-0.151719448606178,-0.0627306096436903,0.0484026694368046,0.00506226170704834,0.0960104397498945,0.140361449927446,0.074276891653133,-0.144572167578371,-0.300522009956772,-0.132660063255162,-0.141488414868696,0.110113092447707,-0.0173548079142643,-0.014318530210388,-0.123972828143984,0.244301900159337,0.0825269465455615,-0.113466600507733,0.184917364450105,0.208323253837478,0.183996775263945,0.111290362181237,0.0479137563139349,0.259708739604358,0.269997625859922,0.205091585799945,0.10210713696876,-0.08998687768488,0.0488259516013762,0.177721384953042,0.228981652571929,0.109612678610877,-0.103817803535078,-0.0199891155111071,0.0472202921896222,-0.171902539071952,-0.136571370617493,-0.147694187681302,-0.160974943142867,0.111194104370139,0.158423275514941,-0.0542671055427368,-0.0120063051478184,0.0367509306026589,-0.33217216945541,-0.141115504958839,-0.167717068409722,-0.150396678924942,-0.222529690747977,-0.00285818231139853,-0.283275394999857,-0.195886115743367,-0.17029875532169,0.0275620144821448,-0.150527775972854,-0.281606864513888,0.109784794483585,0.277147948557475,-0.0320626047399689,-0.0802731318179373,0.064685700313754,0.210696865442458,0.173184480956244,-0.072230735806597,0.119101384595609,-0.149316558116689,0.0499579288740947,0.130125991352483,0.130039532199571,0.0195257108645666,-0.0147234841856231,0.234322297636596,0.100265703618158,0.185583565239138,0.0661067987924291,0.100539880914518,-0.101143987409791,0.0534150243830938,-0.0966448493234475,-0.120176879915738,-0.111101571475129,-0.0468941146215719,0.0132113505999026,-0.172849426090353,-0.223211293977906,0.0860444420096886,-0.220475348228804,-0.166203411538322
-0.106142049160631,0.14204151561392,0.0422964243334153,0.204526646115757,-0.211127867916765,0.0132352912887482,0.205442335823978,0.293084209311487,-0.0245825054590517,-0.230651512816745,-0.163871720703063,-0.172645676851159,-0.132271753129774,-0.0964700554279249,-0.171680910438069,0.0506442435069746,0.260686815731486,-0.0175909795169941,-0.0931340832967734,-0.0608435260400917,-0.0504337837032074,-0.00355131560647594,-0.0335431601431715,0.0294188237759699,0.0390273139154819,-0.0944172164560391,-0.0723083998470149,-0.401930411206949,-0.235018602359351,-0.351437325650106,-0.0875332144482805,-0.498386311997764,-0.2887292867058,-0.245158702239791,0.0142044935099404,0.289552818951154,-0.0553480081030389,-0.0899395835228114,-0.276493631800417,-0.299308385638463,0.21584845965234,0.07206272548677,0.0627111019455099,0.154462313625409,0.154444222012696,0.320202325320244,0.241317648833399,-0.168255634049158,-0.229465734404613,0.00912474543714903,0.1304054581461,0.250011296841426,0.366496067269586,0.456575643558613,0.218387603018228,0.155432125785567,0.321735740090223,0.00226624803589225,0.304091050010734,0.235768443005499,0.360972290131686,-0.0953222866425776,0.116755962180187,0.0506009651316226,-0.283674354323317,-0.357265973013716,-0.0540745795751239,-0.192768539158883,-0.0908654772442313,-0.310568795930203,-0.118530908994379,-0.148583541448009,-0.191336923981364,-0.172217458659684,-0.146729544507717,-0.33046727785312,-0.0928430192184208,-0.358133107227687,-0.203995236685382,-0.234088609676618,-0.526524950412387,-0.33638662305635,-0.434844562355294,-0.162966375378512,-0.00826260611350996,0.196839491418891,0.326708255105917,0.121738463913165,-0.0373353013984011,0.000823096996761426,0.0368364078310937,0.227155640367035,0.218296159007293,-0.120316549328839,0.145417441539864,0.302517131900618
-0.392808562296256,0.346247260074426,0.19549800803088,0.66041383167154,0.105232231372783,-0.00476526175170085,0.57782991946006,0.5622782863813,-0.278820689024314,-0.113904348005386,-0.812212175003403,-0.593043223124275,-0.750787682477814,-0.665008322938842,-0.162657871248309,0.23793743928321,0.967100026913299,-0.393199222604021,-0.123275531030467,0.0205019035537514,-0.360853387586983,-0.00872264497894805,-0.133596690564739,0.320955124037103,-0.662279369257989,0.428489620216668,-0.770651634950584,-0.964052023700902,-1.29945880779159,-0.795738887716596,-0.583443771378027,-1.27550128772943,-0.653732428029465,-0.992363819807002,-0.369125267466341,0.966763366797329,-0.175470421338467,-0.638291756477112,-1.31335903704264,-0.4876935412724,1.01573678594901,0.89994020628357,0.408716073463011,0.568324818541341,0.669945954631974,0.560570382417054,0.439862399797006,-0.732040241440849,-0.660687034668414,0.0795998423955948,-0.107284223412491,0.565734799879218,1.23026498265133,1.43180890067664,1.12400450026581,0.604648798924244,0.998416545658969,0.230185452589341,0.731714730247902,1.22730007561532,0.714095715032107,-0.43764182205161,0.234507675399675,0.417823422120676,-0.358659791865913,-0.710866297867494,-0.691919348733324,-0.435482433658967,-0.777608533336813,-0.887873018694746,-0.733576777541573,-1.05782621488319,-0.854424634065727,-0.0745341235396083,-0.358095742121753,-0.638735481860126,-0.592692520528576,-1.36151378159949,-0.208398524974115,-0.908272175168809,-1.83287319052264,-1.73649336100048,-1.3610950285428,-0.850530944241176,0.466331732934221,0.583383759667977,1.24046899769968,1.17027401462284,0.303574268343054,0.0420644511497027,0.437076486149182,0.915530822574372,0.809523965134388,-0.343568295580326,0.394350561121645,0.89353785212959
0.179677625505942,-0.107118018194959,-0.0279782248619569,-0.146642521912294,0.0618371073187108,0.0205272952819857,-0.293947819031284,-0.223372226100729,-0.0342390813752478,0.0629191013991703,0.129909401911598,0.393177603659558,0.420501597799248,0.242696598408455,0.162554008899077,0.00548391777819281,-0.400077798385357,0.127961911716893,0.0923575498983346,-0.028394817768079,0.279522692072711,-0.0326863929571015,0.0982535741295286,-0.239286001523302,0.194673451609194,-0.377156116300562,0.32215261135851,0.418012805312054,0.557131668591419,0.188039365283395,0.423089453844538,0.467178618405247,0.477704244130302,0.533548945847969,0.054999419569396,-0.50582550638187,0.0892093825858888,0.530749800700459,0.746452526744416,0.326245679976363,-0.283321685950561,-0.353227681826514,-0.0887592920795383,-0.20485433938142,-0.203488470326917,-0.365543377911696,-0.260883044710091,0.140911203014106,0.292113306292259,-0.257099109964024,-0.00469419874026156,-0.44178735929008,-0.491301653767682,-0.692459592402723,-0.542327567655445,-0.266519989881191,-0.410117569545139,-0.267837238460364,-0.43248070432758,-0.579699601914293,-0.385868508918826,0.121146957884897,-0.181129406717762,-0.220181954100518,0.358585537090126,0.253972110699734,0.466869450984532,0.330767328002859,0.12151771912383,0.414596727793208,0.181193715966313,0.487430970149021,0.482400231962581,0.0640875561371314,0.0986407074311739,0.40549677499742,0.264645017322776,0.6971995490848,-0.0373293073791715,0.403302933710511,0.970286688610799,0.901142586396894,0.657182976911187,0.27608118615817,-0.309958399492754,-0.430241034767941,-0.421560339071344,-0.379788235010748,-0.124576832569165,-0.0201317255340105,-0.00927328319213647,-0.451869812735947,-0.180966777311197,0.174413938799948,0.00722672175683867,-0.440530461834578
0.171890899797885,-0.0574822374701304,-0.0962360156087765,-0.144836888454119,0.078659338104991,0.00645319107168106,-0.333384222864728,-0.192611096140884,0.119200272296701,-0.0908753495489036,0.276845277228379,0.154599854445924,0.188319379291676,0.0879849200627668,0.0990728590352158,0.0780438810964789,-0.552879010665685,0.0475783674482588,-0.0446013749962691,-0.0884147991909213,0.226860429582994,-0.0840406406884352,-0.0874023742912573,-0.121929934832623,0.183314897928154,-0.266282807112508,0.223792955330715,0.332432277527483,0.250769512693268,-0.0198240137731892,0.150274908442642,0.246772842312337,0.277672647852436,0.302837603439225,0.228373832079021,-0.332510186309517,0.193121917273708,0.217717487389384,0.366895957529593,0.0826958581772819,-0.208434018687964,-0.259320695689472,0.0692034617958161,-0.246012458224203,-0.23870698164729,-0.174486059661158,-0.150504463778292,0.155964336156155,0.144637067478516,-0.0369253703310814,-0.0517076706555866,-0.279082974459995,-0.478725493735999,-0.530160957493192,-0.390000817848317,-0.265179444887963,-0.211967119130864,-0.127623206126942,-0.10954314318387,-0.403705703582626,-0.229208585397491,0.157867670729848,0.0567891176711681,-0.0188404854118946,0.105736208049507,0.030898535446549,0.188550555245382,0.0818234030768002,0.267181199358781,0.187139197910917,0.225846474682146,0.408195958576841,0.242152066663379,-0.0376780155860153,0.0528819424866624,0.199700970352743,0.0438904781899897,0.404532037294066,-0.073690951491125,0.0945218031776263,0.552232753785196,0.593472473126968,0.425446492039298,0.35534467354224,-0.0339888174017862,-0.126023714460981,-0.442968560206415,-0.290728532469517,-0.0523139616387681,-0.0652743690003953,-0.162865624335119,-0.268460664427918,-0.217483132335898,-0.00666490043233871,-0.142528405806095,-0.311488569370404
-0.133385776552562,0.121007563896289,0.0706997524378862,0.35452857657912,0.00516486385893742,0.16224014558899,0.219190030460942,0.416879325967341,-0.255527747940479,-0.196039528815729,-0.458263912933086,-0.222193374627022,-0.309250902928577,-0.260016296193324,-0.160829089208773,-0.0358044612055366,0.455426201097127,-0.181943311399352,-0.00367986649527646,-0.0129967082957731,-0.220733773553247,0.17582087547952,0.114963903448982,0.222818033588007,-0.390702190353994,0.185869705582694,-0.323420811263135,-0.650635204163611,-0.534508804934869,-0.159896906243918,-0.193328360943358,-0.445273355865248,-0.245878117210948,-0.280365725064543,-0.160031495551681,0.39061359121898,-0.134422244657588,-0.359287346279468,-0.597263994781175,-0.104775278616837,0.560477010994736,0.275874721630544,0.0686221181267469,0.309415799525453,0.329024514925727,0.224299826617314,0.261947104637091,-0.188470014935434,-0.34367030422489,0.258705426662332,-0.00772731393518929,0.227667200441486,0.539791190616473,0.668695049658743,0.583407671236595,0.405786316938369,0.311464353436761,0.143447431747436,0.353415764594855,0.428120100688725,0.352836937065745,-0.229915185706774,0.0861000346300586,0.186827241736831,-0.204796656753612,-0.258960888740349,-0.213821869685295,-0.0331741853049092,-0.168759600145711,-0.432784788752903,-0.073767879674602,-0.371042058878885,-0.280108988663875,-0.100401054836681,-0.114364215846857,-0.360743594374317,-0.116993415420197,-0.543593369871549,-0.0674406962636566,-0.539870641223173,-0.698068064169334,-0.689039593506087,-0.730202337002174,-0.276868277233416,0.201507039006056,0.45310303148284,0.398516661362412,0.557948055940376,-0.00776277739669676,0.159122136848532,0.0966386949723786,0.413148477838151,0.349980962537143,-0.19667795456851,0.163772196958712,0.573683131696092
-0.3308495291241,0.378655689012406,-0.0470734226710241,0.564496995084606,-0.168747552162792,0.114054466018041,0.482993786660193,0.44002449083952,-0.212207402606024,-0.114777177572055,-0.486166853954094,-0.551241738080158,-0.660667053896169,-0.61663818857572,-0.0192955843787864,0.126759636986347,0.732995676742506,-0.363472525435669,-0.262648646985827,0.0741935031060847,-0.391949568357391,0.129394012850629,0.262034324070847,0.417255834111449,-0.613715479192413,0.451364441515037,-0.507907041178143,-0.737207304596521,-0.969109535180627,-0.535668743153313,-0.642264046350678,-0.986110626298403,-0.575773323285607,-0.828182521686223,-0.184257795255498,0.858551157062729,-0.179594080629875,-0.707110597183791,-1.21807407460216,-0.420744095060074,0.646783261424571,0.645360248749555,0.403886513820049,0.654846862406643,0.69087883516399,0.651989762999979,0.435827606123846,-0.55371891068872,-0.396216309754806,0.241956656284257,-0.126352929447352,0.51854361544338,0.965273290324592,1.14527154299538,1.00702734811488,0.625520809199566,0.587357613359003,0.299540130996782,0.83479052788125,1.1357492607883,0.673861700256021,-0.313921343278761,0.136543636394338,0.20594359056879,-0.32126646455455,-0.706163031269209,-0.507351997142117,-0.207679149133351,-0.5655400897541,-0.818056438199514,-0.506539130877025,-0.761479472554855,-0.822090965408828,0.013701635040547,-0.282187492836508,-0.68270891344441,-0.297335416494169,-1.14553101301434,-0.0789378910346279,-0.63209494126947,-1.72460904493093,-1.64523966935404,-1.10728552495281,-0.940723498050155,0.318767590543382,0.592225660171876,0.96086623381428,0.927433819048392,0.324093660317655,0.219285481926665,0.457981084415169,0.46798124689639,0.653257257769545,-0.337605098560328,0.335186562078077,0.973705608314205
-0.307356792109823,0.154824370798528,0.124146545758339,0.16861527735483,-0.190021578718827,0.0197187889090192,0.0930949435555604,0.189315575785942,0.0547375818865743,-0.0541932076921571,-0.398105209708211,-0.199613844108893,-0.0125588643135595,-0.324093388874955,-0.188740701568091,-0.101372112449944,0.216296003915499,-0.0866399744314857,0.0283746525825549,0.122605925278804,0.172521242013818,-0.0062925882106124,0.139321374883129,0.0657060777142905,-0.128544724447411,0.187047163567317,-0.165350895939971,-0.356198386738706,-0.230193567498316,-0.202136249747317,-0.107327811668662,-0.204985225558695,-0.209900505778637,-0.203608317987719,-0.0259996653959829,0.229063374244524,-0.0504784335892045,-0.172039489036159,-0.274764097415498,0.00482313734510918,0.239928069191998,0.220123410029372,-0.0544316538139105,0.0850069892341719,0.0459362666932231,0.267271740536194,0.196576841111733,-0.133394025951662,-0.215559182303261,-0.086847393440292,0.0312808536180792,0.163839006642018,0.416279967954679,0.475244471883204,0.4718412575598,0.138086973586737,0.134934331419409,0.0494079251320604,0.0972586836344106,0.246181888563162,0.157522823201941,-0.131401209505472,0.255124288660831,0.0501910777827757,-0.15531315770864,-0.247853162997336,-0.203568998913444,-0.0735047378908835,-0.210037429893683,-0.273447624634887,-0.209027723307013,-0.240396834257281,-0.328446433247799,0.0453318242419735,0.0176969208556033,-0.153743985112064,-0.126513632452684,-0.23069095477099,0.0575265661790324,-0.321849099742598,-0.49115489612194,-0.635702748422456,-0.391807320579696,-0.496407509800212,0.2282214590025,0.248975760238651,0.289016488502738,0.19890984522161,0.0884399383684478,0.0945680997229973,0.178457271238511,0.186869153202216,0.0994263119883466,0.0856493777357669,0.230784371580515,0.305261066693343
0.146881279284949,-0.257908782234073,-0.149082442465068,-0.420820210801103,0.00366421007200727,0.109608733387262,-0.150688182670749,-0.316356585538533,0.240337475421616,0.0243983408537225,0.539498818561797,0.465820043457186,0.282568195731722,0.396574839851751,-0.043233051460293,-0.00947149428821406,-0.221986699596723,0.132406338826405,0.0686711814128793,-0.15288186339379,0.174729305613672,0.222456477473405,-0.07198571366706,-0.150381699690018,0.326792347174909,-0.29802563455213,0.31932814282494,0.33568199116901,0.723972414639746,0.192730847006,0.280006024823267,0.481176424279129,0.316315551408099,0.451954836193126,0.0211432837997828,-0.389335364875624,-0.0975343961821319,0.299922533771622,0.572609582226993,0.0270975732078923,-0.378532189459979,-0.329931072746076,-0.227218630018475,-0.195198029289975,-0.415130234991153,-0.340801355641056,-0.239949177553584,0.196263988389673,0.133660894548142,0.133928136953102,-0.0739168022858754,-0.352104922050009,-0.429110613842672,-0.407803717134396,-0.585437307323587,-0.295520922893259,-0.315525238284458,-0.0110852354121237,-0.375187388021636,-0.539912442355563,-0.304058154885395,0.105319407411694,-0.00128986859202676,-0.153818353187313,0.173359345573214,0.36757993571979,0.353519323709953,0.199423831341431,0.283266556115261,0.395152322592871,0.277770249188571,0.273917541254364,0.365716328460939,0.195898885488898,-0.0516870250520987,0.291946904108286,0.0773040039936668,0.564499978213866,0.203950250251903,0.40107025128912,1.09477664166446,0.621085458940809,0.542594271251282,0.3959446058637,-0.0146290497638848,-0.379732893269788,-0.316559448597937,-0.615900285410223,-0.0413825205087824,-0.0640242972729099,-0.0658184783339708,-0.299376644206349,-0.312842417748379,0.117206658237612,-0.0400250752564274,-0.379044457894026
0.0115043162289027,-0.0776099653018637,-0.0227127772974588,-0.00267648184623223,-0.103762304644972,-0.0588654962961012,-0.0777400831119663,-0.00309636616675213,0.120065590137151,0.0903131413810678,0.266310914439418,0.235332901684423,0.153307430897698,0.455118349349078,0.0479274260961541,-0.212851380220752,-0.245005124163826,-0.0111088226417087,0.0887347482733802,-0.0260545314281344,0.221983341682819,-0.0779018445274448,-0.0825488074118448,-0.13724801910161,0.235416712678118,-0.12993001345468,0.075651667560256,0.13837346162323,0.0894062349141396,0.180967208361862,0.22361662336847,0.336610520974943,0.26766902116935,0.164011650405791,0.0142415653432293,-0.194237286479206,0.0684559794929415,-0.0831911546823353,0.489181752341693,-0.138671920836947,-0.148669414383687,-0.162377661766437,0.0968184985234015,-0.169073017664884,-0.0478619393187976,-0.0551279559672879,-0.236094446725289,0.0692812709419967,0.148083881897904,-0.170454564840987,0.0760040195770539,-0.117294362874167,-0.247896714511551,-0.237731407317586,-0.0700124928312623,-0.0963064260805047,-0.148261327201565,-0.0972078449250865,-0.26737733184331,-0.431080461332736,-0.00700368583756522,0.111845954083617,-0.211496596634511,-0.113392935760245,-0.106584120612568,-0.0179951553889084,0.172849375444004,-0.00215019629089859,0.174531604423985,0.032720004997034,0.073198595286651,0.219141967364367,0.0978326501619462,0.0483841248079652,-0.0936570393665178,0.244811819105754,0.158360710481323,0.20011521138026,0.0455525200699307,0.318998307278947,0.340526582391489,0.332900608481523,0.277399121848515,0.188860157245514,-0.209949706859605,-0.222857015289899,-0.291597136510433,-0.320248371249974,-0.10127093089821,0.0404322454917133,0.0169019463154174,-0.309281138526625,-0.230239523377726,0.0266391497574424,-0.119937298158391,-0.447436827844213
0.00855002038557749,0.129144194081571,-0.0987949230606563,-0.042196359762418,-0.0569167783163095,0.153672939924028,-0.00791464781357551,0.024497037693079,0.0982704877039527,-0.0896000534867067,0.048442692719301,-0.0419800422328766,-0.0490798374917802,-0.150489731564585,0.0684991794632673,0.00685308442306051,-0.153091728143611,-0.0122868981411784,0.216161286569156,0.073379428618649,-0.00261428596513278,0.0685156457441277,0.0667158285278333,-0.0116819245598826,0.0704091038022546,0.0178881249337785,-0.110615189066408,-0.0818669748939601,0.0661557066527168,-0.0841247001985232,-0.00929927735401545,-0.155685535504935,-0.0459931229409237,-0.158805912816701,-0.0527529001912794,0.0601147043077555,0.0911828733789602,-0.141892627225015,-0.115399639197859,-0.0798860239583207,0.145581179687278,0.0364761219181687,0.120289312117012,0.110452556380189,0.0973880567936635,0.138389703905135,0.100536692408065,0.0218561512302155,-0.08207997248062,0.0310549887371512,-0.222061632079616,0.0225386934181307,0.16468503620969,-0.053784774069974,-0.00312553146414809,-0.0676640188144451,0.151692866255645,0.0611449403275194,0.00336052003863751,0.0966159040583977,0.108058770660084,0.0129852812679961,0.0951422594974083,0.0996416102617791,-0.090408937910782,0.0116636386131593,0.0602558931588162,0.091006408843778,-0.247531125292788,-0.0225205721676361,0.106723631462164,-0.188273423012318,-0.0739792133970614,0.143524857065945,0.05497722544547,-0.102747326621028,0.080813121299232,-0.152082885922901,0.0378115015339821,0.068314090153294,0.092634065942625,-0.187641139582916,-0.0978105190041697,0.0013715821688802,0.168685258991393,-0.0361916720234576,0.151320709384217,-0.0585391155807993,-0.148438921932539,0.197654609223198,-0.0527690126811343,0.113834574416328,0.0758731432274617,0.0584109287045385,-0.00195024165769373,0.201685810747879
-0.308454424365738,0.269683472820966,-0.0262306681564103,0.50470405724788,-0.0314902426031896,0.077254549096922,0.514037700123745,0.302613976157988,-0.0426700699519099,-0.145850114305255,-0.537874517013748,-0.423658886355301,-0.50742759462512,-0.584869316887318,-0.364622604329879,0.175616408180447,0.900182766802178,-0.0274271294079973,-0.150866653019609,-0.0914462391346144,-0.378354486309169,0.191990687599115,0.023752930586328,0.323286255140049,-0.409687237415812,0.404481294027465,-0.388304325905934,-0.584137929043802,-0.906342683966787,-0.559957951314358,-0.426495110829813,-0.602303384387155,-0.56804085249471,-0.714771315057941,-0.0852434187805431,0.671235114065788,-0.00664536171410571,-0.372183189943816,-1.02747397050079,-0.419521358129031,0.551904501311241,0.617917320125472,0.137615581423904,0.628099344391658,0.626042773615241,0.54234537046641,0.511466398754845,-0.115987222573891,-0.552974085854144,0.159209127368023,0.0912681058311877,0.290323598606779,0.835748547695371,1.04775727174313,0.806804705963517,0.615647748575238,0.711911898389872,0.270445601389449,0.225472198585888,0.918037337418236,0.570315683503314,-0.238107857541095,0.127148798814412,0.292747289392822,-0.277979963905544,-0.659212469056585,-0.306620992347503,-0.352724872074032,-0.495174651178425,-0.640820450371954,-0.48576428980076,-0.80166187750186,-0.591730202279457,-0.0219684641877122,-0.145962452558962,-0.504970340514623,-0.460072132671713,-0.738039788488454,-0.0139288001252184,-0.580858357727206,-1.37845727552108,-1.3736658500458,-1.16979669704602,-0.66875487377246,0.232535187728339,0.483816641888747,0.745305734739661,0.883197366761703,0.298189136366854,0.232048581320537,0.319726379262567,0.57365770491219,0.471132673598724,-0.357363604043674,0.32653231358475,0.641374214084793
0.188688335581304,-0.0839184510736488,-0.0316388627287195,-0.17213528627407,0.191953499437816,0.0294684073071884,-0.285667959236584,-0.408336164024997,0.376182785479233,0.221418294449253,0.278510768694464,0.303526021683052,0.176410392789308,0.378559290863786,0.00424702092115561,-0.107485622121227,-0.450106260249668,0.280598789544407,0.218244958332216,-0.00867049253514647,0.352841456240347,0.0462978271058625,-0.243759727747588,-0.210557396508333,0.363111983043897,-0.324748275772288,0.174157452898848,0.50492593801386,0.706483877214769,0.334605388134375,0.48766341172577,0.46087756075498,0.366170715304967,0.597406873653419,0.186430049807036,-0.635576002613383,0.273586232776465,0.468620359778245,0.634878671270882,0.0986890437943033,-0.143526192382607,-0.619102396405841,-0.163405235619624,-0.349969155413191,-0.290063551942314,-0.0540520451061784,-0.353259768287475,0.172172500428318,0.0349997814740525,-0.0567908193931809,-0.10736471555525,-0.259910445079082,-0.552509178691857,-0.845250244657271,-0.741187962803053,-0.411537668005262,-0.396606892221606,-0.027572114222886,-0.3159584017104,-0.705595881747542,-0.387992608159664,0.15376939026129,-0.235094819827781,-0.110633722978814,0.377669559230343,0.303051046460137,0.351971628126998,0.112246674199299,0.152946688188164,0.465753617009877,0.243013635655463,0.434149040883239,0.406871533800237,-0.0284091142515961,0.166733249258126,0.457637693846487,0.187399942718872,0.786247496635461,0.00827777181703811,0.412283972144396,0.951901191976619,0.96841257658911,0.718910462166096,0.586216412761471,-0.272522549829199,-0.226716881799946,-0.530980485306463,-0.735675675072619,-0.128869286622987,-0.0721711078805873,-0.178718867811452,-0.375844187230416,-0.326598102467936,0.283428961962885,-0.355420556680141,-0.309432368313497
0.316036147197304,-0.127381228665115,-0.223619656203603,-0.38922847373354,0.120866442901012,0.141320097327358,-0.166019348722097,-0.267414895782648,0.100236140059606,-0.163044144132607,0.151699241953121,0.328079355943096,0.337554369610555,0.505511099224058,0.0221503910310304,-0.0834410612960843,-0.49141934005249,0.327156477913569,-0.0523068106727956,-0.166738069603525,0.0215668534919768,-0.0261883946087763,0.065990961203161,-0.349132001247171,0.426603771230997,-0.167390051074261,0.381003646469724,0.360505145141972,0.654490235536839,0.191138515152692,0.350402016774921,0.481303168614512,0.221187245733069,0.605625981790384,0.0434581610881382,-0.386963143316204,-0.0237136542742893,0.235243864855704,0.614994906931279,0.221723439361127,-0.193830563071582,-0.381141898549389,0.107356888840925,-0.562983542952555,-0.230274409794903,-0.202294708672753,-0.189538106091339,0.331035622691837,0.0852949982629879,-0.0753657356793265,-0.382212005371505,-0.291139613447127,-0.526849362951624,-0.733542372072837,-0.728398594263572,-0.284206186981622,-0.355899651304636,-0.323113746459082,-0.250434097008412,-0.553661622804018,-0.247637849118328,0.0794988897047315,-0.206440121930039,-0.104736467716983,0.22268567345014,0.420028224090123,0.0983900506351221,0.225183374035704,0.152057210689147,0.462933001070804,0.1049252655113,0.546013474024497,0.311584740846539,0.0869456704636775,0.0518569126032847,0.393176496159567,0.268326706163297,0.529214411641348,0.107872470158764,0.285633435450304,0.674438530678602,0.619086944392378,0.708765494799692,0.370143844469121,-0.231033415505613,-0.345067690646755,-0.499379048837358,-0.547833921263412,-0.295077946550405,0.0075164885722169,-0.0686542275528934,-0.428163950585333,-0.137128973495487,0.214324994317686,-0.16823511398233,-0.246985852417983
0.208010403864039,-0.0846628201926591,-0.125600836575493,-0.304547931990133,0.163669892997546,0.211547917001128,-0.0577114537165482,-0.221628586554538,0.00106265498321495,0.0411139010481391,0.269509778089519,-0.027684745754586,0.195863873618302,0.168878549567758,0.0591111412699237,-0.0520746900751153,-0.207705829860694,0.138765663594227,0.128935749791915,0.00904186591312291,0.183765705893704,-0.0234200645197472,0.00588338537705841,-0.0604829736091346,0.161385465519213,-9.50617136324106e-05,0.202824548297234,0.229558351249299,0.358638338120962,0.416704149966954,0.14654338341285,0.331180820092995,0.070784077758084,0.259709641744196,-0.0428660004714417,-0.317187890662446,0.28089863068568,0.380871182701486,0.377647708790573,0.15042254840915,-0.226344775318967,-0.176634525983218,-0.230405301820478,-0.276364245553748,-0.278498308185969,-0.229203464578476,-0.146220857130787,-0.0583068096076392,0.195039588871984,-0.023270999546316,-0.0596805790838838,-0.120385756985988,-0.466308296893383,-0.418002345920232,-0.384277651141873,-0.253692957357999,-0.395147913971961,-0.00200419056734248,-0.284617756430194,-0.540431247907701,-0.186845981714035,-0.00654328448106568,-0.0218197114737004,-0.118304761772423,-0.0812654813480892,0.181790727798549,0.190416354840655,0.171586332960223,0.12016145131853,0.327908403477516,0.129078154169411,0.370199785408302,0.346892002138626,-0.0758367557832769,0.222306957023897,0.219575753141735,0.173714004616876,0.503066229671624,0.166968357925421,0.383946948127714,0.732385765298928,0.356765880754605,0.605904244581619,0.361471212833061,-0.144997032125343,-0.0768238725390661,-0.515368513591776,-0.590912566442932,-0.0429944789475397,-0.147241084174752,-0.112284512765008,-0.419514588513777,-0.276178246992511,0.155519290688847,-0.0830464802872778,-0.393555033061424
-0.308731050005518,0.0224226560295726,-0.183162440255081,0.290257672949743,-0.0945899196957874,0.12529554434331,0.0896726732211968,0.294510946239706,-0.112594221112546,0.0478574088665905,-0.276670223189853,-0.102649298398288,-0.106298695915162,-0.321167648638405,-0.170002294344974,0.114789797263068,0.578905714378783,-0.249712218835245,-0.147600768248677,-0.0934046035420701,-0.132202053076648,0.0629797310778179,0.146571513269776,0.21706708674494,-0.123810021146259,0.253685624125693,-0.240629049412806,-0.266642306422473,-0.379461756362517,-0.139724890599916,-0.323137928710625,-0.354546283195384,-0.225144362654821,-0.272296938892858,-0.0679254821441905,0.347833188038449,-0.0119979257257729,-0.169584027523339,-0.408036852087491,-0.241159130445619,0.272136408475774,0.318836899875133,0.108087010542209,0.340898037124431,0.10969767063914,0.138665311342619,0.29405943944446,-0.296806214244593,0.0465158735755365,-0.237786601822887,-0.0902976259485669,0.220598378962119,0.367623627129533,0.453216678987484,0.318563884393725,0.328394303736533,0.293046528545982,0.321517767698706,0.220682967104814,0.505918370336009,0.132332192373501,-0.295024754262125,0.0159331034256632,0.137246252911435,-0.208947720690359,-0.325105284896244,-0.244939402146782,-0.0488853825979103,-0.177027751445002,-0.46687243051717,-0.123533270405663,-0.439009781108467,-0.242200711867113,-0.0854688925449368,-0.198238450693585,-0.4289586144175,-0.214058464146097,-0.456635216471021,-0.128072817173026,-0.509728789687693,-0.617269902361511,-0.921572433733918,-0.59170646111888,-0.245583365337211,0.326972136786076,0.168884039946594,0.474513499273578,0.269263266353948,0.117012656851386,0.174410783533496,0.16537323213812,0.22992181037456,0.314109715622677,-0.26989791356668,0.150160167433947,0.480420475942127
0.116104692408256,-0.0727412819563746,-0.187699115804616,-0.048510132573127,0.135193718039101,0.128227242711214,-0.153719679581518,-0.178370836499592,0.0631578785191243,0.0852410210976164,0.227969013019318,0.180920396515266,-0.00405253033580855,0.167779014628758,0.0877539267474888,0.0341925618838778,-0.286034640774639,0.201400071906327,0.112669054980172,-0.0402070782121706,0.101288641912482,0.00912660519000787,-0.136683153921519,-0.137805413538173,0.174854452381098,-0.101911478211979,0.241738657596431,0.279139134217723,0.2611904701209,0.094060235296429,0.188618297919583,0.309328675472609,0.220457057723738,0.280897236220637,0.0931001568307474,-0.163930105864283,0.0422090350770914,0.0807435038806887,0.408184349030788,-0.127057140806466,-0.209850953101535,-0.350161373701754,-0.0842414325706129,-0.245573527878703,-0.247465162893818,-0.162122675953621,-0.298979463468762,-0.0417717108001549,0.0528519526785147,-0.0618373713248659,0.0710376440813194,-0.105737829687912,-0.189538985427336,-0.249217600112428,-0.284763666805583,-0.0303905408047731,-0.14235956053727,0.0138548569019655,-0.21390916417535,-0.197497744317472,-0.159565982518238,-0.0345889935357154,0.128843952683022,-0.134851801746485,0.104009789077592,0.215126667632451,0.312974499171552,0.263006924147613,0.120769326625289,0.390956058640085,0.151616941188673,0.232728118808356,0.0506364208051428,0.00319385022412001,-0.0146377130788079,0.122550957232437,0.092176046955906,0.269268225177879,0.010708567265067,0.246779413213975,0.530152423225263,0.604780155343718,0.469542702556293,0.163433242659714,-0.091597712496823,-0.166086605531827,-0.365622589545122,-0.275198537824744,-0.0229693532865421,-0.0211546106236676,0.0281595840726775,-0.253533802053059,-0.255313068186977,0.196413872444772,-0.0329912099381382,-0.19112083112331
-0.30442054568564,-0.00339915104915674,0.115719088464336,0.207115787529729,0.130179040931339,0.00257114820702718,0.255831660407214,0.326454898218027,-0.194621048308322,-0.084385311752535,-0.261825635939784,-0.158404640462581,-0.264346377769547,-0.232317629738344,-0.0539586323465127,0.0238348474180771,0.292905458537804,0.0344182575111101,-0.0801229135979259,-0.0172945777368857,-0.147383689622399,0.0116609905521177,0.180355699971127,0.0237580895104873,-0.0919827062000346,0.232509598981686,-0.291697946335116,-0.369815865336251,-0.408525711766411,-0.255021824278113,-0.143778440387916,-0.564694162615096,-0.165512717824126,-0.136435751548989,-0.0437851840771208,0.359250620173221,-0.0795582341857625,-0.085295473980132,-0.290795223603529,-0.137252913954997,0.286763565286724,0.300028267228666,0.0594171600698008,0.22278701422838,0.186322415989579,0.188389841853617,0.229681260134046,-0.0562721995227589,-0.250379925714489,-0.221626809973959,0.221538923727768,0.0504536144803762,0.267799609540433,0.391015458849447,0.474656763458104,0.144604291949134,0.366452699723965,0.0752798630027495,0.216406770825908,0.324995218912153,0.176933208695985,0.00891087981819089,-0.0120946283271626,0.11035657936589,0.112578183968727,-0.139117586051277,-0.1925649585239,-0.0766751740527802,-0.222053420635168,-0.349978383993751,-0.20926164877831,-0.284092489075739,-0.264185468158865,0.0354386561096476,0.0447749920361908,-0.185698804096883,-0.235973685756651,-0.475537657042008,-0.276912865539656,-0.2169510331359,-0.593094768745596,-0.645804052524899,-0.511193998064298,-0.221618377725868,0.200745564483984,0.0971659687032416,0.20745404560852,0.357368212013603,0.0173808834621563,0.105965029321759,0.071607126507741,0.0267731239328844,0.246691126289602,-0.09709940045017,0.115512563094923,0.278721037537978
0.0232232130697034,0.202802726957219,-0.128158984241725,0.151738330599256,-0.0400300592372774,-0.0965843920978549,0.0616614899694282,0.000340930125343544,-0.103742799201905,0.0446213072840358,-0.0987226139868332,-0.0958288358687806,-0.108670867933309,-0.340107549048214,-0.210133169253876,-0.0182489744398643,0.039419988629466,0.0133087168007046,0.00935489967822126,-0.192614976800272,-0.233386195234809,0.0577477009160124,0.0456369355278538,0.0803023054485497,-0.11037032352067,-0.0513466739421762,-0.253441994214855,-0.225288375316385,-0.295982891206086,-0.0394727968698433,-0.148486991948376,-0.164877844508722,-0.132510740377371,-0.0204090166335244,0.0822595015850054,0.18000640932769,0.085183924711677,-0.0193694226450544,-0.296822817432986,0.0787710196759899,0.0429638751273952,0.215779344067775,0.0840557663362113,0.104619473099869,0.199965756636249,0.0836466544119306,0.112664946082767,0.0308860360524066,0.00783913102085591,-0.142440347685298,0.0309366398833154,0.154037678131049,0.27417426276073,0.399191077954809,0.161131495275405,0.133878554170082,0.16248697297129,0.179780654675259,0.142831163257778,0.135891759388343,-0.0180049203363711,-0.115885039564744,-0.0399215981846774,0.0955165216478477,-0.188793029352166,-0.184197415797842,-0.00892437178400243,0.00490106994479159,-0.170697561478297,-0.31911016812992,-0.0634781557570854,-0.19163111094099,-0.108730395484081,0.160644881540643,0.035675799338103,-0.157072998717857,-0.174471613062333,-0.300597964021844,0.0661572402093196,-0.253300517709342,-0.455595959002717,-0.381353963564991,-0.135959004102578,-0.345757764498067,0.147839790730292,0.0801485518310922,0.232909666421323,0.460169643707984,0.225483063802097,0.115739819403533,0.000433387290995957,0.0513958725332453,0.174471294881823,-0.101532588853862,0.0473900546896565,0.267122071912019
-0.122290164066349,0.207805482642552,0.0109047543097491,0.249465036050917,-0.0271731223571003,0.0606574219776496,0.329190622154448,0.152321556604988,-0.130409970593134,0.00129753545563638,-0.216097822120837,-0.41813140857049,-0.331246381643145,-0.348539940063145,-0.122244598408528,0.190123794880053,0.622073712254444,-0.294790434706056,-0.214690674629225,-0.141529567722718,-0.306484603502464,-0.0411303816061078,-0.0629359779251736,0.354244520299374,-0.346047485380914,0.248800803874454,-0.23445662094423,-0.402865545043729,-0.714137702514094,-0.443709634396262,-0.26746098602621,-0.641134392016345,-0.387996476715286,-0.633100408196683,-0.197602362254071,0.806345174043881,-0.232055355837841,-0.370050807022665,-0.578912751790037,-0.0465217856080531,0.288324936785117,0.295897263992124,0.200731172635558,0.345429694621133,0.353620654321993,0.350455674877385,0.371418166352994,-0.1652017369684,-0.519337125469985,0.0381987453332552,-0.0857623943024982,0.344577661155111,0.493280191320241,0.815991070576382,0.690875570658613,0.266675048264489,0.557068965682149,0.0888120266269821,0.318772117114499,0.950543878674013,0.441600913128906,-0.371678207858213,0.124294415396795,0.112790944486801,-0.321637422606873,-0.531910595960667,-0.3056100401611,-0.243729994202589,-0.421539165587015,-0.52852202247083,-0.223254861959876,-0.53896790184293,-0.459982582279161,0.0229086668255566,-0.0389638829473857,-0.505770907649859,-0.282990782548334,-0.562191028019946,0.0511483168625794,-0.350962485031919,-1.09761083839547,-0.971655009623216,-0.927331210834282,-0.288382094284513,0.251898023080254,0.346052088446944,0.636175261522642,0.516970638959593,0.0138828003233863,0.0547001509434322,0.190028083364859,0.480759361274698,0.222257897420388,-0.369582166336901,0.311310448158971,0.467828292026919
0.0303471348777623,-0.140992489032361,-0.0196001740958968,-0.206817989573028,0.0719056060732115,0.0658332903774087,-0.140136984428086,-0.136596958601955,-0.0743292699913802,0.0669170066850399,0.0542644204766471,0.210685446377466,0.104674026281468,0.262588413218357,-0.0509621076473813,0.02388272294001,-0.00572390657447122,-0.00453814064903071,0.181030115246732,-0.0701219889131637,-0.0475804345626801,-0.109400659472779,-0.207937142318757,0.0234625376602623,0.110763126501089,-0.253759772484792,0.144113324203669,0.101680322072686,0.24969713624144,0.16566278443246,0.118437117386947,0.224388173553497,0.149132273237815,0.0493380647998618,-0.0560454504904449,-0.107351015998037,-0.0271586495056013,0.162950568920971,0.171539908410385,0.121299086603898,-0.315792584252035,-0.0434434576327072,0.131896639513031,-0.167552331721298,-0.0111257673799968,-0.225690106130143,-0.0769503540936645,0.256373151769143,0.22715766461386,0.0212980737868028,0.0637039459864531,-0.192031056478085,-0.0612860690004128,-0.183347918640018,-0.116168437988521,-0.119288302334165,-0.0881575639955385,-0.0844128303736308,-0.170684894133354,-0.292627619201017,-0.153056075364309,0.133171112979389,0.0079153666148755,-0.0620305543628508,-0.119557469963013,-0.0610012903797619,-0.0194077320666695,-0.0757197285343042,-0.0321075365078658,0.111748894819424,0.071432597593272,0.137488877915132,0.132318892795092,-0.0504799667525832,0.0835596469855008,0.281598832623229,0.167422573046127,0.116653874970397,0.0160699865119536,0.144638341772334,0.201650998875841,0.463576636000527,0.268564491886809,-0.0036990750767685,0.0619568238960529,0.112541231581306,-0.146253872480799,-0.317343135933899,0.0410306433656384,-0.0208688198640431,-0.0842474356041109,-0.122157276939186,-0.0621272940113759,0.247728644046721,0.00321383627857409,-0.133540371804459
-0.128715563888243,0.081454122152419,0.168910020890595,-0.0634943636022567,0.0863428922499227,0.148873337072945,0.0719474402827852,0.183228387708267,-0.240525847305742,-0.22420940835754,-0.0921704964305943,-0.092462137014493,-0.159254251078665,-0.286872050613833,0.123594816598958,0.0284739445383493,0.248856225579584,-0.301151761663448,0.0163257883922099,0.107658927516597,-0.0525984059348731,-0.081123710477008,0.0754195126451775,-0.0502795003544704,-0.163401598061642,0.18690355559468,-0.125992152578892,-0.173631043638748,-0.273749446783808,0.0475309247062047,-0.18830094788918,-0.277308866417273,-0.154801739792607,-0.14040889628343,-0.0487750758097912,0.186549355056652,-0.0885325853282789,-0.167702471663336,-0.385691108772395,-0.152043249751381,0.207578401975685,0.0599529938184217,0.0131256458203429,0.149444781513417,0.232294455322217,0.0485592718937012,0.229204420030742,-0.055713010757406,-0.204831002469165,-0.180877207085384,-0.0784614459080645,0.126702597226551,0.174181207172436,0.165800093799212,0.241319855207974,0.260423387297039,0.35488313422462,-0.0663906662636775,0.19460454346628,0.372051689070753,0.0977491257526677,-0.0372046059228123,0.182312373690663,-0.0338347071736292,-0.0553271468433638,-0.109644328600776,-0.152751198502482,-0.246754315433411,-0.228665452025902,-0.0828421900289615,-0.177338684195112,-0.270841476502585,-0.0980561510491518,-0.0629529800301611,-0.0520275833869651,-0.0424480931360267,-0.22953141551385,-0.23413468620863,-0.0592570609666014,-0.293000151973504,-0.394427816230842,-0.393203910368942,-0.414142782686372,-0.332498279222149,-0.0267646189831019,0.19158740234658,0.362962216851263,0.298098362915296,0.108940896808058,0.0500755535999441,0.109291624757856,-0.0724857625896267,0.239542845634221,-0.185721918205419,0.0848720577063484,0.10598876545247
-0.0383920581028062,0.0270050444388882,-0.0639651152768326,-0.305350816252915,0.0722845480258999,0.0598529602071282,-0.0264471786697004,-0.190066142556053,0.220138679936229,0.060209405743076,0.34369255110732,0.197511212793167,0.280780290935822,0.322601491743661,0.141278188429094,0.0974055749010506,-0.304812605390936,0.214281635157063,0.134365056693856,-0.000670076397299766,-0.0205956459221582,-0.0145199083898368,0.008935012159416,-0.12212157199906,0.152839016089317,-0.273376745071269,0.385976009761411,0.16964169973549,0.456648437853126,0.132164276457488,0.276041973847315,0.351892669419322,0.472963645643694,0.483716536357099,0.235026197506612,-0.453550659861796,-0.0728420918436982,0.343262096915177,0.556439430468655,0.147138282607849,-0.192732239789559,-0.304461629994485,-0.154529615327591,-0.272577306216373,-0.507737927424357,-0.24516794663489,-0.192165517302792,0.17431890809616,0.161617211820194,0.00675992347944267,-0.129270445617912,-0.0690740324305297,-0.316884873879747,-0.425890075108933,-0.383327141007174,-0.306213329018423,-0.438737072535698,-0.167160999002924,-0.326137970228831,-0.465344968062228,-0.327476111263862,0.167569732609398,-0.0144616682955167,-0.0587865407328318,0.0973545936720512,-0.0180779399073657,0.089959880951372,0.142943482261036,0.309074255752199,0.210993352847339,0.354303956074218,0.388875365124202,0.490767095927797,-0.0622237026875355,0.0852219036552232,0.298914013119234,0.139631951996682,0.465931938997327,0.190531963237043,0.398334712124204,0.707629478643007,0.676577971130703,0.385477427912047,0.170654703463336,-0.102780695994164,-0.326101794073429,-0.534265000368236,-0.388355653080334,0.0029140892940287,-0.198616696250759,-0.12277992819584,-0.305849724293922,-0.256796896358688,0.237094304599796,-0.129728477402535,-0.307732775587067
0.256075419964909,-0.124315932392973,0.106554913471632,-0.149362764581313,-0.0112494889862884,0.0409586311580045,-0.148580259950249,-0.333933990889673,0.0143158229724131,0.0825304505355148,0.212451561534172,0.162890294667891,0.31772463197163,0.211849906711342,0.0270720424303133,0.0225751239466521,-0.287574904769252,0.198465160225389,0.290505868779016,0.0646824657010284,0.289396251346511,0.0681215635914111,-0.0900196762261737,-0.0743958596863025,0.32759176668478,-0.163245210739659,0.424164803535612,0.373937277725095,0.36328468238107,0.208035128932255,0.135653460939435,0.563748455566709,0.281627764872907,0.295287139725529,-0.00362769668332656,-0.362324294410777,-0.0868241410156675,0.212153141871785,0.443440129989617,0.0688921217048924,-0.248942623124381,-0.421828097241805,-0.187961118200742,-0.301598481829215,-0.256197125441643,-0.193935861557451,-0.0839728120545267,-0.0627683614631502,0.197224222102442,-0.113879967622751,-0.141678791987963,-0.150410844962111,-0.440369447966249,-0.305748217178191,-0.262792290060618,0.00331368527167819,-0.285923848005741,-0.136325994247932,-0.141295890931966,-0.504798694235675,-0.518319160053513,0.0622440845967123,0.0302261431686408,-0.222797453072162,0.230633392245488,0.35716650059781,0.334152700340786,0.183646824830538,0.345525967759988,0.327713061360523,0.352988120154644,0.358678561435523,0.373603454651368,0.0836868000707491,0.0830641700254364,0.327709988351978,0.126168738932407,0.643758024219316,0.101623697825476,0.343866561000855,0.706848379686414,0.614251210433995,0.562726751564298,0.412721957670443,-0.106047563251615,-0.367507683694234,-0.34351105886289,-0.223158896037714,-0.0424473251634255,-0.0712555614713647,-0.215288955492339,-0.22404461406662,-0.236715614367965,-0.0691135001785051,-0.136516423566889,-0.124485288905299
0.00366244244504921,0.105278851781215,0.168197453609889,0.193565437757102,0.0174011679315081,-0.0743858712414417,0.174776814119578,0.31260986029551,-0.0268280477634091,-0.0798744270612477,-0.393613791795664,-0.0968911160737519,-0.202084256373941,-0.283212801506874,0.0706276168122946,-0.0186651529115329,0.294736498720021,-0.102334920827473,-0.107051448694369,-0.159825646974724,-0.246087139827923,-0.0946024410368454,0.148961942895217,0.0939302625115844,-0.264352356262239,0.213587751088048,-0.243525082103938,-0.328983515832115,-0.433426013192236,-0.231780263817023,-0.350651856560139,-0.340893158252634,-0.338507108909892,-0.258053983664263,-0.14073522994133,0.26255544523597,0.0258189093149722,-0.242682863628256,-0.63856348742547,-0.0184572652389219,-0.00929105577670497,0.40195804718386,0.26639716137075,0.192875949952278,0.312263643980512,0.367257767286932,0.252665199712831,-0.263331023337455,-0.245781768845202,0.0144551888887998,0.0681607435374952,0.0977079574803706,0.44734539498011,0.602379880897963,0.437247253749215,0.0886630245498194,0.258756669327228,0.180524592885361,0.211456935734373,0.458251876521557,0.147405201700946,-0.0979483469563376,0.000863480481987353,0.15110428525842,-0.107662652327366,-0.328571461110998,-0.417133485110539,-0.167920125186893,-0.302909401165113,-0.367961957515763,-0.0460181369664407,-0.396651317099584,-0.342396177336291,-0.0109491436710486,-0.103920523219959,-0.306332484066461,-0.00973906761840426,-0.29208858620403,-0.187483577927466,-0.316267104995948,-0.529749645900609,-0.585070721533582,-0.48349548696772,-0.37131141349358,0.203766444233017,0.449135805259027,0.32369196648199,0.287912837701461,0.0105317551093611,-0.0531413311571179,-0.0430844245650169,0.227696152467886,0.308324383835634,-0.230666917398019,0.0537561591598206,0.367600891515486
0.172229781216142,-0.347553986276209,-0.0325519260128731,-0.085035267324403,0.123561734895262,0.0191405858189731,-0.287860867529729,-0.374392420058644,0.377175008450521,-0.0546632448587191,0.478320206777085,0.418691366932835,0.574587877565953,0.674529344493273,0.122259129594361,-0.0191288883536994,-0.83481668058222,0.337412544064125,0.148476332089923,0.0557114510381776,0.224546099920771,-0.18993236853411,-0.196971595392748,-0.35703146603245,0.312834231760954,-0.159099897002142,0.616212027226584,0.65107063125737,0.739522909043472,0.349668699248409,0.511595341430385,0.878636996464837,0.415324426011023,0.623777990801094,0.272668626505668,-0.787491848618702,-0.00450388130813625,0.487079161720122,0.895415774408351,0.0996381062624496,-0.53609016290785,-0.54925099438178,-0.138752946979431,-0.404496237392429,-0.375089965652495,-0.490073176402654,-0.224907819597207,0.259852433300383,0.426500240821808,-0.03200377698449,0.150760301241052,-0.425245978534508,-0.755998978765985,-0.74462783442142,-0.642681498316165,-0.56240473942134,-0.543450168989463,-0.583151361476846,-0.437065351809959,-0.888301419478527,-0.329552220450679,0.22225204595759,-0.138259085363136,-0.310022268710769,0.316274761882632,0.60212700888742,0.459254497459277,0.130080150690397,0.382879977672785,0.441189865322261,0.499189741396408,0.461244621757098,0.561548653752217,0.0823639246965184,0.0567634743137434,0.616761625820755,0.303554951622632,0.739579266553554,0.200888401487376,0.638125967209869,1.38028756975116,0.856989883116821,0.87149369952808,0.443611332705748,-0.251027397204713,-0.454619633801249,-0.586603522121729,-0.536989637230315,-0.162266317664728,-0.0536796224257863,-0.222978162889799,-0.549685435835321,-0.612855648783849,0.297534239447082,-0.296049720001115,-0.534897957325106
0.171699383920348,0.0389180042341862,-0.119282193643656,-0.338109958504013,-0.0903709203018852,0.0370408028959504,-0.282002002988674,-0.387702391703977,0.290757799180206,-0.0126358524573876,0.357224867515461,0.400626300551809,0.226124779296588,0.482585330258928,0.0261131926510159,0.16410551558698,-0.510886669434799,0.209658756567503,0.311055172307645,-0.0673816381323904,0.257351415691759,-0.101363937411012,-0.211627262919732,-0.218235325617961,0.343171212345018,-0.466980646956326,0.213578840485573,0.453042971514054,0.826417457212396,0.305221315331704,0.24143079575221,0.680723796119804,0.425298213856998,0.53287183425253,0.261737157865553,-0.790624181001651,0.0481027070057136,0.461585406003258,0.709229643368371,0.139881868880754,-0.434604597527656,-0.511038732506611,-0.212282233045317,-0.563326781057211,-0.400517398365797,-0.307410089219242,-0.281246310572002,0.24735122197962,0.327193746543211,-0.146125586709671,-0.0812127797303654,-0.288597652649605,-0.588377775760162,-0.817868826903553,-0.663651596524008,-0.431323695171342,-0.660509077360853,-0.0753464639478189,-0.287459498988231,-0.761978093744877,-0.312140547670573,0.31219687031194,-0.247507285022155,-0.16364437963322,0.11530226715333,0.404673667026151,0.338841545639717,0.377831505153032,0.357731075298353,0.440261353903762,0.297803203837834,0.50419904472558,0.508890449755348,0.0440290922125359,0.0902251478557642,0.523272540575434,0.29950640241473,0.683515892891567,-0.0407023452848597,0.534473911856672,1.00416293265447,1.03560062282697,0.881400423391831,0.55710300590934,-0.217544401217606,-0.344897179203043,-0.681654445411983,-0.582148945537175,-0.379190671239071,-0.27232511297955,-0.134119309522437,-0.246441501385134,-0.461315040734058,0.357777956879047,-0.242592472629741,-0.581708244103288
-0.195554543329663,0.117252803096753,0.0358155931934977,0.197027324867895,-0.100018613814592,0.250651873167344,0.0660854362776628,0.192341467632631,-0.0584353155117936,-0.0383963039748855,-0.0232688496941573,-0.154561978304683,-0.193309598256047,-0.309745267556457,-0.00535356891703648,0.00955221268128082,0.234288050657949,-0.0703397539923941,-0.195070513125006,0.120644698609465,-0.114369915513183,0.0299484339384444,0.180054185261422,0.106815402590005,-0.270233688533463,0.178208680597022,-0.076380514916383,-0.309503351020278,-0.0600067971600806,-0.0293537278427817,-0.121536605439881,-0.491749883116806,-0.229731938892046,-0.314641521755669,0.00988368192361024,0.231869233757463,0.191451127935768,-0.294937024386825,-0.260456638387936,-0.157297164045244,0.179149136001001,0.168408183997803,0.0875537672976946,0.136694326577563,0.214369523821096,0.248575943790924,0.0889776230610185,-0.213338041112506,-0.0420774971507905,0.138152747491864,-0.060297379234293,0.092065139227265,0.387869195286092,0.355077567460709,0.315817100196637,0.115720369330521,0.249865723538132,0.173298066813854,0.224213858163494,0.275411086802834,0.201771614884699,-0.0551256317483653,0.197423802828499,0.0998849813894142,-0.313170922673826,-0.20673445019948,-0.131943399065676,0.026480154866265,-0.147491605004808,-0.200318383096169,-0.314507167302181,-0.302109584725712,-0.0550257048925472,0.101255159592689,-0.213412515600789,-0.0258513608191288,-0.0779855415023896,-0.294091486337221,0.0375656854186628,-0.102235989167301,-0.405494609823896,-0.393746539528017,-0.347067066589522,-0.278311857828625,0.176535561280432,0.256721819346227,0.179498940778802,0.301802646715488,-0.128415762346814,0.07748022271121,0.00395944158794155,0.172521486985676,0.220205230350526,-0.0375918547378134,0.0931650980266016,0.0172208186258647
-0.0376020430947097,-0.0908869263779535,0.044182132977721,-0.258070399067547,0.0666254424092367,0.143061455503274,-0.318454684857841,-0.159419370081628,-0.103274058015218,0.0486797925832849,0.186762709815269,0.0793172582488342,0.223411898161946,0.107777482813401,0.0937839441225989,-0.0577807998611505,-0.132917811303358,0.0415885296846932,0.0551854876712611,-0.00697796008568283,0.210560663091546,-0.337914753301132,0.100333349117587,-0.257262999262637,0.164751483734453,-0.00355458897223535,0.185021570999573,0.36935520647715,0.297603151938351,0.278574442476812,0.199086230794155,0.473702071220382,0.0724943619520862,0.275484169809292,-0.135649478093427,-0.375740305731767,0.262127922012188,0.236349939507319,0.265252760810279,-0.0278759372763852,-0.00828367283400946,-0.217913823153131,-0.120334747101921,-0.0458673501020668,-0.0405249671443118,-0.252876176540214,-0.172871935465203,0.118597029970953,0.163169686834095,-0.069804680458449,-0.253926545909569,-0.163954711815312,-0.340447310554892,-0.371563674770214,-0.447391183046156,-0.254450777156396,-0.0933712751245161,-0.109146249511255,-0.271164030870599,-0.212167885628817,-0.167844591438134,0.0742363642437154,-0.265170405414727,-0.191797199615041,-0.229163531880346,0.0757682824386357,0.25488088972696,0.165563191866678,0.0444737065066849,0.367847899200447,0.234605655225049,0.372098768129643,0.161269327719183,-0.226950089116874,0.0363501092213325,0.162687242496112,0.0592982606444933,0.224946966278643,0.0664978263601969,0.14414940673279,0.417025738542834,0.48721920817676,0.29571064820356,0.186349385205576,-0.201014087132151,-0.0841956534248223,-0.166561543904069,-0.44480489571957,0.00321323974679144,0.0155728984955999,0.0337920746906573,-0.104981411720203,-0.310637340572657,0.147700670353168,-0.216885784506678,-0.0420740005997448
0.0234843736033651,0.160236061641143,0.0100567943936478,0.326394231805844,0.100903367944217,0.180376273881392,0.173943073751617,0.414547096428161,-0.227456919208503,-0.141102821980817,-0.422201175926293,-0.0734743339567805,-0.232719854259412,-0.251486532383954,-0.174058318348472,0.0879005724238191,0.338322220878986,-0.208070677331677,-0.298194522641576,-0.115377046933973,-0.101549558890771,0.0161675865771902,0.0824492422870176,-0.0209501753455254,-0.260439512032549,0.194662725579334,-0.183760577792158,-0.392617620982646,-0.714693858970409,-0.145843971147623,-0.230271908212341,-0.43369494302964,-0.31866258270124,-0.460763537946518,-0.115349876914065,0.336991169280064,-0.0294210622823687,-0.345040942646512,-0.357562249645306,-0.27551755565367,0.277887814874652,0.313878162928789,0.0376371659128457,0.268276531026309,0.151502972631722,0.399830481420712,0.170241859244832,-0.162275541712155,-0.343798588094779,0.0061136325242974,-0.0860865851553124,0.122838696144543,0.412877573613019,0.472725006235057,0.422634311599916,0.137196385755906,0.32758216372631,0.255324040680544,0.312904947968193,0.535849844363196,0.140276924315343,-0.122751485272837,0.0306456982306645,0.153165530747279,-0.169405122855638,-0.257944882217796,-0.174104620753821,-0.142942154945468,-0.322671841545639,-0.251515863540387,-0.195882449182281,-0.412105403966979,-0.364954530727145,0.261630368276488,0.097118063157066,-0.286511421384506,-0.117005419742569,-0.29732346201955,-0.147668438860096,-0.32429850723156,-0.650108709676777,-0.660257228196513,-0.476855387862318,-0.402191326015341,0.23629421964835,0.239505874910935,0.281074778104034,0.321029569610361,0.263600554876031,-0.128330781832588,0.315357159606618,0.210301518002103,0.0929153112002167,-0.199535387804037,0.0263099074238487,0.475406008521063
-0.0775832940481092,0.0365646069762775,0.0362325051843422,0.151694970021828,-0.034121706215102,-0.0228101523838029,0.17315301671012,0.221236204150005,-0.151652644703813,0.0298174464094269,-0.2385739004776,-0.184871787919218,-0.0034214940610027,-0.127927980533699,-0.0920606619029262,-0.056514356780786,0.280161054530605,-0.147883221109463,-0.0531026691372817,-0.227237618370465,-0.126448159885513,0.000112144600967999,-0.0512130722072488,0.0407656873212187,-0.226750016368453,0.0989425291159142,-0.102284171066591,-0.266232331754558,-0.215344908621969,-0.246000240212904,-0.0428421421452434,-0.136699580894075,-0.173880192047037,-0.261461053846335,0.0266360107820069,0.278544137545111,0.0676185679786108,-0.141805007655406,-0.435064203743794,-0.13499626878412,0.112084080941322,0.3025089128061,0.199387254934742,0.242884550451199,0.196036946037202,0.0811919745004449,0.239661917178861,-0.421211452227817,-0.381779366113507,0.0426871435618046,-0.090674749753515,0.108316941529571,0.283286066411918,0.513127598231269,0.297017224603402,0.206828782291297,0.310879018505844,0.0076764638754537,0.259821044433758,0.340739326999177,0.201016843100722,-0.270703796223684,0.182808347002966,0.18803799408766,-0.179366953167772,-0.286167725402849,-0.278435483855077,-0.151368118944136,-0.301977412194,-0.282526027946382,-0.347775047332455,-0.379685698233245,-0.24833974470494,-0.0861920163677844,0.11929825572772,-0.392558493680681,-0.016062163841292,-0.322040493305681,0.0155905371777732,-0.258421843930626,-0.649434732730727,-0.367066090500736,-0.441018945749371,-0.411252765700918,0.121075352033004,0.11099883081384,0.34564334906845,0.519663698676622,0.0946940464897765,-0.0103734793241299,0.326696536710561,0.214010117191957,0.241996513824041,-0.0774101964523996,0.129008539950843,0.166750267637755
-0.455132096347783,0.17454996618669,0.29466703688073,0.542732376828041,-0.0554485700368041,0.0697423271822873,0.549741220025565,0.566901347423479,-0.2100625916342,-0.14660448646956,-0.82365053293173,-0.702505113916837,-0.595166248196843,-0.658314293677711,-0.235234903675156,0.197032044125164,0.847451435898903,-0.466903178315061,-0.224196242462668,0.141722612810559,-0.41793103056431,-0.00322432938732893,0.181211068964724,0.30876813820302,-0.564444934480776,0.344261978721336,-0.479230809276651,-0.895779649535815,-0.984287662192908,-0.477175891755632,-0.608011757479396,-1.01567627733379,-0.747144641370226,-0.862506599359597,-0.269148083152732,0.977946979246384,-0.114270925721563,-0.698107269394165,-1.26813210473793,-0.398469369625302,0.564263635388061,0.695163919463533,0.32796641743616,0.588107645797363,0.559125286384801,0.708764233691831,0.34509762810375,-0.550481210457574,-0.538910871762567,0.202697031452227,0.137306353716924,0.465354336138431,1.11009804082435,1.19377548683377,0.976075557282079,0.563510071285364,0.658773271338326,0.418223322244156,0.631691652211675,1.08645314179053,0.726149734373808,-0.451166880708054,0.046649908726504,0.399293631160214,-0.316716102168256,-0.591097887140108,-0.559979337719682,-0.233789598532222,-0.724721621023724,-0.970117680603168,-0.527934179064161,-0.793392924957853,-0.905575989533561,-0.0211398250880399,-0.141751961502351,-0.738552043444295,-0.44999718910119,-0.893672368470974,-0.216385616520246,-0.649315933022124,-1.78778066395407,-1.57630948518718,-1.26607572550123,-0.78822624036345,0.429529562537182,0.447322810140445,0.859738324438692,0.732883402676945,0.269634425838467,0.207720589548825,0.403977288607607,0.758182025174211,0.72014207074797,-0.37386824142839,0.280954306793726,0.823659191750346
0.03276034868382,-0.200686402223474,-0.211135589582195,-0.180960131216474,-0.0194986409221804,0.0292265459634989,-0.312234640303246,-0.214552777126705,0.179026095540518,0.0116551155245663,0.28556825723539,0.332543262022493,0.332214976304024,0.525558542928493,0.0626903607389787,-0.108598444811259,-0.504366597640365,0.347469038806078,0.425582859160314,-0.0652698483662103,0.0743586215265491,-0.0443636986625714,-0.0475638580753156,-0.129407952290363,0.329960198986119,-0.0665715901908276,0.265832134993372,0.422327588501148,0.50858890034778,0.488400956116972,0.318647447497768,0.592623765157471,0.43214534900132,0.504076087078315,0.158251649252427,-0.539880151251491,0.0834930571976326,0.364127435316909,0.502593126188274,0.163494346305595,-0.318154125448635,-0.212526524227423,-0.0859030012003346,-0.132415582309907,-0.196299904651618,-0.457322833141638,-0.142105637613142,0.083901550352531,0.328573458230459,-0.156806084727962,-0.0435977281355477,-0.370666804654753,-0.607438526886542,-0.752516395009393,-0.660355926686975,-0.444334667932544,-0.557155726650358,-0.216430038651746,-0.453979324306311,-0.542706288050101,-0.427479833562885,0.222502250254949,-0.0764100923291117,-0.235834768719534,0.213162067065929,0.470065112067703,0.268741891298086,0.262450764962418,0.407836680848023,0.358956889736779,0.334012950094254,0.476822774264736,0.450470693321658,-0.104434893354918,0.116661636523782,0.259922463721789,0.21484710680596,0.46483230306829,-0.032225827473927,0.395912183804027,0.926846741862084,0.762691544456475,0.773207788986301,0.498136574026913,-0.353713512854809,-0.309142767002423,-0.444958558330859,-0.531789893544367,-0.34207264111556,-0.15454230260399,-0.306365540191872,-0.29325180397016,-0.333017989432223,0.204520310238766,-0.129074749601045,-0.308308390208297
-0.00637058695322382,0.0473836740860919,-0.0935799151605599,0.211137367674003,0.088519859849549,0.028720626359016,-0.0525488440026071,-0.155997786337368,0.0808476550598006,-0.0425013506848173,0.183671571508866,0.102820649446905,0.106795824721235,0.0637718639000794,-0.0432873239177934,-0.13174013225769,-0.168773337808541,0.216160389294884,0.0109688908282902,0.0608527342687041,-0.0126563267125509,0.167791508003056,-0.0448961854469342,-0.00876473084781219,0.0859062427064445,-0.154319695342381,-0.0830458806325653,0.179137540833389,0.207287291176438,0.240588796510009,0.0696860507214422,0.186297558440918,0.173118327211272,0.192511046708957,-0.00757742258151366,-0.20414219183575,-0.0863438417608121,0.107358464045737,0.0901479205926521,0.243372085786079,-0.127206621533935,-0.133384049078187,-0.0208609295267724,0.0348093275523194,-0.066316138620496,-0.166471083890482,-0.214144816690206,-0.0434433788090907,0.128196221634393,-0.0485195338894044,0.0820599169090154,-0.239148223660541,-0.158336835986039,-0.277215797531801,-0.316227410232359,0.0672535720477326,-0.083600168356836,-0.15969459290336,0.0073179882998642,-0.162429794851708,-0.282101401060037,0.0565298989372243,-0.033086529522922,-0.215406194111907,0.0963286426985675,0.095943798720584,0.0380576075399485,-0.0249224933088731,0.207778539980731,0.184334654881449,0.235047331893158,0.0142560433398956,-0.020270607923304,-0.122830806206612,-0.0630125809870853,0.1954742879981,0.11470770170988,0.309824658648274,0.000935265132585399,0.158313136941567,0.374905486736121,0.211777501829173,0.10984807892257,-0.0756868247163359,-0.015911913608157,0.0322823997870042,-0.306040404786607,-0.213579424891809,-0.0112325411835296,-0.0118315763918385,-0.151520454604505,-0.144070152146247,-0.0222022178966423,-0.057486250520573,-0.00418107428243562,-0.215302470588646
0.139723879293351,-0.0659563108875604,0.228168519799344,-0.212345328425825,-0.106439830527715,0.0651645300498404,-0.126007820876947,-0.233601612638544,0.0546632783968293,0.142918029197087,0.273052788581395,0.0341090729451816,0.197960095010279,0.206400089365826,-0.0120021778856482,0.00236917714285402,-0.200963452907075,0.175686069234894,0.0509881113625856,-0.139662657074455,0.194861057766965,-0.226907924528267,-0.138300388780629,0.0583013482342495,0.0720960231713559,0.000180999064720869,0.114874392060477,0.348985335812551,0.286320929208369,0.274330785674576,0.12388703388437,0.379043596306056,0.248282829432302,0.262201032814619,0.0656818613825105,-0.177097452303883,-0.200604297151292,0.181928888218881,0.35585051602734,0.0717654515600077,-0.113921479550843,-0.0118439292721425,-0.0156535699498961,-0.239931584520364,-0.194828882082075,-0.24673732203957,-0.193517952930632,0.0213574404002307,0.105593338414828,-0.0789244504834785,-0.10934246778403,-0.0202793053942469,-0.0630107628816859,-0.255667898381036,-0.185399352495261,0.0597736160453171,-0.202962754645196,0.0615846184528274,-0.0629633258926873,-0.345170503650221,0.119979190817243,-0.0684906350057994,0.110220823890051,-0.108408646336811,0.140014287365237,0.0598976254193445,0.159117218605848,-0.0425757558068345,0.398675209263209,0.101203074029565,-0.0958617604352364,0.367063089192474,0.0735955848694114,-0.0206413976242565,-0.156184329348652,0.00302579143573201,0.0867586321392499,0.16118394560389,-0.129135994882613,0.00976588118818744,0.531807364907009,0.4183738755256,0.32261043160084,0.217931599699091,-0.126085670863915,-0.0274476937677081,-0.40520375581209,-0.205811074580245,-0.131972993878355,-0.00944378559432818,-0.104835830660015,-0.181964777500326,-0.0489189633422693,0.2680056569623,-0.106796699500144,-0.410679420113391
-0.28022522433893,0.073309845553929,0.0967492804637874,0.115299901703744,-0.0738740417131908,0.0989855208288838,0.264975148425485,0.264097264142546,-0.277807973792276,-0.0935519573827285,-0.289804626618608,-0.301647896021088,-0.324126808841729,-0.300048577747918,-0.084210957934168,0.11176253971733,0.400373548714818,-0.250606551961404,-0.142494976155071,-0.0228435399271356,-0.135377572824686,0.0985014677417092,0.106378398947798,-0.00822599317921634,-0.267418889401122,0.544106910610922,-0.243011604298501,-0.404266831529575,-0.441110293018631,-0.290477902943765,-0.23304119445044,-0.386584491987865,-0.359635438715784,-0.270429538009599,-0.13930837941958,0.364826682500137,-0.102756175057321,-0.376997477577165,-0.572141873210199,-0.0550851894659912,0.0608995607831025,0.419332626903413,0.0523827600407786,0.250661975533859,0.191729356248059,0.146237649084224,0.140605751650784,-0.345768846467294,-0.203329754637191,-0.140823902953812,0.0979163120301549,0.146658685890178,0.524243484123324,0.48571197394062,0.505003436107219,0.229349369127419,0.395295814757883,0.156375797456184,0.218431999523467,0.577986053111093,0.473714185831215,-0.184970964482107,0.0970819516357436,0.165819988328355,-0.013767910437757,-0.210034947829298,-0.297342996758268,-0.0683207795164205,-0.276558839541251,-0.356888794334559,-0.206323082122399,-0.399784796265917,-0.272577708564807,-0.106738335117365,-0.183750104333339,-0.227283888384397,-0.204014338266953,-0.655311504134992,-0.0773175531162047,-0.40953891580219,-0.790789663783836,-0.492294864391654,-0.730309718916526,-0.261124424335424,0.131969417599332,0.330609758465163,0.385518269890164,0.53352907909063,0.247148307346933,0.0115419578835857,0.100079565364512,0.358290639044969,0.506002087911884,0.0689772873651443,0.0833338837841026,0.536446517750205
-0.215063260732129,0.122457134156942,0.0817488049200244,0.280892046902427,-0.115328691139006,0.178076345280516,0.484458871015839,0.228062806535986,-0.32570985942023,-0.0755273700885312,-0.376705137641054,-0.495052217920619,-0.540569844374445,-0.348617446263018,-0.260089400337259,0.0996773345966285,0.518025879542559,-0.287413033309398,-0.0910208856058836,-0.132488044367705,-0.200794559080179,-0.0302464915994523,0.0563341850699003,0.236839926601022,-0.252759584611945,0.330976936783272,-0.193948972279173,-0.650125997069241,-0.733038152518672,-0.412954168723259,-0.378640851822654,-0.706326858152758,-0.462555261243206,-0.528668701571618,-0.367041478594412,0.546004910131489,-0.0217849927021323,-0.305919504877371,-0.791630744438765,-0.158497273374829,0.441053678487306,0.461892167054407,0.131173844228248,0.418562386806031,0.433141673192656,0.393049874854801,0.372578125192703,-0.192440249047989,-0.319081861377978,0.0566699061938187,0.0182417471189711,0.529342009052865,0.719452602642656,0.797357003654222,0.649051195108324,0.303977475295415,0.499435286020142,0.11602483789511,0.308567588739448,0.818830600599196,0.57646628643956,-0.207628025916855,0.055859996834675,0.284703068718347,-0.157263142984868,-0.483922257596952,-0.400034276699226,-0.236717620767262,-0.343791512947689,-0.630387588846132,-0.284301034541582,-0.697838620932604,-0.540754912794436,0.0867772463195217,-0.121076596101205,-0.598916145107091,-0.178825519663557,-0.686329289171753,-0.0493948922327879,-0.587597631416669,-1.23347966677765,-1.17876162938593,-1.06104218388597,-0.57564452739661,0.282025962396637,0.35183848123167,0.597794673258998,0.664565485531506,0.341412497772478,0.0776152788532518,0.261456908042759,0.502801609660585,0.312269422628741,-0.30918701183021,0.354915201733817,0.64035928099653
0.271763433322617,-0.237229922387378,-0.0651417959777704,-0.0257489074457225,0.142779544996067,-0.111502952931502,-0.246479245906873,-0.169557891484452,0.136840496169802,0.0492310488000911,0.272377100841599,0.394502672861399,0.326118038231174,0.217282283271271,-0.0578171815154518,-0.0750605241385734,-0.442742220949245,0.144411492729702,0.320847858949929,0.0965249916277163,0.205576893049741,-0.158589289016394,-0.186743594206983,-0.0237775664879493,0.266005098738092,-0.13757489697124,0.179480193935667,0.561982539043109,0.530023874794694,0.238912841343782,0.289574047681501,0.557568575855045,0.373187238902603,0.529953778575026,-0.00881089768456768,-0.630150514627598,-0.0617124434849902,0.306846684890214,0.499265772427145,0.146809526061492,-0.111842599036524,-0.346519689607321,-0.272549542336454,-0.148229196094507,-0.251497336083122,-0.332494862800866,-0.237893938086311,0.0268023736666916,0.362688268409237,-0.079516062574051,0.115036261154486,-0.466087111010327,-0.553596275826043,-0.71229998840266,-0.386266107281321,-0.369938414622823,-0.403243548816804,-0.141946811084563,-0.333249925186647,-0.667118498715096,-0.445705255950707,0.0172570499909037,0.0086997847696427,-0.117248381508428,0.0395684233479776,0.263274633967371,0.233388838764044,0.0420753794486208,0.206586419938278,0.43900958128031,0.290279876841293,0.43577452924908,0.462082262285391,-0.192434301563153,0.0592933078610268,0.322340240966135,0.276310581780419,0.456276168431006,0.0611896747915029,0.293536540932753,0.86463343704585,0.548271876137307,0.600017227641562,0.345545638058388,-0.140488384872213,-0.258798251610516,-0.305649988221663,-0.350335735330452,-0.162362165508582,-0.167249370720645,-0.219411533742339,-0.305706178917056,-0.327338549433682,0.307840421454062,-0.232428790766702,-0.402138237255805
-0.338650769086968,0.277126988233551,0.139125015098523,0.465280974595133,0.161111163846411,0.069223545400518,0.497698272756823,0.219477356954457,-0.388104200773852,-0.234749076073758,-0.458610043655835,-0.281915233458081,-0.305095940597673,-0.558716748581999,-0.001622284821394,-0.0212619042546116,0.785542944876279,-0.437687332543938,-0.142990137919521,0.0396555068752667,-0.283593299900763,-0.121932595036614,0.125663726408004,0.186236588595761,-0.421308221477185,0.384632622066539,-0.2655999205946,-0.613486071359388,-0.720235898453251,-0.372812059901158,-0.36588282191747,-0.585468742183456,-0.603861067283994,-0.551026826699634,-0.133934428760482,0.743165344646362,-0.183813530307471,-0.481030874226751,-0.81090926260113,-0.133909461581822,0.681239983888555,0.4407102610186,0.307018139050024,0.531758041412094,0.485482127428464,0.557789989556046,0.435603928277184,-0.467096316267247,-0.518661209134994,-0.00272617501422678,0.0715964409266523,0.351405085606612,0.550153327282505,1.06531319980863,0.77481820963393,0.524021017495478,0.56050176239274,0.288585470812937,0.447882280005866,0.933015131012607,0.427951184330146,-0.155654664900076,0.119008432605398,0.278630346799895,-0.310759686521624,-0.573672867847114,-0.359305380204195,-0.340477424822656,-0.442212182757639,-0.607062717930419,-0.325620137715616,-0.750512411326436,-0.664010603196891,-0.000394974837263109,-0.146716411586694,-0.610652777212964,-0.365833425734993,-0.779845710429583,-0.135994182690804,-0.477549653719838,-1.26688498604662,-1.25480592138433,-1.17104339965476,-0.605698320624898,0.339510421026619,0.537645738754487,0.803073433522947,0.715447512474453,0.145413563148632,0.181412425217485,0.171800828011046,0.598341762605167,0.434590010497768,-0.195788045940985,0.266085000839871,0.423412788192329
0.203862642103214,0.00768172263207749,-0.227349827182305,0.00709381863773873,0.20814880570796,-0.104704459647,-0.125468079219085,0.13847167599653,-0.122998378458401,-0.000161733443321744,0.0412274958704048,0.0580649314932376,-0.0195354934052031,-0.00600603483656661,-0.0611645221018413,-0.0279614860397183,0.0353025250568711,-0.0614945803311869,0.0296786954897785,0.146276701719137,0.122057906101279,-0.0636974540297908,-0.062295288515084,-0.112549986650463,-0.0276204384413766,-0.140526111652148,0.142248187244835,0.0427287591365511,-0.140591186335212,-0.0471297908069404,-0.162555354737748,-0.0362692730173726,-0.0660356248448113,0.120350507046347,0.0154228114762663,-0.00422003268787502,0.00310809972459223,-0.113283193458386,-0.00755934920857389,-0.00772298244095207,0.0427204374329994,0.169274621268907,-0.0443716552618308,0.0997376644803421,0.171265965909233,0.121942360343618,0.0155045840428871,0.0925370402947443,-0.241128917268507,0.0452165595989433,0.189339207408743,-0.105116004593597,-0.207333349902847,-0.0831488492010745,0.0707793188539999,0.0591097383168262,0.0480255189731228,0.109221106172655,0.0658269741480157,0.0180742330842543,-0.139617750651844,0.349305922142601,-0.0938891981896671,-0.183379015793989,0.223987901432242,-0.0808335924964048,-0.257885924179415,-0.0385979253611138,0.114024060076201,0.218678064646587,-0.048879244218807,-0.0904931503993407,0.0634879508000726,-0.0134211083640284,-0.0554680633798695,0.00520599726444534,0.1925326764622,-0.0304618702605248,-0.169853762905798,0.0959473097625919,0.0370407182775667,-0.0815531115339953,-0.0205544216955354,-0.0763871612105018,-0.0409786088179099,0.159932406983768,-0.0702478057642181,-0.0478082839366348,-0.0419199705760678,-0.137984271812089,0.135765522852971,-0.155939496158344,-0.214421266617451,0.144686270959483,-0.0284769246790308,-0.0550331852142057
-0.0528969735324252,0.128273355430722,0.148438114508443,0.342485054755803,0.131707763992744,0.0583284490799659,0.252495540706409,0.0572658619339081,-0.281740148812521,0.0714487546426932,-0.288342067375217,-0.161395290216225,-0.259826440991934,-0.252488833319962,-0.0310880216832094,0.088257737851281,0.313766994524777,-0.322113587256411,0.0498687588177534,-0.0396028070496495,-0.11596531728997,0.240654916622558,0.147553915773304,0.087769890902074,-0.282434058326328,0.309198422246365,-0.15577193398159,-0.0663826420870751,-0.437698436648763,-0.384449302201498,-0.231021812264059,-0.4221404034732,-0.201828455095812,-0.443142498217223,-0.223588176548213,0.45404339723837,-0.0465059030190542,-0.134720881904958,-0.618428941882668,-0.106687916568479,0.0796291327807847,0.308011412938536,-0.0376292962562736,0.275558558517198,0.161070423056359,0.228277181372509,0.339230808226843,-0.158654451442472,-0.159357189650449,0.040010683924368,-0.089609611990726,0.256282413002385,0.36763451439641,0.67451640228651,0.234033845338001,0.295751511378968,0.19366794122369,0.0698841197233697,0.256087802497494,0.485017432770027,0.111505974826879,-0.151157437690229,0.0691116832675691,0.144073706364059,-0.295182016923717,-0.264688046592841,-0.100739571413534,-0.0604987566486083,-0.221844767213615,-0.189462972489957,-0.278124401753876,-0.223268872295067,-0.238078176243869,-0.116525859340662,0.10737214250339,-0.175818461324548,-0.352329072440883,-0.546442164217578,0.0240402856968865,-0.231129466403516,-0.65871360216818,-0.73780936466818,-0.553035037140036,-0.296997738968799,0.0680083441008318,0.366322440488477,0.30158399830652,0.535475450776729,0.0804908238058901,-0.00148386478516262,0.138423029145357,0.289014609775721,0.0537932264835394,-0.132900336385323,0.127869290245176,0.281590646993973
-0.182453405507978,0.173722152199167,0.020606594371673,0.16030201181198,0.0416227119399022,-0.0828505352345906,-0.0891901395474978,-0.0360521711038492,-0.00406971244177253,-0.0412074170302596,-0.0386440128363952,0.107066734550834,-0.195836597029938,-0.139417411922058,0.115732663873845,-0.143482123487481,0.116105323737269,0.096748946865004,-0.062407447649543,0.030258402359282,0.0476314592231445,-0.063090517309714,0.0782805156403717,-0.0726999207844237,0.106092538909675,0.0860022640757448,-0.233212459869185,-0.117930124036446,-0.2203239602689,-0.171749775457784,-0.084600303119383,-0.100865687688856,0.0605054266854532,-0.0122470473901044,0.0940754591946004,0.105582686620709,0.123386900656784,0.144639426864684,-0.232853991367159,-0.191669575213753,0.14155859376847,0.0696657005393293,0.0340147789697664,0.0560874855827365,0.122719829734417,-0.0975036553192293,0.0791637313005252,-0.0997824171365887,-0.140488976883401,-0.072009173957787,-0.0115518459502238,0.00784636791063114,0.196325233943776,-0.00946857231815862,0.139987160153752,0.0747045382464616,0.011207283104147,0.0568131419073116,0.0338031399022427,0.110907804322139,0.148456683456818,-0.0353430713268736,-0.00135911030856658,-0.0690074837961226,-0.0278270592675515,-0.0528716706812579,0.0943159798132975,0.0733577299469105,-0.113846443568161,-0.174807404507178,0.184087689970313,-0.243878658496663,-0.00121005483970883,-0.124390825152404,0.144212626505274,-0.0479532907716406,-0.00717707595516404,-0.210748786484734,0.159965993320107,0.0488119958240983,-0.0681360131635541,-0.273679883442628,-0.184680453528743,-0.082099042302628,0.0292492509970746,0.0500127173735716,0.266569002120909,0.239711290558481,-0.125535994170528,0.113283172066585,0.17787956680597,0.040696960009037,-0.00370142642999934,-0.0717170786311378,-0.0517560974154173,0.214363953122582
0.0243767824556211,-0.00744193761498876,0.170184270021137,0.221452387289706,-0.0434090093656895,0.300226725867849,0.0750052502965974,0.146339836319511,-0.179414666894064,-0.0837053905301074,-0.0412697280691225,-0.0881713505274606,-0.176373736894389,-0.0657394928537398,-0.0981075512516999,0.0104702578763243,0.222057449890146,-0.0735707291447559,-0.0813953248014464,0.00692867328395761,-0.0991238809134233,-0.120636210708116,-0.00138033425055474,-0.0408288031944131,-0.0452201966812125,0.0562081030103162,-0.0451231091404665,-0.293415066899959,-0.184074301223448,-0.0792626403188427,-0.110641945201804,-0.166391824446625,0.114024121888597,-0.159186498440541,-0.135854589733974,0.0794124342191744,0.0265402111600779,0.0695374325391137,-0.202275413839878,-0.10573794313925,0.0841035909284081,0.0207368400533644,0.16462768937395,0.160855848908437,0.0983696330201862,-0.0608080613410499,-0.0051896451944049,-0.0941407788558241,0.143172129304344,-0.032129209682936,0.15428480107655,0.100069850568544,0.0281578291037899,0.182568937651877,0.0826385269194664,0.162180189650463,0.130501167360112,-0.0705690076912726,-0.0659791936896822,0.0978988453943666,-0.00283779218181697,-0.260148811389846,0.00751714490809348,0.185409973954601,0.0258941295621398,-0.11509449405785,-0.185485019188375,-0.101904789108794,0.0513231566867613,-0.181311599451652,-0.0585851921107316,-0.14283325429663,-0.201001577657338,0.0148555859258167,0.0455668229714436,0.0344001147035176,-0.0600180740973697,-0.199039388297857,0.0721372194602676,0.0677302277313458,-0.162706590967901,-0.0142362580837534,-0.036022616174493,-0.0265240122248464,0.236408883618305,0.0984745064139437,-0.0048748513872518,0.0640442100451348,0.0583671043162114,-9.55742645041106e-05,0.0836025963973967,-0.143332294623705,0.0438386506383786,-0.166191593470478,0.187226270353237,0.114125468443842
0.36096040371677,-0.309744210269921,-0.180747121929218,-0.423619435715248,0.242736410584983,0.159226454561595,-0.213442432897092,-0.566918733269105,0.189114461105674,0.0995662318019966,0.506314064620158,0.501303053507736,0.546429426530867,0.591099879796545,0.278494760231926,0.0376200573744133,-0.719119875454433,0.31081035449857,0.304490431923051,0.0692625564341886,0.265610914907122,-0.11695188457115,-0.116010348902484,-0.140169132392483,0.565707903387218,-0.573642720764257,0.444991703924138,0.623734453765714,0.677806821032963,0.577849883624208,0.75502324616167,0.965115895248383,0.355678065948043,0.811666905071071,0.113586004270097,-0.876785710671389,0.222560978963101,0.623063759500947,1.01927079451024,0.248455509610835,-0.676109564014864,-0.753840564181623,-0.0456859414108721,-0.372676614574094,-0.287429439997885,-0.590095347907361,-0.389062700903193,0.255413755696696,0.323584489236842,-0.0838865103133305,0.156868950582871,-0.463718634346259,-1.03331744350901,-1.00648907642525,-0.827326626562481,-0.488913097012915,-0.700981109822489,-0.0816386796925875,-0.57051070295207,-0.989589216756006,-0.485288145520134,0.102470874489764,-0.125340661940431,-0.271133846936469,0.398511178396471,0.483900031267597,0.472984547527483,0.291941925992204,0.670698677940182,0.530943327169164,0.360565183878933,0.935586796776434,0.827718788691602,0.207656743264564,-0.0363069551905492,0.664793108208365,0.207352070970014,0.996635590557876,-0.0487913912121046,0.804332448648909,1.51097976955239,1.40007119470888,1.1470288718474,0.633913288801646,-0.571879869685186,-0.734597164768926,-0.792281036202487,-0.919775928332387,-0.397339420629157,-0.0313538062413524,-0.253453990420161,-0.613671251827183,-0.483028832155334,0.354481141707642,-0.324643130079199,-0.701405296992048
-0.109966017515591,0.215941284363459,0.0989104371147634,0.09160316904452,0.0958027647606168,-0.0560554716211317,0.209430846314217,0.128279756265032,0.0884749625808099,-0.00596976287168918,-0.232684933218675,-0.246272880081154,-0.0867366532611034,-0.164175471916084,-0.0639308992032318,0.0153066804312126,0.16704731751369,-0.0734224495506983,0.041030996415963,-0.0829772378797498,-0.152851478378101,-0.0712341876275102,0.0425748738709066,-0.0329117791082404,-0.192091008512352,0.183735965394895,-0.332855080169615,-0.187970079939582,-0.290421243825328,-0.0345511360297926,-0.085512801013899,-0.163139203014124,-0.114014733795857,0.0363284606962239,-0.112100774911741,0.40854530991172,-0.0246827560616761,-0.200143168978985,-0.17810373689309,0.0472727581216669,0.128523002288268,0.206260016791231,0.205124486988071,0.0735894409978844,0.0383922566293952,0.0524497054093807,0.190179092168922,-0.0760155507717974,-0.219274633985537,0.0527632567442387,-0.0837361145510817,0.184594803826352,0.391832472258279,0.346034221601954,0.215167451259104,0.218854872423794,0.222372378887077,0.181741088208135,0.106203225668718,0.207829895587551,-0.0511850696247823,0.0529371164684604,-0.164951492563816,0.0726518207272094,-0.0909388622561869,-0.125579405902462,-0.0664112242807553,-0.198362444473973,-0.122194025196746,-0.304549565953447,-0.0261460354627116,-0.293831236934495,-0.218939906359411,-0.123328195227647,-0.0560505970682968,-0.148609280037422,-0.0707242719561519,-0.187727642104221,0.00248414272320348,0.00297999416981118,-0.417657820320886,-0.391211554608297,-0.350269244400985,-0.207114508029907,-0.0037555835056924,0.162344619622828,0.102957170119498,0.249291944745668,0.054593743884321,-0.0472810027884516,0.0899902519854906,0.12441356535156,0.13917666806219,-0.148120380901905,0.163861908547528,0.101328987003506
-0.051720709556967,0.190352490793052,-0.00986123174476174,0.131677188184599,0.0933682971818097,0.00981439998632078,0.0939611966993092,0.127597459530768,-0.109437356707212,0.0569653891575642,-0.162204577236729,0.0177677651037423,-0.219790749051772,-0.195158407835135,-0.116502362729009,0.0515303512492522,0.251989721647243,-0.100534544789712,-0.187427027380289,0.0318900379758936,-0.0450272733703525,0.0748786853338654,0.0667402604707055,-0.0226862920110899,-0.328831144715656,0.0943078827570284,-0.1233190687835,-0.455523687090548,-0.231058693434685,-0.0616005816071751,-0.250357267837185,-0.307920310165881,-0.31209326050437,-0.215688856613756,-0.0584542847036466,0.26560919610074,-0.183911855770449,-0.0444816736376688,-0.237278380858705,0.233698684806506,-0.0110126354839901,0.158873496054545,0.0396725694287241,0.277782977675041,0.0748923374387307,0.174589921500114,0.203921320430186,-0.0928054181209228,-0.15651248786889,-0.029550440835664,-0.00992892881988538,0.25481750708783,0.361079296132704,0.398111531580092,0.236761726581159,0.16593245110393,0.299525163984851,0.189124006771498,0.198374060964845,0.298610652820641,0.0549738369953565,-0.0758221216979114,0.135468553894564,0.0478153685569983,0.0833610608321859,-0.338823317598273,-0.107758819188731,-0.17799887163083,0.077564495389339,-0.288462735491244,-0.0585640345809755,-0.248098219748631,-0.20498181609451,0.0454258637181738,0.12553326567329,-0.321327485387011,-0.045834156401678,-0.433127318033084,0.0610844062293583,-0.197803779742829,-0.383008966567976,-0.233790004718572,-0.244760993711961,-0.273097425925528,0.0972001994104718,0.22446286734969,0.292193296254217,0.392070986160914,0.222567842337579,0.0992659919352084,0.0845840370154401,0.0312674215401107,0.348571729054788,0.00324636746304469,-0.0538615918313695,0.318435131450554
-0.447341783545672,0.276128451137992,0.0579179495518342,0.642619368519282,-0.234535707895562,-0.0500366193229911,0.63610039818796,0.450911333701928,-0.431815752719604,-0.0408447154657224,-0.739095365420751,-0.663249253341505,-0.659370169903803,-0.739528232122514,-0.202070428334083,0.165615036932936,0.923000513169467,-0.392308939624639,-0.193967841569335,0.0692526682397467,-0.548646580583796,-0.00402609745268998,0.117497111979222,0.208399141404728,-0.642086492317976,0.536147065065572,-0.540850105007412,-0.891255664084505,-1.20971879634583,-0.682767540878804,-0.646434309029273,-1.11128634362762,-0.64089525066226,-0.839923986744371,-0.253072413701225,0.944482556410432,-0.193368565865888,-0.668018687307205,-1.28546071693679,-0.362241895972279,0.609419087058908,0.759757087432223,0.306601587379456,0.698650163833605,0.629542705029044,0.672863332360253,0.586723830068218,-0.534057030305999,-0.398032582844442,0.0958641298220787,0.100416735241938,0.569710840376096,1.02102209858649,1.34399551507462,1.00100068289449,0.606134931108775,0.788117823502372,0.264674582093964,0.715989390019973,1.34743266723487,0.815257099359285,-0.399277753716653,0.00667323935794036,0.351147236665947,-0.329433813585889,-0.607994549886038,-0.58506088777952,-0.214906588773868,-0.680346816339507,-0.980752635232572,-0.545150534559098,-0.762065525583587,-0.869899965756111,0.0300732563016592,-0.0195104545707149,-0.700170217314076,-0.32305392244477,-1.15268844707288,-0.17868397812772,-0.938370303742269,-1.99425587774299,-1.72447654373718,-1.63049121026065,-1.04459197933665,0.367758092572352,0.564568643315577,1.11369724582207,0.965808311763416,0.413303140245703,0.00775785152222716,0.252011281697487,0.777598112019921,0.600903458372463,-0.431332165236994,0.558235328958538,1.05214552012862
0.325295912766507,-0.294074553629736,-0.123925339243822,-0.448445929918268,0.118563050299578,-0.201526689700751,-0.474181521612859,-0.30025266813366,0.309109107043171,0.217443466618104,0.610662146384567,0.329452006777958,0.595519932803713,0.460127002011318,0.0281927031543124,-0.0065306603661691,-0.595468491360456,0.283810147225666,0.241339607872639,-0.182326470110209,0.350823254510571,0.0386847020802723,-0.148091772176307,-0.201997631428961,0.652517196282514,-0.303218654060761,0.418380309738451,0.578543661061587,0.863008538879923,0.366341364423997,0.454180572107457,0.856818282562321,0.40150021465636,0.605554669882415,0.165937027007972,-0.660878305649913,0.0980708355591756,0.426501952970213,0.946025897878563,0.360838571584091,-0.453448288998383,-0.519321390071454,-0.339540999910594,-0.297393535270755,-0.276001315045486,-0.641083678752916,-0.514669305333796,0.334189318859432,0.294207418761987,-0.220186317464918,-0.100950776647522,-0.38178455621509,-0.760518861394877,-1.1616074017461,-0.907031263966529,-0.455129862863424,-0.576930572228994,-0.240673902214642,-0.439191144286176,-0.664149672362655,-0.562866431226138,0.358565666817517,-0.268093635178398,-0.157052411302759,0.347412730753588,0.471903336140453,0.41937831901205,0.238963629849013,0.416045542563267,0.752600645808924,0.260340099781928,0.640043977378891,0.856240943371546,-0.143131482103503,0.190924463314038,0.680243607663125,0.231870829064185,0.965109433480838,-0.0260107904698605,0.557026729082208,1.47841725989348,1.28809137666931,1.03927758714831,0.573276021275532,-0.360313856321893,-0.512864729850054,-0.739164528787406,-0.8218809281525,-0.273479944018687,-0.313229681099997,-0.272117735114492,-0.607083630814525,-0.583931480664532,0.407486988580389,-0.22113593643916,-0.668222405280371
0.00962180733337383,0.0520466271069888,-0.10287498998064,-0.0539584948040268,0.0449826503169937,0.0643665832651811,-0.125250520494907,-0.0703585109589132,-0.0291294800208597,-0.0713204566267115,-0.0795306294995619,0.0172422839660746,-0.117473293949277,-0.0271275023998357,0.0343053763864857,0.0449714802489551,0.00910547568778728,0.0353083087965305,0.0539858556017838,-0.146967185444514,-0.139889893974275,-0.0999964425791374,-0.207909982791002,0.0799959342457502,-0.00766285015977412,0.0798819275973646,0.09478476047188,-0.137885040205168,0.0921313996322871,0.0122255233375531,-0.0353540606213147,0.027795582042695,-0.0654968224159754,0.272962032296771,0.0314679695076368,-0.0903935796363949,0.0199452055023046,0.151617999595789,-0.0185058415126496,-0.10675291389191,-0.0422513515719481,-0.138642667403798,-0.0276370944547508,0.109474643843133,0.000416886645411191,-0.152828586081105,0.0842288904066978,0.0533094419886119,0.132622637495179,0.048408558370464,-0.105909552774987,-0.198954611931086,0.0960628335109967,0.115402420813574,-0.218683609193241,-0.0198116441960598,0.154984794804239,0.0671490071020895,-0.0456167960731094,-0.197675586391016,-0.211768796301135,0.0399552769093923,0.027843970833484,0.0959827358252124,0.111879469761722,0.0650701465420941,-0.07372077894601,0.0121799969049877,0.0492574916706014,0.150351820379177,0.147941859725745,0.0967047890677854,-0.119719370943778,-0.00336856442661577,0.0721833892593618,-0.151672467483327,0.0565005299226503,0.162007274315073,-0.0522574836846422,0.0718704806001714,0.113841512704789,0.148545999202796,0.133067114577971,-0.139055937521759,-0.19916132317232,-0.114759110407931,-0.0798631184156871,-0.0650208533275914,-0.0985469282240028,-0.032157707559841,-0.00265519592827077,0.0449336540497898,-0.0572163157641908,-0.0636341023498218,0.0328368145844033,0.097563369150371
-0.110604017011166,0.0847702440389683,-0.150424500627669,-0.0317769154158759,0.0951240695295908,0.134456089253907,0.158439141648477,0.141079415512492,0.0716189266446247,0.182973627915534,-0.156907145414644,0.0469084629309918,-0.13961144850239,-0.21660129832337,0.0482751718363704,0.0388463088687113,0.260944520668525,-0.0639527522207723,0.0156109853437468,-0.151489853336681,-0.13185060936546,-0.124003385914843,-0.032629002418907,0.128467086162393,-0.0963495402304353,0.0175781351731737,-0.133920797910828,-0.260572248979362,-0.235160592425151,-0.269993869170473,-0.067724569506319,-0.123513225354259,-0.319572796015685,-0.168424157960802,-0.0375355508560415,0.25356854981222,0.0700466409360315,0.0622698098441395,-0.297195189630422,0.0315356646595297,0.0651714100002361,0.062753775186236,0.0757986510603437,0.171420965175156,0.0943902092552522,0.162254209097492,-0.0518033546504711,-0.0189481151942102,-0.221833647810058,0.0113531581851339,0.0380120800043847,0.0441380281339487,0.344246217707812,0.554044571216991,0.283129996755384,0.0480760947002275,0.2475219503263,0.156231978145955,0.229322438957018,0.260933605704729,0.0135084027008408,-0.259641684220232,-0.0596417113164743,0.0563327458601107,-0.0711955898591713,-0.225563839372663,-0.0479532762286845,-0.125740781711144,-0.190062779722058,-0.118903406983753,-0.0493669424468023,-0.166217406682205,-0.245898643230411,-0.0870694075163918,-0.0926793555748666,-0.145623037352143,-0.00541211471671836,-0.24834989573109,-0.128326719076915,-0.302804513159469,-0.316568871289062,-0.556376497782315,-0.255770624837121,-0.234675837837047,0.098787368677035,0.449122542698373,0.277893193588541,0.0647509661014734,0.0486285324173866,0.0732546711806859,-0.0118469809270003,0.0803239445501365,0.168668805817822,0.00120184529713623,0.171115188311204,0.312170621541753
0.310872641606376,-0.0233160848553202,-0.159208752385795,-0.20295205874337,0.00301957320126916,0.215304507668453,-0.144997305083367,-0.0551667068370135,0.288088352145647,0.0472173391757445,0.290327003914388,0.226412408141614,0.129052646467845,0.189918463134508,0.0244870642719799,-0.143716433964356,-0.107877903527834,0.168856633276673,0.0626764381426824,-0.0523948001363794,0.030031628002217,0.109472056155397,-0.137970028985975,-0.121409855832005,0.157566769359774,0.0278712429944178,0.0151595883795069,0.257570049964538,0.143656180426309,-0.106104103987809,0.257009573757734,0.36252243073531,0.142704273233222,0.351333485609834,0.0399816164049813,-0.112290407173434,-0.0662764321294057,0.238862376390264,0.42327383589405,0.0261349549564968,-0.143625198604537,-0.129624712042641,-0.0741067222999263,-0.176219664293925,-0.00592284888125511,-0.206681479646484,-0.237125573312751,0.170270625481632,0.095292655129616,-0.0442077853208065,-0.109430548019184,-0.100497125945657,-0.342641074133104,-0.354521224288788,-0.226540999417525,-0.253986913268754,-0.156584193484617,-0.049236419180123,-0.30142970728559,-0.623813654105231,-0.131790788373744,-0.0425369445030674,-0.276161704428225,-0.247532355068285,0.0674721384388345,0.22714679758491,0.215833801903968,0.102734903885507,0.0923166491251099,0.327001908776868,-0.0131459639404801,0.352187590126781,0.324052163380232,-0.0904215870752038,-0.0146704498763051,0.249039749048014,0.0741149656093874,0.254690827691342,0.14801375645989,0.32972518405118,0.511448874492671,0.346542552916355,0.294162119635424,0.305263073849311,-0.0492802402979803,-0.242619342154004,-0.389885820990395,-0.330201300265506,-0.222914858168805,0.159982570689179,-0.0304522226224655,-0.291975964763179,-0.259986342535388,0.199892886469173,-0.055666472070765,-0.126753782234975
-0.0809308824334529,0.170461570435419,-0.0117795996528665,0.220267790928151,-0.164829417850434,-0.0667152772135052,0.170273634965043,0.137907019406967,-0.124223986307225,-0.150693967120409,-0.081939538477656,-0.190134868937343,-0.291585979185822,-0.2979959302899,-0.164815791509528,0.0266095981090462,0.417121737694887,-0.132062495869918,0.00479501637811512,-0.0372431559034998,-0.188933984838156,-0.0475934480551709,-0.0434763021933688,0.106681966699062,-0.230258537377689,0.0759985970373766,-0.241348909571195,-0.167107045799782,-0.450633291782449,-0.128292838868062,-0.251959880654938,-0.301720023484909,-0.280217546504729,-0.198525132509716,0.00446438469051104,0.416510145733316,0.0623390089066334,-0.269935271421719,-0.482836029567051,-0.136866560682087,0.0690864683647577,0.120081242760721,0.0466281996126789,0.300579219038299,0.199219884181845,0.28761619973921,0.337912279477836,-0.225535630258236,-0.277866502559092,0.0730515931376817,0.0345578214608947,0.205840796826159,0.219905161537465,0.388483287996684,0.406969931932701,0.0808231886073563,0.462666306296391,0.00413088709746393,0.127201575251481,0.590184702672101,0.243484556925077,-0.180655268087891,0.114397501773607,0.186088149788434,-0.0782692109599132,-0.186495425170873,-0.0732746038267298,-0.0997938376115281,-0.0568394641835967,-0.226772684698496,-0.360148652413088,-0.412342945894543,-0.271474874373482,-0.0211211287476358,-0.197946170309752,-0.441703662640488,-0.157870866271673,-0.127450982340216,-0.0954981153714959,-0.352250140319235,-0.726647660181572,-0.460190423850691,-0.371572118994902,-0.305604468251099,0.252156238979641,0.231702302476506,0.464466767646334,0.357208282960935,0.0543061164538146,0.057414646377827,0.36095846398787,0.125212061347209,0.137584287779654,-0.146657085485918,0.198588559382557,0.218042202706363
-0.188909417714191,0.207817191708794,0.0322974180996916,0.217978299726362,-0.123069530674119,0.106925233646128,0.276811636563517,0.184005050455623,-0.206945654722687,-0.0792204286417277,-0.260056320571359,-0.485945005552433,-0.434286466991438,-0.321424284683688,-0.240334115934396,-0.0664855054055707,0.365725231067214,-0.164138544353961,-0.103223804792214,0.00818359851812701,-0.311767977639061,0.0335015940242799,0.376144149439377,0.218658658854694,-0.273351945359272,0.221307408978555,-0.358285894352285,-0.428128077822174,-0.485276458449417,-0.422822207314401,-0.45064557806768,-0.885990305030275,-0.238791790723319,-0.481860903679471,-0.174226887550098,0.499163831877741,-0.0390238895711467,-0.242269762557233,-0.693376585287897,-0.234816405074048,0.34013789305544,0.334906159507726,0.280380988195373,0.29949538575715,0.398843693230552,0.333326835969543,0.383233458140795,-0.300322352229962,-0.271875575604089,0.311389293901773,0.0828365583865547,0.338454938516912,0.576004655844729,0.523440026376667,0.533201727109836,0.453882737496826,0.331875280466305,0.211590973559264,0.432179309373873,0.704530367218382,0.325730158800926,-0.170505164097649,0.064843958197697,0.308618986647428,-0.146035890839633,-0.550412936224919,-0.255489208750114,-0.350744471251336,-0.36109103505595,-0.324778034577859,-0.30274951481251,-0.375181781944434,-0.621621336429553,0.198802962376965,-0.0955969474252822,-0.383618093242431,-0.501248753795173,-0.571525185067406,0.0747125915082379,-0.422788256898988,-0.894033506047405,-0.691001785604287,-0.687134233904756,-0.336129024933658,0.177843537410828,0.286730100456938,0.46944589534432,0.310292678748397,0.33042330927362,0.108573250109918,0.176557920643458,0.213829782584489,0.316382467818004,-0.102221838145656,0.0569208223670042,0.55493749166555
-0.127550774909861,0.0585011095478651,0.0287353879238135,0.113281702879801,-0.13727837975012,-0.054144307860794,0.173548230703361,0.394789380124078,-0.0617244504844497,-0.30979919495611,-0.291829620344059,-0.235008651727122,-0.416362486059566,-0.332813870784477,-0.154622200383348,0.064904280150477,0.465041059597222,-0.196867566171093,-0.0393114936890664,0.221277509894864,-0.21393080555179,-0.0273392023291911,0.0673377030353688,0.0977783023852346,-0.157515584207483,0.0755557002423703,-0.201196316725232,-0.355112584716203,-0.592836393951018,-0.339331769664515,-0.389464971352309,-0.634278291407223,-0.242786318069985,-0.560824169604569,-0.0644594579372979,0.572610080600662,-0.0767541404330375,-0.401787429720608,-0.625583451004791,-0.0963931628094443,0.236968056158079,0.40947747382187,0.22337797168217,0.30076861183338,0.445940378746583,-0.0647070898567785,0.383104884621678,-0.0978145110141321,-0.0921361134762206,0.0623782517161014,-0.0194028634944931,0.0643002976114549,0.549818587704892,0.7497197246561,0.631652006244554,0.358538837361372,0.563793542386099,0.1395988512483,0.327262672351967,0.563829894820471,0.468649043151071,-0.279468891228722,0.154814267458374,0.0378727031608319,-0.143114277874823,-0.272670549705456,-0.267242655572581,-0.0242746159533563,-0.286072134736169,-0.339562134829556,-0.189931678787162,-0.356816728907224,-0.392560948545756,-0.0164383030510827,0.00561790164832161,-0.470630743500975,-0.0436753782672135,-0.443532006620671,-0.263018890330511,-0.328094714311572,-0.974280062666181,-0.691366860185701,-0.657652977705115,-0.397501627737823,0.0383253971868807,0.354865011324944,0.539888750760859,0.285531080655034,0.28283766091905,0.0762802882176039,0.388129537555443,0.318001556289323,0.277915441077145,-0.303813959175458,0.320300856428545,0.418078274463193
0.061354148136007,0.132686878539425,0.226903598498924,0.0120403263763345,0.135685813409047,-0.114568665049266,-0.0402758755206757,0.0474064557736761,0.220007243307336,0.024590479371551,0.0807878863819967,0.209166247977748,-0.0545801281636084,-0.013703675904296,0.0971164855646044,0.0617103707483794,0.0115304400049053,0.0142370270076862,0.0411117832146308,0.0483446053815632,-0.0895230623721451,0.0230193530797586,-0.0018506735799793,-0.07072128361305,-0.268121733787525,0.0123069562937264,-0.0431355571640662,0.195939759133278,0.116541191066103,0.0923745446480963,0.283709514082051,-0.028003203963,-0.0184844268952578,0.223906919524841,0.023731127218024,-0.013654474584203,0.213622678848445,-0.0144626221245807,-0.0835611685860265,0.0172523618452653,0.0867026848144165,0.0593262394427983,0.106454043014518,0.0747221867833647,0.0108142164264647,0.109788633601539,0.0544680700150051,0.00430932280208329,-0.0807040692708371,-0.0960995442520414,-0.0860365189773955,-0.181536416566959,-0.0767867839512704,0.100568910479145,0.0257198675028416,-0.0637409217327352,-0.216461548397837,0.102456443835669,0.12529867399417,0.0860896194264368,0.0185755302525067,0.0850507043191031,0.0498958341090195,0.13044129391647,0.0572563374259326,-0.0449099857318506,0.11136084425823,-0.0591634641461056,-0.109536530398596,0.0899049256517634,0.0215831862515677,-0.118055096788848,0.00460985808504564,-0.102835731177268,0.11419505984735,0.0809845005579408,0.0201758341132124,0.156460206262358,-0.0589878565683611,0.0829153825418563,0.147436111886741,0.0320732802068209,0.0286994800132477,0.0429790367817313,-0.0413548089000277,0.0825597126859768,-0.136119369252461,-0.214945709893084,0.0455216266249614,0.0813195615829449,-0.0294903446624656,-0.177959879937856,-0.0553413608211871,0.0825880117251981,0.106627644983262,-0.169759540230581
0.0509293502861051,0.0303685020623695,-0.0967406573743016,-0.0480009849798581,0.194790857072164,0.0929114980128166,-0.253379401223917,-0.244620884789641,0.0474691309241055,-0.163700360210412,0.124214969958384,0.0037190942060237,0.294310695487506,0.350478570193522,0.0970023354303476,0.0264725860764074,-0.263201490044728,-0.0216141693900396,0.0367501627843245,0.100211363201559,0.204292919557826,0.0513161489451522,-0.149165812430784,-0.032704981667012,0.212780615745525,-0.189522308112601,0.114340443938477,0.292192329653416,0.30787140888802,0.00282329704307864,0.120240409544414,0.210821582445886,0.269009463845203,0.0603675140189604,0.135976376713173,-0.279805846221283,0.0420610895488066,0.116195888872783,0.200778182932329,0.0218903129946814,-0.069489031597966,-0.0893054367916059,-0.0740795196422707,-0.308326164119676,0.168674779797442,-0.108950096517967,0.119791758009763,0.0886142410872515,0.068498859163717,0.102084855321314,0.0683813400341488,-0.216331431208601,-0.383574857244665,-0.166227593935018,-0.178735456726727,-0.149055138542337,-0.174904036391217,0.114186812831844,0.00728445562600215,-0.316872962321099,-0.0408879922811563,0.0421005611136609,-0.227529675984033,0.175565766819109,0.138533107301367,0.232546674514124,0.062076233388479,0.0712112187658493,0.0112064458231934,-0.124972604510805,0.100076405585964,0.0140559359226539,0.0263731765122297,0.127652562536627,0.115445359766421,0.076095759049907,0.140396629506124,0.213446947275114,0.112029442668322,0.105542349553242,0.39585032764868,0.311157482984876,0.329097734009497,0.181738317202602,0.0590185183912178,-0.159362629661315,-0.174473714274721,-0.181488906346919,-0.0174622494361609,0.048858124588146,-0.115940566674275,-0.137349982499161,-0.0791471638129004,-0.0193242000003681,0.121420166384986,0.0686794415427084
-0.226902466556251,0.308005542434963,-0.0740677930675788,0.123541823338039,0.162317518365167,0.0873835557299027,0.46020885038658,0.505531905110625,-0.237376921682714,-0.107397347794289,-0.575062573102579,-0.585570903761747,-0.712715235303506,-0.575609911572132,-0.183098688739208,0.0424104926745036,0.67021938542206,-0.335761883439711,-0.267657966084544,0.0309389516282909,-0.318656967785986,-0.0581366227274613,-0.0260548204705757,0.345606304444356,-0.369989895236495,0.514332347110143,-0.479060521768525,-0.661437149540787,-0.842137353920881,-0.476237884399622,-0.475792526695601,-0.985629446123856,-0.477967351752367,-0.566346143174429,-0.243066861162788,0.794138020060676,-0.176360899291616,-0.668631035790085,-1.00910440438038,-0.262564266061377,0.619059303776117,0.556625405051051,0.336263915403337,0.477412594625572,0.540188502047342,0.465371295792101,0.619101446163429,-0.514283145462631,-0.453167111022763,0.0193256315462974,0.103563932152946,0.204951973812149,0.705925231519981,0.939407224291619,0.866465964871485,0.431804519430956,0.680013064604757,0.179259323367212,0.529350311133592,0.915941476052278,0.499242505929032,-0.110742545464875,-0.0108576362401694,0.332759700499073,-0.352648444584651,-0.587890687766816,-0.305594338336424,-0.208234164949944,-0.392518785647305,-0.619949984116889,-0.566344359553258,-0.727886441940703,-0.602091698902681,0.0335140996068987,-0.0184667822712494,-0.666338231824185,-0.243998852393218,-0.545996944669429,-0.138665649011867,-0.538944919881819,-1.45335091276061,-1.14058724992793,-1.16791012016793,-0.463033739882369,0.26723526884838,0.593980383143223,0.702847617242701,0.743705058306484,0.251807170892315,0.252459436354135,0.342080343968991,0.403362606123685,0.360043902545734,-0.415216081611747,0.337578323781276,0.726507074028387
0.363462893899083,-0.25672359351568,-0.160571991810603,-0.609453905655762,-0.000165362573220654,-0.0748101292997314,-0.456299091606519,-0.521656865538658,0.341302098363343,0.0970433143517136,0.616961514405169,0.725651818377745,0.601696612683589,0.582975023037909,0.173272187904318,-0.2635376551517,-0.931639437853156,0.177434172294905,0.173789284049951,0.0612684642926962,0.242388710243896,-0.0558908602577435,-0.159283352639088,-0.184176568821194,0.561037166216358,-0.311892049458401,0.67843611858697,0.798844949802203,0.943363422027058,0.598107181737987,0.479603775103795,1.0985380195228,0.590166315472275,0.852454988581082,0.269337643140702,-0.78225150451633,0.122952268993566,0.674241087067215,1.13602990092596,0.154648573210974,-0.541247729190308,-0.631446333118145,-0.180764540284298,-0.490350051396416,-0.640158965220309,-0.469197449482186,-0.496900044019911,0.437029032050062,0.43880609875046,-0.161946530340084,-0.00143339320682807,-0.422927999894381,-1.0198982629953,-1.159658663772,-1.05277556025451,-0.71480589066008,-0.631152920116564,-0.270814274863653,-0.516218510348759,-1.11493731383123,-0.56821296787986,0.371294980624844,-0.136001214699013,-0.250922921621404,0.25256405332906,0.66829208591281,0.472478271457523,0.345273850866554,0.589026388046695,0.608248109545651,0.254071977458568,0.688570833810168,0.981673301418274,-0.0902244023664062,0.352733534340507,0.85441043615779,0.510132776178031,0.895318163057551,0.121457068947328,0.530815568710332,1.41666298716869,1.24900406217439,1.21610268526236,0.529848907036573,-0.450932399468147,-0.417730479141004,-0.630615166609906,-1.05845418917802,-0.248775792808332,-0.271221584891871,-0.227247324048836,-0.640757696562822,-0.635796292353303,0.283991166360862,-0.344777556605612,-0.931381118553429
0.108287596922443,0.145435884249545,0.0978654607489837,0.272792896010842,0.075904679814316,0.0956847594634649,0.0866703098905297,0.293919569065366,-0.142550205680383,-0.0460563113954943,-0.313613572432535,-0.296705061971536,-0.115628297756807,-0.343055353848722,0.00703695104497327,0.0877122936673428,0.35695387168006,-0.202861844007815,-0.034205172254569,-0.231222302302654,-0.142663622072545,0.0360565157385815,0.0816859033082252,0.121414343321669,-0.0728432153625194,0.135920844995874,-0.356104912414395,-0.365754916929362,-0.467387189613382,-0.239425114370629,-0.193220242111338,-0.351743571113072,-0.394101797651018,-0.375475247268715,-0.185233500845345,0.496279720698296,-0.0441237119420906,-0.212244404123666,-0.338094843667988,-0.0325662661035523,0.102659844897535,0.252471688851901,0.0362877902602886,0.137652906135433,0.131178602192097,0.472423050247278,0.143564483516887,-0.0958302818100818,-0.0744966052864167,-0.0188283521856001,0.218174612786145,0.412240546784554,0.377528131347227,0.545912117230341,0.487793337167091,0.159828541406028,0.271963090941299,-0.00300160347916076,0.391566537518516,0.447219286342497,0.295044249792652,-0.00292491144649985,0.0134565627831223,0.0382011828549959,0.021323935854579,-0.31900392362408,-0.213145769413288,-0.179446533144915,-0.198863850736309,-0.160000035305466,-0.320546870642185,-0.242031794841274,-0.235961229085435,0.0711946091474157,-0.0228513180988113,-0.256367055477354,-0.366547186172777,-0.336755517769089,0.0753049901230631,-0.245678177753212,-0.492481426268897,-0.634901768343524,-0.510301141888621,-0.292391664640096,0.238150151372031,0.26357332968246,0.40359038370441,0.295100418880643,0.228755512369781,0.0531930218588398,0.318424243178661,0.192266025797165,0.339684331752429,-0.152504474964638,0.116329093737096,0.215347106417444
0.0089413259479216,-0.180989561406435,-0.0368376031352941,0.00184839036801832,-0.0901198252109915,-0.0453382888701483,-0.204796979931398,0.0433239208409091,0.253521882191921,0.266687129310973,0.310910658816524,0.151949872229592,0.0512530942039559,0.142222281532027,-0.0942681941612029,0.05314281490295,-0.11356112526709,-0.0727223484732022,0.0945476585209328,0.176232038359212,-0.0144621630494106,-0.0190273730107653,0.0334692997128393,-0.0249163742104222,0.0253968987505095,-0.154066069645897,-0.117865613925548,0.133926978120602,0.0542104952070236,0.13307257454728,-0.0951011996153802,0.255272230130118,0.167373760981691,0.0777350504780523,0.134276256219855,-0.10486887252525,0.11414278172694,0.0161638501821689,0.159749316993553,0.0141478587175566,-0.286877556530456,-0.103840537588948,-0.024392222566373,0.173117825737485,0.0419209758192159,-0.352321334696017,-0.026697716072134,-0.00752316608670962,0.0442221922249023,0.0253924360010415,0.137407534144521,0.0442536140660707,-0.239011640704402,-0.208701316799888,-0.155223353810807,-0.0620043279695761,-0.0737040681466482,-0.089768316621649,-0.340395336629526,-0.341704268241305,-0.244580791263708,0.151441386003202,-0.022818071712026,-0.146787696482513,0.178630171769085,0.123058939856734,0.346525216199322,0.045497695039087,0.0717046880793666,0.110225122665079,0.197184145185401,0.344046990408446,0.198350508605802,-0.0211742355036246,0.207191294766433,-0.00824475052868595,-0.0389380395734487,0.0906264172803798,-0.151192859899569,0.181590047072237,0.268368667381586,0.34828596928852,0.262544406783798,0.103180169384654,-0.0544853521996094,-0.0672884281924999,-0.211488372346044,-0.181162270628443,-0.0497725095914868,-0.0688792983849101,-0.0184606443732925,-0.0669106442592393,-0.139053384944783,-0.0267410681970039,-0.00927891717192302,-0.0514341399031538
0.169205052361101,-0.195635209926452,-0.140183326197651,-0.106909667144865,-0.0526511010214064,-0.0682953944575797,-0.139370858606822,-0.10193275632367,0.0120834184275538,0.000840433712541798,0.103912333677782,0.243132150981949,-0.0378134637990309,0.0324035984926873,-0.0133566083346791,-0.262617570638631,-0.149257733872913,0.235628044532895,-0.0256663467626175,-0.0459013680124599,0.0759992858170005,0.0637872067272064,0.03934994727268,-0.22452215773406,0.274716809885468,-0.0933114811716342,0.0893740967294018,0.164689139024001,0.13743733542884,5.99576574139282e-05,0.172814029770394,0.355976261608224,0.117744817961206,0.0804564462535245,0.0551520088415136,-0.157353014998928,0.171377640049727,-0.00459014872904459,0.490723184196895,-0.102502190822257,-0.164355239289664,-0.165443885628191,-0.0771606367774551,-0.167519086709719,-0.117802742740149,-0.117757851695413,-0.120254450053044,0.14847423530248,0.157092980666896,-0.130889656224884,0.255164071467221,0.00964107358446493,-0.14370323594788,-0.238779980082611,-0.151012546185492,-0.208076606437858,-0.176646271387978,-0.160238901189423,-0.410139318108126,-0.221438269770271,-0.135853226528017,0.151266265571294,-0.139969287598023,-0.0828154572676742,0.0927374081660646,0.26497317716349,0.171103870185562,0.0960831696030661,0.0461058777818831,0.337163297545942,-0.209013769262323,0.115393718464011,0.246859815999597,-0.049493276114781,-0.0409432212244185,-0.00445761365186886,0.188208486356506,0.328338953221607,-0.108953117192888,0.0500951487937271,0.368070431443883,0.428705700931324,0.376829281556161,0.197080293788857,-0.0522405015457265,-0.116606849063514,-0.337848348233134,-0.292653078111019,-0.00706997718086423,0.0195689135485544,-0.00399963276721688,-0.162870567186192,-0.126154641801071,0.010353753181061,-0.0607991534183163,-0.114077454685323
0.101112018015606,-0.000558714205729449,-0.0966536265038694,0.151730002941255,0.0327104661137897,0.088130283902466,-0.0092382595567419,-0.000664620603395775,-0.0624214504248266,0.0166237338387694,0.0210671926902807,-0.0509963092508777,0.340662496326097,0.154643362803333,-0.0135155926281305,-0.0710388924301043,-0.17710401336404,-0.0149328039854179,-0.0520896378284062,-0.0122020135292915,0.190686073413697,0.069689926839636,0.190239959141661,-0.0375192058871309,0.0703246645854231,-0.0351387174089075,0.0421833327507557,0.167328833567498,0.0426240460176695,-0.0137098151029669,-0.0539573112039834,-0.00798931363781857,0.107763046409747,0.270800925586634,0.119131978197879,-0.1687455558238,-0.0123125070337593,0.0841414668514213,0.18407026635616,0.036056375756151,-0.207849827964475,-0.12779810751966,-0.0374246051151224,-0.254929886375908,-0.132116069542084,-0.12860772864718,-0.00179630938477472,0.159911869264911,0.116035054375056,-0.101368395093807,-0.0543307252452967,-0.0932753284590064,0.0410331405055087,-0.0863120110908283,-0.300658148912553,-0.0688826613133074,0.0849641725332655,-0.075795483001572,-0.0466285715315553,-0.193951691184263,-0.144774944533221,0.029259949586661,0.100972659702622,-0.00190745842402537,0.257105596342545,-0.0379721565064404,0.0338996708455479,0.143233177999587,0.073968088517499,0.0634710514162315,0.0048888800107268,-0.137023592414017,0.177182860985447,0.0567158250187095,-0.00172325799723275,0.102937249317187,-0.0208343202323037,0.0608704988780672,0.127248165396099,-0.115171105270072,0.298333549019404,0.237063562686571,0.108323672561996,0.202042977013153,0.0564461002411794,-0.224721483170664,0.0417827812646867,-0.244121457782262,0.074695530416051,-0.0972467084778248,0.139942967893912,0.0481997728557552,0.0315093320342184,0.0672655354961264,0.0326984176733989,-0.13294772344033
-0.138495635233637,0.017770124029765,0.126071700166119,-0.172963265849323,-0.0607815222560336,0.000152018833493317,0.0840604971663873,0.157825416402749,-0.149169536850926,0.153348535540294,0.0289088156259537,0.0741751903236783,0.0534209495987928,-0.0299573315617952,0.0930349018665025,0.154330453374997,0.257242412589312,0.0684272965497549,-0.0992330059735197,0.096494423817052,-0.293247700258639,0.0199308668605374,-0.025193455064147,-0.0283643926189708,0.00293394609658814,0.0322328085084029,-0.0893372443661294,-0.106936167150601,-0.0982949415286415,-0.116235241593209,-0.250608582649961,-0.0227352562644691,-0.0866235745462397,-0.0894294002208938,0.0916903374828406,0.123343075632588,-0.0184445364712472,0.0911515321725559,-0.213449378846778,-0.0212174038728893,0.177824069267774,-0.0798222892789173,-0.0307169571229041,-0.114280330396103,0.115929709468745,-0.0708170148005189,-0.155334702261561,-0.0736236919863898,-0.112368821518738,0.00117602744979844,0.124205611544819,-0.0463214462233961,-0.0139524854600632,0.307998664650472,0.0881914555329891,0.00163362203223452,0.01072207751423,0.0326528604032295,-0.0370172613430668,0.032114741837566,0.0396798555872897,0.105052421505034,0.0525185231936044,-0.0312493167146761,-0.116951234992191,-0.0927741579621373,0.183642487717812,-0.0149845314202353,0.0133143262617572,-0.101628523881368,-0.123382990056702,-0.0403697268845623,-0.153346532547775,-0.294461123802775,-0.169714938705466,0.0212751074367042,1.8366952820939e-05,-0.288910775510463,-0.14880647027309,0.0578479963888157,-0.235535394283902,-0.0740827255196329,-0.151801432809992,0.0495030129690551,0.296798972016633,-0.0525294583661123,0.259751170255551,0.166168323201676,0.233939168079705,-0.06264758995328,0.057194889192619,0.137416012918856,-0.062506066342594,-0.109538119077524,0.0354592741730049,0.0158721090174845
-0.181959181726264,0.0811197831981603,0.0100873231504695,0.0388974432662595,0.137255352838237,-0.0123553434960371,0.166774486869467,0.277562576540118,-0.175199098073161,-0.036113915904204,-0.0290509781463446,-0.25820204419882,-0.112162098769784,-0.111046626047146,-0.0429446240307713,-0.0156162198347506,0.326177245357667,-0.228062549774196,-0.0787346586706903,0.219638932587857,-0.173726210870497,0.0837332400960963,0.0487071193507565,0.154140434964182,-0.237573146723716,0.101123527685316,0.0377883075636927,-0.121294256529563,-0.318134162368041,-0.263009795020205,-0.165957404319984,-0.477465651438374,-0.171883188048507,-0.27646447390608,-0.12883603227359,0.310609357263981,-0.0867163410231231,-0.242088243011383,-0.350722125536658,0.00346063551510764,0.114349081680807,0.202960803419963,0.0352971108092899,0.170220074521214,0.311726500596614,0.0898420307239617,0.0801833100429167,-0.0738420567716778,-0.164016497567989,0.00345258572322383,-0.038755395219294,0.0580385584661209,0.419713599052316,0.138052739280567,0.363768524968083,0.228651617995166,0.282913994684917,-0.0202252898030225,0.0792619257081538,0.415077442521591,0.173204940785042,-0.180961137585072,0.173970065321245,0.225177899520776,-0.160133949681312,-0.412232964592,-0.135380459524849,-0.179487284136167,-0.204865061741831,-0.193837130759113,-0.0484512482858247,-0.329449415017651,-0.360029931920044,-0.0520283801265258,-0.0389931760914215,-0.327903505893851,-0.0663789488965011,-0.386970841759111,-0.106157425963514,-0.221147436798762,-0.627702355889805,-0.477181429500156,-0.604966647646388,-0.301844619684453,0.096118298055867,0.311143770174367,0.129873669833481,0.243487302901576,0.0691651183049585,0.29745426182817,0.114065484152652,0.259271317518955,0.0430490579663564,0.0182683789222044,0.186780839668738,0.321871881932192
-0.0774710354902931,-0.103318276260524,0.206131834645288,0.157816005626882,-0.012708374490496,-0.0377716691357202,0.0701081516259999,-0.0488136483798995,-0.152336489408168,-0.0544936004603372,0.0505774932027964,0.0697657307507261,-0.167569584872553,-0.0893844382344141,-0.0011548972839366,0.0982257115534958,0.0419472962161036,0.0441992301423551,-0.155292891107313,-0.0613340656418936,0.175107164699682,-0.0671512636138351,-0.0495367697837747,-0.0348876817987425,-0.104132211382895,0.202481971532237,0.0153282607068226,0.116637732817602,-0.0319351408776597,0.204963646190932,0.132788702893106,-0.139808887617719,0.0295072135883629,0.141128856788023,0.0346156456326326,0.0908982531369867,-0.284701244092663,-0.0908101505633983,-0.0959473104342715,0.0762048855531046,-0.139939680979406,0.0210542479723067,0.0937720273253376,-0.008144108697494,0.0499131947578757,0.0707634836683763,-0.0131667416525841,0.101077755511406,-0.125377125661589,0.12786690799877,0.122715193498817,0.0316269583907748,0.302201954132437,0.126449378372691,-0.0470837632446844,0.0516609403963582,0.120288703092003,0.0123509581586723,-0.0976837924678154,0.116191751337847,0.0281820871877667,0.140261960574874,-0.00846851909891536,0.205978576441747,-0.0383216079476643,0.0646630003184802,-0.204481943627186,-0.0630763793639482,-0.164324045107386,0.0553026788479421,-0.0393054117716153,0.0604188722990865,-0.133991867514344,-0.0666519810915441,0.0999380884188246,-0.0505160425552883,-0.00222310377534717,0.0500245596950734,0.0218065189672762,0.00737160176558944,-0.0755341001921987,-0.108624990783102,-0.0451363429261425,-0.146012779906297,0.190963041637206,0.0381166658644686,-0.0336631209307,0.0430072531166716,0.035593573438498,0.0574979899768862,0.0859380152277947,-0.0420975701643478,-0.0148348814605581,-0.021562186233508,-0.0169531564864508,0.083815299058823
0.171181781886402,-0.00966941025900472,-0.0887746833367147,-0.0893923183912887,0.114952520997798,0.0139620278437309,-0.000274283517814222,-0.383849871671612,0.1324791208637,-0.12488581275099,0.207030594158646,0.229718995376731,0.223885761569603,0.169756522871226,-0.0105038280537645,-0.0839393997791566,-0.179425076053312,0.149426358872233,-0.125139082020935,0.257912589217544,0.053344046927777,-0.00706919062611186,-0.265287050364869,0.0660376041413689,0.0416258238994595,-0.244181417837174,-0.0459163583977908,0.458258566155212,0.26411888428057,0.122078695751024,0.26000567055103,0.286616194897068,0.293495712835784,0.287281368187539,0.0369777486905679,-0.246934217633081,0.121818985486793,0.380930340307516,0.1521360690492,-0.0767306033353525,-0.146000582767045,-0.022064666329343,-0.039163966805919,-0.344481522743359,-0.326276456720614,-0.116545361601922,-0.175503129064731,0.0811781767756633,0.193187474229557,-0.130192438127353,0.137128800809829,-0.164621855830999,-0.465088720505223,-0.417599210370593,-0.202352823202234,-0.205697120693636,-0.122145541276249,-0.209742623235706,-0.12322878258153,-0.289039104656215,-0.187883295265622,0.127930367067938,0.0536401160716038,0.0939143204119835,-0.00268899272682376,0.187642669847646,0.175679515265547,0.187130385458678,0.20172753650367,0.238152095715124,0.160545630468738,0.149416964767282,0.175805635454815,-0.00855336050168642,-0.0116776733448564,0.231638365811492,0.194787440074848,0.257298864364599,0.157097612207956,0.0989179318707293,0.604277355102419,0.415472032519772,0.617765631912332,0.262268298759445,-0.197496490413852,-0.214834006039607,-0.320242204374128,-0.197380934840372,0.0197055687896909,0.0906367626471554,0.0436511736924846,-0.281363629745119,-0.109793909992342,0.0607330825229005,0.0164105833301053,-0.133038090377996
-0.171782019042734,-0.108085844077249,0.165394001298622,0.230427993108664,-0.0985653072746064,0.0671926455670836,0.345144588582875,0.255726706592442,-0.110341380156623,-0.166797629694265,-0.389838669580538,-0.321806893575925,-0.481353824527916,-0.488541097122302,0.108000192672619,0.0904999538885478,0.430190015767806,-0.235369486030481,-0.265463087075149,-0.0973323963742127,-0.304293941413901,-0.0449644117243082,0.136598621010251,0.123233411661686,-0.291089776154578,0.231681644113522,-0.298799231338996,-0.499259040330955,-0.678077201291409,-0.343513319017675,-0.389893582792092,-0.675099457398696,-0.343102264568052,-0.425415011839941,-0.248786313677992,0.590011750955892,-0.141233219475826,-0.386566018358656,-0.716342062942003,-0.156720050163968,0.363467889553582,0.57108950181717,0.30959837136939,0.496555807992623,0.315748591314458,0.336513337282143,0.248675350014353,-0.169033775389965,-0.530270279683073,0.0280218635913535,0.0567707012817888,0.233187543270413,0.609663718411156,0.674959620842566,0.564627927633255,0.422430824478028,0.227299665399494,0.0595522794755874,0.328601055773731,0.783160461652165,0.5616228540555,-0.283643096948784,0.131663850330327,0.0397328609722636,-0.322001421441663,-0.463898477821984,-0.204591913581059,-0.16705273621149,-0.260555664239864,-0.491889168955766,-0.213870283898794,-0.514174424000179,-0.719283058840342,-0.0241692521905182,-0.0699419695171626,-0.299038152906978,-0.351602082906923,-0.552755708446104,-0.160416024459496,-0.367503016343596,-0.884769503870424,-0.956971263310233,-0.781195944608466,-0.311157393464779,0.33281854150018,0.408410981905678,0.774050969502231,0.409075345379011,0.0312944565074282,0.183853288347076,0.208232892006273,0.477321173188212,0.459284627427948,-0.27589331758039,0.304954753779434,0.383791743907338
0.247046739276077,-0.0752898949420213,0.182101515263714,-0.0315401312111769,0.0474008107789384,0.191521066159818,0.160651199632102,0.259865962452182,-0.0981343920613468,0.0256345852743827,-0.064629050457941,0.0892252493817523,-0.133341922979778,-0.0111627814021057,-0.0347495900073756,-0.00444182014791585,0.130244835545746,-0.229192939389189,0.131205615815384,-0.0137271699063959,0.0628530555359618,0.19695150335336,0.0228871679163677,-0.0140351462458685,-0.159286763542486,0.0824141016917788,-0.0607253953988638,-0.0424878834176999,-0.259066273793363,-0.244831203910702,-0.119541960261356,-0.143716377735324,0.0497233783569731,-0.193365811565067,-0.0216512199654338,0.250450725791736,0.193709382961227,-0.0131746951615115,-0.0699469342397408,-0.171652226962491,0.291037952002027,0.0623237381174901,0.0701318574938707,-0.0665931228396249,0.157416792893735,0.0917575675278491,0.0460860294011006,-0.114187628411219,-0.0669781647767951,-0.0831916377720344,0.144992089106998,-0.149059125695052,0.235166389069937,0.129871869776832,0.127917888216647,0.12991380196329,0.129600808188249,-0.129303958682836,0.254725373353913,0.245847955693318,0.0836794416245719,0.0696359552504878,0.113104319638656,-0.0331163850031064,-0.0748055042657779,-0.0925309215091506,-0.0442076158075424,-0.109582519852186,-0.0215467321867124,-0.173232560181569,-0.214000178684434,-0.169463269295482,-0.130269845602432,-0.134435598749734,-0.023980317522686,-0.284362431769496,-0.183541971840557,-0.129662337311297,-0.177888515672536,-0.0765274338539804,-0.2734370315093,-0.254820755880464,-0.0936289957717416,-0.00561486617439007,-0.00398310737902724,-0.0209004642741588,0.179686943672401,0.106985149470938,-0.0340888182453792,-0.00272741458176871,0.0912645302001187,0.0963057291265542,0.154642968251271,0.0810886737344396,0.127925539736524,0.0865163010447466
0.0698179953071462,0.212120751607588,-0.140488323347705,0.197653872228308,0.0669879816609641,-0.0123446498228821,0.0880414774040245,0.252424731258246,-0.11410856301877,-0.0433098154259695,-0.325770223270391,-0.168481166295054,-0.0160082359990145,-0.0395234165318738,0.16572348261382,0.0518680872926173,0.319749050296365,-0.110896702243818,-0.267819327239278,0.054275988562705,0.00453356917052297,0.110433496379073,0.239914573752285,-0.0974397730037507,-0.0595684016499641,0.0404934314184223,-0.102496305367209,-0.295964658963545,-0.464331409163106,-0.117252399161096,-0.406583270903685,-0.28821579480878,-0.265592254523397,-0.385974443008619,-0.0332023457292173,0.431780705104234,-0.034273182194155,-0.0461150183175404,-0.434834858875824,-0.0402611937239473,-0.0967995976916193,0.41222200208361,-0.1579348833479,0.240016046963344,0.290307292474408,0.307947453978666,0.174406577645477,-0.261378616528984,-0.0837776047239946,-0.0131354905818073,-0.0111170492694643,0.146616332413564,0.240105205623832,0.355435520193599,0.344485316872515,0.158869141174035,0.175141668055148,-0.0793757184382915,0.168031357510179,0.293601430488648,0.212917751169525,-0.0178438054935803,-0.0546704102702634,0.0769972348066638,0.127634093186437,-0.220523230010867,-0.172685484224909,-0.159304420365337,-0.0407098016190147,-0.186672593706923,-0.0960776549921135,-0.332614469831258,-0.248658134810912,0.0530697535418789,-0.28924625811801,-0.239472256565412,-0.0567584870848029,-0.224683720435472,-0.000973647091333033,-0.276098549067416,-0.635612484105936,-0.702493384658064,-0.565136310076181,-0.378231014880744,-0.00544196515601064,0.37803425514391,0.308985550983601,0.30425722312039,0.204658038369482,0.269122731877607,0.0183192391635254,0.185466683383958,0.214989913723555,-0.105310986647526,0.0845014776184994,0.203301275948823
-0.151188039830093,0.35371270205149,-0.128760905850077,0.187463092945343,0.0139710523299888,-0.117049183545476,0.132623016154423,0.274274060863489,0.0102199201144001,-0.0905811684390038,-0.299634256854564,-0.289843277574155,-0.144287304867526,-0.238120657263836,-0.0655633394812986,-0.0169570130933915,0.203216060900805,-0.183698429471776,-0.281993763491004,0.0895163724103466,-0.22719498914735,0.105597531382908,-0.0325037969841564,0.189356781463007,-0.272233667740641,0.165174242043093,-0.134911856312573,-0.335168584337977,-0.485277452452033,-0.169187811244198,-0.303197739899867,-0.353146664156692,-0.32892782224816,-0.250694295411765,-0.224884305532637,0.44069200020334,-0.0142954226529624,-0.273976621919474,-0.447419634517506,-0.226709586622043,0.329367237657567,0.212362933523004,0.0887230968366768,0.360538761722458,0.151245362929375,0.289168617686054,0.120833812278064,-0.354667256882081,-0.143009129453403,0.172011777302654,-0.0748232037579609,0.323551355829954,0.40888732648948,0.459775323454619,0.484259766362632,0.382617268227859,0.418315491910935,0.0989706674181814,0.174869841679311,0.506293211307555,0.315033620724952,-0.0635566879398559,0.131700336984755,0.162408935817977,-0.0680733809127879,-0.262657433023302,0.0019379086596229,-0.118191641954372,-0.109946317225483,-0.296085148409112,-0.114268316791371,-0.446885873331914,-0.462798782464602,0.10730048746136,0.0110054067565151,-0.234209679058913,-0.263924471544635,-0.421207066804641,0.00298717831511736,-0.319376879626204,-0.830998595559103,-0.644187536172815,-0.488948498228408,-0.32000901821599,0.191700088532487,0.443500279420648,0.337791963247202,0.477463518122244,0.131576539038999,-0.103382102755668,0.215097447062146,0.237230928741619,0.248162980490177,-0.0807165794708578,0.394089206476798,0.217466822268659
0.185034303739155,-0.305888398371609,0.0821627609982896,-0.422534501726918,-0.0906252781542131,-0.140403961556267,-0.383837418182524,-0.260701843014036,0.291682752241162,0.156684254497444,0.43645275228196,0.346651616392167,0.467997075947425,0.277744567472187,0.0018980906048118,-0.111322582420794,-0.533691374918972,0.358837140123664,0.202809012467849,-0.0296158382446494,0.376803315065452,-0.102984569694247,-0.33660613575182,-0.142087880269691,0.298074544897151,-0.399005062665345,0.449163044851558,0.669135752051265,0.769622430381851,0.393592374645554,0.454515083003837,0.820664373576627,0.464694331474131,0.483281689335768,0.179271238450943,-0.725474886671655,0.272891410699059,0.584479808438042,0.681532253364905,0.217295119876604,-0.528612396145063,-0.506458923693057,-0.335958438833897,-0.353036948474822,-0.563231901944102,-0.490405740561711,-0.307772995954589,0.351113945430986,0.390937116851856,-0.0885975241781513,-0.0868150057407242,-0.277934576318752,-0.789111493564544,-0.889877960789866,-0.813366935105209,-0.397450568196742,-0.438498536459076,-0.16093558006302,-0.316870479247364,-0.973526558391897,-0.46206472777355,0.290558036572244,-0.000790851924993827,-0.217414933632381,0.307145597097419,0.614775205025763,0.37218692884204,0.203298539458633,0.28763976253469,0.632942845280283,0.472892938978087,0.598943732690252,0.462223018850732,0.14822624728228,0.227200822736368,0.376776998574337,0.341438062546882,0.773547527053016,0.075419857103744,0.459010252681982,1.09466772848823,1.04257438449915,1.04635371126965,0.512319080658087,-0.324972834069605,-0.403951495317439,-0.603385945493202,-0.678309321052979,-0.314110835647151,-0.270790949152593,-0.219996640710539,-0.623803380810747,-0.653613684276698,0.550184775351307,-0.333086000433726,-0.71392500564935
-0.320627671256369,0.00313270190740214,0.129264808366623,0.254120700622914,-0.0291864565958491,0.174226652058056,0.416444993873329,0.331380950608119,-0.187349200160441,0.0941290472364699,-0.361172539125919,-0.374066962441733,-0.470714485062618,-0.328017361969274,-0.148493253129873,0.16510107568897,0.729614135637482,-0.36013125560946,-0.129425354810684,-0.124475073621323,-0.186926009738519,0.094197065311157,0.152642528667577,0.0945202479834349,-0.311114298533646,0.0713165118675879,-0.222260290596948,-0.433612719434107,-0.577684809903898,-0.363725653668019,-0.416528125172196,-0.54008440828449,-0.307617365733754,-0.404963581718062,-0.190954609345442,0.425868073853679,-0.121129150505591,-0.314675961300107,-0.74496997813169,-0.240130768459357,0.335245159295264,0.560247728866195,0.319078676146705,0.307323492436241,0.46539578380005,0.201270678976019,0.326399625256903,-0.0715586986426298,-0.245720722982363,0.00688342695574157,-0.162822753106879,0.26772410896526,0.682070854016778,0.758366776989548,0.565697682734469,0.589966789066514,0.342963196475991,0.350269228241114,0.367332654878663,0.492782145134085,0.404500825897822,-0.349876616372085,0.0633895054296247,0.0647235195755229,-0.0615905169200421,-0.228282344384962,-0.133566774823778,-0.498607337345334,-0.276471613284578,-0.383457118776049,-0.267005423710263,-0.399139443959673,-0.516447360104943,-0.107485464993017,0.01210682775934,-0.525487275767744,-0.100634615343158,-0.50954595835074,-0.226165283813973,-0.333236595812382,-0.933494927618725,-0.738518952962162,-1.01194141038592,-0.457631655287704,0.195771264533278,0.377826441276121,0.739995041707861,0.666634935566445,0.225560754601094,0.246998426873647,0.245778321528097,0.315785244186104,0.403919601383359,-0.267702088618473,0.386121324701789,0.511225038942137
0.513125992942063,-0.360415109789492,-0.213032107603446,-0.346118327163573,0.0608265110424485,-0.166468182130256,-0.365686173197352,-0.486416729105769,0.114444166144669,0.0649351369670619,0.492872461463292,0.454143354197149,0.587679416505049,0.609573720500697,-0.0436802075120648,-0.131812418447907,-0.781179775154584,0.438764536607,0.443997772188965,-0.0152311561295131,0.313607008833738,0.0794080048586199,-0.0829725678135629,-0.187187194433383,0.382174841123247,-0.436262697728367,0.355106192451189,0.778470094202731,0.745340311868284,0.467001312378758,0.642487691435984,0.756397691977674,0.645837551067504,0.87908182607687,0.353795089893599,-0.789451848755281,0.151843494862606,0.515998035971607,0.977129042549423,0.211837507146647,-0.555935212030775,-0.54533596076655,-0.316175447712945,-0.496032326610399,-0.639060711517133,-0.383321439814721,-0.445180421567953,0.255061488903528,0.374964769103207,-0.184764367214005,0.127303651326114,-0.376086607603962,-0.743240823351709,-0.991129176226484,-0.941476050968112,-0.585297375150796,-0.658278599954264,-0.0477398452984485,-0.39856280146633,-0.897032733608467,-0.623879873640359,0.138709823701464,0.0604513686986141,-0.337427610528679,0.276995739856897,0.36058520193245,0.595652010994072,0.14380413816724,0.471989998737341,0.66175653189073,0.45076451087838,0.84179540890993,0.633097681489043,0.101339980002669,0.0640513833392588,0.436941774993551,0.425486310718084,0.827803792087248,0.14306212791113,0.668186496184146,1.42129994693622,1.44118415674758,1.00010539779482,0.536365719396629,-0.297004903885997,-0.472604116303316,-0.778906838034534,-0.810417963694887,-0.394158235467801,-0.116099638266827,-0.338449754762762,-0.575829292198779,-0.489993719845848,0.295111003109976,-0.289100914098678,-0.679388867214927
0.107078571652277,-0.0716295193065409,0.0741663587779121,-0.136463980117757,-0.0156370042776084,-0.0213585714231794,-0.2715140293466,-0.286708383076554,0.345683897910712,0.0474483746415829,0.168771456428017,0.37458614790977,0.400061337902318,0.301480577687715,-0.01916494789158,-0.000540655379094264,-0.55908077604932,0.178804238386985,0.16864001088171,0.0511803134070901,0.354979657798375,-0.102477101432211,-0.234610178885313,-0.278774718170185,0.310009752564701,-0.423739716467426,0.291235634632506,0.388888557550918,0.597271197533966,0.159947804770422,0.207809046766746,0.506021522051742,0.226320722109196,0.509647492852213,0.0409199138698929,-0.553994798075521,0.063319113918664,0.459551952389662,0.681508653747252,0.256196792753862,-0.483450163888241,-0.287984780032514,-0.0506952026184276,-0.227912475432666,-0.445947439811387,-0.357858079816423,-0.301285420768461,0.311689295558036,0.0889303530947185,-0.103545582240675,0.128149514612636,-0.33951433236442,-0.800460327608619,-0.718389953142422,-0.441530945814109,-0.56240062087422,-0.387818412298029,-0.0995823320433985,-0.398817308222591,-0.426404811892918,-0.334256147462017,0.159631325941649,-0.218262928589908,-0.36618444573447,0.230893192062022,0.505883342674394,0.227426186891613,0.119282353182346,0.181120981311529,0.383700476597075,0.390361703813068,0.490088702601645,0.210244804407618,-0.0436682022325793,0.133499270275809,0.495706605591314,0.143821246729615,0.563110650355948,0.0456401771381592,0.356122292023039,1.10677563464213,0.919741173154649,0.682522968579299,0.475904130313136,-0.268814533520751,-0.539084352493774,-0.79319587906553,-0.569775464950178,-0.185491432152358,-0.208320171473727,-0.0386286159072947,-0.442491916078019,-0.176427564255902,0.136833454443987,-0.251594397673899,-0.472933617095619
-0.323511035771327,0.151359227707768,0.0626131317697652,0.290931780282765,-0.121690293124042,0.0715579099246458,0.287282185839235,0.463796242140136,-0.227819627660078,-0.014633047758149,-0.575776690155874,-0.300154249240031,-0.608199423312054,-0.518884812279217,-0.0808537644793455,0.00321602438950482,0.615206545668049,-0.29259537149476,-0.257130130322347,-0.173471252519645,-0.484925212682303,0.00270833167809507,0.147430398898054,0.244081144335287,-0.42388061949046,0.373404680235454,-0.288873595758527,-0.75461093872966,-0.644758355957417,-0.488440939437776,-0.601169345772105,-0.850500473770236,-0.433368477832892,-0.584681540588705,-0.043649214617771,0.682564981020493,-0.191913056000948,-0.373648244454431,-0.828152273330402,-0.273312114049062,0.495106056582044,0.536890674470092,0.22108080827728,0.34673656353857,0.475842376509865,0.479915934433581,0.440668467234301,-0.228842826845533,-0.233379688160716,-0.110555246437565,0.0300288411406019,0.43921208618412,0.616191450869218,0.935338356797805,0.693680357928871,0.382022041130848,0.628629635009604,0.166121708945584,0.496986312140742,0.837225751249759,0.53500396393366,-0.139190386593874,-0.0239832556133266,0.192276781961354,-0.321248796890594,-0.449254423798889,-0.517442502574675,-0.174218801874245,-0.399520415828237,-0.437569985297285,-0.410661157057151,-0.595786398587275,-0.711219375542206,0.00132389664937452,0.0427666773112467,-0.542499965588158,-0.301274149509654,-0.957414365186149,-0.15790100677498,-0.718064912011692,-1.18547033519732,-1.16872305161151,-0.895378493049702,-0.636775343966588,0.345719782198941,0.434358071457477,0.551846399766131,0.819650094470098,0.181499214224946,0.103248126977137,0.258259582648735,0.683745750427451,0.427742833925272,-0.184551050068372,0.214825278178122,0.688009237201192
-0.085807066599445,0.053401577546257,0.0504164352567369,0.193872822992705,0.318608095761129,0.0753473976550424,0.0023560198117463,-0.0485157652712478,-0.00916402828950721,-0.00369814028408877,-0.0249811795419859,-0.0871689932060248,-0.120051519734414,-0.0343359131692257,-0.013625557683653,-0.0534716987514618,-0.0310338374941291,-0.182093840034027,0.222170971605922,-0.0363960468964017,-0.03832428030249,0.129436146762184,-0.15654406530097,-0.0538257079269167,-0.00313824116791067,0.154221618514605,-0.129036287770063,-0.205418461555728,-0.171887836245497,-0.0279363013525917,-0.150719872299188,-0.400709341079259,-0.150892859413923,-0.146128223974814,-0.198939045518242,0.0722664980088291,-0.00560592511622035,0.157454501636419,-0.325360705692031,0.0490879800787893,-0.0700096087150062,0.12980135142392,0.0863715992751714,0.125124233715762,0.0940304124479757,0.0539528961495983,0.0233678272875573,-0.162104995663615,0.013931698780918,0.0761412640769472,-0.223596622757534,0.186714234685495,0.210859971713383,0.0773513440666154,0.1420837594657,0.208009693045001,0.0770382185208385,-0.0445637142408608,-0.00385769198266199,0.207929416999815,0.227704035650393,0.028153180878274,0.19486712739177,-0.104668894196976,-0.151410115773837,-0.215403924412514,-0.149025408229774,-0.0548479221573797,-0.144426545962022,-0.133495350879677,-0.00565552594986192,-0.13856924421239,-0.181093659820074,-0.144116005803398,0.0055252352607889,-0.0625791493802188,-0.198327088609628,0.0802112925510703,-0.0337911423658274,-0.166651217621207,-0.137157312009679,-0.00913732885026591,-0.0490638142230234,-0.0206630967498789,0.168198512313924,-0.0283476169568436,0.0509169430638384,0.144165053810804,0.153241727255764,0.160086518086499,-0.142860915008514,-0.00377046901019129,0.183729940187292,-0.0477688711160044,0.0809926104287375,0.0543865625639304
0.0324335335981793,-0.115398834528366,0.289130607118172,-0.258445618784104,-0.127126469077058,0.0617397764598906,-0.239013325475938,-0.210948654965322,0.228017962717614,-0.0725351779058412,0.390615066109324,0.313039931779866,0.239574790080655,0.246450082655063,0.215798516911116,0.102826207194499,-0.397391733450542,0.219115074025732,0.192522347592815,-0.25261436899829,0.0202535361393891,-0.0460985933964598,-0.147739306436468,-0.0859847008220317,0.206914766684323,-0.319344519154174,0.232418045241572,0.288747612250392,0.656046370634032,0.238151842947443,0.314237926866814,0.620981660006284,0.414380867235004,0.404707369757427,0.228756227857159,-0.525332219445175,-0.117804632494056,0.148106293962143,0.611128215920428,0.164217173046978,-0.277353440544052,-0.368141779495552,-0.0751052425122209,-0.377531579412616,-0.194069261775213,-0.304019812746158,-0.191867967393639,0.294313830462534,0.227440384856768,0.0569248813623399,-0.135421355847951,-0.366260649087274,-0.459221077220314,-0.66096923541357,-0.483240725472258,-0.352469197288405,-0.497891389569077,-0.0721279511886941,-0.322597174262648,-0.724051266106135,-0.114867587047127,0.135472799852458,-0.0125303190874072,-0.150449793567473,0.269663175803562,0.350191539015268,0.233910655242166,0.146056944364329,0.418796536456614,0.485172501758846,0.276605843062319,0.482387734944264,0.448836715843653,-0.0969313275766502,0.112794297152227,0.545460139261565,0.276441148723461,0.451674738524167,0.0601392004631289,0.531648896100146,0.874810618974686,0.747655504845013,0.777769910886561,0.458925939496882,-0.261356057608127,-0.197665144649671,-0.262980616522723,-0.556352566419881,-0.148055316439019,-0.158189786928212,-0.13799847076138,-0.323911802436791,-0.363951162022981,0.271667641916052,-0.0769810347632559,-0.547378685233233
-0.0993132767224077,0.254859702588059,0.0849322055691585,0.227634508530381,0.0538313569646543,0.0153377390342643,0.215969801820699,0.0182276021836107,-0.00539048707861968,-0.0753342611502523,-0.114506041264038,-0.231461448428133,-0.227185364642957,-0.279108854155095,-0.0699165816338678,0.0930135819193898,0.386788714117776,-0.135026615593099,-0.0259597420940355,-0.111588817908754,-0.13650017002702,-0.0769413333771952,0.0861265396369572,-0.0455963079908108,-0.299833581361648,0.0345812910166851,-0.0630341187783638,-0.465720790564033,-0.387944851387302,-0.0573044885529825,-0.173812882052528,-0.41908490730671,-0.342671288264887,-0.325235862264655,-0.149186125727821,0.293944170557721,0.202517980597617,-0.294986821429338,-0.657595160318943,0.00196360457868557,0.313694366668477,0.126398082045295,0.136520810883699,0.226308238608875,0.295348201349023,0.172436473218132,0.202985913154401,-0.180879582874544,-0.291204039260366,-0.217820697840723,-0.123334678794872,0.332694944588959,0.419659532916973,0.564607401860966,0.354616988885552,0.262400571849028,0.316135711651505,0.0887896131994375,0.15528840989426,0.493687695805964,0.31203258286403,-0.0759343558448116,0.111314121564774,0.135355207424912,-0.174625893966105,-0.34011516348115,-0.112126362493818,-0.00491492067229575,-0.246845359249838,-0.408451904345473,-0.211288550555153,-0.266926930748142,-0.391709423562698,0.180596580055325,-0.0144975230013285,-0.269315699609785,-0.287634890300419,-0.310095391906607,-0.00343870694419163,-0.221267474559564,-0.588568380515606,-0.58568741308929,-0.418867291657575,-0.387302041854763,0.114210685658968,0.32191043734757,0.359572026258209,0.472635946156897,0.207493730274198,0.00819592065697437,0.128898719905204,0.493637489384099,0.378589979537729,-0.09441790996345,0.246689868122025,0.318824184134046
0.382245622933418,-0.210196110995859,0.0716332075143571,-0.434785028575152,0.0487675011156615,-0.104987470148179,-0.359070534143741,-0.377999723272762,0.131315980551607,0.00172428888551807,0.428578080012644,0.405279247054608,0.674950183839147,0.610095658112198,0.212265600938152,0.00159587291575473,-0.609389577460864,0.326943839520627,0.366342458514294,-0.0788057151308158,0.0548318850939079,-0.0993266945899987,-0.161430059523975,-0.288673209012356,0.21814063934504,-0.251390812368775,0.49430499966813,0.497817445205235,0.94479303091062,0.289239010055879,0.464514958941754,0.907531333284989,0.404894565441498,0.49889389989988,0.130749533385401,-0.684895624391436,0.12926369563739,0.340536049753116,0.779166568847667,0.189241473544351,-0.497481107409594,-0.449492726957295,-0.328923863378357,-0.539610229852491,-0.316550816546548,-0.335531090867534,-0.311153989883646,0.228030265624879,0.253140788637372,-0.0302568325853159,0.0459952687022759,-0.271520026264309,-0.868252470544638,-0.755633476153151,-0.825086842754307,-0.299505296857591,-0.660391870249349,-0.24075523035713,-0.392849573511317,-0.775033853226335,-0.578189933383095,0.244230516866209,-0.094796374895799,-0.109989908268378,0.182957438062558,0.586777901789986,0.37705025592706,-0.0102761307429573,0.175411195106141,0.643482573250433,0.439363424985943,0.525168207542077,0.663274581614617,-0.0247515393117018,0.176287974634175,0.574121390104985,0.316125127670792,0.847077063740635,0.158627467749489,0.51495374827133,1.31903593391438,1.060850646082,1.16510989839849,0.70894230183659,-0.393800880850308,-0.345233210059016,-0.729962545926193,-0.766232925585614,-0.196764317456204,-0.0410821290331691,-0.290967560620889,-0.593545784407218,-0.521286738226655,0.284573113741912,-0.37557854024113,-0.656620167403165
-0.430691639222203,0.371281435145172,0.0156376667828936,0.616401649723242,0.0243730157521401,0.00744315254208045,0.593722440495645,0.793197802657235,-0.394673897210302,-0.117957392241864,-0.791581455203339,-0.703670897473029,-0.785212300207588,-0.738295458562477,-0.160074151996447,0.0301067128956884,0.86693188291422,-0.43759702866867,-0.207514304182543,0.0505698306810033,-0.529421828447072,0.140706555403188,0.146020831135353,0.369078984581535,-0.581537124402145,0.65889033916279,-0.636354480176783,-1.02050375934997,-1.21319954525201,-0.489190268626902,-0.641758178671872,-1.18579602657148,-0.950766576692619,-1.08297101335854,-0.42774375415186,1.01447721629351,-0.135451365146972,-0.741248889890253,-1.44958835277311,-0.401023076410242,0.513481943151073,0.752209171346569,0.223264343557069,0.528530659853687,0.693122231450259,0.708083406961597,0.662960596306396,-0.41699166885584,-0.378243405869831,0.1213609491395,0.012945462702401,0.744858127222072,1.07936994611335,1.46322209520887,1.17548752938793,0.832045519466559,0.646325361741447,0.308431650949262,0.777641556951718,1.45237763452024,0.853270172474264,-0.4943878938692,0.0515865034866651,0.371653242720633,-0.600793001345592,-0.735645631962039,-0.60652921311585,-0.279591258813455,-0.687501853961979,-1.05192774190291,-0.538173867631542,-1.02736919551999,-1.01120568937324,-0.0418136330686522,-0.342584424398617,-1.01840350876109,-0.388094341649688,-1.14144902193781,-0.0787045571076107,-0.875964011074608,-2.08709023512212,-1.61590167509183,-1.39796671688347,-0.850393877030363,0.425097760442886,0.551983448323907,1.14030901737856,0.954144605393235,0.447192442772463,0.249910183240064,0.36579318286963,0.689599926925716,0.723790994098842,-0.472905365616752,0.516922956653513,0.854678446882013
-0.0363579480791322,-0.130165304836139,0.0986818141419601,-0.051722233478758,0.0512592126526283,0.0207820149993237,-0.115693080118095,-0.172683580565053,0.101435622570691,0.150671309073053,0.205227284073884,0.240166997427375,0.0352750110383909,0.173588037772488,0.142417221472529,-0.166610874835577,-0.244411724835198,0.111914757646796,-0.0358503505561005,-0.0564232773127665,0.0414216636174987,-0.0252559217116918,-0.0972155678607899,-0.0227418138189019,0.187140942145471,-0.00408097494293054,0.0929859249730501,0.249812945883255,0.354274435966898,0.13876758299354,0.364568558029779,0.204094428720743,0.224648827395479,0.208656141368502,0.142118286661846,-0.157431473413646,0.140774407541855,-0.0363783403619664,0.283717048536469,0.20156804210603,-0.186426794645182,-0.105027655443445,-0.200626863773121,-0.0587505943279315,-0.417300233736618,-0.311569409247384,-0.120534216819814,0.0167114165574647,0.180175252718586,0.0880739359833123,-0.0675891455383148,-0.319686368056581,-0.291772089940968,-0.392300699782642,-0.0354992890326393,-0.258471852486698,-0.332110288239606,-0.260747098937859,-0.293261335863076,-0.228120681447744,-0.235369618317909,0.0933597741856479,-0.00541293290595236,-0.0917390940375532,-0.127111953677164,0.129147996738658,0.188931350028044,0.256518501600913,0.170842237281541,0.231891711948407,0.180510481534004,0.121639894001082,-0.023202024815476,-0.0975366704771429,0.0923134502949505,-0.0521419460134242,0.0653932393185707,0.480906534989413,-0.0375802363373126,0.318382404248994,0.397079880991324,0.412666340560365,0.533896825407038,0.155070901723481,-0.0507311500149783,-0.14370162599222,-0.189137287969092,-0.223396405176116,-0.0714078008470915,0.105650619823545,-0.265739664142587,0.0181677660257571,-0.195936679229829,0.0388001752557668,-0.0231171737355185,-0.184015711644738
0.328547197619139,-0.100494032525783,-0.097691342777764,-0.44242386680548,0.145337570521441,0.0807856822142626,-0.318891282142252,-0.231812751572096,0.254067116273149,0.148096001143949,0.304735384331682,0.332119474718186,0.338215981062081,0.391288682822698,0.122540307146023,-0.0611479214217115,-0.606789254966891,0.0230627469208712,0.123499113310886,0.0118982742276963,0.274372758598314,-0.0316891960345891,-0.0892773945617435,0.00356339864530797,0.401620059810445,-0.214935059354917,0.350778577446524,0.352167644274453,0.432588882938356,0.193200447728676,0.123869037249588,0.42606457478352,0.49846034867475,0.593472804651039,0.0779011930489985,-0.593605856789347,0.0908652033911754,0.239605650951014,0.719041087044561,0.262039445419548,-0.312479714732044,-0.396945636322391,-0.053950544487339,-0.153564562175825,-0.230235745988199,-0.386861628223756,-0.137543539945753,0.362693146690547,0.176615844708864,-0.0434173973633411,0.0111360731629981,-0.346688944668172,-0.535057914957849,-0.635633996275838,-0.736608161850238,-0.299965866712793,-0.194932900867064,0.0828337750163785,-0.291470455052312,-0.55553889182424,-0.302753075191946,0.171668479413737,-0.167997090762914,-0.0730076341338424,0.161244642303887,0.427822013106202,0.210792454423589,0.182760752665709,0.0476361132613725,0.510115007800618,0.0857237264478976,0.358348833364476,0.365442746473702,-0.0324229253089388,0.242468019151962,0.435075134781978,0.254128765441714,0.441071736255774,0.039100624056111,0.390606928053394,0.964488095681368,0.818204100907718,0.723858933650756,0.336682817764885,-0.272146741203296,-0.236148239218989,-0.357128498058557,-0.638041195325644,-0.193136952797392,-0.158584280509592,-0.430694997765948,-0.302143020563929,-0.254620083453577,0.126676128342554,-0.122804734575611,-0.433977974007345
-0.05935518091368,0.0341375465264134,-0.0725866422270977,-0.0853141550903046,-0.00469559388568818,0.0290402481273269,0.00601327474948066,0.0485447463386362,-0.0648700292707358,-0.167264638532815,-0.0298640813842816,0.0819132104571577,0.158576919844643,-0.000675344285612986,-0.075124846523966,-0.0213469433360171,-0.0859771452232868,0.00265923354901553,0.0389136063921343,0.0738309104288992,0.129642216809301,-0.024304906548772,0.0876596138547737,0.0812997081243276,-0.0657222719866342,0.0294705062671695,-0.0505737202115026,0.0476337199143243,0.125610752121399,0.221173692028578,0.106801253361358,-0.00668636941638448,0.049515372378976,0.216346201246133,0.212265045221268,-0.200124710554522,0.129096074923072,0.103248881697854,0.0323601552409616,-0.107651409926595,-0.154872462523619,-0.17237018819256,-0.063865550848251,0.157926762245233,-0.157866572545825,-0.184593620663432,-0.0443863734735608,-0.0210266884695092,0.0426515902874249,0.0636606816802495,-0.226051586841432,-0.0855189914612365,-0.0239589970448717,-0.0339954776212697,-0.0868190154647347,-0.19511181804982,0.0873953871750302,-0.0265272480861463,0.092481592481163,0.0817948016252159,0.000855278202469195,0.0139768067318991,-0.132913997058742,0.0088587160497708,-0.092148872708275,0.120303292543774,0.300121804165479,0.0472964359543792,0.0136778078844339,0.0316045246669939,-0.00789491142451482,0.144387828634434,-0.0256628904950998,0.00743610710976462,-0.00618563038508148,0.082188424860421,-0.026089659195423,0.0970092426204822,-0.0849991016998645,0.0695252697507981,0.151911982460945,0.252913342052845,-0.00588097918869233,-0.0421644032977962,-0.0853280936477427,-0.161903154496672,-0.201821897583645,-0.102166233676734,-0.0589087801590753,-0.0403535380440661,-0.0374380810749818,-0.109709616153026,-0.061715760873182,-0.0347470148027547,0.0128240944390133,-0.0593228859088015
-0.0801136201873623,0.0954240059635109,-0.0123309236404176,-0.00542931062325068,0.048885537101165,0.0341156297684309,-0.0223135582505245,0.0331353538130965,0.0247607583859695,-0.163615297470297,0.00807714306850391,-0.234115741876389,-0.097855768387384,-0.0042143659219135,-0.0256399061795661,0.00461834917977378,0.0297739132830903,-0.209364044680753,-0.0547278367090217,0.0773259714961399,0.00178458708758621,0.029328056106828,-0.0205663561236896,0.125676576773994,-0.0341451328118145,0.131076152466416,0.128841536225296,-0.172773452250041,-0.127301480647032,-0.0660489854265336,-0.179224353883446,0.0380565269647713,-0.0816502327318134,-0.0629948345837526,-0.110125476096827,0.167743299319226,-0.150849503648074,-0.121048933707516,-0.174071759871247,-0.154130729691551,0.120183127996879,-0.0216121313648322,0.179835456695825,-0.133836251024877,0.0543655936092856,-0.0095925797119204,-0.00333745169316631,0.060929800842179,-0.117979741894189,-0.0331010121405136,0.00839321575866188,-0.00269100227556284,0.278954533194543,0.0115985635451695,0.0560651677724442,0.17710650843553,-0.0590870232819701,0.194419311825944,-0.0616377615661751,0.0521721845660952,0.152708002666094,-0.0899880497512724,-0.238879500140211,-0.164091077974981,-0.0818028606240442,-0.0863615802101456,-0.0639940323679159,-0.072962381423661,-0.0580726822473001,-0.0718669395764933,-0.117156798157901,-0.139641283467593,-0.029681759749582,0.0173533922392897,0.197535522291944,-0.210697429627025,-0.0686333245481848,-0.107588241904752,0.190854376303293,-0.0871577549328573,-0.131344140115748,0.0180891934436273,-0.240600507507366,-0.197824044560248,0.105382459240125,0.111961647463888,0.13738660009756,0.231795640389778,0.0960898000825926,0.0120032050223253,0.0339929208433895,0.114500341003686,0.0860696632032607,-0.0367288059965003,0.227141903202978,0.303591189168737
0.0732429039721924,0.114076697251099,-0.0208028627696876,0.0895942946618497,0.0367711118882475,-0.0506025591775555,-0.00808667907039422,0.0439273068192331,0.0940302474555623,-0.189692494531472,-0.0895366873702992,0.00774591230883892,0.0449284085641589,-0.189847076180698,-0.144580612815696,-0.0598666056981358,-0.0700541020928004,0.0714475993587074,0.018519930313555,-0.0018647143241768,0.0564727975900566,-0.0597059220474054,0.0945602002590474,-0.0809684033023253,-0.176753730502229,-0.0292751161304227,0.022855911489623,-0.189313876875218,0.0380133523249564,-0.194134050238494,-0.00236876678691275,-0.106706335136395,-0.100538175945243,-0.0594916603839355,0.0431916117760317,0.111840125429599,-0.128386097518603,-0.3529907614148,-0.259578123024414,-0.146722656977373,0.136285508122494,0.152275273062143,-0.117548007943654,0.19229947266244,0.133776500862464,0.227558094444106,0.0148623283812906,0.107194236801441,-0.0227909955577126,-0.0398354219843043,0.0141538691519277,0.172032794510996,-0.0369602863005289,0.112247877763676,0.117215301688939,0.109488558303537,0.0888713343776688,-0.155520248464108,0.0961526095310454,0.0512822315715701,-0.0628619971011451,-0.107653927190524,-0.0562857549903916,-0.00516287749219262,-0.257527162144796,0.0186526797921851,0.025348825878287,0.0416528923093096,-0.0446235118040871,-0.102316645869345,0.0911265426758838,-0.0204593988431909,-0.293609962981592,0.057402846725651,0.0108321900258242,-0.154608392269075,-0.1906784294287,-0.0882563136914572,-0.090256117387902,-0.112415174650229,-0.392612684200196,-0.204641705631743,-0.0712393102285824,-0.108470705564466,0.250604381935958,0.0574828447590395,0.0447385005275983,0.0581232813178766,0.180590155827522,0.0601091985626124,0.0927214996643155,0.0171832213323567,0.253668815335422,0.121549462369071,0.154668308955498,0.309123868221066
0.00636324173508,0.182846221867577,0.0415054843859352,0.160530446183486,0.0301336267141486,0.00234453448425967,-0.00683248903917716,0.0345529075170596,-0.073619120231468,0.0609405991108922,-0.0190685547893874,-0.0560614790991481,0.00239571127064683,-0.0441538155453786,-0.129669973639185,0.0809107762164076,0.106460018878592,0.0272713865075824,-0.112657182626666,0.103462732364232,0.0799807318597778,0.022578586976477,-0.084537623613718,-0.0820251062005238,-0.0258180079078975,0.0036293196235315,-0.114622668792668,-0.130645704637887,-0.076468114107967,-0.0385555964658358,-0.0371793928789221,-0.236344944809478,0.10129906972534,-0.134782461250843,-0.0623986412477137,-0.0166314478263283,-0.0819239046127109,-0.160125702849374,-0.161115405656266,-0.0382251007589882,0.00478300395716291,0.17597915900157,0.0399137378943611,0.0896385463458387,0.178307265059563,-0.113949693248898,0.177703137108692,-0.0826647660777235,-0.125247420025429,-0.0359744611278218,-0.0879618934808094,0.0166715092299651,0.257887609499734,0.454733418557494,-0.00991867883303042,0.130823774169419,-0.0181700274553903,0.129675906637635,0.0428445193056212,-0.0344808720838104,-0.023662553786763,-0.0107361076582776,-0.0114619287586512,-0.14540042609125,-0.137866461190943,-0.0418067591448195,0.0325168234345844,-0.256317973652811,-0.00343319916301406,-0.0185732024627474,-0.130575697354704,-0.147845934976229,0.0329395615095805,0.03585585206864,-0.10625767271398,-0.217396158840101,0.0232750487971664,0.0863772955075023,0.00737156549173327,0.00384289336170508,-0.315144786174501,-0.321583072048672,-0.229901179225233,-0.0150093903134414,0.0552486374679413,0.101791635938953,0.135722867529073,0.0369604968975603,0.0675134092530865,0.262516819276978,0.0188808187746884,0.0693577380084729,0.108110023595065,-0.0714401621364476,0.196901599427157,0.119341621508399
0.265903001514586,-0.498101107990072,-0.0694181767679278,-0.372528277110436,-0.113886659120059,0.124435275191413,-0.429555200998572,-0.444667102115284,0.326761338115621,0.157283780133692,0.707084482135483,0.640732572275062,0.600758324353861,0.728262427622671,0.124074717177335,0.0229440529493255,-0.728052310967987,0.293688028793959,0.341942252511651,-0.0448658932370419,0.38580216120614,-0.187585096281261,-0.147123671778686,-0.306173455887592,0.479621461620046,-0.301223856977462,0.394560196516778,0.862400665078636,0.980144502390303,0.750837251236191,0.578469064656086,0.965745991383461,0.785707633687849,0.882319128988983,0.186073443665113,-0.733990103316301,0.238426193298589,0.466574499451249,1.04124477923229,0.275712212609832,-0.67267170979102,-0.708066451200478,-0.294716487117057,-0.58743846386888,-0.562605919316794,-0.509357862260565,-0.565010788689642,0.545381664320345,0.378081253391123,-0.0309456274158832,-0.0629004641999465,-0.502947118643056,-0.988821273100039,-1.27144302133949,-1.03102760033202,-0.604161655476009,-0.57418438855929,-0.00592675553723138,-0.398400809609697,-1.00315966276749,-0.591687416976062,0.15352498462399,-0.212547230676026,-0.243613040145118,0.402475193953985,0.605874082179778,0.694673590094036,0.258661588431851,0.492449442883373,0.84312973084493,0.586301811139054,0.964007498658323,0.658307367483551,-0.052814434496032,0.255031675108515,0.788500637000983,0.521671639840793,1.11464333495821,0.248317435826126,0.661057689327174,1.67223025144613,1.4318705404615,1.28235033631571,0.767758356837528,-0.372836910784755,-0.596022661324418,-0.923214483677121,-1.07674878628519,-0.298881595755192,-0.1869353429026,-0.340787807223839,-0.763398925491665,-0.620879472872738,0.342767587867518,-0.326695844952707,-0.975624753914346
0.445572607166639,-0.100318351628245,-0.1033937893791,-0.252703466823068,0.0029842616381302,-0.109486614818482,-0.298890605834075,-0.267457795949944,0.281040901914318,0.111756438696347,0.484899270829232,0.687871775000461,0.440760010618503,0.614454365501604,-0.150752480530725,-0.0960053150659125,-0.695385700245195,0.275087312694309,0.0418832152067327,-0.218651495454542,0.386190703222267,0.130865369547069,-0.213913790912081,-0.0349037357635407,0.386573696165533,-0.352866750649595,0.425378309033882,0.755487893333698,0.725557370390472,0.2566392109642,0.468885064508458,0.849321927698187,0.541003727682462,0.555708012946225,0.324840942663311,-0.680155923736886,0.0887510411751037,0.566363315897055,0.925832739892718,0.282350753179956,-0.33555502422887,-0.677223093794244,-0.500426026285205,-0.591249159416705,-0.463334848307806,-0.365350349992581,-0.34376846398682,0.375480977707562,0.450983170497185,-0.103076402805617,-0.136755564555066,-0.470252285875743,-0.901174753812982,-0.922943174189452,-0.858938066728326,-0.527482623101519,-0.488223902562566,-0.240722571327484,-0.48929801488743,-0.84658531350237,-0.432985993762709,0.320735744174113,-0.0737788214140651,-0.00888917902511566,0.186292804211398,0.596846685476189,0.160868366673506,0.458138660294711,0.424545037030669,0.637541626493363,0.275140799115525,0.58780730024008,0.84861332098043,-0.0226018210879006,0.0738417367827792,0.667816378203568,0.367476589592026,0.979735561549523,0.0911477326369522,0.635402872835733,1.24589444849913,1.0964357991932,1.12658540054002,0.57382694579227,-0.338686088811322,-0.516225175821798,-0.660005424091077,-0.492769552057571,-0.164112587329218,-0.270627297379371,-0.219022510616419,-0.595267618153157,-0.372429407876738,0.430896750303152,-0.31588546967614,-0.668908612512834
-0.245792507049455,0.0802026257427852,0.0867143504193036,0.23058529746514,-0.0221526301418772,0.0299121717955479,0.376024302136421,0.257182509985823,-0.400418712447079,-0.0845916550608557,-0.38840914443551,-0.225750455726059,-0.248396849586901,-0.238654163823576,-0.060269822483606,0.137593680780768,0.365154097511789,-0.306155300639474,0.0220313860165595,-0.0337622899926968,-0.166574329856834,0.156943685888068,-0.0345497873986981,0.1407981165406,-0.471280283963365,0.107166677791698,-0.202290606881401,-0.138724827415068,-0.428713638099588,-0.212433078646512,-0.297052709204512,-0.538609241966331,-0.347727707728776,-0.586884621425717,-0.0856874791184422,0.509242209786053,-0.129236098031258,-0.324750802101046,-0.547176518834244,-0.151269727771539,0.286172001990015,0.43347961665738,0.232232612894028,0.440832388466837,0.211278688244176,0.422632963207022,0.147075172739822,-0.147909962210781,-0.308567992780783,0.0110785667744099,-0.072552883154616,0.305843446698955,0.504556736664911,0.821731663270665,0.485458262055073,0.335020215938067,0.204941279566395,0.0502980849656129,0.247860246704604,0.453624533217763,0.412305352092748,-0.146951685825054,0.140237894594863,0.30807785742773,-0.155351618010324,-0.391524901112526,-0.311174132864445,-0.322172234792299,-0.535493062129521,-0.415632587683192,-0.401047709969693,-0.466496638740183,-0.41530160397406,0.0799242060775844,0.188278257148302,-0.326627336894726,-0.239189854659192,-0.503963758938497,-0.103773298246225,-0.313783027727516,-0.919372623108233,-0.611899713951801,-0.5359852875578,-0.327339055241959,0.13708714873068,0.388110554308236,0.426103547165834,0.344956183364577,0.160631090856756,0.0991652130465718,0.10484899183592,0.370026663016066,0.253667627227727,-0.219614032920203,0.314991155929848,0.637453683679406
-0.0613629001921633,-0.119436918926336,0.0478580011078028,0.000309827648973887,0.0280131879977353,0.0386451635575077,0.081723708358566,-0.0820564847030942,0.038884441445342,0.162232331897976,-0.137149132132136,-0.0771696394939235,-0.032059309567258,-0.0135420315042715,-0.0837817750035041,-0.073319153050116,0.182379968394085,-0.00939117585491163,0.115569653984415,-0.0837454730371746,-0.0343946286935646,0.0911161386610015,0.0314166309679922,0.0328861165425283,0.00355235315587456,0.147138339752403,-0.108467314881995,0.107156091280102,-0.0535995519513549,0.0226466049575107,0.0102584158685789,-0.0805645639458241,0.0491001658802365,0.0840764813544644,-0.124089285718769,0.00145261410208677,-0.0640262222080618,0.00602459004303124,-0.111733594616727,0.121589468535519,-0.0157184411867505,0.00471190824828345,-0.0717265633589649,0.0976608383635216,-0.172367440418093,-0.0154020759851233,-0.00141421210644958,-0.11674839666116,0.0405318343049812,0.0667747854782334,-0.19051584315344,-0.121620537225119,0.0979335059269041,0.0563824470262411,0.0694388634386137,-0.0481575485153727,0.0353788011560881,0.107719361944124,0.180122204268904,-0.0147079508740025,-0.0203746413068824,-0.109853783376695,-0.0136662910884465,0.0265215552552202,-0.0598775438974881,-0.00699357079666415,-0.0388700972763581,-0.0510137466072859,-0.122126892585802,-0.00743718801791966,-0.160956518555196,0.179257334532295,-0.0552874420174764,-0.00483025984305165,0.0355845255929968,-0.0102104730717045,0.143249985512015,0.105068722394872,-0.0439592663261544,-0.0670392184360445,-0.0947108329090933,0.209598324320286,-0.116671512664927,-0.118275178186515,-0.0552906342501694,0.0245299330231591,0.127664844642255,-0.0173887898223672,0.0125404716056819,-0.0640541767404471,-0.135360658743433,-0.0693246626142238,0.0693293212220225,-0.134026798257106,0.0502565214094463,-0.00957794740344164
-0.233481232829545,0.194705702953962,0.131794171934791,0.521600696520405,0.0859946297699565,-0.0794124918206198,0.565137208910735,0.504146888673197,-0.174635701703706,-0.0726285317673207,-0.408409226217948,-0.465729095949271,-0.452114956591208,-0.346083101854348,-0.0540384834877593,-0.00493598231487107,0.482089139106888,-0.143264395327557,-0.239585495327571,-0.0353723415133672,-0.371637911214311,0.142280242835724,0.168537763047511,-0.0304889032722438,-0.392547479352365,0.264175146820107,-0.245624171175094,-0.513962309865636,-0.711228350385896,-0.257661089377237,-0.484635801220707,-0.645705512957953,-0.568490950776751,-0.538660051434333,-0.0713334130905144,0.595380364139901,-0.143011661893132,-0.458651329353356,-1.05939648898526,-0.109519792155856,0.485273515988349,0.375490221741567,0.329079727682914,0.38869173182396,0.182520329836499,0.370474625888748,0.332590448998918,-0.186162058059224,-0.295864937824514,0.158681017834795,0.0538152685861007,0.348011616914887,0.524612771306873,0.826652775245544,0.648309960643174,0.378230767875532,0.508141606452152,0.155242670485587,0.516205947034532,0.770837846776486,0.451626888218512,-0.17854704630021,0.0708910235402907,0.155851801776319,-0.18071175139352,-0.432988485944229,-0.314129083760729,-0.221767016366626,-0.324231221163511,-0.567575843765747,-0.273913759214565,-0.559363773067702,-0.469631890793016,0.0369404250003443,0.117622492426284,-0.278448615480761,-0.179891275402573,-0.818798904432942,-0.177404347648855,-0.51319081876789,-1.11251718086392,-0.787806600846327,-0.964371187284992,-0.535780094827887,0.362383414698283,0.25096669219492,0.567018015252841,0.649787991461978,0.195042243428881,0.0543417228903576,0.263967613252191,0.26527937641722,0.564705960380302,-0.25448691749778,0.262645493729724,0.616378281638182
0.0603218791697175,0.0647771219479341,0.0807195712579316,0.0590955267097951,-0.132150743628384,-0.0547936366316702,0.0389291243112009,-0.0883647038535531,0.0628374303739468,0.0965474285912554,0.0087678177663496,0.186305988818125,0.113682956059613,-0.16117835337356,-0.0660928250474722,-0.0140555367397168,-0.180442294612909,-0.105748536683445,-0.00614218000195463,-0.104352440703013,-0.204868226775887,0.121278499935696,0.200463817718178,-0.0021655544649554,0.122099378593302,-0.0165218155615865,0.129065016628588,0.00584410556944892,0.053897252088328,0.0114797028885358,-0.0833158787575472,-0.0198278882762883,-0.00296527529343552,0.0894386162292377,-0.030047117661713,-0.052343252251357,0.0272023827932928,0.150946455979595,-0.104057089159981,0.2487606988712,0.048500607891146,-0.0837250474124048,-0.05711372564933,-0.0687038567620933,0.0317124364700476,-0.079243527767957,-0.146497716227724,0.0963601429607424,0.236667032966898,-0.0170528895166666,-0.0579545904937607,-0.0742181322990588,-0.0573462198832314,-0.258393788489155,0.0656530334110664,0.0332255442063422,-0.00243811060274462,0.134579629958319,-0.161168517915699,-0.202869722490414,-0.0188459252810122,-0.0869388136739746,0.0395596791130435,-0.017005845753878,0.238467973969855,-0.106018494688237,0.158230554095726,-0.146337608536045,-0.0116599933045989,-0.0731294182549549,0.069117943440941,0.0973251022057549,0.064500088854963,0.168260724994955,0.280163183484539,0.0886021144045784,-0.0493969324713117,0.11792174344871,0.0817032388122437,0.135765750236775,0.279257525805117,0.152946171429717,0.307451169008798,0.0428665835378191,0.0826442972965426,-0.173343048128689,-0.108761324857969,0.0206891419603653,0.0838135973782333,-0.122095062009009,-0.0177372998232872,-0.122617943754027,-0.115491706681277,0.043382886493114,0.00605016975299607,-0.276237721333673
-0.191999851704087,-0.0457018295659333,0.0564135325217359,0.177484923254864,0.00450256525827503,-0.049680276033849,0.202567943014371,0.0792668925965699,-0.10126299189308,-0.0838107006807681,-0.143247951959718,-0.160597741026726,-0.0303168910391833,-0.263165086293165,-0.13581225038334,0.0319718559013176,0.489671799311086,-0.247449930491082,-0.114355362423298,-0.0494508718662533,-0.0801523711192649,0.0803007812558568,0.0491964304037479,0.149663666655297,-0.1262372497683,0.369383763603738,-0.199203870599502,-0.388937117836706,-0.279281741384238,-0.0908774277295564,-0.225665200825653,-0.391073006714415,-0.22914487138635,-0.402373806711615,-0.100634199475723,0.417861379352396,-0.109747878615473,-0.255592963015331,-0.546089714716496,-0.165204151038569,0.172110993950914,0.2258479848872,0.0191776980832672,0.133281847429926,0.269655930702891,0.245518953586677,0.072321355817925,-0.211342965889273,-0.0561168988835402,0.00885525235169896,-0.0363608513394273,0.238821699377804,0.429499647703457,0.440927410314286,0.40968478028079,0.131505894175847,0.174571665357208,0.252497228458503,0.258362519772154,0.41260182121836,0.362246330056133,-0.0754914791944807,-0.0319506668284235,0.202325540616295,-0.195725478466159,-0.249474890591148,-0.417320970013418,-0.156551853265699,-0.211085464434305,-0.209599941736987,-0.17034460549141,-0.266251193962882,-0.324951650796805,0.0335481468087328,-0.0479155751707713,-0.5061967556496,-0.225681355098957,-0.11102851516719,-0.0748242336997824,-0.210281283845187,-0.47442752493666,-0.442342247376397,-0.495372591372542,-0.449627276280382,0.043918770713863,0.127575202816726,0.327237469858534,0.406994567350271,-0.106632784002174,0.013563805472859,0.170385263870128,0.293202359867796,0.276137444603097,-0.198601672984363,0.271083268523526,0.343180770966892
0.0978495661443827,-0.0417305435903953,0.0230246967016082,0.163003224757473,-0.187065921334137,-0.00669085955683467,0.158593911659159,-0.049713733207453,-0.14087760423525,0.0437546677805226,-0.259235410863618,-0.312010612712715,-0.210487812564398,-0.200667095043526,-0.141452370202139,0.0848806414606828,0.0601040348892702,-0.0479119854479943,-0.165751387843532,0.242072696814652,0.000770448556966494,-0.0671215292588093,0.0671048154556992,0.038820494966117,0.11024380919382,0.0967728773573556,-0.0289341464548998,-0.107566396422626,-0.139170911175625,0.0340250004328453,-0.0418839057522454,-0.107096894672567,-0.047588743436956,-0.146628916339618,-0.106267784045851,0.231332364382746,-0.14858489988164,0.0608237428014522,-0.275749623888801,0.0200420583792599,0.0503196697584428,0.0844906256509729,-0.139508811117319,0.141693826085665,0.231572340721872,0.0651025744097071,0.223925740854378,0.133986566801732,0.159306288157528,0.106843873574056,-0.100137010003917,-0.0124974935243664,-0.00662355213362512,0.295599497676527,0.230253680942473,0.141315408887693,0.0867411382347412,0.0749816782733477,0.113294109615121,0.240232950308154,0.213130196741374,-0.0743459194873816,0.123545824432267,0.0745527572502142,0.0673400137398433,0.0476115908606586,0.157165295624457,-0.0729422686189743,-0.146809645872821,-0.0471971510110077,-0.149383796938076,-0.089746701993791,-0.0742719431935139,0.0506944059227413,-0.134589955813807,-0.0732992187113894,-0.131326921171504,-0.178826956724009,-0.217152889686738,-0.046437796246562,-0.237007660565209,-0.253694597868951,-0.0594163011450252,-0.186444680247556,0.0418612697233684,0.229315093362215,-0.0221634678358323,0.174827532412601,0.102227274949797,-0.109670250917313,0.0988878340956642,0.23624653166562,0.00972843058839011,-0.216989685563026,0.0379022806048876,0.170179705161718
0.191770479311853,-0.124223834072604,-0.0206105939758126,-0.215804547739132,-0.0821910847734618,-0.0854502868076337,-0.140673139911735,-0.1272214064982,0.0608766908493611,0.167886533335572,0.151439281600412,0.224278379004121,0.279328366155576,0.192722103510206,0.110568086800575,0.0249339164796748,-0.334369177458198,0.0852697550205898,0.0527318150314714,0.0970980559841766,0.0621382592444413,-0.0340021182474424,-0.249342463491706,-0.0897723928939196,0.110253495184945,-0.246612206837796,0.224507229649315,0.0777964200427064,0.280896110373414,0.0661395297877892,0.327071867314338,0.348406007176308,0.164183292654103,0.509839043617485,0.284657261938934,-0.534776933271523,0.111637318930958,0.0219500603705446,0.485353766868003,0.178342262923249,-0.198793066775117,-0.157851516129904,-0.113220107940892,-0.199002330904163,-0.112819108955487,-0.251831500075632,-0.157589547110994,0.0171592521173128,-0.0164527382486089,-0.018009298808829,0.0833745290688097,-0.174818955558702,-0.399814203440204,-0.328388304910041,-0.353814030485535,-0.242521825592773,-0.355003352573007,-0.00171885886582106,-0.241558399866642,-0.309596558770381,-0.241382329905616,0.138732441449252,0.0127393911129633,-0.235516169682907,0.109645376140102,0.187503155139863,0.0703652671190511,0.133447471866224,0.0751930821400109,0.392239334486919,0.176682491376006,0.159889866783695,0.455151101944992,-0.0122489073557937,-0.00554843048780654,0.286616696603617,0.0849463217510751,0.358007169427526,-0.0948878713643112,0.328575663361085,0.522365219630806,0.415740724278334,0.419196504918479,0.259569277661621,-0.00660041595306923,-0.234029289554243,-0.307270827588137,-0.355620675944709,-0.177499059984817,-0.049435493508993,-0.14621272544966,-0.219602836698225,-0.0975535411636611,0.118715212347684,0.0821498051951629,-0.325594046952931
-0.0856486813622967,0.00740403246765813,0.0337312734137752,0.0514048205796929,-0.135030568683655,-0.00823915360075385,0.0681250958414004,-0.00427656248141556,-0.121759010627323,0.194558418174631,-0.19816160740136,-0.0969672655899652,0.0703712609201847,0.0845187626308912,-0.058063892939271,-0.0563402084426623,-0.00404930025403195,-0.0824351679474327,-0.222292130591005,0.0517750705908843,-0.034115073826757,0.208381086533324,0.0267164021771247,0.0294291968425898,-0.170135588521784,0.080864155567546,-0.155331090241206,-0.224033145869651,-0.143042936359543,0.0756462822286553,-0.0688049184235575,-0.214179686080786,-0.117481604324408,-0.0651485529144679,-0.0867505652163327,-0.0666686528756437,-0.128213453394259,-0.0689027937185584,-0.150048242308631,-0.00448022786091332,0.00594908920543003,0.1704080720272,0.115076888217326,-0.01586332348867,-0.0391131307665894,-0.0246194464863008,-0.0416523637645438,0.0788904971919596,-0.0562796872975108,0.110338006693795,0.0744635679271641,-0.0142053246541553,0.134074132678046,0.116795932149352,0.0430825675177085,0.025553728099082,-0.0466784172412248,0.0117692750890025,0.238909202012986,0.0927351815355284,0.00167593819026072,-0.0890662739152824,0.101964007287636,0.115832450683611,0.00554262501478832,0.0559282994521836,0.0763957588041789,-0.117463878224232,0.00496012216693597,0.00418537404143537,-0.0119189035014693,0.162703634756635,-0.0674422207465729,0.00928392992546508,0.0462676290933714,0.0429120554121324,-0.0455652683148687,-0.165369507268799,0.164099720395252,0.127464313039726,-0.117077703535668,-0.0606909110578026,-0.0826263247330284,-0.0131492851507912,-0.00213003157379563,0.00118271082185459,0.22026141981888,-0.111933136444831,0.042666794876327,0.0583032885491084,0.0620151599422498,0.136923511031175,0.0732841556619598,0.0752288290748427,0.11041962109786,-0.125054383793958
0.0485987979770608,-0.0983932406859543,-0.00222762769838747,-0.105062684382211,-0.165566747767,0.0538917463297034,-0.00740324852204961,0.0332143251710599,0.0609614819797716,0.00779759616117959,-0.0693267499898299,0.180366721273249,0.144365755326918,0.0512192103378743,0.0495060869019594,0.0724465846851823,-0.0660235000977792,-0.0736052654483939,-0.105008104478787,0.0316400154071186,0.0224870654769138,-0.142485931916291,0.0333904783691274,0.00122127816117089,0.0320884561936087,0.0201307411854744,0.06660544246998,0.0617635336429994,0.0574911358025027,0.168823944754211,0.143446419125838,-0.0908483359607349,-0.138719710754887,0.149354702193622,-0.168257655190393,0.109049520738005,0.126032871565666,0.0832743793020343,0.0662650780850479,0.0277655926342764,-0.124917687368523,0.0576207212297934,-0.141613572412136,-0.0780864080571562,-0.0608212172420154,-0.199229627720955,-0.0893472166090066,0.0145120887901163,-0.0620939750944849,-0.0145454169873654,-0.0509004623613387,-0.0850428284431761,-0.237307672781846,-0.179161262673861,-0.195664844301908,0.0297965409724215,0.00534213594965467,-0.190491562859981,0.0437699694944657,-0.215308256726725,-0.185819081143138,0.118569585497463,-0.00320591662352922,0.0828200812883032,0.085802751584157,0.0159579591406789,0.0280049499542422,0.311443645416911,0.242991966840061,0.0199696300286939,0.00246380295380334,0.0875068896441835,0.0357717554062328,0.0154620020201589,0.0585734705674252,0.0525999351809018,0.0826017543487656,0.145763341222986,0.0812238766337119,0.0609983889416491,0.235109662904744,0.162249633214389,0.106125633517747,-0.00185342816653783,0.0271780883644074,-0.0848556336154253,-0.320480042044147,0.0580551254605574,0.160185376836058,-0.101166318325694,-0.133635423440568,-0.293739286001941,-0.0276323443594695,0.0839539235079975,-0.0297671678663559,-0.215319913591977
0.26979137465914,0.0277946429539326,-0.120071870068129,-0.259050786357172,-0.0913320650969679,0.00514167104099831,-0.283881706933365,-0.242363699091898,0.189977154503741,-0.0368781704296557,0.275983226229439,0.208400786123814,0.345419612447684,0.351851187882868,0.000582972585230768,-0.124687963704921,-0.474170163992421,0.180149032363486,0.0737947350510695,-0.0358178009414751,0.103655456222949,0.0701226201512304,-0.0788789717184181,-0.236391600347672,0.343680745237908,-0.225286412615526,0.274185005164601,0.436194493827986,0.590377994819469,0.52758357409394,0.253955372568666,0.69927146362354,0.283956610788882,0.448426880167842,0.138727884479377,-0.433769355709078,-0.0089882060902578,0.330327924102733,0.646876699803798,0.24023811706413,-0.316755133382376,-0.382264519349918,-0.0742642620955841,-0.346243164653173,-0.396771781427489,-0.411076518564462,-0.24592511238267,0.0840465366001152,0.226843409674743,-0.0595042735944848,-0.0581345387431939,-0.430238871003193,-0.601974334479883,-0.560594975717294,-0.735905100765764,-0.418039627382096,-0.494390515961616,-0.112965813571894,-0.350633750702611,-0.876498477109731,-0.440857368153434,0.241654267000519,-0.0749015826205902,-0.341241584113477,0.222981466506313,0.455308453974008,0.333400490644573,0.343987154602616,0.239422443722612,0.418212791148453,0.264134731916089,0.492323611293247,0.467305059281876,0.143087556197532,0.0772458847518921,0.354981651916733,0.373428431100973,0.468684172081891,0.0587663639491329,0.305145892374883,0.851248889495232,0.898594093268832,0.847134196748329,0.294318999002866,-0.226890751700058,-0.286708629443453,-0.483131009795258,-0.57865183248518,-0.243315246895514,0.0627109857947526,-0.388053794938076,-0.41086928102019,-0.212255417104467,0.298682656630908,-0.267876368319832,-0.548489712783395
-0.204847147734038,0.175922974754741,0.14805062139836,0.624447647546847,-0.0472915207348507,0.0528616118569889,0.36642246188154,0.387640595659247,-0.316508140320861,-0.146530599456884,-0.46667684926989,-0.26877322884607,-0.402190283171411,-0.589568044731997,-0.294437951249494,-0.0121896817008867,0.530355221743161,-0.287075523934586,-0.117234253456098,-0.0154859453634951,-0.400887221101466,0.0595989253871538,0.179854256080165,0.282617431622059,-0.424226008105056,0.365651787009446,-0.445799299898296,-0.418104277623706,-0.931175614203037,-0.277878157996976,-0.557384177345629,-0.909947735875786,-0.531297441463922,-0.727510869763173,-0.0758241511694729,0.652877762876879,-0.238887110333818,-0.4413543732197,-0.765296840563921,-0.185359969606842,0.321047253316796,0.675791358624893,0.128275140165013,0.397311261827982,0.248759230568024,0.538339788992915,0.428364385072375,-0.0155971022515091,-0.160131288643084,-0.0815196038308573,0.0676987321271712,0.252840798677615,0.61814767835119,0.775776092883694,0.80626957214852,0.269497402601727,0.477743055345723,0.176579436589197,0.498142027026855,0.701766595749221,0.316741746938876,-0.254867443137844,-0.0639178567139737,0.178671344445733,-0.161003322367968,-0.301625333505376,-0.417779017795669,-0.365454446026797,-0.322290098514071,-0.667239776336748,-0.497190609649191,-0.448169661899141,-0.53071415620219,-0.0441763279396106,-0.143992189631104,-0.382942244934789,-0.292712445687632,-0.759413450982273,-0.210704445343535,-0.57291776398061,-1.20511894715831,-1.13286762494944,-0.999241014984483,-0.565686072412706,0.219729714395506,0.321445501434061,0.731007311856412,0.738300523911592,0.230015592149772,0.0844484605455938,0.238430311250096,0.395968441400099,0.453842526710096,-0.37797979868881,0.316634772291348,0.624147794477405
0.173801092667192,0.0228726879373438,-0.119664781300891,-0.0675839595879294,0.084756369681711,-0.0668909125933034,-0.303771722816146,-0.17230730714014,0.0121263908849762,-0.15778877740911,0.152305278146917,0.308667896509588,0.252343776507552,0.182572066768168,-0.126768233775528,-0.0102566853920952,-0.240876115185339,0.257386685842766,-0.0310648982937393,0.0944604340382294,0.283471551350368,-0.187531826418738,0.0506604039879741,0.135910567596033,0.389949230192336,-0.00711296242444977,0.162547396959031,0.0931022296468501,0.364222239625712,0.220970457697899,0.144478846374614,0.164646192884259,0.153903612578577,0.454108500598547,-0.0167706548081857,-0.210311511389413,-0.0273286025563407,0.322088896053183,0.460700123368879,0.0927781726763161,-0.196634552946647,-0.144037697932153,-0.0870375726322292,-0.143768455897793,-0.260003739676107,-0.0809211107762987,-0.0292257483773502,0.086446364146272,0.221753450583001,-0.120461305151664,0.0937640811018695,-0.245498207157556,-0.302579506385298,-0.348774691778972,-0.264221814489364,-0.138240176303295,-0.122807146865805,-0.268318335561063,-0.0819115796120584,-0.486835819094027,-0.137531063395751,0.302659969904999,0.0603197498597144,0.0736690545681307,0.0653484203476919,0.110954353624406,0.335226154941536,0.133223251245204,0.293087467205554,0.294135071698982,0.0475349599274752,0.343204867472587,0.104611076093665,0.274129155906259,0.0140382562911242,0.00359320044990261,0.168112862961734,0.325285344275646,-0.0926497663614105,0.18389510635199,0.682316538451335,0.591571581467255,0.642557757548786,0.39471836187933,-0.214534770161263,-0.228281174758927,-0.458396984771418,-0.447401674108036,-0.0236149646464195,0.0629227833951416,-0.166524670248321,-0.207794793059364,-0.152225428814966,0.346189384722559,-0.155621902687196,-0.239437763776202
-0.0576124772849684,0.00859719781534,-0.12611849290662,0.124257337324875,0.0346320744604552,-0.119970363955974,0.153738362523047,0.158165598306352,-0.00767521796223618,-0.230305278068781,-0.104575938032135,-0.120739341231319,-0.0193637623113311,-0.240271928514937,-0.0447832223593318,-0.0137746314090153,0.281647213919307,-0.101204154860077,0.108150158012132,-0.207763440682288,-0.124515742323087,1.41617766423845e-05,0.149120971664482,0.174024797244292,-0.212166726132078,0.259624041326524,-0.0109693484914047,-0.178141159353939,-0.320736878701905,-0.0958032962597663,-0.0972710823201129,-0.226988082078379,-0.173019615417053,-0.396867192680482,-0.323460056999016,0.211386615275439,-0.0555845536348467,-0.30502436365777,-0.306953772888377,-0.00741021782916666,0.216964353414582,0.16250079688265,0.0518433768316423,0.299482315956337,-0.0133380875540771,0.138813008757299,0.0956143407546009,-0.108046621329662,-0.12781196340684,-0.0797673268341617,0.107272000606581,0.272465956615161,0.234040610010061,0.25754904632094,0.16406649917826,0.0332135182770045,0.158950033865141,0.167691077062821,0.166234969285336,0.386730233260323,0.176991028363806,-0.0913400670767168,-0.044381844720106,-0.0874457923330345,0.0470274114951073,-0.166206014315717,-0.243377849014377,0.00775869729411093,-0.0852920781419903,-0.276936669456417,0.16499097556881,-0.203792136897508,-0.278417746153014,0.0259725781695763,-0.155691185574183,-0.122832851887315,-0.0508892551738374,-0.291770363480707,-0.0544227732355802,-0.123572429618719,-0.477910160282025,-0.439795855518217,-0.493249894597956,-0.0617668663810998,0.0937634910756421,0.158304946515355,0.11994912737938,0.331597547189972,-0.0315222945573093,0.0441016050044047,0.111972949875396,0.115681756616426,0.0723003178987803,-0.154228337350349,0.0116978452317975,0.134467351124288
0.277268796311639,-0.178171690896682,-0.130807277836085,-0.287796466612024,-0.018513374228417,-0.147486830259337,-0.422732831716126,-0.126351177727454,0.157012583265168,0.377167137336474,0.283097356751455,0.277319144969378,0.365235890648694,0.441993560105388,0.28187967534959,-0.126744681191205,-0.421727995215744,0.0586788042071796,0.143595717269913,0.00380740023963162,0.205732798400886,0.0278763452267658,-0.141167681616288,-0.0461592159999607,0.219487673208645,-0.220333186209208,0.360227082064413,0.354583137301613,0.529898507455531,0.148509262260679,0.461789554673696,0.50878301621167,0.428505520262378,0.586641529734015,0.106959334465401,-0.56211617525906,0.0689064452150696,0.349096119304728,0.595028906673915,0.336982554056519,-0.347626614015756,-0.387102683819616,-0.18054096659003,-0.327626268490242,-0.319481870496643,-0.38627123201026,-0.249334074640644,0.156539023800382,0.195269132170823,0.142902888296659,-0.112859426051501,-0.30670022760499,-0.489851110674441,-0.650031860480544,-0.493070963624147,-0.223945170674235,-0.549134220674697,-0.253453239978668,-0.349474510517506,-0.81814180454381,-0.342964851095049,0.130320857325337,0.013451413752687,-0.110697190886962,0.239873490813584,0.450996434832082,0.299063429061265,0.139282079300462,0.279060496113161,0.354927205860249,0.408350291434708,0.51527690303192,0.443841722295402,-0.0172128117185617,-0.0204687257528344,0.198203360524917,0.118980819716225,0.351212748756845,-0.0384164668331726,0.305869473289901,0.944833392594958,1.0497102082346,0.850710834076878,0.530384830498451,-0.111354919067103,-0.403929795309178,-0.583091039753337,-0.524347426270677,-0.296006701341281,0.150278812858728,-0.315600587202258,-0.398406792035141,-0.257672898909767,0.0464556080964544,-0.191322309128596,-0.532456850108604
-0.0376783394289436,0.107298770605939,-0.182072484461468,-0.114736703360104,-0.00390121410788925,-0.127623306147189,-0.0932919266786618,-0.0704109417301446,0.0538377827342537,0.199846391718259,-0.169044784564663,-0.0361507811640288,0.0117011840393436,-0.0555728093112973,-0.0109097277262763,0.125540390012406,0.0182739876681667,-0.0446030721451495,0.00730488296700004,-0.0438105315026372,-0.0217758471404462,0.0291972837187294,0.123637192951472,0.0550883886310349,-0.0513395405701096,0.00496078774602824,-0.0181326352614027,0.09603732987434,0.0823190863684017,0.1144960514357,0.028510889218747,-0.0526035751151646,-0.119330584526641,-0.146441402183216,-0.0479283215564325,-0.0200311041092195,-0.0378161957949621,0.0463891772069623,-0.0345119486948492,0.157284070336585,-0.0888505936802091,0.0956931233223305,0.0250818923178978,0.0277304187904087,0.0678249364624797,0.0434943505923465,0.0595552411374351,-0.0350522324324163,-0.0437876639255439,-0.0750332592113748,-0.0324525607448463,0.0312557749408172,0.132869008933959,0.023594552084011,-0.0379714045253328,-0.0124889218523804,-0.119773251798404,0.0181126350848112,0.151337642195712,-0.0394405540241664,-0.0843856961741662,0.0553789165004609,0.244706276536109,-0.0105900859529418,-0.0912335180812614,-0.0256855951009516,-0.0535679363719597,-0.0622108343425041,-0.156079044069422,-0.077779311937071,0.0118912284295536,0.0772617534291001,-0.118338581085111,-0.0660282018883243,-0.0547584193632175,-0.107326558167558,0.187008554533694,-0.13652399905231,-0.00520410527087222,0.119417707369781,-0.0336573262255751,0.194094456939385,-0.168150591965243,-0.106052449667033,-0.10088611467442,0.0942239447209803,-0.0171634322933533,0.124447065520236,0.144652399697819,0.08891127502191,-0.0730101000229296,-0.0260146286129338,-0.102998087818498,0.0299184968344077,0.120538954979493,0.00710494312852953
-0.141030982595452,0.202362781119709,0.0975603861975635,0.150167856956214,-0.151881663822384,-0.0144449812561479,0.136289561400018,0.215221417126784,-0.424634873019112,-0.0830227902763208,-0.35207194346402,-0.480246191342979,-0.296519790086419,-0.343417228678183,-0.140054525357338,0.139695214608951,0.624675689274024,-0.0331705293283137,-0.0175117447590903,-0.0100722630100408,-0.236003714905121,0.097269148082744,0.175688859054646,0.170447239796507,-0.229903693544609,0.182407927491702,-0.386732600868743,-0.557528071434206,-0.381565740178292,-0.202971675747217,-0.340461126593061,-0.545630857174424,-0.437737683573987,-0.327149950584887,-0.140579116970145,0.467101159137276,-0.190619832197046,-0.596124850758073,-0.722250439784827,-0.049569663105525,0.340376846877487,0.251031626435168,0.095931821113598,0.320231789020652,0.511139437843756,0.284232098792083,0.304615250183542,-0.272721823705874,-0.0369505615493707,-0.0181969234205757,0.0658700889192961,0.360550357488394,0.556056985320565,0.540707554277967,0.657133641898596,0.340571922626365,0.430701126787785,0.057870530335201,0.303771608757998,0.714535978842177,0.270856446601899,-0.169322226757861,-0.0425823587134894,0.130995582985101,-0.277889644774955,-0.23310619604947,-0.291578627697434,-0.164610993082626,-0.406113063379087,-0.492224515800913,-0.300797525057125,-0.324142646164355,-0.407897836114746,-0.021058948783706,-0.00684097739733434,-0.541197227002685,-0.281258169110598,-0.481528016463614,-0.24647851382947,-0.229582316694383,-0.917764857056723,-0.799289884194207,-0.684486695474508,-0.358993269387548,0.456889827649746,0.349309699995616,0.449563108087761,0.543638845821868,0.0891925365664351,0.152352292528771,0.230171206876691,0.60402332686152,-0.0100894524603017,-0.238490206913575,0.279099678806438,0.449035104560856
0.013041645303517,0.0160619271010958,0.108568418783789,-0.100758249406812,0.166998638754765,-0.0845298833087767,-0.0415624209835657,-0.225979039958997,-6.93778378071525e-05,-0.120337449705217,0.267122538508796,0.254994955873703,0.133045594877321,0.177708088410159,0.198180168584956,0.0617538109366297,-0.155041219006743,0.0137543422127518,-0.0442207988526585,-0.110006790347877,-0.0740363183156243,0.0771899084945398,-0.0228475462612923,-0.260729178940729,0.138796672170037,-0.1595357388457,0.0559148450651081,0.149557362612829,0.391124122710472,0.21588773510516,0.276171627059083,0.171484059536083,0.23285743713006,0.288370648833803,0.0961702481335454,-0.272471054859522,0.0373546209117522,0.0924459677832838,0.307756619954538,0.136649055756111,-0.103939654037726,-0.245515641890346,-0.092259651183526,-0.0876949946056844,-0.238533044129395,-0.364598538639174,-0.0534528457640556,0.180832086768907,0.0639232377596397,0.146426113213098,-0.128006952167954,-0.203627492462797,-0.198377281915548,-0.546108104321007,-0.292049177580015,-0.237841553322431,-0.295005535323218,-0.132725345534176,-0.188516952148339,-0.521905139185358,0.0155306878443047,0.144515168510987,-0.0711204843011401,0.0737474826464476,0.0714260592071136,0.260756449029538,0.229483473734925,0.0932867825518616,0.248355435193985,0.249241106026907,0.141786443405059,0.37755576707538,0.370062444061355,0.125475779625011,-0.015358609369334,0.160640176730762,0.033179504369502,0.331215612084991,0.0251460371918362,0.154697929271023,0.532669120248957,0.490878116960684,0.579149813014816,0.211123921176941,-0.0292010685014446,-0.0801360423562452,-0.144576607598833,-0.274355023557731,-0.177467610743817,-0.210812261611578,-0.124972145841206,-0.304615234172283,-0.185960110749794,0.0785499825760907,-0.0155864445079963,-0.00960766607448987
-0.0532938254839236,-0.127584058461752,-0.0502295160831845,-0.0245633736342955,-0.156358075808304,-0.135845021726451,0.0403858243134382,0.0545372997688832,-0.00673967707137178,-0.0150350366224112,-0.188447880268954,0.0335850859048834,0.0327489336347579,0.0110140002926685,0.0433317106793279,-0.128494243720461,0.0473662728303421,-0.015677219801119,0.0870467116566165,-0.177929902627806,0.0992723671538609,0.078895738304033,-0.0269794816068274,0.018673592491086,-0.163019688931363,-0.0196665710893917,-0.0926885516126161,-0.213093504368963,0.0398974762755415,-0.211711964013278,0.113345424604464,-0.0852627667482211,-0.108520338703711,0.0329859094330551,-0.0733786096366058,-0.262022479136252,-0.195310038310946,-0.0829593625606532,0.167436497377459,0.0319220496588926,0.200496608536354,0.125171274196023,0.0421755847600445,-0.0968694250073349,0.027759693365571,-0.0929064487088409,0.0768061522611983,-0.102094588786333,0.0965220850441534,-0.0433188774752399,0.089723801338062,0.207065477094443,0.221106465775629,-0.0933150584729649,0.0381782115371056,0.0247304825352489,-0.0100620112135402,-0.064414446781048,-0.0734133310344632,0.0682733280984769,-0.0818637920598724,0.0590868921790834,0.0672300842617248,0.0823035958069614,-0.0635396665129888,0.0502525331967145,0.124355349315376,0.0786694697310512,-0.103108488830754,-0.0220994865858173,-0.00618078901855937,0.0466649688730326,0.0385093547741141,0.0537670444886144,0.0313379488771201,-0.0703417756193704,0.00967585588883664,-0.0300579052807423,-0.127891132802585,-0.188766468090192,-0.10928176041651,-0.120844977254107,0.0389522674237334,-0.13296436694498,0.115365536005034,0.18133300412272,0.016760959100553,0.0131688921975006,-0.117699637580915,0.150068630036458,0.00305106937562002,0.0495648822224195,0.0208656756769713,0.0448320945483453,-0.0543195650099087,-0.13690538096882
0.186596669452996,-0.155301751033383,0.0327819648520472,-0.221338883511225,-0.0252512222076237,-0.000437031059122663,-0.0617757778801442,-0.111317155074738,0.0510506353523212,-0.140618897762822,0.301360291563676,0.0737977243985867,-0.00149349496689152,0.31637375274938,0.0455820781279552,0.0711551529341098,-0.345139004861842,-0.0309449088253168,0.0378697071371392,-0.0711305700233768,0.222219531160788,-0.153726104730779,-0.114117992126996,-0.0498635026241476,0.193899801667191,-0.11290644315485,0.183232220688559,0.280291679838677,0.43842504918553,0.01907936938904,0.275294484114958,0.476491700429237,0.0512548559248631,0.349946999089736,0.0166048183413448,-0.150282834473099,0.0955869055051539,0.238596595886819,0.339451857739215,0.149363764070134,-0.130785791242327,-0.24800563467613,0.041070985533224,-0.200417811969043,-0.129417321791417,-0.167090437422689,-0.133412021986691,0.0703186534194966,0.158513418591562,-0.0353474872614376,-0.028494009303902,-0.0648045617963197,-0.48540117555212,-0.380253723015714,-0.423803193012998,-0.0868718725155136,-0.207688033553375,0.00123841591660574,-0.0531686127526586,-0.293933301500263,-0.247913536864435,0.146453494931141,-0.0244238631471129,0.0333438737508667,0.0462651586019322,0.165561494408528,0.167847173364879,0.102462365193665,0.326390731931159,0.262555288738632,-0.0114867719395006,0.141913059269219,0.356055092174809,-0.046602204278872,0.0646553256440668,0.222313163667574,-0.00757446861647559,0.261842665826677,0.146043552388272,0.398496721432358,0.475480024941806,0.498940532465945,0.432900949124058,0.468329644331673,-0.134850651047317,-0.296132976230699,-0.281641109020613,-0.202802527663711,-0.0733023159120961,0.196018819232328,-0.254091971680568,-0.174848477999124,-0.229933065113137,0.0495287450884439,-0.211224271535263,-0.308262389923667
-0.167066910155705,0.16459015257433,-0.0499680409811526,0.15554497032914,0.122898029812065,0.0530317777525644,0.173186137179321,0.215462906578059,-0.0510483775175517,-0.104981286871167,-0.137571492623213,-0.216400987158182,-0.18244018171606,-0.163450971436495,0.0285783089071335,-0.0364049659834191,0.143051888214638,-0.340742151833696,-0.214029395290572,-0.241236816318378,-0.191798473840314,0.158908477070999,-0.0167827113461441,0.233489653416844,-0.302294240115245,0.138903899391117,-0.313588115654467,-0.302301019869038,-0.433961509838325,-0.199779852109556,-0.19596127959326,-0.441436530549156,-0.275930791235597,-0.386579011645388,-0.0755792932810809,0.292103649240466,-0.0806630544757753,-0.270864005934814,-0.519346599723531,-0.167100657141952,0.177170643771006,0.314441016836208,0.0501908569951206,0.320436635457104,0.363551163909168,0.214254781254665,0.222909907330342,-0.0354434220837428,-0.231815739735273,-0.103252947938893,0.105314512587055,0.113806327012343,0.39101792850179,0.593744142250494,0.520901801782918,0.309944295708585,0.323504414995021,0.1456684962429,0.175047666471286,0.657708741751352,0.419185269696207,-0.258634338611292,0.145851511745669,0.0491588249320314,-0.15014799653385,-0.197337202420378,-0.28241468509929,-0.149962307651146,-0.388529119706393,-0.467721702304131,-0.245240652803882,-0.259986348010157,-0.482457592780179,-0.0588829602905452,0.122817639185721,-0.253587161359593,-0.145184751871039,-0.729653531623766,0.0353097012514169,-0.433123820230305,-0.792429144278868,-0.778859068008958,-0.578458809049986,-0.239491084696772,0.331739894418286,0.254639789007339,0.47321439955384,0.504783338583244,0.128018370189588,-0.0927945157386069,0.0446515217423978,0.458988544344399,0.352046257875908,-0.259098247558246,0.1371904443285,0.457951081991674
0.049593862043787,0.0435171018194359,0.0300610735120184,0.13226484559271,0.0322547578399266,0.0096453601993459,0.0757986773791478,0.0265412415045468,-0.172829868353687,-0.0252678687633854,-0.171113343186097,-0.230126964871487,-0.184592828885179,-0.177086399436826,-0.00928811389030402,-0.018675790459367,0.152844672220257,-0.0743987889286115,0.139985975764499,0.0781811474591509,-0.0376009650489582,0.0397971169533345,-0.0423369451345734,-0.0063795069306021,-0.17830386721218,-0.0328266060750719,-0.0218927187189029,-0.409720715922694,-0.0635173575656398,-0.156848402352218,-0.0769650323807897,-0.142985612017828,-0.0171937769597091,0.0048170138166887,-0.105650501663442,0.146737667169494,-0.0120446315005546,-0.307402865280859,-0.151950927929802,-0.175078885898013,0.101928558918605,-0.085554520063672,0.16252541604995,0.0248182483232169,0.134324766211753,0.251100091507252,0.196671243006412,-0.0297195090824897,-0.042249043955955,-0.0135421767052827,-0.0152687553330653,0.202261523290354,0.11022691740169,0.145609430143563,0.153949129005776,0.0628856471256567,0.0393295997014883,-0.0221146443529591,0.136687654722354,0.162241522959281,0.13690772552312,-0.203012172218167,0.0506381824983762,-0.0240221966232782,-0.0630169358245022,-0.0873116227472213,-0.0445550561228741,0.0633867254434731,-0.0764196094504148,0.00603194125293841,-0.364871145698721,-0.191705296530555,-0.0349732376102612,0.0865102345688851,-0.0467425096352799,-0.13653097917441,-0.118154469835908,-0.128779312981093,-0.00192811971713128,-0.22229223681056,-0.184780483700064,-0.0749442655979851,-0.34811869498405,-0.076937505415923,0.0900525705253897,0.168252971653569,0.12592470412015,0.208069444651593,0.0874471987479982,-0.0112290802982841,0.0649571327292892,0.295553770522462,0.0523948723534419,0.00126509724713969,0.138102435489012,0.289410922938883
-0.00699758863563719,0.011530433820202,0.083707102463223,0.134065095361437,0.0927563854675123,0.0170734717348298,-0.144259111815362,0.0448570823135524,0.170435326518456,-0.115559053288953,-0.0955552933260566,0.0409427857398506,-0.12940625647672,-0.131632106164799,-0.0672512431513763,-0.0629921300673179,-0.119272900237539,0.0314214337383423,-0.0570304874666755,-0.0959519610154072,-0.225592317608942,0.0712550366993067,0.103062643018019,-0.0326029973321297,0.054123063038505,-0.0328023160080958,0.0521993788141697,0.0750489555241063,-0.131801337756104,-0.0954203874573984,-0.140031519190448,-0.0958543681773236,0.0480264742280859,-0.0519488325293485,0.0133598572222134,0.00941657237271429,-0.141010480127957,-0.118242421412407,-0.0566157318152915,-0.222512745871386,0.00361473109575918,-0.056818889715068,-0.081715270943054,0.0624579800288768,-0.137628140464051,-0.0252607842642694,-0.00777700507318109,-0.121402226997384,0.00451405129136615,0.178449506711922,-0.14639775291323,0.0342721892020164,-0.203382828055555,0.0648905935439013,0.0539819076714912,0.102092847483831,0.186314950767445,0.0379487589673319,0.106296422384701,-0.0268199736106059,-0.0471509951732465,-0.126669262239922,-0.211425114681337,-0.0027578979879125,0.00683066352699087,0.0419631654968588,-0.128269177986911,-0.034369683116585,-0.058244836536584,-0.164707419773767,-0.069618992927656,-0.0943692150615413,-0.0090263078855755,0.0763144531151107,-0.0518189616781139,0.0967682496117893,-0.0957701380902487,0.0891301808053373,-0.0167874836908815,0.0807153333202289,-0.0228315036288128,-0.0746444024084151,0.00342367796135894,-0.0316872009972288,-0.0363409462944297,0.0655982781367428,0.129326247908657,-0.0575842858966528,0.0691822889421802,0.0591492247808144,0.00796107343591186,-0.0478638200409975,0.0239624830907038,-0.183911808412811,-0.0535199505488351,-0.0283417824782431
-0.163648170716714,0.0630623284941184,0.0780288425736164,-0.0710067420117695,-0.124324374837794,0.0561008830971214,-0.0162147150270982,0.172500515764593,0.140539381995736,0.00712012400122734,-0.0807190971349116,-0.280339750549526,-0.179056821719098,-0.0805151181446489,0.0274039395916654,0.0225521004583593,0.410681680556055,-0.0285393083833395,-0.013067546816258,-0.121051261984385,-0.0834005450160608,0.0228633249570777,0.022104598235658,-0.0774819115598118,-0.0616378405349804,0.11670236396343,-0.131718685366163,-0.123660094866789,-0.334093639163838,-0.215339858223259,-0.0882556734937527,-0.235212249591095,-0.0836746167510888,-0.168353972833879,0.0635143867568715,0.298521723462803,-0.0151915056560428,-0.158277227581083,-0.262817370713724,-0.0186770177165348,-0.00400096740215269,0.0397684632278317,0.334827441524084,0.145350348151176,-0.0320434274863942,0.104356743706254,0.0965769136290396,-0.219643824847537,-0.163204854926201,-0.0358571048152614,0.0985878471106734,0.0492374457862121,-0.0421834386865266,0.188340306416125,0.162306604625266,-0.0574279874470299,0.113452610679318,0.08350707275586,0.167896843254338,0.0965593390502059,0.121308627360076,-0.24708877693445,-0.00123636090014887,0.126119586011757,-0.0632612576024145,-0.197665706336123,-0.375196631821724,-0.109344138579335,-0.0760707666551173,-0.102792416936967,0.0649272657055494,-0.0438363398011619,-0.00920447245889117,-0.0328430049043147,0.0310052333150964,-0.130410625627973,-0.139307390431723,-0.0234591462332141,-0.0812959189621135,-0.0663564016607063,-0.194579737535148,-0.248344278301485,-0.283554914271774,-0.300171333626802,0.00107626723806435,0.24398781540688,0.212056023845103,0.133930819549371,-0.0542149897806304,-0.0383889922237149,0.136365478481956,0.128194234446222,0.0104769464761898,-0.0431952138882539,0.0678305339928015,0.0910588325596394
0.0157221699647856,0.0295840439486435,0.131921249419113,0.284717329460676,0.04436467991578,-0.0201695247661454,0.0560072732764606,0.112025328327468,-0.126254099396788,-0.161778104212601,-0.203581459152315,-0.117059997459167,-0.144866287645587,-0.0605926197043361,-0.0592335263729112,0.102744758200399,0.248301649211114,-0.092063558566744,-0.0741851646972501,0.096422725318146,-0.134082196409705,-0.014985072740636,-0.114990782429471,0.0517314506314169,-0.0798112965961532,0.0246536991719818,0.0126840732690658,-0.119003145483939,-0.21364187159061,-0.115467202446059,0.0266519437463409,-0.0887256487210155,-0.142892349062477,-0.120171949080037,-0.110132524498175,0.0493146661514283,0.00228703804847305,-0.0246345999583711,-0.0211988197544976,0.00907867625940244,0.0414425671830666,0.101198329383018,-0.172499285927691,0.010096591119137,-0.0362614777090273,0.262699896085863,0.255399892819681,-0.0366730162344433,-0.00457170520451448,-0.0499402668321276,0.0555340778913785,0.00972135620638365,0.172645743901529,0.130447821259184,0.156224979769032,0.0272397547151922,0.106122657277882,-0.00215296103285133,0.0433923011734817,0.144056263672534,0.269020730572931,-0.123027433379401,0.049541017624945,0.0582770983739432,-0.126086419463901,-0.057361674078459,-0.115696434337457,-0.105670982626093,-0.184314889394348,-0.0939229135962203,-0.163803454338959,-0.0963983864924036,-0.193594631134855,0.0753437799395647,-0.158585678189644,-0.0368020970093988,-0.128836028185353,-0.065326504216386,-0.0628529625022897,-0.0153872752867395,-0.336300312090122,-0.304888072830174,-0.26629341418431,-0.0919008192318399,0.0653736976820333,0.0849215328106299,-0.0450880140804795,0.180248149093081,0.0207569931066074,0.0485362282224897,-0.0594413954595166,0.168158228121117,0.111145336921309,0.060362928817917,0.143077201898786,0.20593240293153
-0.0779620821718638,-0.187105963373492,0.0757143208683453,-0.0700246286542887,-0.0699159368492655,-0.130493400124011,-0.122000287037689,0.0258498173349639,0.0963372934913401,-0.0304972196309569,0.0313059672620823,0.178860872635297,0.115586645676693,0.176265154014714,0.0504024338553497,0.0172102317839274,-0.200117774733302,0.130493614519279,-0.111743158630172,0.0507205405513755,0.135072470556873,0.072354777502496,-0.0334529652750139,-0.0538697362853319,0.0898443280458683,-0.104072031487167,0.0633157762101018,-0.0908697914482514,0.191934356911058,-0.0389530339609326,0.158110888177103,0.247307593416698,-0.0397993016635738,0.256625019562183,-0.145496351842747,-0.301998195873557,0.194000914276443,0.0959789396679247,0.244247950807998,0.0639531582697944,-0.0707975239888878,-0.326553542649556,-0.00518507205038378,-0.192362823921436,-0.157142246790864,-0.125140541063397,-0.234416183595874,0.160236830880493,-0.157932761756043,-0.0499209830352249,-0.0346111646541024,-0.228359253045131,-0.212348850835905,-0.102628364484631,-0.305810820646504,-0.284230782220838,-0.236936500320855,-0.0407062937965745,-0.138151389617161,-0.164141972169989,-0.249567930685989,0.067122759811936,-0.135255329080827,-0.0438925719514856,0.194905581647451,0.272033693351065,0.0740603893539261,0.262854556071764,0.0515990484635433,0.058521583790039,0.174274334295759,0.181122721872976,0.197550301589219,-0.05371627963861,0.105482332275016,0.199272009991096,0.14033555931225,0.290865701592778,0.177529146349633,0.166709398737846,0.319922975837084,0.277021915461559,0.121247496411368,0.197078152634619,-0.107987933460548,0.0145897285342015,-0.0924123839105546,-0.278346934433099,-0.184605541421429,-0.0197407787216102,-0.340795774014874,-0.0747688247967071,-0.264198265375889,0.122674039248616,0.0171308316345899,-0.0435719901957729
-0.173123527651069,0.0555925016182996,0.0952499368303545,0.314225367163204,0.147547680884071,-0.0437294379133859,0.303959770288361,0.255226117564083,-0.295990163982845,3.44811345384527e-05,-0.376667785668386,-0.071729825631296,-0.26458788563868,-0.394248294668253,-0.123769136686778,0.195506552914446,0.275935923387345,-0.179355093668117,-0.140197877764091,-0.0958473933007254,-0.33954752788455,-0.089104960224562,-0.0161648909327345,0.017216635336946,-0.409281072102228,0.27996074023944,-0.364280248546767,-0.373817897598439,-0.411868361972321,-0.395605810443308,-0.325357588400537,-0.496832644771604,-0.187730438366602,-0.349047010464901,-0.178818165683619,0.442291646088788,-0.0549878267643924,-0.408842704291677,-0.60959613023538,-0.318127089816469,0.238489756006493,0.409609128830066,0.158592165533,0.42077616933047,0.269153334020125,0.118539833128726,0.374914083789024,-0.275265722468864,-0.316249226148384,0.100400112132607,0.0620872953328162,0.141669017466939,0.600032522796505,0.533248294063248,0.624300679632642,0.287944123804995,0.40123412406912,0.12366445637383,0.036635163387905,0.493381465025128,0.147345075862834,-0.207620887454383,0.0778643364880991,0.211356631545657,-0.2839828919556,-0.370052469773038,-0.457679014047281,-0.186188037213786,-0.270213322048101,-0.220859584008322,-0.237458208694912,-0.325219631751806,-0.322472280167572,0.146515818934602,-0.00750854997399945,-0.474441438599255,-0.143977510067254,-0.465592300047989,0.0429854702891291,-0.188381029376473,-0.842003750362511,-0.756345936815621,-0.646713872409575,-0.329470403906534,0.0716844932787872,0.213010772858043,0.213162209240687,0.388435649851566,0.309006981494461,0.099067358039095,0.107180918124326,0.332498649544597,0.230757360091534,-0.179410716282953,0.193878920370748,0.503044301846908
0.00668949331666824,-0.165828951972987,-0.0848171190247768,-0.0050138905823707,-0.184326215853962,-0.11538344108974,-0.197525746622636,0.0351585940618215,-0.0623524841312403,0.0218915202887662,0.0242162163393316,0.0451273166919098,0.0162754104820028,0.0640595449257357,0.00977914574996287,0.0429266608080489,0.0434960413742702,0.0214431107441646,-0.0668463412876996,0.0287677916524881,-0.0763467793096964,-0.0975450119699908,-0.030285110559786,0.0652117341526894,0.142209842097551,0.0961973978962797,0.000810299188368778,-0.0423262594639726,-0.0379813821687265,0.0196692474014895,0.144383008278723,0.0870128977293624,-0.0346815877119202,0.00147182694558151,0.149616876323681,0.0166406031647715,-0.11120346300888,0.094890898373247,0.00732872792752829,-0.136506373883916,0.267450391540751,-0.00562807697729685,-0.172935262091695,-0.0342916186278687,0.183175168772638,0.00837970774265682,0.0022885573529596,-0.167991457768343,-0.0609073642176144,0.0950032022248805,0.0421633106502129,0.0228122585276711,0.129496872314058,0.00306806335160758,0.0137974798882692,0.0620957502922663,0.0137857832165057,0.0969361380519246,-0.17726416017454,0.17345377435022,-0.079435887928335,0.0872007956582292,0.176886066107083,-0.217709500574993,0.0958570697793471,-0.0831001679095098,0.0239746893117451,-0.00118052198899679,0.199244740414474,0.00994655042045948,0.0837069335321913,0.0953188108949338,0.173494285736663,-0.103765656031729,0.0893753513155356,0.0379337036372558,-0.0695446675865908,-0.103486580337086,-0.0117090365988291,0.0542950350679832,0.11412362165991,0.00153626172506639,-0.151341541451676,0.214209643950637,0.00153350875561496,0.0600339347967846,0.0272303753569339,0.0777188291496076,0.188717541545029,-0.00157178854917106,0.154984855653628,-0.010212069784864,-0.0678552773414088,-0.0899124979050364,0.0255811449838974,-0.105507353179368
-0.288283259181185,0.164054819859051,0.0896593131076228,0.351244204771138,0.0365776467755952,0.230171857226712,0.286361462418373,0.282009595735538,-0.235259527514197,-0.187598428145269,-0.369524461635493,-0.443084478273233,-0.282075859688532,-0.426317826148317,-0.162903017678968,0.0720443856048189,0.559192881787125,-0.225492048241737,0.0562373202857127,0.123106334893745,-0.123537425857838,0.0622470587997515,-0.00821132137601855,0.132035269577698,-0.212006135729059,0.147021531609269,-0.230783812470872,-0.220444796049101,-0.337917091527988,-0.376389656090786,-0.354087705472663,-0.55453328236156,-0.204259579448309,-0.400593324133184,-0.0935604655621762,0.413072933274106,-0.0367204180903183,-0.281283845203849,-0.463764560183297,-0.0884003347420409,0.256997355071563,0.230459822281173,0.0938774917465642,0.204605950523057,0.220661950543711,0.419666153960877,0.280091446016995,-0.202204628712006,-0.0924735180544035,0.0185858651836081,0.038103624487974,0.0935624309712231,0.444670178825138,0.600307020141052,0.44762390440968,0.188767669890912,0.476572600057446,0.0909583872652359,0.150888526664826,0.684699377410142,0.212985644483088,-0.0982467014552931,-0.111429349640964,0.167330560630315,-0.0401652999294145,-0.166676327843588,-0.183799277206307,-0.268199956845038,-0.278211010202854,-0.379095859062239,-0.0346217436934536,-0.465130497649003,-0.373312323401826,-0.136874893185022,-0.130257248487099,-0.432274009678049,-0.231990788381537,-0.351793072099813,-0.0068389585652559,-0.376655134056407,-0.595956327822325,-0.712367921065976,-0.399167398011622,-0.394755279607798,0.13443750744236,0.329590663190495,0.387937180383224,0.542070238711749,0.021058428560577,0.027378080256572,0.310226882436953,0.336434497388532,0.301527226378881,-0.291960344943879,0.128161028115373,0.410237948339774
0.119863907590243,0.0598394078340452,-0.0728503370481756,-0.0321360295174426,0.0182499286819516,0.0166102742496043,-0.00216002372975178,-0.178566692662748,-0.0575678086684654,0.103999972127441,0.295661168817536,0.339904597342794,0.11062152993118,0.27187650765267,0.191178505405532,0.152409467126686,-0.272227954028534,0.0019082510994869,0.0518935563356873,-0.00223968118946044,-0.148931693935968,-0.0468599186926564,-0.125142166446923,0.061868147584993,0.211530304847855,-0.0519116569940462,0.0828497399364505,0.358126350249093,0.246011809959965,0.26147640295941,0.230354892720734,0.101431214089096,0.173442651679051,0.297439944568637,0.295632915271685,-0.129852215515284,0.155251213371128,0.192848556548199,0.262471548096788,0.196629235734702,-0.0917165383226622,-0.239191255261715,0.113653384608701,-0.232412719860482,-0.293720659017124,-0.147167367648089,-0.0702086585206266,0.0347001699692002,0.0896615317893978,0.0473097410991048,0.0158781639490125,0.0282127891681264,-0.180645200550781,-0.272086884751419,-0.190910317068755,-0.2404631794478,-0.0560024591095194,0.0132539958571184,-0.197082386262834,-0.193403326540535,-0.215331787810794,-0.11521218037768,0.0159562775712337,-0.0683126492897475,0.14233648772652,0.0762345300645361,0.220608416482697,0.0948524606842772,0.0736841578700999,0.180841496551913,0.109560444509633,0.09024239895221,0.227514879651476,0.0591064510009713,0.127677728464412,0.0575497429806018,0.155054605588081,0.250535601469667,0.0739176969662957,0.14542642475438,0.337140974850452,0.526737537923484,0.31377128638463,0.00556220559427642,-0.0409922609376006,-0.160746062185549,-0.20303841428623,-0.252880501006891,-0.12119482699683,-0.181109361612912,-0.0958846468154617,-0.204319752190142,-0.106047997770049,0.0577768536384843,-0.0980250420152794,-0.224959854195078
-0.14484682171142,0.0545874593713078,0.191177242956663,0.242065031024235,0.0203844949646115,-0.200615448299048,0.129858274189324,0.123409336032604,-0.288264637907365,-0.0592479745552676,-0.408502969535987,-0.323952036829662,-0.23531646967619,-0.198005884082812,0.00586952755526544,-0.0310369497916806,0.287409213436384,-0.249586583725914,-0.0130431628053398,0.0390232328955859,-0.262148088906759,0.146386859810808,0.0651251330181885,-0.0428990121642028,-0.164946815304023,0.145767613949704,-0.391379783826431,-0.318909980917938,-0.433927622920914,-0.357031171212983,-0.228312772499818,-0.46269617738924,-0.217173453436804,-0.268817313968586,-0.187410073569723,0.472077586654401,-0.034149878410979,-0.240540227127632,-0.708389027159347,-0.014348381183496,0.200942428961687,0.214713143410681,0.00338376539384611,0.110709727719097,0.101588587874669,0.326487777410587,0.242965539873371,-0.248474645486516,-0.031611410052252,-0.126761415243138,0.0203253712036628,0.241611741378094,0.361070186141286,0.423268945433539,0.316463630144036,0.295387583549193,0.313239381519659,0.185336110929612,0.389980134892051,0.434918829507856,0.28612038666492,0.0762558269132912,-0.0474604843223236,0.115620908442523,-0.101140613243959,-0.295018410635437,-0.142313918685954,-0.18946031594875,-0.252702580436764,-0.419854926701265,-0.152006586547247,-0.209811805099215,-0.391892186706191,0.154402141009475,0.0174251831603736,-0.205537263566891,-0.197281548581474,-0.459837805716001,0.0306341298568796,-0.405996834074502,-0.715610976366682,-0.711104217264685,-0.578078718249082,-0.437941902079365,0.27806256073715,0.355331402989649,0.348753195828926,0.279699902674267,0.114362472562156,0.115775207291455,0.0999641415321043,0.409699736892702,0.283574824595451,-0.1300276088877,0.264823827811837,0.2861230943354
0.048092615414159,-0.152485737931233,0.0232018446271282,-0.213168861166387,-0.0190844607799257,0.0349114587369892,-0.26439619343855,-0.189737088119154,0.20455621121916,0.0401767019708848,0.348918537419844,0.351950580804887,0.434281728771344,0.332786861003679,-0.0326761492795109,0.0488761168385745,-0.448811776270134,0.268765894721563,0.244067478475595,-0.00820640080565819,0.332839482619011,-0.102764988990647,-0.129352718639434,-0.151816696968357,0.29595490030693,-0.166646331668682,0.205004116751609,0.505876283092572,0.573461748006241,0.351728050763424,0.489210115808299,0.570595757193129,0.273139940346053,0.434791830879376,0.126567025325692,-0.68861930671879,0.0535379568383109,0.304054586029782,0.530390659110047,0.277650625493215,-0.414905134918486,-0.3512234909753,-0.06670633641042,-0.391332694259579,-0.440434009894205,-0.37945193959321,-0.269122007675095,0.0913756840623113,0.367831150083819,-0.188308579561902,0.0482503786566005,-0.220645439883317,-0.533234155786461,-0.601755754464099,-0.57489239038881,-0.391717921923656,-0.295712825416682,-0.302737244516573,-0.433199449189438,-0.445544354590465,-0.399257706889957,0.137881996610392,-0.0566216821226789,-0.204073510598672,0.0984271381087958,0.304586081152173,0.429628930498687,0.199940752406131,0.217567663627592,0.354990516089006,0.359268399672744,0.358621429094126,0.435475331749143,-0.0490768033198802,0.147705677284828,0.40708814710368,0.276631928421098,0.656967885782273,0.226770183088614,0.616727368206079,1.03102298160504,0.788221523022849,0.842509808405359,0.421668589039862,-0.222619285242172,-0.3926552095938,-0.663005306185909,-0.473405805811297,-0.0404107910915441,-0.107320623366081,0.0766728907448758,-0.484709721297755,-0.178244377182808,0.222528580122785,-0.189951790976053,-0.559474136079802
-0.0251909061889712,0.00400716032921754,0.0535686590952725,-0.0130689885485696,0.00462044843486262,0.0171445545707775,-0.0044861700912918,-0.119141309486265,0.0908574578298501,-0.0846050068236503,0.10549615532511,0.12652994636423,-0.0672472852672843,0.254847603594459,0.0564700082161845,-0.155278704039958,-0.0284793887804102,-0.0402909554041274,0.0085219450049934,-0.0310199891579364,-0.103860847121959,-0.133183259713902,0.0583202521015248,0.0215383719667295,0.0630350973366378,0.0308583998579493,-0.0684150282752846,0.0612636633694367,0.302396620683263,0.1076414517438,-0.0666034554828024,-0.0633671705764142,-0.0773913183687668,-0.0814123192934894,0.137317704149115,-0.0380473970197941,0.0783525641968493,0.11035251491773,0.0539582730930645,0.110147069336102,-0.00266646534431004,0.0746391798907729,0.0850248865326845,-0.0449572951132413,0.0685952213635938,-0.138608542028724,0.00922144745060846,0.0429106505055872,-0.174334508100371,-0.0230814703530142,0.00295114690511567,-0.0415618613592412,-0.0265591282595934,-0.122892769839926,-0.0518810521639151,0.0190355023144889,0.0241007131561318,-0.145833684240238,0.0281646675706094,-0.139230165411942,-0.12498145470326,-0.0365312152848008,-0.0365384550021234,-0.315687506616817,-0.00676131881785556,0.122331407648908,0.0615312466123884,0.161437241383851,-0.0689189379217038,0.0679617221101305,0.0385525475007861,-0.0294968088629946,-0.0476826920512362,0.0979946820602444,-0.0439603169366777,0.120281268583795,0.185470435109669,0.0586109038201241,0.0789804277016539,0.0818284357252654,0.049315705887887,-0.0373627069781465,0.0511846741819136,0.20563251952121,-0.107946340658371,0.154762305656533,-0.163998636953846,-0.123218302733518,0.131543336424154,-0.0181632906619297,-0.137890771007556,0.094511977214594,0.0182742553588941,-0.0209089757215448,-0.0117135561884642,0.0602118544634903
0.149610380242724,0.0112857185694359,0.0948464484079995,-0.120570230718188,0.0573020447425527,-0.0181439987172916,0.0908511818018883,-0.0305603998755811,-0.057067767435501,0.0632448915516998,0.0151690657078538,0.0519670329555126,0.0844760120836574,0.0965571609139642,0.00819150815600668,-0.00668436694467904,-0.0987114266177611,0.0356947850650684,0.000506949201644104,0.0582664916713401,-0.0562165853541059,0.0564378828643606,-0.155435358697349,0.0500309346321591,-0.131400241008704,0.0280049005672771,0.0376147244341204,0.0491864597976178,0.0716715262309785,0.141405362000704,-0.00929656343442817,0.058186648783856,0.148820230120142,0.0150078386523751,-0.0308121662629706,-0.1216987996889,0.0447798493298108,-0.0206606307011944,0.131099905381251,0.0871165666133204,-0.121738836710732,-0.223162901443767,0.0441153173201387,-0.154691754338154,0.0200051931893244,0.0226182350951086,0.0408342097462203,-0.0771738718668223,0.0710674546324566,-0.00521338168846737,0.0269230880875092,-0.0715280788771098,-0.108112563424608,-0.270091077230689,-0.0117637068992657,0.148323045226848,-0.157076037930136,0.0564332662963063,0.0421213399528575,-0.0867729891973493,-0.032577169764636,0.0515959569575058,-0.0724508826592732,-0.102301456679769,0.0685999441299896,0.091882820299169,0.0447497364762308,0.249020509145777,0.128402120952849,0.0946683504861787,0.079712372918368,-0.00917317511403198,0.0634687471329037,-0.0410504642163098,-0.12737922034358,0.0832205450935121,0.0123594286010827,0.0527160549520204,-0.126457108845132,0.110413732115913,0.0762204746619304,0.232685545995224,0.0682467153333345,0.184811199021496,-0.0172737208108975,-0.0520787263112812,-0.0108283820831473,-0.146304170964642,-0.246571732603929,0.0297494317879334,0.0791397300154593,-0.152337889317678,-0.126631558917151,-0.184814785645501,0.221459045746008,-0.106303800639441
0.030822334619268,-0.0942621770905873,0.107369193214666,-0.0650703767557984,0.0233824974475804,0.00354703496655786,-0.176924486269594,-0.0606973864409434,-0.0170976948875166,-0.026586656460724,0.0245800437078695,0.263499521815196,0.0500429363746515,0.414550281674186,0.0734273701697465,0.100445568231999,-0.253571368502391,0.0178423017332187,0.10347707196041,-0.040161104286036,0.0311498973647427,0.0318138330868598,-0.0447903564129308,0.0156468653691354,-0.0753494550131762,-0.0206757504443196,0.217445481339174,-0.0134234079503431,0.12080003512773,0.177381220762525,-0.049110069526165,0.242444071698998,0.0840832332331446,0.267031356886351,0.0474126743973411,-0.036417493384121,0.0586860100738819,0.150585138324278,0.153518201021809,-0.0217282821822707,-0.209790445043361,-0.165264024193118,0.00762227333917473,-0.174173281695664,-0.135280681833062,-0.14760809200575,0.0308942765100537,0.192871676660846,0.0772166829752756,0.142270797234869,-0.0191389050240886,-0.0902060997700148,-0.326073461830296,-0.347058454439794,-0.21997716408774,-0.178455791938518,-0.314752248126804,-0.181534214853381,-0.124192888978032,-0.293755333483141,0.111125254852973,0.0233719383617348,-0.0732222023652976,-0.146565606475698,0.00046084455202175,-0.0587612097890261,0.141000573041804,0.207879696221471,0.238655237551259,0.168382377993026,0.0363620836335661,0.13691262043627,0.188295737470858,0.180122724719888,0.142651803789416,0.0343893871357694,0.0822591416627398,0.274663695770902,0.125554203994109,0.0843587254740657,0.32491513095378,0.309061192859609,0.281968881076816,0.153263373793255,-0.10074390650674,-0.103544108192358,-0.107524102592305,-0.272963419410722,-0.0538346993293367,-0.0740447839369788,-0.129611143048614,0.0300657309548552,-0.213982206700333,0.18427222370921,-0.104847629357088,-0.108266238647085
0.0659867040998051,-0.0637455492443754,-0.0680865794236291,-0.116223375764381,0.0337034983798989,0.00394255198757846,-0.296250092757722,-0.139998653561066,0.0972505646865047,0.0464012940811149,0.256746057085281,0.104847147913647,0.213706657414113,0.159493830659994,0.0721917213787658,-0.172436688250149,-0.242623418255461,0.286631263621476,0.154843283840839,-0.124747582113822,-0.111932032557902,-0.121826534265726,-0.016029257361029,-0.0743785648228042,0.00256509703293073,-0.0951426674895944,0.0702573811213859,0.173098652508372,0.30892005345029,-0.119605291939821,0.425921968111596,0.326392740296382,0.147590468878979,0.178500612353795,-0.0154740410413505,-0.30991271009459,0.133594714143111,0.00230187186900604,0.465088873947941,0.170805682305418,-0.0127049295906871,-0.00525153700038949,-0.00641544214901704,-0.266427456869736,-0.068478253917697,-0.0274126602687237,-0.0703252038321776,0.0935834945024435,0.147572842990184,-0.0140668054487918,-0.127491563531699,-0.0287307637815683,-0.333542090877343,-0.434797931399982,-0.140855280396313,-0.168643016077868,-0.336487012729251,-0.350539191253553,-0.126098278976592,-0.35666288980871,-0.196074146276071,0.140538950074923,0.0334466569409418,-0.104157831986023,0.283864211605935,0.433170128928948,0.0921723684983887,0.0384110214099886,0.30629562939782,0.480512143509414,0.247021153530263,0.263070803928492,0.207985370772722,0.0874193465327852,0.080455502291711,0.409339344561713,0.0631049722088206,0.335519857829896,-0.0498943473257958,0.256290498614602,0.327098202691262,0.305506346444365,0.51070432844851,0.0231394084737107,-0.254125325867835,-0.155436195541328,-0.180735264967549,-0.222329118338006,-0.0959170859053688,0.0119839211661501,-0.0514918098452319,-0.043602120554883,-0.251484311858402,0.239452896448617,-0.170856268076157,-0.253375088177769
-0.124639835256961,0.0686518551948274,0.205494384456174,-0.0741123641305936,-0.0396307275104356,-0.0732321935576635,-0.0734225640524739,-0.311569014831783,0.0968640714977469,0.0239166302584516,0.100507800568472,0.241099943804392,0.161971286215332,0.126513791819822,0.0744126138957014,-0.199577936518511,-0.246328928814479,0.0764531248279435,-0.00683667937001826,-0.0931646370568838,0.0278883009343404,0.0733707707780655,-0.0876374581514846,0.0729453215870969,0.0165336432196755,-0.189135004459264,0.0743424495065958,0.0257807203968919,0.104067181117233,0.0879225798615659,0.260608361323965,0.213559177989173,0.138893262509687,0.0498586990050452,0.0839131232752683,-0.339517602546563,0.0371658794317278,0.104357635101869,0.363986137574962,0.217173236730375,-0.082065488749488,-0.149133009307357,0.0770073191701769,-0.10243984433383,-0.134419611318225,-0.0353532920661665,-0.0126313108371075,0.109629116234865,0.203289408822865,-0.0172644770318373,-0.0762273852530276,-0.189751680921135,-0.178305195200557,-0.357986619180737,-0.148787654068679,-0.046918792849012,-0.208672618996539,0.145229984174406,-0.131058874571157,-0.230547797291612,0.0886163583172435,0.0299002587496822,0.0410778019669566,-0.170237593333564,0.185245231273225,0.0729682098284082,0.207012473700218,0.284894300516146,-0.0681442066913322,0.127896105286218,-0.163493251168692,0.30735962459312,0.0294027895637775,-0.141601213628677,0.180478013266092,-0.0165948732797818,0.106590797800197,0.218266113082577,-0.0173751488948571,0.0369648586669554,0.287126126917287,0.241097439647305,0.233850332404246,0.227374620996761,-0.0698156883861948,-0.394046406988987,-0.0319916759792023,-0.273658945104211,-0.231161923524879,0.0341119135561364,0.0322646141515464,-0.204329097475294,0.0898754402582175,0.153353126632717,-0.161309177740161,-0.300289839688236
-0.0347954759528155,0.0681426154149181,0.0609081498778161,0.178367838417539,0.0934592118001459,0.154490349181042,0.212272599262526,0.285253904602609,-0.115421542808941,-0.217450601626073,-0.376724195796015,-0.33283728846245,-0.383168227147387,-0.229069129016945,0.142906984563146,-0.143122378128173,0.246267498545056,-0.0568149819130796,-0.127196344076211,0.150029077999009,-0.127721204214396,0.0159244066352221,0.103404810406257,0.180796404022618,-0.321626225317806,0.172918232508517,-0.292288408112643,-0.406970900781388,-0.596257528250158,-0.158800422958242,-0.387167494456524,-0.513419607507458,-0.217626884818468,-0.383571900019507,0.0138379861199166,0.39340397503633,0.016009269255502,-0.254573631028293,-0.589730707203375,-0.175581680412342,0.33191302150429,0.277652239568858,0.0242945166711711,0.321024189116066,0.24567422539862,0.291658734745795,0.176154026618058,-0.228151080936129,-0.1818932432874,0.0919820775982936,0.0601971853791081,0.335359636321923,0.613083237713305,0.441174980546943,0.323131412092121,0.444012331912314,0.379730420473909,-0.00791856821219142,0.323123045722002,0.447671924609168,0.26911527212878,-0.181526417726564,0.0230992781658009,0.15225774747244,-0.0620914780551627,-0.225304050796043,-0.157846067414494,-0.0697305768076099,-0.255163972396106,-0.363915921063894,-0.151077780985886,-0.233659252522005,-0.297231984479905,0.0814132111279792,-0.0816588314897169,-0.218898143001391,-0.147479801048726,-0.49829974847985,0.017812716935044,-0.38188563501731,-0.879803352299213,-0.660767142309646,-0.845810526296453,-0.209226223653021,0.119226718310132,0.275814954117011,0.481012600835071,0.483837906311959,0.146367346200824,0.21503162765912,0.267867733651891,0.287526864831377,0.354322897290374,-0.211099878634209,0.364914718706712,0.206938567266469
-0.1851803426482,0.11554308558826,0.216657991270906,0.191448995727344,-0.118794075084563,-0.271690053139672,0.0292330763077144,0.332288457591222,-0.0998802578923976,-0.00370496935978633,-0.0960856855190817,-0.299842189848791,-0.173933405967588,-0.14371147675452,-0.0280847988917052,-0.0189247751660203,0.31560250097508,-0.08793093450096,-0.0122400043245501,-0.0678911915786652,-0.0682345752067267,-0.0394844397734438,0.0379850840339262,0.186416494501336,-0.355743768443232,0.204678902965501,-0.164054569625461,-0.330867479803035,-0.411400633327357,-0.157915407751501,-0.165006543791438,-0.339890695072056,-0.312173724228798,-0.205880728427426,-0.138591542427231,0.44857021866096,-0.0371690961699911,-0.11119989594143,-0.381992667202678,-0.0981348495580809,0.135823660751957,0.432869714599343,0.288794630763198,0.114032907070443,0.234116378003018,0.177731441997244,0.10247776250857,-0.239658173463027,-0.243635284278319,0.150854725580912,0.128802347452186,0.134831800777661,0.243992518881115,0.292623218910798,0.320438310330608,0.17373169335897,0.235610064880588,0.141074394804663,0.176126259774083,0.390409250007494,0.43490317017977,0.0120771031167261,0.0481287157198446,0.299933408053058,-0.156639931419628,-0.165149221026341,-0.282994332505052,-0.0902623861408436,-0.162489316596307,-0.409349396594028,-0.212370731069588,-0.359898481711454,-0.230180525487115,0.0245780491597997,0.00982521011985397,-0.267081149870593,0.0156183016515619,-0.431367896786338,-0.105446487896561,-0.147632498647002,-0.561514783321954,-0.614878917634588,-0.347444942259166,-0.18094938130183,0.260776952549083,0.0587079728293196,0.241618159234585,0.130518683721969,0.265566826243605,0.0764338253583356,0.119000280899857,0.180899526143046,0.136533488671662,-0.0319177566919516,-0.100129139741806,0.268506391748509
-0.377751841660287,0.303309574414131,0.12052980553278,0.399362811812998,0.0513765625200279,0.0320658397157285,0.358034256948826,0.501444028930079,-0.0981454939276764,-0.323182396216851,-0.786145518791345,-0.480952207745758,-0.718035826590073,-0.690148800152376,-0.318320066219744,0.0202822184523324,0.72971422653705,-0.2808146432234,-0.33787743450406,-0.00723127649311758,-0.354263608988757,0.13766030487325,0.186624255128979,0.275608015643554,-0.665373718095787,0.479823353060229,-0.557343254613031,-0.745474169150048,-1.31014812114879,-0.456963289666734,-0.561358185171478,-0.786177488189906,-0.605193432886248,-0.833242340372331,-0.0727276951976786,1.13797196750587,-0.221743224697138,-0.513496312489927,-1.31083912414331,-0.347758416242435,0.434273058804753,0.783525987808104,0.280004064261585,0.72271760939892,0.456215845243939,0.798926734615953,0.414645812838395,-0.227890217168828,-0.420818024258972,-0.106422810342952,0.103867545218408,0.509998484883767,0.902347762406328,1.13064763143637,0.979169733766602,0.600205331832794,0.764963581732039,0.307532597607848,0.55576126340989,1.02898510895471,0.725337148300587,-0.368463193216069,0.249500616973711,0.239318049727603,-0.477163085273242,-0.440901211437924,-0.640967502275094,-0.246321153002674,-0.398591304061512,-0.837520281047126,-0.415405168105387,-0.938900346295781,-0.805364032602505,0.0912657279908653,-0.112238582439297,-0.574730644590516,-0.534692500073316,-0.966627679117216,-0.110845198517189,-0.739891230471299,-1.57017938672951,-1.49869891048043,-1.26633820876164,-0.716807591968303,0.410624850024454,0.526068744386875,1.03145737044796,0.889108402359339,0.221194882231472,0.337121502413619,0.391842390320384,0.714394621529873,0.501511639076381,-0.335990081998062,0.387680148287216,0.927909772830064
-0.0203211071917713,-0.0882885069533103,0.08084888281395,-0.110944356639281,0.0864992919509999,0.00706825148832291,0.14108784840101,-0.178520244226557,0.0380177857256632,0.0789001924991418,0.0116977894584859,0.144553441601144,0.232990486732052,-0.0268553347639705,0.0625133641383577,-0.179492865598485,0.202705554722145,-0.023377307593902,0.0228022845588655,-0.115228793926711,-0.133172218035397,-0.163816698910761,-0.198661303157105,0.0693830908644904,0.165722262616754,0.044035604293762,-0.0864143638144357,0.152671464260542,0.125085234236746,0.22339300719974,-0.0242116746469021,-0.124182175061985,-0.0675069730553568,0.0170797535488876,-0.0391580583734678,-0.114167394079927,-0.0300708503564621,0.0552036317084324,0.0612272270840954,-0.0107434380952703,-0.0740853772250941,-0.0454151611428958,-0.193695146575567,-0.0848212080193436,0.01624060583695,-0.106484028178645,0.0620946761827382,-0.0299568304993334,-0.263315161059588,0.150934041751237,-0.0329582203107933,-0.0121938579853294,-0.0353320888897607,-0.0734794569462166,0.033323839249725,-0.069021341407085,0.10192838599938,-0.0170893655899342,0.0464325196241051,-0.101021477221752,0.228679303004453,-0.0353614012250364,0.068270901763237,0.0198379158802292,0.0111562835742332,0.204199140298898,-0.0380975474769076,-0.0600286680749866,-0.079083732678988,0.1425951930455,0.133467609082454,0.0205539140045618,0.0146139901066251,-0.087038611153712,0.12363482919777,-0.127016767797781,0.0283272304884093,0.218487128173717,-0.0380858471364058,-0.180400202953658,0.103398315523419,-0.0413984550835037,0.183586526364837,0.148476075051896,0.0479555781271838,0.0284544574594336,-0.0569485908585697,-0.0259697115072659,-0.176098633931672,-0.0832518703779831,0.100603015128079,0.0179510372051067,0.106247710235137,-0.0308135512355388,0.0162513497590582,-0.0919898776103327
0.551276323279426,-0.0592736875868473,-0.0600847251403101,-0.398388411507474,0.162955568364974,-0.0584302345909417,-0.220751457387492,-0.149505040924891,0.0665847053485601,0.260673868051963,0.360950975651563,0.371739487172916,0.413470882183598,0.425063211174596,-0.0469475493898341,-0.0335236748737548,-0.519832325951239,0.190254176548381,0.0507237596624388,-0.084339460493121,0.315732041683697,0.056694931701017,0.0464223793762474,-0.0868304840991742,0.23053944678965,-0.208403279875834,0.420686721356478,0.571027990922123,0.769140046838452,0.441947017798986,0.503958761081792,0.588406656976454,0.341132012042984,0.734029820644232,0.239883187549415,-0.608599381448082,0.296573996987388,0.361880302612628,0.639783561278781,0.0966528169976181,-0.330036860010648,-0.464588967175359,-0.155656618816114,-0.268627660853097,-0.287481001295362,-0.412667870499844,-0.280614014072569,0.224135832993254,0.475748324827377,-0.0705793149566379,-0.140098307995355,-0.255739815881067,-0.63559913151443,-0.734768911935772,-0.685784545489588,-0.4077099932362,-0.598767677983445,0.000790574357949075,-0.25631899880352,-0.626048206151856,-0.304764506715283,0.180508533551033,-0.150219011942565,-0.0732069164303836,-0.027754186377531,0.342966436619809,0.460763973292324,0.322940738306379,0.419310744875899,0.318277942483669,0.173673493351089,0.582646162161976,0.435955874866875,-0.0572029942278346,0.0920889007798193,0.486266597899678,0.167567474842816,0.486220027571658,-0.037883691453861,0.638990927445114,1.18078344359102,0.908246277973482,0.997591922713944,0.537128879250886,-0.25757692978997,-0.420597803188211,-0.592931322991452,-0.54299935269517,-0.309047678247361,-0.129482581398776,-0.184674144918701,-0.361241835994761,-0.193692334526735,0.131325514322461,-0.372994223215383,-0.543847697741827
