"V1","V2","V3","V4","V5","V6","V7","V8","V9","V10","V11","V12","V13","V14","V15","V16","V17","V18","V19","V20","V21","V22","V23","V24","V25","V26","V27","V28","V29","V30","V31","V32","V33","V34","V35","V36","V37","V38","V39","V40","V41","V42","V43","V44","V45","V46","V47","V48","V49","V50","V51","V52","V53","V54","V55","V56","V57","V58","V59","V60","V61","V62","V63","V64","V65","V66","V67","V68","V69","V70","V71","V72","V73","V74","V75","V76","V77","V78","V79","V80","V81","V82","V83","V84","V85","V86","V87","V88","V89","V90","V91","V92","V93","V94","V95","V96","V97","V98","V99","V100","V101","V102","V103","V104","V105","V106","V107","V108","V109","V110","V111","V112","V113","V114","V115","V116","V117","V118","V119","V120","V121","V122","V123","V124","V125","V126","V127","V128","V129","V130","V131","V132","V133","V134","V135","V136","V137","V138","V139","V140","V141","V142","V143","V144","V145","V146","V147","V148","V149","V150","V151","V152","V153","V154","V155","V156","V157","V158","V159","V160","V161","V162","V163","V164","V165","V166","V167","V168","V169","V170","V171","V172","V173","V174","V175","V176","V177","V178","V179","V180","V181","V182","V183","V184","V185","V186","V187","V188","V189","V190","V191","V192","V193","V194","V195","V196","V197","V198","V199","V200","V201","V202","V203","V204","V205","V206","V207","V208","V209","V210","V211","V212","V213","V214","V215","V216","V217","V218","V219","V220","V221","V222","V223","V224","V225","V226","V227","V228","V229","V230","V231","V232","V233","V234","V235","V236","V237","V238","V239","V240","V241","V242","V243","V244","V245","V246","V247","V248","V249","V250","V251","V252","V253","V254","V255","V256","V257","V258","V259","V260","V261","V262","V263","V264","V265","V266","V267","V268","V269","V270","V271","V272","V273","V274","V275","V276","V277","V278","V279","V280","V281","V282","V283","V284","V285","V286","V287","V288","V289","V290","V291","V292","V293","V294","V295","V296","V297","V298","V299","V300","V301","V302","V303","V304","V305","V306","V307","V308","V309","V310","V311","V312","V313","V314","V315","V316","V317","V318","V319","V320","V321","V322","V323","V324","V325","V326","V327","V328","V329","V330","V331","V332","V333","V334","V335","V336","V337","V338","V339","V340","V341","V342","V343","V344","V345","V346","V347","V348","V349","V350","V351","V352","V353","V354","V355","V356","V357","V358","V359","V360","V361","V362","V363","V364","V365","V366","V367","V368","V369","V370","V371","V372","V373","V374","V375","V376","V377","V378","V379","V380","V381","V382","V383","V384","V385","V386","V387","V388","V389","V390","V391","V392","V393","V394","V395","V396","V397","V398","V399","V400","V401","V402","V403","V404","V405","V406","V407","V408","V409","V410","V411","V412","V413","V414","V415","V416","V417","V418","V419","V420","V421","V422","V423","V424","V425","V426","V427","V428","V429","V430","V431","V432","V433","V434","V435","V436","V437","V438","V439","V440","V441","V442","V443","V444","V445","V446","V447","V448","V449","V450","V451","V452","V453","V454","V455","V456","V457","V458","V459","V460","V461","V462","V463","V464","V465","V466","V467","V468","V469","V470","V471","V472","V473","V474","V475","V476","V477","V478","V479","V480","V481","V482","V483","V484","V485","V486","V487","V488","V489","V490","V491","V492","V493","V494","V495","V496","V497","V498","V499","V500","V501","V502","V503","V504","V505","V506","V507","V508","V509","V510","V511","V512","V513","V514","V515","V516","V517","V518","V519","V520","V521","V522","V523","V524","V525","V526","V527","V528","V529","V530","V531","V532","V533","V534","V535","V536","V537","V538","V539","V540","V541","V542","V543","V544","V545","V546","V547","V548","V549","V550","V551","V552","V553","V554","V555","V556","V557","V558","V559","V560","V561","V562","V563","V564","V565","V566","V567","V568","V569","V570","V571","V572","V573","V574","V575","V576","V577","V578","V579","V580","V581","V582","V583","V584","V585","V586","V587","V588","V589","V590","V591","V592","V593","V594","V595","V596","V597","V598","V599","V600","V601","V602","V603","V604","V605","V606","V607","V608","V609","V610","V611","V612","V613","V614","V615","V616","V617","V618","V619","V620","V621","V622","V623","V624","V625","V626","V627","V628","V629","V630","V631","V632","V633","V634","V635","V636","V637","V638","V639","V640","V641","V642","V643","V644","V645","V646","V647","V648","V649","V650","V651","V652","V653","V654","V655","V656","V657","V658","V659","V660","V661","V662","V663","V664","V665","V666","V667","V668","V669","V670","V671","V672","V673","V674","V675","V676","V677","V678","V679","V680","V681","V682","V683","V684","V685","V686","V687","V688","V689","V690","V691","V692","V693","V694","V695","V696","V697","V698","V699","V700","V701","V702","V703","V704","V705","V706","V707","V708","V709","V710","V711","V712","V713","V714","V715","V716","V717","V718","V719","V720","V721","V722","V723","V724","V725","V726","V727","V728","V729","V730","V731","V732","V733","V734","V735","V736","V737","V738","V739","V740","V741","V742","V743","V744","V745","V746","V747","V748","V749","V750","V751","V752","V753","V754","V755","V756","V757","V758","V759","V760","V761","V762","V763","V764","V765","V766","V767","V768"
0.00740564619410665,-0.0131618243964405,-0.156663877681694,0.146493687863967,-0.0929028511199124,0.0571365983313434,0.0221701098505795,-0.0629261026996723,0.0223572101906297,-0.0388294044780322,0.0306763431309226,0.00545261535210647,0.210577791516899,0.273138084589043,0.18655653465857,0.0675251837199888,-0.0152456551501116,0.0209355311555235,-0.17916399553754,-0.198267021897741,-0.220879478315707,-0.00541870405492952,-0.0127134997904792,0.191918763008579,-0.0463324113881051,0.146909217037039,0.0674975172917747,0.093485737185337,0.276110445239741,0.155978921753077,-0.11565875590744,0.0305437199257993,-0.0640565562961387,0.0870219922250011,-0.163335118712948,0.00756165610903616,0.00357008946139389,0.0324424176612179,0.176223459790077,0.0464228278753377,-0.0365095092703641,0.0280698086785466,-0.186392529396856,-0.000415271859208191,0.0596131219484243,0.0362875872745911,0.0853084777715373,0.158634944426245,-0.148786623385245,0.0832410890955599,0.194334660148435,0.0287368444734229,-0.0847260642709658,0.00745971810004735,0.00368864237722293,-0.0127138558201254,0.19056290694007,0.102205619677094,0.034932935855303,0.0377453886560544,0.226220093178451,0.0368931254829958,0.0226828172542818,0.0354970447417967,0.0805256720929848,0.154993514848652,-0.100888972066734,-0.0410264363515921,0.00661572928295833,-0.13671292991086,0.0609274034551109,-0.123662981909171,0.136378141087775,0.244765385635774,0.036179222001985,0.0170457340276645,0.148382907490481,0.159546836859438,-0.0331858982953912,-0.000181737710764102,-0.00511424760163928,-0.0151057095097265,0.0719250853111879,0.0670437901361124,-0.131362025359112,-0.0361821323100683,-0.0788517112330103,-0.131428717045611,0.0632549166582541,0.0166536329354014,0.0904991865862717,0.117141765773847,0.188984411789848,-0.0729672227523853,0.0833836938402962,-0.00722966555952695,-0.121395675445821,-0.172406196248581,0.0717008166016458,0.208748151115797,0.0584423947565626,0.133856239852214,-0.0507167968757388,0.0461801376640999,0.0840994924552694,0.0985471272479846,0.0342583957296564,0.280861914965892,0.135065421419526,0.0681945956361846,0.0428293492628524,0.140960856444221,0.0852309001407477,-0.072266814952703,-0.0565622158651153,-0.0751830555170197,-0.0091265803604673,-0.0139969591391306,0.121428774666611,-0.13241161462998,0.0185212545457884,-0.0045508041831431,0.134795579419294,-0.081611502095225,-0.0752094756365709,0.106702552314474,0.104369716093689,-0.113724639047513,-0.00304746473170516,-0.0696858500920861,0.143788456538058,-0.119605535265043,0.00221057584116017,0.0556288518161068,0.0369060477900082,-0.247572814138456,0.0464430677660119,0.038467281566427,-0.0339828845284139,0.195378111065061,0.179501362246273,0.344253748080711,0.108031848936326,-0.0559487491382731,0.124566744840809,0.137972693908443,0.0729893439046697,-0.0699138503653731,0.0562015624772646,-0.0525527737838169,0.0630636192918327,0.199779008067687,0.177795547457112,-0.233380543944677,-0.0128377247144982,-0.14085339907218,-0.193678818068776,-0.016047090047447,-0.111453213653871,-0.07717395695816,0.128516508610033,0.137253094533194,-0.0685356201848994,0.121395547295253,0.0503723569190574,0.00702472457171897,-0.125753132333548,0.061842937260886,-0.0867646868118856,0.265403795020456,-0.0982920802174232,-0.173753482036411,0.0112249338108815,0.075753250434079,-0.127851309181773,0.0126536169331872,0.150709506484509,-0.0319803673833616,0.0199139843928635,-0.0289295516415408,0.0329645427044984,0.0600625055287237,0.0387465029147969,-0.173577435272418,0.109953152464145,-0.136402391887552,0.0231633480509605,-0.099065774661012,-0.0681356762314371,-0.22289366216195,0.0617131872559402,-0.0196712541380776,-0.0211273744715751,0.036477053006501,-0.19873964040938,0.084523223736848,0.069468971614223,0.100548266320834,0.0620745903716551,-0.00222224732386602,0.0931068001538908,0.0203402734928335,0.157343189422916,0.087324588087019,-0.139846326461483,0.230864911320621,-0.0155496861820377,-0.137856662538863,-0.0513387098498716,-0.0514276063253386,0.110521344978476,0.0938508815749867,0.21294295093306,0.118243437250003,-0.00626532993851016,0.146645077036921,-0.0312921208799512,0.16064120496048,0.192349054249201,-0.0518618343637432,0.0337551677294435,0.0373231418297217,0.17122805975344,0.0481647413544597,0.131059314288109,0.0443788321399255,0.121314815999103,0.0285896858543118,0.0886216754677721,-0.0341752250128822,0.080101855165136,-0.0717354934050938,0.0690353462732822,-0.279634258642885,-0.00284060257550812,-0.15847492264379,0.0671204737478948,0.0772664139100428,0.00119670152761855,0.0261330030025662,0.103542715611348,0.0161899562847243,0.0740514649309564,0.00259654041338846,-0.0753649864889318,0.0621697999953245,-0.0596258049621358,-0.116586747644936,-0.0720533432031184,0.157049446234565,0.155247735890928,0.0107989176263717,-0.00989399576229708,-0.0233668623048794,-0.0827262136816784,-0.157750994013888,0.053413739536843,0.147103032520576,-0.036007779865414,0.0900438945355805,-0.0383935783107422,-0.0182587158050375,-0.0155043297017591,0.0152886036714535,0.0938316168801979,0.0698691209744084,0.129082576085308,-0.250885998234833,0.0741599355678474,-0.149555791733181,0.119578483735433,0.137377410115364,0.0311002191896212,0.0530372904139409,-0.019889139322742,-0.0435715380359872,0.0716187609775468,0.0514612259620745,0.0295879067021035,-0.078786248381894,-0.0613009939561144,-0.0866988724343879,0.110475349569135,0.215933816450814,0.107913768623797,0.0643559541550504,-0.111611442681276,0.0315163815971633,0.099111731282734,0.233721791824942,0.136330066946736,-0.316368405571848,0.0518782072771307,0.0693790464324833,0.0572629294801146,0.0526876087727433,0.0618824575018525,0.112811257664754,-0.0829638369117083,0.0564552210315191,0.149768504565617,-0.33752197319007,0.0936979693131177,0.182150824451291,-0.0646823062741504,0.244015829460616,0.140709347388464,-0.00849356909127548,0.0235745755645699,0.00223014607296165,0.027294279963731,0.151180399753809,0.052528259581939,-0.140442411543397,0.136082237446795,-0.0608117412099293,-0.111171685159644,0.00632353140810314,0.0484077651821228,0.225844559776475,-0.190073345452794,-0.169991393916836,-0.0688388054167112,0.118424999016134,-0.241512349030305,0.0161443712523759,-0.00413946687778847,0.160283217251188,-0.0246857635610534,0.00393816513181564,-0.0563056721519245,-0.103327647497514,-0.0344456788783082,0.003456209222226,0.0502922040539515,0.0409961555153922,0.0228450260306725,0.0452261948705565,-0.0819432419135345,-0.0625230146252223,-0.117219344725785,-0.0874692452281983,0.0881846803323479,-0.0347340566417916,-0.0565215327703457,-0.0595578380670556,-0.0382679545673016,0.00665657727232651,0.218289667844592,-0.0763233261676883,-0.00127236442753145,-0.00179125698864094,0.0483950727814053,-0.0335466559788379,-0.262968469803222,-0.131562527280615,-0.193479704913083,-0.160990642115134,-0.0601808651203601,0.0891195776999897,-0.10041865944011,-0.0784587763767582,0.10946066083181,0.142419619093193,0.0578806652396772,0.122079183342195,0.036340575094851,0.0861937543445071,0.273806419470751,0.0944241251816006,-0.0698624592541483,0.0633356704508612,-0.0398506433338174,-0.0621239906971933,-0.0735550434285461,0.191061547705602,0.0598380845757276,-0.344123182111676,-0.102256385396298,0.211479630899766,-0.0895452879087897,-0.0645329041877827,0.112260361234116,0.00692411974553844,0.0465211818279459,0.000128859253660652,0.0858545100226357,0.013748978032349,0.133237120471818,0.00311747554361728,0.0406278384283282,0.0193742059519277,0.327720699058315,-0.0574682565443173,0.256189820028301,0.160936555478743,0.118564974987173,0.0745486676322731,-0.0687342252114529,-0.106421996005202,-0.112681375986565,-0.127764405482701,0.00182628101092874,0.088230248666355,0.121514636913246,-0.000512120349930432,-0.0877256379410924,-0.133075973984651,-0.0237266246414471,0.106625300012408,0.341754005038536,0.335232741333404,0.115656288393091,-0.00394964387139942,0.168047690609249,-0.0350096712232942,0.0529684067827225,0.010097170488721,-0.013586449570491,0.170120665159789,-0.0132793989420662,0.195986871999511,-0.129144254151651,0.089418264658708,-0.0248065539139923,-0.0646480080819415,-0.0574560711552535,-0.0483626078537578,-0.138125767403014,0.182220747562705,-0.0156026484969549,0.069184918254017,-0.0546005544438748,-0.0510741900338823,-0.0825179489364044,0.0251460971454645,-0.186612166383886,-0.0774336394129837,-0.0181245694384145,0.0835333567002971,0.103187132969716,0.140265126176598,0.0286328655149022,0.0197358206326622,-0.010684235901138,-0.10338120642933,-0.0819969714606406,-0.00655799099078213,-0.151630067412969,0.0152519598005968,0.160379689881557,0.0842360153234979,0.223316540757051,0.0633535310720561,0.0271403444700537,-0.145663447467194,-0.0165211755332297,0.027616725852106,0.0862750138470433,0.145181072803099,-0.0752403478933552,-0.1463629714747,0.182737681451367,-0.0472283820839368,0.11609208256941,-0.221361101579423,0.00774072430265625,0.00768773702368172,0.101670434138056,0.0992012693692386,0.0816516370063735,-0.01571637273995,0.107825970831841,-0.0552986621912126,-0.0964903844428078,0.0365299826103088,-0.0620193343034612,-0.169417857155777,-0.0556608384691043,0.0439709671918023,-0.140553242951166,-0.162365176174524,0.106646495482205,-0.205350619514538,-0.00825643605477504,0.141150544578105,-0.374032697615715,0.0523611013505941,-0.113173035273989,0.139346143018462,0.0105084282474073,-0.11875903638785,-0.080434472568512,-0.0441971716896782,-0.119435774333277,-0.184742704795307,0.0230216217601665,0.086261360311081,-0.0309175908667153,-0.0325924933921307,-0.0903265161806653,-0.281575553231596,0.0992781156497569,0.0521396864952651,-0.152689296857714,-0.180853457905307,0.183014675676418,-0.110025512509655,0.0603500988427042,0.0974411144505374,-0.00246327353523335,0.107712514681524,0.176230484469611,-0.0501464328330311,0.0866834913321484,-1.42611718029831e-05,-0.00216674623952437,0.120589485280708,0.0181981302983447,-0.11198524700426,0.024056563339907,-0.0418279973227091,0.0584404688590797,-0.174681427015043,-0.109527165627381,0.112393896203321,-0.0513815521609481,0.0393594113312814,-0.0678563024784355,-0.0351289967732006,0.0545847766622802,-0.201981686560804,-0.0504863521106583,0.0719099205655487,0.00648223657489776,-0.0104035528975758,-0.00335956002530096,-0.261581349607647,0.0768400582669274,0.166475001278831,-0.0605916159767577,0.318040092133915,-0.197925227116427,0.100440428991051,0.0182170647998375,0.0955733109957545,0.0159693597365839,0.0810728991727854,-0.0474608229542001,0.12278615675195,0.0421697480670182,0.121582673144472,0.181025600741842,0.237844790890686,0.0272365626762311,-0.0357087782141799,0.0665435622202216,-0.139134943985149,-0.180854318431383,0.0520400219107147,0.0918123163572398,0.0254816404183471,0.086224105033886,0.161154343914214,0.0788050145075504,-0.104072004934415,-0.118111344607641,-0.0328369082471503,-0.0678996576533217,0.0399040122227695,0.0310410630369756,0.075849359562775,-0.0702125827193621,0.122195251754413,-0.00633479304359232,-0.237846316018324,-0.123731673339193,-0.220234002239625,0.153875934860929,-0.130566128459459,-0.0437902901945817,-0.0720917307945403,0.0383086273538583,-0.0666953367100502,-0.0494437028657683,0.037642462006432,-0.134013690578452,-0.0184819535382396,-0.0228984231827332,-0.0647971283271075,0.159423131657119,0.0616195968490057,-0.251394566117031,0.000615231579500289,-0.0113450492954801,0.0232584663022875,0.129787534663741,0.082201787218827,-0.0612788263578548,-0.0815939086123996,0.0290341080963511,-0.138127918864302,-0.0352836627492147,0.149899945827024,0.175351829887837,-0.0467544104691228,-0.234104238546614,-0.0885963664257211,0.0047419391169017,0.0630687050861261,0.087865051931301,-0.118710920021871,-0.277680189386513,0.0166367810383408,-0.0270825632403877,-0.0402799194171491,-0.180595532833101,-0.265225316224139,-0.0162345033644696,-0.058536660660019,-0.03220940598915,0.114105083208538,-0.23222889637982,-0.263568256302775,-0.00392057521678492,-0.0217354286208872,0.0920323685037311,0.131424188038477,0.0892441937077981,0.0370787250382554,-0.167074082739174,0.0621449919347415,-0.192267738555042,0.146611332348003,-0.126144962507757,0.146913354655341,-0.153804609504062,0.122334402535942,0.0605537132123709,0.273889710425359,0.0736869439259153,0.0301709214312063,0.22208361759182,0.0142512743977672,0.0886491871997046,0.118188537740974,-0.063112936287334,-0.0554458142314058,-0.043081327325458,0.114498610765052,0.111710194668895,-0.184995105430447,0.0832377326028336,-0.159546524926332,-0.0424047883576771,0.0128555891428199,0.0684375796127651,0.126423974399533,0.0755677573192565,0.0813275707777856,0.250614441822508,0.12150795192951,-0.0817190630127632,-0.0834955026527353,-0.123566130644992,0.183942874604733,-0.169593049628119,-0.0846627855777678,0.0380511663981135,0.0548966692997832,-0.31521628971088,-0.0638551996365048,-0.0894645429111836,-0.0733093444579683,-0.184343249537936,-0.0337584946978638,0.098687187388391,0.0630490627921782,-0.0946068382965844,-0.0562406579427236,-0.0718379052483463,-0.0699734038535025,0.0131844484841306,-0.0507357287459443,-0.0267261756859113,-0.0146843819424849,0.0854839911461809,0.073668144069762,-0.0704547243363202,0.133434650104353,-0.0374750620464787,-0.224362745095172,-0.226436777149894,0.130480718576347,-0.0250158115729453,0.0920303117571898,0.0309601821478462,-0.113933091225843,-0.09646211117548,0.023321139381154,0.0526248069889727,0.138647528303434,-0.239787151873035,-0.200694611154822,-0.0322833574795976,-0.0872798531843505,-0.0523595750618145,-0.106825585057086,0.227283888068735,0.0972225009234205,0.216422619196771,0.0486577232484484,0.133061245810326,-0.173994154534369,-0.189281510702668,-0.0861487724921552,0.0356101037380676,0.018626378698256,-0.02998605479158,0.0398562824414369,0.0813435245726079,0.201625073091551,0.00588807180353038,-0.0127747146121989,-0.0424839015874714,-0.131676153266538,0.0503114108561415,0.0544129275548387,0.00868695182635303,-0.0618848538313378,-0.181971312795534,0.114189550372908,0.0445661200706626,-0.0744798502095479,-0.266367130145712,0.00905053493894737,-0.0754403166746303,0.00599710030020885,0.0524480160354759,-0.020553866857902,0.0129859135717668,-0.120290647932984,-0.0663733414735874,-0.00423417174922647,-0.103004317903779,-0.149459555778527,0.0752853109348989,-0.0327403889931338,0.137806482364596,0.0615626272882044,0.00502464256401037,-0.109704904777802,-0.094997039285519,-0.0364070882313734,0.0928623525765341,0.0749796670013431,-0.0518545385521672,-0.0566444933906582,0.00481246257843326,-0.0569269129418328,0.0976957654641745,0.132206987350957,0.0199538846163068,0.0208184269722428,-0.00953691599844276,-0.1514885638864,-0.0230961183745862,0.259892588450763
0.206033971942349,0.0775481940881135,0.200708252248651,0.0807931675609131,0.317409979792196,-0.083122848051917,0.202018138653851,0.0196710854656089,-0.124512082109883,0.237698216679787,0.126948256184418,-0.0608887998118594,-0.0688764407091494,-0.334741598000873,-0.192478947624795,-0.213882444526205,0.189864569224714,0.0950087974597018,-0.223537112230646,0.171847752134134,0.357222253431401,-0.0768953148430576,-0.133882719750689,-0.16525940194143,-0.23661108391749,-0.0581637385699565,-0.174656006739495,-0.295804530885096,-0.477284468741432,-0.183731174786701,-0.230396728109048,0.130225296766125,0.322085698797852,-0.190564197007201,-0.0386081696235608,-0.242207625163002,-0.387490175305872,-0.0783697879835075,-0.219137592832198,-0.325355097399274,-0.200618240119278,-0.0524585733397025,0.279521297491797,0.0283122441809466,-0.155550098239507,-0.292044843681262,-0.386622321684705,-0.341698580454459,-0.0843896230780348,0.0312036071939645,-0.247469827629385,0.0947899554845365,-0.0451143341603047,0.230468468767457,0.0538554279408552,-0.250084194344115,-0.219479426130584,-0.406886426256778,-0.0690519708013939,-0.458574501551294,-0.427191323119733,-0.29958463875785,-0.0842960879964064,0.0743356464905153,-0.144664928466044,-0.432425301822958,0.00524017938044849,0.0408557931600268,0.223940691917531,-0.202617119611286,0.0978676376413227,0.369792857387695,-0.277099291958675,-0.090784243296045,0.145032057109482,-0.0889542650815125,0.210212731763814,0.0726895252177141,-0.220265731350703,-0.111726383738401,0.121867997854705,-0.248536948038636,-0.11062706998401,0.0636926028655115,0.18748361921998,-0.0503054544356515,0.176040727065093,0.102086544860855,0.0976047978568733,0.0803160723593745,-0.34859235773815,-0.0331085487605131,0.0661872158865164,0.327580867826216,-0.0492265998695115,-0.121885183622334,0.199058125880477,0.208775889384074,-0.0399172247082446,0.107459294518801,-0.101230296124797,-0.105850105790851,0.0222393271246614,0.135754066640414,0.27816153798749,-0.274555184731289,-0.245973186591436,-0.420397085766592,-0.0170820706449197,-0.138497757668561,0.243086595857123,0.24720720430342,0.111897370880105,-0.0756376408451307,-0.0434554403900119,0.11884762327267,0.304969820792847,0.11459402244093,0.299035278170524,0.232479436055166,0.396635099728104,0.145058625637993,-0.0565073735061062,-0.154240617201815,-0.0852293455409285,-0.0508924616963241,-0.03928274291109,0.255844879129049,0.204381026199464,-0.157898766867566,-0.501150928946855,0.129694707124678,-0.178918804643828,-0.109969629582202,0.0662374519885788,0.116648426155455,0.0637099891851696,-0.0442578890173864,-0.0585938863633497,-0.104393707148799,-0.226806568804352,-0.331523151995048,-0.380069724720329,-0.138264976620918,0.0841131437372759,-0.14805390661228,-0.153624478367286,-0.0708332741525012,-0.0537324535051151,-0.0800602595133356,-0.0183227116450697,0.0360776533953619,-0.197037927959626,0.0718450443534396,0.0202016642405995,0.344005229692727,0.0354520553360713,-0.262151418580609,0.28576797587873,-0.189058714871993,-0.0496651583078205,0.173989144250021,-0.0622237037065826,0.0504101006966886,0.0554471644899169,-0.0960039264113681,0.23770700579531,-0.173336851098168,0.106265775334557,0.147755269204171,0.0618520515632741,0.265359219777039,0.147941499175964,0.207438814681905,0.220145038913685,-0.0392305837694584,0.22669583721297,-0.065064566484405,0.0260395437051722,-0.0901362699657096,0.322537482736667,0.00618690670214227,-0.0771052505704497,-0.0573711686893443,0.152399072989144,0.0239586392651239,-0.0127736724193854,-0.142773904327694,0.365573444764437,0.170702834650062,0.164327909138754,0.061162133448765,0.150730839447497,0.413637420487796,0.379551326939022,-0.180025732644015,-0.0241705238194681,-0.0637611131276859,0.0807526590200578,-0.0211478952142659,0.0381763075181524,0.0148618980294547,-0.219912468664356,-0.101682213416731,0.19520317433844,0.2812909535751,0.320527551075509,0.364330505423606,0.091873575759809,-0.0682501901794946,0.189118180367875,-0.420918879519637,-0.370895495277702,-0.25175525330406,-0.285258125600932,-0.208527820238565,-0.0526851609840625,-0.0480696557835548,0.106569132566356,0.141354821418616,-0.0957649017691753,-0.0322814449333133,0.0434005307245766,-0.224282067509635,-0.447331074464201,-0.0313384764474877,-0.15924781151103,0.0257961788622971,-0.167802787142884,-0.14385026478297,-0.00828770655908148,0.235044020701073,0.150823554226797,0.589674504508417,0.337706732640764,-0.152542515711472,-0.0614219544426673,-0.126430392373525,-0.380071368098798,-0.163830899587925,-0.0996781200486245,-0.135118849279192,-0.0395383273134385,0.15524369957917,0.195042149985042,-0.038779628888971,0.170010492433032,-0.0922143585665605,0.0501565445062523,-0.316239149698044,0.192603966314729,0.353151766782623,0.297419257364329,-0.0825687565897462,0.13246861261552,-0.128158582130032,-0.151044255015396,-0.106194914935444,-0.226077438332133,-0.107835827122227,0.228164158272866,0.139198904506466,0.210229159652771,0.180774462645529,-0.00727244761768827,-0.139467273119191,0.070576224140628,0.0339743496613891,-0.282013803741624,0.0481735587637901,-0.505748065012521,-0.33486500273565,-0.167160395585394,-0.389560360222947,0.0216994955695353,-0.107711410354075,0.0375992730527093,0.173015396813433,0.0687539805454221,0.358755732972996,0.214598308110439,0.0811919470258622,0.131803582351415,-0.15148716181247,-0.133756302885285,0.00844242504708755,0.0720252894957162,-0.160664656143213,-0.287929653849842,-0.142548767004551,-0.21136507064402,0.119420769601907,0.219983878820601,0.0665699914695884,0.122234145507517,-0.184585395534052,-0.226081645631544,-0.043914036588356,-0.0621141114846772,0.148783869155137,-0.203356793402307,-0.0956087587795145,-0.0984831100721456,-0.182466804090184,-0.0179614997717643,-0.285494313467779,-0.295044804993426,-0.174884815481052,-0.0374437531952272,-0.313293390200931,-0.133763869961379,-0.0124129586098143,0.000403772915058775,0.0321633039264774,-0.162197228334585,-0.23642734896025,-0.212858099741358,-0.0106256337518987,0.03276116154365,0.0377693182451701,-0.20952753776676,0.0481515309123374,0.138777335696464,0.181160386038096,0.254877009394029,-0.155828939220428,0.0672502760594369,0.0581861760212612,0.00341261028889152,-0.143181693330776,0.0462359268056251,0.00465441266600242,0.241192225585058,-0.0184075645280252,-0.0231088036867758,0.114500095147222,-0.286009508398736,-0.0819867262466202,-0.0263062956707791,-0.0383377060327552,0.179282830433678,-0.0233761428020753,-0.0203195810291122,-0.234341557568819,0.115622254949174,-0.061969956469016,-0.0506970795056358,-0.212379494900635,-0.401637254876085,-0.0277139469687231,-0.0526934109630227,-0.0662587371305614,-0.0496074056911028,0.0146218727312846,0.326006940173792,0.327101476768528,0.2716518850116,-0.286238594204035,0.13472296159184,0.113212038736008,0.186424644214369,0.0479366045118957,-0.218429550019306,-0.00763815519392588,0.188664600291561,-0.241417297618862,-0.22276831658272,-0.0939906200320226,-0.198470028755364,0.0467786326408168,0.0249074199964051,-0.134754145560275,0.0575798220795331,0.025640230907715,-0.0410554553611657,-0.0769557920578182,0.052955497107405,0.306054512639098,0.00111493591681762,0.0106530572524239,-0.0626893829100573,-0.24315797247807,-0.200979560229455,-0.418752215257944,-0.421075282424769,-0.0461402769571275,-0.0707743517566076,-0.230454806316615,-0.023610360119872,0.149574945222497,-0.00614151791127136,-0.195769390872181,-0.107638316946153,-0.220721805111678,-0.0278884157427632,-0.401817088507619,-0.443653253094979,-0.0241294327424347,-0.0478407352330725,-0.000374948144626804,-0.143118207728626,-0.127328434599981,0.0541210956499058,-0.0431621064447881,-0.183091382843771,-0.334990079060996,0.107434605053144,0.0448648488292686,-0.101385252040619,-0.386005477551688,-0.308822370061716,-0.255940960939807,-0.0439635121253633,-0.0482109036730722,0.0361608969207561,-0.12213661928268,0.0491010758246468,-0.0526492164753668,0.146089629568443,0.0201703437946972,0.0544748063166247,0.0690661873453262,0.197873488426867,-0.0390118376729884,-0.0611200716205031,0.0833221052673888,0.143140512304853,0.0063084015855588,0.295411455003141,-0.24287191947606,0.291405137019,-0.0789975467843544,-0.104337846240867,-0.115284514461889,-0.242784215246038,-0.134391968795826,-0.189112714083954,0.134936770149739,-0.105221234402285,-0.193005913941411,-0.0622329179377024,-0.321914019532266,-0.0867155446969176,-0.0232643461067425,0.0457455156826829,0.272888631661125,0.204967871577363,0.135679813346049,-0.0719973816336205,0.106893276813061,-0.168567323959016,-0.0849031944527525,-0.238079957477764,-0.00395642042717683,0.00245395445051366,0.1264311323617,0.189304704835735,0.117760406573984,-0.0344674631480292,-0.209298897572477,-0.192765138273824,-0.0531310826821474,-0.0568011238081989,0.00969558357993925,0.131170526036922,0.181365217476172,-0.00453794100048012,0.147720344062907,0.0835600288165391,-0.0663085103680753,-0.152894048518976,-0.263904717090807,-0.161287595793177,0.0209970993148448,0.0535907404685839,-0.222362336882489,0.143167652911727,0.0878370712178891,0.0417977029887115,0.179351241401495,-0.0867456867730493,-0.0145477115931705,-0.00783278645748886,-0.246275892055362,-0.0386728513886276,-0.276120627838462,0.435641407915238,0.208009559531522,0.114717900667039,-0.280545928236686,0.0438522572642685,0.237450044033793,-0.00627579188219646,0.298074420782874,0.211869802325506,0.125960657660419,0.0151068818235153,0.347232312987729,0.0883864041082653,0.130624404876868,0.00825162603929196,0.271741334345726,-0.239020894257539,0.139194579518695,0.172918617951035,0.00941381215357209,-0.231822016382776,0.151850993847223,-0.15192904943387,-0.310435600753962,-0.30036902046397,0.0104022849390135,-0.187460934451707,0.0273575686414078,0.0413905845114394,0.0186307540155235,-0.0716646783178111,-0.223687400192453,0.17130504141404,0.00458349249121486,0.0104000692429927,-0.0977465856970375,-0.362174428989792,-0.283855314677585,-0.12034837817633,-0.0949885956142397,0.349629255818262,0.138363040936511,0.0167129227533894,0.174346809915447,0.00725222402245318,0.307494139910483,-0.0048386093071125,-0.117598674454511,-0.15234448551967,0.28777495404544,-0.173574491639806,0.132133430472364,-0.188325801453298,-0.381265607262135,-0.348834584834387,0.123575731270547,0.263056721035689,-0.178579997780183,-0.144709222537751,-0.237701648311663,-0.179863722848567,-0.350157198432166,0.10868283198245,-0.210629412152202,-0.0637511186188745,-0.385120482353956,-0.335576140892671,-0.230411716301051,-0.19567350606976,-0.00162317215910417,0.122751558425655,0.190064072370966,0.0974224997393977,0.0134490207557341,-0.00970515148727115,0.154898612333001,-0.0226253590243469,-0.397619650133763,-0.239357043034283,-0.354753471290033,-0.177770918349169,-0.110791783562271,0.0738966934371214,-0.219948626016467,0.118029895737075,-0.200062354780803,0.000945678161355046,-0.0457433621971603,-0.140469051786237,0.276264243951717,0.122414111613496,0.184654555699019,-0.0535085394894474,-0.0878985256040559,0.00248643739880437,0.217545146156886,0.0800585514250875,-0.0871993464168107,0.0853688093785226,-0.212518526950472,-0.0266307093386829,0.245871401791864,-0.0318854197595668,-0.0398643078053759,0.0869412594520605,0.0993648465067324,-0.14510220158234,-0.129514134783004,0.0487309553616953,-0.00376937023961749,-0.33191085153267,-0.289186140734735,-0.209092898102308,-0.123771948126248,-0.0882870551998973,-0.0808407052625703,0.152058787508044,0.143753644734694,0.275366062756363,0.197648717511815,0.0960878036545639,0.198460908289955,0.298507513244071,-0.0174229621883023,-0.398771778745766,-0.148640333237634,0.371506178015669,-0.0504521390536041,-0.0220425482268273,-0.101594505174139,0.175732754954567,0.375226887076629,-0.0820479550126976,0.118742272174507,0.364543764309763,-0.0820833355980847,0.428482833402202,0.212940624479116,0.242192946448467,-0.118239744256843,0.273572163446995,-0.126432602381566,-0.147059239041765,0.040410644957569,0.104293767764871,0.216655982887834,0.230912311210543,0.433772620058675,0.0993473367015891,-0.13690416626645,0.0468453399449816,0.283362571423291,-0.141422026593035,-0.37092442726181,-0.241808528815907,-0.0226998847438874,-0.0542231044888263,-0.171579837670159,-0.131950609970598,-0.287978772159294,0.133283767290155,0.00602726679606061,-0.0864052632009032,-0.470152569114131,-0.190511420974213,-0.0923142517841822,-0.0614925158743164,0.407799640035868,-0.0943669019376726,0.10236219854273,0.0974933953933374,0.106517977707217,-0.151754761347891,-0.113147872535842,-0.19719052212134,-0.431792054891508,-0.0231284151126982,-0.268012792272666,0.11452803414842,0.0782845624870857,-0.0121216757850677,-0.0835558696894601,-0.265679661671334,0.378690710483383,0.138967195874782,-0.11668123936566,-0.0168092195330393,-0.0142303478690373,0.0883208322634751,0.0129764982525719,-0.236402422828119,-0.0503664292680181,0.17957659870747,0.259860894124605,0.230610326596622,0.370765296496339,0.275904547248642,-0.112310119690642,0.0372478099259745,-0.0319993897549352,0.323458052078882,0.254797254243231,-0.0319736868707097,0.295051309814329,-0.0517060088269778,0.11155220970266,0.124718182376569,0.0634780504447173,0.234644126554489,-0.0698443937716463,0.0733242437822779,0.163739906295409,-0.0211650171205458,-0.215528201031621,-0.0735895563204877,-0.124200267218487,-0.0687387728187365,0.0745812398859501,0.0856430824394072,0.166627585104637,0.0204671183409125,0.0738589901274638,0.032123343898459,-0.303172332006829,-0.411392306698007,-0.308620011676276,0.0521438051396322,0.206072696517156,-0.0796880644407374,0.0484610241022783,0.123562568867722,0.0216164459355705,0.259861566983214,-0.0155254014328148,-0.242463694540964,0.161101838590621,-0.256855709295844,-0.140182494132166,0.468223960869054,-0.148267076433329,0.234179644921153,0.117861995915684,-0.194978505998708,0.200102910649913,-0.207735120748193,-0.144578312590746,-0.0413177980198809,0.169406503717969,-0.0092084644199254,0.125287539356038,0.259558820068448,0.0310476047788032,-0.0698823918772752,0.126099200675846,-0.201783336743549,0.124902892811817,0.219556633122845,0.265132267934444,0.251658943095895,0.308009917955445,0.136164516506005,-0.186491990279938,-0.169656847528022,-0.108724617158099,-0.0610296664591657,0.283220085381438,0.201792046837835,0.363483196008348,0.189646866980178,0.0834668640943278,0.349515917405919,0.412168624060878,0.122224581147505,0.119366836693861,-0.0871892511806565,-0.130465702976156,-0.0214456114215737,0.11391704479175,-0.0204254553965892,0.0625014573647516,-0.174729383380692,0.0662770553635035
-0.244477606256138,0.0143295295650705,-0.211363491771213,-0.0358992431622928,-0.0716911280365003,0.114907274481462,-0.11336459226746,-0.0552610573478578,0.213939734511991,-0.267779944027514,-0.303847783243576,0.094487073025341,0.256491224026273,0.0234152618180301,0.20195426411373,0.314294033286049,-0.17781104406504,-0.0151883638933267,0.371286923054936,-0.132118760222084,-0.305857063605145,-0.0472651043225059,0.0318676924230936,0.00819820051917823,0.13436463640882,0.452425829283056,0.222709750216503,0.314388496395176,0.70019887680699,0.241166045340259,0.447475959631653,-0.329935616325029,-0.399372674398876,-0.175374418809858,-0.0285784542878317,0.250165441550982,0.772235288172472,0.146601313602189,0.349103053734114,0.400375704614817,0.0951061906945785,0.179363928942886,-0.349776764415534,0.23183133410871,0.357879527561463,0.176159895502047,0.520199818369287,0.201206085686054,-0.170909335292401,-0.115553342226261,0.312767609535133,-0.0972019220488281,-0.0421284523949067,-0.249618342888895,0.273108921696915,0.305471739027746,0.40618598710048,0.374495046303593,0.203446236595836,0.190764914487117,0.672244662664057,0.168850955629124,0.203792302109094,0.17611749559686,0.177683863661396,0.463794269499055,0.0410975226002543,0.12525217188702,-0.183132890075219,-0.0605258682129821,-0.144061847074904,-0.139553448814994,0.340439348317931,-0.0661115488378322,-0.113172391581845,-0.112496065561337,-0.111938470800436,-0.267731522159055,-0.118669529744807,-0.108100336250535,-0.0630053224271073,0.353214150582038,0.0587992626946961,-0.0950252665269525,-0.0985776122589311,-0.0332852610782123,-0.435313674404318,-0.21858618665362,0.204159765684003,-0.107862507177958,0.555332560011828,0.090326020533483,-0.134953705493227,-0.563232459064986,-0.0982226650820782,-0.134919817357303,-0.00785837241437761,-0.40707395506807,-0.274850064977425,0.0945327103239575,0.129247460441312,0.0449809311004207,-0.254402491007263,-0.204149490200058,-0.0455058769226877,0.440997056059377,0.301213857221724,0.492843507609151,0.211444825648602,0.223038591567016,-0.588054464137938,-0.308930454863896,0.105952158026259,0.324606337400816,0.0640818186314469,-0.339756533698327,-0.260418332681915,-0.286601253334705,-0.0586120427230115,-0.426759453692973,-0.427333681042025,0.0674604397980513,0.286138092962898,0.333185282192401,0.0639761670795527,-0.0957893266458748,0.153083451809699,-0.344735629283539,-0.20293847821015,0.0723283194731877,0.546105575759428,-0.123964657705064,0.338496089226231,-0.136358102315395,-0.000220541783790752,-0.101780284408245,-0.168716712200356,0.061266947659781,0.122891742972647,0.204357335673847,0.299608536635421,0.549649802832942,0.426539735260128,-0.27097032531536,-0.21799960289221,0.0319598000010555,0.0575955501372281,0.13921956705068,0.118822320949056,0.322024731636964,0.240597524192846,0.147670147984893,0.0452252995437642,-0.241338693141401,-0.166001834766438,-0.363826479272096,-0.0378832339428878,-0.0486638124317252,-0.0050125943098371,0.0926960363112333,0.0424748565076816,0.36363984075263,0.36241699258909,-0.0734803331885233,-0.112945758362317,-0.00567931327405057,0.156618053300588,0.432110481423815,0.103978239437438,-0.429933471612092,-0.239215856208917,-0.604191448477839,-0.117228720332889,-0.371796302518128,-0.571217419993236,-0.0655017847037118,-0.146945738533643,-0.184402858035678,0.0309613377831488,0.0831143189255681,-0.00320262711379624,-0.0799024152373551,0.0281409938741732,0.0185660073449942,0.197897470481565,-0.000902719727510187,-0.249598399616693,0.0636361618298276,-0.349812875317509,-0.154983202816844,-0.566313475606729,-0.0607508597496033,0.128236491376292,-0.413277527555803,-0.352411789690003,0.33402551613403,0.108744368428571,0.0772177362739076,-0.129898923782796,-0.0286395750050676,0.0902503289564007,-0.17394790842005,0.20383700580052,0.00184505171719672,-0.51528464061114,-0.165878697712369,-0.359330959663497,-0.460739429808383,0.00121155081556664,0.0761710693922486,-0.132654273384353,0.21617682407778,0.728817812121577,0.448159172551478,0.434349991741885,-0.0452628221349677,-0.00809853269099967,0.287221005981381,-0.0143471720882291,0.100875214862078,0.478102152896891,0.213137537450839,-0.0593471618895268,0.321184190658694,0.58107266798059,0.102560448974747,0.0334274947860761,-0.161171417297466,0.306423302568509,0.168508049867307,-0.0257045001179834,-0.105437855280045,0.0252915446909729,-0.624292821232044,-0.347883011080484,0.0226385339153169,0.153976420692169,0.353923091109555,0.71720249184727,0.56944662537595,0.259554078916848,0.33787172609625,-0.125905315545359,-0.281822700998635,-0.246454434998939,-0.0472288535491635,-0.502264423202921,-0.00732489335822253,0.126517070549595,0.114005019932202,0.13659681400421,-0.358585136267257,-0.24133642828435,-0.0519483102881822,-0.0441634037789609,0.191141735455667,0.104535092034998,0.214609240044489,0.318971222620204,0.257382327915262,-0.392139282652172,-0.0114463104442636,-0.468171605475337,-0.114195587042041,0.135487624877194,-0.0928923850710741,0.180977032602696,0.097345846633891,0.274919030624667,-0.144885060434058,0.712222447799677,0.662420014380872,0.307324965142152,0.562661759950814,0.00386218666803287,0.043259891023775,0.054285172813262,-0.458677515072468,-0.288615271146156,-0.319738248805121,-0.49486120875786,-0.171854648710161,-0.175656119132875,0.21408445749623,0.0926451763194695,-0.210890596191503,-0.117713033470252,-0.227321959087044,0.207174840823416,0.390926709091335,0.472382810473697,-0.199980930886592,-0.327734752807195,-0.327081272816286,-0.0831424642287182,0.127860459758225,0.371439706620851,0.141338617544461,0.0665767698842189,-0.169577166961104,0.390556183065454,0.0407144628050283,0.378113932681082,0.538193886476758,-0.122080207688383,0.74755468214866,0.275760920147577,0.340368449829916,-0.0503533521483285,0.289867474748857,0.177717167744342,0.117537885918921,-0.19042893230189,-0.188380867652063,0.202243565514927,0.12089757487274,0.357245635298268,-0.0117196771809984,0.0428589554745042,0.114030170712655,0.0966556762144828,0.0559216638601089,-0.176554162277168,-0.413341582719738,-0.369439688875292,-0.198691237717328,-0.132731128429674,0.0038439912012288,-0.12348965876747,0.0113145523619536,-0.308622532897555,-0.0969160080506932,-0.219090391280044,0.117400003855658,0.356817399211213,0.145458456846501,0.370268598808608,0.406685999587911,0.288849456873306,-0.210504029353929,-0.352874517094236,0.0465057287523732,0.126006198255265,0.165568554173162,-0.201749662668889,-0.35890383044749,-0.201682704957659,0.308666432064104,0.503234375795886,-0.302797924037682,-0.0279561460900288,0.136487550088822,-0.042488954162623,-0.222902712449469,-0.452176892048292,-0.488702692231281,-0.681282305437355,0.139144307296323,-0.203108315442901,0.100402596718792,-0.173164485876551,-0.0526339345117788,0.233769220403976,0.281912705841384,-0.0507269097892444,0.393723980007735,0.361754596264104,0.355244353192378,0.378622660081322,-0.199568960380462,0.156025833070667,0.623179302807362,-0.254956360098601,-0.260629151970538,-0.323012732386454,-0.0399989483064857,0.305882355751089,-0.442394522415341,-0.0724247685103858,0.191488166853082,0.150145193200065,0.257184095818829,0.104475867774804,0.404440165348793,0.197023731714176,0.146335992389798,0.0985594802470667,0.335908889080902,-0.0726921815518314,-0.12154128862606,-0.0797415196124215,0.387193815487226,0.0907434354789443,0.377194412948735,0.147469945443896,0.707774066917229,0.283256538806749,0.152307525749422,-0.11024981836911,-0.0482584610780034,0.180539406230852,0.0838882907951423,0.0480386535492404,0.249204605270233,0.207038075783771,-0.100664223909898,-0.303615134785539,-0.055526622322196,0.0604002857087552,0.464774453363067,0.704754921126975,0.42435267645719,0.20669588395678,-0.0343780568239527,0.0927712900095743,0.184584533670732,0.0273422221272332,-0.113218436475293,-0.0830735135257792,-0.032832270890075,0.0124261975550459,-0.0774644953820825,-0.462867231537222,0.0919070357716955,-0.0978249229756297,-0.366267198649901,-0.193936167346244,-0.266086349094972,-0.42618676649465,-0.143205660756228,-0.473384629028231,0.101279897184089,0.100157887758205,0.0713254653203578,0.131969942230516,0.0674453940015479,0.102760830665837,-0.188809792804728,0.215510654949943,0.470888037034134,0.238526972158929,0.434804285256339,0.288499696677665,0.262081143029695,-0.0513571790642767,-0.197739345996387,-0.165731108249388,0.010101147869736,0.0781478218597825,-0.0838973039597222,0.339739978997888,0.0654994665249196,0.266909275425403,0.00602756033088263,-0.235900875119758,-0.466707645992025,-0.411754653473135,-0.00383740196888786,0.0517058573781134,0.401199977364284,0.206403630404321,-0.1271405428818,0.135027642933852,-0.197419489047525,-0.323908907673404,-0.394959253831798,-0.129180382716782,0.155710843567171,0.210972381782153,0.219755342577383,0.135300118617357,-0.0460503795814088,-0.0677302715433527,0.257070879254581,-0.337657159860132,-0.0216663171373599,-0.425643814378594,-0.0155247611109544,-0.0670763542491906,-0.259890006270653,0.28096012076394,0.0523481726170348,0.259902180418611,0.150225848389438,0.174826811579323,0.536493361759989,-0.633854802628147,-0.360603895552043,-0.0360554026852317,-0.0409557401042443,-0.430756806021576,-0.389392529051519,-0.144557323727144,-0.261784721900232,-0.336327787137699,0.0311818405569084,-0.297467979307232,-0.336576272848937,-0.0563540476094869,-0.145703446838721,-0.158752242816729,-0.707686338605139,0.275041175298459,0.0432376869251611,-0.228309452080818,-0.311837287669005,0.428757558708755,-0.134990384756562,0.0629940416429873,0.468426779975728,0.411931817477199,-0.328646227334833,0.376795112249753,-0.151198830716625,0.260067256278391,-0.0143770836311922,-0.0609391181671094,0.00655109632671287,-0.34681405157273,-0.096498727018748,-0.252950323870935,0.000225619231293203,0.430723611324752,0.275975848846689,-0.0381751210472061,-0.0338577427660322,-0.123439980014854,-0.00551359013079603,-0.0765480924213079,-0.0493307031184698,0.152181421941512,-0.698968686012375,-0.207030541616619,0.227923461581097,0.115406853663421,-0.396667566263954,-0.0511046005233151,-0.220926385596243,0.230685319502711,0.460091365339511,0.378722386178514,0.0862737160006973,-0.268379468327354,0.0802229933399445,0.102518831528588,0.330904916447168,0.271385712167757,0.407631673300203,-0.104367318318802,0.175500233995465,0.099733443840541,0.35398365879739,0.456913623165366,0.390077958624085,0.233492436505588,0.0300525203256527,-0.142593271995207,-0.21775031840892,-0.21754705993673,0.0495371792926543,0.351187888320735,0.0943206579106174,-0.0719408611359736,0.817590313533394,0.429428528382103,0.347832156118573,0.173830856197729,0.0745384334868083,-0.166598680169376,0.190786949428721,-0.245355048938075,0.122553104187028,-0.286391900147518,0.113303457517945,0.246208357634649,-0.48396641943264,-0.323046079788049,-0.325394835533754,0.0129219977204445,0.16023636044905,-0.00998739786387707,-0.252670374835591,-0.382710639402405,-0.136832593454585,0.0256315225706779,0.183233723429596,-0.205576733081942,-0.167286173500478,0.238105688499558,-0.0609044421954797,0.0162663440048238,-0.0709300704083778,-0.134919090443889,0.526797163559285,-0.00576726080467452,0.189588419754253,0.478465215164629,0.211287517185453,0.320642030191693,0.421985659083178,0.18439148511542,-0.192071728355721,-0.105744782211327,-0.216549157905452,-0.235510885154541,-0.253215510171985,0.02522937418187,-0.29980574924241,0.0897664843713245,0.0467280951303611,0.370577029324766,-0.0178646769781153,-0.343187447671796,0.0900721911686368,0.138300382884325,0.131417628005107,-0.535463026215178,-0.34230275935666,-0.279449854455418,-0.362306277899417,-0.328908490362238,0.0960996932499049,-0.421663520113026,-0.276256146670726,-0.332964993777927,-0.0272399197681246,-0.230250688845431,0.228444214694256,0.320276244704207,-0.0322187317076321,-0.160510223771871,-0.19014226044028,-0.391580043917775,-0.418357660271068,-0.100724303631055,0.300099103921062,-0.00102207787769039,-0.0910092393833775,-0.162465439072015,0.397856099193753,0.394921591340945,0.0651314554235276,0.201248351348537,0.221219084955321,-0.138109607401373,0.28312325772642,-0.100498248951644,-0.208334564599045,0.0528679365526598,0.569194207245946,0.477814538450064,-0.0497438005725512,-0.0577372509466656,-0.216036653900827,0.249670360931278,-0.0533855984220926,-0.19600000537536,0.014716089553706,0.231000980408247,0.235531889116599,0.00840136825658971,0.495534939711926,0.139597406800964,0.181593402145522,-0.147652752012349,-0.0185750611400174,0.0057097741720976,-0.0855153426055831,0.234502890231272,-0.329456012425904,-0.458749407544597,0.141831836758934,-0.396571906522333,-0.499082297908284,0.0653189741518092,0.0849292182243896,0.0504424179343702,0.150573429187174,-0.142930016372688,-0.0547903024213441,-0.581991138468364,-0.438185948164605,-0.482614218458678,0.112986543285318,0.0439887605217072,-0.0205407544269885,-0.118378770786202,-0.164264488646469,0.245533136855975,0.118268663008307,0.0676121190187333,-0.165797586901429,0.0644334828977484,-0.321521631618806,-0.177789321211816,0.0423425934544727,0.0020507844648176,-0.223203550067505,-0.125506904792294,0.420916868438876,0.200457487697512,0.349752083532048,0.0313013295575877,-0.300130968704744,0.0611702397282438,-0.234029739611666,-0.259574369344735,-0.389840393648463,0.287959786194743,0.676111229666142,0.637503872650199,0.210293601012856,-0.0257268397802283,-0.246735064948764,0.118936030420806,0.117014496352047,-0.0439591247452137,-0.0867304297269386,-0.199008116923371,0.0150498949293063,0.418106035187501,0.226717996634645,0.23403185691871,-0.0666799129568877,-0.356391193069434,-0.0528532673431611,0.0468149347146329,-0.115583447808107,0.381072194827916,0.0808290429410733,0.340616149700625,0.268468272295662,0.243073784811455,-0.376949278712043,-0.226458198903802,-0.0925272937975826,-0.244027952233677,-0.0736955521910913,-0.0829218219255204,-0.0639594589490207,0.144276863754642,-0.0183919452733048,-0.214663507503085,-0.301051944981864,-0.0694924163083733,-0.393961133921271,-0.168159573249397,0.357730498233218,0.103962707071962,0.183187826378133,-0.0976656139624316,-0.302587542687548,-0.667897080626245,-0.624826660087776,-0.305434130845367,0.180676967355628,-0.471638111085411,-0.728510245975765,-0.31081233363643,-0.438013650391864,0.0960099984178312,0.263164558245018,0.243194911014345,-0.0171280104703747,0.101706734690718,-0.143093822924438,-0.217137720645156,0.0150385897499468
-0.173145484252718,-0.255237493056402,-0.245721622189018,0.349300778440573,-0.300075111389706,-0.00375683473134161,-0.321554811432328,0.0310574628327401,0.0835091018123536,0.0322622940873845,-0.10554643292864,0.00796496848733856,0.00525736876426761,0.150295984033296,0.159095059605521,0.112126226890924,-0.201491916785314,-0.0583790555370377,0.0608031767798761,0.174557310232901,-0.285994688820629,-0.146732403342647,0.0842996417844779,0.159806735650208,0.214417209881572,0.175515436307863,0.286547776216293,0.153611192214976,0.573539423028223,0.133771248827688,0.204406869271084,-0.110710337692001,-0.406222764122842,0.158512611017252,0.0063916549987977,0.144770063847765,0.294751658209294,0.256668785641077,0.170845142694653,0.273131775025457,0.153608199203541,0.0962139163602506,-0.199800127393348,0.0212411422583622,0.315802741787165,0.13720119800464,0.371658821786682,0.0137160702889334,-0.110313469008896,-0.143496565825279,0.415190297949028,0.0949279511505777,-0.0198817361672683,-0.263936435293629,0.105495662973108,0.233728197037357,0.321754312076249,0.334232618491413,0.062403798855424,0.0968136214873745,0.276100150506143,0.182520176371296,0.0617135995562808,0.0195743039341448,0.0259015381219517,0.320035780769954,-0.031380299288245,0.0949185017967048,0.0175015163829972,-0.174214779926965,0.053703617226777,-0.267594989883261,0.234148094195235,-0.018760937624135,-0.302694154353854,0.0947843874823057,-0.161905292228583,-0.0126289427021657,0.254039263512357,0.0588792603050848,-0.153214721537495,0.358996428285718,0.269235460624652,-0.0724498136286446,0.0293186310199459,-0.0580493098597734,-0.267532067210214,-0.164134747722302,0.129613723247484,-0.173721104095858,0.431066296048084,0.180233542043629,-0.185999808554099,-0.228504336530043,0.0157225316275116,-0.157125581404483,-0.0801495961385905,-0.339748791945885,-0.33637660426013,0.138688219821699,0.0752121215100313,-0.00869508205808767,-0.088786649333831,-0.0159240576656898,-0.063527439888772,0.18393292912275,0.31565840120489,0.222178381789436,0.303187683325685,0.165278246754576,-0.344078292124179,-0.389025039655675,0.00358226207326758,0.0864185409496254,0.0734881165485819,-0.109825291380001,-0.110878405134203,-0.256664486459966,-0.0438000169473529,-0.251788243615979,-0.275852178990521,-0.0423149864276922,0.212798945810716,0.14350589679084,0.0670121013850174,-0.263379585806316,-0.00856356103303217,-0.192909914293111,-0.131389560866852,0.0327774701500919,0.592613065018431,-0.132923257359216,-0.00951641409145111,-0.0161284515152709,-0.132367400669084,-0.0878227949970715,-0.0958185655331929,-0.0927579967178088,0.171998568301741,0.0566236277026993,0.306950155728722,0.252868315700323,0.283549712749196,-0.139084621709659,-0.24140813829616,0.24157731850252,0.229681987024252,0.0211457293422862,0.122260152643576,0.139986465349192,0.110711873171402,0.106969269289146,0.227124389007308,-0.0124524844081791,-0.105805567286726,-0.225145226886544,0.0367508104410636,-0.022821644693897,0.091391535315255,0.269751676767428,0.021626981565744,0.204434694195418,0.133077973843203,-0.114790997456944,0.0518485764478369,0.151638832439601,0.0178565831724425,0.239187610718006,0.0844907494087588,-0.187275912434888,-0.0482467355527327,-0.298733001600787,0.0341896098930324,-0.122814856375995,-0.41311593245448,-0.093672487075762,-0.0416626189519528,0.123678370609959,-0.0994888704239431,0.0261565707827496,-0.0574079987105893,-0.149090254669422,-0.0482719177220485,-0.0299217786226099,0.0544404067861313,0.0580660384273245,-0.00379122437694936,-0.170983861125319,-0.498579694846487,-0.168405188840175,-0.397708586966341,-0.016371680369055,0.0373438614540644,-0.172941213505238,-0.311917753074732,0.0143401800926838,0.0465103097629802,-0.0439909816096524,-0.0587659972746112,0.0701088976680413,0.0328912201505454,-0.107497089922646,0.303516897314354,0.116514059637512,-0.4365605267296,-0.0968276210827929,-0.334411984376332,-0.232189575785085,0.0504152885891401,-0.0100154438616329,0.030848526079055,0.181426235431905,0.338899590654729,0.122369758108823,0.357946419150992,0.0805031444665778,0.0165235256630306,0.109764319691639,-0.169976071194569,0.10222977669062,0.170487565960724,0.134600252665509,-0.0999361551239991,0.26557233560489,0.271846944935532,-0.0475776784203808,0.217863713932209,-0.211692191425484,0.0867533709381315,0.0960117857031102,-0.270500512802313,-0.0988550787825136,0.11571789309407,-0.290259107101146,-0.116108294002834,-0.0241478521583936,0.159950250589929,0.110056050119771,0.392654192886118,0.281549414679957,0.239331116695264,0.0800037643844483,-0.189631903651764,-0.101144512159859,-0.154154786067029,-0.127842542494007,-0.544389297293724,0.149527984638544,0.0722156546632925,0.115508664303357,-0.0422851482012331,-0.213282696504395,-0.139937896409681,0.0289955103784883,0.0412720883079648,0.062229528714825,0.222525858452197,0.360947560451173,0.293510101840544,0.102680250776631,-0.0348514106230481,0.0347614033734413,-0.283844920279765,-0.0689298502576808,0.0305547813741918,-0.172782080757666,0.0915772268189663,-0.0487018579297936,0.0437705042260039,0.288795615597395,0.625245779821568,0.338963208986876,0.255545308279074,0.209317512690922,-0.12758354933181,0.231589201756043,-0.142733349733716,-0.471437119659103,-0.286960572963923,-0.357317938304389,-0.312429254305404,-0.133654882713419,0.0602910700924193,0.178377476408733,0.0592295132517343,-0.0838591801157882,-0.154791403062092,0.0476067472675041,0.169632684001383,0.263533628129838,0.0199698250496117,-0.229129387705318,-0.27368057653799,-0.257027895641923,-0.213256222016845,-0.0749075439018375,0.239012857877737,0.085968828943917,0.286449777276555,-0.153724887397788,0.131180978622384,-0.136672377242192,0.243719401230324,0.258501522541639,-0.0476820991122561,0.272247238515745,0.112759581318912,0.289343608560599,-0.0585642453904054,0.385661112568547,0.076741622837195,-0.106701628587196,-0.140025312692907,-0.0271672028157873,0.0813624117844224,0.0842886490501091,0.231522659524968,-0.0614764461743653,-0.00602417780587743,0.0246227191187448,0.0763167778763341,-0.0502092757748625,-0.127445387384825,-0.219165569750279,-0.388747535427269,-0.0209084954044682,-0.137409577273444,-0.031285717780472,-0.00210889936194822,0.0038840047915339,-0.0890256246933831,0.254885808869818,-0.117656440637963,0.0443241765558195,0.122119909244948,0.180039621780631,0.192132891699084,0.318856963074076,0.170287373505758,-0.114865585272418,-0.327277133560745,-0.0705570789564287,-0.0568580542851679,0.136397787275659,-0.128202206532937,-0.279357124208209,-0.144936436726538,0.283542580394846,0.394134642374617,-0.134769994169284,0.0809727069724082,0.221844805198669,-0.123736336823759,-0.041128207968738,-0.272662853528204,-0.324097149762336,-0.245540600821251,-0.188154932514338,-0.0633656498563873,0.172356338284554,-0.161794436985166,0.0420703293736824,0.175767349407301,0.205157190530209,-0.00571538523986279,0.184941998483958,0.280028283972748,0.467009171945754,0.281695716857621,-0.191016382668378,0.0230148903814573,0.449933356666788,-0.00289806520596735,-0.216582718273662,-0.0983490673304338,0.0528139191771365,0.216817592943565,-0.410787736471702,-0.11265993641894,-0.00469349948004778,0.16917709816334,0.0641213797031509,0.163784021252822,0.408821827332805,0.258563731406318,-0.00237160348710094,-0.122347417386006,0.024487698578726,0.102854285220386,-0.0399910541960397,-0.129882584611467,0.132926422645959,-0.126224570885215,0.138365880379997,0.175714570671897,0.329084941144806,0.401349268301998,0.13400770825863,-0.170656273904951,-0.07973028808712,0.145417147419538,0.134863747687448,-0.031433574290679,0.0651653133815389,0.162263871249327,-0.142208331633014,-0.0227003088167795,0.00785312799128901,-0.121845098680201,0.23301992064855,0.402685377086521,0.30953493872153,0.161708050251579,-0.0529093533439625,0.076587332213477,0.0518145869530699,0.111133739049985,0.213661450352066,0.0592656400010097,-0.121644899998379,-0.174276963577446,-0.121994875975644,-0.238839105937423,0.212549364580313,-0.0262884486733231,-0.387651854131477,-0.107651496149092,-0.141479907095787,-0.321170765267154,0.077680679830015,-0.234850535219724,0.000471674881861079,0.0409492993732715,-0.0155358180598365,0.0723580590249748,0.152630975800613,0.0763747242523372,-0.0308719051747883,0.119611048953087,0.497312319582296,-0.0564364357147464,0.0196514080063132,0.205929597766543,0.107051241875145,-0.0735593777794257,-0.116868975178366,-0.021777818808586,-0.136345629688368,-0.0511371649810237,-0.255919821074508,0.31736066769399,0.154295198744344,0.175132059658031,-0.0716764866387392,0.0027617134803045,-0.176560517824462,-0.140932657426764,-0.138080264701414,-0.011199070319028,0.314277291281918,0.175351909964661,0.0560408946180415,-0.00461514493286981,0.0495986815383997,-0.235435249946789,-0.280029075399532,-0.117063600180041,0.0434563718985744,0.151890434344852,0.163439685585568,0.162856140203944,0.144283346092304,-0.0821623653302807,-0.0926525499425509,-0.284810955895213,-0.108466595838192,-0.311853113629162,-0.0875876730190652,-0.0402067612362207,-0.0978139855939766,0.179097654235185,-0.136728891957389,0.16883575684494,0.214907874201013,0.228564594608695,0.407474479318908,-0.393256264119549,-0.282309993161585,-0.182427435681638,-0.0186819815049496,-0.213378492572932,-0.307664513493164,-0.203064520842773,-0.323933865784934,-0.428661472722971,-0.0544058277795983,-0.108112964753838,-0.257763734037662,-0.00819198248332081,-0.0152188603970414,-0.111720013057145,-0.451974702181638,0.321514585884032,0.0345256261516647,-0.188023370695096,-0.287140454292968,0.196183415000504,-0.113165433505594,0.131289390902138,0.106403634453439,0.249271878842711,0.0195529145976769,0.19270377835344,-0.161780107364505,0.220194418193537,0.0740300066747142,-0.0413815166764477,-0.121702253898493,-0.178643796404822,0.0338754645512357,-0.0793002555382943,-0.0389015605094242,0.240840868159207,0.23629657264167,-0.028573696928283,-0.0548314512330421,-0.25777185332556,0.0964753063866002,-0.173447326746755,0.0728183077203769,-0.0308335021521433,-0.482768865832547,-0.0501992603791076,0.0158840061817023,0.102497670332642,-0.284534833343469,-0.158118547968053,-0.0193695459695163,0.297731716183906,0.186455975658942,0.191335540184647,0.157429138534426,-0.289440776628503,-0.0213112948349822,-0.136472379894355,0.198045473708067,0.267368811721922,0.397344559025913,-0.169536653010555,0.143488377267615,0.0357444079034423,0.164823709903377,0.225376688527739,0.167096294799213,0.155701688744256,0.0691205300853099,0.00124315124289768,-0.23124937367073,-0.204752793611199,0.00249761711856698,-0.0669306863130878,0.0442372774107904,0.0754208387209731,0.653836473076518,0.417360168848404,0.230244047917722,0.0882466249406642,-0.0835203743386126,-0.166598411567906,0.153868636338676,-0.0269153965242492,0.388884524279064,-0.204360663526153,0.17003042754758,0.208105793875649,-0.209109003044792,-0.220940383196293,-0.0836430496212249,-0.0816552305385736,0.124268232602645,0.040631089288721,-0.341205621399944,0.0133196043211775,0.0787198130222213,-0.116165829722383,-0.0577451344374922,-0.133327110007986,0.17429153652964,0.120803380663648,-0.0687083246634585,-0.0461085773776503,0.0151988128640932,0.0861482911089856,0.180597450208017,-0.110096812032984,0.25786096439451,0.253041574944487,0.271658066037403,0.327969214247735,0.181263012600443,0.0231715109612248,-0.116347579005185,-0.196194692244206,-0.0796295599227183,-0.470563550254936,0.0336868710112256,0.00569775501937267,-0.148835853699846,-0.0400700709084669,-0.0388021333280282,0.180859707815269,0.144431772335425,-0.1117275509227,-0.00457926860203361,-0.0548971953386724,-0.0164206767099033,-0.164472251188872,-0.142457990755761,0.0147180966182661,-0.132991060396184,-0.193583477158179,-0.0335988859924899,-0.215375112615946,-0.209708789081758,-0.182413637900694,-0.077407211490369,-0.478942161488216,0.20507798356685,0.218943581077311,-0.0885901002095238,-0.143380015099408,-0.186001677279566,-0.334202496567115,-0.343387766239957,-0.0427782617926189,0.143114831145629,-0.124035602793185,-0.245640332133933,0.0727982533124895,0.209829478540757,0.250272353098689,0.139642658811668,0.0414644923778036,0.290621995242264,0.0785421924074657,0.200291013268354,-0.187748933766885,0.00259927983439315,0.0707889534155483,0.45854421828011,0.35163684449107,-0.0265891965861495,0.141945947281596,-0.269456446403092,0.156796781291583,0.00363137182793332,-0.112116611682315,-0.0581914778923283,0.132951727875219,0.143631233524,0.307752222598478,0.403584750341853,0.0593872758374798,-0.000197898281454362,0.0951943052101466,-0.0587606388913606,-0.0803288890882227,0.201302486252269,0.193521771696383,-0.210021086749601,-0.0759909748414094,-0.0839921619709811,-0.302891056148634,-0.254523322486175,-0.211116048882871,-0.0234224463123128,-0.0238511782671147,0.179489417781162,-0.124515560442542,0.00780545676381719,-0.147398287485545,-0.33348076990853,-0.0924175144907466,0.0426588091169766,0.0987654744699274,-0.107084449742025,-0.172740265522597,-0.069680742745932,-0.0689600316485066,-0.0653901370745215,-0.13891192077999,0.0566631514206137,-0.10405402242281,-0.25543833442458,9.70506581299269e-05,0.180933551969008,-0.0329949396097983,-0.112817973727704,-0.175766064222184,0.236655516350335,0.210115669005602,0.259903711293289,-0.179646925866033,-0.107231020578749,0.0525023824183369,-0.217243961790244,-0.0757238134085033,-0.186949661034811,0.081971804603321,0.540946196107858,0.427916331805908,0.047658312522011,-0.199557089299818,-0.060091518509209,0.0966616789119083,0.0118055412191392,-0.0467379363757954,-0.103820269787217,-0.24070093421695,-0.0581946724928335,0.35862099742597,0.0235759684426911,0.258187759220053,-0.0160486196442537,-0.283555855472566,-0.0830299367621734,-0.0564508621277716,-0.0505864862395561,0.0134237487243215,0.158122892472546,0.277068427932417,0.191046347968894,0.0702704957749171,-0.399787158872423,-0.148982884291935,-0.0829610547667295,-0.227472143333318,-0.11159920780874,0.13777282543671,0.0254239821531259,0.151867190443139,-0.108776961671802,-0.333548309619175,-0.305946618819822,0.0534021731822754,-0.362224936719299,-0.010961916556752,0.168375744993196,0.105277979168718,0.0770558941982853,-0.145864887684813,-0.0362367101838989,-0.326491980931098,-0.270085058123061,-0.163103701739275,-0.0843327547645401,-0.463944204118263,-0.442155248561799,-0.00910379532279371,-0.249690463628381,0.108491664750343,0.184390165550686,0.14519023924044,-0.104560247566217,2.29360604566409e-05,-0.0987818608330612,0.00275635619090964,0.011979465925979
-0.606423661728213,-0.381993788370708,-0.282571876900469,0.132746467598226,-0.477072353487301,-0.13152756335059,-0.718586860819966,-0.107173156405202,0.420275957549126,-0.364425857675703,-0.256251541912228,0.0615169795186288,0.512025010023698,0.304014999680204,0.793468414569337,0.487845493781244,-0.228792243769634,-0.186186075640607,0.484333992333831,-0.236644258683185,-0.229950261810801,-0.154573369403847,0.162984859269602,0.236380598585292,0.443081306512515,0.591752918912142,0.556133021490144,0.569798834664234,1.40712845152612,0.585278147174507,0.743249907745857,-0.758055908769792,-0.728891822563673,0.0347191339152514,-0.0685579680157427,0.332419531375885,1.29358543760712,0.542515030368886,0.620014787841651,0.555473334670991,0.0629852746484809,0.417711928293678,-0.398435120891305,0.103554185691168,0.455288482239473,0.303668620479121,1.13105044435875,0.403783198972379,-0.174383780890108,-0.101197220714584,0.756528024907151,-0.194963935510194,-0.116331155408586,-0.193084321890133,0.393980377262969,0.815902604111302,0.745002150741555,0.954398173017282,0.280265319953751,0.505152631619867,0.981838365400797,0.336506029327845,0.335116947625893,0.0280729534533904,0.279736588345104,0.978747856304665,-0.146156094084996,-0.16468033532076,0.0729856349743583,-0.266221364578569,0.0242578632319531,-0.440424614671029,0.436023841058045,0.094512133716812,-0.23894625923564,0.0217318469279616,-0.27740750274001,-0.277148379293811,0.133019182710349,0.218985901992462,-0.020101491261284,0.591688914015841,0.103426368754146,-0.0367289511528953,-0.398097214388906,-0.0574879659830545,-0.429454100742982,-0.28110246261468,0.0418223146803673,-0.175687338674028,1.0929035826914,0.17627727563325,-0.349169350722113,-0.80402836804032,-0.095734893749823,-0.258387991052034,-0.0962710485591384,-0.880356493730005,-0.36488759561884,0.323304009464201,0.433130005111483,-0.0302915874627698,-0.234314378320388,-0.109725347516034,-0.00916872832660174,0.427622958201474,0.753267180408245,0.852675566529438,0.0392237892814186,0.32194420779939,-0.464052553763308,-0.419787739481423,0.0644766240882409,0.192561417660012,-0.115828107197521,-0.597910812148366,-0.450853750129013,-0.285509477163239,-0.236970957979415,-0.772958342024918,-0.924415187040896,-0.185557981317625,0.240385223265642,0.443312999748272,0.00280347591010047,-0.434292101901245,-0.239906482247649,-0.371335668859287,-0.36016673698674,-0.0266839515555286,1.12774485521279,-0.176654416826951,0.239413930879405,-0.291174142329579,-0.0994711620519717,-0.313202994949421,-0.0180203948398411,-0.26615273365674,0.266387064723883,0.272844544407994,0.566035507935433,0.976921375737081,0.719601907046952,-0.136333118167509,-0.492155446701169,0.381127223010086,0.38028842231629,0.191115523312775,0.536986322930837,0.525936867060732,0.205491075589859,0.136596036984301,0.214160379961391,-0.140794936566729,0.0257116890116755,-0.533901765119032,0.0279377907168826,0.0735126947211158,-0.0491531747962217,0.268522619097916,-0.0130090122822235,0.182263945561862,0.596085400743023,-0.189394849928883,-0.0176806121648488,0.351767545986363,-0.00680497419488116,0.64660373966086,-0.0752555116288296,-0.714060706196649,-0.230164489682316,-0.83702944051327,-0.63490766093687,-0.885415775934304,-1.10199319759428,0.15385599883362,-0.193046478970708,-0.0947873121844573,0.309841747391691,0.140466582712312,-0.373780569940948,-0.257086934193839,-0.27658199896321,0.471386988865511,0.129570619560879,0.311159653835907,0.00601828305006483,0.0990351325739527,-1.11375986071307,-0.322955299200161,-0.675966782928126,-0.197782557587527,0.0307370339429245,-0.668444379511532,-0.578129086191193,0.293052686545598,0.230597915615275,0.0939961532344493,-0.416291609682006,0.134383648145368,0.120909123348813,-0.0906708379681411,0.564228710115029,0.0882698831417633,-0.8560244800379,-0.286756649232829,-0.530647216871335,-0.848048196034291,-0.157641400420884,0.0587861686855989,-0.199346713672385,0.668066839324375,1.46915176123094,0.63697078683425,0.632109627143897,0.194699732011146,-0.04673094822949,0.389511047234858,-0.14357627272457,-0.00984228186496819,0.68679560195403,0.0377969191690405,-0.0784268724356448,0.664059037258059,0.928017345496417,0.246732453258953,0.320678218212598,-0.482531303237814,0.283867112728221,0.289104959023376,-0.257104738586455,-0.317878668710437,-0.152994965595487,-1.28279355253129,-0.510447030265963,0.248986785963795,0.313813786752759,0.373587543109487,0.924129590978927,0.821178177807852,0.318940999965328,0.392855511938686,-0.0489045003673859,-0.546209398066401,-0.545059673123903,-0.227654757526285,-0.786923650714632,0.149091350269195,0.395871568940872,0.255459764798311,0.0121488110926125,-0.624752605186126,-0.40415428028725,0.294515656085289,-0.186207326559104,0.515264153682604,0.555884035973749,0.624948128060957,0.906368836251698,0.45402595003948,-0.407134192644496,-0.0685456583767992,-0.746161219481682,-0.473297631986769,0.0763048819147067,0.0835876920220823,-0.144871863129198,-0.19009253978986,0.397678038287869,-0.083649983172765,1.09503103189829,1.2327977628613,0.45188126134009,0.742076282021227,0.166547721156957,-0.033586975286064,-0.0550226961329343,-0.619569754331549,-0.119347098173894,-0.844544294666788,-0.616217519467979,-0.278367191805608,-0.149782299115334,0.370758095351981,0.306160955713159,0.255895648465358,-0.507689768868335,-0.110249110073773,0.359701775854166,0.632885110702817,0.592236316645507,-0.593605964214337,-0.36268118729492,-0.507770402433808,-0.561693745577893,-0.151582774687512,0.684679142886409,0.37791701404419,0.302149189832372,-0.294751044482769,0.337537556779869,0.0355906305464933,0.348528969019403,0.727728498104062,0.194148758978226,1.22937499206483,0.546637709039142,0.721282100246182,-0.0946583458924143,0.597260941611688,0.217768342660702,-0.0117558545107494,-0.0397601523548728,-0.213201483504577,0.516071880198275,0.310954018084861,0.336578231725744,-0.0999468775647142,0.0712940735646383,0.135829302951398,0.154093062782258,-0.160804317629129,-0.174883553255122,-1.11082375859878,-1.02866523804743,-0.384352684208825,-0.176331551602187,-0.0874166631356719,0.122193947665867,-0.0825118710728756,-0.183799121201112,0.0256736690728511,-0.447066071709282,0.137675038005307,0.298849740841942,0.19593881731404,0.508574108551395,0.580810662029651,0.257714288065094,-0.487615753791128,-0.469562423856235,-0.0403287834024652,0.207810656015177,0.364760145845359,-0.296020895555232,-0.350330885545783,-0.156253718337316,0.423339467325005,0.749823222363908,-0.294476174865909,-0.123143677959105,0.466223185173717,-0.0359467042659062,-0.397393125116271,-0.894111622170891,-0.85410046234527,-0.772571002169358,0.240982404921095,-0.0822689190184957,0.180742496745039,-0.695102925041251,-0.242275646515893,0.817871338781682,0.633496955354719,-0.1288145302875,0.837976776306669,0.44380963136665,0.697762400119639,0.553302447210029,-0.302674751483304,0.183342920007243,0.875932682416124,0.100664211280797,-0.549742039775636,-0.456107354857218,0.0304543866136773,0.317178455516303,-0.619016349532328,-0.113708284055273,0.30246063256801,0.504608913710016,0.728150766966802,0.540338920970201,1.12928182243248,0.726494167321571,-0.319354100025844,-0.167927478393186,0.379720267498693,-0.00699865168953921,0.0932152044855564,0.331308758974159,0.459372172874256,0.383005316771443,0.520759376542455,0.440330269291835,1.01095849873254,0.823178578105984,0.141555134761682,-0.343130498971337,-0.195744963406885,0.544819108773625,0.283434201794652,0.00672377687872929,0.319902548510494,0.377545574292119,0.125156169198298,-0.61688932046176,-0.0901815022523583,-0.208221432476553,0.720186718940471,1.08570485607403,0.796002176547019,0.316650240313274,-0.0443289137381999,0.313687156104281,0.111906028923433,0.0938773050378362,0.312729738899528,0.0424982653238464,-0.0458238104967387,-0.19016032112738,0.0403331889005978,-0.677158390596661,0.133752123637198,-0.189398272655832,-0.523126509430365,-0.205524400006037,-0.242880731743663,-0.714569952190739,-0.0426192918720576,-0.667454841329827,0.0176184167995815,0.193098401114462,0.0599842679116549,0.120330365928103,0.0387345415249906,0.187090275800745,-0.395720140669585,0.162665784901344,1.03473318214699,0.173446824679748,0.60500481908262,0.569643647670475,0.316759482357289,-0.187936462212161,-0.662387027737002,-0.294473394215322,0.141415220164497,0.0659483909253261,-0.329635522591482,0.685146617443603,0.495905613211473,0.572654127404164,0.0727021420737521,-0.162731056797328,-0.626228003439906,-0.512394003151264,-0.171276025301636,0.146863214291039,0.452748831733407,0.361288620349238,-0.116998056941103,0.140137999479547,-0.186652686077366,-0.571296297727756,-0.598641276051143,-0.0649114727950382,0.0330932755675339,0.355739346687338,0.453067634899849,0.278732358251352,0.0892985519163658,0.181001829880038,-0.0849607483169509,-0.298921307527569,0.152596351270797,-0.466008616975503,-0.329136113479694,-0.21898895739748,-0.289147661576797,0.601355867349916,-0.237947798654794,0.347826754193226,0.256325941700301,0.377522255151133,1.09199755829242,-1.10979139174409,-0.461989339661039,-0.261870684497133,0.0881754757539762,-0.539591140159347,-0.562725184317604,-0.23922841646242,-0.621747852541805,-0.324892392089251,-0.304269362995642,-0.347225146243061,-0.50624669519885,0.187070226391884,-0.242767531323725,-0.321987169169016,-1.12846218677583,0.353521422347583,-0.155992874428141,-0.475908871781399,-0.250996934189032,0.465593171194875,-0.311235799245472,0.128508423616333,0.689947313323328,0.724344377688218,-0.165798352696793,0.746760955128268,-0.114669147085849,0.128051123501499,0.0309770393327619,-0.105163936286664,0.287240391492577,-0.197776768109075,-0.164220658718205,-0.37704685270002,0.148774338626232,0.770980444052827,0.430690546411689,0.164978501418583,0.0474017820635454,-0.709665611550469,0.105916730513461,-0.224884792479084,-0.0571635710158014,0.103147864718502,-1.16085383622595,-0.327278925206891,0.580274150338281,0.268926683009762,-0.649824953508303,-0.160394635844627,-0.460369957476944,0.680500407750832,0.660950983789377,0.698909691980597,0.109073499517877,-0.473507273576157,0.0605748632704554,0.217710567881408,0.623965170743501,0.688260149448678,0.58662984916252,-0.527673211788752,0.445818361387714,0.247056685032322,0.753542587555671,0.947533655531507,0.582518207800412,0.465883953953302,0.214758051289815,-0.0465609872290793,-0.651858813692816,-0.512272554191113,-0.168053651281817,0.107774950490541,-0.10882472773673,-0.148590473158354,1.47455467990456,1.15198236459491,0.426149232228253,0.250003693293016,0.276830682957156,-0.453874645164906,0.266160160987238,-0.108942853042577,0.333605979075024,-0.374729612266846,0.0209234849085245,0.124369726991417,-0.787854816202104,-0.756642453917308,-0.438466365844973,0.0188296624475861,0.464250727556866,-0.0660753217910969,-0.578568716948907,-0.452470257982237,-0.0905785325557984,-0.146361467217808,0.150535577287137,-0.127442033691678,-0.354249973328749,0.199310525327328,0.094432371448618,-0.100106547897104,-0.277505285810263,-0.152866251965187,0.324522604003142,-0.095657776823949,0.3721506927143,0.856141354409923,0.574327131028959,0.734021784611216,0.666906238025411,0.322936216023325,-0.378687479444561,-0.247734319244068,-0.340103274288933,-0.660086220910592,-0.588459264214546,-0.43513502720422,-0.256689832544014,0.00890136062816959,-0.266100075412989,0.912000383403074,0.319670036111631,-0.469445324050259,0.00498850151638844,0.212474814471547,0.293763784504902,-0.70539648137232,-0.61405909061952,-0.394191075427499,-0.418428112563244,-0.399337770009203,0.246928746408963,-0.868114422305295,-0.315004504298034,-0.605186813491947,0.21217212150152,-0.266914171075989,0.370908905867201,0.343347108399759,-0.108447505090407,-0.443218306405659,-0.434584228983483,-0.790659021358603,-0.919064394349785,-0.437042577236302,0.304393359301526,0.261717385325532,-0.552407164092981,-0.154093921932512,0.933920078425163,1.09122790872534,0.182214484085807,0.227072785906375,0.647915100009788,-0.278402063090963,0.272880296216185,-0.215171467305049,-0.29173793595006,0.169360946532052,1.01349997943099,0.765960456493327,0.0785963352842703,-0.0818918440562252,-0.71294594743017,0.224327288974426,-0.170274942008815,-0.46846721099175,-0.110217076437548,0.231985013631401,0.4293282684016,0.425286469115763,1.19212933741204,-0.0316894179924411,0.326376874282887,-0.195414402284121,-0.0361067909108078,0.0112992028109358,0.11854158177782,0.313445570843727,-0.476303791342846,-0.636692820259753,0.199917498744859,-0.66905032561639,-0.526598701038597,-0.0233181216435544,-0.291849599073725,0.260828238167191,0.0247765633120182,-0.103486972331919,-0.251281739091505,-0.749879905787145,-0.508619698623325,-0.752752177204517,0.413893951932427,-0.0622652900552682,-0.172364962752525,-0.208351845811656,-0.413211309257455,0.0202490618996531,-0.0905014602117597,0.369349210022538,-0.328958096350522,-0.165401168821314,-0.771300618536851,-0.447145675030564,0.184568309577149,-0.0884128544051183,-0.38892940461892,-0.259938984550399,0.573409582346771,0.464095875969553,0.521122388187256,-0.355002681653339,-0.573307311171304,0.280662520115704,-0.362075581998092,-0.225291030063236,-0.48367858116022,0.389995003528772,0.979023241478662,0.999714580983368,0.513909251423316,-0.22651263733412,-0.718214988111402,-0.0351027338026101,0.10826017327527,-0.0787912136400001,-0.131627611494602,-0.299907305654636,0.00347213368621021,0.8316261146132,0.274054290332197,0.60994021547664,0.193951667271918,-0.574423051474428,-0.0602047433246212,-0.0359959452242566,-0.0271522333742972,0.446272741635182,0.0936423166920836,0.393443258055951,0.787763840825479,0.307643636483876,-0.72838534758391,-0.279946575596695,0.153122494669231,-0.346283704391636,-0.411153887937493,-0.166931843761732,0.153834711342104,0.42266327388485,-0.283625396497161,-0.614420708267391,-0.312154333315103,-0.480909860718726,-0.787809201915997,-0.0214186327883407,0.489198288539109,0.239025850740539,0.1647323462644,-0.0624840464211392,-0.431178615343032,-0.9691792480897,-0.839300537256849,-0.91686480593611,-0.0193146985189254,-1.05171950372673,-1.07773325318193,-0.768901826570241,-0.792109145016851,0.276550464576155,0.657524463426499,0.656015520151007,-0.056564299858067,0.0294483335052425,-0.540626738446331,-0.242432871316565,0.00248815132838065
-0.33677722106123,-0.153242954329694,-0.173035654173718,0.0942483361471475,-0.116639329867609,0.0922289669591473,-0.216694592377332,-0.0591369561028345,0.0889131410651022,-0.15558410251051,-0.22259054685993,0.148442913756341,0.132741286370316,0.0141872254651446,0.208177212937989,0.0494017564183142,-0.125284386579051,-0.092691694253315,0.157324680035945,0.113524944848649,-0.0594067777091866,0.0142258022363751,0.0291866100838549,0.163176725443606,0.244684495015517,0.333432316175148,0.2394195330288,0.411908080768484,0.395494983154547,0.276012882772951,0.316006083059549,-0.271976813459156,-0.30463529317801,-0.0460825136273904,-0.186929642210138,0.14914404713418,0.519051266927157,0.2445489025264,0.291921542592718,0.474051488048047,-0.0972347000738521,0.219164966641495,-0.163109984125178,0.0923485777661185,0.430619592533339,0.193528429799079,0.424396881291161,0.0629491420465599,-0.213328108180245,-0.144128494551352,0.154058303247956,-0.0888110633413167,-0.0232501439222462,-0.149155903891356,0.176962304129892,0.173832151789092,0.395591209935072,0.460502535793802,0.161430616780724,0.155802971126277,0.542941264137187,0.0900658727374141,0.270171744962915,0.0648504164852645,0.117769793644607,0.35311864820471,0.0271301148084605,0.0737944866198626,-0.0530866591868711,-0.104128845709277,0.113728365037725,-0.169596376958414,0.231140803485338,-0.16783407140625,-0.221347292415423,0.0216238309868363,-0.115211294857794,-0.258878751620526,-0.0237770492895569,0.0713127376512519,-0.171764921515477,0.114594329744646,-0.0318586937489805,-0.126990698043921,-0.251528676590062,-0.134812531486538,-0.136723980035811,-0.283087067677711,0.0803798208793129,-0.126105338018803,0.441297646130196,-0.0375844063594163,0.00169320897828051,-0.320773323510234,-0.181765581145055,-0.13651777246333,-0.164540011396012,-0.33531206513489,-0.12327907144998,-0.0655247263340198,-0.0350726451009586,0.0954356988391146,-0.132882895986656,-0.0989086276278413,-0.0474064892957558,0.396160814581315,0.317873870648263,0.446709088400243,0.100672564118077,0.112508688609267,-0.407191762387197,-0.287806647842945,0.0107169261215819,0.134764068397106,-0.0567660218660002,-0.155859782922094,-0.250421353561399,-0.178821765634748,-0.157344765458028,-0.365712903213757,-0.431017755219946,-0.162452463287184,0.0817316327860972,0.279603637602255,0.0215615667194587,-0.109321951421992,0.131708512307988,-0.130811972567939,-0.119378779378531,-0.082940388355395,0.447171098587357,-0.0181609603222937,0.15581658083143,-0.270132969796012,-0.00734320374820913,-0.190156148421245,-0.15320919449865,0.0079210105786797,0.195480021455034,0.144761623756839,0.166654496374279,0.552858052859309,0.330055302359378,-0.0715398928113455,-0.0910833632732601,0.189819717090034,0.117220217907093,0.0318980067792745,0.208643296087645,0.200252796829763,0.192528274430414,-0.118869516787577,0.203979778857298,-0.0874752567913134,-0.0730044986607612,0.00873535704321834,-0.0277939631250593,-0.00708637303299194,0.0671879677820806,0.213563321597584,0.107787578741868,0.0286927311247411,0.221244375245616,0.0091467929936014,0.0501187573754331,0.0401444557762731,-0.130905266195503,0.029054857694036,0.230203893659054,-0.211494391024837,-0.00545282503240029,-0.372637162528713,-0.13596816841599,-0.514236101826456,-0.382521171002519,-0.0356717943756715,-0.151698490548546,-0.0561223329200105,0.094587618984081,0.161720049620011,-0.101864610107932,-0.204963952530723,0.0483817524100964,0.10074070986512,0.211947320815944,0.129191908960211,0.0597621173891778,0.0920133784433385,-0.347433699062662,-0.225035122040967,-0.435366959663394,-0.11361882711329,-0.0352640556802289,-0.4670569977935,-0.175915838134015,0.120065260773637,0.0989230189787355,0.221418338081043,-0.124420232175712,0.0791562616031964,0.0604712677792332,-0.229192763258883,0.284953970333951,0.117095764033597,-0.439914977309079,0.0495650980588752,-0.469750755022771,-0.263367719307766,-0.153095103013676,0.126628657190142,-0.0621536085531588,-0.0319308484713673,0.627192712199983,0.246670484141776,0.476212302168376,0.00799874952450049,-0.111892966838408,0.234186350232726,0.0457958420235983,0.0696456058590153,0.298852416286471,-0.122298115584039,-0.0562896050326796,0.124109784351129,0.361277989075227,0.160864583061112,-0.0111456058158707,-0.104082706157074,0.139981765069677,0.0128750843583746,-0.296851900353034,0.0863592876645616,0.0493812572446194,-0.56669510541198,-0.234110337090768,-0.0320555023521967,0.162800313809472,0.16128621205473,0.341665169843739,0.465426942440459,0.275147283514965,0.0205683054900251,0.110959594622527,-0.221223212548905,-0.355410842721393,-0.108108321646695,-0.382785993156432,-0.0732266656783959,0.083779793945482,-0.0319412990782331,-0.316453753816322,-0.225304916494106,-0.247332837041712,0.0110666594034724,-0.117778221600862,0.291677685831245,0.134446259791334,0.417255289091287,0.255835255680556,0.262135230776792,-0.186688223071579,-0.102179155768223,-0.157784516474695,-0.197586007773254,-0.0726982164104957,0.0705455124403427,-0.151668895642167,-0.202725217214026,0.230582670217182,-0.0751660718613622,0.596165839667619,0.620214027695842,0.473153608985023,0.0653630430000911,0.0335158249041826,0.00344271069790851,-0.169198931632162,-0.248683260524309,-0.127900373458879,-0.394272654755456,-0.195026275143669,-0.0841846184868459,-0.108292894834908,0.182505960617471,0.0525525798322536,0.109676794442216,-0.298240598966477,0.206092618454989,0.222252844005297,0.464069148422256,0.190404065097327,-0.424849382180658,-0.246007010606568,-0.318298526099699,-0.152538698403591,-0.0760795059853042,0.177833112412892,-0.0670626733715738,0.116004894718787,-0.188998988829031,0.135311140715144,-0.0907456059447794,0.344466405385143,0.425617248185416,0.0865750768871827,0.57250065124161,0.140823358848967,0.394470052150889,-0.166549266185296,-0.0383434251630023,0.0442135853425529,0.0314474842941354,0.0860210509078627,-0.245150976159095,0.157171987427785,-0.0805537106143511,0.0461349568124596,-0.012279371227983,-0.0225456948943071,0.118999939765538,-0.0800078397565284,0.103116219713741,-0.0332614624839354,-0.415430934858036,-0.369648504148622,-0.0334283499840378,-0.0776971450557734,-0.00862713638986413,0.134422623203633,-0.0409394195560767,-0.041412238287545,0.177131311748857,-0.27245194020185,-0.0264177054510403,0.258983383709346,0.164811408062339,0.34638566090594,0.222259361882414,0.0966301321195155,-0.214846692484274,-0.151585476046118,-0.0260598303631618,0.110200700114277,0.209008817243432,-0.0315385246830027,-0.222512624777934,-0.151615523864221,0.149495909404051,0.252862326103395,0.0958211047855059,-0.172515979012331,0.327655334395578,0.0694426686864206,-0.0857792423149392,-0.387048016971234,-0.254214168716946,-0.468106380887326,0.111623121901672,0.049422843458876,0.0943062177976598,-0.147341947462128,-0.199803237123919,0.359697851429069,0.241590634309773,0.0351525772401718,0.385584384268489,0.230164153521201,0.274726750488179,0.16623960699921,-0.052172480442626,-0.0710426753729154,0.183057158037789,-0.0958589142567468,-0.257888877768373,-0.0287349248458867,0.124019426023812,0.0575191113849461,-0.421866731036839,-0.00204591573246099,0.0614428861778447,0.235482550093387,0.0926203030335661,0.235655746940626,0.256261817788472,0.367372098910067,-0.00104358707707757,0.105349217668237,0.00888994192700654,0.0605740471196766,-0.0407176132337149,0.1956154324685,0.227304906723356,0.16775566846274,0.176775124943137,-0.01877137533632,0.401259973185843,0.268783011383362,0.136692776503612,-0.0923430565660511,0.0953985443502256,0.204329140726006,0.108593652707335,-0.163611336247455,0.0322917502037626,0.264522255307271,0.0280662734002064,-0.253020048964627,-0.145259744202132,0.00443620590228543,0.0704880051706831,0.419327799972685,0.271999239902043,0.124539010506363,-0.159022823325531,0.0342173215385139,0.21432544551653,0.267660480733102,0.0684084487182763,0.0455104646364605,0.0298754578186246,0.0832750713737394,-0.150281216647425,-0.0437388611825846,-0.0340732550888503,-0.00808955635243851,-0.114700031346758,-0.212898871955251,-0.0035350796023161,-0.364193370110968,0.00269676055864919,-0.283415810382248,-0.0794519998124015,0.149321858694991,0.0235470020017654,0.29201759584602,-0.00730010156352215,0.10613019433408,-0.119790026166344,0.107685014598731,0.363856362717857,0.105692260325405,0.302749547043401,0.312406487276412,0.153987018484466,-0.0577695913812787,-0.321865891557355,-0.239921684928944,-0.135501975544001,0.0845996047633664,-0.0254049214628975,0.121272776768256,0.156302707008079,0.223830491726747,0.0739331018701875,-0.148004860999849,-0.0328519347285228,-0.41998333637092,-0.046276740894686,-0.036519044034097,0.245582051605049,0.0982737371925809,0.0196443052250195,0.0444897666339764,0.097787191931467,-0.161329236206248,-0.242311215625495,0.00666078014836494,0.158727604081902,0.120643890870658,0.0839695198966422,0.11735082248723,0.0507445039404092,0.252558194268524,-0.263376853186471,-0.161482753107077,0.13820638904486,-0.224359636949729,-0.0553375545952461,0.0477114888274594,-0.251512964762727,0.351178183821485,0.0485364538332513,0.114025318602117,0.0102800754576559,0.0184146607618399,0.633852987607979,-0.592256538955889,0.0183808413755124,-0.280812025738425,-0.0187266166990809,-0.138954439866932,-0.448611861763842,-0.0296185806808884,-0.168266846255836,-0.106882388685777,0.00674053943016428,-0.200932210386566,-0.12221522265383,0.0919419506019518,-0.134210572854662,-0.180768062479405,-0.422894643582108,0.162211203725806,-0.250389318677703,-0.191334002803982,-0.112131106986846,0.140993857007157,-0.0239702297262943,0.0297476154582,0.123997718884824,0.275536886118108,0.0148983060777572,0.0978107913290243,-0.0838910487477255,-0.0643359891412091,-0.00560548008602079,-0.0122447069541836,0.22331320085584,-0.0491151516828746,0.323076775440581,-0.180021510065423,0.0388718788081806,0.157013990502304,0.174795871233357,-0.0186689647663539,0.00135702608196421,-0.492273878385478,-0.0320253107779856,0.145513292243807,-0.0188664044902175,-0.128837278137747,-0.389615895701009,-0.291632301367267,0.0328096809421252,0.266095330675674,-0.236249959071558,0.131734059680357,-0.14095784591314,0.197279602798364,0.167757161272387,0.201902435274924,0.0296203538251524,-0.26864211466879,0.112761172162034,0.109592748440205,0.283779620646437,0.169027833361144,0.338974072508802,-0.0333140220503658,0.211356812725902,0.0686794058913829,0.0891822314845843,0.259684946319072,0.123653418140865,0.0667323282661713,0.185109039919245,0.0634080215237133,-0.220926309187818,-0.346400527584173,-0.139623684780615,-0.00077538751949828,-0.0609246854506426,-0.0594358151425452,0.752316495595241,0.225453588121177,0.118707703682817,0.07086750090927,0.0611394057472288,-0.158958409334,0.134923001874581,-0.0177502394306531,0.025166460305426,-0.149828197803357,0.0619626019267011,0.0220828843985527,-0.426972013580634,-0.308364435926192,-0.0495044685721706,0.121579594996922,0.0234857172147717,-0.041570529612711,-0.288008314632845,-0.0904507631375699,-0.0834395746120527,0.0757073642164614,0.166944959539524,-0.0866021352816165,-0.197874600219394,0.131211829432319,0.0263919149377179,-0.28986678182562,0.0331899959374887,0.00993089599324923,0.0911262636818438,-0.139437940852905,0.0900290671261984,0.379680828784622,0.342117987771243,0.332765869487379,0.264754547792677,0.146631113161631,-0.168061391921601,6.14149458407903e-05,-0.142196939425353,-0.326534124912614,-0.147185570172083,-0.062528993558304,-0.187542505005313,-0.166346436353351,0.0205425723994022,0.216489067607345,0.108349615046214,-0.199792384001755,0.182700042490495,0.102253168873105,0.0851497582463149,-0.267715048443923,-0.368888140490905,-0.0150687047397401,-0.273418727794364,-0.0340116736802327,0.182926201407493,-0.289722831586031,0.0294346150655683,-0.438728999625646,0.16848222703829,-0.066093369019869,0.140523483201228,0.335196932290564,-0.111027604494094,-0.249642256773708,-0.126287975371949,-0.391595439989813,-0.105548380868523,-0.0694683745456915,0.0455722695066391,-0.150456274026735,-0.231508545911057,-0.129329527845367,0.223228306804946,0.319981289487205,0.102941591919595,0.384716869471012,0.139821068878249,-0.188209229676402,0.0978282313508667,-0.162836491973264,-0.109761093990004,-0.0437059588205359,0.277944099480871,0.345874774417882,-0.0960023073243008,-0.058088187622097,-0.20399089493629,0.0386487256222564,0.020565194308443,-0.110608131640987,-0.0320254745439871,0.0586114947968543,-0.0269086771336517,0.230649592076793,0.572072320102442,-0.00797965013174262,0.0258590078513165,-0.026058590679014,-0.189175223000288,-0.0688935033843417,0.0644728343609528,0.192964316511251,-0.141663487394616,-0.26932682760463,0.238612550557048,-0.192738762687943,-0.244306764613763,0.120597823519843,0.0384737506829219,0.0515169325789905,-0.0324549128258925,-0.0466078739300833,-0.204894682861567,-0.391727601691111,-0.320604577617557,-0.348755570744304,0.0730903032242819,-0.218425922138975,-0.0651697344535985,-0.236032885948527,-0.18925164399271,-0.0393146752945177,0.140089566804091,0.222393688723242,-0.143390044487932,-0.238238063742686,-0.150694294804064,-0.100007289826931,0.117352111782579,-0.013253842749037,-0.221471124124868,-0.206072584120462,0.468954594508026,0.164830451858461,0.44698377370557,-0.116776731348171,-0.147426425447213,0.151483898259375,-0.282646696944931,-0.114274525768972,-0.173426088923728,0.197524505169003,0.383011721108453,0.504711599767987,0.203806161307095,-0.0798749387132242,-0.360133030002783,0.073326880272338,0.135475915526793,-0.0857890337905919,-0.153106226247749,-0.14823880699384,0.0734997727821044,0.270857145052568,0.159012645782982,0.252745806858725,0.0358660209103346,-0.23169693131447,0.0426682762660679,-0.085201141346861,-0.0503121829638214,0.201029894064999,-0.0239802830996696,0.206485929680764,0.199342337770554,-0.0563142203079149,-0.299522669420293,-0.233791449257267,0.0954511969632333,-0.0884331062762994,-0.122677148191661,0.110680108890488,-0.0934768285550267,0.155046728046465,-0.0862177564347935,-0.250250282392901,-0.272914412175318,-0.347428430318431,-0.166622556151146,-0.0414524125849935,0.219526000454383,0.330861128059943,0.197759518735702,-0.186813518112817,-0.0704484819076001,-0.41703679667084,-0.504140619377939,-0.238286327366255,-0.062711542872174,-0.449273532250957,-0.609756154975008,-0.281201867128362,-0.398700692617076,0.202473397292748,0.147620979910582,0.390853369129909,-0.0337740570895335,0.0776862339225467,-0.0227903791560886,-0.115178840482221,-0.0130141890860392
0.595924324903104,0.0016356595041965,0.150693893215456,-0.276755849995492,0.0725289151133536,-0.112495886377761,0.200419861878561,0.159433375137741,-0.449012483845787,0.195069603486857,-0.129953760784761,-0.0713766606454494,-0.43370425386713,-0.306187106160057,-0.572445409069655,-0.150441847003196,0.105212191068891,-0.14251101466142,-0.434866346668286,0.138898830210672,0.126787104110391,0.214546459783059,-0.216632248424705,-0.341699303083804,-0.348064216090171,-0.437303954435169,-0.399109883121885,-0.229494126431192,-0.888792847029249,-0.28104362772019,-0.661329615668733,0.558818449809958,0.540099924040933,0.0851085990866911,0.117777080069229,-0.417811332901192,-1.03008675004673,-0.160427795840391,-0.625526873367937,-0.499822286895931,-0.155339284237256,-0.449994304996371,0.387498935753486,-0.15655767661152,-0.372814438356813,-0.286846569410496,-0.777470713709595,-0.417044016754732,0.0822712858579958,-0.107071828417231,-0.447113915296277,0.134185412771562,0.111796738851542,0.148475417394677,-0.372517266215642,-0.622144908908416,-0.434714468022462,-0.557909512794124,-0.260174187344995,-0.281962734814356,-0.807319090956512,-0.409830772069928,-0.316181117019451,0.127961729456787,-0.168888259671633,-0.503148086821395,0.0448992364093837,-0.147789163204802,0.0514120043034858,0.0392706820650556,0.0724654401670923,0.42516037760287,-0.389442467175509,0.0623744655732536,0.255286408351188,-0.346229347546138,0.136263958651092,0.267115588696802,-0.0813986622549659,-0.0973201564433656,-0.155114714270741,-0.325796404433526,-0.0326852658336567,-0.0982225424854898,0.0496516250840967,0.0799172699166956,0.573521638321272,0.146026887167404,-0.0939106330215226,0.176195970541126,-0.875992800000569,-0.0511140936254231,0.189733736394815,0.613202581701782,0.103620549153394,0.115015763244336,-0.0285324456007444,0.588539532838044,0.267618911563095,-0.321344472048886,-0.0761516263306973,0.114664893439159,0.353588929886395,0.169870712983589,-0.0208393148641607,-0.708801238514252,-0.571999375004657,-0.672266624557538,-0.140226663845849,-0.256566139671523,0.452503860271177,0.414773434324441,0.171229306539213,-0.144699360207666,0.128646572589959,0.543269192517424,0.441639615573257,0.263393537938197,0.298714046321946,0.674846180269768,0.622954686964714,0.130995553523649,-0.0427725979530821,-0.39242330859593,0.0226095902664777,0.310588522501935,0.0499912267851336,0.248988126765554,0.233723390158769,-0.0171263788876705,-0.900413107539469,0.263390617993528,-0.263525594825238,0.0186720473185713,0.0445224671611968,0.0683298190063411,0.166045812319535,0.00929706537401347,-0.221909955850681,-0.378970365594177,-0.485196598471148,-0.764538376314531,-0.638122477968962,0.0431390117892922,0.593104617277378,-0.230788853618562,-0.363397651379054,-0.269311202224348,-0.310908165892205,-0.112491179675399,-0.260046641715346,-0.148217044450031,-0.233392832613187,0.100816052813895,-0.0175470637476083,0.271602523256677,0.124075235953047,-0.139218224031599,0.227306505102195,-0.351337704309571,0.0132605784304666,-0.120151991093401,-0.655983552728918,0.0709159485615012,0.103733498550486,-0.271105177928258,-0.145933329015003,-0.596211268090839,-0.22353807346582,0.404121930540743,0.287693035826362,0.51431936182147,0.517080258508554,0.389921653830911,0.755456078330646,-0.15816422959487,0.326606051449252,0.113360674336316,-0.179834400368907,0.0096336333207262,0.265835610366758,0.294834579849744,0.337076526699399,-0.143595215017457,-0.273983035956903,-0.115927515680274,0.0440377284464675,0.05607800078202,0.83423234248582,0.411922033100373,0.559212925035349,0.0503092788443296,0.0614097336291097,0.390594502323643,0.608154090267309,-0.33315960582559,0.0148544631884138,-0.0470548817581453,0.435448878032634,-0.0477064772938192,-0.269899912254029,0.0508585078211246,-0.340140085975152,-0.264088049854879,0.659749789194084,0.344352898847793,0.552646433410793,0.719486089489646,0.0783561701013493,-0.0622121207918246,0.203980823592545,-0.516386038805116,-1.00736689784168,-0.628318682166265,-0.548450707819903,-0.0447576612938504,-0.100561159988441,-0.447481972316099,0.0963978680026056,-0.0530539006425969,-0.322759696538087,-0.0321309190349269,0.113496094485613,-0.463648991554196,-0.906049371989055,-0.128150124278262,-0.385187932921789,0.292968647570055,-0.347439635092107,-0.250114659376145,0.331854258266443,0.119759817069324,0.0460337478773817,1.00480455210277,0.263355210784851,-0.126383088532128,-0.138701148616007,-0.370114306992305,-0.790057872747987,-0.623980822937061,-0.38954757043921,-0.136040863894634,0.201307126716521,0.320532356504591,0.469678697562475,0.118226301926945,0.619498379876659,0.087458448433171,-0.1282179631844,-0.213223431155166,-0.014307132001346,0.528455976346531,0.225135596375789,-0.245555123744554,0.0876517147799085,-0.252316603419897,-0.456758663105637,-0.470519320334166,-0.685152247922505,-0.287799412923944,0.332726759207978,0.0468586418356845,0.601578471344199,0.31990761187035,-0.283465513349935,-0.173084541563381,0.0382073981445546,0.259913457452454,-0.482274741506934,0.0691291980702938,-1.15683166323875,-1.02011066649164,-0.42581777479682,-0.572220650971986,-0.118279963818868,0.000851262913962088,0.124184566531259,0.607115566252413,0.136265159290227,0.607763662148489,0.565356330959372,0.305849887180315,0.254322265933458,-0.288807798535493,-0.282935814192315,0.0783341357122744,0.419909516463653,-0.0835156943123238,-0.48505140421833,-0.468414215450212,-0.482207127428907,0.485665103851395,0.518677512053242,0.663969622245497,0.226680640120669,-0.194632041997537,-0.450994699655128,-0.353247831126674,-0.221059924008629,0.460942149880137,-0.333257387505068,0.150895733569068,-0.440601701826947,-0.777481792480846,-0.0576699286608133,-0.965294820295098,-0.55424882831145,-0.560878541931967,0.0992030109682557,-0.225939389423506,-0.47091547784424,-0.0542287775293676,0.0281529195892651,0.23746756419117,-0.47831380772133,-0.260713625669756,-0.35615173989951,-0.0120262554411129,-0.0206804005848592,-0.1526248517129,-0.24380596745078,0.0668143922004888,0.284621594619933,0.770395451354733,0.778795544717433,0.109128542875074,-0.0137718504319596,-0.1683295303955,0.0748061062929662,0.195735069528506,0.277731637274708,-0.0621178137743157,0.368892289691356,-0.0213610623999664,-0.325622125663944,-0.0905905925002642,-0.370849352388597,-0.557633052608676,-0.297485744149866,0.355891215628812,0.38476491639927,0.100140270650962,-0.19344926123139,-0.345231947554624,0.21389888836533,0.275071163824782,0.273284260420087,-0.400448585488308,-0.610966669118036,0.0182773605556844,0.113217354499807,-0.259036152118427,0.0454301000114077,0.396554232840072,0.589497518508991,0.585288929199737,0.718996459755886,0.185680888709784,0.0605055940883119,0.0642222244399088,0.352282641597211,0.210231585742576,-0.632955635696692,-0.503690613614667,-0.0187770163478117,-0.771360796479224,-0.356115884273582,-0.801603254780202,-0.263631961181805,0.336113772654819,-0.0369853570169111,-0.611743772335286,0.0200858018852389,0.29369939473779,0.300756373537372,0.0229289426610238,-0.2798570038337,0.637183490654447,0.194885467162051,-0.236213358142834,-0.311801658921634,-0.553482307058883,-0.271902896773337,-0.938612491571249,-0.79310457667202,-0.0502588779202738,0.0933828404470702,-0.245111725697558,-0.0991441348192859,-0.0917961276364189,-6.18917040237782e-05,-0.332986544892735,-0.244677741730137,-0.497230945503455,-0.173430851085805,-0.879179934741181,-0.709709606327742,-0.358140227228594,0.0451736408622515,0.132898322290657,-0.214993589070525,-0.344164774451486,0.179263543199185,-0.300052365578397,-0.398273222083171,0.0106100224709134,0.279994374048009,0.123737544744296,0.0522168217643681,-0.512427894408377,-0.800836500010836,-0.476726430655877,-0.220382541739927,0.19620268829279,-0.0534021716049149,-0.236874896405999,0.0920694215585342,0.0506056623347293,-0.0532506838531158,0.125451498195897,0.124604149248517,0.136375393798561,0.54673903750051,-0.0988393179923228,0.0163996370886859,0.401475484584557,0.0479282790785588,0.185666454088448,0.506495972958369,-0.210051053130596,0.366454454235145,0.113662999776555,-0.0667896286795817,-0.00680603852254388,-0.278332026994718,0.258274923980264,-0.16584161873298,0.097920266101949,-0.198452937592167,-0.809280232816179,0.0247661698967463,-0.451391840893014,-0.381144759116447,-0.143527549233953,0.110077682332538,0.339764708040302,0.420805568080946,-0.0535274857390995,0.119625124067601,0.148855906666398,-0.370316947877736,-0.402202145318495,-0.34970554072524,-0.11018313306895,0.0846434008093126,0.340794641348489,0.622376606962813,0.286528108037112,-0.122451695598313,-0.371159937525773,-0.468956770329424,0.175691826930567,-0.0647953866144449,0.167681723881135,0.53434911936436,0.786097764774401,-0.0487814582568092,-0.0568529216778413,-0.27302361084789,-0.374764282776294,-0.349214523280908,-0.127545318598145,-0.27015733221239,-0.0932884848367543,0.356582034627212,-0.256599684556858,0.465751129169665,0.161756726195632,0.355568383558847,0.362486265078209,-0.361434770165206,0.124663751362585,-0.220519633621128,-0.179638591503943,-0.2629984129004,-0.716789833582092,0.80715383819954,0.200253390841479,0.102557942697838,-0.0763812535153895,0.317685810395597,0.575816652675927,-0.01571044003259,0.373528792927625,0.25223648866133,0.413698398167133,0.283851320813439,0.419321779044465,-0.0526646012945201,-0.00764887928345731,0.111732252205174,0.970460877490243,-0.316027199968424,-0.0952895188067648,0.400103174504152,0.25754300474486,-0.428276606700804,0.245374446934072,-0.126203658826254,-0.43568494145361,-0.513016821285347,0.136055421542773,-0.551564824060413,0.225429827376504,-0.231310633013166,-0.0467975167385945,0.0994040091331382,-0.0472589160597273,0.217181716462147,-0.0164769340967464,0.274527337935884,-0.0857223035373574,-0.479615222884997,-0.522323478923246,-0.0281497001515719,-0.0566369150352418,0.464094671232185,-0.214839167713826,0.0131910602019183,-0.169804676180953,-0.109437309372298,1.07095583691299,0.36316852085744,-0.509258555910626,-0.234923649920638,0.388134156522619,-0.106793464667358,0.216529183882716,-0.477167221523958,-0.515898668462415,-0.64034586676733,-0.240117686886525,0.388592350499835,0.0457403585591888,-0.025518297726726,-0.383812046617949,-0.428410504608201,-0.552673869325495,0.525562978182796,-0.4973361444441,-0.368822955596754,-0.451991504777038,-0.767129233853961,-0.458898633931148,-0.649912931880461,-0.306137763423501,-0.0369524111088917,0.448056938503082,0.384912434679627,-0.117171932864466,0.069233936308466,-0.100417627566868,0.0710968174139913,-1.15973104419989,-0.730475137059487,-0.311222614142541,0.0756856789930027,-0.148319593848108,0.327262887684548,-0.318297481793855,-0.0422208211872663,-0.245637608329826,0.368828958372645,-0.1256556512999,-0.201124861880303,0.817949130042969,0.529478009951171,0.332267514770525,-0.048797547753576,-0.427939006934231,0.0468911296288398,0.36812475592015,0.361423990324011,0.0790399160845497,0.249874833012139,-0.186067146730848,0.0691513257188796,0.35376443947819,-0.288981278518823,0.0426989227732144,-0.065826664811399,0.107182807781271,0.187406653482213,-0.401939304790359,0.138183631719792,-0.299872308307996,-0.607578819752182,-0.328717104395576,-0.545389689231286,-0.781928704732728,-0.227178836790928,0.235314719875935,0.171981844915574,0.17273778160973,0.271584534808031,0.342657979061862,0.248915069886431,0.291800575799477,-0.0192468650318918,-0.073502222196771,-0.534161091548011,-0.256626589210501,0.374175642257792,0.0297894171925885,-0.0877714601086942,-0.28586554280727,0.570262007698071,0.753108164177058,0.259150029031477,0.063822389138413,0.266709069510965,-0.0347237147420112,0.654684360239398,0.273203128242626,0.496956381273526,-0.275163769562798,0.459907668894234,-0.260561345493345,-0.256434422754425,0.00891722010566908,0.423285018792919,0.369139217718589,0.530154037657045,0.649522200896657,0.305689834280306,-0.325479316757666,0.0745857731312456,0.417649167147534,-0.0612031406512443,-0.692104151794594,-0.636933758535509,-0.129217091828258,-0.187377950148722,-0.244912675106874,0.350429781219023,-0.165619658778457,0.329317704460072,0.227647816497422,-0.136332322958353,-0.802731953661859,-0.652582682931733,0.0416832970285858,-0.126972391054261,0.21671657031473,-0.436761192488766,0.0341557032298159,0.301050814485893,0.308030748325246,-0.276412441852979,-0.371942449362002,-0.169815537378097,-0.854632302274246,0.105578354768316,-0.12270130147323,0.300560607846968,0.0666614905549816,-0.0117968283071135,0.0467333316554683,-0.284879682733655,0.303053844768906,0.578270136636238,-0.246785328709233,0.515159085768614,0.31252990508072,-0.0938617443459257,0.211038287717085,-0.23862376798938,-0.110235702866552,0.444328885390589,0.0796068340636379,0.483173199392128,0.368525764424927,0.413927552423052,-0.13444161321997,-0.0591448390817494,-0.00352928757783763,0.21669388553856,0.229583173009755,-0.0695694187129706,-0.0880492449475613,-0.151855336216306,0.197534688752735,0.0503497282176979,0.554316196583859,0.255754521264639,-0.143578890237714,0.147822499044771,0.2161499428077,0.168949445303063,-0.379883612843248,-0.343652833328954,-0.615506340617987,0.148259100070846,0.410361255118659,-0.275926382572611,0.151682624542656,0.23637689393269,0.364812716819143,-0.114465540891947,-0.74751649047635,-0.670910576706073,-0.403970283608873,0.159413884898403,0.455007702109426,-0.0765088798605412,-0.0538785181649423,-0.0247414398236968,0.125517942522233,0.418155659992572,0.0414013217815989,-0.690162062290266,-0.206407447380821,-0.524924514015666,-0.222097607722485,0.403164984477361,0.0521517921407302,-0.0355653019912966,0.182863915157119,-0.42858242472463,-0.0333241519015533,-0.356275315172256,-0.66888562893499,-0.337480136776669,0.627552544647376,0.406231819852059,-0.201319072708411,0.17096897510622,0.395929128073204,-0.0478167782920107,0.148956772636172,-0.215839413995276,0.232467149952944,0.46097700301775,0.616224775994284,0.197662839433093,0.741267712151233,0.0029107566293357,-0.594415046907173,-0.262405637219989,-0.266410168032529,0.0474957835580124,0.259536319943324,0.696046467917138,0.760595457698265,0.67665875068272,-0.186429288023083,0.617018197418957,0.895881713719404,0.275492168216464,0.634181587240907,-0.17128575272594,-0.402379813990023,-0.456825761241272,0.0242197257594053,0.336777003312375,0.100473892077955,0.193762397438599,0.0211951315354727
-0.0876382311187645,0.165403127246515,0.13820832306977,-0.177560743014834,0.0272498686518485,-0.0757228883221577,-0.00489964879709254,-0.119835284660323,0.279096143178939,0.00172586945786826,0.213731009669421,0.0872295906473733,-0.0243388218570388,-0.0299928676257982,-0.0966816809425075,-0.115710819291944,0.201304820092424,0.0388328536298278,-0.116192168616309,-0.243710478835488,0.00010348033093599,-0.00533924432990649,-0.033956718673476,-0.0155118030737957,-0.277098393900163,-0.0389033717229193,-0.0396692015728964,-0.0179411765105389,-0.291193031445271,-0.0456511737923586,-0.0735872833321064,0.0488719960332617,-0.0594612060330139,-0.11413017245754,0.0667873905846269,-0.182903162776968,-0.237150707948843,-0.00491954507265985,0.00507208863847111,0.0950838981223422,-0.271281443742521,0.155982783342211,0.0385373982504638,0.0249978120461687,0.0242742527025678,-0.0790138691987583,-0.129760815150966,-0.149383341996952,-0.0589529279880114,0.0405600871265241,-0.073856841737673,0.0761897958026514,0.0455927246774515,0.0704919009212315,-0.125711991195812,-0.131156373828922,-0.0454289206825914,-0.0453180873250435,-0.0884243155132878,-0.00460942864366896,-0.153799512212013,-0.0523081670612155,-0.0968920966561817,-0.106721913158713,-0.0109043931470822,0.212559191379015,0.0224624209562802,0.0495822873054969,0.0465984772107362,0.0426439912659432,0.013174154525585,0.0558104438847989,-0.117773407532321,0.0242811866108878,-0.0133864794589558,0.0935420209231456,0.11270128606399,0.025525127807366,0.0558808915283905,0.0474940446997586,0.0312167410307906,-0.195246167725952,-0.278279921741758,0.0707378637735801,-0.168215372480137,-0.0506276469123842,0.12470807121928,-0.145225110956171,-0.0325250053038091,0.155219998842111,-0.162125656131495,0.0477842384021303,-0.0662108423504731,0.134927841907063,-0.157468803092339,0.105819300137769,-0.0592682212962001,0.230636681163672,0.0942992584163919,-0.128062414548877,-0.129985306796032,-0.0708630169981553,0.166696330953445,-0.0778202875436388,0.0310374455686778,0.0856581679958235,-0.211352239087446,-0.0492247477733858,-0.166328117114503,0.0432771525583704,0.0971691587870534,0.0146326170330766,0.144506018249115,-0.0212435156544246,0.000903585844412261,0.0934999084654056,-0.15387632817065,0.19980694413027,0.114888906638655,0.205247121773456,0.206809772865625,0.0772572170928784,-0.201445827984689,-0.206643188139681,-0.0356615493274367,0.0518510743275345,0.0204397928266621,0.0645168285156395,0.0213916509234786,0.0248264597283781,-0.180597904218177,0.030988712546528,0.0111050738725518,-0.198520134236425,-0.107266032304023,-0.0143717796478253,0.118685472675684,-0.183986944392615,-0.0384611757860362,-0.172906270337296,-0.212467315183741,-0.11778757407824,-0.205277287632934,-0.0714141229322035,0.13936977102607,0.0807072907927642,-0.158207805175262,0.0142773316283809,-0.103236287760372,-0.138928412610079,0.021581944668797,0.141355532007995,-0.0703222242339206,0.118130176801423,-0.151249462839874,0.0796805560167457,-0.0236680091884592,-0.0856194908832043,0.185145372448743,-0.0947267849471886,0.0509574217792772,-0.0326230508991512,-0.171436137833294,-0.0602485170561706,-0.176786082271453,-0.0483765420540145,0.104624229387568,-0.152873177549655,0.108654618047377,0.0357851883911909,0.106023800495133,0.0661130951986386,0.0201557246422323,0.214506669907044,-0.0418509878305465,0.162041333966876,0.00598825938789207,-0.0523802624682306,0.0308810419368492,0.0323672423644809,0.0269292604534002,0.0263245501261689,0.0791802218964614,0.0947968586486762,0.172184939665687,-0.228083532281897,-0.121266669621036,0.119848911115515,-0.00786576665079231,0.227274558719237,0.0492623590351931,-0.0261530826283585,0.0381855500936463,0.13768811901743,0.102734152937368,-0.260501586832845,-0.0293629614777969,-0.0268118115805427,-0.0512159119950098,0.00698806389433515,-0.0878892096574431,-0.0546845125175849,-0.109512433363857,-0.0921219595207112,0.274823015540519,0.0209382885695242,0.0830537608561094,-0.0772647219357025,0.027268795216158,0.0943505380845886,0.0421989295659134,-0.134088141495894,-0.20368847097466,-0.143724016220266,-0.0310186010037205,-0.13209015169972,-0.0194218452387588,-0.0741539117753723,0.0508845726950212,0.0381553170870704,-0.277015228669486,0.108758441180653,-0.00350092196364788,-0.131451201996467,-0.0282949492505875,0.138923082616501,-0.146593796916856,-0.0304910150276857,0.0854039691082302,-0.268754424324415,0.00502976754536948,0.236900406392935,-0.0521314594347023,0.136479034034279,0.095735303190784,-0.0839343015873688,0.0860264393699491,0.00670188300144783,-0.00103184722861541,-0.016058762477347,-0.0318031387184413,-0.0760874919480291,-0.0155216655506128,0.214685142916407,-0.00970921530054226,0.0564589777020667,-0.0748142859938899,0.0513468003899426,0.0682574983345588,0.112309148055566,-0.000779656226723021,0.0755382435713956,-0.0441510155027747,0.0197110685964845,0.110901680166731,-0.00855623661285393,0.0849220076931294,0.021923508508925,-0.039981016910014,-0.072900569188722,0.0819137189102516,0.132035772229228,0.137640011373634,-0.229008593842999,-0.058142312954905,-0.0698384771385238,0.091901032611048,-0.0778737976632424,0.0849236136809931,-0.110236304902077,-0.195417324203196,-0.087036724908728,-0.172688304265417,-0.129917061860046,0.067656555445428,0.135983014310306,-0.0486524370767379,0.0686299432913742,0.0747554913313041,0.0721401062429202,-0.0420472798659452,0.114286401891979,-0.105102985623074,-0.120681149296936,-0.0307183254591334,0.00642158113378412,0.12352261481782,-0.00467890590191622,-0.217836791940043,-0.115458630216577,-0.089562083282512,0.0715206194122655,0.0709868213206299,0.192466802484414,0.142221806028966,-0.10446866416882,0.132015369185953,0.107561012420033,0.0488710725518102,0.0847505843378071,0.0511604623478402,-0.0678021548489437,-0.165507310421316,-0.15053130958082,0.0289555613483203,-0.282674143673098,-0.0623574071670836,-0.0437098475352051,-0.159723786118507,0.0413457117568942,-0.0261685866368047,-0.062156533723346,0.17804332419193,0.0568297360056607,-0.188969034840674,0.0123360598096675,-0.14021414531561,0.0621045109137929,0.086036401950642,-0.0739323211197313,-0.0342205269562898,-0.0559048894494903,-0.000210729298743453,0.178463259832944,0.127786999687082,0.140022079955373,0.061880572095441,-0.0250179521823498,-0.052071454952969,-0.0409811433936,0.0535767750288495,0.087031559269884,-0.0646859746196719,-0.0322060744262993,-0.232252262736713,0.0429366539344975,-0.0439244981277526,-0.289332163659639,-0.11027689663856,0.0739457636748369,0.000945131604612681,-0.154442578755164,0.114371680149261,-0.0990773490496709,0.0551733130005143,0.0308234948664651,-0.0760062771789796,-0.210685861140793,-0.0802516630669158,0.0993330013604154,0.0272549506320349,-0.121386453033609,0.0435376146222581,-0.200739131953335,0.244994229273634,0.154916257935273,0.171010761227927,-0.00960721373871227,-0.0321367697402041,-0.114900715350801,0.166354351176298,-0.00894229071157286,-0.0536407005984298,-0.146609940548031,-0.122235816293941,-0.175110410215227,-0.064816255864677,-0.0272240843699099,-0.119263413365216,0.154230538083603,-0.141048031813504,-0.104052585399746,0.088469854785164,0.155714021382295,0.09251826712489,-0.0262100023031658,-0.00919267408842428,-0.0558050584629325,0.00212374139822372,-0.154488289104207,0.0045356232344714,-0.0838549739887925,-0.198971419739483,-0.105825422530038,-0.179397982550578,0.00548314704917969,-0.0707597642823774,0.0197848290955452,0.0600986668444516,-0.0903587726190863,0.114006388392649,-0.0853442454682303,-0.00732748726478637,-0.268841262984789,-0.059264527588432,-0.116060226845783,-0.0435475562919109,0.166216412155456,0.064843411010948,-0.0324351373093676,-0.042535165130385,-0.0343910034901936,-0.0165467162392427,-0.143124824469279,-0.14132703315006,-0.183783680842968,-0.196280985651897,0.00765143619873205,0.0231127614709697,-0.0463134767305702,-0.212578005968235,-0.142972630673027,0.103492463735503,-0.0105493689467451,0.0826739729185331,-0.0441115320458382,0.0949491494368146,-0.0151992818705609,0.139324221698919,0.0265729723904556,-0.089584853412968,0.0331572761318927,0.097081916855623,-0.094147831841115,-0.0557446817594598,0.0430096946884938,0.0415272997631086,0.0715694787652347,-0.155424513459468,0.0549646435431996,0.0574082454785727,-0.104634474662492,-0.160142099397566,0.0818655734908366,-0.193684566966787,0.0235410064613556,0.100043674056261,-0.0455389321965619,-0.11256681165259,-0.139917096590561,0.12956148414596,-0.175939807469177,-0.0447327295686908,0.0517322814196399,0.245546997594055,-0.0513568788259368,0.10279824194302,0.0346634956051871,-0.00667929033528691,0.127587505642251,-0.0298564599515277,0.00652717048709669,0.0090072083560921,0.0245500698490201,0.0286711667402636,-0.0355781332126054,0.0953701147509956,0.216297091819304,0.0575976802490183,-0.0829733903981339,0.0848469737383767,-0.0471140548677664,-0.190760895077822,0.222602896610041,-0.121770041178539,0.250769232126387,0.0185398140890015,0.0496788632969168,0.0392613157624871,-0.210420970050811,0.0894568406740127,-0.134420895626023,0.0844677713494808,0.0329623886324356,0.158390293976681,-0.0518980887128414,-0.105684480430097,0.0112821573374798,0.016322832392237,0.143325203171598,-0.0232332503902408,0.145990759260703,-0.301981239260628,0.164650646053752,-0.258735395148332,0.126691881055946,0.156256059503758,-0.0591642624835283,0.113453286564149,0.109284238067225,0.179336826340604,0.142797559777799,0.0636303870980722,0.135750258128036,-0.0985721109360215,0.0125800988396393,-0.00232641589044198,0.048972278558028,0.236838071516291,-0.100673018124739,0.0365039622030463,0.125194031895933,-0.143615998348181,-0.0345502968703428,0.00072784182440009,-0.00785382035169518,-0.117472432039061,-0.0415262254293082,-0.0959656011978209,-0.0654087401428536,-0.208760009386983,0.0225537375864405,-0.0777856007573504,-0.0482326671966132,0.0848895009211524,-0.0110405228869597,0.0467596168350591,0.0315624486311729,-0.115138786815565,0.0572164904967056,0.0443045168070569,-0.0601554205690218,-0.116488506628389,0.0598426941660197,0.0726036991196699,0.0660943730372885,-0.102989124225749,0.104930155034708,-0.0418226747403787,0.0273718165328519,-0.0869928147458849,0.205106324234521,-0.00282454899066227,-0.0784894864473667,0.070967450856764,0.157650413298067,0.0718225853915619,0.0685293743948775,-0.143100142868604,0.0289499307071844,-0.280364013217753,-0.0414571049366849,0.216257150815464,0.116396678807424,-0.0719034900999544,-0.169159057816154,-0.00785631588417827,-0.059280536009177,0.155179712880358,-0.0724768399474342,0.0319513117089691,-0.171584823554131,-0.0981988948068461,-0.213049847509188,-0.242649594943578,-0.0716189619151462,0.0846155358970694,0.0969804844016853,0.174931067549269,0.0701526667251215,-0.0272445753943873,0.00747280203219206,0.0539208815089268,-0.122795171613969,-0.364111318743578,-0.203001955169091,-0.0252767322342837,-0.125119949855459,0.167376643158885,-0.0306419352832525,-0.046693311779644,-0.125452362848949,-0.0871012999804344,0.0476538874651153,0.0575659774294138,0.137257350222431,0.0591230777624931,0.131946461221314,0.196778861988631,-0.290051744891814,0.180152545493412,0.0723132067418445,-0.19001271420261,0.105717578910582,-0.00105657039013981,-0.122615916137951,0.0900147861148616,0.291899954716593,0.00942635684051932,-0.0049697891543021,-0.0432536001222335,-0.122612778350165,0.0582098774124635,0.0633309548731538,0.144526602799764,-0.060663316367454,-0.100590649736172,0.0835552792429705,-0.137030897255692,-0.140000348602975,-0.0550565645885013,-0.0278456123262892,0.0933408440364493,0.0506224006540303,0.17570014673956,0.176105012385712,0.138963467832008,0.0105050809546208,0.00591718170627437,-0.0795588676300971,-0.0744287844426816,-0.0490947541318329,-0.061505852110083,-0.0253598682471205,0.0979616835939751,0.0215864421520727,0.0986175859457931,0.123004792905948,-0.139462698600895,0.144329356217465,0.00136851745598168,0.00555650001351291,0.0152686335018956,0.0104036123360347,-0.00630189899428227,-0.063824127893437,0.229129432167199,-0.118396630240527,0.00428405185304966,0.0500594569151591,0.00677461028320431,0.174365962930894,0.13429923215815,0.12346546161202,0.127191628722525,-0.123619564541205,-0.141956107680446,-0.229214533858489,-0.0579848827836928,-0.170014818377276,-0.0527613325223382,0.0903487880314132,-0.082526672192541,-0.141461889075126,-0.0396773207927722,-0.00629514579968687,0.199446407491786,0.0478352860739767,0.0263822543729081,-0.0800247584751248,-0.0501710959230425,-0.0370740795492472,0.129328362388252,0.0622121485002755,-0.117445092820738,0.00633053404766057,0.00267621502516189,-0.0775560208637461,0.00320024931726818,-0.0317361836502223,-0.114601426585985,-0.0296573965082039,0.0521472322172703,0.164858564170848,-0.00594648687111164,-0.285140686466318,-0.0273990642672,0.0638688011026879,0.00234391420552726,-0.0579597046782868,0.284433639967413,-0.080233958903446,0.101202238245104,0.0651140453789,0.0402072815889911,0.00340227832071732,-0.235849198873494,-0.2102101041806,-0.0437965017383199,0.183259887420681,0.105134546218149,-0.0596277574874232,0.159638880296998,-0.0746563625991236,0.0831814165984053,-0.0714384870084963,-0.0497822076981974,0.129253896099726,-0.0264113290097431,0.0915774710258047,-0.0245579289009437,-0.042382562522398,0.0596687953544069,0.152139624629646,0.0025861211920617,-0.0865813453410351,0.0279352210499304,0.118364526276669,-0.210093041725544,-0.157813722073315,-0.0272528548388596,-0.0765908541667129,0.102712840625739,0.0589739336681667,-0.0324118743503865,-0.120000351999518,0.0590840977591429,0.246081139658446,-0.0573462001192449,-0.143156010747469,-0.345433583799471,-0.0912047883427656,-0.109673077764543,-0.0183931576722005,-0.0157999899419083,0.0379649319952526,0.0284695242035987,-0.0125375877140374,0.134982417955085,-0.118504770150641,-0.0879959456192815,0.00395685064525207,-0.16481528116315,-0.156651894682527,0.177334252235255,0.0200297703037653,-0.174698666727774,-0.0606074729217351,-0.133629411831863,0.221836563706079,-0.0531049429217565,-0.115320863811304,-0.0923397189850721,-0.0276279529923814,0.100824169116437,-0.0735782818271305,0.116081906425014,-0.0446989879844917,-0.103156938952473,-0.113323380242787,0.0814168312595153,-0.0232939354178236,0.105022236837097,0.0714671799099436,0.0548801411271854,-0.0846252672171801,0.0126111100168781,-0.110298025940144,-0.0601854294130545,-0.272402364813833,0.254180811731497,0.136802174023916,0.0219981485982562,0.150856330368372,0.235078846259357,-0.0376829812015347,0.0604716299335168,0.135588565840669,0.0590067766738878,0.0722691133671641,0.0789155560340659,0.0871082576677035,-0.279305362451314,0.0978725616890985,-0.194953939913853,0.0603235732727626,-0.0376879666550056,0.0364272830181493
-0.699717496713064,-0.345462323660966,-0.471499490981895,0.321556757250936,-0.272228545411501,-0.0671196813922383,-0.418832363718798,-0.108709426525742,0.592270538434395,-0.221726234908612,-0.32419278010024,-0.0979124537444891,0.337603325779903,0.386709245506803,0.820048127550074,0.49152864280594,-0.1353745091641,-0.18650498329406,0.60068838664791,-0.165087576629459,-0.37087222697375,-0.124190059721137,0.140619472277778,0.225577030156769,0.546407417039509,0.707437927304374,0.692216273892764,0.494322138530806,1.36934351983916,0.622452382460156,0.596109909522348,-0.847225431137269,-0.67665344060079,0.190530071465577,-0.148506052674046,0.475869404966184,1.46030776868793,0.812033804336692,0.729406107367578,0.805512092315592,0.314784197780594,0.525796344897603,-0.527459280031935,-0.0295059053000058,0.610427701520838,0.236092299322998,1.32504889139334,0.554900760142824,-0.0400507254223731,-0.308641573244301,0.698888048451832,-0.119471825019738,0.0821393828458148,-0.261648556684976,0.420753688236556,0.749678668464566,0.926786915517389,1.16176242284438,0.397284942244658,0.49060995242344,0.98148778149479,0.382371312720916,0.486767866370209,-0.0219527380814795,0.360102236650558,1.17869113446019,-0.25542893927402,-0.103423732019965,-0.0795463194564779,-0.295385456314157,-0.0238690393216548,-0.562728104740196,0.590487589231901,-0.171492520995961,-0.272348271760631,0.169963499812656,-0.200536294622943,-0.541922151605977,0.0194971378512306,0.175573808903187,-0.0887203926623105,0.571925149173994,0.0667902532993329,-0.000539645434303833,-0.195518116628606,-0.0568156228620622,-0.566189419999155,-0.293586781236431,0.306839106081758,-0.146057729225196,1.23897777875228,0.515076324679249,-0.504345770366791,-0.965177125542866,0.0133037864517237,-0.13049675610631,-0.15460395883182,-1.01188553026114,-0.596382405845638,0.336969281944712,0.35656736326117,-0.0282009166439007,-0.461969977911056,-0.0253401070218384,0.0346450501134196,0.740188199549944,0.851055663438077,0.816890117731612,0.100553746816049,0.446939252873569,-0.36191227949786,-0.910816699376958,-0.0863484245135119,0.169772129286271,-0.0785445306320292,-0.82953034263363,-0.620827477502574,-0.451131244451271,-0.33079153776684,-1.00219662647138,-1.07021889958156,-0.203196481560748,0.252317126773846,0.726969462760132,-0.0434961086422712,-0.392993034809642,0.0512465631805044,-0.529207578846207,-0.428797196311232,-0.12250565761827,1.17528855715942,-0.346843778682039,0.286188687641701,-0.212800064093925,-0.254811623148871,-0.172790545746771,-0.44766329026359,-0.236162573210201,0.233962052573247,0.678320127609156,0.667874361257402,1.10854125467322,1.00832655941463,-0.0854329286560886,-0.42285638785069,0.292933898380466,0.420044136761009,0.370101973766993,0.509262096971632,0.430212932034624,0.207928652654039,0.237982037558295,0.359053627401924,-0.0559156795637005,-0.0138293666193484,-0.433606221801938,-0.0484017040326043,0.222032141151079,-0.136189174755648,0.509657512220161,0.199644280341682,0.326041811155813,0.624478565706082,-0.135793670881387,0.00568474673096687,0.199653900586739,-0.353102947332237,0.839072401367853,-0.034772126925679,-0.784972664548734,-0.391914108604318,-0.905692005331108,-0.599440929471711,-0.686136737200036,-1.0818696385269,0.167896470028359,-0.258847076421653,-0.014055216900811,0.223732365225678,0.373982819127212,-0.403617113538903,-0.233140853171903,-0.223068556073164,0.294331394094176,0.092520790563032,0.00580351070827476,-0.109762920911535,0.103272198485345,-1.02974742836944,-0.442331685844654,-0.758971577941136,-0.00801555411942972,0.0353323128679407,-0.950028001540663,-0.680828693501924,0.396401118299701,0.251440086362702,0.178480779967891,-0.554046591126556,0.036073163411297,0.176738985926791,-0.0285713849330339,0.646831127205439,0.233466377551141,-1.14888243376407,-0.354180840611911,-0.707547258496775,-0.79454240161193,-0.112952674808386,0.0268074463159897,-0.306997255186245,0.616095023375959,1.26609450973245,0.889887192672271,0.665187219530834,0.200216570279663,-0.00920571341849097,0.418392792171269,-0.250606682371698,0.0906355964222898,0.654815675398026,0.239401783226541,-0.00197539028480588,0.904994480856244,0.993020350553703,0.0934055733027196,0.491885807476897,-0.517075456810452,0.35831904272143,0.388456565614293,-0.246935794982997,-0.336833123304072,-0.0218946261014512,-1.28674991317618,-0.552536974561637,0.178813854961994,0.292379254366213,0.75205065423221,1.32013641205727,0.984586938944939,0.488045140105636,0.329953648062549,-0.123630391133056,-0.554308017255061,-0.657658856551767,-0.00929843856344048,-1.10324085465247,0.292355905252665,0.0430628397455422,0.314898911383411,0.238948097498523,-0.555483580286889,-0.516430777153153,0.404416899553691,-0.1366734058521,0.380951825747443,0.510397868238964,0.588065160633559,0.793885750080233,0.519316011580742,-0.511753034874876,0.0833711273026206,-0.90212980411166,-0.247862908863916,0.0475900594848613,0.058930934097298,-0.241126714539983,-0.330822773516937,0.547417998666266,0.0624134896837671,1.50464837092902,1.27701351857897,0.470086501879456,0.927129439486344,0.0806157197739652,0.0301113029635165,-0.0340381231217086,-0.747971845728447,-0.134413145406234,-0.916947640554439,-0.740488156726516,-0.500273063731762,-0.197857015998739,0.330506823548482,0.470570436359312,-0.0589693697562326,-0.383093919943118,-0.093884111496966,0.648704897391443,0.773768479886252,0.780585772471947,-0.880332265481369,-0.672607223658071,-0.662649946701122,-0.583624314516216,-0.158932374535262,0.670758384648523,0.315962787223097,0.180727575723475,-0.352087768391119,0.572109403849175,-0.0350389266851912,0.465468184977421,0.908706363780274,-0.0311830664989606,1.50836321409267,0.863087783654388,0.716287006138014,-0.100631372655583,0.620056451017098,0.547823753354437,0.0614449574477116,0.0529550513096573,-0.287558757456027,0.603691887501173,0.465756100493688,0.546413136439366,-0.0847981535468992,0.218976769495579,0.142028347608201,0.326159463838312,-0.389951767454867,-0.270859992915322,-1.1141710927112,-1.07240098760673,-0.314982887121578,-0.108090390564481,-0.27637139670328,0.0458166254372495,-0.166955581810174,-0.37302119470616,0.0212943913201548,-0.512808652336678,0.0374085483859009,0.613017481371624,0.0555370155545645,0.568532966003045,0.738744586083244,0.520881969733992,-0.684238482753341,-0.535710874831802,-0.118162193134615,0.145486864681767,0.368230300323229,-0.205345971896753,-0.413611774913682,-0.202237003302907,0.537475797751585,0.708221320468711,-0.294526359370785,-0.0144516502844289,0.341228534881241,-0.199254541745731,-0.185315287552404,-0.875084046501958,-0.981028096879162,-0.803382842257698,0.267277967222365,-0.214107555012515,0.220889792998489,-0.656123967778814,-0.302898446145127,0.964199967669806,0.504373500330331,-0.296591090595421,1.18605050210894,0.526025170950441,0.918428084893536,0.408682144872576,-0.327563535536233,0.0518150297973418,0.831867665116034,0.0200124209414548,-0.78708044837506,-0.576399472588227,0.104061275192672,0.224674899347709,-0.748343346859787,-0.399493520470059,0.546106573382028,0.384179570454302,0.605240460851637,0.732122123937024,1.07227208686361,0.895203774963801,-0.191150978886676,0.24763739561835,0.482693959169472,0.210202465192679,0.123733417150384,0.268325306443791,0.543761362013433,0.406865404389253,0.859436195442617,0.260814512345601,1.19126785986964,0.876727944379658,0.183731262286855,-0.151845338901227,-0.133337920186677,0.550877315404785,0.406398400761799,-0.0325541067659064,0.739707832381636,0.416105964695017,-0.103987900597882,-0.599471533110767,-0.369725811428564,-0.275051149389666,0.776564971905348,1.25188262202534,0.618003026770422,0.172895032559901,-0.135576328083414,0.128880021716851,0.237991779223788,0.22390782546841,0.461852724723054,0.0565512598110567,-0.267971747175357,-0.423576744480902,-0.0910925878929396,-0.999018423382494,0.0234141228300401,-0.0558235717144286,-0.332333034083822,-0.220896175100503,-0.325662525573363,-0.945082523110541,-0.0115702697621855,-0.656715766619931,-0.13805603273615,0.0629070341242325,0.110013559322627,0.417392836891671,-0.0603292180614095,0.280434651119951,0.0160130639580121,0.262308294758784,1.24731290605264,0.178751251654381,0.649367899295265,0.42916199933327,0.429477514465405,-0.130713261611769,-0.624154153454764,-0.439957208802166,-0.170250294727623,0.0386999346557566,-0.385858412353077,0.714746172818873,0.588705132161387,0.459708022689216,0.0373263203793043,-0.261736509443836,-0.586672192254072,-0.694703893615327,-0.113205157371226,-0.0530584864035074,0.706011675229449,0.375456811694496,-0.320591038198733,0.194745692454195,-0.0362512035267271,-0.375345969900939,-0.991076726894684,-0.15408595578144,0.318314233970916,0.370819958161922,0.672263971372447,0.672567770513505,0.195899758292471,0.328548081978395,-0.121205271142461,-0.499960276342903,0.132093282148459,-0.714230061539862,-0.340473124564063,-0.452664037827368,-0.33962188264066,0.726939208799294,-0.0634459179880054,0.463963852763757,0.146745729708175,0.439063427733455,1.20787096364863,-1.17998044462895,-0.465509309929347,-0.247378368442397,0.110165508335386,-0.358241291933069,-0.714168900624099,-0.306788466022424,-0.510052097879095,-0.547978099961123,-0.414770695431338,-0.433364270919948,-0.497526344970539,0.161091692436226,-0.278141061063469,-0.432975971104496,-1.45287491228993,0.579504293469685,-0.282793827250768,-0.436298641613408,-0.398622562624146,0.676568367832237,-0.300472785228418,0.17484311916739,0.809564476201344,0.70434890190689,-0.173531391513211,0.630378367603381,-0.239060334171388,0.230306889130426,-0.0559104466454736,-0.131636386304704,0.405278856795319,-0.275319125107828,-0.0343498727210796,-0.291386735949562,0.24138432744054,0.754118845618553,0.526368933110653,-0.0443612070431438,-0.0398595275707435,-0.741192413065862,-0.105014225197176,-0.305007679043433,-0.0297985326080606,0.0972124716499731,-1.5731168364164,-0.373918266422467,0.444152611970217,0.489491127043558,-0.637530509865306,0.000436693346233814,-0.505666362600276,0.673453454892445,0.795494653875073,0.961556905075689,0.314321111007104,-0.65943675102759,-0.1504908140356,0.108589574734409,0.767815026595021,0.863949872627812,0.808036958646575,-0.452868141327376,0.497972077070379,0.271510512891127,0.736442167057057,1.09875308678623,0.586185591774684,0.606016822503266,0.380560396110551,-0.263177023458442,-0.828025131165402,-0.670633169532519,0.000592609845809819,0.351904314420428,-0.00254085033768216,-0.185375606222796,1.53871315090132,1.07957551424014,0.502447277398035,0.130417797495329,0.175804840036497,-0.518298726418598,0.237421122702407,-0.222620919019444,0.341983436749453,-0.495224624746909,0.0819975072711784,0.197483888178132,-1.01947722326069,-0.999385585526073,-0.442752430666597,-0.029978392166404,0.485000692223461,0.149186149349051,-0.613739325695194,-0.698039886088291,-0.0549051507447885,-0.241995858987436,0.326499944500449,-0.333238901817242,-0.481579382950399,0.344990242230407,0.150660984868179,-0.174534782684942,-0.160311093808714,0.0512545031789532,0.417585655206938,-0.179587540599143,0.540105795296816,0.950280151374836,0.840805208355007,0.750672884988594,0.924095670826466,0.433704661691388,-0.410668283263885,0.0196638878417179,-0.529505961023196,-0.627105365879534,-0.566179730865999,-0.295564020498897,-0.316418288021561,-0.10202172353773,-0.105681758454986,0.907306537487077,0.447187300184104,-0.611969712361415,-0.0473373345664637,0.226965483923145,0.228205768367709,-0.739523342879776,-1.06351807945171,-0.330416342535558,-0.362705010604778,-0.417858713636907,0.168378352598409,-1.04975206483627,-0.367082149045812,-0.641637908350221,0.174573782895405,-0.561102515813343,0.435556478384635,0.504550031455102,-0.198942972566765,-0.463196879411208,-0.374098532331186,-0.753494160314356,-1.0667151807403,-0.46596194382243,0.38120804382724,-0.0211823707622477,-0.668386763997471,-0.0529404186156849,1.02560982296334,1.15686931891095,0.192400652018133,0.446175748185473,0.57565208054181,-0.27461019976853,0.346028385044586,-0.191043085674396,-0.305689406872123,-0.0745460104562808,1.08332615186248,1.0268137071889,-0.131333793576369,-0.0430462576257646,-0.316445972945655,0.266272897283613,0.0615730911947942,-0.31817460350084,-0.384288392849335,0.449654308410355,0.368111767428581,0.621723643847069,1.26289658602162,0.0489392119805649,0.286665955606086,-0.289040860998597,0.114886389595078,0.0461138475223602,0.133698182643852,0.290218293435359,-0.346971154551425,-0.744640939735918,0.492802410513337,-0.751970895940148,-0.646879883476662,0.0564998360541552,-0.264201491315916,0.233497810375599,0.344097543797496,-0.409969144595528,-0.470810856985885,-0.70460941152657,-0.7540998936631,-0.784923215595968,0.138069247320433,-0.00289863684199249,-0.0893078053960009,-0.46650898787915,-0.604275406663257,0.011948674310246,-0.0516349899065883,0.41403213644071,-0.242733565980574,-0.23692844154795,-0.741129534340527,-0.265990364040657,0.444052033457866,-0.383894358827798,-0.576511664058984,-0.197911026832904,0.635501795244774,0.555318107447047,0.66739308721176,-0.0465183762737048,-0.327375955063732,0.327217581385242,-0.197322912579251,-0.407183324228301,-0.478209073922221,0.547412301941295,1.04318207062299,1.36282558693404,0.624866615860864,-0.155889195460552,-0.444953588076799,0.0381800311836909,-0.0183088084079973,-0.148778095063566,-0.402322538318581,-0.775396821877051,0.00378035532681072,1.16284161269225,0.559152775621754,0.728603648520352,0.334713271467069,-0.673801773426526,-0.0695441528804751,0.0091846405734824,-0.15417274185663,0.568040913689716,0.187635319944592,0.466637565764172,0.616979272068862,0.311289806177338,-0.919283297136125,-0.359412951198327,0.216553202767896,-0.288053567879889,-0.396228806558188,0.0898067782168273,-0.0025188658376121,0.346034870390455,-0.227478426195137,-0.727045368271274,-0.683127969554123,-0.221089287376023,-1.0746152315051,-0.141494516475586,0.772939333500523,-0.0137749190911091,0.259639394844154,-0.0360131213330036,-0.427302780791908,-1.03264946334984,-0.98773547615215,-0.841132073595761,0.218694521706881,-1.00085663267278,-1.39339786000842,-0.56430118264361,-0.828156215502519,0.371838438029946,0.839633671424707,0.746972712516126,-0.0614267300425124,-0.247453593286774,-0.351560290180048,-0.248814636673694,-0.0668281195396293
-0.649209194227833,-0.057118688778035,-0.344955648180373,0.250875353246675,-0.362999589924642,0.0368292763610366,-0.288094739969504,-0.194679926662122,0.322840177397468,-0.483833874823471,-0.294197059112712,-0.0982419739798921,0.348460231173977,0.42700012906837,0.881063014981125,0.368865232858519,-0.205780391271554,-0.318271440291809,0.845926645198024,-0.0762194332003791,-0.42708046070243,-0.207155131181029,0.137489734118049,0.21600497073261,0.530750400540014,0.723078124599566,0.467150110132494,0.616293020373236,1.39177750047726,0.730467454800965,0.847823191060458,-0.779002914957275,-0.534897362578631,0.112250992386466,-0.026189427228645,0.318579200903611,1.19688962681314,0.664188972556486,0.762856327424612,0.684085814786535,0.340650761055275,0.479139886706548,-0.538688778668168,0.123191053970923,0.644103425225788,0.315900214098087,1.17266034211369,0.632812229976184,-0.0196406287474753,-0.0247185695669862,0.508965194545337,-0.0177167124432077,-0.0795409394055677,-0.247621046679156,0.634029123040963,0.780569491312383,0.572458117477659,0.950030662242775,0.30130664916837,0.562361136822538,0.985694733148698,0.209168914228543,0.353713243468426,-0.0182741506784048,0.158303971516842,0.730781641354277,-0.0635752495749053,-0.131755312129382,0.0723032976693557,-0.277125340886465,-0.143278227914504,-0.386850799507314,0.518715489786234,0.157530413085778,-0.250208479999408,-0.0447927642630725,-0.484335242931615,-0.347773494953491,0.188101093864762,0.108473604820036,0.000490920370783757,0.526801538691498,0.0555510847878548,-0.00881418858765765,-0.400108539237939,-0.0213564188034453,-0.46760395870273,-0.326461155326363,0.182000750361363,-0.0786623897297881,1.18978964799303,0.251276503942806,-0.37438877371583,-0.761674384261304,-0.0235044449238506,-0.265695033562503,-0.157587884588194,-0.753268947508243,-0.710804243336929,0.215378171650967,0.230036368282887,0.0234819750914441,-0.404452081006738,-0.181063732381964,0.124738182873665,0.710174285129328,0.884782432001107,0.871148807451839,0.243050514122809,0.462811336065808,-0.636388322429969,-0.702644183739772,-0.0135705339756727,0.213860604653498,-0.0818447329509457,-0.912543681787094,-0.682026066504638,-0.17705313770261,-0.405549072323428,-0.94673325274731,-1.00601035044589,-0.241663162870493,0.343928837674052,0.628779250914264,0.290116619654234,-0.349473815737115,-0.0455439947888478,-0.375281922584754,-0.155681928739688,0.14702937043246,1.22993338660637,-0.260390847557819,0.112342172422962,-0.247315362410384,-0.147190377716836,-0.163534229608284,-0.237332324442359,-0.149087695685308,0.198061773032476,0.432727490065574,0.717452696291911,0.972531609867322,0.958475762788252,-0.0257684135344478,-0.591015963631222,0.132519330094537,0.417020528715316,0.148023500682112,0.52168880264734,0.454807604543862,0.338942728612965,0.220673923357804,0.349585053621383,-0.101695841750504,0.0969262550833288,-0.54784972348879,-0.0212561723288617,0.175069168995422,-0.01174756123628,0.481125145674318,-0.141271875326014,0.203429854816416,0.629869559578283,0.0613991296633367,0.184933043963035,0.29492627499623,-0.118375249739779,0.874842020918913,-0.159562013122245,-0.816686781437795,-0.16035287869246,-1.02904927053292,-0.48275120252196,-0.767264672717745,-0.971945261227795,0.0317622694361949,-0.317058041506806,-0.0861047259890221,0.24835503119161,0.282605388571154,-0.243025014398953,-0.205918214597207,-0.0958080371347227,0.242508225509479,0.269957453339802,0.0662990569995186,-0.221288829396741,0.0731579021446205,-1.13582240742893,-0.467389225788267,-0.564878823399681,-0.229637356186268,-0.0355823393777067,-0.716467449987709,-0.676143621860523,0.50943818003827,0.131740717210303,0.127320737032812,-0.306763975061174,0.134073348039984,0.216010412914297,0.182203437924086,0.453356278524237,0.0880220437758917,-0.782888103031938,-0.55683026596124,-0.653111132246925,-0.754391699559135,-0.0637755148787993,0.0658358943244878,-0.178634812758623,0.664117719171432,1.28615771672899,0.79272511283573,0.747590709357771,-0.00160007036168938,-0.0760641181906109,0.300999007000664,-0.285060003473199,-0.0484053472616231,0.360527348151536,0.0568038263350175,0.0651258840839983,0.681601462770111,1.15473822415005,0.230480211550354,0.403818043834651,-0.410602786808455,0.469997568331477,0.394432651500513,-0.189231744895962,-0.348956121586311,-0.00221419592378357,-1.2851410008795,-0.430935946258249,0.0903027325140951,0.179441943381336,0.535919217697685,1.17399355236555,0.921502918173303,0.423212608697203,0.228140959425632,-0.0784750462519488,-0.512988645498941,-0.51745029465966,-0.358430807701486,-1.09247290786713,0.28192055205207,0.126137701880008,0.269924367671194,0.245790241150658,-0.819585416081073,-0.534759725008881,0.131268678208761,-0.0703830168269471,0.255788044187538,0.518329771241991,0.720984416846402,0.935964205669143,0.558190968541235,-0.608343052955829,-0.317631102857247,-0.764787484091456,-0.474323727313303,0.0641307127730905,-0.298054048034138,-0.0821181288047199,-0.371285017561311,0.607670418083899,0.0260202830245497,1.33411113882458,1.18811253315667,0.479315604196954,0.853747872364199,0.0496079721221507,-0.131983671573483,-0.11434413907951,-0.629464462102077,-0.24649680312052,-0.905439511939986,-0.676476477489143,-0.322900302959853,-0.361395473111382,0.600585199439402,0.308107368129666,0.202303264935477,-0.426894870389813,-0.141673692171645,0.248557083854364,0.682258390833188,0.901997692045338,-0.39010932436865,-0.633219232897073,-0.634749156421697,-0.588703664812336,-0.103127546427366,0.780896889070892,0.4582736507334,0.148693098544752,-0.312108899213112,0.429848521274224,-0.24379728071281,0.461955163550717,0.865334985173008,0.0371398387927565,1.34997649946234,0.577004857513751,0.551786485403468,-0.00271317048374477,0.533413926083389,0.334135116308146,0.0945128030129345,-0.124610310032485,-0.18470485061307,0.571860647325529,0.33745869234418,0.41438032362241,-0.016827081768555,0.0936255674561359,0.00244643063979358,0.156498685085954,-0.138135199962205,-0.417355307816743,-1.25131868434901,-1.06791694995995,-0.326832041102048,-0.1692868552,-0.0843196878839284,-0.0800570594978296,-0.285918757026021,-0.400639491391647,0.0558338219132554,-0.435330637054519,0.0163057917120965,0.531593755188259,0.184778529053182,0.58086776108597,0.505339242704864,0.303109581885643,-0.328750042214712,-0.730685349228538,-0.106162078039501,0.480357982615364,0.492573402956709,-0.113870760392394,-0.563300953851858,-0.124727592945145,0.45146376592143,0.746835861278936,-0.522021206845306,-0.12025221012153,0.560727195696643,-0.107514357317877,-0.435630696825298,-0.94628075006758,-0.854682184375769,-0.931000603140587,0.231227469470138,-0.0839586052418089,-0.0565804122417229,-0.599215088359962,-0.189342917007761,0.701013652476846,0.588350646950774,-0.172730566064307,0.839118328407212,0.443810463010461,0.836284275919811,0.465011597580514,-0.250378544324124,-0.0528510560931092,0.834183709224297,0.0140086817838122,-0.659176278300262,-0.563435166418958,0.00672845039572139,0.45392362613861,-0.67107092893713,-0.368862669255063,0.266975728717234,0.40630347526435,0.453263626308997,0.550939073879555,1.26327426951431,0.876108434333726,-0.152829307757907,-0.0114227470413303,0.0890680187949549,0.021115008130253,-0.119393455174079,-0.044837016706676,0.478489873887087,0.270159114416622,0.6217793384098,0.492264318549065,1.19533349109496,1.00620645986275,0.12136174832484,-0.00809365671895768,-0.0565430251804119,0.475324818974162,0.245331306330887,-0.118740821764412,0.563133973184601,0.469792954124962,0.090730684891449,-0.60469845593351,-0.296515539810817,-0.132565612658159,0.632529397450093,1.25501021955339,0.625486844351148,0.0643925319907872,-0.206400087905208,0.0888622496795135,0.364834725569119,0.149384644516891,0.401876420926927,-0.175212940535235,-0.257322378096431,-0.195416041763937,-0.126023707279454,-0.840186536040192,0.139256886045669,-0.130724240693981,-0.572584742685762,-0.15531938333883,-0.214481784645132,-0.813252112361329,0.12147219653296,-0.634252739735998,-0.120585061443005,0.25725146855485,0.229994388472735,0.283968150611846,-0.00794471858538677,0.0559181243215507,-0.0985232782491945,0.283917246429897,1.07307985477346,-0.111830418089332,0.782300474354251,0.595681250270679,0.446483106172739,-0.0578340742181562,-0.840587439999712,-0.318296640576561,0.0219147192010545,-0.0718119564181413,-0.0877575298166773,0.961803908328416,0.507333866352855,0.562219298132641,0.217102710687723,-0.305951532080375,-0.534022094280186,-0.744911862142444,-0.359167234738614,0.0645461855254368,0.741790721781165,0.283322557859866,-0.14174178262242,0.186065856574339,-0.138627502876525,-0.437910326431286,-0.874343614666897,0.0114122290317967,0.00122801848954757,0.41186517100328,0.741025393558511,0.514151232997843,0.156395108205538,0.399574059233511,-0.000255484697599185,-0.39313412559559,0.109510868846441,-0.536960553228111,-0.223437097232022,-0.350621332610091,-0.387692892039531,0.558008306998144,-0.227218315564259,0.402057115182584,0.346744584930607,0.442418236900591,1.06944887600289,-1.11371689143903,-0.489045833884648,-0.381471590483685,0.134414578894396,-0.584114443092283,-0.64790175194922,-0.273657383613419,-0.6825963523042,-0.437680602074897,-0.209206258033729,-0.240871869211468,-0.523554913796477,0.176291590327995,-0.0839463097139508,-0.538450428882407,-1.27743360206343,0.345165313637411,-0.0366476528144128,-0.469259789238372,-0.456324564475629,0.658933304801505,-0.415569940600098,-0.00694128532068164,0.521784692104672,0.435473612097031,-0.125383886405277,0.506072964853164,-0.334503331114952,0.298889144651097,-0.0940651913157854,-0.243714821391915,0.208817263052524,-0.498172171280443,-0.0155103213209923,-0.288855850396374,0.121670245218489,0.79780130294172,0.43429028876625,0.0363546511882637,0.117600315617252,-0.717705367663937,0.247155609711815,-0.213272987918298,-0.00439840125092856,0.094985758082283,-1.3266377297971,-0.347284965319113,0.577623184509942,0.40100141287268,-0.688757411747931,0.0343826349232198,-0.332992647006398,0.589809042926775,0.799353474387884,0.910918133093852,0.27320082468623,-0.561507549852665,0.0100231572967858,0.246321628753389,0.610366048234463,0.606870746131544,0.798305079296453,-0.291841416464216,0.542903489749478,0.361440401115678,0.65232117103826,0.986721693411615,0.527453701214056,0.603110686886176,0.153877183677927,-0.146008331576753,-0.434138024698156,-0.471649079757837,-0.137947624505414,0.0857740979280203,0.226960978301317,0.0449395307206917,1.42803705440299,1.04712990480426,0.296458001146012,0.139608349776608,0.232111226862939,-0.47020554264236,0.220716419949924,-0.279883665268748,0.257436337254284,-0.380720396516734,-0.0150726818062841,0.326883632184221,-0.812988142553256,-0.72759358527587,-0.57540178227153,-0.179485597711485,0.543516929326246,0.121533147082283,-0.725495309660784,-0.674131432088949,0.0355417329901734,-0.223055346178057,0.274111716350541,-0.0655159161581832,-0.382543822864126,0.39824208287535,0.0655266903786197,0.0254357620398854,0.00317242137258683,-0.094324787160938,0.489433557729487,-0.04107639712388,0.383284763518051,0.801286229862402,0.671361934230525,0.648972941010015,0.866934861298893,0.39561627584857,-0.454290794643187,-0.0709245587521927,-0.184947520540153,-0.592305231275385,-0.539225762181789,-0.0640537405974774,-0.0389399282071642,-0.071379771367885,-0.127146588684928,0.874367980471405,0.278849145264364,-0.607754909202975,0.0362619709568437,0.232890338511203,0.169918392532943,-0.693060103464899,-0.90886531847894,-0.294640766996941,-0.44294733728341,-0.486517920241793,-0.0379939481119554,-1.1997375806354,-0.463099908844871,-0.786109753065749,0.4022244332314,-0.43444540205547,0.302006192023849,0.515086276447383,-0.107925407765887,-0.452907111076715,-0.57664289006135,-0.580662171829093,-0.845839174036353,-0.374823256987758,0.375928686858872,0.0820797551493255,-0.511197893963719,-0.0392156013340644,1.08264424236851,1.03076175488136,0.0602502313903231,0.34810633774203,0.518487029001982,-0.190550153559644,0.349589306105558,-0.254762250545825,-0.361572156534555,0.0474239440318336,0.976517313138614,0.8107527484333,-0.0470555628030798,-0.140421783376747,-0.403694775590382,0.155205125184869,-0.0144842948178448,-0.409442132576282,-0.321139584182225,0.38801761603439,0.300511615585106,0.482226022225798,1.08236367889938,-0.141490850996453,0.240876781058053,-0.413499837438775,0.150593581953024,-0.0106667581516161,0.158041049265532,0.0519099751184857,-0.418068740677087,-0.694296481927819,0.441351960078372,-0.686528754849743,-0.346964788816819,0.0408978284739625,-0.213054204000664,0.087258211672835,0.149862079113036,-0.338066522986574,-0.360284123411839,-0.713588624668056,-0.774467518981598,-0.733282662839728,0.230830506091597,-0.069154480638501,-0.22543345440848,-0.445350579402131,-0.67229094196988,-0.0114589390892619,-0.148359086972827,0.266646616400101,-0.334106624346697,-0.205893507205381,-0.646769808692216,-0.305365451513594,0.39865228490592,-0.18548419018668,-0.491651898379206,-0.0868199905489529,0.501744211405919,0.432166984487593,0.57407267614347,-0.0680492781546768,-0.376079062247074,0.254527949604012,-0.32545061041008,-0.241228473442446,-0.536520726832161,0.379484726905557,1.08991752605554,1.07731946122473,0.661035893490331,-0.275121594915411,-0.579626469075559,-0.0019401923500937,0.134624403058023,-0.215093962602234,-0.0832753774318338,-0.397592474714986,-8.41659218672776e-05,1.02371500891301,0.309969166647959,0.660917902093618,0.155855868137839,-0.798228678417711,0.0529455980742291,-0.0891003835043522,-0.122005672103098,0.51501449270771,0.150405320311086,0.217177634427617,0.46355736096215,0.264693052726275,-0.906314717647318,-0.520144187051222,0.230218443043805,-0.431922510238387,-0.383394134672188,-0.0148814142497056,-0.0272624198324259,0.388431031013818,0.0491086439542136,-0.691097734020069,-0.650404139975981,-0.233004190819777,-0.860160112108107,0.0389573400385565,0.532232814317581,0.133375492451157,0.284707533326788,-0.0597240130562641,-0.29545383053849,-1.02135302469109,-1.09832336421658,-0.811813771907863,0.275273408911893,-1.23634632615021,-1.24820852612125,-0.778183383078256,-0.850318815223643,0.252738653922236,0.577752668401761,0.675421821214608,-0.249934997473555,-0.00959252192364282,-0.381366164919616,-0.0969452270027524,-0.0477994574168553
-0.114291230750348,-0.15099166590091,-0.178621860947736,0.0200473528883314,-0.175376686423293,0.0382721241802007,-0.282566378072259,0.0061704140883979,0.210975919778503,-0.106194941440438,-0.0496324097693368,-0.0844219748789651,0.270668722883871,0.120335830896414,0.274355718018882,0.122261651603751,0.0518899594503175,0.0130839261172827,0.304701273789139,-0.0666673594289817,-0.0755811934538185,-0.00956499713265978,-0.0247745680422192,0.222894675870251,0.0765117905833489,0.182482823148906,0.155232604853328,-0.00216634536241442,0.441156590882777,0.236472846804699,0.373466183448827,-0.34672884766113,-0.103655762887263,-0.0449680303006806,0.0858765885034689,0.252919238778485,0.464036819396844,0.333587707439014,0.201337191496516,0.357573920992006,0.152169988063502,0.117808529089831,-0.215067750211122,-0.0344819795559675,0.186707862261143,0.178600462893027,0.253119781496356,0.223937122134699,-0.0334078048997728,0.0330768195584831,-0.0400651542864571,-0.00985912368808494,0.0584109752208476,-0.0232920644324131,0.195680226913526,0.374743268818852,0.149528305888294,0.160845383528525,0.161618483225053,0.189390400271087,0.209716922762202,0.234633838041714,0.176584974448822,-0.0605158856111023,0.0197303419866258,0.280482865137085,0.122855644840292,0.163395260537526,-0.0267986366230618,-0.104507464592786,-0.081701482895808,-0.199057113093948,0.247029073975517,0.191952448883771,-0.138346485355212,-0.0762107353227005,-0.0141304081402513,-0.218578781003845,0.275157532084841,-0.12669101489307,-0.193071820407859,0.14442749703526,-0.0904710492891053,-0.113759818495659,-0.273251081028534,-0.163223669104937,-0.130749005335988,0.14100921204339,0.07445527016602,-0.0473515526791461,0.269107176577019,0.0899714907398924,-0.242583164416589,-0.266972894667537,-0.148016254916761,-0.136196459581374,0.0261644665771932,-0.362630783827045,-0.108343330848716,0.13332473435746,0.119846961182615,-0.0208837651707323,-0.100267892843508,0.0780382327086439,0.107208497460888,0.318458824073717,0.252913569651604,0.234295171095378,0.278877888150467,0.137851340718557,-0.127017192781853,-0.247841485900444,-0.0249396349776505,0.179187240350945,0.0334607864280737,-0.300362447513929,-0.0737982154236185,-0.165668551458254,-0.0636762621111596,-0.19756219849618,-0.197899779081514,0.10337605006577,0.0388771647325395,0.276185462986454,0.0371653542909107,0.175633378463233,0.0760099476341012,-0.14731257247497,-0.00597034715677189,-0.0936706313264759,0.314230775518349,-0.212687818962479,0.0056208376944696,-0.0970666535393642,0.104027318897584,-0.173322260226827,-0.159162467732042,0.0485607499473235,0.292746405427647,0.150556775376954,0.153137159460171,0.392320919876785,0.327541280780067,0.188299354518077,-0.270023171348703,0.04816899968896,-0.115797980746117,-0.00988895912481901,0.052384926395995,0.182255490369825,-0.0624023370804577,0.220126238010222,0.0439195627139433,-0.106508168805734,0.0406661312394448,-0.12641225931096,-0.0142728892629875,0.0119822659556443,-0.0688576551762312,0.160455609069616,0.0682632338770098,-0.168990907081302,0.100878011558942,-0.162184121134846,0.0478973477627612,0.0429599197104358,-0.00633752118331603,0.170313176769521,-0.00437623250075345,-0.259252578423618,-0.0314739808817422,-0.314938977860047,-0.308502413413574,-0.323123467266044,-0.206705333431494,-0.060699151340138,-0.142465683601465,-0.268192874181179,-0.143397111274206,-0.0440620699919587,-0.0491023502913329,-0.151538623604702,-0.0633704769851316,0.0388070446671096,0.0366177482337743,0.0211891972053378,-0.0922953518249366,0.263271938804546,-0.223447977387065,-0.282473719351325,-0.202863794864501,0.0964979476959085,0.0259002461383781,-0.30278608652919,-0.352170968176089,0.161490183013324,-0.163116604260583,-0.0132168513480159,0.099626842428752,0.0567232420576092,-0.0379731588600039,0.188415305212054,0.208549173610292,-0.12348432177592,-0.334276770212426,-0.00263080739158565,0.0411698904373061,-0.271153026531966,0.0335103418356616,0.173416964658596,-0.141126317292862,0.199143976488037,0.445683684121297,0.209085743420372,0.331673727465359,0.0914202987168018,-0.121713395358083,0.0902867675202947,-0.122095033688628,0.0388311195526134,0.11350373955867,0.0534556090875991,-0.0562625367493336,0.214906170161292,0.442002893313906,-0.0948327226283487,0.0736263399100661,-0.0537418600934187,0.258735207658475,-0.0381943802729359,-0.00290320072561928,-0.102287758352291,-0.0549913585785815,-0.465847197586171,-0.14947468594398,0.24302760296282,0.157737411482327,0.126459091499652,0.435988558685634,0.231984783482878,0.0510342966863716,0.0105884096116608,-0.0611081125325281,-0.139397413462593,-0.218215890275561,-0.054730331943865,-0.274124568238331,-0.0223796411495646,0.0566010668828103,0.0682093644415456,0.224526703040438,-0.314596549650943,-0.116050653257555,0.170145148028482,-0.0867253874557344,0.0758047450291293,0.275464949552932,0.280427288553211,0.185348070948138,0.12857731469988,-0.12320645189123,-0.0722173732115828,-0.468787153801336,-0.0617172233761613,0.115238135202764,0.0256452644996132,0.108588442852306,-0.191441158599494,0.17560025461066,0.0640469552662444,0.550214077123744,0.404012907400628,0.11075913629583,0.185414039468543,0.00881981617899689,0.0808099338367491,0.089061042416939,-0.311187732786045,-0.113377846256256,-0.27421687645735,-0.206441534492969,-0.162928115480922,-0.286811574642843,0.130724189354127,0.21617933759743,-0.0602825646963169,-0.150096323112965,0.0135238695745594,0.0957669096142193,0.242939650474123,0.295892230070948,-0.270788171393327,-0.148520708844981,-0.187178767511059,-0.195676790616506,-0.118100142952441,0.277789256822775,-0.0313726540638595,0.0750840125638436,-0.0496089302526883,0.0170180632836301,0.00131602154252375,0.119749040404683,0.302632410822073,-0.0424581534974943,0.465954787715358,0.131193903621544,0.303545983718466,0.0714815065643954,0.12845985187187,0.201396355083901,0.0360187136936316,-0.128501123261949,-0.189326293645689,0.106093300124093,-0.00516934633412715,0.244587954117578,0.0193786005595742,0.145699947525165,-0.0638247992132727,0.109105222123012,0.0273842332861963,-0.207570169766346,-0.314251028962555,-0.220117797906614,-0.239795355425424,-0.0866313855362394,-0.0579228227931811,0.0702471811594206,-0.0228096383358724,-0.168688061659142,-0.0102157510947468,-0.240527921664895,0.0986158123384977,0.210865215260451,-0.107489518395321,0.462952506962233,0.104914086974288,0.140809143064718,-0.225790465487257,-0.126908673691778,0.0157211089852259,-0.000692528648427573,0.273447133348044,-0.222008445969231,-0.268851329198816,0.0150015400968655,0.226220786359544,0.0676100044686946,0.168498694267794,-0.0374523641402042,0.224759877608658,0.189311025805189,-0.268513223605552,-0.284601885846555,-0.256718923799245,-0.313623599753259,0.146599523108113,-0.268318774041974,0.0368094457805499,-0.135185162335047,-0.231039507144584,0.0893324639519191,0.141884393988567,-0.190528814591423,0.224289975377555,0.231275596059001,0.305356401778293,0.194757796513003,-0.0820241048161251,-0.00454851282162302,0.373312633229959,-0.0872122215160003,-0.0143814901295205,-0.189457676571666,0.00829366116943303,-0.0503809008193291,-0.283983367818299,0.0299481875733779,0.0935900924957799,-0.00864706093771066,0.314313296973525,0.260015398375087,0.343231766207128,0.426889149086835,0.203388807079856,-0.0226287438847032,0.0867868584785854,0.141813861535535,-0.102459306495099,-0.0128252030798075,0.344110083058189,0.0945437896549818,0.209599962919215,0.0301390340824177,0.381668529359384,0.291822595825168,-0.000661996133600705,-0.130781059174484,0.0660023476780954,0.334877693746519,0.0755899349266947,-0.0630246252366737,0.124830144392681,-0.193035998642309,0.0455445153243899,-0.398101869653563,0.100965102667754,-0.259818390141476,0.232835405637875,0.733061562152127,0.273892984274999,0.184784194132572,0.022427434911479,0.167398180840373,0.120546790903332,0.179244243407368,0.163044278417165,0.107185159582761,0.0374705122451254,-0.145782672703404,-0.104905292272962,-0.221639771461615,0.0420768086425563,-0.0552431826263298,-0.249272871152776,-0.0581359417322298,-0.0320655205658044,-0.283660510648974,-0.0445657362996977,-0.256358959788441,-0.0094533142441281,0.0244110133177451,0.175566995933867,0.0105624801783013,0.0288824891637421,0.0215393498653722,-0.182302709855213,-0.0291836739428868,0.26791998730885,-0.0551632564901928,0.182719328094599,0.200556181403846,0.0423406529280258,-0.193588388389943,-0.268780011415427,0.073046059558901,-0.0889622273377101,0.0573781290861862,-0.217579882647181,0.271965285462236,0.112930634538975,0.108248559098158,0.0668038404447204,-0.15890517835641,-0.195288165308548,-0.158352979795971,-0.127215908507211,-0.0344162501836142,0.216956995994385,0.203188058535355,-0.165895562162948,0.111039257988017,0.00478390115830754,-0.228767900951967,-0.280103145878195,-0.0392116649454252,-0.0304500322563745,0.0253764200197986,0.237804788559623,0.259258847019707,0.171504857645211,0.133511863600861,0.143384466848145,-0.185916837821448,-0.103817721558827,-0.248783595500292,-0.0927231016589529,-0.269468878087875,-0.332184910702648,0.194890606859747,-0.1476022519296,0.298971508585233,0.0498173410245904,0.134678858910155,0.337470506443673,-0.415092145945303,-0.137958438140614,-0.278706181253047,0.0377643166116081,-0.221895262254279,-0.215317277108821,0.0533745719181036,-0.229914730144682,-0.10415533589687,-0.153519240171373,-0.169331402917982,-0.0385242982592396,-0.0366287928610024,0.0252806406722093,-0.125086259992844,-0.533291853186539,0.0500912617534133,-0.0738245577058057,-0.136295665074442,-0.216536522588308,0.192342516855588,-0.276982719473458,0.156194013359165,0.386332194427437,0.198663900500083,-0.0360903209373703,0.201286366502591,-0.162934976145591,0.282551268950856,-0.00139934307461916,-0.0509647316199232,0.193898717971086,-0.210652103224663,-0.118231301370604,-0.12610281332733,-0.0801867349034032,0.249513671216323,0.0274381113834358,-0.020188842160412,-0.0442011717484266,-0.295676755792684,0.119669762813299,-0.0143770506243826,0.0396576058822651,0.052703103650563,-0.446691301098325,-0.121467651664868,0.213770009829413,0.0838421786097344,-0.249992477542861,-0.109774538003494,-0.135146901338583,0.366479944522734,0.296492665756181,0.354453487296093,0.100506588796908,-0.186130460232289,-0.100586296361806,0.116152657533986,0.445402090837093,0.156166785286496,0.254866164128876,-0.238659498609543,0.178045623021994,0.133310011099225,0.046764313612734,0.415936125092633,0.251034133823027,0.0679235771413279,0.154614362372984,-0.231074654247628,-0.294560118177436,-0.27851983844108,-0.141620623435843,-0.0590840457678898,0.0255945485445678,-0.0242310248162751,0.489548528254229,0.226409954032976,0.148672986095331,-0.0499690353995836,0.121743870009256,-0.101322489808388,-0.0488807209442366,0.0633185163978194,0.204250249447694,-0.0575300620244847,0.170426606791966,0.0826245589367663,-0.455181607886771,-0.119917107353833,-0.29671255779842,-0.0990818897366526,0.086788506868306,0.0750588980665974,-0.2679204241425,-0.223629334647537,-0.139892062823974,-0.0799468213816891,0.264724429924211,-0.120626679752346,-0.223709900233348,0.289088004278217,0.0882615546428388,0.0499123782657897,-0.118333690213195,-0.143494743376273,0.150129219897464,0.0552299312246543,0.0975708680627031,0.326860576534823,0.291103690006756,0.299901589030457,0.293510672127874,-0.0866986220171601,-0.190350990055493,0.0602961545305259,0.0743612977932317,-0.382989269268169,-0.0544780365669625,-0.126836456551249,-0.0265488510419716,0.0185268214139924,-0.0401259857030929,0.33789612834748,0.20727900791805,-0.196202169511782,-0.0165936234343984,0.0489030932264961,0.0274288800344708,-0.290715073872406,-0.165097027976435,-0.135285800043844,-0.0812021963110679,-0.137169693498209,-0.0376897036159646,-0.134638086945462,0.161273186886593,-0.172459902777576,0.0246398012257892,-0.19569463760256,0.148158057621773,0.115339256636808,-0.0523585351195234,0.0428329296894992,-0.11520728757035,-0.385700196949542,-0.020611973783719,-0.153818997136762,0.102105316419418,0.0261752767897129,-0.202771080163235,-0.0150864138507247,0.356123501215664,0.309916881847329,-0.0470954538681768,0.140234326938532,0.244559220454934,0.066733857937172,0.226926013792614,-0.00740639645373868,-0.118107512884395,0.0167564425786435,0.380738987470644,0.140702291024955,-0.20148423752084,-0.152088531726878,-0.131138369664817,0.117850582632361,0.0254659821447872,-0.0181362011708835,0.00046779264046537,0.216680685902747,0.0740350725685161,0.165906164961305,0.505043059716569,-0.0538396108620808,0.048916893574542,-0.237374448307074,-0.00673747449200399,0.0218128201208215,0.150102718965993,0.058361964750407,-0.155865766020348,-0.370759812526403,0.166513226749429,-0.225832355728808,-0.0106257615213943,0.128920665132021,-0.104993675328145,0.194089508599316,-0.121697154265766,-0.168210578973454,-0.134926923319961,-0.346936411704197,-0.237133317149046,0.0356905253935761,0.189688359287493,-0.0437087086382636,-0.0021306505259977,-0.0973382451138707,-0.260553340381373,0.0279041419786051,-0.00862257401967441,0.0333298022195301,-0.0495671924905431,0.0153955129853198,0.0329489552866623,-0.0556127980409597,0.210226940670361,-0.139556232038115,-0.0487018020411775,-0.116247811888859,0.195640041086693,0.179550409722798,0.464626789716355,-0.095602734108265,-0.0865787506703374,0.0853495232293263,0.0184677929710038,-0.0504824337863391,-0.0796035724383321,0.0262106882349657,0.21258395589054,0.368638417790655,0.327450084072449,-0.267747094401537,-0.2292874618897,-0.0116377731056112,-0.161762249148075,0.0328695030802675,-0.121145779715344,-0.170737809074492,-0.0327609736364404,0.269192915847502,0.110472595681632,0.344467983946674,0.0131333461943229,-0.269693104946467,-0.183013208237503,-0.0236442113741905,-0.110806056013529,0.339665533197535,-0.0832780706221615,0.150018647765157,0.294886700794381,0.0129917706821496,-0.371164009636985,-0.0621887071490454,0.175257167528969,0.167008871311882,-0.235054436424078,-0.0228407250900164,-0.0735033819718608,0.129992534279196,0.0128211400413477,-0.183684770505698,-0.242782877881847,-0.173134221627663,-0.157578432944454,-0.104842965017753,0.0530866369264534,0.127596656586013,0.122828105266108,-0.0412413863203864,-0.0876344075959969,-0.17300426859506,-0.236884937624935,-0.102307923284571,0.0617190772216436,-0.431971025652849,-0.462653153228533,-0.203760738338527,-0.00589347883132413,0.105861671225539,0.385534278457313,0.343113445629243,-0.0460028139738664,0.00986253277495421,-0.0535352005528005,-0.101316666274181,0.0612925649794847
-0.0170938159934779,0.178551098318755,0.150496252941948,0.187365747132261,0.101835532495966,0.060485233124162,-0.422140944315206,-0.0805005629731508,-0.0757626388872722,0.00273584938095783,0.109503466239135,0.0851954360790009,-0.0953828447827239,-0.140623424771042,-0.156292969775683,-0.0958861983564963,-0.105713060257293,0.00347269125271097,0.168148934046191,0.014296375376134,0.00735503617619817,0.0184435757021383,-0.179057201710861,0.068620914866622,0.0428095572011235,-0.095427704187372,-0.13948763061387,0.0547003497336724,0.0343988303151443,-0.0133268792506114,-0.054376104206416,-0.0395522146499771,0.0661783751301452,-0.0344115464127639,0.103965738288247,0.112445195871996,-0.000626669370966112,0.0673000968631533,0.139605901731132,-0.109583134990238,0.0190590867784495,0.0661751266198605,6.7053253957566e-05,-0.0256103542698186,0.0908162765405225,-0.199042234281213,0.0700833458804909,0.00905724931978785,0.143590657630711,0.0554475635002184,-0.103074752132502,-0.128405823027541,-0.173392235694855,-0.120517088217847,-0.140463974171059,0.0727347996168332,-0.00239694716773518,0.10492440925947,0.0843864198386887,0.0541930270573941,0.0436722416211802,0.0282862788069097,0.143489674436772,-0.040792935361388,-0.0779847235755808,0.140822920123239,0.0146010349385145,-0.0726438803116849,-0.0814887082053472,0.0287028026384161,0.0523583045675669,-0.0552528469513246,-0.0648203486723384,-0.181450126010486,-0.0767631384087126,-0.1333801719885,0.0555252553794574,0.0818230913891817,0.192864265870469,-0.0301496533436071,-0.116078673772791,-0.0465400414865281,0.0121143577863181,0.00236716464964061,-0.155888565102399,-0.0461144064561564,-0.104966815441593,-0.0199897054002319,-0.0268846635946995,0.0364724721694786,0.0533513495462345,0.107254685204875,0.109606096162062,-0.0223758017441827,-0.109392199069565,0.14937053131865,0.0412120159854521,0.015226498944091,0.161218999945803,0.00316355012677547,-0.115461639094688,-0.11228735481834,0.0861766841130875,-0.025667417834935,-0.1065761293161,-0.184531556513214,-0.0304054845438382,0.0366816154441756,-0.0855577901934973,-0.0946184902907799,0.134129714776757,0.0710484656339752,-0.0795726927222016,-0.0067484060533194,0.0241053922519717,0.0819289778839439,0.0944051937610786,-0.123474961807415,-0.191752942048226,-0.0165745422251794,0.0114080186037935,0.101368199799147,-0.164060376894305,-0.0878715892133833,0.0706255831260653,-0.0138836453074097,-0.0362255543726849,0.0685930530621367,0.0157736126241331,0.0649630844640394,0.175282622833993,0.102786032666679,0.0266596118174534,0.172474858203316,0.00372507193841985,-0.122524380395481,-0.169248672328006,-0.117214123979728,0.102845547003302,0.131928113634714,0.0683298249652352,0.156581162828584,-0.0978200333600162,0.12998605316048,0.0140923063610721,-0.0236339336365016,0.113305597279294,0.0614262871063387,0.115254533204142,0.22721175692347,0.129835070928343,-0.22823779347478,-0.0788344864902251,-0.191496399314284,-0.0535378621329604,-0.0147312154257032,0.10679680410515,0.170494394493204,-0.0729235261516806,0.140546451775928,0.0682555627295679,-0.0836598966361109,0.0640442533678374,0.0172565832992206,0.0936012658130166,0.0563721611278942,-0.0844652164858987,-0.0178238856370394,-0.146190939223695,0.0703377793130482,-0.0987870714908317,-0.0310999833599665,-0.093953735318131,-0.123465454700215,0.101536074174878,-0.0172405321128712,0.21358590323323,0.0613922084919369,0.0391301410214246,0.0740123657434058,0.0294280621620793,0.0601037921970223,0.0752496221290628,-0.197198157509058,0.00868320156200855,-0.0300714281339232,0.0164117658634978,0.12453048996151,-0.228442260424437,-0.0744689832898328,-0.12504958215536,0.0974747221858394,0.0339511325007262,0.0993834437039604,-0.0636013683868657,-0.0741887731034787,-0.0616724462440236,-0.0766370933898893,0.0926451137557544,-0.0404116632449798,0.108034510957177,-0.0528988355280763,0.0164889017733891,0.0441535005904433,-0.0656149704981283,-0.031344381434506,0.0597396450093131,-0.162732303930444,-0.0567653568058854,0.0893029770706603,-0.0839057436676479,0.147331528801984,-0.122464872558865,0.0512789356224495,-0.0674305694042516,-0.0990018508191627,-0.0415577385998761,-0.00816029117163416,0.0146848549156619,0.137525526704339,-0.0463127609694733,0.00913472313867128,0.0445355388107275,-0.0254712346737405,-0.0757221385980492,-0.0434353575265222,-0.0447186700292488,0.177088699493012,0.0049836455939605,-0.0788124565798888,-0.139578823016692,0.0599820709375984,-0.221131973238667,-0.0791043237859502,-0.0785211552514474,0.080319116921369,-0.00217742372296723,0.0335268573559795,0.0376072138067223,-0.0270532970835738,-0.141802949520872,-0.0866739454156856,0.0499628643258074,-0.00723664732077863,-0.0796514451710692,0.045853389313015,0.0734481243438444,-0.0373313407828599,-0.0696430109084035,0.0592307565225923,0.0871920289993969,-0.220098559551969,0.00618502844129197,-0.142374329790992,0.160865262669108,0.0319035106586894,0.0879497500783767,0.0866229712826825,0.0331852777069745,-0.00748447262003311,-0.0576909005047409,0.0233819247381644,-0.0808172035839002,0.0226348818921178,0.0970590087943923,-0.110500030059145,-0.0877476626967305,0.105473201974393,-0.138960720226862,-0.00344568712306767,0.118811033033924,-0.0584238115833421,0.0288941368680442,-0.00401447581016464,0.142951135550752,-0.0467890138323697,-0.0251932078348227,-0.0364974687575897,0.0554970099771005,0.117948567178156,-0.152655382576162,-0.115457114082448,0.0752114370333316,0.0609053978266238,0.0103151958947549,0.0890320334359062,0.0388977159996238,-0.0417850876194789,0.0243986361655939,0.053268838260213,0.148777019638781,-0.0900149429806726,0.0361880931984873,0.0740693380720775,-0.0854167224456454,-0.00810960198612292,-0.195528769635691,-0.0938996171560682,0.0926546975907684,0.0202817821261631,0.0489782954065668,-0.204369616028779,-0.0452516204538307,-0.182613293119338,-0.00899503010289755,-0.092878317606393,0.0713057925019211,0.105499413002639,-0.0266248577160272,0.173871066063219,-0.105932522731051,0.054754919883622,-0.0233329037395376,0.117845058823028,0.0349568974521849,-0.0596925895379698,0.132245756857753,0.125462287500704,0.0687796750039411,0.127026383927805,-0.146163752663224,0.0206651000398456,0.201697047760989,0.13576233201055,-0.111527756614554,0.07356333170092,0.00561294042660733,-0.0346761649728424,0.0420909556966554,0.0434211845054463,-0.12542308874753,0.0766450725553997,0.0294312670458195,0.0570565623965966,0.115115473744396,-0.136258831625305,0.145837312541375,-0.0178583057767105,-0.0891545305586925,0.0394426568019797,-0.0402524393744646,0.179544635188223,0.0832173939125701,-0.00398058253020085,0.119486586552316,0.0309140802103912,-0.00410824882786553,-0.0880281718956599,0.0067174802629385,0.0697191411402089,-0.00618853264929852,-0.0282750929356515,-0.0228447165316016,-0.0130001333165875,-0.0364627747764692,0.0540210532689615,-0.107254397853532,-0.125443603950968,-0.0142328729017497,0.107422655290159,-0.110134197557364,-0.19690339434253,-0.0457029060855722,-0.192586503548676,0.0117617936045952,-0.19854473774459,0.0328314340811103,0.00559694719839508,-0.137251458839625,-0.0580462257472442,0.0544570968404462,-0.0238313093105813,0.0498379448982384,0.0248691798323395,0.0849165440534641,-0.0867478792289804,-0.0688765828449862,-0.0752363264911325,0.0607153181620511,0.05516250064198,-0.0615954319722357,0.0326487620905436,0.121164258480807,0.213790185122957,0.0438330259026552,0.133051140845115,-0.0595679816945815,0.00368566300797372,0.0302622469509512,0.00948736488630154,0.0509336694203376,0.0595183313010593,0.00313974165398677,-0.145384045340726,0.0469085701301327,0.0691835529548367,-0.0181747458281619,0.0385254566982812,-0.119793721641405,0.329619439889977,-0.119852147579513,-0.043041823299468,0.0197500036040412,0.011540847594976,0.00306350685973683,0.0934803044329038,0.096743519761256,0.120289002669838,0.0822393790422932,0.00710481033159236,-0.0400379042344173,-0.0128253518755209,-0.0201618116419019,0.0360835958176649,-0.128185093351226,-0.0177153477783234,-0.204301494390633,0.0192896287014383,-0.0639338721756319,0.0540104795969533,-0.0912750489671423,-0.0285840898424464,-0.156242482340341,-0.0972002366131717,0.0105495789912469,0.0964810363431778,-0.0977297955660785,0.0574994554072151,-0.0872613950422204,0.019981726527239,-0.0309853046732241,-0.0344040185985815,-0.100932561290747,0.00566919156053808,-0.0865317131914047,-0.0420687843482146,0.161645846327785,-0.039291942553201,0.00483783319682782,0.0867996498643564,0.0918133989739323,0.0207926108002038,-0.243324736921945,-0.0239127101639668,0.0726675034871757,-0.037500948143541,-0.123245626714486,0.0511424129647587,0.038874252854112,-0.00847431183184095,0.104947944653342,-0.241411363711185,0.225451998929441,0.0891853412995561,0.133906767926758,0.02244965217175,0.035099897466103,-0.0833725236758037,0.0747662409725599,0.140543372816638,0.0442150892129717,0.11177015912143,0.116068426222207,0.0306143157066878,0.0370477348249403,0.0562575494518341,-0.0907831735384333,0.0234485158096229,0.10165810850611,0.0931298656859657,-0.0303753601137249,0.0813039060215787,0.0155171972074657,-0.0281562502085297,0.0352766239989593,0.109676745053332,-0.0715166049873963,0.116449249789489,-0.131698154799001,0.0134350799017345,0.137845912392059,0.00032312185917166,0.00687200366166544,0.109166182101959,-0.0108647172937334,0.0214947594788973,-0.0572616958800369,-0.097411632235675,0.19210647462175,-0.0814889977818995,-0.090849940932688,-0.0266074989703978,0.0382821692450497,-0.031982444504147,0.0152406380188201,0.0124053238459262,0.105656461129876,0.0285958626601031,-0.0501155846747712,0.0324167774146456,0.0102648527196075,-0.0595272147802394,-0.197472807317618,0.00564817804278304,0.0425309864901584,-0.205511447773736,-0.0990342241900829,0.0799578297538166,-0.0437740336684104,0.0803808806177357,0.0971644223161681,-0.00940020406119586,-0.125842821290399,0.00939604804895752,0.160008844694149,0.00530162218622918,-0.0698526527482207,0.0968311000594645,0.169985530108395,-0.0852981224371678,0.186529278713905,0.0772290339690321,-0.0616432887862925,0.0126784610991985,-0.0450241305513203,-0.15210714787834,-0.0137849684024529,-0.0438648349453781,-0.0969431908126831,0.208288433089919,-0.0956735493110453,0.0124448971223463,-0.0753049957480446,-0.115530032306218,-0.137322508701097,0.0643508221083936,-0.163396235703685,0.101022874272075,0.167052473226986,0.123866963866951,-0.0617832990417657,-0.180915231778715,0.087571186893831,-0.0807832218084609,0.0941074972761173,0.1728452591572,0.0680716658122037,0.124526329524147,-0.134124300899513,0.108900077088087,-0.14112814942296,0.0494568959729258,-0.0718045603892524,0.0289506403019137,0.0397808142325127,-0.0246079093772665,0.0839544303841257,-0.128035401574819,-0.0338112957626382,-0.112864269510257,0.0688157519904332,0.100853097617543,0.0778306687560584,-0.00219225614612816,0.123335900479871,0.00767981070149904,0.0515665749360258,0.146660647938471,0.147851886685868,0.0744056469206357,-0.00694030096843705,0.0158288314753544,-0.118456659937238,-0.0390869410238202,-0.0122039444749146,0.0204407103219489,-0.096772213173452,-0.165478487057997,-0.0395030844982215,0.0256328063586791,-0.0502555258547563,-0.0321200275716166,0.0191407081006654,0.0601993857213804,-0.0394932461782201,-0.0660929561219933,0.000837210067328561,0.162069871592085,0.0435958106352049,-0.0194301163556221,-0.0987486138446734,0.0292639113655091,0.00773624241031883,0.0156810293086653,0.162604331222252,0.0950842181426757,0.00455837195417774,0.189610471734297,0.126681384401564,-0.141709288639085,0.0450918411336016,0.0141026980943159,0.0753675619885641,0.175779693009493,0.0647537009527545,0.0278139177928103,0.132059104477612,-0.0824989595655756,-0.0711611022338934,0.0249524175217064,-0.184398288804252,-0.0230433827582388,0.0459652643131098,0.011601960476737,0.15314082289325,-0.146841128128359,-0.109609929889635,-0.0168361223353112,-0.162672492347148,-0.0384988453478373,0.155715221333522,-0.146837306261717,-0.0155873183935975,0.0302236301911877,-0.0573015326848779,-0.0408584728229529,0.0565883415072193,0.0951763344462486,0.202783723052925,-0.0394741319781919,0.0934548712242628,0.0174102089278371,0.226241945327386,0.0659210646771889,-0.0105536455951715,0.152008004880094,-0.0505876695225274,-0.0512519371764593,-0.0733320387014355,0.137734646545451,0.0077010528306942,0.105146019217811,0.0708038772534432,0.000694849256415205,0.158760537535948,0.12425402313418,0.118031657146377,-0.126350095034823,-0.0866967340302054,-0.177206511176531,0.0472443180691586,-0.0593016873526409,-0.0247227191279505,-0.030649587797956,-0.028770754221345,0.0111941760960131,0.167314517015319,-0.0914211260475167,0.0709269976524618,0.00535898188834722,0.0914424589224997,0.193355796829142,-0.0925154002659274,-0.039755059140175,0.0119005264944741,0.119178141147638,0.122689885918706,-0.0262463438318696,0.0419801803325673,-0.0326016858350828,-0.123092070372866,0.0203746426880267,0.00659204790675788,-0.039649868299781,0.157786954937166,0.0488134183750701,-0.00857162937129646,-0.162879057858704,0.204212990280046,0.0591045632547002,-0.174575317079726,-0.0141605713464182,-0.00198822585900368,-0.134308254633127,-0.193749041724229,0.0171502913307565,-0.107780424640231,-0.109164975514117,0.127686799265469,0.115907592136358,-0.116822491850436,0.165367935268779,0.0837009655546086,-0.0291659567395358,0.0432489018862114,-0.12769732639878,0.0223720326796164,-0.201770023701921,0.0527741365826995,-0.0798608410321855,-0.121134328089909,0.106425020859791,-0.0732166499716169,-0.0539163114856917,0.103281866177994,-0.0874727810793503,-0.0794248745947485,0.029816529475591,-0.0234412846919527,0.138268664047769,-0.0745225178430362,-0.267691768601349,-0.0179083973282585,0.190201962927422,0.0714569460324141,-0.114916787700658,0.0778386935071933,0.082261441335165,0.00924858803071466,0.0125414571932905,0.0683851155214457,-0.0148483989358173,-0.0129705078934393,0.0204943026658333,0.102022876725041,-0.0479978368999547,0.0457782918875349,0.0340667993837971,-0.00504794895147043,0.025650037618875,-0.00669243882006916,0.0466333180795126,-0.0290642826288345,0.0670789823540017,-0.050802374434006,-0.069786977598973,-0.108663773177569,0.0652565229315353,0.12849378135684,-0.206026923771227,-0.0888968956341216,0.175125219624226,-0.116364935957909,0.109223100461218,-0.0348893868690833,-0.0434235759978197,-0.149990611357674,0.134827887520264,-0.0271573728297827,0.0405410141262304,0.0512090369741224,0.0246927507992659,0.0303227593128741,-0.0463011297433342,0.0862586328847129,0.0710168623024739,0.227555868947965,0.10792302606164,-0.0488790522555391,0.0156168919925861,-0.00928536528406507,-0.132135708292095,0.0472217258387327,-0.264625558889689,0.0597248355981404,-0.220278732604064,-0.104416721400506,0.0674759682658431
-0.11772143612212,-0.0709361120897769,-0.182833368394514,0.066873048548018,-0.0411427519807789,0.0426936419734032,-0.334343734915365,0.0956530808596128,0.067416535683084,-0.150482733352238,-0.209512776093944,0.00712599039942233,-0.0217341622178518,0.0967494293333121,0.0389428669878404,0.346518147534812,-0.22587682663484,-0.18880138470713,0.270335971934358,-0.0734182423109468,-0.152250124938473,-0.0355632838635476,0.0277578381352199,0.0286849992308707,0.109850846762985,0.0106498876259161,0.0964437194250716,0.172014777848148,0.253189680199096,0.196490630475955,0.125060734320118,-0.0973522508193909,-0.001775389640021,-0.000826684791569577,0.0340961885466868,0.100329812677123,0.14261728924259,0.143628987703066,0.104508015854152,0.188820768554969,0.0619243378528221,0.164580027472707,0.044306459428841,-0.0311289108240502,0.19114238958238,0.0917799254107792,0.226666368769094,0.193087290880439,-0.0108691140254869,-0.0617452926279841,0.36099925268925,-0.177327305173424,0.0657757114355451,-0.177734430216794,0.22613537318614,0.113791469233005,0.134426710444582,0.322523359898319,-0.039372249395694,0.0962579649913824,0.34895460220375,0.261916786999861,0.064781051366751,-0.106409678287786,0.0432444575095231,0.185395306886467,0.069290723254815,0.0786835550821388,-0.104814221279188,-0.37165239192551,-0.0828750588455717,0.0531651852328117,0.14716423899999,-0.136091489413379,-0.0861206208570639,-0.00675693390750476,-0.088399467565404,-0.0891638650485954,0.0292799942819741,0.0741290008493808,0.137880102336699,0.244129781082112,0.00209933678563307,0.0310753266151653,0.0340225441130997,-0.0640501239872588,-0.14899481535573,0.0408207712226853,0.107155776718009,0.0844699043225802,0.243667355207426,-0.0445422493164669,0.0068529144618372,-0.213474183802975,-0.0377485636479014,-0.0191343401949176,-0.0278608088193259,-0.185441866947908,-0.152337201641305,0.099899473500354,0.0842112514375416,0.12829100469383,-0.0673424544647708,-0.065586017453527,0.172530972640337,0.241511977562365,0.187760783145618,0.224193668743181,0.0654837527598365,0.179606327435817,-0.211327353739822,-0.00758859702964226,0.127870597884906,-0.00520571250734785,-0.205520815909799,-0.24921368686036,-0.237646132306477,0.0320984151895342,-0.0743078430310503,-0.252205555470984,-0.135606340136104,0.0922466483514274,0.130422483576768,0.0791160197069202,0.0984736377342596,-0.0904133697862513,-0.117159931884639,-0.173484071482832,-0.0163241720677796,0.0389537308809576,0.52235558016039,-0.0217337222885914,0.069815032396815,-0.147282964201969,0.132179446468048,-0.160780663211503,-0.0717323654267359,-0.00598921155138236,-0.0748462881243419,0.118471610911645,0.100981108692248,0.175279762846462,0.116022583076042,-0.0994743451164994,-0.226494647811203,0.213877323902707,0.080789619598011,0.143405020721556,0.178230278390804,0.0421232801501294,-0.0155580215977279,0.0112794407740996,0.0915139997536666,-0.135211172841626,-0.0785113659225458,-0.0778450486533665,-0.0656900005954481,0.00310453817252648,0.136479659127698,0.0721870846354401,0.00944807726233747,0.244330259080655,0.231304654407665,0.0956502013357963,-0.037052944351975,0.0393142066650271,0.0374987611912674,0.344637750737806,0.0873956751445329,-0.108440314611586,-0.0503067643980745,-0.300727530381257,-0.0227421744995391,-0.153316263117433,-0.278395001176877,0.0587234103136553,0.0179500622358904,0.0546361887761801,0.204932390818321,0.00649234413797564,-0.0790976454061133,-0.328598896597094,0.0135666429517561,0.115534673199123,0.0188564286869141,-0.082446203746192,-0.0602248844636867,-0.0185341762634115,-0.229671178130374,-0.167520872620179,-0.123767547282172,0.00898567162701027,0.0683024402678809,-0.099473998155872,-0.178201180005401,-0.114755104415829,0.0905774596678459,-0.06555278787692,-0.00907294919641567,-0.0042723815834874,-0.00449968921679555,-0.145140197470579,-0.000921537654939991,0.0131780800715599,-0.278864763492545,0.0302155840215824,-0.0258706642280703,-0.237074586129604,-0.0869229009321417,-0.0627486193855251,0.135994420396758,0.181776713076025,0.395559528293198,0.0623650369677521,0.163178144197305,0.0373485390974185,-0.0515043736805744,0.424845111668662,-0.0039651400173766,0.0860137845007304,0.166882344595983,0.0266102832916984,-0.174568337604479,0.182329319979671,0.350021331661766,-0.104669042251134,0.0288142529704327,0.0243744912586665,0.0334805593640189,-0.054245768195002,-0.00151829899600387,0.0224790057992145,-0.142332443701228,-0.277385230842661,-0.0413156555792524,-0.10048783688739,-0.0100932901055274,0.0249595457862009,0.0809024672422118,0.0949521123208173,0.222222850215414,-0.0551376947821088,-0.121622908605813,-0.154565496420732,0.0641116643615269,-0.090282007721551,-0.114150453661723,-0.080625812845038,0.091389488749565,-0.0634090119734749,0.110231169822514,-0.229631852323409,-0.101744596038392,0.00338459222162412,0.145352768370507,0.151674371699576,0.0627048126481211,0.218854958147197,0.0641733266070404,0.040071010310176,0.10042725578126,0.0309514565914396,-0.258930764498072,0.00571538618447917,0.0253755182019317,0.0909036471126014,-0.222547252398986,-0.191237947520612,0.105780743650875,0.0409687660412058,0.367049912062861,0.291234765577345,0.192394326435709,0.190904713235421,0.0729909652694106,0.0839440560643396,0.10103761758207,-0.172717132651104,0.137817557774385,-0.288531957200774,-0.123648718535905,0.0157242438026156,-0.0921879529987181,0.112852371168317,-0.0745295614226278,0.116715380876456,-0.147231561615538,0.0667927841000702,0.0970492693508853,0.431527523121557,0.198506901809506,-0.235583989330813,-0.0314730824247988,-0.360568946656683,-0.0260602920257457,0.0923611323722798,0.178847892840724,0.0697291396339221,0.0641501739041509,0.0107940364530157,0.242188897442748,-0.108719674826486,0.162815131946944,0.36761029242905,-0.00507167245859989,0.231450468851072,0.36172302594639,0.127685324111675,-0.101472452053382,0.0499766163739569,0.13264807880134,0.00212909543204348,-0.0338928308345161,0.0606901806919649,0.256075971438626,0.00742478927161577,0.107463175598705,0.114038825636049,-0.104126768938501,0.0882342242152543,0.21557692922402,-0.0769800441931172,0.00719473598147365,-0.263899653079176,-0.4376157447404,-0.0228836645844523,-0.0989116187880174,0.0435287180538381,0.0593592949825663,-0.0422260883356661,0.0320536574163346,-0.0638582232531164,-0.0501336179209944,-0.0651486828257647,0.0796944083919041,0.166953117775252,0.212553757643794,-0.0148336963740547,0.223494261663344,-0.111247673587837,-0.0957220837099928,-0.0102166772231461,0.0650301615413181,0.17786358358587,-0.0955431697762323,-0.0699771974122032,-0.0660151945921668,0.0154292794954696,0.153466162293481,0.0174299963866358,-0.079195727626337,0.169127660565547,-0.00110426484894587,-0.0619367524951444,-0.120706631226558,-0.127852086519959,-0.139180565542904,0.216129718869618,-0.0677825218221492,-0.0996257715631827,0.0919730993737529,0.105571584823001,0.0469517543323978,0.340530845387577,-0.149992315596932,0.0316408262360181,0.147141095510534,0.275134376857141,-0.0344274750552852,-0.0627152259281125,0.114682004856591,0.210069098943735,-0.100564786251281,-0.140128658961114,-0.119554533436848,-0.0150590085945082,0.281342026611875,-0.302992339384804,-0.234064406844894,0.147915119898347,0.250146881146828,-0.0472132381671152,0.193343934555239,0.376068710754751,0.12695964290767,-0.0968989801447512,0.176939825845316,0.125525178856193,0.0625364849934012,-0.233997669050724,0.00656882301143303,0.323006205669981,0.0962886447164577,0.190856486932688,-0.0648340943410828,0.214808880196541,0.0577203599490773,-0.0579558308537828,0.0575810524431243,0.0567587885010627,0.138676441485844,0.0119437107588421,-0.0388468433722794,0.242557738719937,0.0130606929558865,-0.0419513861775132,-0.136768047593791,-0.062106832368371,0.0811854477941519,0.296934753938994,0.112387930927195,0.0873939475546345,0.133252565707103,-0.118606378965348,0.0564070369547849,-0.0549114333154512,-0.00740998238509346,0.104798462204698,0.042759100363885,-0.201865623918939,-0.0668256578816134,0.0318965858373456,-0.105829199550125,-0.0274954328046922,-0.00612957462714746,-0.297653999941561,-0.134770249954302,0.111861003574428,0.00531993119443902,-0.00967110646747427,-0.0467411918828978,0.14664671747218,0.0236475255514421,0.0828163724177468,0.0863505102219801,0.0703911913958833,0.0369383893154151,-0.0858983195653873,0.0318695109583169,0.218712342045009,-0.14094674932745,0.0455244069945076,-0.0399420992909704,0.0355676070833849,-0.0662087879045987,-0.16997945869665,0.0411342007207078,0.0484991969258316,0.0452162321453893,-0.00125933273936873,0.153713978628178,-0.00198317215391718,0.0683779994384944,-0.136813933260148,-0.0558326671350862,-0.356886630965805,0.0604602190454476,-0.151303427410143,-0.14625605472398,0.219115303500115,0.177936181381172,-0.103476809109372,-0.100183196242749,-0.0160736320637405,-0.0785867768286281,-0.248867334192352,-0.0307100113455438,0.0844830817317572,0.315861163130689,0.074709551355576,0.00146145097587418,0.00703815502565266,-0.0243681038483677,0.0630697290585686,-0.124661252145076,-0.0684566562910583,-0.241807935721738,0.00859306019836786,0.0507323340106968,-0.0694831533331816,0.312115444872848,-0.0555679048539929,-0.0915587977641286,-0.0233936324010615,0.0245980911478366,0.202528621192365,-0.182935082260619,-0.0600874888554473,-0.0730601890391271,-0.0478589106209461,-0.199463526030684,-0.0674337085251516,-0.0475246198568414,-0.157161610533045,-0.338624747043802,-0.224786731441827,0.0314438388045109,-0.159156810688303,0.0160306097002029,-0.153197638593124,0.016009449649101,-0.391445434623999,0.129957082326643,-0.00824103498792448,0.0142371169084435,-0.077050105315625,0.138154698546615,-0.151549801784157,0.000888714453514787,0.300528737708424,0.191758980100693,-0.027226005422117,0.131209009814269,-0.160639773100639,-0.00304568913928204,-0.108864455404767,0.0866625889213393,-0.0249098113508058,-0.120723031608895,0.00875342083198898,0.0591242458667779,0.0764468535687128,0.184896985530533,0.144720640560277,0.145428742507925,-0.0147997934303594,-0.133956371231009,0.152795858101673,-0.153012937372614,0.0950138799106996,0.0702369287762706,-0.316686660006063,0.0158906005632226,0.215993426503609,0.253795748519131,-0.258554355366186,0.106602866283797,-0.141679519461567,0.133632797896316,0.16087706807201,0.271440328449921,0.185460557291406,-0.257670636158555,-0.0226842027294481,-0.116252362183007,0.0835339807555043,0.143198909703447,0.239238020012083,-0.141253737533484,0.225388529561468,0.0593505231299476,0.136054161559351,0.20393232127686,0.0247854616964778,0.0706505683240459,-0.0294165592023354,-0.00889471852335921,-0.124134120838465,-0.0599414727688291,0.0608245697083285,0.00958859461428305,0.163665685489362,0.0354442793933251,0.406168920156503,0.148259268480883,0.192606853987927,-0.13155353834667,0.0879560565711202,-0.154604821755076,-0.112938174185849,-0.0125155935830746,0.00761661327999469,-0.0703314959019071,-0.0245444960202077,0.0268860761421865,-0.288356732865748,-0.0838423403699752,-0.117758902247619,-0.13230198678848,0.22898386591111,-0.160977266801871,-0.17684352266921,-0.115745624048358,-0.254427775201772,-0.0607252724723122,-0.0829471192212083,-0.0648648377348685,-0.219997984675053,-0.0906954777769697,0.00617592487931608,0.0163628876955503,-0.151400771710203,-0.0347644847592478,0.109385177147958,-0.0788959719711596,0.193650759463806,0.321666715552903,0.220029757379817,-0.0822629377323895,0.202479869896501,0.0822808115318829,-0.126197894030148,0.0493705387733615,-0.101605079030164,-0.173618701415134,-0.184672900709258,0.0430366243932816,-0.201778260380299,-0.0296159654558155,0.0187947986035574,0.11595613380632,0.0653269050903676,-0.199064822708032,0.069375365239816,-0.00069828454210108,0.149627081842052,-0.140143002308392,-0.0678172421278248,-0.20297112078017,-0.0977974001831958,-0.213674322588824,0.112477033870441,-0.39134076206633,-0.210419595746924,-0.14902225720525,0.047923575767376,-0.0878114052842896,-0.0553728133522778,0.178762131763511,0.0419711872125658,-0.0866449870980818,-0.195046644842338,-0.195018860418773,-0.186160516861814,0.0312901930340116,0.011936251331843,-0.134908079385825,-0.134625251527881,-0.0427949171342931,0.129307486678631,0.1558162490865,0.178204134882249,0.0504046769383258,0.272816747015417,0.0990694290090136,0.0833324141092211,0.0659337806551077,-0.0153648568459192,-0.0576505124793105,0.195407743152355,0.228321785376304,-0.0361478875509849,0.137907069392209,-0.0746747883592294,-0.0257647800787223,-0.0610589870100671,0.0454274765594809,-0.171268234894279,0.266166773723221,0.221487890842012,0.0910355141330515,0.292196967431001,-0.132905940742518,0.0427462192493357,0.0222489689707172,-0.102892629304216,0.0192826103476505,-0.100589895653134,0.168905680044978,-0.126255810629034,-0.121982195535638,0.0465186598892264,-0.0104628145689245,-0.112188098556909,0.161994893754612,-0.273185526863548,0.107240840013729,-0.0806685626891193,0.0769573524032546,-0.205651553331515,-0.146855187964811,-0.0420278839107363,-0.111977355988556,-0.0921790455678718,0.108874794867034,-0.167958643390377,0.0324345051797689,-0.219735822443258,-0.0427726301830559,0.172259939030032,0.129465930337416,-0.175787936616569,-0.0759732894466812,-0.0586292759015968,-0.231005179874617,-0.0692900116138676,0.0130713527401092,0.10082286795856,-0.0980723535654007,0.0792490470958306,0.23419184837459,0.160121604693367,-0.119718760980552,-0.25277222806652,-0.165736172297718,0.115656563209418,-0.00113777858968994,0.0164846447275913,0.153067212686195,0.312197156986739,0.300792591161684,0.069888371866164,0.0193641040129165,-0.131998569171198,0.0993003415990727,-0.109337838678543,-0.077757838025804,-0.080152082003357,-0.162839968545222,0.0967022636953799,0.253836609388539,-0.0124748067489786,0.438101109332111,0.035369520340647,-0.0374695160438255,0.0452037626370155,0.00308815491696042,-0.254090325134395,0.0269194624965906,0.0646134624606195,0.121819036257549,0.185263616953791,0.109984551321277,-0.111410021270607,-0.168967301028139,0.0816787330438678,-0.0903595554108499,0.019551948264484,-0.0801920232757432,0.105571300398757,-0.0415526102385117,-0.147125790405239,-0.224153100962682,0.0768015882150311,0.0168389143946639,-0.173143288596524,0.0997875476033056,0.297909821207449,0.191599972541421,0.190800721341404,0.0416542509880119,-0.0549898092349035,-0.242350864621305,-0.318101245025151,-0.211337818540965,0.00969011983834221,-0.124254950630126,-0.14467208085478,-0.131319099203936,-0.0896676586408628,0.0733484001902438,0.142695511946149,0.121226113906446,-0.0360799493635948,0.0439375436680253,0.0129311005435039,-0.19016295455076,0.0287575386963785
0.0390092048087175,-0.0698634818359015,0.057541739498709,-0.0766116124789755,-0.0458336336177395,0.0769724788355604,0.0440214647094127,0.0934470510234898,-0.0697358172769796,0.0742984816572257,0.0635870493177191,0.0600362318382551,-0.0771890210730657,0.0399701716875669,-0.149857910237016,0.00911289898646468,-0.0207344782317697,-0.127007803096789,-0.0766752024984147,-0.00348494483654959,-0.0502240230198903,-0.0134276612314126,0.0623723381765272,-0.0297436568156834,-0.0518946597876365,-0.108760012567321,0.0438583440366146,-0.115277311383252,-0.0422341590602712,0.0383327107522992,-0.0129779066286766,-0.0563121288584027,0.205344179616096,-0.162291975839911,-0.148636112816773,0.0207542565883268,-0.0752524444255435,0.0240975032403446,-0.0696340582302504,-0.177616984394193,-0.0807538485990447,0.0155925400525807,-0.0472460494851599,-0.0641176067081329,-0.0150097433871901,-0.00296781329775731,-0.00725002869811985,-0.0672381933313743,-0.00100189833024827,0.0429711378007981,-0.0899005161083101,0.0694357187476359,0.123057487077005,0.102209917672737,-0.083742225807097,-0.0553438184462414,-0.0195702127260134,-0.113955057589448,-0.0363108959210676,0.0498019831374348,-0.0926023695050034,0.0415049150423928,0.0402588323833624,0.136280216487151,0.207928761574172,-0.0467639487169763,0.0506228272379621,-0.0870248214389895,-0.0855465668907888,-0.166076314687963,0.0695128429732906,-0.0340438966004897,-0.206059333120593,0.0349429173393081,-0.0735079036461927,0.00673444426288318,0.0847042979207244,0.0430020793742555,-0.0860139832293192,-0.187825861554253,0.0759844966162164,-0.106213536965237,-0.0198815205104903,0.0521123772941425,0.0272507011400188,0.108143576647462,0.127598010097733,-0.0149773012443678,-0.0245153838463646,-0.0427417448649145,0.0401170912947402,-0.250008674724744,-0.124616877296451,-0.0046865907047744,-0.168069479991857,0.13211884613359,-0.0832211208483595,0.179731761612093,0.0294822207957239,0.078972460250183,0.0647833513555818,-0.0132999408838596,-0.00379818941225455,-0.118399477292915,-0.146856509384936,0.0235468163414749,-0.0158383153666561,0.0492001033738702,-0.0707828386198022,0.0907063504285609,-0.0111083271744207,0.0257122641151898,-0.0539765553175804,-0.00191544292633643,-0.0363246762446608,-0.00933977949881612,-0.00480132221278389,-0.151024065580401,-0.0320891126579159,-0.069374526468065,0.0531937514468218,0.0494693769782711,0.0314556259095397,-0.086795939201443,0.0227384428601292,0.128222090472824,-0.068486302534055,0.169109462549477,0.14196256699922,-0.0692585653239345,0.053497448922047,-0.0161893688952167,0.0110794295198803,0.0100812235930901,-0.0494411025155603,-0.0714686563608021,0.172848776613677,-0.178149545010776,-0.149246434601239,0.119944017799763,0.0364817936629708,-0.173631224535982,-0.0554910814077311,0.0209206005392403,0.00776166974231044,0.0063047690242746,-0.076822191576655,-0.0539525409191437,-0.0548814751677997,0.0556713162136885,0.112220135863657,0.0843465709557296,-0.0183720478628299,-0.0729698136348486,-0.154273766843746,0.0276560826969411,-0.0737348960207237,0.0174004199379177,-0.0796252160124856,-0.131529038173219,0.00184463497122341,-0.153286294618358,0.0735220982620383,-0.0684266623028663,0.0157041536834753,-0.129292484485325,-0.00695672432316197,-0.0669465751243585,0.0226773487114059,-0.114897705906411,0.0478151229205054,4.38707741674919e-05,-0.0272162321914379,-0.13148735953081,-0.0198194629065773,0.0675469265107596,0.0359932547778971,0.0434642467180822,-0.0128063578257562,-0.0953190134863583,-0.13042318517597,-0.1588217092928,0.126714204912144,0.0707440179239114,-0.160491177389125,0.122469659009917,0.00700539408908462,0.0727577684769321,0.0765563096699817,0.130873520758053,0.0862053101719484,0.0279182884395506,-0.13644708077567,0.0741176746630888,0.0173631939355529,0.107403299033717,-0.0534095596727439,0.0546974180375643,0.0600906892382294,-0.161104029765797,-0.15882208217776,-0.0318321473753475,0.270165766889946,-0.0648355656771063,0.0777954391579474,-0.0534675918774456,-0.0103733459602586,0.0546158818926845,-0.0211758411135707,-0.0404937447604079,0.0856269952305563,-0.0680540521927095,-0.130538451039445,0.138658360497473,-0.172752922798347,-0.215817881438175,-0.0238001168410518,-0.0176510956956324,0.104587719880028,0.0600410785764505,-0.098763914156756,-0.0283578669950802,-0.124270209772963,0.106570606835039,-0.0828962132784334,0.0189668004395396,-0.00156669231840611,0.0526360342585418,0.0401989708002256,0.0629533212534384,-0.0977371994688038,0.00518112890329614,0.0133694628792282,-0.019972209407487,0.0365781901022443,-0.0183804647377953,0.0446772095647406,0.00169222280371193,-0.0185471513597216,-0.150942734493991,0.103215080067561,0.110622447020446,-0.0499904869901417,0.00609699495708534,0.110285158074753,0.0809930196083759,-0.01646636871362,-0.163537557895136,-0.0624344434131223,0.139099824139895,-0.0786770881181029,-0.0130337412237074,0.104060990755178,0.0108135605669236,-0.182665097782907,-0.0172334119847944,0.0575178673508071,0.0175693932101131,-0.153508294051351,0.00885495914349052,-0.0531791236110343,-0.109210599146065,-0.00326670550301169,0.0255934337127001,-0.0720588324206872,0.107361530764099,-0.0540467297800577,0.158110786315433,0.0240881365788338,0.0692181751154459,-0.0274664783006005,-0.126592656596221,0.0488054692957507,0.0185083479467481,-0.0673562256730854,-0.0312836989755736,0.0696355975925907,0.0683158092633007,0.118040404687102,0.0635392104081034,-0.00895094185198771,0.068331532900078,-0.19161852286296,-0.0650628569100025,-0.100402097799177,-0.0359891851111172,-0.0100581677074957,-0.0208497918585677,-0.146229776705444,-0.105154645708925,-0.0270064973144681,-0.0360700829327889,-0.111124607741747,-0.090482351716032,0.0441961508561322,0.0508803014964402,-0.00212773429108816,0.268592757286843,0.00237193242362688,0.133781761363313,0.0310766182523502,0.0183403354772567,0.0639795350242141,0.00581713397845408,0.0680733862381105,-0.189168255525664,0.0871982860201082,-0.0620934045727714,0.0630967008297487,-0.132380686125612,0.128701505219065,-0.112937783895663,0.0909562323200035,0.0859356274077103,-0.0484811099458217,-0.0257768801311336,0.120990627612675,0.152915857620868,0.047198076298767,-0.111958600906605,-0.0920222445363777,0.00185075174824215,-0.103159547554878,0.14186377454988,-0.0284178761920572,-0.0640615633919066,0.0553012277273098,-0.0323504819625205,-0.0884743967158601,-0.0141126262086489,-0.142540930578464,-0.127228341120506,0.0379726611545844,-0.0394707450418995,0.0783745992557992,0.131564620587275,0.0657332964008198,0.0985642102661752,-0.0790378373060816,0.0650806176928585,0.0197383366371846,-0.0400446038758989,-0.123252359450459,0.059301312817734,0.137203663601805,0.0168621331239296,0.0759374309609799,-0.0343813098875612,-0.207222392154402,0.0693869149553756,-0.165124855475927,0.0612562062757627,-0.110946761454297,-0.100413119803245,0.20764690015057,-0.0385160558636258,0.0225436425949489,-0.0324017015705402,0.0435823507151216,0.103185515213479,0.286929274304991,-0.0693525982962605,0.0495846674935294,-0.253415248730416,0.0394319280044993,-0.0404254672818111,-0.0205048836224056,0.0690478879042442,0.142185185328176,0.159842774096047,-0.119422577008091,-0.033897691339296,0.165250735428035,-0.0598833058032269,-0.115315338754776,-0.0351306320589637,-0.0529370960655687,0.0315719021195996,-0.0108512540518408,-0.122098452852422,-0.0481441613242014,-0.176588760191003,-0.287564487208227,0.132408335314607,-0.0600561278853352,-0.00366479728591022,-0.146430558083215,0.103216094480213,-0.0091114610513238,0.0125068460795883,-0.0657190154441255,-0.0872387804604519,-0.182238451518205,0.0302465888418977,0.0651733651652947,-0.202144797587834,0.0392668838583911,0.14609870303301,-0.0724968938447889,-0.154829503161871,0.224747873735903,0.117180754811761,0.0146041810923758,-0.0793553110572332,0.127840347917077,0.110463926928889,0.0799881881713354,-0.0706554656027481,-0.0649377364227599,-0.168767615838764,0.041940042818336,-0.0269912208958627,-0.0677449480344146,0.0680820197822177,-0.0628521743204281,-0.00322009499622511,0.093995941177677,-0.0243391094457532,-0.0232415611009789,0.0296291701887888,-0.0351580703681771,0.165633199091005,0.170407776032422,-0.033246842426659,0.0529671858609627,0.0778466354956227,0.0400102690393133,-0.108532240929684,-0.095234662255259,-0.0350538127045848,0.0152257404314283,0.0617433509471432,0.0403843182924624,0.034542380673165,-0.0995451801421679,0.0196623389738647,-0.083428473839849,0.0534784755060927,0.03399545730676,-0.135904604955314,-0.106301563574189,-0.00612897277796035,-0.0878999975615279,-0.0192474810289043,0.218461026307333,-0.265368677063307,0.0215248316859541,-0.0490205559955824,0.0412965005406293,0.0177429182614098,-0.0684724166231129,-0.0517065294722814,0.224029399669422,0.161375622011259,-0.0427288000818769,0.0622429306424758,-0.011684225932454,0.189412829237472,0.0597893403611854,0.0769054312454934,-0.155622866907304,0.0975050221021729,0.0247875076849372,0.072134914550081,0.0466966435326491,-0.107788123098012,0.0492428434052586,0.181604368652593,-0.0847884462261474,-0.149142862787447,0.0997824642699576,0.163754031181629,0.0958882788085799,0.0525080596184084,-0.00113507376556432,0.163273668479058,-0.0730122454608947,-0.147023466834768,0.0358668206827858,-0.0108845901890475,-0.00769448742498965,-0.0529889091962339,-0.0567477137747414,-0.0552124309679033,-0.0769395296807549,0.0992880795714676,0.0443157653303827,0.0393681626429968,0.0408160805871409,0.0104184069100903,0.146742928376924,0.194374098277639,-0.118289923241667,0.0299193416716057,-0.04750005024926,0.27548860645198,0.0471140994275419,0.191622644614746,-0.112232123006092,-0.0877526935621503,-0.103079612174367,0.112156892009755,-0.131772636713283,-0.0864970390492326,-0.0192813594469518,-0.00557238696265101,-0.00699706986200815,0.0306971284410958,-0.0796005087947123,-0.0102572088825678,0.0695650075849826,-0.127972219347634,-0.012591373072022,-0.0199974221847857,0.0141396347236532,0.0583882198726912,-0.179988588917216,0.0131916964221223,0.106447889114008,-0.0233211563351088,-0.0327450105261901,0.149292257919118,0.0593199224068589,-0.0175918507418553,-0.0128034384901889,-0.0671524724880524,0.205590748639725,-0.117131727410454,0.055571073651577,0.000329461106776356,-0.116789673337729,0.0531810869976181,-0.0858287716467198,0.0137600239916445,-0.00452756470501304,-0.0623383086840006,-0.0610259657330605,-0.0652258111949801,0.141620188464195,0.133379112752317,-0.0298098470982461,0.1167516111943,0.0928009905586211,0.0639718825029267,0.127818869349954,0.105110221351051,-0.142240873914999,-0.137141683951005,-0.00362078710664731,0.0895426917231376,-0.246753194607704,0.0623298482727349,-0.0621203823132016,-0.0916119059418442,-0.108928500045071,0.142762504443708,-0.129425018316303,-0.047855985134943,-0.0137925826934262,0.0793795268020917,-0.0769153825574067,0.021935172222638,0.0055577458203534,-0.108871393417102,-0.159619106922653,-0.111256294232775,-0.0254159146332188,0.0253331006778458,0.000804209814955348,-0.0286818554013792,-0.0950211078209738,0.000763449826431675,-0.267870210396277,-0.168860577206948,-0.00185654521388781,0.00681503798433762,-0.0352772792537187,0.122396412660882,-0.021131560739544,-0.0304760543623346,-0.156963230755042,0.173731405184463,-0.0821572972781185,-0.0447008770238053,-0.0250429610392432,0.0638422682802378,0.0868619768737102,0.0700143872696878,0.111365145621195,-0.0249552260933867,-0.00267386712406488,0.0524403857293459,-0.17008385700532,0.0288175123397974,-0.0521552500998778,0.101924281551087,0.172580207040286,-0.237685341049403,0.0507874456081988,-0.0199905171831512,0.153150754333119,-0.0772689994122819,0.10474455453789,-0.132890179828465,0.10028271015865,0.0167819408361195,0.0838328700504787,0.0853846703638543,-0.195277037332948,-0.16203613987655,0.0133297178427341,-0.03022123543303,-0.0123391801126752,0.200465251938195,-0.00197602974971361,-0.084339931752246,0.0254973077496667,0.0446903295482598,-0.0899080509521892,0.123505492715044,0.0324294824592198,0.0545700188555993,-0.0359201621783592,-0.107764374151909,-0.0555445856086471,-0.0540543910104706,-0.0161262606093909,-0.232659176333916,0.0384570411207332,-0.0327678970194296,0.00150987318707277,0.00676237773391605,-0.124491950197921,-0.0435724986911382,-0.0892031347436113,0.0262547199902626,-0.0204338619508808,0.014595675110711,-0.0793625530553656,0.0114624993943848,0.0653777028268177,0.0113533203629708,0.0123693063127471,-0.0452108184668721,0.0769153788963926,0.0638996006145375,0.223499276723511,0.00739065076849252,-0.0859698820344453,-0.10222382499295,0.13570452063117,0.131681057674588,0.0496288209230466,-0.178164893949868,-0.0717543079885342,0.111246067054256,-0.0634500317657398,-0.0175451788196878,0.039254496940353,0.0984953983979834,0.0527379057414508,0.09664088263257,-0.153515114392229,-0.028739042367437,-0.00309100373329218,-0.100767133526504,-0.050883815111582,-0.170877130345288,-0.214186581048124,-0.0285739894417677,0.0327530159847557,0.0624632912635766,-0.0116602412110719,-0.0513717867299941,0.13064705462853,0.102798605722715,-0.0210146514496957,-0.0299652243393024,0.076988343957471,0.0743375590335501,0.0857697069817953,0.248885941364781,0.313404082829754,-0.0662991472353006,-0.0365505232750908,-0.103399306495686,0.0630041845541641,0.140330283519879,-0.139120048944221,0.106510246139243,-0.0378159035956016,0.131084874262978,0.161857641363218,-0.0876676675564706,-9.15370214712059e-05,0.0437067755250965,0.133865546200241,0.0584601361741857,-0.0754519420432938,0.0119425079525505,-0.220337418072588,-0.116309096624122,0.122778734285468,-0.102556276815463,0.0400805480359297,0.0519687486546302,-0.0419636458934523,0.0555351774551219,-0.146448685797495,0.0441123687265777,0.0773839000370631,-0.25281208613082,-0.152337831097105,0.0604770761507456,-0.0100925980938038,0.0237954161740025,-0.114549112200638,-0.0143468165938131,0.0386893645470185,0.0159678811771679,-0.229730516946729,-0.261813770714578,-0.0886830768928057,0.105837079622954,-0.0153632458584669,0.080880736198178,-0.0370666273014562,0.0838776199232574,-0.074905033906015,0.0637060419521783,-0.0280018736724299,-0.138935656441726,0.0687379557201465,0.198342902216384,0.258958066109903,0.0252435370566811,-0.0132541275536061,0.0182134984786261,-0.0105308694241658,0.0443210463971178,-0.178030365065338,-0.120676450118682,-0.0286238656221382,0.174833029036929,-0.211979786985833,0.0649276302048909,-0.0471236939772407,0.0127275314168292,0.0445662357324964,-0.36016800339069,-0.255141897062042,0.00503057759660952,-0.152475452420113,-0.0131696627815533,-0.269780892342475,0.0903334493129261,0.145915170069502,0.175589000622554,-0.187943219887132,0.0348419541104333,0.0583101842341474,0.0419163549377608,-0.0303099354598404,-0.11548298756355,-0.0456380751988922,-0.064698353791607,-0.0105772697636586,0.0771884537684019
0.0154341617078701,-0.00115448083210237,0.0252288161294907,0.150173644908692,0.0542193540010755,-0.0266510803460894,-0.164193941914939,0.0619637187562027,0.0492647278724043,-0.0285773043761328,0.145407870568712,0.0477988554684595,0.120070708011427,-0.173827613650198,-0.186826619284992,0.0162303613248876,-0.0221979172482771,0.0180329071426661,-0.0961247192311129,0.0324819426916026,-0.103151939726748,0.1563862087452,0.0660466685797304,-0.163789617338524,-0.0879252468272855,-0.0144839563988776,-0.049809315688429,-0.069427016657916,0.11664895071789,-0.11848995996772,0.0210108576997418,0.0109572389869501,0.0791345446188957,-0.13745178867879,-0.0109275555618752,-0.084059871659279,-0.153922404540997,-0.00879021851699246,-0.0716051445787554,0.0212488173695518,0.133914385357758,-0.017313282074999,-0.21099946185737,0.00747329795643209,0.0557617515482304,0.168338562061241,-0.0746248397709428,0.0480207354532132,-0.0401060856853092,-0.0707234191037226,-0.0219998805723965,0.0694461088506003,0.10698030320465,0.00794736501235608,-0.101560056892551,0.0756590070289007,0.0978881897378527,-0.0930184231899967,0.0789859711656075,0.0130807065080442,-0.0452651199291057,-0.000515329646083956,0.144378816926847,-0.129275220276836,0.0377743768584536,0.142061452970861,-0.0319927917050924,0.193068886457262,-0.0230521525200524,0.020933615002208,-0.137534466089326,-0.0848113609517366,-0.125603288442388,-0.0660428345484624,-0.129829872690597,-0.12648007303961,-0.1045638421938,0.0398859341986124,0.0118319654103128,0.0971771691865291,0.0381277693422476,0.0264778817821404,-0.0870469456611409,-0.0794149631069226,0.0480168243352612,-0.0766577297305635,0.000118786692418082,-0.00279180035890394,0.174178634260829,-0.162509182738637,0.140407938866369,0.000147926160129,-0.01070470478503,0.0114486854620403,0.0197601995462132,-0.0453405125604341,0.0711096492855616,-0.0966048598739409,0.171169659710014,0.0818724925829446,-0.0629667763644963,-0.0353551574034525,0.176229425395087,0.034031720415225,-0.113498758708913,-0.0515818178116051,-0.0344605386623923,0.0777641330580716,0.00205755694292515,0.0806847301315801,0.187112052095434,-0.12927309941598,-0.0254642691659344,0.0567417033973929,-0.00171677143877135,-0.0645318407188872,-0.0887146304318604,0.0192647008448602,0.106489618490942,0.0586330837278304,0.00315760147975245,0.0959925099031179,-0.064769749840609,0.001793063175965,-0.0298262407660918,0.0035219525163256,0.0651996260406896,-0.138621217843273,-0.105101872432804,-0.153263225753645,-0.00361314647179896,-0.0156148816994692,0.0931996347327709,-0.0310499775802116,0.0167011170074931,0.167505320857778,0.128719805982175,0.0826328074449275,0.120432478682743,0.110655888291133,-0.168767013947907,0.0618310648271195,0.155748719148118,-0.00673977716686854,-0.11836350754504,0.0747217998386187,-0.268488912349691,0.0373522936098749,-0.0133238996093799,-0.0249914985674672,0.0178210529121928,0.216330310227486,0.0786908406732833,0.0557993717099525,0.0969269523899554,0.130604159248109,0.0555652121989867,0.051841632879796,0.0114674487379387,0.0129650726718096,-0.00828433580882614,-0.0361589787465213,-0.0485444859965928,-0.0781502470320477,0.12715002814741,0.0575074965350823,-0.133945168966535,0.080594259631043,-0.0361078541504834,-0.0409488308905949,-0.199449267131747,0.145655055471679,0.0220575520685051,-0.0252135601947354,0.00675138850236166,0.0299443694434717,0.053033517039126,0.0187362454747307,0.0823250106707223,0.00430259897012352,-0.00630218333807658,0.0372586655246335,-0.153835919589781,0.0696583163537425,0.0575040347354752,-0.00297393235221938,0.0657004902879108,-0.0278433517853868,-0.134924479509729,0.0444120075110517,0.140209210357924,0.0249977146414451,-0.122665731114019,-0.164835433918651,-0.00302204161062727,-0.145337326724216,-0.0069761964675346,0.0156283987028993,-0.0454588221430956,-0.0544501903940672,0.0276554408366281,0.23495100885051,0.192701479631281,0.157173322186438,-0.140095443048976,-0.00526992323573721,-0.0653658526137744,0.0125103307742822,0.00217824447337898,-0.0289219010965783,-0.184145391005172,0.160470554174287,-0.0787697443622504,-0.0825398644065928,0.0275734978899316,-0.0157465461751603,-0.0657408849633816,0.00296709431483105,0.00438403926857389,-0.121598649912315,-0.0854223507397427,-0.0694199148947166,-0.14326906206321,0.00123624403653196,0.175675735802348,-0.164190071765072,0.0586640442041062,0.116452396336648,-0.167378681316458,-0.103790292819127,-0.122764176225388,-0.0233548684505778,0.0513332122459894,-0.154696743896054,0.0622275980520732,-0.0261999919053706,-0.155255279499326,-0.0622995368780436,-0.0935198250471108,0.229054830512978,-0.0367444808522966,0.0507519669427933,0.0570270625647838,0.0425635685836122,-0.137618677321727,-0.150800452429006,0.115214691985747,-0.0328858158620142,-0.135338534465409,-0.0842737690187072,-0.00617406294837974,0.112388632274262,0.0372246482207517,-0.108383809698754,-0.0598252958997563,-0.0527874329218714,-0.129685064564461,0.044452799734296,0.0129735885462483,-0.144791426176441,-0.086644025993827,0.068921588909405,-0.0732955761051371,-0.0119174951180399,0.0913488820593334,-0.0136582425970242,-0.0197958343966234,-0.0817101986124503,0.162350538593267,0.0982716918134173,0.16617603225204,0.105836229350884,-0.0196616766747872,-0.13593388769293,-0.000728388847541207,0.0855724804734941,-0.0796388249968739,0.0259946427031215,-0.0906622576637669,0.110459489814039,-0.0312677548200906,0.064631930366254,-0.0847586868498326,0.00994486701936101,-0.0710328801935409,-0.150310578881986,0.18141659454124,0.0816677700345652,0.122688240061879,0.0124998862882621,0.0358120101428973,0.0601135126605978,0.0542869019559742,-0.0520446060058704,0.0210503979598368,0.0303340168203811,-0.039965812959428,-0.184234439462303,0.0470183529297565,-0.0541758678015294,-0.12199012660234,-0.0825454191190494,-0.0508974528328396,0.23549966987119,0.0142102419898247,0.093849912908179,-0.042740873754642,0.0285340791656737,-0.157080375069161,-0.0366726588797639,0.0782976940894017,-0.16732687693571,0.167227403799469,-0.00708571552557252,0.096768183004737,0.0542361100405512,-0.0716651663947832,0.0219469444005853,-0.0127142747087484,0.094671167278246,0.128833788495126,-0.0282416094919815,-0.0916050744062377,-0.0528774706372548,-0.131315164435117,-0.00785879567595353,0.076610638226132,-0.09395925451404,-0.109872649804392,0.204832932478373,-0.0999298861366131,0.0828231271726934,-0.0284040747731554,-0.228605330470561,0.00150707952643244,0.103616741293854,0.0127435989898019,-0.0326445616280712,0.150541569435428,-0.0646038419284252,0.0674703126460373,-0.0570823671332524,0.0134351215284161,0.0514249970522841,-0.0300464665563308,0.0596176359672896,-0.0100554775436022,0.046580704642039,0.0118161857110253,0.0543883051990418,0.0684626635939464,-0.0620493522855323,-0.0716016871082467,-0.28203153371882,-0.00886563288172795,0.0109102732065253,0.102304843031992,-0.0465992699416315,0.0440494654387613,-0.0644003613921114,-0.0901422759711146,0.00618885603911426,-0.0630632737872491,-0.0136601959898002,-0.0698436869010289,0.0596324306238792,0.131524109898531,-0.0218648313670231,-0.138536153994625,-0.203395672878597,0.0548573773727062,-0.0413447410217109,-0.141517982770669,-0.159569958307595,0.281289320645426,0.0242170019539483,0.211298507871133,-0.0804410257206733,0.152097451587842,0.222068302483218,-0.0762965562118865,0.157527635569526,-0.0202583046337372,0.0646295581617247,-0.0137593189175474,0.00264809465648722,0.0959016695974699,0.0497307470457917,-0.137847973637916,0.0142725107016341,-0.0116794716373412,0.0301638484462364,0.0169668664836435,-0.118317672445788,-0.133273518200786,0.0452188030136235,0.0582134892050954,-0.121811836539022,-0.17534410384082,0.0566662142951362,0.211331537783087,0.0426881318983396,0.118601411634603,-0.0577582516579898,0.176833664806716,-0.133924903316552,0.0654057080670021,0.131978461743023,-0.0100179474784272,0.142695569955219,-0.0972568232204525,0.191437066794234,-0.14724723298133,-0.0838120666554393,0.0096373822230396,-0.107985825516794,0.105537426424394,-0.0107209613226928,0.0166774760250395,-0.0259939198855359,-0.152244614271179,0.0491099891920114,-0.0269892878650862,0.0433960114822139,0.00242684832800035,-0.0125355370937945,-0.0907383018386232,0.240593804312218,-0.197603647862025,0.098694140128008,-0.106801870322789,-0.0906450932540577,0.166544911353034,0.0141062250555465,0.0837687318068056,-0.073034811933397,0.0140919446406652,0.00634275960214732,-0.118278665037065,0.000648372824420252,0.047081757553925,0.0738080836791017,-0.0840342065571347,0.0321187617997111,0.02649493937705,0.034717364913294,0.155809521934403,0.12835344410842,0.117519624617199,-0.15025230471011,-0.0184011974657379,-0.093069588229392,0.114060451914398,-0.100374793993315,-0.0723726775379497,0.0805708797462147,-0.0370312800613541,0.122753632868623,0.190659182000472,0.113386000851969,-0.0810406811043609,0.204190847169546,-0.0450634014846916,-0.0888258333697491,-0.0786380347980692,0.0215430253617449,-0.0832397637356737,-0.0695391512649816,0.124975772709672,0.022410732211488,0.0479358634062307,0.0198915840602641,-0.037432402166888,0.0766200813377639,-0.154405273545973,-0.15620166863398,0.0199563302075891,-0.153875180931539,-0.0230881819000886,-0.0266346482088618,-0.0381998442318557,0.168111597366015,-0.020642501737938,0.00369660930915862,-0.139466534643641,0.114248825365659,-0.274834649254938,0.0595714703300555,0.147686712701873,-0.107419941778008,0.0577471618038647,0.070757576165094,-0.0913036843472255,-0.0249175113569965,0.106342183852888,-0.149311112697524,-0.173156467626071,-0.0360462891476499,-0.00934977407467746,-0.0529998773006627,0.0431871331568474,-0.0110906958811726,0.0222649566586236,-0.133445309314833,-0.0190667621849108,0.0695379504193212,-0.036066194894797,-0.0456988021358419,0.0125951507074826,0.0393121695730234,0.047725055644718,0.0274508911610922,-0.0900021915685415,0.105456720305041,-0.0649925338707473,0.0726313034321912,0.0296251037407277,-0.142384796275563,0.100701592345451,-0.160726011114294,0.130693138847369,-0.158188995724122,0.0198825070965604,-0.111413511365007,-0.108086218514767,0.0712805228487143,0.0778794228508286,0.0266609451235632,0.119859201009624,0.101186688732074,0.0380865044996815,-0.0706844563738937,0.0564791463587338,-0.00320095380146923,-0.131820182043652,-0.0752166338956907,-0.0244364320451652,0.105447753275478,0.0801749413962901,0.00283092886884201,-0.0486516394268076,-0.151363512957827,-0.125189687431486,-0.13781049588823,0.0768391790512938,-0.0444860047221109,-0.141837659264481,-0.217116931376047,0.0633870309441859,0.00610009993660754,0.0756857847047291,0.115208118902873,-0.106644916691621,0.123575056096887,0.0548226111435243,-0.0294056616814436,-0.0559734878243185,-0.0196772792483577,0.0437315734548175,-0.152082194366312,-0.163060799249594,0.0539184757520385,0.0093905060242459,0.015660498031675,0.0884412445585539,0.0232348714313172,0.118748738695978,0.0161430010047445,-0.107347044791073,0.0568175397923217,0.0774840810545671,-0.064443154141204,-0.15647424064989,-0.0961992938558086,0.0439638310776929,-0.197651930382642,0.111720845978414,-0.0471443994427127,-0.0764872304773564,0.275403589881276,-0.16269449452352,-0.0817592956080242,0.157928290124976,0.00721639797001032,-0.058268075849379,0.213136422961215,-0.0429642048537835,0.141736603972178,0.155849706775778,0.0631255194673154,-0.0987961240531992,-0.0094787617371369,0.0639384895161225,0.199445557052742,-0.108522690820507,0.0901940160570638,0.000969039631935807,0.0306579031820488,-0.222456302238634,0.0456632416763269,-0.0377655278085535,0.000534079095682002,-0.0554415173954097,0.0902973383429221,0.0190165768101876,0.216141211246236,0.0269746142629144,-0.15848995672284,-0.00775411311237929,-0.0104302171414425,-0.00221798676575535,-0.0284948857778803,0.0112618970924543,0.101805550156813,-0.0525991542319641,-0.210316498631501,-0.109890694461125,-0.0443168551991949,-0.152183717324784,0.0171318378574997,0.0472550018090979,0.0886762263960093,0.0971807636429438,-0.155993312302856,0.028490080461598,-0.0714390328619203,-0.117736331661783,-0.0635035733952255,0.0983941734617032,0.0794962863266432,-0.0347208993353165,-0.229885838001243,0.107198671470213,-0.096448123310611,-0.0147763202767153,-0.0249537671233464,-0.0372525668996314,-0.0275934664900573,-0.0369825596300528,0.226924324289431,-0.0434758640016371,-0.0688635272962775,0.0694155579512237,-0.0617953694331578,0.227838252220524,0.0547505632510413,-0.141805570538843,-0.0216507345514767,-0.185126688500175,0.0552248681918445,0.272099088315987,-0.0394333245020104,0.0864211280554975,-0.00056263192048123,-0.0989683313777422,0.00581616288713082,-0.10476760325545,0.0192740283296195,-0.0606463989491212,0.0155380782009459,-0.0794374295505347,0.159855919816595,0.0648998755471433,0.106512206728757,0.0515912880923657,-0.10337727125997,0.0344825666282887,-0.0191142379431315,-0.194788606213866,0.110953122003514,-0.0320596002721337,-0.0502609545346653,0.20716623390278,-0.0998673721206861,-0.0203231443678702,0.104234928299623,0.0542353394097247,-0.0573998701518103,0.0652202130091719,-0.104903494498283,-0.0711275962915382,-0.112560124814517,-0.0641677266719884,-0.0160595183048301,0.109062467207433,-0.0757928525238181,-0.0072081327160534,-0.0946627878413938,-0.0291138922557822,-0.00557076810575853,-0.00508445812267997,-0.0768165508240276,0.032608305131911,-0.0606112206576658,-0.00267791163785669,0.114045378750543,0.0841215452432799,0.0744883934921191,0.131953415483618,-0.00727670017129444,-0.174355870425685,0.0571287029254293,-0.0805772101255459,-0.0941923950271994,0.00374628312483318,-0.0818887034966856,0.105829015184475,-0.0310466416845474,0.11813888695525,-0.0423728476221572,-0.0706968780467949,-0.177034702438303,-0.035211057264666,-0.0186859216262573,-0.0121055892327703,0.00813734538027112,0.0794667918101513,0.0553187145768742,-0.188286471948816,-0.102617220172907,-0.0111070904966567,0.188485666272025,0.00804556492863095,-0.195823492728823,0.0377753922174099,0.0797412021815134,-0.0762708962249168,0.157420373220443,-0.103495296062167,-0.00974991785327337,0.105154162575875,0.0347864753801239,0.0742258808731426,-0.215796654264177,0.026680631613703,0.00540973999982368,-0.00898133209224596,-0.0123618275529464,0.0586297857498713,-0.193056668886317,-0.0126871110691594,-0.105586512981913,-0.00893383687347235,0.0622871827968678,-0.0320422220864022,0.0536968650245064,0.0516426649006842,0.0114304481894776,-0.105332432103017,-0.22576505479945,-0.0167717049482888,-0.0124894347975689,0.051655140456136,0.0716460854827829,0.175094752970139,-0.209403951664922,0.0950368487299278,0.0315634898701463,0.0396067571242565,0.0665501989590626,-0.0387072312855232,-0.00602555621442735,-0.0457125731566553,-0.0967487907611844,0.0655532202124975,-0.109532458779577,-0.0186710366617654,0.133172401178244
-0.0866979355320612,-0.0912511671959539,0.106818580417107,-0.0695809054241924,-0.108633493508265,-0.116707290568439,-0.199989691146821,0.0400000836606153,-0.0389391351251664,-0.0895300543712703,-0.131648551743371,-0.0495118842597384,-0.0817189845168798,0.0438665691512085,-0.0894127661270604,0.0618477741478807,0.0651152487307127,-0.0109869001739739,0.0288663691995544,-0.075822397073515,-0.110021680546829,0.122262054126184,0.0360597178570278,-0.0196507545458622,0.200553116359714,0.129662990937753,0.023983556001912,0.0138396825420787,0.0187653990128338,0.0925748302677062,0.063097717580788,-0.17079550530531,0.054219135889282,0.202478630520058,-0.0651252692428406,-0.0126488260275677,0.387509678940891,0.00135451103308722,-0.00379278597120508,-0.0759293028315745,-0.0869619287728551,-0.141210986066471,0.157728684924267,0.0632257356370938,0.0803893054431278,-0.00493188291362188,0.284269784920001,-0.163891456927005,-0.0413988943238555,0.110875627047082,-0.0239919071584614,0.118167030257522,-0.0869344755155116,-0.01530775027731,0.264517562555445,0.00685186770688272,-0.125254972162277,-0.0780465300370437,0.11246324611694,0.034700572988158,0.0708289401742312,0.171095392055075,-0.0941765662410205,0.125013195038036,-0.0674332538678177,0.180173890240914,0.0517058441975772,0.00405914903896273,-0.0818539608670307,-0.0259473380201047,-0.0290390657017882,-0.138331548100901,0.0200755212202623,0.170460708127396,-0.138767605898846,-0.249154448620152,0.0517818591380859,0.1032454158096,0.0654447487141417,0.26743468702874,0.00894009214842436,0.139331581175078,0.123572184501865,0.126548549089941,-0.00634757594966539,0.0879138518165264,0.0435543464692616,-0.0847961438852676,0.0373925072166513,0.290413929222957,0.215373526237409,0.079306367941854,0.0839346253891868,-0.0149587499958378,0.0153156832260723,-0.174034307332844,-0.00106920210030539,-0.126891569455855,-0.14928956958612,0.0666917974670942,-0.0563990669786559,0.0938346039715469,-0.0347433235050587,-0.0404072637778928,-0.0343656220287347,-0.119987310715267,0.0208475712522829,0.0383060468462775,0.000493054762350616,0.0732392747721771,-0.067592950307271,0.132202557777551,-0.0279446620500826,0.141803694066627,0.110920378683731,0.013595166048071,0.069768743539659,0.0135058848245012,-0.216034377252496,-0.155660578968582,-0.0085189619134151,0.184590829560718,0.0527593306621252,0.0405471995969921,0.176747208839381,-0.143597123699605,0.0157221490676071,0.0953255796357855,-0.0291552555191992,0.164043998702246,0.095567739404973,-0.043189377795599,0.112742711883837,0.0389278341794603,0.0936309717526481,-0.0158835142160387,-0.111010613429527,-0.088510900821808,0.0349359140111809,-0.044807801863446,0.143757962478236,0.200043449756106,0.161448649310887,-0.0530275647409807,-0.0658336945551277,0.128964374517135,0.135571487853924,0.229254524520423,-0.0339127636159669,0.0697110575728918,-0.105141393509593,-0.0957885509243402,-0.122239226059198,0.0921382089715407,0.0912532494124627,-0.0841377915768168,0.0282645503353446,0.0086223836873052,0.0289839703367234,0.039075143814673,-0.0391255103377675,-0.0399913225332771,0.0733929554234308,-0.144413062595229,0.0949273661280955,-0.117344867209125,0.0541710899158002,-0.0489461212723574,-0.00540550470317016,-0.251939550721891,0.0864868377187436,-0.00394824573250618,-0.154127094577146,-0.182656942872708,-0.102127797350305,-0.269447522214391,-0.0680303204400674,0.0633357733485127,-0.191460292623788,-0.0168419703735466,-0.00451533261339666,-0.0263050058196005,0.0742197838554752,0.0579903869696074,-0.0221793603388543,0.0973374910017874,-0.0226663927399731,-0.0461795579674084,-0.242424421240054,-0.0700490474912263,0.00342915541906877,-0.0285287177471768,-0.0466124985947198,-0.26731082894628,-0.0921341099193073,0.046134859149497,-0.0591755502333824,-0.164021695637353,-0.164633100149984,-0.0282001779306637,-0.0095801615453143,-0.000587968334571389,0.11563633024453,0.205635817081622,-0.259653489752906,-0.0822631787550208,-0.124155608538279,-0.207744753105647,0.00812963242122382,-0.0654153774776098,-0.0505041114446585,0.0498556175501939,0.158162398112804,0.106044754862921,-0.0179657431707212,0.036538036549178,-0.0683651389962395,0.0742757477101551,0.0987404843072235,0.0713939100982879,0.159319382432061,0.0413358669035955,0.0206007560786229,-0.00498678802956472,0.0945218045023816,0.0912597387013832,0.0413965354127564,0.0829404997340555,0.155495313558367,-0.0765216371846303,0.00271544026612419,0.0808519557137379,-0.0876397117934484,-0.249413332146534,-0.185480012048367,-0.150667727210233,0.0069863423000817,0.0722648773884324,0.182157644375271,0.0674787987774827,-0.0995996496021354,-0.0521339588499714,0.0813519671667553,0.0345728240282399,-0.10170802019732,0.0746633200500375,-0.220233139638805,0.153144789948677,-0.075784247934979,-0.167508899603666,-0.0480256840570232,0.171700632072894,-0.129581185146456,0.103096705829116,0.219242289596491,0.0681015296413739,-0.121795263414038,0.1686852821638,0.233967985028684,0.0352934984489178,-0.0194451168312667,0.0541275839028131,0.0666681561113897,-0.0832830337249178,0.0328108487322768,0.0105854777434823,-0.0811722627219778,0.167940022534776,0.0758386085186115,0.0584641724789237,0.132111578485626,0.150095769888888,0.0364882008508225,-0.12315608678895,0.107314665976182,0.0661235939553958,0.0443309138441066,-0.128840963590558,0.00780925122186306,-0.253038305369009,-0.094976746047886,-0.120081243031163,-0.030707448036922,0.032890228952156,0.0602197485486391,-0.064988854509353,0.144689867405136,0.166428248987664,0.120674074390399,0.248659378883845,-0.0823916236283873,-0.0936967104144067,-0.158502107891715,-0.0543582757831639,-0.209736241150733,-0.00390843514238597,0.00116892288939884,0.07540480282001,-0.000101208630331508,-0.103268412682726,0.0966424326059697,0.154729185438876,0.136170104287803,0.127497524659437,0.00318874947406088,0.139245475185906,0.0391646912138958,0.153512028515283,0.0408201959237199,0.103193126596139,0.212784709859631,-0.0770754678573817,-0.058101485847416,-0.145274781145115,0.0284921456755878,-0.0905878780558413,0.0704934396575501,0.137904427936786,0.151478398713077,0.0520075484809712,0.0153836296255424,0.129107685753571,-0.118592921808773,-0.0578917475220175,0.129483331419826,-0.0908234026490383,0.0814329756523705,-0.0299069340662261,0.0793599261580713,0.149054251753329,0.0223960882564982,-0.089605611906747,-0.0718444842381969,0.0935958021032452,0.0978222287373067,0.0495560708458659,0.191015477784446,-0.062316850355225,0.0756176810047023,-0.0723420700172364,-0.198896912329859,-0.0713527718558374,-0.118452558515107,0.175446388096979,-0.167654861525049,0.0711819791628774,-0.170957824080914,-0.00815209942065972,0.152847217948328,-0.148796207708428,-0.194804467593259,0.109930503569138,-0.0247725685738893,-0.0653854257728843,-0.0662161108009524,-0.14632374397048,-0.350760465088128,0.0247941094921661,0.0816052227342632,-0.00334752631349513,-0.0575451968274438,-0.0255835469941997,0.272555685087509,0.052917053033607,-0.108299015240418,0.0664559770640815,0.140674792923347,0.0884080867358425,0.116625926679183,-0.0203704988711851,-0.018061623848328,-0.0635262348720646,0.0017447588703093,-0.281208198451014,-0.120697197234608,0.00725385181078506,-0.127124359110558,-0.242409568635536,-0.0057274319730962,0.0697582385244748,0.0454183504896732,-0.00306134266578677,-0.0257764764548576,0.045054721816876,0.122225315288257,0.0389707361726036,-0.0561675151233198,-0.0114513263524146,-0.0437389291917393,0.0262726894605939,0.126380831706255,0.136587962349064,0.0656931972565721,-0.221568271835065,0.160948353321875,0.17135541124118,0.126312739152328,0.0543968349450309,-0.270802745945354,0.0519032492167763,0.0678621940158286,0.00454429782546794,0.130310133817063,-0.0333861105722112,0.0833331402863245,0.0740817951664035,-0.000541330670419261,-0.182412394140869,-0.196555799239934,0.0456599723724855,0.0641923738827126,-0.0117810120179231,0.112450466739589,-0.163493869826302,-0.111866076004272,-0.079660056628238,-0.0226801164063821,-0.0266150667279765,0.101934883928842,-0.0946439537653011,-0.0175395515972479,-0.23190220087123,-0.114978056300494,0.0750373234382321,-0.259075526128217,-0.0558081099978716,0.0222801894344312,-0.049074065176365,0.0401514195289566,-0.107209762575443,-0.269451632242062,-0.0915776128884305,0.147590267890813,-0.122493752213901,-0.0279309479758609,-0.0435611647963801,-0.089332565015203,-0.0825169500445037,-0.0338199066497452,0.123084860009092,0.166318397500235,0.0807689132678277,-0.125951281884204,-0.137079988744951,-0.0200227419926982,-0.0527424576239097,-0.036119515376014,-0.202691840243375,-0.0199263476209986,-0.120055977640238,0.0293592746100342,0.250207598310477,-0.0267491137446226,0.0564038767003795,0.0973409191252281,0.158588658841943,0.0415352498516657,0.0855590799976487,-0.0741815953231315,-0.0780895775126283,-0.0945621043439102,-0.0604814595634458,0.148323379121006,-0.0546123238064976,-0.0571734582130319,-0.153182417520812,-0.0802247616326521,0.0484373897952878,0.0829631726807642,0.00947755439666403,0.172708084507173,-0.0688365919798469,0.0936724965480246,-0.00921139552675027,0.0310013942635727,0.0144833178388516,-0.0530935722090924,-0.157510891725493,-0.268511434960703,0.00185517538903793,0.113189217066234,-0.0686835711251951,0.0692039840677016,-0.0446086582283085,-0.0601911117271941,0.318928104144244,-0.207551911025007,-0.131145106698691,-0.0852668125394687,0.0178252628541049,-0.0996367401867789,0.150186481353737,-0.269394114081661,-0.0252770804329573,-0.0304495568736579,0.0741976046433772,-0.0739101724584285,0.135394830599816,0.0383330891415576,0.0564969169492244,0.082144944064004,-0.246271740027273,0.0400936976056054,0.0799545517501371,-0.149968755730333,-0.0411546715713034,0.0179425595699297,0.0278500264292436,-0.0460308252186307,0.0498897155696908,0.0310335032576127,0.022030275916696,0.0582161375261633,0.000753602244729767,0.0522445607527356,-0.203517490171542,-0.0837008205031441,0.0225458170426663,0.0120070216662356,0.126361310172371,-0.203797206515112,-0.126111143262476,0.111236982539286,0.147138675992978,-0.0528198457765548,0.0263857672770053,-0.119335360684017,0.0177846273154396,-0.0446824620640551,0.0281623891206251,0.108724772237697,-0.102178325812496,-0.0419265875356051,0.101060805795251,0.0855533754229227,-0.0662997630351142,-0.0485579141724258,0.0813171517821621,-0.0634203107847399,0.000346499443666173,0.05190897714281,0.0543094221483192,-0.179201001473574,-0.076027173668135,0.0780860391945584,-0.00899947317689868,-0.00951908556195073,0.00454271239105437,-0.129343597490631,0.139911506996117,0.0811971778992867,0.140284028952866,0.0309356723005258,0.340403900943339,0.0971100238989105,-0.215552981676785,-0.00517021475522615,0.00262016850852773,-0.0546264112094532,0.017094129728444,0.0324793443907855,-0.0894713967384787,0.185496503113814,0.232943164340052,0.182850836328369,0.045736040513612,0.128603851925181,-0.00715073096581148,-0.0573232194035955,-0.0709041544681078,0.0365350207310978,-0.0345789290297729,-0.233916751526378,0.108284107425785,0.228848319123234,-0.119693571492333,-0.0118065525081062,-0.128152053183288,-0.0666027152400089,0.17740426189784,-0.0362596314386307,-0.170012928874673,-0.101121592616986,-0.0185483809771054,-0.111241220161345,0.0306204802520446,0.00473103251421464,-0.0175030313423872,0.0838384466132584,-0.0105457118128429,0.0125453893518644,-0.0389511045611168,0.0798492655832377,-0.0254054819505495,-0.0677544592650358,0.0438368393056017,0.27112405606241,0.0648609550038828,0.0580664615892956,0.00236682425436817,0.20162666603321,-0.104338208901438,-0.109590487005806,0.0718378128668918,-0.0413832784871975,0.0170047860937608,0.00237014710585013,-0.0390640052861643,0.0282855538667261,0.02386162432263,0.187567305909745,-0.190480446120715,-0.0443152596108045,-0.034291992496094,-0.0127817998582226,0.0205384838206506,-0.0506008642781698,-0.00194777909069756,-0.0385799769726287,-0.0853077058697813,-0.0376737776400304,-0.0370262232984825,-0.00821468252798518,-0.17383951750283,-0.0897004136722193,-0.045022120528594,-0.133097288164772,0.0516487166630746,-0.0933647144821032,-0.0351841866385168,-0.06360140748446,0.191890074201748,0.093550236494915,-0.137246371803097,-0.0771138252421242,0.029874792663291,0.00316982234771004,-0.0361277991630765,0.0130892487879686,-0.116414643858293,-0.094280030570987,0.0620976510744116,-0.0356552319613028,0.186539674474114,0.0723104165511463,-0.0842400219214187,-0.0626363063309015,0.0587006270666795,-0.0154963482232318,0.0164443240128225,0.0450049230621224,-0.106532340042901,0.129542626168644,0.0604364068981663,0.087919224276664,-0.131775822377787,-0.0567034394422241,0.0232563631201874,0.0666856882337911,0.0796496333566397,0.0572020335084297,-0.0390761687293746,0.0369353710392622,-0.00533238317131305,-0.00241302059940919,-0.00875556673016449,-0.0464275881318008,-0.0139501094175058,0.0941990717695433,-0.158069096828294,-0.0618388811437413,-0.21419177708452,-0.00616949363835338,0.0153088478179301,-0.0740233325471258,-0.103791323768339,-0.079178834770994,0.0347077365472168,-0.0348556154979975,0.0893820721339012,-0.122627317784939,-0.0158897690644945,-0.106156491669083,-0.0906871474279533,-0.0243654380305494,-0.1708091209984,-0.159296106450719,0.0885551548518198,0.139744779977399,0.0343428719998412,-0.00598015096726659,-0.211298374262269,-0.0614650682277552,-0.145167520737604,0.0276334776047083,0.0448979707559727,-0.01287255192322,-0.138104886835031,0.221599427123765,-0.15335274673699,0.00397484015617258,0.11380237047616,-0.0504824080276448,-0.0455962670257686,-0.0185616538800314,0.00183397006800346,0.0196703020518122,-0.0745885942983938,0.0195690599753585,0.091935030946053,0.0527823272389496,0.0438938301979464,-0.0301562314682775,-0.00637092214139454,-0.0301214996580675,-0.1289942986497,0.0218824641157854,-0.156857640730012,0.0336855268738788,-0.190351921439861,-0.0018539346762563,-0.0486481456671356,0.0249513947252533,0.0675930290374118,-0.199909404706441,-0.069016357933733,-0.02306300254931,0.010745684030697,-0.0509425309842003,0.0750589165485527,0.12222137583677,0.216055962994945,0.148647797714338,-0.132396390952579,0.0617462610472465,0.00591197254133538,-0.220078115757688,-0.0518590796535332,0.101767318280616,-0.152424130120417,0.146683597812204,0.0496974519440583,0.0669359372421451,-0.068510098842733,0.0783059308346945,0.00652960232320031,-0.00872628476330282,0.0603171246667879,0.04645882244696,-0.0912419614161236,-0.0316158280553436,0.142105913716389,-0.0391082628313978,0.0674504165286643,0.0659848589877795,-0.0734171150003188,-0.194290994610865,-0.0679748573022175,-0.109880793416705,-0.268318042441881,0.193196956869446,-0.0393510297736041,-0.0227180071039265,0.128611730475771,0.200028764718697,-0.0562909768903389,-0.160479201392588,-0.10384204504516
-0.357609274999698,-0.0570924127486412,-0.128364607513422,0.058358441373299,-0.129697408723993,0.0465077995435955,-0.302363079848617,-0.0852274564875716,0.259540804129597,-0.262299496686997,-0.205944260582936,0.052824832667014,0.363673137855525,0.215991469275911,0.637673933101187,0.331045730835486,-0.102168476590045,-0.101764842437489,0.59055792856323,-0.0296487203566552,-0.280545759868953,-0.17183185611243,-0.159523079404675,-0.0423636452382161,0.460241138752401,0.335288916762266,0.0177432621181137,0.245084257777678,1.01775634791537,0.454960044866807,0.371219245947452,-0.493418109823787,-0.452951232975554,-0.0563996368219211,-0.035018744305738,0.187476907697983,0.712209931619332,0.470917128222135,0.438632632509079,0.449889751778565,0.107796806881017,0.358696862832271,-0.342179509968342,0.0781645891922064,0.42661816339407,0.124436072458138,0.701237762593562,0.136513987336134,0.106872726761477,-0.193092953757981,0.58679757653365,-0.113845458486337,-0.0652676579018685,-0.187088700267917,0.158985516434524,0.490763987805827,0.373880172094572,0.497201418531536,0.307222083242171,0.265686137507057,0.657756257497375,0.231429002484574,0.22803507927368,0.106507549878706,0.195121699594561,0.617467714670619,-0.0827857288055204,0.159848350795005,-0.0363117842947939,-0.179065608373454,-0.0139557586362379,-0.194602531728147,0.292468052212268,0.00904864387820292,-0.267087237418846,0.157097047268986,-0.0941794418300187,-0.396880914819784,0.0358154304611127,0.133735890080781,0.0973871575039473,0.422068940160209,0.174312025017465,-0.0512882694111478,-0.159995741210769,-0.0628661839172198,-0.413369467127685,-0.178943836657231,0.13843198080801,0.0839870069888575,0.707797810749335,0.158353529329709,-0.297625886317059,-0.61974440216255,-0.0420186581488686,-0.119375927981745,-0.031097618415105,-0.573193331444067,-0.370714503566822,0.234089929737629,0.156778492395018,0.00487472923464651,-0.209536857121391,-0.102417016887214,0.133733141204283,0.329764452515325,0.509342534377009,0.503003997116541,-0.0375929695101171,0.309405557672576,-0.368101703545765,-0.435445621699891,-0.121471841351116,0.125733274939003,0.0371254016541669,-0.633642543830184,-0.42157202117124,-0.329276921938568,-0.188198715718566,-0.592045750134296,-0.719880955531203,-0.170548888702735,0.242602459505624,0.43562718768882,0.0115312721393553,-0.283162750748045,0.00622192716608983,-0.262247016504381,-0.170832838275304,0.000999929613360911,0.765787581401119,0.135466923487728,0.0371529466450208,-0.352903924406011,-0.0224962100905984,-0.209434983593648,-0.263339534413659,-0.122420148945926,0.178869007622677,0.284756675120833,0.388622880989297,0.624469033289236,0.611494894862544,0.0108471740471767,-0.351600449059505,0.119475488683842,0.117260931446002,0.217011479328946,0.211507125785162,0.396064716014896,0.314657601033316,-0.0477888093515496,0.347844731045005,-0.0434109882208051,-0.010018057402451,-0.429922650735791,0.0784164427695719,0.281939908495773,-0.116314437381751,0.249752063954723,-0.0570426558646695,0.188286874500588,0.324105750732528,-0.0256033582921212,0.0392419941651025,0.321985219457828,-0.144936298730311,0.527346530038708,-0.0589200801095943,-0.415505437395771,-0.263758403045752,-0.731662991584039,-0.169854579550269,-0.545095528053714,-0.51505322478368,0.109910989046863,-0.13523992949651,-0.0986435810651642,0.0374515327720956,0.154214348233266,-0.111529100538208,-0.186194783581893,-0.156163212203646,0.357005186086677,0.226671329969636,0.126457143663399,-0.357338454534183,0.0935340222219823,-0.655175291290836,-0.417338381755556,-0.347555353103901,-0.0569236887062789,-0.0582862957845109,-0.453626375686505,-0.517816871567181,0.308885595085404,0.118434644164276,-0.107472981563805,-0.348873014287328,0.0784138108658436,0.151647031003901,-0.139968983038417,0.476310926268927,0.280065443513753,-0.561087136296735,-0.46961194803564,-0.375816740159379,-0.428147873262989,-0.198520439501262,-0.0198278199792899,-0.0821580692847899,0.533938278498315,0.884629234275225,0.457590731676745,0.51354583336424,0.0249740317604796,0.0851168239047308,0.463949818593453,-0.0594607052324075,-0.101415812013501,0.413061358748276,0.046277864828285,0.00934338093071452,0.542865761959437,0.680360990018922,0.142574566245261,0.237607857942021,-0.183351121572979,0.238443072098869,-0.00188976441297142,-0.337494444267572,-0.00924966379091607,-0.0807441327983346,-0.737628809677711,-0.186679119481187,0.0699991176042629,0.0710054844680511,0.264749986021585,0.737376353668998,0.52667091701229,0.168505462884611,0.173597199043818,-0.0643618292608958,-0.4704721594534,-0.32027205112281,-0.20499003663757,-0.609963351952348,0.174711139974052,0.371942092689299,0.104697489378898,0.147152516539219,-0.512221245626941,-0.395354393003384,0.0762790613390044,-0.0626010884800087,0.0980925965395971,0.398001011558051,0.528925478959117,0.685035162973542,0.27821656987461,-0.274079987558243,-0.135330868109067,-0.596576403689604,-0.134291694933982,0.01065006323442,0.128693256436323,-0.285283873932214,-0.0822516143156524,0.53117347304465,0.175376706837804,1.10015375385759,1.05722686331584,0.504501112105445,0.520970530462704,-0.0518987679052789,-0.0158503653552754,-0.0056089818138097,-0.246538645048497,-0.308488369173365,-0.547865749866932,-0.510114032326105,-0.389657969216091,0.0344337637056439,0.23087731165671,0.244545434257092,-0.020024416434795,-0.254599533256229,0.0197192266103884,0.179168836835478,0.393153100519643,0.456622983085563,-0.456944369867698,-0.369412068661733,-0.298526581901449,-0.337759514288073,0.0498344742251683,0.228128783615252,0.190844843534682,0.143564656177356,-0.447700783920171,0.123078727621151,0.0120989647823108,0.290651008217349,0.60385841320877,0.120060050243023,0.80930101970154,0.471202988606675,0.621248655910372,0.0220405376256811,0.543700183793072,0.332760464737997,0.00493714390371416,-0.189148944090714,-0.187228634156097,0.456437113585065,0.244859590722476,0.19368359132938,0.141197400042015,0.158229820599457,0.0853257095744673,0.232467990675669,-0.261461321835212,-0.329934990134798,-0.612462542849732,-0.840988360550289,-0.230163373209793,-0.0468196577634098,-0.0931089017506211,-0.0120555686768011,-0.165908911978032,-0.383649450162286,-0.0463902374046859,-0.463322919865227,0.129406040508747,0.306751712412786,0.0659554236073097,0.31198726166964,0.242417938648963,0.190582132017297,-0.197881835973325,-0.328928588903034,0.0643787964276698,0.203070214457834,0.242277113614626,-0.0122133753344799,-0.196157863323745,-0.206070832310065,0.262964327337231,0.711565690017952,-0.211014548461241,-0.135058672156026,0.409454677906015,-0.17379565480664,-0.353021732205239,-0.679743624996949,-0.738686933525636,-0.633753876200739,0.155586828333342,-0.274331196538367,-0.0502815448491271,-0.500040113736515,-0.0369113505330883,0.541088885309517,0.479682741611316,-0.0637676068180557,0.538269977538077,0.305574106515085,0.587417588918999,0.213588469290979,-0.348867419815216,0.04276255401008,0.504246985733237,0.0617652448084349,-0.45292928800893,-0.249441752466818,-0.0183972559905049,0.204616171634164,-0.360824674692206,-0.206091335422383,0.0964534171721846,0.218199988550143,0.337309105445585,0.403589054787047,0.61927559188181,0.584316352046267,0.0476213545204839,0.0556554459754168,0.22414314107054,-0.136273875053745,0.158431451658376,0.0541932059714818,0.47802480907887,0.246295886830658,0.562948241248644,0.25114542812466,0.7039713616394,0.58729013611611,0.057463044640953,-0.206489456545721,0.0922126124382135,0.446708906838772,0.395257535646353,-0.310846089385289,0.211365097108585,0.324659856854411,0.0517693480379676,-0.499636396746473,-0.343637263427052,0.00329287869142808,0.515956148237846,0.735272057526235,0.634652613991642,0.226593116177268,-0.185263324998078,0.129450605182736,0.322382191226229,0.204149219688125,0.332724167289254,-0.154031467055739,0.090163334195938,-0.0367811962704659,-0.0466060294947021,-0.536041137960487,0.151563943136918,-0.0754475181586653,-0.191694377310991,0.11921356396737,-0.0529870415731814,-0.443832464997245,-0.00052148952096813,-0.429478312293732,-0.129876748518569,0.0371266471610628,0.30012688631701,0.26109851535837,-0.143713962622987,0.0718892561664246,-0.0843641384090646,0.135139851119303,0.479408173791599,0.0845797581178287,0.621025733357727,0.549171880094526,0.125743854623496,0.0239407121207964,-0.436971509457126,-0.27420034929151,-0.198386125529279,0.049700958368014,-0.0703176034968685,0.524747669961741,0.287776364286008,0.181541414857599,0.09152573127702,-0.0925589377847188,-0.338798733557104,-0.505597271314541,-0.393669090568104,-0.0800469904285093,0.279942409044043,0.369366681534716,-0.177185398783203,0.0862753754163484,-0.229340005035828,-0.414952581814217,-0.566888448770243,-0.00480815743801589,0.0834614622248938,0.412006365482243,0.344864334553985,0.2803833264097,0.132736377116332,0.0984062091680415,0.00942198226866729,-0.324575045105887,-0.0772556801685288,-0.403725214088603,0.0202316188441081,-0.332078939236123,-0.274170000562348,0.575203940694253,-0.18646635029147,0.280954609270927,0.100025755561836,0.115842940610086,0.709448168340364,-0.740024087503606,-0.360115344934634,-0.260392618845404,0.084420195501316,-0.373989072497678,-0.585492861982154,-0.355271403971148,-0.325858378134183,-0.234977848322308,-0.157414584132355,-0.183015444978964,-0.546941707879449,0.11147719462934,-0.181376889804519,-0.322464359177472,-0.803904588847152,0.255032258127822,-0.0252054530947453,-0.387960951378461,-0.165398927272178,0.546754927384621,-0.244602147731767,-0.0317660975864952,0.527654337413928,0.494465625176229,-0.0884637935973261,0.469753081110702,-0.211699359715898,0.322304498914312,-0.154940822248663,-0.00370157122210872,0.165553457852398,-0.226189484516793,-0.00198556300201768,-0.207415558090909,0.189414288866393,0.607483747592321,0.212798395254707,0.0248618732361552,-0.0456452111802161,-0.421202394325313,-0.0584144888274117,-0.166613229346676,0.0200935708290651,-0.0817755585816138,-0.812705627848142,-0.222296736129384,0.473998087239728,0.319269378519694,-0.41097637444334,0.0903649425092173,-0.209892161557717,0.445193656946955,0.454849341632712,0.591274691566774,0.222838882455933,-0.36822382985947,-0.233016364277599,0.0069679069277547,0.406789838450259,0.39659288538508,0.657859063439797,-0.343608018893014,0.133603643045847,0.226545337873256,0.401943515062466,0.587890111157972,0.350572506253511,0.25580085589266,-0.0713051348297725,-0.0761420022203122,-0.249697806186305,-0.44258750004346,0.0574682794975261,0.224255591568869,0.0129604259584976,-0.136522420996634,1.03075742270466,0.778354816522366,0.277530332820543,0.136913756266027,0.240143326831669,-0.144183404457572,0.082969347315069,-0.202169262874681,0.257516650210681,-0.517970726072894,0.096158563131575,0.212483350593805,-0.710504802073707,-0.632632509937345,-0.349479051175318,-0.0100161664060602,0.29623761112947,0.235041844205927,-0.54544760018654,-0.298461215454336,0.0943354489042901,-0.0273920655790535,0.00357307340686774,-0.17098189569785,-0.281380911218974,0.174938128278028,0.119752642336965,-0.185916496612272,-0.216126088054898,-0.0208744605607394,0.235957593111565,0.0529508982017905,0.288496599120609,0.646455487838881,0.34623690405303,0.459966432567684,0.581873824724466,0.313040031463852,-0.198880674476948,0.00255628174298067,-0.1079337509002,-0.299910827878167,-0.146688385558487,-0.224088473759584,-0.0394592387663181,-0.160401182960142,-0.234362760119254,0.439886701397085,0.273267410067387,-0.264966066515814,-0.00331792621048377,0.0387293272780825,0.132378758128398,-0.574441663694036,-0.503346649050454,-0.130516314087879,-0.258939111313549,-0.309973365386717,0.0286107863124696,-0.576673366028889,-0.28283691478342,-0.319943830296074,0.385402879597566,-0.173371083664286,0.232454996156533,0.452541736719461,-0.0259519305145182,-0.420118990336691,-0.261060151580005,-0.449269753971384,-0.552009084987073,-0.312349188657937,0.306306917746817,0.0752269712746468,-0.272027974123379,-0.137626661294206,0.734634450410682,0.622310417490365,0.261236679628068,-0.00902075932467472,0.301729474014136,-0.362739008661739,0.0926640476215616,-0.226967269270019,-0.245500501282326,-0.0844747086961904,0.767183172745221,0.507314577579416,0.17124068987997,-0.0981611113918968,-0.328237737093528,0.0943221800243947,-0.00936710821874962,-0.303706934282418,0.0937519638198131,0.264392360541401,0.307969099313549,0.314461256235837,0.8498412181365,0.0685916208554454,0.18552023000301,-0.344432838798172,-0.0476087240509232,-0.241042011522289,0.281576295121538,0.134673375077001,-0.321799836816516,-0.332139877429491,0.253285404615611,-0.600922261692962,-0.301407855905102,-0.241116189949563,-0.251063358258008,0.143310834056161,0.315763315053967,0.0251566523244468,-0.151743422336519,-0.441597847887143,-0.410386063447826,-0.569220541220976,0.12631281234918,-0.00867178164380745,-0.0601473822966031,-0.270721358932305,-0.378742341211997,0.0204530645809879,0.0492164403637019,0.188396507095307,-0.27373941196235,0.0412043967474205,-0.54994397317419,-0.161545122891853,0.248568107473581,-0.194450839640831,-0.42858335080006,-0.223097928652655,0.59743409499882,0.381119083344891,0.329393899533515,-0.117784040484594,-0.348411976104386,0.102445221842872,-0.232057750588607,-0.216038941975685,-0.273411618204168,0.271487085346568,0.745801116911515,0.594164000980612,0.363326241206848,-0.0592662639214308,-0.245852666500973,-0.164412614495076,0.146229233185443,0.0283863843756529,-0.243735730673992,-0.416024041078405,-0.0594703274621503,0.623695613803858,0.245248694672674,0.377505537883661,0.378787134909865,-0.551019883517557,0.0711561369422427,0.0744203628913596,-0.206202550912425,0.417252590336531,0.0489077959775375,0.230387000194424,0.41813225452728,0.169113666363229,-0.509068834257437,-0.387018148989229,-0.0885231963156126,-0.0835397813487913,-0.167937356785261,-0.18890773127661,-0.192594278228439,0.261324755170061,-0.215881863602074,-0.25294123219461,-0.430427062187467,-0.00877911846146412,-0.520193710010135,-0.161419119112825,0.234468461122708,0.193468347492061,0.157331922625876,-0.0348712058204571,-0.257763098081324,-0.725241476862297,-0.828460050471175,-0.632151953298353,0.234169408990205,-0.714966953144307,-0.694276882249028,-0.302100578351175,-0.594243508876739,0.359146665051474,0.597395447522326,0.246073493946616,-0.0929327124970281,-0.119362783498341,-0.160340487822067,-0.0592340829215293,-0.0720381259783543
-0.112488439546581,-0.0852380926517353,-0.00351947813476345,-0.0223736088824954,-0.040710644035589,0.0456343200477315,-0.17597245131725,-0.0469529705189372,-0.192979466980005,0.152061919042587,-0.0237456707397261,-0.104736882982113,-0.0218037996245597,-0.0632479892981857,0.027990991297529,0.0321531659626799,0.13093125243348,-0.00610442449929975,0.134529867088553,-0.0827389893392644,0.0799903894016149,-0.00305221515082682,-0.194820434237758,0.0397557368926459,-0.0303623502428562,0.000636521813858159,-0.0628374503989558,0.171051693335058,-0.0275738332541917,0.00369597017058902,0.0370413100343197,-0.0139539290349474,0.0153824922913617,-0.0210522399466874,-0.0240317582608541,-0.00203324308240305,-0.166598862012498,-0.0148496320588534,0.130043575430098,-0.147536437356777,0.157048743296796,-0.0958302719133212,-0.0710419071154898,-0.0209142631651084,-0.062305597549356,-0.0501922658235947,-0.096465214206688,-0.159640801969364,-0.0613442712773088,-0.0744235602793028,0.0566358393444762,0.0414074828119867,-0.00199490242562041,-0.253977870351982,-0.17707177900469,0.0077181313797469,0.17169124159357,0.0364996469977821,0.00139199839630207,0.12929260142885,0.159225106195306,0.0394354156398707,0.0565447000803281,0.129501726379951,0.112824287595394,-0.0686254480152637,-0.128706110926023,-0.0568643315080734,-0.143545482403332,0.121905052638788,0.0322302722080154,-0.0758446348023201,0.0889293818802487,-0.132715831051326,0.0729325507373061,-0.0819805426730962,0.0803409436285458,0.0487999228699211,0.141826124735584,-0.00755529106801505,0.0544412784609447,-0.0132381855963276,-0.0199046870344097,-0.0568369260265883,0.00752754794616379,0.151686332914659,0.0881431250395739,-0.00715843208909907,-0.0588230603574405,0.0290795533595268,-0.205454718037536,-0.0996995304535275,0.115894718922536,-0.181867890550584,0.0343930845611346,0.143856846472552,0.203261885438378,0.0227363444604983,-0.0627193679136295,0.0175215694060573,0.129029399140152,0.207066010066769,0.138783396725635,0.00168839789606058,0.0386369017541268,-0.0875749024422242,0.0131512138789049,0.0444181491859631,-0.0459540359269455,0.0444015882123391,-0.0598418041808442,0.071292669576926,0.0607603640403639,-0.0459079090915686,-0.0251859169473153,0.104754306642754,0.0895582480184944,-0.00047649210204301,0.0813218914789039,0.0810109759075208,-0.0682971628215268,-0.000354056235061806,0.0592794735499742,0.0440342667590112,-0.0168351411730072,-0.0867185016850108,0.0133554594334644,0.0600796022136358,-0.144060462618322,-0.0570799116842259,-0.163127107465357,0.10823975436302,-0.00902017607215143,0.137475714069166,0.129599499284817,-0.0459899444969279,0.136252881165149,0.086884626932394,-0.197641336305211,0.206933442085651,-0.16961233472598,-0.18204854378521,-0.00997900821954833,0.0612586662529062,0.091074009541022,0.178432994513017,0.01692570920337,-0.148217830627557,-0.131774674071694,-0.0348600701508419,-0.0165080723889585,-0.0896481608289805,-0.0758429632139352,0.0177977047575295,-0.0413997693747102,-0.0335902554704959,0.0633485277997537,0.0744483445959242,0.0165865643789693,0.140594348178188,0.0105887402931011,0.0700191956200547,-0.0140176968111385,0.15193981248204,-0.0256176373529978,0.274145303648599,-0.0521738875453983,-0.0620607996576124,0.0749421789854064,0.018150081559311,0.0531720590116126,0.0991666791716428,-0.218902870362582,0.149489885940383,0.202803781998926,-0.0753853527984425,0.0437419797944033,-0.0552233739270171,0.0324333881324734,0.0218346388720096,-0.0154397979902087,-0.0102216639159592,-0.193458619499514,0.0631458210411897,0.156869054526902,0.0925453817812354,0.0425816633367692,-0.0646257513092812,0.0689842762725741,-0.150264303503797,0.0573061339243,5.39334766012896e-05,0.123844705843758,0.11697259932359,-0.0218526687393484,0.0724843437993914,0.152033368906807,0.0213204052606145,0.125763622902341,0.0203720819439072,-0.178301554382477,-0.174940956691445,0.0339278138636868,0.0876384408263569,0.151954964964519,0.0257090997752222,0.0668126196044905,-0.00774325171907971,0.00137181252754032,-0.123464003049938,-0.103260769386582,-0.0306775672517821,0.0905139986477094,-0.170377312067454,0.0419400959212865,0.0802840984704186,-0.0231973213493887,-0.0631987272672144,-0.0556101747032688,-0.113253746428593,-0.111440340991784,-0.00913211685881687,-0.130723186071288,-0.106124558446634,0.0817384786632314,-0.11559194355332,-0.0244670762979087,-0.0122229608409839,0.0905526388495724,-0.0392573714364082,-0.0436130678860238,0.0813602099892642,-0.102057533383534,0.0176717056050563,0.128298551844777,0.181326214462925,-0.0682510035986353,0.0282145018276841,0.0129301635511608,-0.108938104659236,-0.204202817019751,-0.133334816909794,0.00134285385771367,0.016663338152398,-0.0399097243401512,-0.193656476297736,-0.0784833383960828,-0.0744105357009458,0.0428376679530877,-0.0953439233018995,-0.207811402544326,0.031171547043432,0.122596939679262,-0.1112564321255,-0.0386809544523501,0.0394105694859061,-0.0996619511418794,-0.101676210738461,-0.07884128686172,0.0528945651303913,0.0544547595221079,-0.14322001318195,-0.00646234089180174,0.0163693844340925,0.0579935252082032,0.0533074341267321,0.141501579873087,-0.0583837688379309,0.0275785748813727,-0.102816759555901,0.0035012783734076,-0.0964867697289847,0.164577609224795,0.0830489406788307,0.00657050452114455,0.0780816327500394,-0.0253935105373203,0.0334522603589079,-0.147789318087972,0.0228862832835611,-0.0122790245846422,0.135671840008021,0.0796644944123999,-0.119403266042694,0.101671739383418,0.11682943458948,0.0533228902309985,-0.0486763933392328,0.0326834961264449,-0.0541233627627935,0.114913911956945,0.171902738597496,-0.00625143512372051,0.108797273799091,0.005658707321318,0.0294200718740339,-0.118486534555398,-0.103214926921704,-0.108052780716606,0.0969129370493726,0.0788845191409257,0.152792478755147,0.234324203261171,-0.0784185547423956,-0.0307024145704431,-0.0593635885940276,-0.197912199395037,0.144876149311622,-0.0651275783663533,-0.0452664193311705,-0.112009820012315,-0.264114435205978,0.0989671723932738,0.00953893275814718,0.0592117639301953,-0.0974379654577573,0.00724152575468034,0.032643922353024,-0.017103529978008,-0.0161520650563769,-0.0917658564281038,-0.053954848768083,-0.0427135247991152,0.0232623238039324,0.0623771783881536,-0.0785587517984944,-0.1140416046324,0.0876498040281087,0.0771290518228492,-0.0480599950585042,0.0444747508818302,0.00470622958869261,0.0312461989062812,0.0254677733857885,0.103539925774735,-0.00993969071711417,-0.116718323323904,-0.0521289309666461,-0.0565481272939893,-0.20756831303572,0.0225456488333098,0.0209324540341896,0.114680144628488,0.0110454238425873,0.0788665850808828,-0.416908625758501,0.1275002951582,-0.165785544406902,-0.175929175724693,-0.0845938115436234,-0.0350518169473688,-0.0766180192862508,0.108082391571181,-0.0187661989525885,-0.106418030404424,-0.0494621041626298,-0.148149703735026,-0.0761207448299513,0.0909365157655181,-0.0357015844260553,-0.0227512557266036,-0.0559142236059237,0.000220239858753444,-0.00600967821403148,0.00467384956083788,0.216981926700321,-0.142190027840255,0.0675049298173879,-0.0500860024188625,0.152062878743471,-0.10686252296685,0.108829093823693,-0.0834254888120139,-0.108420104700938,-0.0441184211859248,-0.12567569427351,0.210998418182559,0.110129160015839,-0.195704271382215,-0.0517576932111563,-0.0951016547870719,-0.0127502392847195,-0.0891098282776139,0.0292064029624318,-0.0561921384895807,-0.00207060635103877,-0.113494696557162,-0.157807658560473,-0.04890515325382,0.179200513317965,-0.0290448882777794,0.0276962359093401,-0.0246643887108699,0.0308177360661969,-0.129079228394122,-0.142504128214433,-0.12825822795685,0.0540417972161302,0.137529754573151,-0.0535813565746434,-0.0228956171324952,0.151768742930934,0.0785154139905419,0.119611640265032,0.00861275814849883,0.00514589027299291,0.190187936308135,0.0610385636646532,0.103692743821297,-0.168214027579199,-0.0406982618973087,0.025807869344933,-0.0396682805071675,-0.0245309965997608,-0.0209306726875553,-0.00396671257675616,0.0933647624008752,0.258523031251457,0.0444549329487473,-0.0219084667675722,0.0101221195043968,-0.138383068374773,0.0559138956252033,-0.0620577067898982,-0.12796391166309,0.0364701634633027,0.0481036397351655,-0.00771796330691795,0.0643567398624953,-0.204327644712264,-0.103946648134118,0.228739710134475,-0.0970277361725291,0.0835027222613257,0.0135682195978393,0.0792941329240681,-0.00903301602926981,-0.116641548687576,0.00559891867971827,-0.0932015186124545,-0.0826666204884571,-0.0330096806784498,0.131513486689675,0.0452499213623699,0.0218430815374151,-0.0264049287395214,0.0462905596978563,0.075855982927396,0.302392624443792,0.19493446406861,0.0667516479481362,-0.0405757370850813,0.0569463218623208,-0.114419529185837,0.0728047684208897,0.199715811262267,-0.165687847389593,0.0441836097365458,0.154946266114805,-0.124773717427734,-0.0115262125068524,-0.00407699232914549,-0.0219751933024657,0.00208271181824987,-0.0855240009823702,-0.0233069749382468,-0.0132781719366975,-0.0874018402560485,-0.127008581294907,0.0132299122190912,-0.0449326903680755,-0.0678627139492258,-0.174385315129781,0.0242597491347121,-0.0442530752937904,0.148771958622903,-0.0124473854241268,0.094294675795721,0.00389695405835508,0.034160653999213,-0.0554062031511145,-0.0495048461888897,-0.260562929469659,-0.0738269336993161,0.000790088485310668,0.112282731711059,0.123027064464046,-0.0252459618328951,-0.0492336776670343,0.119531382132052,0.186825266888597,0.0241853902314539,-0.202118085366235,0.136801538048107,0.0335714269022602,-0.0937947326718552,-0.154552149994817,0.0260482881268213,-0.0042232955273608,-0.109699190735481,-0.00851793568860093,0.0597006308842592,0.116706945728954,0.100094914963281,0.111713954113832,0.114307343787766,-0.0645749326385566,-0.0740009840579309,-0.105639477400238,0.10259505037511,0.258128166857346,-0.00380777768893767,-0.0571592503461192,0.0510831000364472,0.046635446341896,-0.178401840440176,0.0765777644181336,0.0443224883786512,0.0755981903623684,0.0881481482500933,0.0974594907470254,-0.139505994770217,-0.0894115061160063,0.181904299409676,-0.0283905166424174,0.0779778586509898,0.0203501081979551,-0.00361245948110022,-0.0500477198615686,0.118373641862957,0.178826766660844,0.044241010767956,-0.0771417868430608,-0.0706693588190079,0.0263775041471155,0.0853478447057911,0.0316482587436175,0.107942644025451,0.0451567744103573,-0.0609324796938378,0.0390137748780507,-0.0302717414029974,0.0946527897919658,-0.038254843507592,0.0417286117064268,0.00812286105598907,0.00139868874812504,-0.148348052660283,-0.124558102360671,0.0498100482082598,0.0845079174065017,-0.0583957297396561,0.0346180003324189,0.116240394002851,0.110962986791743,-0.0400205291089515,-0.0870038450928305,0.197102947925769,-0.138741758857462,-0.0612529776955685,0.0523698867085474,0.0522216868321135,-0.146762903713351,0.233715070408792,-0.00615934982941688,0.053053087535522,-0.0748350473901281,0.139470390058622,0.0287864562488706,0.297221914826766,0.161656172735534,-0.0325875167798974,0.0843615613610975,-0.0655247302490663,-0.202375274281252,0.14588745132333,-0.0590379043477652,0.119322471409982,0.000979471466203648,0.0159823117690632,-0.0180566856774517,-0.0521552812544579,-0.0308848327608246,-0.134496250224349,-0.00322558473259413,-0.0791540652883192,-0.23177832277064,0.057348329501466,-0.0861067581127389,-0.101236471946814,0.00474552443271941,0.0904263583826749,0.143245814522746,-0.11643885175787,-0.0145933819796452,0.0588614166817689,-0.0595948013320011,0.12163363933406,-0.104393880794401,-0.222661669164842,-0.0179017741622197,-0.0939486065797003,0.0318523663858885,0.0547127021168956,-0.00651023702283609,0.0965928881419842,0.16102798842827,-0.0534369815256841,-0.0006261949193802,-0.109540638588835,0.106307824689558,0.0721316363306521,0.138494276038709,-0.0693261226801857,-0.143154949932334,0.00162949166202149,0.0438736310744817,0.0809542903804248,0.126581970555778,0.0305997432984244,0.0358049390672643,-0.0831490504150662,-0.0727435679926748,0.0147834301673861,0.04282399310561,-0.10297633491685,0.0685558777932887,0.0773722764870663,-0.0162026478547046,-0.0951730353253121,-0.0821076528236804,-0.0520004945222153,0.196328932930759,0.212819462912438,-0.0622861600542754,-0.0534827082409212,0.0309023794947816,0.0835289088061039,0.00263127389368264,-0.0407757898464914,-0.00911598418700241,-0.129310383679088,0.0235272637119449,-0.0237436899952211,0.0286705381830029,-0.123649159993967,0.0650320533018383,0.157344893849949,-0.0265413581930173,0.0818162884201309,-0.175178555523404,0.0853403288502758,-0.0994909195588235,-0.0229879056098623,-0.00378420279259512,0.0891077585804206,0.0423031176937643,0.00890710188904541,-0.14354641899152,-0.231054184597487,0.0350999270960843,-0.199598931410979,-0.14306972243106,0.104871225178574,0.0671582183709723,0.0965721424078845,0.192899576476266,0.0530009489901698,-0.0541840542099855,-0.0518691135546675,0.00966176677440513,0.0569078088388408,0.214673292781951,0.0993816958406854,0.105366184123993,-0.00678376436982045,-0.0173302585979247,-0.034948813528048,-0.0573979490573997,-0.0251102945273738,-0.0157871933089286,0.027983109228822,0.0119073898939762,-0.181460474719103,0.0889766291221713,-0.117358901380266,0.0648089247929993,0.0894142759837491,-0.0303090901454315,0.0286286246996549,-0.0649289547336774,0.0991883330699379,-0.0610268936017521,-0.0165309743430205,0.12423019994589,0.1234193798336,-0.149342704094915,-0.101544909088504,-0.00672289989563997,0.100198754416858,0.122483290512409,-0.0804394687024646,-0.049576044570636,-0.0965442431033001,0.00969018151304865,0.0548082053627741,0.16395289874525,0.0256984663226048,0.0150252586522861,-0.0195389920265409,0.0361915445662613,-0.199097034792094,-0.0935704638782546,0.013418024854347,-0.0346028540942758,-0.0632335479868685,0.00852052418110992,0.0452056294775464,-0.0403440661975024,0.0204921679508736,-0.00769960843783205,-0.107265480680266,-0.0735386774382218,-0.00442190315626983,-0.0912270074750358,-0.00785645715636502,0.0895829222322353,-0.187830209268003,0.0727941874196515,0.159317267864841,-0.0160639236309956,0.220151434792912,0.0530450058302337,-0.0722769431429875,-0.0243140883842348,0.0461613156762832,-0.00827080708476261,-0.000354567839573055,0.132213333382346,0.0258547893712102,-0.0831977136384066,-0.139026814732109,-0.190066070217814,-0.0258069115531001,-0.0430050620772808,-0.0431372904608632,-0.0227730136032626,0.203744665071872,0.014919475142388,0.0198597649772498,0.123079831769646,0.0408900985922676,-0.194870842249607,0.181096104986234,-0.123715346972397,0.114839985472553,0.140437407953996,0.00436805260342706,0.0968741025416411,0.073346723335111,0.116509714315514,-0.183655969604425,-0.147066204102108,0.0563850248569408,0.209115967552008,-0.0735965853923396,-0.0179315362173344,0.0659908058024769
0.0461429993361238,0.0660193146786054,0.243374057828097,-0.0864658300680986,0.0869164054647634,-0.0476571054171681,0.119793511222324,0.076637940690465,-0.0185959133561467,0.165102266888923,-0.0614436014103263,0.0837749897055399,-0.174050211164543,-0.168628937763386,-0.02877888430109,-0.0304530195963168,0.157595238951054,-0.163868194389448,-0.324022920143329,-0.0426418861861603,-0.100334015105148,-0.208908565122256,0.107404202465928,-0.0188441620619172,-0.101452359077073,-0.022462526728443,-0.0388543130124022,-0.0122295513595991,0.00300614884556621,-0.0480325046283935,-0.0540187000693962,0.12859549708779,0.143845543498269,0.115244305790557,-0.0151446925141626,-0.206826165735004,-0.0733453766598461,-0.239724304074612,0.0767383483134102,-0.0641916372459591,0.00481747898168082,0.0294285355951153,-0.0133408628187881,-0.0257077189402611,-0.128566864103714,-0.0358974631533712,0.043631015643088,-0.00751894441881971,0.00215733968471737,-0.0131537531748097,0.0547836843401518,0.0156549950871163,0.0597673649589787,-0.147848776178619,0.051898039942095,0.0485509350570982,-0.136683068277037,0.110006151275373,-0.0267073143445765,-0.0363689518247029,0.0506864192352086,0.022982889878987,0.117711359293235,-0.0910999944508103,0.0997465763580967,-0.0674912299310704,-0.0449477455037657,0.163844945711541,-0.0879913050703462,0.0613384862758497,0.0705888501475569,0.0895527189755482,-0.026237793753906,-0.106866090615774,-0.0616155224937631,0.0173152109172687,0.0787304315889276,-0.0663635176709133,0.0872574369204429,0.00289499875804508,-0.128088294320949,-0.202313304452935,0.071720117529153,-0.0364038598641916,-0.0546785771063633,-0.156117906300671,0.0599798821381151,0.0528408192347217,-0.0237697115058043,-0.0841355405010125,0.235734279962856,-0.143899743764222,0.158374847062127,0.131799876396708,0.00268596748649167,0.181854553252191,0.0741687311269061,-0.0115549931199181,0.0272236642925642,0.0699452709318097,0.141174623192946,-0.0307886308155471,0.0992584219242173,0.0280127891919,-0.254658235730673,-0.0640269889205538,-0.107938930730091,-0.108646358711871,0.0772685448575305,-0.129046100652406,-0.0399881278227645,-0.00225334390562646,-0.154129546538748,0.0975535462635233,0.099122930943022,0.168209662227806,0.0453797359128974,-0.0433226612382565,-0.0408573941289042,0.190942896994853,0.0640512335757117,-0.0081354886110973,-0.0230521331353128,0.0344027702280473,0.134649234010536,0.0384462252656195,-0.21953357861664,-0.0752679507741313,-0.0471868663784296,0.0909199362812409,-0.139887308246016,-0.023000546730151,0.103833143117131,0.258933985798087,0.135847587779346,-0.0926582882870861,0.0637630555242909,-0.164258257643607,0.0418205825342954,-0.0114116476167972,-0.00776859537897683,-0.0890749091413476,-0.217267027415638,0.0977275631661714,-0.0497808429477303,0.015336356463111,-0.0136714411768675,-0.0588219551182258,-0.142433882614343,0.00390447691307065,-0.000858623269449865,0.0732744679733839,-0.142560709766464,-0.0402450650842563,0.136152787600947,0.135517672175286,0.0472259199238044,-0.0655074705513315,-0.167662186916737,-0.0927252708368767,0.125897164701209,-0.162820083531186,-0.11949090272876,-0.182912106236349,-0.0490607639800244,0.174779208324217,-0.00458178489418185,-0.123817981450568,0.135210011355562,-0.0142637652281864,0.0924617551483499,-0.0318270010531193,-0.235709333036123,0.105717797419936,-0.0608917696148139,-0.0403982589043697,0.155846987343229,-0.050922133549095,-0.0488573934737692,0.0848162834599867,-0.156135697163923,0.172704473502526,0.0158870290376295,0.116837509207501,0.15615949689909,0.0637100145071796,0.0883723916574756,0.0354524544018743,-0.0775467783583023,0.0771957486832631,0.0395047078385008,-0.0381040842100532,0.0500148606134095,0.173489894995715,0.178555597519469,-0.0680987328169664,0.0276783783300006,0.0630286796500636,-0.0787063246357643,-0.245231921817118,0.016758464301849,0.0299729524516337,0.12157388854208,0.0421958917659514,0.1549773782573,0.131890624512967,-0.0704563382728665,0.0888421735208358,0.0100807290308558,-0.14376587793815,-0.166216473150087,-0.0631764064073452,-0.212066525340179,-0.021332062113254,-0.294665519937935,-0.0866196490217386,-0.0197063055413032,-0.152368069825828,0.0309910808325267,0.183897264314657,-0.119562829732879,0.0403885913016711,0.0701017229188297,-0.0414473575247487,-0.104500972952247,0.0742984730802681,-0.0328014345790366,0.0683913693182842,-0.0515095520927616,-0.0399179776773214,0.0868840223121932,0.0713699201126955,0.113232784680151,0.100974414085788,0.0277282594294403,0.0166130708210704,0.108174194472583,-0.0354428935273004,0.0921309588554792,-0.190747038767462,-0.225606690220344,-0.0303094637236306,-0.0702587109332473,0.0891402209391971,0.0354682004969877,0.175303333672344,0.0850826831442449,0.0449277658370014,0.096138301228468,-0.245268672476179,-0.0985518275025167,-0.0465003307256417,-0.00724717108341008,0.121730591759573,0.13609036288676,0.0230355856731993,-0.0580522322357082,-0.117777061360691,0.113183592855692,-0.0429570611605763,0.0412642773068916,0.0698940621798942,-0.0709224587304067,0.0643897943550621,0.0786530592724102,0.0190410603525708,-0.0806200174217278,-0.145867705247267,-0.00439947905912965,-0.00624834783606774,-0.303568663007981,-0.19754574333479,0.198732941360611,-0.0091181664266155,0.11110303540381,-0.0128400916787219,0.0171176019856285,0.0205676134333143,0.0331182341709386,0.200640226454208,-0.0311608555921505,-0.0378317533230093,0.0237148602501479,-0.0499664488946548,0.0315099615218612,0.0309904546256351,-0.000782334975818769,0.067974009880968,0.0128909795597629,-0.0550695886918056,-0.103816616180245,-0.00767971163620392,0.138553907148094,-0.000606299632634727,0.134703479547282,-0.123247514245566,0.100978900964842,-0.0743402373469866,0.143827406803436,-0.0174523647073936,-0.00420574098021847,-0.025988583143095,-0.0945520138782888,-0.080911726090174,-0.0240242021050069,-0.0299169509237014,-0.0658636877159272,-0.0470004793701605,0.0607991726066417,0.233089929633019,-0.0555717211069271,0.0676610864106941,0.167718928031824,0.117576712023948,-0.0103108829341092,-0.0574786409397915,0.0264461129796853,-0.0663367069215574,-0.0860730935427651,0.121864668641357,-0.0328687106180336,0.0307561228675018,-0.011006406929353,0.204295473334843,0.026218339565768,-0.0699069473141729,0.100233747746389,-0.165097536869541,0.0620268499919359,-0.00572318477284072,-0.0854797862601535,0.0685012588935462,-0.238259803764857,0.0718714244512334,-0.0136306902440837,0.0347054084734471,0.00214596834492421,0.0923657393706581,-0.0479865716170095,-0.211666547114551,0.149275996263168,0.000642753520271018,-0.096343869960061,-0.178826664404774,0.000743680714137277,-0.05053031777389,0.0150016843479964,-0.197055066107036,0.104924144644234,-0.00431002342087142,-0.0881016820231483,-0.180300078250152,0.0212381696751788,-0.0382887670836837,0.162778174041019,-0.0189234469533382,0.116126915109199,-0.156018934952832,0.0355422242005079,0.0315071012181402,0.0443434318758118,0.105733340289868,-0.0359247246701526,-0.182317100906693,0.0922511122924466,0.0187282087768997,-0.129899194625464,-0.0214146364574945,0.109306068569449,-0.199333225774837,-0.0924528060736393,-0.0225463227091572,-0.04018335353741,0.099836792239631,0.0763277251426849,-0.216250166017669,0.0610871202005001,0.182632114411858,-0.0102202088654842,0.111708043671786,0.0331574267936723,0.157217213202079,-0.114934914513835,0.000914266497461957,-0.0124455425908746,-0.235222700481926,0.0426054105985595,-0.176405293491908,-0.0887137238061806,-0.114480424567079,-0.110032614047679,0.0492799444127345,-0.0504744444937065,-0.0294117725337692,-0.0471286560572463,-0.0285006185705806,-0.000987307593866733,0.0246066809072804,0.210024722298352,0.120410124225515,-0.227158874565086,0.0704659872445899,0.0237346988684809,-0.120221395015928,0.0570324141120351,0.0211479925966452,0.0403897390751587,-0.117032681600977,0.0469535321490541,-0.119609974005143,-0.190934359048359,0.0500763362513591,0.0176093287117656,-0.0418586524520537,0.109177770687602,0.0522042856222483,0.0849161202095723,-0.0236131189721256,0.00288318577466034,0.131984147701116,0.137520719348306,0.094355700475389,-0.21270703370918,0.0592394657680251,0.260314346087974,-0.0701177877999861,0.140106205325963,0.0324910921297204,-0.0447934540517114,-0.015737580756817,-0.031089928671932,0.0344491868475415,-0.0291743804336093,0.103316734430548,-0.00531160608022094,0.158991084329407,0.0816599941794,0.0456821086294012,0.0614623899113238,-0.0941615104412906,-0.00111485137281088,-0.0636116602664833,0.150019045081708,0.0171214008700668,0.195703870969754,0.0841904264828747,0.234479186319493,0.148441171362656,-0.00704959375664167,0.0652003620016514,-0.169385478147744,-0.0116757020009405,-0.0937934402668416,-0.183779299286375,0.0112682455751509,0.0741988239837698,-0.0251826290071729,0.108868607843971,-0.0130135685286776,-0.112205274634091,0.0862821860679617,-0.0573216897587498,0.0483906612653185,0.0575779315914173,0.259943089033765,0.244051035204899,0.0391861446768373,-0.223281161267099,0.0548925819143507,-0.0984222819465659,0.204340982613473,-0.165916780460389,0.0911044652126777,0.00804379922433051,-0.0357732427859019,0.0567006552410947,0.0286492635103402,-0.126401671399167,0.0280720099169097,-0.102582784691706,-0.0130968426734838,-0.0425130790510838,0.0582523233474676,-0.040458385497328,-0.113807992756653,-0.031365404411223,0.127330499128318,-0.0735191498540674,0.07128958962431,-0.0699063306801117,0.183893225401353,-0.0963271384374246,0.00267741247833372,0.136124821415455,0.104244164537706,0.142090696298741,-0.0127980741050084,0.0747603830593978,0.0572438709815835,-0.025212284449344,-0.0475982511347357,0.11575847067045,0.0918586167953061,0.0267664125467368,-0.00445385700452668,0.0191838202952372,-0.0456154157132964,-0.103264848688835,0.0676352488103604,-0.00370682662999213,-0.116018172865706,-0.0195672107667209,-0.10753515865375,-0.0485386714016886,-0.0433840934984414,-0.0497652018912211,-0.11732385446941,0.0563671258770553,-0.0449374693819638,-0.169425327830239,-0.0517842617621919,0.0794818144056441,-0.0724726336367701,-0.235641211477435,-0.119110644026503,0.294728815877007,0.0445739136653179,0.0366297846343877,-0.0984192146856449,-0.0577477946169391,-0.0139250585361711,-0.151185945114344,0.0694203965143016,-0.110285165194679,0.0583084576416533,0.122627615384968,0.100930416090415,0.0497489470534375,0.00640013847720629,0.118189636548306,-0.0943959942257915,-0.124497527563911,0.00358871438029109,0.0230400846893717,0.170733679627592,-0.0207737316635205,-0.091611398804903,-0.0420574042621664,-0.105903209944756,-0.0256146561680911,-0.00688237588935043,-0.207856273957715,-0.00934077941522822,0.011654233579702,-0.174359689178098,-0.11845927724506,-0.149807260605438,0.192182200484136,0.0424507014467478,0.0768386267389449,0.107183633082362,-0.0777210135397269,-0.0431676854903765,-0.086989034521988,-0.0120851217806109,0.13277773263172,-0.0681940722989021,0.0231356078035807,-0.00589637445643498,-0.0843632932038857,0.0246691717536415,-0.154256037186774,0.0736763528609899,-0.0387151101034458,0.0062307376756406,0.0816380200853669,0.0404056650632828,-0.0865872112703055,-0.0608615408262871,-0.1144761907053,-0.0417668037277564,-0.0405128653997932,-0.00723190745582193,-0.124353527061739,0.0902753929157075,-0.218913536520608,0.075514086012884,0.0109424945595954,-0.25547101259447,0.158140440409673,-0.0609495548859558,-0.0456013192311994,-0.0640156977240968,0.177588133345284,-0.0377055367704631,-0.0963706784220618,-0.0854887603858373,0.0473203621231856,-0.104473748682245,-0.0530184289780237,-0.0474654751175922,0.155763800885076,0.0666571624487651,-0.0588157228469031,-0.0119996120448237,-0.0319949030851044,0.102795243600778,0.0209949155418507,0.08024937915358,-0.0212383146299231,-0.094996170074682,0.068224388254257,-0.0383481832400757,-0.000494074592065749,-0.0239001820856162,-0.0535364962368418,0.118053620223575,0.29282471656499,-0.0751959786222383,0.117163550637392,-0.0118000735137578,-0.150833801291053,-0.0230203233270663,-0.0138506514188811,-0.168393564913026,-0.106643415167052,0.0684581224312172,-0.206312414669949,0.000282187409253797,0.0518705380369912,0.0606561017814834,0.106431541318964,0.0588188535510726,-0.181527855491117,0.294613076129401,-0.0752361355774224,0.139102600630643,0.145322133092883,0.0570439691207506,-0.136293271502617,-0.00891857780995275,0.0185406899479166,-0.120844892606441,-0.0953430676893577,-0.0510913496856433,0.0523900395588604,-0.108003599788116,-0.00610088878436768,-0.0446619394708947,-0.207168893068641,-0.016276473901852,0.153343560511384,0.134213264630994,0.057565553175077,-0.0161573874992085,0.177533458272426,-0.171045306480161,0.104993649662559,-0.0696726046244055,0.0626658822981867,-0.0702070863450264,-0.0570689928273388,0.181814259013649,0.133584709493188,-0.122572055744879,0.136644614843129,-0.155884361988207,-0.0605601741117018,0.051212894209554,0.102469573370537,0.116033982451479,0.137823551493461,0.089172515029408,0.125183009552786,0.0350715355353425,-0.0869581643802835,-0.00703819010298505,-0.0452527775548873,0.079316208235213,0.00667048538498003,0.128669627950956,0.142741852495201,0.0471702737509773,0.0693372829813905,-0.0542066230489945,-0.0321893049151816,0.0913285857928498,0.139296952689656,0.0213821214399334,-0.149086623100509,-0.0369250994470568,0.130488917845378,-0.0872816955254103,0.127867700124466,0.0318510386817637,0.036627601876017,0.137288084305316,-0.208537863676024,0.231056326589611,-0.0619405663926914,-0.0281556238821035,-0.168303991193409,-0.0143545245913518,-0.0460990046128136,-0.13211470969205,0.018509126619474,0.00103064215791179,0.0449539669266408,-0.142272319175868,-0.11717980323008,-0.0818721079584442,0.0137885702796645,-0.164128339148956,-0.0437653490871434,-0.0741665714092187,0.0343822033759728,-0.0314650881500471,-0.175945518394125,0.225281897368586,-0.0583501522938038,-0.209999379881607,-0.238692755647795,-0.00835265798352494,-0.182226544528638,-0.0551477454390044,-0.0165932610429633,8.00482830665911e-05,-0.114815913723165,-0.0612628429620324,0.0179889875491323,-0.0941671887700517,0.00710110135342732,0.00286990789626728,-0.0415169368622837,-0.0448327939870861,0.00685933738304939,0.0323337127231478,-0.0471699616252466,0.0953595261329197,0.123915373440544,-0.0267852872739587,-0.0201416701126372,0.138996513620104,0.066555846021865,0.0531148887776074,0.168978170812824,0.0641100349006758,-0.0235191986139851,-0.0385679966002867,0.142227500987934,-0.0646909501834786,0.0436972309174922,0.0835234016328628,0.0763054710680282,0.216862970048029,0.0400555555058445,0.142055950657624,0.293753756195259,0.133563297287441,0.223957293394023,-0.0931025968198048,-0.185385301976749,-0.231162724689044,0.0500410987561214,-0.00159742402462146,0.213295351245095,0.035926599273475,-0.0332296377459311
0.0777616900034402,0.245370821331035,0.0238911235636666,0.00134234819728279,0.0165499587545402,0.0369596958283888,0.158453385988041,0.000282286593067733,-0.238556400248322,0.0318945665891472,-0.231280967065017,0.156576899880754,-0.100933104461204,-0.0679590350040631,0.0430811530187767,-0.145884709909344,-0.14055072163895,-0.0802764049895402,-0.0978715711002607,0.055357908268867,0.144203243463854,-0.313111610126655,-0.0916800889969629,-0.0818029038098257,-0.146802882757181,0.0512078587758465,-0.00640463808860509,-0.246806516295555,-0.171737693734822,0.0700191661836146,-0.151791043479523,0.251118516888453,0.193432395331569,-0.168413481147583,-0.15408920448849,-0.0861551199700203,-0.233491935503156,-0.359043505154776,0.0296805522274455,-0.137379486208649,-0.0713976572293609,-0.148800778365791,0.0556458476285277,-0.0199949498219006,-0.207400438171693,0.0155064231237495,-0.172068393633405,-0.217491638274362,-0.0454547795159479,0.133267961837452,-0.108143508411884,0.0677147905549894,-0.0202865443272897,0.0744757605377984,-0.203754192715992,-0.29609664457378,-0.00915881048054615,-0.202826487318439,0.0218051490217006,0.0283564030652778,-0.232016385378282,0.0418582557312341,-0.193415452618775,-0.114896696232789,-0.0269943581916423,-0.0360099289693893,0.0511166502890713,0.0496994043267936,-0.24215896716091,-0.0611210618142781,0.0287272071836556,0.0781586156692002,-0.177425783442917,-0.0780001720890403,0.188933625273408,-0.0938186628042822,-0.00265681595570937,0.0369803971606392,0.0284768336400235,-0.0631620449607369,0.0815117281386601,-0.228048614604773,0.0087389356565004,-0.135673055328932,0.00826661498211992,0.0241913751236243,-0.0245909647813901,0.190922648179994,-0.227655030900713,-0.102290454890882,-0.288093670245269,0.0675599699451931,-0.0765653851377171,0.231323031745305,0.223104316257395,0.301787710221809,-0.170509243545421,0.296402279813455,0.109403196501547,-0.205640636960288,0.0365381551453142,-0.174519350438796,0.279833407850182,0.0720771751372301,0.0393603953904376,-0.127666847233407,-0.344287630031006,-0.0938949416571745,-0.0237925780317595,-0.0719128782067116,-0.172319595214159,0.381908398590113,0.0105112101031834,-0.0456385752782345,0.0922820641695903,0.0849634611750663,0.124288896405169,-0.0743678263897085,0.116006190744184,0.150496207052737,0.212438456517516,-0.0211121758518124,0.0755192633865456,-0.129391149809471,-0.0960531377428969,0.118315779327596,-0.0211427086177815,-0.0688369237006664,-0.114732241672695,-0.110055620475856,-0.104290487908904,-0.0432430017175009,-0.0744831793913615,0.0319888807085994,0.175506456144554,-0.0475772845305007,0.0905337544085562,0.0113621989131314,-0.117035480062957,-0.0544543680343223,-0.117571419511533,-0.13129969252947,-0.0930050049481782,0.0480572182321899,0.065078497185196,-0.0831190867129882,-0.0131407186339095,-0.162879855890297,-0.0164195832412434,0.096695946703483,0.0166293603515455,-0.165171816777107,-0.0760184729087022,0.0631814530828749,-0.207428345751135,0.162045805705809,-0.0072793709526642,0.1015718757009,0.0531655046852431,-0.164260776719985,0.0338927905534986,0.125831498342865,-0.256987313294832,0.0397428646771327,0.177554074574339,-0.0309814373351185,-0.0245697513415025,-0.049446552220941,0.0753575013851248,0.0347119001703233,0.0703120686361342,0.222130441969038,0.140360102396889,0.105995474903253,0.163282691559029,0.0788112603952737,0.143953751930445,-0.129826981641565,0.0125363901470907,-0.0514035487045096,0.0983196681202254,-0.19231466278591,0.0519608433863349,-0.127940515556739,-0.00914216162271049,-0.110665946136952,-0.128898178985821,-0.0616367401672346,0.324333217309705,-0.0122654553466713,0.0568505319278072,0.163477353048518,0.00506245817033085,0.147436165701692,0.185847540701723,0.173072162059884,-0.147516730692128,-0.0323181506853386,0.137776232041415,-0.0356603931886652,-0.0828244174637005,0.0390242781748385,-0.022125055543376,-0.0681503130839067,0.141648074258392,0.0613061708796077,0.0561961679753588,0.128702977227265,0.00708363502476827,0.17565537472886,0.0336015685152137,-0.141962947349705,-0.249789316318495,0.0344283742546887,-0.053571100929771,-0.188921021909427,-0.047525649380678,-0.00735713866626007,0.196277755640395,-0.0653730787430745,-0.0668425308953588,-0.0874273520051632,0.125603385327306,-0.282421857185081,0.029372498068774,0.0486399987504882,0.0614656859678997,-0.0179162575574201,-0.150748360664853,-0.133613423999845,0.145456071988176,-0.0566141804254006,-0.143182735541115,0.154813587107572,-0.054623419122708,-0.0262966223828599,-0.00942414140233211,-0.240705933681993,-0.125719658467744,-0.171125645146058,-0.338462564165834,-0.0421094620472019,-0.00114028635814836,0.208818688189549,0.133581705155623,-0.0974421444620443,0.194695311837491,0.0161140050208436,0.0448933574824514,-0.0293708355794332,-0.200358934765557,0.214364040818567,-0.0698933011952653,-0.120097918426349,-0.231937799398433,-0.149010422733381,0.0106188071302967,-0.299082350651198,-0.251048116782796,-0.199250294179165,0.0569091663376154,-0.256006258858292,0.261945875305208,0.130349398445384,-0.113297401878395,0.138289621990267,-0.0795199895161259,-0.099291565349371,0.0540590599036689,0.0885001581640012,-0.403366491759951,-0.210964766858634,-0.206191800642356,-0.0187791643451015,-0.0769794238777349,-0.0838307201894529,0.0710359280047635,0.0255748536197018,0.106041614685902,0.123249479168094,0.139397745966855,0.0571606568682297,-0.0312289626127157,-0.0113363888139218,-0.216770605304346,0.236658788202803,0.110703489853015,0.0038374555155609,-0.110466718555836,-0.030998917781933,-0.241149555763514,0.224773049540047,0.217404611962494,0.192913313170515,0.190806958843626,0.0688543062013092,-0.00265764761251043,-0.0406982855546566,0.0519966788675735,-0.0383184826087873,-0.0595090189176133,0.0587484595410632,0.0938523040929414,-0.129262111244725,0.0896706026704012,-0.154605607462627,-0.161277996158311,-0.131410502406255,0.037797877817838,-0.123596550659755,0.0104248196441984,-0.0567658093438814,-0.0175914893826359,0.00967790570172802,0.11452001279748,0.0709581213668524,0.102766602097552,0.0639162676215074,0.0855561699425315,-0.0464933151849495,0.232576863485381,-0.171729619261332,0.100796656093614,0.347911047054711,0.1112194443306,0.0868891690395696,0.0121461484303041,0.0583156053288273,0.132445880445614,-0.0378740615080319,-0.0288726982022674,0.0642498735163692,0.127931385022198,-0.0825255015789613,-0.0220243707637023,-0.124477901428013,-0.0482786244575957,-0.0441744627556972,-0.0597405750671713,0.0914543145316768,0.0356063587333171,-0.043256335849958,-0.0646917180582647,-0.0797050217142095,0.0401411653539113,0.0169351448834725,0.189027205850186,-0.08509204324875,-0.131292127624402,-0.1046568904277,0.0410511877155249,0.00552153128883973,0.122133319205681,0.0545459167693049,0.0653505948570636,0.159314514272069,0.190719817192823,-0.17278264279749,-0.00294762416843967,0.0201484941305164,-0.0809026219611002,0.151118913762863,-0.0158634131505424,-0.0814099375949707,0.113511214229118,-0.112390953456188,-0.283269338452772,-0.0653068691184407,-0.167033091908865,0.12369560624856,-0.121667080107078,-0.140414102806089,-0.107473907614881,-0.131111196191526,0.0955861477391535,0.0552859234558748,-0.199102262989053,-0.0796602587547423,0.113232141687884,0.0235557642865907,0.00998342585356887,-0.0438358991142898,-0.0435587208999168,-0.297234748537609,-0.199972729077193,-0.168868615049769,-0.00742514946784916,-0.0544990056609431,0.0560346806691358,0.0088988337674779,0.0347209040063977,-0.250806419502419,-0.0508423876679511,-0.347741513414417,-0.0860431550625802,-0.271050020513959,0.0303212909762748,-0.0246701686985148,0.0696896670076835,0.104422607852224,-0.0588403046344429,0.141723867967868,0.130358890205009,-0.231618966813828,-0.128445388339268,-0.147851906237997,-0.0232282299992326,0.144138005845964,-0.0308736163557999,0.0431372344340961,-0.105754581383193,-0.130716117778333,-0.0546065958293951,-0.213342600253531,-0.0390622528154067,0.0986955144852429,-0.0525599216174503,0.0378227465026359,-0.155151291848015,0.0800162231130631,0.0519009395884143,0.0782346211980591,0.278266983842823,-0.191887849408281,0.0353220140570374,0.150544037493277,0.182475057216697,0.159888517948296,0.173404027924163,0.119283568513825,0.24387575540241,0.123902093297692,0.0240548250243809,0.00289438022754065,-0.151255879359789,0.0615328189708,-0.0342084345389883,0.123445095076491,0.0527932183623177,-0.294209153185267,0.153692311491806,0.0879389257049808,-0.238678103309843,-0.0176830178164661,0.128176111857386,0.0207989095312698,0.0929715668919295,-0.0141008651191762,-0.00793392098649694,-0.0822656849124149,-0.123191420900734,-0.236053662381287,-0.00304831966707428,0.131314746197322,0.0387883366275531,0.0294428648427483,0.0229278066268992,0.0106991214408691,0.0355229526241791,-0.217878361674026,0.081398953122779,-0.0176594413214946,-0.193965611392484,-0.199258738125909,-0.125124660694947,0.191193174144354,-0.0187786927006126,0.190780715684493,-0.00671944225809665,-0.0718937162614428,-0.0465938311092009,0.0149988104119489,-0.0132848708388805,0.164511342646193,-0.0756428812735014,0.0918298726554552,0.186062851131029,0.141638136574203,-0.0529984324135056,0.20217659404313,0.0883257345490539,0.0177164839140956,0.163560529617461,-0.0704886044637315,-0.0822117158882097,-0.257483079133721,0.337954321198744,-0.0885872870531606,0.115134104185853,0.206241965883383,-0.0455140492136819,0.213983332079901,-0.00451829237170853,0.172006239933064,-0.00195422041354808,0.0871564072790578,0.00664061873552776,0.108237547517613,-0.134694560428061,0.0132265110472012,0.0257821353978295,0.156741038552457,0.0258249128071324,-0.0417023110447221,0.113372213381747,0.230439318476277,-0.0488522860740507,0.224616669613409,0.0290943009380078,-0.158797863154327,-0.0530221739725076,0.141574312232859,-0.255716953804138,-0.0154576607209758,-0.0791209439403632,0.0235049124029281,-0.0073242911264084,-0.138053975016188,-0.00331439491633934,0.0519922152328577,-0.0233592553024659,-0.0613604593209368,0.012647847139253,0.00567994504793538,-0.0781010278213415,-0.0361419986156353,0.129757513683166,-0.113040627573026,0.0498516509962133,-0.105052879730615,0.0302553806508383,0.140991667598862,0.182838653370733,0.0818040156761753,-0.0979667381731959,-0.0341612949080129,0.152883961549321,-0.019455073526911,0.113857560923092,0.0342219286477509,-0.0337252784771085,-0.118977289358721,-0.0776202926026366,0.129303139802411,-0.0973129922284979,-0.0332396173205101,-0.231248350881574,-0.222239482418593,0.0830800192142989,-0.102397398405977,-0.116900938055925,-0.212135674270407,-0.218079852294385,-0.106861413302624,-0.00178595780016508,-0.168498062824617,-0.129866032121485,0.195799839303589,0.095018894252031,-0.0358798965290815,0.000107167564442963,0.0680385416853765,-0.0212439310157102,-0.279587259352063,-0.192179004191311,-0.0173427293507775,0.04116271742007,-0.145390136994654,-0.0912324201511299,-0.163033445182692,0.192737798217603,-0.00937261678288437,0.0604652884404699,-0.168094389852524,-0.0578642786846694,0.111248157660499,0.193058941050473,-0.0439102772835505,-0.0209758914242006,-0.0340799084732883,-0.00932021102540224,0.0186548923797445,-0.0653756893285455,-0.0388596455180761,-0.16953285644336,-0.174163955471062,-0.0570328361810514,0.0335663227741694,-0.0149010913217818,0.193489241041132,0.0278529982374881,0.089597545102951,0.0533331614579783,-0.120617838532379,0.0249688755896672,-0.0804953641472614,-0.0117625997843192,-0.202392392453782,-0.148252103442807,-0.1006095533289,0.0574312452976257,0.0762008267354038,0.0578089423281783,0.269432999670663,0.0628268551207057,0.133230598024289,0.213333141993008,0.0154977675532728,0.0436819193029943,-0.00482194979922665,-0.0978714366233639,-0.0910027026409561,0.13563228241932,-0.0748394550054652,-0.123471903182914,-0.192628646720116,0.104412021102773,0.0598540769472194,-0.0869051347634441,0.0634955314275558,0.159431647659291,0.0376201477120853,0.0898108845073401,0.0689926327147558,0.16604549639632,0.23591738193359,0.129218391895792,-0.0943102488889829,-0.158648334337592,-0.142330791902038,0.143615319259459,0.225961266131719,0.208511323358164,0.0828679403099401,-0.103575084860803,-0.00255424360346534,0.0649254722208926,0.123619419954586,0.00132702974956247,-0.282226734807426,-0.045204658858398,-0.0018219951644073,0.0889406024264384,-0.0337164063478687,-0.0730198469270261,-0.00476263283271692,0.0719456665593166,0.0665063644905848,0.0322798863722184,-0.107441123119994,-0.023953299425935,0.000403010533586835,0.164518343100332,0.0887348329857161,-0.171296135865655,0.125716131353347,0.187952035183883,0.0477236863842333,-0.0476181540571957,-0.115306875512331,0.151158802114877,-0.157079819243178,-0.114253218431334,0.0666106528922827,0.0307848171857791,0.0925180944017449,-0.072047364463461,-0.068022373491117,0.0439604849205085,0.131067861150465,0.133748419174765,-0.0514644761824954,0.0373174860433849,0.296819229085445,-0.0434176199604292,-0.0109788670123348,-0.141241859766053,-0.0404872152095326,-0.0232026982044582,0.185727712102874,0.00676255375718579,0.199424945094242,0.230483027190327,-0.137686422815734,0.0471346278564983,0.0140924320996709,-0.0630198610115051,-0.0422330137504178,-0.0351707360724007,0.107847883525707,0.0394915163513284,-0.0565203318954559,-0.0436525143557128,0.104922277092573,0.160667131409819,-0.139284223115277,0.0373235004304469,0.117995412933702,-0.00715592671542706,-0.126455533937813,0.0162920875204199,-0.128526978821515,-0.0622200779010745,0.0914631071559592,-0.0690179249703758,-0.00955511701515485,0.0924566537368275,0.0107578844529479,-0.0910151471434686,-0.127026780907029,-0.180801993668495,0.00699037563779546,0.214139162862079,0.156847202282122,-0.280553242990923,0.0649681737555597,0.00650361197979278,0.148669583020489,-0.0086234309062742,0.0654235506855873,-0.16424518793973,-0.071391300430404,-0.192699537274132,0.065863720334694,0.00471563722096432,-0.00265130581306758,0.122845456271619,-0.0278652088004367,-0.311509260212405,-0.0944849391758044,-0.0479169686807292,-0.313731727109506,-0.0929916668723777,0.108911201864917,0.206187459042245,0.0717634475285515,-0.066039387835929,0.142563069743159,0.143168914173554,0.144165602988187,-0.130674238270196,-0.0924058527963603,0.330357738896188,0.155660833383376,0.186228770830268,0.059885513511481,-0.053229052816533,-0.0966679481953298,-0.0908697995410244,-0.135452011247835,0.158038026704921,0.0564714798585207,-0.127992040238685,0.0357700448228802,0.101986397559841,0.132770393105695,0.187731531852142,0.163589498899687,0.147372669358798,0.0988956619201878,-0.0756175937804614,-0.0492882109462147,-0.119459581181502,0.111065964265454,0.0221210561979327,-0.0272959439938143,0.0536048770893854,-0.0600699146903909
-0.451579694373585,-0.32815635227132,-0.449522957160828,0.370480372446113,-0.502753445811631,0.0898732971021583,-0.37747940845951,-0.0723699277905524,0.32820077687348,-0.234788568382022,-0.290922809674518,-0.263774400691222,0.274272764024534,0.190042569189802,0.699769906193102,0.341640184945938,-0.457975563930852,0.0152210550542364,0.715462694796419,0.159992139045532,-0.279590573199554,-0.0408299460435028,0.211109486270258,0.204137633304184,0.490486052139504,0.600469841105207,0.365108504679806,0.155719474317409,1.28067036356421,0.656797525890931,0.586157065628602,-0.758983534780646,-0.586804154731663,0.00903956704146367,-0.0944365462992192,0.458154082269497,1.03334737099172,0.67884667906469,0.665592596073249,0.523982860331427,0.309547427463917,0.430367147961713,-0.32523210079625,0.182164155018394,0.453165296452298,0.32362963572658,0.884623462740759,0.421705884684094,-0.111819989185775,-0.444880510402299,0.727797688651114,-0.130083864943143,-0.134821183000573,-0.304120744757926,0.293547984014878,0.770569722434359,0.595260279520937,0.757840488058102,0.225383351342333,0.671962559513497,0.967853322447409,0.252244830100904,0.159643149896769,-0.0169013563845229,0.160115718917704,0.79145986501082,-0.00787136072058393,-0.0132508884809594,0.0944467577389788,-0.172814394754883,0.072937663664186,-0.245447288827501,0.45480470604379,0.14617170835268,-0.244989197921953,0.058973690490321,-0.11134761230064,-0.308805798888937,0.0731396746541884,0.0918283780173398,0.133218460102459,0.588720083258014,0.0525495297559176,0.0288936458703669,-0.286132348897547,-0.0677832017201831,-0.591613372817404,-0.147128416655316,0.125452684338496,-0.104155910689113,1.06782027419389,0.0965211271623045,-0.401077960158754,-0.737749052013285,0.0181740295795021,-0.316003124662795,-0.0834354786847405,-0.897262054510012,-0.463347056523247,0.284855310477753,0.273568655684052,0.0175105879507199,-0.214617044426333,0.00491402961133934,0.144585213368365,0.584210684232621,0.549884660924278,0.727587670102603,0.040329250693044,0.224134295328364,-0.474442802433496,-0.534738919635889,-0.0698812389941904,0.0247437094207723,-0.13522189265635,-0.685463218300353,-0.571270618989617,-0.206886979950187,-0.314185403558188,-0.762250757029781,-0.909324606778603,0.0229495556432397,0.217525921883496,0.451764315898198,0.121567663703972,-0.175194157529205,-0.0316344342905935,-0.401767686407186,-0.317965573541139,-0.0493232253778128,1.07348076531126,-0.19599786621533,0.183856767364551,-0.238822722033047,-0.155119047982456,-0.0574769827310142,-0.418709977435922,-0.0420932608302656,0.208222118117047,0.350879154301332,0.457509193413858,0.998139838711742,0.758245274906032,-0.0854767108372865,-0.315458354247631,0.155254273045211,0.43766423569288,0.142394867708666,0.333624673220562,0.493917887788198,0.338835849542019,0.128540507451884,0.298639586795569,-0.237623884486632,-0.0528650241843424,-0.472131425431617,0.0987609757724802,0.138234091067023,-0.276155399148106,0.443028514166796,-0.00771449853719056,0.152783968727821,0.626809212399593,-0.216009886806232,-0.067626553424872,0.22946747878406,-0.0281143349402791,0.631131699106222,-0.20575930027272,-0.622650463795589,-0.140280378464404,-0.605718354772195,-0.606437906941269,-0.647715161708199,-0.700834317770664,0.104246820575666,-0.403914818229776,0.0755250392956458,0.0585460058917117,0.237421635451703,-0.140929209782119,-0.372140420983381,-0.245359723865302,0.409696857918343,0.338231184738645,0.153740667151325,-0.0339849057902692,0.232327627234629,-0.892146129798599,-0.704000941111831,-0.746313726087655,0.0576485399160661,-0.0052720530128116,-0.731278301714254,-0.671429679000974,0.426275391386368,0.386831509603735,0.126634697437135,-0.214423496050896,0.18802645182823,0.162808022582764,-0.251745354061403,0.554632519556827,0.374717557843578,-0.922753382309249,-0.315879829183279,-0.729124085876784,-0.8038652968752,0.14171818838734,0.329559675973347,-0.22061668253535,0.537730984837212,1.18088945896137,0.504149786806777,0.650015469729398,0.205496709570413,0.208462388747527,0.249607057922968,-0.115661595301151,-0.0289677073000091,0.606437517387669,-0.000174576533825188,0.203325399352193,0.664231446473188,1.00273326414584,-0.0438265804268162,0.304454219594783,-0.507373287575056,0.242619183460903,0.337540031372579,-0.365281409635819,-0.265054643749651,0.088988392034632,-1.05144583307504,-0.302167867673716,0.338865513525912,0.310003942553919,0.515427995706421,0.878873996388624,0.889057637803654,0.628347308209882,0.327461462418178,0.0816719151457512,-0.494361872147043,-0.521822459894827,-0.354047639316803,-0.825038913429227,-0.0329798659689957,0.215601541553565,0.330133098221389,0.27998035473007,-0.671992332715098,-0.646461348267948,0.211506283197016,-0.180385843393595,0.310786675800881,0.653498948760507,0.507467957124653,0.605079540436265,0.377555490262135,-0.535751301475108,-0.0808571009923672,-0.856441142790723,-0.41041301832477,0.108034647800708,-0.0876489559033906,-0.11325065960901,-0.141807206830925,0.473375056973849,0.0674090572600963,1.56215095426865,1.12474920968866,0.478465827624428,0.823848061988161,0.058380584599542,0.161084102864665,-0.0753593063527306,-0.587924730691773,-0.285357623692116,-0.815184725553702,-0.517092536133283,-0.270225123609563,-0.130641841301522,0.418370567814205,0.361754855159022,-0.0886578512801821,-0.219095431109694,0.121566959822957,0.373101839617554,0.649047577439434,0.452431992051087,-0.644504542942578,-0.577888301171004,-0.470811033651377,-0.654317907766915,-0.12287332058631,0.546533648564502,0.249974462238909,0.19189404456956,-0.386027332318082,0.397498574778572,-0.0739798607367642,0.459793973232315,0.679499157573167,-0.0952669516548094,1.25841100423289,0.564990502453299,0.515966417719097,0.0465007027505452,0.324047301605475,0.25624681802938,0.0776344406385207,-0.0517704187135481,-0.307084757911454,0.58905251206932,0.263119465781721,0.409952231854411,-0.0407266943861043,0.271089722981972,0.119377242978112,0.301770015061492,-0.0471813693038205,-0.175456250359868,-0.994890926461171,-0.8355196878896,-0.0423483657729641,-0.0474255545998146,-0.0829604241464088,0.100037100714696,-0.147210317028411,-0.246898319263503,-0.0516907532548827,-0.444166783098683,-0.0146021016341364,0.497824185231804,0.00354238809270696,0.425498658143763,0.613962607705316,0.248812280771685,-0.530114333741149,-0.662458170399542,-0.0440878040896623,0.194618711819485,0.34230949892422,-0.164696760491761,-0.406021781265916,-0.209761534414841,0.341713183195936,0.46868383929833,-0.306819261318818,-0.0790653480528562,0.552917601090813,-0.186671907785839,-0.267734497448447,-0.871088256470786,-0.906229274670639,-0.610264287483768,0.199778125371455,-0.119179652118243,0.137073168025435,-0.366250979508057,-0.296976254776944,0.778540961082357,0.312971964225462,-0.208946385477411,0.632128768075952,0.436957834606883,0.636980990524289,0.405482246106358,-0.194567779771993,0.0804891585762639,0.652761030885978,-0.00189685516384322,-0.521297289796014,-0.464171940608452,-0.13585600819692,0.168920445942148,-0.60053059352922,-0.432467100061171,0.321193875209146,0.374510431326827,0.34775189312557,0.494063231475323,0.987541992162222,0.83063472665411,-0.234613119715412,0.0761742232883433,0.440832794298011,-0.0104930894574082,0.110383272528687,0.123921321644486,0.610134300922183,0.282187185356092,0.55274925091011,0.104758492959749,1.04282209765641,0.845534610322688,0.286103636019804,-0.084286431104987,0.187830954560148,0.511965282740073,0.399244507306653,0.184469953349889,0.47140250629064,0.396006794940228,-0.0301102705928957,-0.437873887179855,-0.181638191697773,-0.151465163926904,0.720614544040555,1.01865939562854,0.736039017559316,0.303126444566397,-0.215692799878679,0.175843552839838,0.338271867001348,0.0600678833533515,0.35643782824943,-0.16938778549793,-0.226884502086948,-0.243293865944379,-0.134294735357511,-0.832145837964118,0.207811916883751,-0.152833043371567,-0.43335844172088,-0.171423925220892,-0.0749870009416748,-0.538536493119691,0.054150556883832,-0.543335211243441,0.0697835082101833,0.281630191315558,0.0467670394196326,0.113447518480562,-0.201905149268918,0.122651747938258,-0.101695031499836,-0.00969078777956686,0.827542615703134,-0.0899136409449585,0.65319677502176,0.556774919234436,0.298563900836261,-0.142782695307796,-0.498044833547887,-0.364973994257278,0.145482244646389,0.0798650700865834,-0.376903718471682,0.742244534443017,0.164605537565302,0.486985632474028,-0.0434843904755889,-0.0696037428649207,-0.5735025265396,-0.429332094092559,-0.252384419118262,0.0465733915485875,0.593662546662897,0.286540615363486,-0.250435951739804,0.243519366242718,-0.085522762290484,-0.577863041622934,-0.750417021551398,-0.282071215047429,0.0736465974297728,0.302293757935538,0.521053427706338,0.358780927426231,0.174047835494784,0.28854072189118,0.19455097465872,-0.454223099546071,0.279103676250748,-0.436099806993975,-0.0558852607985053,-0.442068889861308,-0.424150189656245,0.453222538553391,-0.37571461621586,0.343427573882527,0.327589494337721,0.281438311850881,1.26701689807762,-1.19578961456629,-0.335526279697266,-0.312629358530051,-0.0821475367970816,-0.501573964444814,-0.569635307665608,-0.0869234766735744,-0.627956645249446,-0.362187432357246,-0.168036118595484,-0.173585790750353,-0.455519639722797,0.16581601358906,-0.205667790799829,-0.273383355551182,-1.05406436422097,0.423584545629071,-0.107252378886223,-0.189074391138361,-0.312808240063033,0.484525270304408,-0.421054361206791,0.0250494317609163,0.596043800369603,0.80471262710791,-0.240943069746915,0.476641667248,-0.0960675137716732,0.278337272201096,-0.164991163519285,-0.223468031744892,0.161451981034928,-0.362718154826641,0.0505478799145534,-0.402968922066403,-0.0194747810249403,0.564780344428132,0.453548483604558,0.0130066958751946,-0.0672870519051924,-0.597856065646365,0.0897754944445302,-0.206627386519972,0.0043085244912515,0.130680682478551,-1.24190795801199,-0.32786468250763,0.411249809436566,0.27611257833482,-0.340860695834318,0.0356102264972291,-0.476914616181012,0.695734393700327,0.718370460441936,0.765563170144841,0.135598278000496,-0.549257586323666,-0.147449423906233,0.26672730047392,0.630147687743627,0.584450686043567,0.631265216675032,-0.422167359257054,0.272899362224392,0.17563698238535,0.761920976616016,1.02518903986521,0.508149598015504,0.421503281871625,0.208034195062268,-0.329196058974595,-0.717698426917575,-0.440981485899358,0.0120117040526508,0.172197761801396,0.01836312161432,0.00993744705422579,1.41242395421531,0.792850202348093,0.360152945608104,0.36343508224518,0.187630195328743,-0.353641502691375,0.249044466899083,-0.174310616089341,0.393164813629,-0.276356595985271,0.0309137308954154,0.141927095687935,-0.791356362584063,-0.643750778855618,-0.428378019668484,0.0564516278596443,0.304301760991322,-0.00161782418168542,-0.543579769433797,-0.351334083557871,-0.232028148286656,-0.0159741021100531,0.0809943099035803,-0.200401546207937,-0.186200985654955,0.420913633170087,0.0639962362513902,-0.0514458408937211,-0.181054473990636,-0.189376098251935,0.299932659659265,-0.115176441356504,0.388434184969941,0.663175368184586,0.680638335689478,0.675764167655483,0.694580058430424,0.509839091347637,-0.252307967602631,-0.173170975193247,-0.341178413468297,-0.615613166403564,-0.391063565367899,-0.260955679841446,-0.278586787628343,-0.0155624400105141,0.0560553799432746,0.786311875600064,0.14275823788316,-0.487863884015722,0.178085054727045,0.21373545642455,0.153229751038677,-0.488941903586229,-0.670318729943116,-0.107382640298176,-0.288792659164891,-0.501615574313303,0.222014260210334,-0.71931498616655,-0.251427014387229,-0.828080471527381,0.386275555264164,-0.148628690077183,0.503838444229062,0.510966469154953,-0.136627354182911,-0.230741762939082,-0.324744084337349,-0.659105183961787,-0.977398188999884,-0.361419082467786,0.442825860814475,-0.0440439226125951,-0.481971109455997,-0.0620438136377323,0.859891883600737,0.871517871337479,0.268217671964669,0.250934882052356,0.597322800019997,-0.231065212222518,0.145162686154961,-0.37825935117202,-0.16036645484812,0.00514768605163958,1.02068554445308,0.883512287904317,0.0267175444466246,-0.0751901122782093,-0.520924183590363,0.306778381642144,0.0280173745559638,-0.28792855043293,-0.30139969741316,0.494234034174815,0.370376589093191,0.163584489132132,1.0484813806049,-0.300073704455641,0.286502857008291,-0.25695794549482,-0.0625853162041412,0.0461714890761146,0.230349069572787,0.506039850995832,-0.299258869019603,-0.646250013440409,0.322745035778949,-0.627705149820952,-0.363208995596512,-0.154433815833803,-0.220251049698578,0.0484427225359985,0.338701673398641,-0.29556485799695,-0.340864658143104,-0.647158600894117,-0.659077943484157,-0.752338452789787,0.112366853666068,-0.0891469962717243,-0.127382080763205,-0.231964968447652,-0.493992863792819,0.0682717211293985,0.0306279992913455,0.187228834936385,-0.153730396525129,-0.368090543589889,-0.597736141026721,-0.228316567982326,0.381563500571371,-0.243596433844639,-0.363996724109878,-0.144322301561098,0.658368687149526,0.442665358173691,0.757191070643828,-0.1009005759875,-0.19102758132169,0.0793034844971083,-0.201833245557001,-0.208499981030875,-0.540645642965671,0.4942113765362,0.808066060101399,1.12133331834743,0.333553356759222,0.0241010082826876,-0.523534943083535,0.123611927936775,0.18393252100585,-0.255842781043128,-0.221252595573977,-0.436445566302218,-0.277147796113272,0.790317845399576,0.187748297580654,0.445679997269469,-0.0168120826344018,-0.640701678065026,-0.0176672732851761,-0.0148464625201019,-0.164492477095872,0.59392962472273,0.112334797851835,0.282061953125138,0.51418358670164,0.251141796044526,-0.731537644309973,-0.647327296952031,0.303574030143594,-0.416909638958931,-0.328348156345868,0.22251270351663,0.00200831016606919,0.173288922372086,0.0145002697403756,-0.559769639875486,-0.436880189769523,-0.0931738389934144,-0.895305545864158,-0.0305621619471851,0.630243805064743,0.234098655815626,0.148907474040637,-0.0573007792645721,-0.344433460181336,-0.782778696464999,-0.821160599989831,-0.737063872366359,0.198873048271714,-0.996843688716986,-1.10202568112447,-0.514819502927645,-0.630428930166932,0.275142665556365,0.27410518360655,0.600002736724307,-0.174125349859803,-0.247161444233585,-0.152843009564894,-0.186089885292429,0.0313419590676755
-0.0500758569699559,-0.00529330266356991,0.0389187981584504,0.0304257335826369,0.0400201012700577,0.0950808496124713,-0.0911997657086702,-0.161425794043087,0.13533217798463,-0.0812310940077392,-0.125599410027987,-0.0979175118208054,0.0691897703402266,-0.0360508085924858,0.0406721563992106,-0.116857088533637,0.017423345078368,0.229549730567372,0.0585929347941057,0.0718152197473189,0.0713989327539997,0.0010198331111305,0.0910801604363532,-0.0946019662175494,0.0620120110170392,0.242565244153508,-0.00171875417774207,0.19123290658152,0.174755151712539,0.0619733789750776,0.0723634917238721,-0.0396649347125946,0.135758692801937,0.0514430067901113,-0.199369149896232,0.0987999200114187,0.167494210802667,0.114702722948084,0.0233224107809705,-0.00428814004050676,-0.0409839423592168,-0.017015328101033,0.0934557447702816,0.0526640403502946,0.105706485082579,0.0219223824010913,0.0936836384438231,0.048131570574517,-0.261120365464438,-0.0437998828711775,0.0605524164856349,0.12546837392398,0.00590770027128791,-0.0167481858213363,0.171566713652147,0.0992268894062427,-0.134537817541594,0.390848105467699,-0.0309496045927462,0.100561735477732,0.210924160471179,-0.0784628345060099,0.0329894071536081,-0.238867522391527,0.0908288623891662,0.200619458895769,0.0389175099225896,0.0200090282168852,0.0625755620760561,-0.0268476620637974,-0.0987872274559384,-0.126602729444538,0.0337259895285913,-0.085172229242241,-0.100085158058469,0.0928359183740241,0.0773984901735358,0.0457731727337193,0.135873524103965,-0.295675232720319,-0.00184580775905245,-0.00423196888078494,-0.0158740192868642,0.00522377988511719,-0.103851299679943,-0.158891475806811,0.0149874291632455,0.0857092242417759,0.0796149642342519,-0.144902965558092,0.0457571190619416,0.127561447923406,-0.0189636697203594,-0.248380012220986,-0.146984493708,-0.110936029304373,0.112564065360502,-0.288666511188342,-0.00832860638458569,0.0565775222646954,0.000977669474077261,0.111963324354811,-0.0452788345341846,0.0310352627986243,0.0519582683767931,0.135716645769306,0.098300769456246,0.127509785872333,0.0138504540502349,0.00501595846924545,-0.0956385448230702,0.0698918162689931,0.113754105835621,0.006886830442515,-0.0375397664173721,-0.164358641509876,0.0702559708329232,-0.207244032905764,-0.105344161908687,0.169335890532987,0.0204558011835768,-0.249975149830129,0.00650892021002201,0.0486212498868149,0.00799205732432657,0.0208458910117887,0.00117965675991555,-0.15377322783447,-0.0680515478045047,-0.321251611819627,0.219264060201139,-0.0679603804045122,-0.0777133023785158,-0.0602922289812791,-0.145737015302425,-0.13937013061339,0.0519183005034885,0.229967267114402,-0.138588596015808,-0.00728797294707367,0.0414727028402853,0.131471208817777,0.290734219396875,0.132134030335746,-0.062756449051877,0.13791389100274,0.113549795690861,0.0332007829718186,0.0787509108481811,0.110949301764329,0.195799156113404,0.217334147769764,-0.0425038445215253,-0.112361090397502,0.0680489669362477,0.141479268493487,0.0599015009044785,0.107529208514299,0.042825243387819,0.0109281688933011,-0.0437036807778686,0.052729305812113,0.110084194834907,-0.0503561736716255,0.0496539560431955,-0.00207819348776281,0.11723736575864,-0.00524779741842514,-0.0323069696485002,-0.0837070950010063,-0.061022868984912,-0.227184608263123,-0.0347653427485683,-0.170968909312638,0.210184937646368,0.148185781536758,0.0587867367655729,-0.0304532082144463,-0.102290308971088,-0.0172834717400168,-0.162821775021217,0.0271715529047143,0.18818179610611,-0.183243130622326,0.141340806498974,0.0234256126617795,0.0546141447037634,0.0600844105304954,-0.0513059117885174,-0.0969471484840008,0.0101535622221256,-0.00135166026712885,-0.0396528989009418,-0.00238658636297229,-0.194427910426748,0.128240379167897,0.0488533468903195,0.0221345434604666,-0.0407186799710113,0.0566419543934876,-0.0427031915350069,-0.00265628696430227,0.202599309676795,0.182294045970998,-0.115558649151558,-0.245509504924697,-0.0211388514645223,-0.0379997329294849,-0.0438988598746073,-0.091799398618699,0.0152177966968127,0.130790422966607,0.291652477925568,0.0363987937267018,0.16231057349984,0.00987756926429477,0.0428499339468703,0.0854179742551469,0.071707011893043,-0.108884541756726,0.10852135680866,-0.090866448098925,0.0230934525654637,0.135038646363379,0.119764990231882,-0.0575222817580769,-0.0489520473891011,-0.0649534027700093,0.0563035435285288,0.138972509268489,0.0746544771074505,-0.104673462507114,-0.0121983190078558,-0.231361958219667,0.137752296364714,-0.00208734920816156,0.00682682783064135,0.102808742642502,0.237581100151806,-0.0729565747295477,0.038225728800202,0.199046079051055,0.0511391397214228,0.0309831781663988,-0.0653250662998694,-0.12992283631597,-0.0451923733647357,-0.0380474383951232,-0.0644647096976725,0.117233074602839,0.12856096362908,-0.0821629105924062,-0.197657920534809,0.116428850792447,0.0817270657777131,0.189699260547397,0.0668346722892442,-0.16457856192811,0.319042897681001,0.239838631716929,0.130735552591234,-0.00319582443592287,-0.0998688353961485,-0.00410717163889249,-0.0907723008857849,0.00844903723452035,-0.210027627104158,-0.091924127986402,0.203664819281463,0.0622681258405065,0.0278481079586748,0.256169515590695,0.225464928276019,0.136333920338978,0.140537606658258,-0.0552159303631498,-0.16572727393229,0.0115357014464924,0.130040200825564,0.041417641436359,0.0380844242275978,-0.00414687280574877,-0.216767214069768,-0.109326164770826,-0.0245089750205973,-0.0823829944403557,-0.0769011231846227,-0.0231082771985233,-0.0216886105614149,0.0433186118137992,0.0866250495937726,-0.130484302397409,-0.179982765681989,-0.121596863155546,0.0779988748150872,-0.0485031462546082,0.0205043264345423,0.173007242059535,0.222205581679568,-0.0986051053516563,-0.0297676764759385,-0.172654136542072,-0.0794637276658311,0.144396671276486,-0.0124873454548725,-0.05052828390756,-0.0710184489823866,-0.0772006221066668,0.0921430142556405,0.206462973446486,0.0950841494874514,-0.183594226913503,0.145253352169064,-0.0472268138883704,0.179119297604707,0.0594614911504834,0.0100435185733597,0.206423151367776,0.186285396136706,-0.0524346556273846,-0.137917351261625,0.0872572808977301,-0.220093461611676,-0.0628399527652897,0.0687620316915607,-0.120138421548052,-0.15707585365556,0.0104983615693051,0.0693924142392368,0.138080970968571,-0.00996960925882529,0.0701156956694929,-0.0297463411066374,0.0182319136113564,0.213878755172216,0.124469591647674,-0.05393201442393,0.0592105095015081,0.138946728557596,0.00883705050068658,0.0782409704133419,-0.0515788778644785,0.126341777546195,-0.062088831113398,0.0528055367316008,0.139164892171948,-0.192587866709379,0.0700689852309506,-0.0229456694231859,-0.0124889323527575,0.168385112152904,-0.0496143856815606,0.215216766334988,-0.146215357852196,-0.0464169353878265,-0.190843820554126,-0.228741566231915,0.146146282425072,-0.0145312011874872,0.0310692052201317,-0.127757304035972,0.0577041328732402,0.0369415956902746,-0.1475861200322,-0.021035280856844,0.145548832807685,0.0477138319763107,0.14483077051009,0.18841659186709,-0.00832297012193555,-0.0304304575097165,-0.0283946069104552,-0.0149917334193551,-0.0760173508699279,-0.0608124215066015,-0.030962456914994,0.0135815073254309,-0.0528827608984709,-0.118881476144532,-0.0187962299231539,0.0170766814023805,-0.064121035086681,-0.0871846027442882,0.193997391089649,0.0197040719587649,-0.316142170913804,0.0768285302822408,0.0219839842722159,-0.0253932735612874,-0.0859320485162732,0.0748550470770274,0.0739598607166985,-0.0111163447106906,0.160125272168307,0.105450919085446,0.0817450193589307,0.00718490676070342,-0.110121652224658,-0.0282272806691223,-0.10154140253669,-0.0884002293902126,-0.0956593746543739,0.0518418250919045,0.0824750052905563,-0.00214040720076616,0.0624073462671681,0.14088887782537,-0.0609468405778548,0.0139286885314224,0.173356240883049,0.036490808673061,0.0864410093079449,-0.107122580816748,-0.0330479418008479,0.0738491648155498,-0.0066188609447853,0.081756672421586,0.147120612407943,0.0463349958873719,0.0826126988434639,-0.10448897108961,-0.195508327746898,-0.276881421510059,0.298510625969736,-0.18164863488507,-0.0329913595855939,0.00856130145180848,-0.00734461769778512,-0.0165254795139965,0.0593528713602532,-0.126297615610006,-0.00136993406934486,-0.150734849109392,-0.0819881085959177,0.0703485829577428,0.176195559946719,0.00134352074416235,0.0434245684870816,0.0698183511164516,0.0672571184885617,-0.0795890273820892,-0.0896815018983948,0.0497801770935634,-0.0782058011652981,-0.195541205239148,-0.0695569544830179,-0.0224641055348105,0.0166389743196027,0.0136990774734664,-0.0969381294495479,0.0653420204359924,0.094046175420917,0.0286619883534062,-0.162019504890596,-0.013257018599394,-0.0565460858558494,-0.0308779729083236,0.0432644980720121,-0.0777003372867846,0.12576708440138,0.0609028309505609,0.0692104468890758,-0.0515320845692486,0.0183720325912688,-0.14759201385773,-0.0163591844456232,-0.0210867523376632,-0.023346923789565,0.0822845259160203,0.0821768580866635,0.0527973965143974,0.0745481627750446,0.147118312063461,0.169855802374678,0.0834084536851008,0.171443368087478,-0.0986616911894044,-0.0261221282876758,-0.0576104403491188,0.0726844199346073,-0.0359883696830982,-0.0804671919453458,0.125206750805388,-0.0308407374750083,0.102341426956938,0.0726077827340969,-0.224573837911629,-0.0550833086435342,0.00072743765476356,0.000507637747085919,-0.0382874986614257,0.114105159201022,-0.139959703186499,-0.00191519314338295,-0.20888526309012,-0.0517746221660701,0.000914139062532966,-0.0600740914185568,-0.0631084149836875,0.0986561637555454,0.0294024511294746,-0.0768044574072773,0.191516673424946,-0.0144949968851898,0.0871193882506374,0.117080275214396,0.0445857973081454,0.0213688305809021,0.0502737355822496,0.286121060216647,0.0653103795074425,-0.053459884941187,0.0457177049882068,-0.0888915602604862,-0.117964348941477,-0.0637639297872647,-0.0749558652920883,-0.0921981790493243,-0.136693353820239,0.0888968054699401,0.0791524461383266,0.0461828630183635,0.163122800940799,0.143805333584638,-0.077226293716754,0.0341701776857089,-0.130718065939661,-0.0410780652381744,0.0126871161549719,0.130079479184091,0.0345741240863534,-0.173038238833631,-0.0621362289262578,0.0502345733110193,0.0760108379415793,-0.146523357384447,0.0520791648844261,0.0473988611946769,0.0263341508727239,0.244184783729772,0.0262341736187049,0.0707357856223238,0.0790062271099541,-0.093485855196999,0.0882858708375592,-0.0265399376913668,0.09931265084796,0.0324288404078337,0.17134767904985,0.119550309690782,-0.0538201627329383,0.20069731631681,0.0535682226949343,-0.0775724896827005,0.192262222633039,0.0314605283356333,-0.0535445651359792,-0.078004340453942,-0.129260075716239,-0.0737054789015773,-0.133461816584166,0.0415690540247065,0.0509444519507367,0.0943455532019292,0.0500757629376466,-0.0167000367775255,-0.0415750293886026,0.0953951804793216,0.13255363693573,0.0893399407145678,-0.0271862150836015,0.00638857588371015,-0.0494832737958211,-0.141914843297771,-0.0391462347830514,-0.220169514364941,-0.0998044971183241,0.0211205854819797,-0.142176136993242,-0.089881251476349,0.0817496405585165,0.126315088443262,0.0594584561853227,-0.0608447469211539,-0.00325336906184344,0.0720368001187569,-0.233202082220641,0.0958365729611437,0.0514517554764529,-0.162224308434409,-0.0768527347535991,-0.100718410620039,-0.0558141885992203,-0.0316960183952024,-0.0188717025080166,0.102016816629322,0.142936474234668,0.071646895232068,0.102233022727094,0.219883731220503,-0.0913798751232118,-0.0451386035138807,0.107210040689576,0.114127441979912,-0.177968301593424,-0.0584103368924332,0.0733433386190921,-0.0120140310324652,-0.171943664035059,-0.0945620603894944,0.198369311111791,0.265621320230067,0.0210060216008689,-0.0204342699371273,-0.0743451597074824,0.0349441634011173,-0.0185548044418527,-0.168484231791915,0.0942737888440285,0.0992084132656042,0.0552314281028187,0.0729798171325916,-0.241264108970902,-0.0581210226283504,0.0763461117628857,-0.0653060134980867,-0.00292559957633211,0.0676247006450555,-0.0859598466234395,-0.146747553048378,0.0579473112006021,0.131777365176508,-0.0135886448771974,0.0498925080498248,0.1025167247247,0.226419235928085,0.0839592163060752,-0.0143235423106213,-0.11896190635527,0.070662193360324,0.198782068238777,-0.058947674069649,0.127620907460146,0.00330233230677771,0.0190256876196198,-0.11557958183303,-0.137546789191917,0.0696205125774486,0.142121690408951,0.176665800728895,-0.00989146591979118,-0.105622961798197,0.229657339123319,0.126858119569062,0.103292167354692,-0.0522679168115261,-0.0630869103687184,0.00416363047517195,-0.0928702608302146,0.04661288370234,0.0802872442326131,0.201163427951533,-0.124878394237512,-0.185261940905392,0.138007455607303,-0.0148478605265561,0.0932229386298172,0.0549615577134392,-0.00376390937498255,-0.0829390039116095,-0.0406572929500597,-0.0515877661248273,0.0891473584678994,-0.131729399767128,0.0284397554618756,-0.105161075911566,-0.0340898730438657,-0.105153912677877,0.00972396993048879,0.148181303314188,0.129868335014317,-0.328799905447693,-0.149289832479962,-0.0601408664401336,0.140055031635616,-0.16450010877591,-0.100552836842233,0.157929233025714,-0.271255685363439,0.150379620090402,0.251562767206089,0.0143150980870143,-0.253189848578267,-0.243891470879027,0.0387719700288094,0.047447473055031,0.0541695112037343,-0.0793887151694227,-0.136879180379077,0.0204103714239537,0.0256156891354821,0.0684867145305661,0.00737686754405712,-0.29261438765127,-0.0378230921792455,-0.0257813126412045,-0.0332540719192065,0.0447845500707082,0.144896671353539,0.0438240399810868,0.0312567198905147,0.0889874830154644,0.0542846292515478,-0.203560333422739,0.147441288877297,-0.012460414844761,-0.155625286971218,-0.104947848372116,-0.154725430754204,-0.0830914014391914,-0.131810977067432,-0.142014562747916,0.034481175383154,-0.0593988050001512,-0.0493134692536564,0.0618861389463773,-0.00417471337384087,-0.267896236453667,0.192611495642666,-0.0739488685878342,0.0578248820093124,0.0563816783354004,-0.180089986522881,0.112672730521943,-0.0872926507434065,0.163092796266791,0.00326115886606635,-0.101814208186292,-0.120357068371507,-0.202408898939247,0.00254616068891654,0.0342416639118722,-0.016971308306786,-0.147908479944656,0.035558028571979,-0.1089120528206,0.127252931904978,0.0831982401552906,0.0768422526331654,0.170178656322028,0.0207469163483051,0.10815783409338,-0.105882830269058,0.110325718331821,0.110933637194161,-0.0652098234109858,-0.187416196553127,-0.184365382490585,0.128243204786468,-0.0736544824348199,0.0531711767962056,0.220492126027173,0.0979483655643776,0.0285279417130051,-0.0566684317082033,-0.0208185356677853,-0.00442478212600597,-0.0674302262760245
-0.393676428978645,-0.212397512461594,-0.235515104165264,0.0989222951642816,-0.330452472058583,-0.224000504562634,-0.240672184750547,-0.120510930960201,0.502336834768991,-0.285527384953153,0.0651724721636747,-0.118688531801476,0.236057832068276,0.0208735512163422,0.426599453646648,0.363750989533823,-0.281432920653101,-0.0384682131172966,0.591352549562627,-0.180842455779493,-0.108153043144287,-0.02450898359192,0.20095774658584,0.225085619227978,0.493356519948705,0.570896315486775,0.466701256262545,0.272427599596784,0.822072261131337,0.494253670651595,0.664473352918634,-0.444409335786472,-0.530216767918138,0.244654967552612,-0.0643274614637036,0.280985844529284,0.891659437259344,0.637691675004038,0.557636754001137,0.468358770073615,0.285555007171548,0.470216396763532,-0.424817931264989,0.288543093611667,0.31803965937807,0.153096918368469,0.800254960430551,0.397571295415684,-0.23935507376473,-0.0572958615973828,0.376816692099618,-0.0104031976012085,0.0460657650112713,-0.365844350904596,0.498792271553331,0.50347856855145,0.304209428834392,0.765326651647447,0.46868223979186,0.353103542673126,0.74395343756632,0.226963718588604,0.342282841759355,-0.0154404878388663,0.286492879836572,0.683768406397671,-0.126567506270971,-0.0354558788810346,-0.255846050823636,0.100138747206927,0.0779881745187222,-0.199367131786775,0.434279372999446,0.0763072171396435,-0.149649209649507,-0.0064235074623646,-0.222339360948704,-0.360342239054422,0.207719846453,0.241165259391921,0.0499166045580796,0.581819033408615,0.0983222822403772,-0.0356949521151922,-0.457012363949104,-0.250874203956895,-0.450409092464491,-0.206650361584369,0.321806870552757,0.0685404138414696,0.961652220295234,0.333175093492664,-0.162847997687162,-0.560957956124078,-0.00603016857883773,-0.394223547645216,-0.151749112290299,-0.576530688412871,-0.455082259162104,0.287586348108062,0.19632137313525,0.00661141282955971,-0.316212749258228,-0.132523811945861,0.126229041433598,0.770252956382971,0.655397795594342,0.937234670331444,0.208460571022064,0.56936656235824,-0.510094593799959,-0.592007777370387,0.0593792049086257,-0.0263221302441342,-0.0400944089319643,-0.391409192026394,-0.461908915284483,-0.182126061098019,-0.03474707292844,-0.617431691070284,-0.670931493445551,-0.23628899484031,0.231823691265284,0.584861352900318,0.162766894546519,-0.258118583406435,-0.0736746575679862,-0.293091331234221,-0.386056539326373,0.199570280716487,0.927172386175328,-0.157040217549218,0.16996845521502,-0.137817076826172,0.0176487162055804,-0.219433476044109,-0.405003284560372,-0.181243991337197,0.224746016879576,0.544349451877102,0.520318650563903,0.735362090513101,0.661737425630509,0.0423557520945616,-0.403293903056391,0.28128879691472,0.424145207583662,0.268097681636577,0.354948814074449,0.35091760688488,0.361299974309173,0.232768553816792,0.193403144799586,0.00701568590240091,-0.0554163788182661,-0.395184554962292,0.0511894794699234,0.0275349929928553,-0.0380820729930079,0.247975163736308,0.0996351283775762,0.193214970118182,0.272583865794935,0.198732588312566,0.167336446031976,0.250829747254012,-0.0890246159310056,0.489882274908789,0.127061831513044,-0.599416511195138,-0.191956083796825,-0.60239399937239,-0.541854592995295,-0.603613700263994,-0.636188106628369,0.116365033709763,-0.135179805596941,0.0266508078348875,-0.0464110613290152,0.177866224359999,-0.0296025281352613,-0.236666074521733,-0.165453975868024,0.325660561265322,0.078370974618762,-0.196460389629163,-0.190757397493128,-0.00920104907969425,-0.926892655761022,-0.465425553973439,-0.476846212151545,-0.0332596395165994,0.27560261661209,-0.576921216231364,-0.372187841165054,0.372144028132937,0.116086543578331,0.100074570409127,-0.235699719967761,0.182714205998825,0.198665957590723,-0.222818015303977,0.344436853723075,0.145988286959246,-0.763912733761129,-0.165619048656475,-0.647216708256605,-0.68481210795001,-0.119768548879453,0.0266316979809212,-0.0260582539708035,0.474592950017524,0.946282059858797,0.353725759825801,0.498096988894087,0.0559768946455468,0.00945134037506516,0.389767203269977,-0.109089312128207,0.158417936049479,0.474368800784863,0.0856231082898805,0.00940969170151279,0.629648993222386,0.906313475150788,0.00496028238450663,0.209157677075514,-0.231626256551333,0.187395363480838,0.221993062821272,-0.0671932074038141,-0.159294474902539,0.0769190328609226,-0.937517091180757,-0.319361610065435,0.106220316887212,0.140493298922579,0.231140647685509,0.694788568214289,0.807067348511685,0.159928238812154,0.200845105897574,-0.121945312856319,-0.342221492920444,-0.412011877206006,-0.0318780972622262,-0.80811273775488,0.291354062960601,0.227935940697065,0.260384287841134,0.0874586045807497,-0.475352983570066,-0.426185340598417,0.100915170546058,-0.000692378292551032,0.243684411893827,0.562304259461162,0.558972458440488,0.647548776434109,0.337367912956097,-0.288701459584859,-0.0736981011946457,-0.579652836874502,-0.17802958706162,-0.0226107642215443,-0.00867769355671287,0.0082139300613992,-0.10138719997403,0.464233924792982,0.05142053923958,1.01229152844851,0.935019145689733,0.375376199779427,0.680034098186568,0.0182164459710064,-0.16105694900123,-0.0141263347689473,-0.424639120849011,-0.136995536726931,-0.747891201769827,-0.538669500071059,-0.285003548075856,-0.101146853222071,0.292256434462367,0.342668326251819,-0.0747173668980654,-0.273430694609812,0.113311172454019,0.275363172931194,0.439068114365593,0.441544174048729,-0.477240583243014,-0.31028236669289,-0.587450365426587,-0.342366572246397,-0.0511831505824801,0.513956539568853,0.405242202278917,0.13863541291658,-0.203364467031255,0.419861787338901,0.100103918414715,0.430902103679533,0.764420787282307,0.186716725429934,0.827470628966788,0.601474993858486,0.444064588478571,-0.0229503384350107,0.0309526433158203,0.155141897395802,0.164877811983953,-0.0112976869655238,-0.293713896742078,0.485422814662782,0.36682784388428,0.323144448460014,-0.0625589125306222,0.108912017577392,0.119064917436444,0.155127438962826,-0.0183376673687249,-0.281056483041376,-0.606513975720302,-0.714862826839309,-0.183093408702446,-0.0304880958195126,-0.144996852273933,0.156494837313866,-0.17138944066459,-0.07917707283984,-0.0732532613427909,-0.50329243135645,0.00309204619149683,0.473078912301487,0.152625067033915,0.347909739410598,0.397827261390962,0.176511343242468,-0.181404565026107,-0.450881514192934,-0.085502209176492,0.219740286499154,0.476278508235994,-0.199776915452429,-0.257686343366904,-0.181139922313272,0.589044825338368,0.538569931192174,-0.372517066764598,-0.00789483125841371,0.43740030378144,0.140500017928157,-0.592350468985317,-0.642406212077066,-0.68774360570936,-0.688336842175912,0.104451962954759,-0.087024094037363,-0.120020210162543,-0.48910632132954,-0.307921281541619,0.60767464471842,0.455233348201517,0.00611889747516411,0.672771104761807,0.297004922329363,0.701507960621363,0.465773626493281,-0.213840099246744,0.0145651963769511,0.714054013519041,0.00335403203464808,-0.564157697312822,-0.258866663266439,0.129092196134948,0.131029536904363,-0.564777907475722,-0.213324537660914,0.0941155073957934,0.162195333257747,0.667174717129188,0.349909898240108,0.851793496580948,0.669770069028743,-0.103297163330637,0.236856933910404,0.440265555380914,0.145552859909421,-0.0957665720216545,0.0924182501394452,0.235989371475067,0.298355216874844,0.562304590297235,0.113893565732311,0.618901889916863,0.482494231131402,0.316361211093581,0.0375873724565015,0.0423283390189023,0.428667323144079,0.388805032966557,-0.0868723637805668,0.296920091022508,0.224767618314669,0.180480855530709,-0.269189576352912,-0.163539109527538,-0.0630595709928805,0.456361584979361,0.839119247047004,0.608527556805648,0.0712808800342871,-0.240625959884322,0.0105751748286809,0.214240398525978,0.11922362981184,0.202971489688331,0.0736907824682848,-0.375611767199213,-0.218565291154938,-0.163139576853825,-0.666027652577988,0.225321268704363,-0.0950296879855974,-0.258222589649308,-0.179059155027292,-0.183661763121169,-0.386450460146327,0.111647225934917,-0.432500775213457,0.0589657340642711,0.0436029723331519,0.0124845232459163,0.266085777598202,0.0431132266964664,0.260315999624309,-0.1072828381106,0.190409194804007,0.755352071192129,0.0383551123521194,0.546341863016266,0.465205555139904,0.218611454576425,-0.00893885093246098,-0.487969640637775,-0.22415041806854,-0.139375431581458,-0.144231660213425,-0.380807083568271,0.880823146545188,0.298789903899726,0.311955785822941,0.0496795215580466,-0.147692533009989,-0.439358775328493,-0.417290190405657,-0.140304186340492,-0.100014725174297,0.404681610077961,0.325028717000487,-0.138160212342178,0.345948379884541,-0.0681123542999016,-0.487954971351443,-0.781321237570813,-0.0303200951865258,0.0669796504880837,0.461749465271225,0.12541476429467,0.238550867166621,0.297932336682762,0.125858811854434,-0.0648716914363188,-0.361499371419046,0.149734431576849,-0.471235164256339,-0.332469735807218,-0.304314623837687,-0.350194661092156,0.326693260602224,-0.340718504623426,0.218137377850964,0.386522983813194,0.318757283314282,0.665612897701584,-0.806197283395832,-0.184433780804681,-0.352458429068852,-0.051265469436778,-0.344858537603918,-0.484144926611101,-0.229014505879101,-0.515597468492128,-0.342607542165126,-0.125736417900924,-0.38589540630703,-0.349993515570221,0.179913826645581,-0.101825437136803,-0.24009949192245,-0.804455506981824,0.236972090335477,-0.109490998602483,-0.400489382298449,-0.121388465091774,0.267431788958291,-0.286127059303195,0.0773858014352331,0.593295732585872,0.508355036781341,-0.160916855680102,0.544803266068713,-0.142703965939652,-0.0688695668390988,0.0273102474727101,-0.128256935234191,-0.063947890200145,-0.195911047913757,0.00856261307526771,-0.230030311403242,0.0974044079479499,0.685497313519569,0.347925673772126,0.0294550154531424,-0.15945927166284,-0.543066211249265,-0.0176733459195063,0.0268537150607802,-0.0827613063337331,0.0158181868868252,-0.918259848017363,-0.27973679188418,0.429702236470318,0.454109848660031,-0.363649243679492,-0.00716258110343878,-0.320445533326923,0.515019725876333,0.484238143186604,0.597066155497389,0.245644671631324,-0.354327153343161,0.00937832456312815,0.0421741574983964,0.606676616468664,0.598177500540078,0.508551415621527,-0.325711416534077,0.319260126203083,0.0971299511994463,0.647272205316842,0.788293970243039,0.325581299829758,0.382106078240304,0.195863388618985,0.0387325559572246,-0.536131044186401,-0.404520512453906,0.154328198447487,0.154942434983417,0.109661690196466,0.168739889163429,1.09630072224872,0.79703947125955,0.397171601757155,0.15507975708281,0.12694272040895,-0.296992344759541,0.22478401259625,-0.204333629136964,0.198357290009918,-0.397033486644754,0.115379840715426,0.140079717023476,-0.540447726253361,-0.515128783616738,-0.515588288131658,-0.0251147001230991,0.379872681771395,0.0204384187235548,-0.451611602927353,-0.37047931959669,0.0726386454937216,0.12600613894914,0.24244094696175,-0.315391443065053,-0.320109437922498,0.323795889226082,0.127391470272031,0.0154220464483274,-0.278145539849113,-0.0891119834400955,0.390003972644941,0.0647374117680078,0.251884799009198,0.519813800804812,0.427952931732888,0.355104645146653,0.806070199359662,0.161727048424805,-0.261798467245511,-0.121357342793265,-0.111468184251997,-0.382240679900242,-0.572160445914895,-0.348703704735045,-0.207558500494643,-0.0385612125105797,-0.0639583226316891,0.616811938513765,0.278893811715151,-0.357389632156959,-0.00209029604742287,0.0981468603137572,0.225728187059021,-0.505288761053508,-0.792065821092239,-0.225921501158845,-0.176182407490337,-0.338370582186976,0.11721261140271,-0.687065305400717,-0.319431629415211,-0.645170885181725,0.249754967423214,-0.122667056576728,0.280860531068291,0.401174498568728,-0.225383316209356,-0.0885764972289148,-0.310451906331522,-0.568314008678596,-0.770838745373125,-0.214355494027711,0.247469054310169,-0.0119158361507812,-0.236074817557054,-0.0238910315605988,0.689789656833857,0.913714634011145,0.134985372190653,0.443998236859745,0.484409363115689,-0.0851390061802648,0.460420106610123,-0.269243764941025,-0.245247028356883,0.148738529892065,0.787849428312833,0.526764794039568,-0.0788238701181839,-0.0183268936076356,-0.292260449370512,0.193672820897326,0.0147127208560037,-0.261128078703694,-0.252729856658433,0.334601593905095,0.326677039630207,0.474706712492405,0.868383715553509,-0.168464097992916,-0.128642770900461,-0.389062238132692,0.0843291334600877,-0.254465473406161,0.111678829437773,0.277135935445893,-0.414666412038007,-0.487257567923101,0.282891606508803,-0.627979626126756,-0.253124829280119,0.108289849444555,-0.167899533751469,0.285725412013815,0.161365513499197,-0.240203593713131,-0.483645824551368,-0.584778171830972,-0.477862685103106,-0.500089647790519,0.112169418944565,-0.0902097468227722,-0.241247365037003,-0.251664559709717,-0.31660527031596,0.0574999454900556,-0.225852077483911,0.299653148099559,-0.122189335564451,-0.136234859653545,-0.392658652692445,-0.0893406962745955,0.206149257483292,-0.141033532579879,-0.24075604808214,-0.372046405048649,0.542439210034322,0.37846700164913,0.614985406588102,-0.209303320940085,-0.269262124419886,0.259361484935311,-0.0994985627423239,-0.242575802377939,-0.201735995565064,0.347991354161976,0.60587307646039,0.859151135749023,0.486685213767432,-0.110846147960967,-0.312001888807326,-0.0921440875451037,0.025705466305226,-0.170231352539821,-0.14271436121628,-0.379983416197488,0.0843362530415008,0.765259928887693,0.260871282847945,0.237621851021096,0.235844547611395,-0.527438996765119,0.0325576293894174,0.0584195714539962,-0.0945711764826805,0.493894631433516,0.0758110750533226,0.294670755361205,0.449029772189134,0.245987012757398,-0.657390790969541,-0.25707797217582,-0.0605680061687624,-0.343997072920442,-0.323591457381324,-0.0426672112956407,0.0555073202689309,0.224164462139139,-0.149135806073386,-0.562456677482848,-0.579665854874559,-0.0269815974275035,-0.697737133972307,-0.33773294193056,0.540166266854831,0.392252939235926,0.380062958941065,0.166723561331086,-0.103148878601973,-0.80925816952271,-0.641968005396599,-0.680213789077658,0.291583601846264,-0.810900398434108,-0.824987610717786,-0.441424324535427,-0.583293819674424,0.182213242719613,0.423389755431731,0.577203065675781,-0.112293699712772,-0.0673404064640926,-0.0535445814117936,-0.0664448361676572,0.0344572280610661
-0.457962252679505,-0.334927623902281,-0.201732137267678,0.244494849403142,-0.140604684945418,-0.169957243661344,-0.330749012073598,-0.321761721169358,0.316423809025385,-0.306275759624636,-0.270184972023449,-0.0170543011511923,0.375135086872157,0.325329095323492,0.629300230989839,0.383842719775576,-0.417517235991314,0.0481941413317482,0.578473821496016,0.0402705612082675,-0.201594145877188,-0.138249351209084,0.259999154272692,0.198468824583238,0.242887776250925,0.342619149369263,0.333724562018152,0.411872500144196,1.05904026314027,0.36307746208473,0.647552574566915,-0.551211266906324,-0.507755058119169,0.0181625399629839,-0.332412264519468,0.352992036851993,1.08129797766672,0.490194688511043,0.651438326622808,0.456408705393202,0.324685448604471,0.487170988705072,-0.304284887836187,-0.023826684126498,0.504138539865561,0.442102668492102,0.961537403891048,0.273751415927263,-0.22731148567201,-0.213688126476961,0.443561166391735,-0.322692957717409,0.21321749635063,-0.31901960007392,0.377548985587362,0.648751381144773,0.434118925805774,0.970075596578393,0.311308792823836,0.169000632761212,0.870942316938125,0.314282054144563,0.113696039186498,0.00685076621076275,0.15713102276213,0.70114854275174,-0.0602426373474681,-0.0613386892837306,-0.110497331640882,-0.0948420110385679,-0.0674403167831278,-0.293540249490916,0.510614174481219,0.090429786987917,-0.117576850802192,0.205342667848263,-0.26951177885291,-0.296517132133845,0.260424876836457,0.132291409721369,0.0856323044831716,0.571552446639488,0.154793391652114,0.0195642370008268,-0.252024164090462,-0.126714862252963,-0.422283569322211,-0.184636944854841,0.0987574168397438,-0.221704698161265,0.828001986543519,0.32324288316207,-0.240742146215965,-0.761754046719155,-0.065369534198259,-0.156968432682821,-0.048259502861122,-0.798115179980246,-0.296583697078247,0.370258094278278,0.365715845619802,0.0596064447622554,-0.350928365104902,-0.179380682678377,0.110293575585338,0.537366708663886,0.48693250939755,0.469127086672316,0.00524163735309496,0.283936795745978,-0.21477611740374,-0.60247661167729,0.0458668522166663,0.0698163100034331,0.0852755103059833,-0.473990640618149,-0.527243042835408,-0.0277146799440951,-0.213509501043341,-0.437331069430358,-0.625256028010972,-0.127901759337992,0.336330778126622,0.310172489276149,0.105905927382966,-0.358290969175503,-0.099071226487456,-0.350131990244182,-0.359360138583584,-0.119337693268225,0.926872155649901,-0.20937444580133,0.202530560968033,-0.213088604407726,-0.232919099855782,-0.302401011136134,-0.287315099628371,-0.012494841539426,0.249748288430567,0.27461921044734,0.556488966068049,0.520978700661176,0.609215870804638,0.193588055673622,-0.442719526191928,0.0593916316310596,0.238993923426979,0.189421533907902,0.327317498729982,0.444319329742133,0.442843907065979,0.178839099090194,0.188754160072084,-0.0605414608910196,-0.0405007009463606,-0.240559962823633,-0.18057926255978,0.112110254624527,0.214282930185983,0.141762063825201,0.0540445517354046,0.264493932659683,0.497133855410607,0.200929940141446,-0.224942344294889,0.203392505261539,-0.270043119603648,0.397840042173076,0.0761272926398583,-0.579414262239786,-0.122095075257306,-0.736547479215155,-0.365440118831245,-0.419756781131825,-0.597513861623592,-0.190023857531849,-0.208726942605868,-0.0891841063797622,-0.00440169850684093,0.220109361342413,-0.272108001350579,-0.182745013763944,-0.110724190077157,0.180205769639875,0.131008752146073,0.160698229774236,-0.236585641112539,0.166556855624984,-0.735005301823743,-0.373002017748027,-0.566538846731706,0.0523324266935907,-0.122858349955215,-0.671140168104901,-0.617939402552401,0.306376482602247,0.0637771364243386,0.197055737691093,-0.309945728857427,-0.0101604011007545,0.0395642766985927,0.0280677941321461,0.444109017372673,0.0298275244972354,-0.882000894761539,-0.329288642938612,-0.509352085597516,-0.515718488644287,0.069166894639796,0.104481759812214,-0.0970102184627927,0.655849704329844,1.03722387885648,0.582683054964253,0.616055024062838,-0.0197591754791719,0.0133336291263205,0.277238989114204,-0.146130339913699,-0.0132538259623752,0.462144509550575,0.108237172292117,0.133062286894561,0.692448698100049,0.823772303475397,0.0799455262616208,0.216601543370291,-0.333303518932751,0.289210348783171,0.0116221790346477,-0.338705014108917,-0.164536287142571,-0.0206186144373568,-0.910095957341592,-0.296020509979185,-0.00256786730995509,0.142815454441372,0.194332987507269,0.819453440685842,0.800757310885464,0.466014825156142,0.280462261456845,-0.0647935267849692,-0.359416999964478,-0.279623933425892,-0.248914490564103,-0.823571578637596,0.135270991661379,0.184368831644831,0.190199045401543,0.102260933775607,-0.57054122882089,-0.318706602687124,0.317425338480519,-0.362268609442287,0.274522401109598,0.399242930465212,0.542895480918492,0.783662264784817,0.488610567476501,-0.461755414544397,-0.151631266732654,-0.739775651533476,-0.239251498191045,0.073803959230131,0.0790508409647195,-0.0649753481073077,-0.228398188851085,0.384548725309776,0.111601679535006,0.997313962043092,0.93594626460361,0.234506626114183,0.605991201088071,0.0149265790964178,-0.00873810753124326,-0.116854409890186,-0.48826982718044,-0.284668896653191,-0.52615095500752,-0.528146853580221,-0.270682237673678,-0.192658415519304,0.246173377175074,0.243442063780334,0.0793011588636537,-0.249475054569568,0.0351512455425124,0.337686123080931,0.529234127566124,0.437140224806236,-0.500528802824924,-0.35517717376591,-0.505981615030295,-0.551484513568423,0.0136279979297764,0.369242023001475,0.218242260917477,0.205115673451489,-0.266403784661112,0.293600011078935,0.0362035204658385,0.389171927688204,0.626479020401156,0.0195484321616862,0.929328818092029,0.439653021370445,0.440363753362558,0.0514359411325759,0.298048405140471,0.297405135404818,0.0118927403962324,-0.127226648535102,-0.205106807020065,0.39872136894828,0.256128914575582,0.399700761456536,0.0447491882393859,0.090887104982131,0.14898303129943,0.16303959826212,-0.0901833362098746,-0.248022322175679,-0.802748440478948,-0.823527894032082,-0.341179477611324,-0.121291913697942,-0.189483084365727,0.167393336764647,-0.312310168455262,-0.220884248068454,-0.148053095905484,-0.329699288433772,-0.00618991368827512,0.382355335994426,0.148699283243535,0.476320784338909,0.267353904015445,0.36450664435932,-0.267619168677991,-0.383232547650474,0.0538663942769313,0.19873222154281,0.279457434838502,-0.185954242939928,-0.21119698938405,-0.212459930621465,0.427054743094358,0.551158214117585,-0.229085912339146,-0.0762124453740792,0.219564364348786,-0.092330352762805,-0.281390764881093,-0.629931281759152,-0.781220186551846,-0.595050280388066,0.173026820984038,-0.295029772817365,0.0666401304988489,-0.433404697175172,-0.121101530462439,0.621315185017864,0.348205021707604,-0.121226962849145,0.782571638505962,0.484734906873481,0.454405476923933,0.409268683799301,-0.185802094985622,-0.23018838944984,0.505614532665881,0.0253209403247034,-0.235686730976915,-0.345821855059081,0.0758106172182089,0.181284117547444,-0.434465955796794,-0.270237332467797,0.289208806789894,0.15827668296519,0.516274745219393,0.525596337332189,0.934351675605614,0.519994839618728,-0.125616865007542,0.0611948861355822,0.365953099603589,0.0702437663210686,-0.0139205580549123,0.084187661989622,0.487782385701354,0.28967929826457,0.428183083820389,0.291567071065366,0.571931534552764,0.492084741779138,0.148896602242034,-0.109494436715402,0.159476793794739,0.472577718554087,0.356807898810029,0.0682431983719732,0.257614931460136,0.527938423935905,0.147823893489283,-0.395128986077986,-0.04951177309699,0.042221445054246,0.397965521945582,0.880376831868269,0.638667221212284,0.0908325666462134,-0.00597194235970547,0.137375001965299,-0.00923531463527066,0.143282004321431,0.349210213273951,-0.0156764202448684,-0.186664511288069,-0.144968395777501,-0.147223197004439,-0.502212756503471,0.0537525262786688,-0.0566293689134369,-0.301057856329452,-0.253778832704426,-0.128249305933332,-0.61302617092224,0.190205414920611,-0.515511654259216,-0.0716600796565941,0.0714604680324555,0.175281020236234,0.335591830442114,-0.101369911930035,-0.0172246631542719,-0.18139828106837,0.100156050994527,0.625342500132802,0.172181195908995,0.449998292832738,0.40408954576053,0.0954324441210029,-0.0144885937580229,-0.500054744944016,-0.197845236760064,0.00493997522391472,-0.135465327652983,-0.214994760991658,0.564550867323176,0.273200360362647,0.176598821782561,0.0925334373148811,-0.156087278013678,-0.519944362963412,-0.657865571417858,-0.102060729897909,-0.107899376900992,0.51097767285855,0.375794581109697,-0.0366012975327302,0.0918176764632128,-0.258278311495469,-0.323252073854808,-0.5600885163069,-0.257086660401967,-0.0275342001035351,0.31424059238393,0.232203648910027,0.444738057525313,0.199000460991466,0.184003509342847,0.0268686680720676,-0.19703385666892,0.222635077645216,-0.413800906141677,-0.175034046534723,-0.18866787192721,-0.255704657399786,0.487241419981037,-0.319067011913384,0.121564243139595,0.181119540409824,0.299618333582316,0.810741991841696,-0.758115869995202,-0.0909530765085472,-0.285454967921631,0.270685522953349,-0.442119835878435,-0.397617134975327,-0.223127614477561,-0.346199216208601,-0.460149983706238,-0.16792399478677,-0.138438028767424,-0.409752041684496,0.00480726171069512,-0.0668785290807883,-0.467855742552052,-0.888960471234827,0.326375534605009,-0.169312114780554,-0.298006136981622,-0.162391949470575,0.419485753367697,-0.244967898268168,0.0567672313558822,0.674889358167622,0.675442962177816,-0.0535497640979318,0.59751955712096,-0.272708049552643,0.223391733957667,-0.110024216106918,-0.168875411371989,0.128662618618775,-0.234094997560608,0.127439654131484,-0.322992587165096,0.162593014626478,0.407073131362036,0.28663172321267,-0.30108283816857,0.103740396690352,-0.362364865784835,0.10339337444692,-0.129476179005829,0.0157970640582992,-0.124662616995082,-1.07365598695437,-0.201302816316641,0.502596175752868,0.345614285621011,-0.454122010546137,0.132362031870378,-0.286608445936094,0.491670468678742,0.451391970530818,0.582815920729732,0.112388832614032,-0.248864996524201,0.0150907074190479,0.197833410121944,0.395258427992366,0.524752704067172,0.659972313836809,-0.167349376746371,0.351840189255126,0.356073913223891,0.694261062805666,0.667272697760654,0.428834295248753,0.425270574299418,0.188305440070097,-0.0989651040474288,-0.38502541951946,-0.374951882312419,0.065630573664519,0.203082999027912,-0.109833158624823,0.177354120920154,0.993429903191675,0.744356628164595,0.198003710429671,-0.0312406445504711,0.102261932600618,-0.150028101062141,0.221090687445191,-0.143719111749541,0.09826453233983,-0.400592370683572,-0.0367804084164025,0.0595322588960413,-0.637081307693247,-0.67087775284548,-0.500067002017681,0.0156187656458987,0.531836806611679,0.0604046735265424,-0.486737239749864,-0.450632173579875,-0.395294271973018,-0.0224607677697156,0.0365745485397204,-0.219524765786228,-0.438585280945771,0.411345464198402,0.0467286702919654,-0.124466344308984,-0.221544398555579,0.0266136299967394,0.337523808768858,-0.00638953915231352,0.466815702444066,0.607570798512104,0.577390385069858,0.563614483567256,0.715402240175633,0.299859854705314,-0.276735295475159,-0.333551205111674,-0.301826830303583,-0.663516134910733,-0.424722619361851,-0.362961663068538,-0.135292650654204,-0.0924433811965783,0.0310411769015081,0.490021555426656,0.387575239464601,-0.482545012189634,-0.0145741685944864,0.260238847114672,0.280326978062136,-0.66979548078009,-0.578255935304742,-0.17842616593237,-0.0410847363580061,-0.308052896900339,0.285964204276498,-0.60643045827587,-0.294056271382811,-0.458935895030161,0.145714320729664,-0.491057957959173,0.275401825056486,0.336496854722887,0.0157938247983887,-0.262471701910823,-0.391570466647046,-0.659835224790868,-0.710524045752356,-0.428257160622909,0.369068838135115,-0.0532731577703769,-0.451642722772786,-0.154787224003394,0.754740957290125,0.746172697335974,0.0614551535720891,0.204486924646723,0.489816225566369,-0.242177489364152,0.327878400207959,-0.212871065816853,-0.155660279514957,-0.0102885356608029,0.604896106729557,0.590713905498628,-0.0146035263113613,-0.0126985849651588,-0.419765261333277,0.151523256988789,0.0465802894534209,-0.29392332201502,-0.167052154074777,0.261066683989046,0.357731821742176,0.245084546779368,0.868968835578537,0.0305495402670321,0.138325341198542,-0.391909879615109,0.0869154453155461,-0.225674072370284,0.194098361392625,0.290367265969207,-0.240894679808298,-0.452228720416762,0.370774382543189,-0.702131763576577,-0.567733096777533,0.114936327553235,-0.0154724088719624,0.0909543331245641,0.11675386415227,-0.293943385565787,-0.382974752921198,-0.433896261380384,-0.60394865952242,-0.58139010737584,0.0909583909537773,-0.185036333419055,0.0325529036425552,-0.379066836705077,-0.49200453142908,0.201728133066813,0.061666888651643,0.17372470548703,-0.258466933809917,-0.254606894378213,-0.418065393510258,-0.315558771258425,0.0468209384652876,-0.163640431764114,-0.420085967072563,-0.266943132094455,0.440506753126627,0.296795857215249,0.48019993177204,-0.0858380665211585,-0.418020406525221,0.263339643199537,0.0469013763586886,-0.103493972516907,-0.377966949749449,0.299674729188429,0.562434669364078,0.864510403319767,0.41132721789017,-0.0520882674010866,-0.476440143816737,-0.0907979533531884,-0.0378863530479153,-0.0105385885781595,-0.144112135059741,-0.544570228943305,-0.0714009520068607,0.747605200713879,0.34310587525323,0.41546236957452,0.357790175532931,-0.522756135738033,0.0525355124733422,0.0249173559097726,-0.111426997874825,0.316221754892105,-0.087417462396628,0.419984386399387,0.495881294511675,0.343768402955396,-0.673851649574382,-0.349349311574494,0.175578068963324,-0.269891474644339,-0.532151530241647,0.12891020779064,-0.126510727408424,0.0978019825382606,-0.125905893572546,-0.463180478773617,-0.335675267608411,-0.315286115646959,-0.557819506074014,-0.066631875337012,0.533553496608507,0.16022197122131,0.25468043385565,0.0303134890577844,-0.094977095048666,-0.6132824834747,-0.557287660667225,-0.631733984912482,-0.015589213991608,-0.776997894902939,-0.838227753208187,-0.302860494961857,-0.583778722982763,0.183170086828527,0.471225604247571,0.545803422434501,0.0200816299767436,-0.112443264559589,-0.211005308255087,0.0726085954960124,-0.0907358249005506
-0.0804777952917116,-0.0245470950900964,-0.0267955382967921,0.0451129646393961,-0.0465398549605246,0.0311760659270471,-0.325887304442209,-0.147807946969268,0.090061779477924,-0.0866187262874194,-0.161314793247162,-0.0994253506984543,0.169662611195069,0.0287429084133016,0.354213244316269,0.20294986109068,-0.213345192587647,-0.126187558677177,0.277006818734427,-0.0592805692422593,-0.118632278383227,-0.0658740373209922,0.217531825778831,0.113841025651637,0.131040749245039,0.26183385406103,0.274853906407029,0.0804140164289353,0.392619175525133,0.216960330872472,0.266050140487065,-0.195695049537088,-0.229115417472696,0.0109626063657839,-0.168472391108371,-0.0240024607333167,0.444470447974048,0.229719866056696,0.250733049972522,0.150088749058454,0.135459396373542,0.252665819517416,-0.159457903624513,0.215088647894309,0.253548493158125,0.103727531180169,0.533681674525157,0.112359495567023,-0.1313888208562,-0.0557882820824207,0.260237779933794,0.0571530833655286,0.0506521403299259,-0.161449772821121,0.0917048520852866,0.321620771648511,0.178560150181858,0.252707770509395,0.122113772187113,0.185064678135457,0.133458742015662,0.144878579960599,0.232959128358818,-0.0529371242667314,0.179631799256881,0.311694820863686,0.21309838677403,0.118777960211831,0.193515288557311,-0.105813590805115,-0.199234188942338,-0.168024171145659,0.410856364059426,0.0459930218910719,-0.163463474679939,0.0526581214280362,-0.12745054894968,-0.268190596982332,0.0774500337891511,0.0459129997351048,-0.0160615324340523,0.154175474284858,0.112676389388221,-0.0527302225635609,-0.140761337887491,0.0677177113314832,-0.288719210530477,-0.235240470972066,0.227650349523222,0.046096988855057,0.456883821929904,0.0816708584516529,-0.196110677789404,-0.357342708128458,0.0281670474713032,-0.00371112483137856,0.143279684914529,-0.262090426701921,-0.236787121273862,0.127605945700304,0.0528275818388842,0.0149864740211522,-0.268199271008491,-0.00176314395555996,0.119455230012702,0.417144962455861,0.31448643019603,0.218770616578375,-0.0137815478189893,0.2208191445979,-0.151019248511375,-0.301919232274295,0.0347768857371671,0.00185909633071069,0.062636563757592,-0.2706485693505,-0.290518997175965,0.0554681271212473,-0.100319842803226,-0.275847938173586,-0.339023398709631,-0.071945987165854,0.192018985701771,0.285214435886979,0.054500436742896,-0.0393792780749275,-0.211284086747921,-0.233347121726206,0.0812508221447971,0.0755005658743785,0.449253398360578,-0.0697925651320515,0.0322454934048921,-0.00249823678662106,-0.0614173646270668,-0.140643152651604,-0.0525243205796338,0.0656509555739791,0.067462111395102,0.0989064960235831,0.320575603256177,0.327706785497642,0.299439757379963,-0.148664664759555,-0.218828015395556,0.178558355783029,-0.0993513169210286,0.116916492263595,0.289865641782854,0.147062392393922,0.213271018719013,0.0602314218666566,-0.018626605152149,-0.228038806308863,0.00721168642579111,-0.175771375288576,0.0755959009327304,0.172364879935068,0.0606274846588471,0.227512802636617,-0.0873193630273288,0.105551909052821,0.16823040853864,-0.0748060173298378,0.135353446841922,0.275511872716555,-0.0375494994447182,0.261222685375012,0.0180821460021998,-0.340325373043855,-0.0702110404050237,-0.299297078423838,0.0690187076465533,-0.236541765757354,-0.294283296703764,-0.00394645892216505,-0.0450012670022268,-0.0152777294968015,0.0353552373565796,0.113422344343935,-0.251339161006305,-0.0893049480577151,-0.0221452518590441,-0.0149710058936831,-0.0406138992791939,-0.0167396537386221,-0.100034701285233,0.19215812125458,-0.51240705803788,-0.0210849632315431,-0.248985296998458,-0.131609675345253,-0.0219552976728442,-0.124557478482975,-0.176607266765671,0.325290527147765,0.134627624028043,0.00808965584514468,-0.322044308931934,0.0375853212064365,0.164153352234645,0.0248917261758598,0.230577384937303,0.209861378216327,-0.382492397238966,-0.0912068974803985,-0.165629196632106,-0.243851934058928,0.224246023217857,0.0568207632619045,-0.17196079116898,0.294983546387298,0.448161686912124,0.0995592685461071,0.141324984231902,0.0189838239073155,0.0752879624514257,0.180104460525566,0.0469387476571579,0.0856905636420097,0.169661658846138,0.132714397783209,0.10222866780539,0.115793100203004,0.46503648390657,0.132696889031949,0.218194649186819,0.0305126863786968,0.109054794838404,0.0337877684337372,-0.0737006075675018,0.154954513713564,0.00766987568701611,-0.210601680611362,0.0285184348018757,0.0742932305974389,0.200457206338631,0.00770940820560126,0.262433642395321,0.229526645199139,0.256235555534688,0.00635626917327803,-0.0760261799697171,-0.245799897142175,-0.200067908652168,-0.14747035409736,-0.295274037095705,0.154967965853057,0.0731134749586998,0.0756867894266693,-0.0263085333377637,-0.403281301393437,-0.240829758252148,0.0560245148316136,0.044538710263198,-0.00784230112910243,0.283397793553745,0.362162740454454,0.194664225724562,0.0280460604898475,-0.171987230905921,-0.254734289358566,-0.311102769808102,-0.150247936529932,0.118657080679783,0.149595110230903,-0.172499775491338,-0.228976854510806,0.235758909898684,-0.188547274902116,0.618994285084659,0.427179513753702,0.545560051261623,0.149226679020278,-0.0768146443258236,-0.115093679077719,0.0620525308351808,-0.149824296144651,-0.0310703079315703,-0.352835393353789,-0.28847295430416,-0.0866724111136848,-0.195759933561329,0.0954737522893736,0.231883103049604,-0.147695377914293,-0.0693523736417235,-0.120396931134074,0.0862614968036984,0.425892261666376,0.316175327930267,-0.24073143883632,-0.128198343859918,-0.341566574598401,-0.172375882663511,-0.0536561650514141,0.277246441929571,0.0340212113300488,0.245302872252796,-0.0364811823050632,0.0586954386017467,-0.146464336926894,0.185860067884652,0.266862300744049,-0.191731825130407,0.296284355847042,0.272959211647481,0.305664674306293,0.0558352127533418,0.0585499512070627,0.231257565512081,0.112399888350433,0.177477133412477,0.0589704467152884,0.230906908280989,0.193297599885862,0.132138127994296,-0.0389076753473513,0.0206877868287617,0.00973217694011456,0.112045687554745,-0.00611619013930652,-0.257225411233298,-0.323808022482719,-0.177803352533328,-0.174278710531744,-0.0580497052520719,-0.0454387981243571,-0.038306736075763,0.164922911337364,-0.00758668851578553,0.049512066889684,-0.265793633913261,-0.142010323233639,0.0116079045495478,0.153170085497881,0.276053890106213,0.107390259701835,-0.0596642001472475,-0.184409158666922,-0.207664684419266,-0.023293117973723,0.126357110958861,0.158269772001733,-0.0100584815642778,-0.0151616946793026,-0.0988602915161489,0.226880407935256,0.199239020919475,-0.12190799685379,-0.130748364368574,0.351806573448577,-0.0393617108699967,-0.0416552441512516,-0.308059488792649,-0.288834701669248,-0.31575315389868,0.134135506479343,-0.233034877735871,-0.0121443044353876,-0.0567255228740463,-0.0410045138618317,0.200369440120923,0.331590759218949,0.105115584972025,0.29108237713185,0.115526712477026,0.310321032491688,0.0405941647321867,-0.204865548255711,-0.0941878130811454,0.373133304488281,0.115520418154511,-0.16316964542611,-0.251331929788876,-0.13857693491027,0.186841284134966,-0.192401805414935,0.0858843554312891,0.192209460458481,0.0230613848010056,0.213326571744297,0.116529542866237,0.577129820887646,0.488112144003935,0.0593537795551412,0.0693775124272625,-0.0104653163089898,0.064222966292847,0.149470456287107,0.0839282696107619,-0.0439046932266297,-0.105193004062944,0.29991187074992,0.0783384337884813,0.426220730999711,0.272058819868617,-0.099900827557083,-0.124414867488724,0.132441807555152,0.142495972579557,0.0344811730746856,-0.0754839714649958,0.175605268206202,-0.0460043106699755,-0.166699397608602,-0.0232843287132912,-0.144017092746681,-0.228368376555493,0.315939122678022,0.223460058740675,0.20153348879851,0.151526191408901,-0.164941446649218,-0.227126748553603,0.014357492497259,0.13380708784174,-0.104732350755333,-0.151886375172523,-0.142618121011738,-0.0601977762268897,-0.0781951627291708,-0.326057580679906,0.0883513202104978,-0.00777207526347545,-0.33676148588839,-0.130179312545965,-0.117832103856439,-0.174199469011635,0.0515382741586027,-0.163867961720868,0.0754107534931533,0.104342265768824,0.304391540826692,0.0810499042121344,-0.0632592408901689,0.097919529561963,-0.0247431576958399,0.0436794966526094,0.270910590496031,-0.0344568546909053,0.248866677584662,0.111740225807741,0.189867267465997,-0.0141240994792345,-0.174134282429924,-0.0390980692107232,-0.249738668385537,-0.0322555790762783,-0.0180777698347868,0.278949933992161,0.126720193451368,0.387342218252225,0.0306296236436045,-0.203214620867259,-0.253612407624425,-0.425261652124563,0.03657175789123,-0.0758440416762384,0.103316967407703,0.102406641950312,-0.161358143705427,0.264417453646916,-0.173087092417907,-0.389126441441823,-0.117346954864273,-0.0572253946018287,0.150055283196927,0.214406259373232,0.230079621871526,0.309298610965283,0.047823909338721,0.214875010093832,0.00647164269643711,-0.352030200041383,0.0387210292585431,-0.37476946727164,-0.0930995384322296,-0.144254570565085,-0.320752094276016,0.0577208145358634,-0.0678098737701372,0.310639875329789,0.24969502427902,-0.0344844123105971,0.583767923400715,-0.284553698769449,-0.0732037133502705,-0.0857898607616624,0.116405209538317,-0.143308701684652,-0.160351912630537,-0.00436563186002761,-0.127971537011744,-0.291493812875065,-0.00927367572571411,-0.114912883774554,-0.0399885377098323,0.167031919700762,-0.0406621916783014,-0.182467501503325,-0.542133214217402,0.00735931404090143,0.0107104875638875,-0.222250071118613,-0.294803950854702,0.212911258263889,-0.148298637907663,0.160088220791208,0.293391408988064,0.325502911153264,-0.0535140973908356,0.353356677437524,-0.188112113281521,0.0481383949619389,-0.0218997766882074,0.0306224160403899,0.109147849661235,-0.20540842017212,-0.0188707194631102,-0.0170642283469732,-0.157626976081722,0.149034833626353,0.230361428984708,-0.143381902800697,-0.163549243217956,-0.133806576068501,0.10562901239369,-0.0997693666835006,-0.0447745410808819,-0.0299435878630479,-0.572795228606038,-0.154261009707996,0.341698542503061,0.13586193387154,-0.153294776491151,0.120222699180525,-0.377876521009368,0.257227658963195,0.0830207441618304,0.213100517397725,-0.117054873778126,-0.287555624352721,-0.0147637523628722,0.0089596967293224,0.241965524301103,0.136073731814886,0.24371690834911,-0.24165825373187,0.116509649037436,0.39769058932348,0.229400843747296,0.519679831184143,0.119227724098261,0.228696603242301,0.210093058845976,-0.112842350552655,-0.295740138750591,-0.151688548408984,0.0312231960432736,0.180246890399157,-0.0750570515270879,0.0382778480063423,0.630610094061431,0.39007826235781,0.0552640355945626,0.171546653741544,-0.0453669878744797,-0.310975386161657,0.101531771397755,-0.129215477395249,0.0258078318022206,-0.28323156249867,0.14587639769616,0.129757871653393,-0.276750386605705,-0.177579184743376,-0.202381707760347,-0.0188685626558367,0.0560135212313272,-0.0925263980200823,-0.224071551522633,-0.308038403984572,-0.0339230177985239,-0.150775053014978,-0.020029119525493,-0.0151387095058942,-0.345784959944328,0.155245785963666,0.133864973622066,-0.175829259233265,0.0258060520178744,0.0234713715884617,0.0482229309723743,-0.00793312804866493,0.24920702652374,0.358276777844236,0.256160744785248,0.217157533086856,0.27175403426893,0.123635119888881,-0.128927655145563,-0.176053997910914,-0.0351248214667448,-0.225338499199789,-0.12842287591178,0.0428252477368645,0.198037908714826,-0.00953490390059345,-0.0524332222216684,0.301751256335065,0.31001947018899,-0.196316364524447,-0.0315584851467429,0.261190358025938,0.233422846105002,-0.378257162243068,-0.443264717953861,-0.0448409485819959,-0.0271909450995949,0.012442576923048,0.0350778126828667,-0.294584044350884,-0.16213563099045,-0.152412763102471,0.00811855320759787,-0.332127721201896,0.338326901354419,0.125273909723056,-0.0112627329773161,-0.0750898167293867,-0.12685426502798,-0.196659097094283,-0.320667763320275,-0.206557633996045,0.189054305895886,0.000691948646965899,-0.302451344716574,0.0618437535538756,0.293528309887692,0.385509925115261,0.000788763606078019,0.113799270547848,0.0241119556092075,0.0035361653170829,0.179022539572633,0.0658934579317217,-0.11962894254983,-0.00743381176688094,0.294129954235268,0.26628016070649,0.0274269372600635,-0.0311291124148269,-0.128800184045111,0.236254813358713,-0.11680305238764,-0.183413514530548,-0.0500530890457846,0.382897037873082,0.185589262537647,0.261850397743401,0.317828998687319,-0.054534051560379,0.138390282019765,-0.0635633538594023,0.00937955878043902,0.0306143928663053,0.132825690478639,0.204305671429355,-0.187651265703158,-0.251335260165851,0.0855708515264836,-0.342730886607716,-0.150218589206424,0.0669693123297465,0.0493957271681238,0.113828669537257,0.116236626401128,-0.132052581160846,-0.328230183450684,-0.217274795420563,-0.0175155070759248,-0.212162343739738,-0.0652929178050958,-0.0839760632321292,-0.142199708273735,0.0515578179755541,-0.303412869148119,-0.0429256794555053,-0.00867910022478623,0.109360089689224,-0.192171141677656,-0.0596223248306868,-0.331509083121315,-0.270033606529327,-0.0593014173130898,0.000764765592766378,-0.433148410793442,-0.183833915912491,0.313158837978168,0.186809324523052,0.14082705670328,-0.0626605047402495,-0.124328617790335,0.161670773676933,0.0263247203755657,-0.129563211238478,-0.0410104752295675,0.28164253515938,0.408476725407781,0.345679831785452,0.0752744266336967,-0.036246651402253,-0.0449776708588697,0.00844633061959746,0.141602975582338,-0.0149166137879897,0.00538558357085779,-0.186421913347599,-0.0729049530641412,0.410661428131534,0.114704952150215,0.445542918026419,0.160386941878854,-0.439853550664072,0.0349745051726868,-0.0532476504925038,-0.155023411472597,0.0622467444258448,0.0828819129300285,0.0107969787686587,0.376567690122243,0.181832492147662,-0.0485895926511227,-0.208174760702041,0.112846048051315,-0.0462917041519795,-0.268377550581481,-0.0302555839784007,0.0792606403906865,-0.0320488948332195,-0.0784341197999772,-0.133406916496391,-0.128920821139741,0.0164038366763496,-0.352068246854635,0.0221016460160702,0.198941716472569,-0.0592858417456866,0.0884329022696888,-0.149135623988866,-0.0869301424334849,-0.153392650406002,-0.337649601823542,-0.305318447616617,0.0691151173328409,-0.334356566181204,-0.325449743540494,-0.176764315922877,-0.145764673047459,0.183322866076932,-0.0182761783837593,0.175983855262535,0.0241836985410322,0.0586434670815693,-0.164788108098285,-0.152477306974718,0.0154834158965335
0.296077204808428,-0.0125252748628788,0.140194026137375,0.074271538101202,0.0412826033121309,0.0860226223509799,0.0179475283320578,-0.126429084600357,-0.0117017500395895,0.110004178856425,-0.0719094005728172,0.156441372966283,-0.0487706423019184,-0.0141087132611195,-0.0149106095470286,0.0697691868821498,0.139427231177889,0.0697110054895267,-0.222773480229436,-0.0959472792721958,9.82140492458011e-05,0.0672384135292133,0.000166455549248941,-0.0709509709035416,-0.0428342894691191,-0.03831437972124,-0.10995108942056,0.0371941478093849,-0.160386648652233,-0.0501787137207467,-0.216370508125359,-0.00756173005470406,0.197588660265899,0.0306456443928613,-0.00101473802096255,-0.0236359291359007,-0.346169404473292,-0.140452065431243,-0.190915249806632,-0.00859367075859166,-0.156995588667032,-0.273815645040687,0.120122994809352,-0.0420678857334015,0.0865618372038644,-0.0902486197048456,-0.103628102117712,-0.0493119428328519,0.0114008777727577,0.11578005349975,-0.0936261531735592,-0.123412403522518,-0.110123780240008,-0.0478045316056948,-0.0697065838965394,-0.0950393348830892,-0.014460763107289,-0.188454437392983,-0.00843200467873201,-0.0674621294781281,-0.387066601927433,-0.137408981255667,0.0746285048527946,0.139563703364227,-0.294536063030798,-0.101710776052836,0.034770085613904,0.0173573507214574,0.117243346912714,0.125808102221717,-0.00561325637632721,-0.0385811557729504,0.0883064628862478,0.0456894458109134,0.0202422705454909,0.113548088983825,-0.000615784738459003,-0.0059656093035499,-0.0870267688697582,-0.215530401981978,-0.115155160258564,-0.0866969866441678,-0.197498427991094,-0.0356621878881715,0.106551127609109,0.110734823449768,0.164246593567189,0.0892454913970074,0.00199516032386196,0.0167026058578017,-0.148414810924332,-0.0169950171896229,0.0780834834904595,0.12826268218742,-0.063268933536843,-0.0438156328262149,-0.085877644320856,0.270024040021456,0.182054248916297,-0.220441051841986,-0.0855089921232931,-0.00105762109421836,0.187916177259257,-0.0104804192856797,0.0775183470138424,-0.152595396227104,-0.0192524303505883,-0.114939596406988,-0.106883659084977,-0.0157120718041379,0.227359807783507,-0.0645986804616835,0.0819200264453685,0.0962777249219714,0.217506309532069,0.211759435542556,0.133078468822811,-0.116546180309182,0.0323753606441334,0.0556910361426138,0.113895975430227,0.047522667098773,0.0316089577672817,-0.200780943199181,0.184836242937137,0.10140171837497,-0.0398187939485288,0.0461144451699502,-0.0435563664108724,-0.180439520983615,-0.181578972598593,0.00934398660078456,0.0231117968481388,0.0203877475497805,-0.0661257781051646,0.145113969899853,0.218338439987054,0.0268744179391275,-0.08027239734642,0.0308492795651008,-0.195097813078358,-0.110977975783333,-0.243612360898027,-0.102270727176491,0.146861872488142,0.0365004277531714,-0.0691273179336654,-0.0277472537130131,-0.211979620532371,-0.00492363271257912,-0.0536726825954787,-0.0142276794513283,-0.0114018443733656,0.130735512041425,0.117466958676302,0.186595169509573,0.0167425938797389,0.162052335884342,-0.0312367721758666,-0.071759881150374,0.175154901887222,0.120970276702299,-0.0831090705728678,0.0832843903995127,-0.113586437812676,-0.0276361764217163,0.0371469107193339,-0.160669814005229,-0.0391318912841297,0.3225610409542,-0.123359747400825,0.150283185722046,0.129281874170239,0.0223690578821724,0.132987287657138,-0.0109007102665436,0.347346822098148,-0.157927131398289,-0.0180400195457401,-0.00411730807185114,-0.0478976624539325,0.117371738433067,0.121695403534523,0.0806736007746593,-0.00937019469875719,-0.0886627716072253,-0.0293421659781284,-0.0379440576847216,0.209877245354998,0.0999517286955223,0.0818047892627761,0.13421286292179,0.155890608348409,0.063827830720499,0.0535977011139866,-0.0687054646685131,0.0565559025728681,0.0646310840854158,0.152889411036259,-0.155744980015893,0.00736489357071552,0.0469635813733315,-0.0829568944643754,0.0772945328949259,0.173875353103761,0.0164452033253032,0.0533781212494304,0.135383928051257,0.0673340443027608,0.210182302560078,0.00386424213787682,-0.223009102775699,-0.0134187055634724,-0.0411431618091905,-0.0956573417849765,0.131593097716686,-0.185569841774897,0.0285408234891992,-0.0250944058085007,-0.045001166649273,0.0845423458741858,0.0460100641607592,-0.0228195229895641,-0.228676970492241,-0.122593742622222,-0.0811453461602737,0.120638359759966,-0.0015483465859553,-0.102838633015238,0.0685562005828094,0.00604369951881125,0.0573805745458943,0.187171826692445,0.196322455906187,0.156065580638528,-0.166496788368441,-0.0417099333451892,-0.0437919395939604,-0.18866873347243,-0.029601092020799,-0.0392919311669962,-0.246571352900787,0.028821080584234,0.129426374789441,0.114130587775261,0.00789891125471361,0.0957977593512709,0.0299676657823187,0.0691600538778637,0.0449868383257862,0.0238279111568911,0.207027333852455,-0.0721208203321169,-0.0874255811257161,-0.00971016511858114,-0.0448015762271942,-0.253051707866234,-0.0309861812724733,-0.237687487394664,-0.18635560307148,0.186993413419303,0.0308156270612946,0.191951980031129,0.022214001221105,-0.0207563078098346,-0.187410062619546,0.089280965353,0.13689932327017,-0.0784994812905759,0.0305069119045447,-0.197229807645743,-0.188839374442738,-0.191930701452166,-0.198742776796055,0.0174422403362083,-0.0195425278503149,0.177835650567787,0.150963265951121,-0.0361197963482621,0.158164261563868,0.1632358474855,0.074783842017408,0.130890242582636,0.0653281038323204,-0.0996223925838689,0.0775035298798292,0.112632943792245,0.00592277553056153,-0.139042097435944,-0.222460970874355,-0.16553105725072,0.175455139069747,0.254894954031456,-0.0655880122016105,-0.0475047701249481,0.0479732204003712,-0.0932870072980126,-0.0400164250141423,-0.216514572853537,0.0729748358851277,-0.0124479178140322,-0.0560333485757568,-0.197701137229843,-0.328214049516839,-0.0708208590507701,-0.210518665836513,-0.0444742162337222,-0.0310317826479576,-0.101623509238193,-0.00640110392211388,-0.196036579345461,-0.056188749108673,0.122838123246287,0.066608464470391,-0.131646492314851,0.0829645861012364,-0.0042635642979249,-0.110489020157668,0.220785456580911,-0.199501357114117,-0.178961722227455,0.114234193278563,0.178911675276693,0.143439223415477,0.130376876390865,0.255366392590915,0.0814951123678902,-0.0524253795945894,-0.129961168799463,-0.0208952474834361,-0.0962403372199812,0.0153143402663577,0.10353880796287,-0.0458966250521005,-0.0284347684550444,-0.0070110625885817,-0.0428619470656905,-0.289152177789632,0.0302859975928026,0.0298570948939047,0.12856477044901,0.0981088542876625,-0.149148885715311,-0.163376851992105,0.00715963581609387,0.160111074613338,0.0225038868305956,-0.0105173430648475,-0.0405898076309832,-0.0361688682467866,-0.0106562001624122,-0.136087315941155,-0.0362830944292806,0.0162987686949638,0.275392584724303,0.203990222798297,0.117078769225794,-0.0873371355168875,-0.0759167290217171,0.0830359170297926,0.205960125972668,-0.0659314743198354,-0.174817629676714,-0.161950340058054,-0.178804742900771,-0.283395525528642,0.000861539353338978,0.0407339457983988,-0.055520347688663,-0.0200168013676041,0.0267821169327214,-0.268813395259289,0.0625435846885689,0.185256859904388,0.0360254115597925,0.103649456042364,-0.011433490906668,0.130426894943174,0.0103354854535029,-0.0570009556079849,-0.127928412974825,0.0493878644558659,-0.0950500017758023,-0.127213682652685,-0.0623591429411675,-0.0491861612355392,0.00540271018266721,0.0170788742109373,-0.303104794486723,-0.179413411963837,-0.160271493484984,-0.225326808562336,-0.124376127248279,0.0202778270409603,0.00692160360173989,-0.192547111452322,-0.210647174809141,0.0635064530888413,-0.0501452078882607,-0.0420445686463323,-0.273382983000184,-0.155100187658348,-0.00723650001194058,-0.0340475162680438,0.0447853974463177,0.0117257527930043,0.229559746834429,-0.0307326297683309,-0.00361295018564588,-0.0928868903587199,-0.197780471284076,0.0687691536431778,-0.0776735324700095,0.115370354599227,-0.0711441830819373,-0.0479003000127076,-0.0185473089767402,-0.0658039664606356,-0.0251241897991625,-0.0406434977832143,0.057032695552912,-0.0688807562067906,0.242125529402416,-0.0929489102598307,-0.0850005241907319,0.0582777938132389,0.0376563871194741,0.00344020241029808,0.192415719971795,0.209690385449426,-0.0610471336849487,0.140842449030017,0.024676838525812,0.182955356214923,-0.0057098187601333,-0.0479551266218929,0.0897086936698022,-0.0580751636388102,0.0697921620261121,-0.303775372680133,-0.0394250887899697,-0.203792598783739,-0.089600187211253,-0.0215130554344303,-0.0514847494724483,0.316161917107436,0.108985789764263,0.0315563065719021,0.0378103268107463,0.155029616464671,-0.0175304978740301,-0.115248845416542,-0.156696915986348,-0.229781690741369,0.0933676604195132,0.0606972884078996,0.159484893940236,0.101970585499176,-0.059751825287921,0.0843068558320094,-0.195080504873249,-0.116993174075434,-0.0484931594489436,-0.0710928892399606,-0.0491542845783859,0.170043640280419,-0.00135388451250532,-0.112674549613314,-0.0507593983133042,-0.0287781793347461,-0.195703467094319,-0.106167992874555,0.0101474807806963,0.138597806945263,0.07674899572705,-0.0183880239613309,0.156293446665067,0.13108145513939,0.112041986128367,-0.0471171042912267,-0.0522636059963282,0.0325179683972725,0.0817028897695547,-0.103017702120338,-0.123615683408447,-0.0381116335102993,0.188650840115114,0.0735035962920193,-0.124073207281849,0.132869916812526,0.229123515191068,0.121888758854557,-0.131110937300704,0.171395254266508,0.164251875275251,0.144224502535214,-0.0604103040513763,0.146962017915535,-0.146935837219297,-0.0413318630676615,0.206922332042612,0.0770803096547594,-0.0738357893422648,0.0763370616234176,-0.0249830191582976,-0.0625323284552776,-0.0448230078965977,-0.0997926034349922,0.0355235826558406,-0.161969771013806,-0.312846190110155,0.05471795824855,-0.0273351952008962,-0.0552609385004143,-0.134193594435427,0.0101272880239403,-0.030574572850008,0.120700590743867,0.0560250826089012,-0.129695860545042,-0.123320412467824,-0.00579561946902036,-0.209010354736119,0.0554630902297091,-0.0586040683597037,-0.0387205308679983,0.200999594214688,0.0807770396464579,-0.111430125004962,-0.120202555909465,-0.044007072739335,0.215657235491699,0.0841350771859557,-0.354216509506804,-0.0775298236806515,0.125505959586235,0.0685861383153822,0.0171539556432164,-0.0685507602470216,-0.0757350421054065,-0.104304850077647,0.0190063026742784,0.175149200588246,-0.0174019388115143,0.0498768578055989,-0.115036981683605,-0.116134905166706,-0.0432826138279747,0.066382198121496,-0.0577126060681728,-0.311853344717973,-0.320364783072353,-0.0122578808467257,-0.0851885858866212,-0.160244814886139,-0.00276728511173598,0.19762663723521,0.125899281556439,0.360160036516101,-0.0290667517530373,-0.0888234379103647,-0.162670756865218,0.0584365322374029,-0.33255997912304,-0.0856698330411056,-0.173353927133585,-0.0318736459386624,-0.120600332587281,0.146125952764583,-0.188185747232774,-0.0589770228294454,-0.0599233908082986,-0.0686801913516064,-0.107744464935402,-0.0662935256133598,0.124459099660782,0.189212877747934,0.133834006851758,0.134025522094017,-0.142886594514548,0.155833191505878,0.262741405271748,0.0352547592851787,0.0834294384980651,0.067552605998702,-0.0676894856093682,0.0222012143900411,-0.130171127514327,-0.194110490405705,-0.205355348763375,0.257661567437623,0.239999359384307,-0.138046373634329,-0.174555242578393,0.0265380422850236,0.176846166182276,-0.0655139683393662,-0.151642988226578,0.000905774133683271,-0.247391281752285,0.00512646963754584,-0.0217186665875095,0.010693164731339,0.0863122345156627,0.0654214665926239,0.173540190951982,-0.00319359571556851,-0.0590401582692269,0.0454818853665404,-0.11186076118979,-0.0292454532835043,-0.142163924922017,0.220585281665834,-0.043548041243921,-0.0123624818453913,-0.0240768843424404,0.0250056697225871,0.322530590305023,-0.0763347145633346,0.121730988385956,0.154629766833256,-0.106418252091565,0.100870099006567,0.0855966568907392,-0.0379391541749784,0.0563248901365726,0.130268234530765,-0.120638931351225,0.0175615810845749,0.138930835279726,-0.0280552358513744,0.204290159357662,0.186068066113427,0.172397997108083,-0.0305012476872066,0.102314182124889,-0.0344026589915642,0.253816509694211,-0.00126154596806896,0.0724027309391015,-0.32205894336615,-0.175459395177023,-0.0366184954868148,-0.149467755032036,0.142537323276287,-0.0215529991504395,0.0139220346015921,0.0718471018207537,0.109415001738703,-0.036253685496011,-0.364759783369928,-0.262392608368982,0.115636609949329,-0.0674417552572211,0.107944536268178,0.392949997191275,-0.0411722392457455,0.0451490495872977,0.000188384218663656,-0.217871465804484,-0.0790317610441006,-0.0330334697000738,0.00464741045455511,-0.0726105737982869,0.175944427636333,0.0632776319914945,-0.121319771435657,0.0537089338634405,-0.0598129053684421,0.065891567370176,0.0935868186611181,-0.0279097165437317,0.114556689716923,0.18336007102608,0.022907285396009,0.0809239289323897,-0.129013874104947,-0.0267641400632191,-0.0442476664964873,0.0758083391224692,0.039216299245387,-0.0746814713404319,0.0168290685970561,-0.0413475547930492,-0.037759611606434,0.00792972305793728,0.0623643762679168,0.0229665125222313,-0.0566334047317702,0.0890582851876192,-0.156450321630448,-0.0413443815904192,-0.0154291773888014,0.0616125345915596,0.0493047767218058,0.0140391088864265,0.0652191213976267,0.113097242571228,0.0323321443028396,-0.0329991278413846,-0.153230490657474,-0.0763459491655522,0.0488925593405518,0.0687937912612832,-0.0493965931128382,0.0287616305532301,0.0964011724710119,0.123262842676262,-0.0997675979946109,-0.204398438023994,-0.0492045863269151,-0.164511093991938,0.126940676523995,0.119602948564066,0.110679104199205,-0.00524304019969131,0.11908583471362,-0.0177685585080027,0.292393435007109,-0.0761149381815614,-0.22574548313981,-0.18903867942543,-0.193193603586825,-0.0152121279281872,0.118768511291157,0.0240660250257607,-0.11651753340862,-0.00278778046743442,-0.142054242969907,-0.157942343658442,-0.20898064070663,-0.0418979740188027,0.0157707793060969,0.125691987623989,0.0462979757164222,-0.0992992807012814,0.043994833905599,0.296434452028465,-0.0560582912501188,-0.0490991372367418,-0.00276491463724313,-0.0792962971469126,0.113051982822488,0.245023623316993,0.0619971142298053,0.062659990311431,0.0364963521034393,-0.185107235764793,-0.220663939161474,0.00379253375931572,-0.124199700467099,-0.149149023975508,0.308916205050686,0.160323059428396,0.236288656605349,-0.0964199701419132,0.144988834429185,0.152587229612976,0.191221647339278,0.304836791132171,-0.00830101290535683,0.05499255288548,-0.153665341406894,-0.0459913870569784,-0.0735057595880528,0.101573204545626,0.0609316729225204,-0.163428398060168
-0.369778765612085,-0.143351863133392,-0.288189844682319,0.077136551428124,-0.221074696894203,-0.0962222651230621,-0.463679153835825,-0.0326199888422566,0.292279043250026,-0.0850657474911811,-0.239632303297668,-0.0300573145658531,0.353260718412707,0.214642635554095,0.386377689401519,0.169960166242818,-0.292910867336182,-0.0550009529253102,0.510973523137552,-0.0430473003096023,-0.371522530605979,-0.118131441422193,0.188048157940599,0.275331214321771,0.411384050952265,0.560347405351187,0.290586333396396,0.385938528957543,1.07857924763575,0.433262105707352,0.444666323393004,-0.642211899961213,-0.444482833841378,0.0609748916922577,-0.141617670794172,0.392360416336418,0.980304609137894,0.435766942532976,0.521689898612299,0.464455825423777,0.229389582072522,0.546701926677617,-0.240416250894409,-0.0245477519688036,0.390124651130368,0.159886356871926,0.808561291552307,0.116039248307462,0.078807284142431,-0.201411415643963,0.287811508604482,-0.0665270268159187,-0.113910482890528,-0.303678296434562,0.338408234787634,0.629438951317113,0.486640207282291,0.624281773143452,0.298929243417554,0.154487527580754,0.720707907092138,0.256463796854814,0.274436367899415,0.0768317416582258,0.18473162686667,0.740591247726595,-0.0903590803208355,-0.114684051898062,-0.118866428138205,-0.11093974718239,-0.00504259221947529,-0.198120878053357,0.40548850417435,-0.00498237121430616,-0.208295818966708,-0.0442149834017825,-0.224848912113258,-0.229580810864328,0.100220753396248,0.156394437180622,0.15032857763127,0.200621686811741,0.000229366298784034,0.102379787547237,-0.149127742866837,-0.0180211305732763,-0.393674833552474,-0.307517243677299,0.255134039351499,-0.0494934328410681,0.819228036982179,0.240515071309194,-0.12685564495714,-0.687953558929392,-0.0859691309866143,-0.334105959766102,-0.0870338509774412,-0.519211082850854,-0.0672971545608401,0.424480571098134,0.232836806581971,-0.0211894201783406,-0.169270631532477,-0.00679163840841848,0.147009017767597,0.501506012116077,0.486270015374317,0.746271911579909,0.136984682075242,0.200970574816711,-0.42308292190006,-0.253048183735992,0.0581000208279181,0.165936800213433,-0.0801119604089153,-0.61665070806197,-0.505062994948192,-0.270188499504251,-0.243256862210468,-0.631959098237849,-0.947874800382264,-0.140577216948376,0.293752145411975,0.331344616703174,0.0468040101612416,-0.154938861592107,0.0196067029423546,-0.229737409298088,-0.0503859558643246,-0.0774925413122541,0.744961697718179,-0.170269303435952,0.273996532685813,-0.0330723467402986,0.00828585448193268,-0.253576068036022,-0.314912106217232,-0.16654832697437,0.123382033391051,0.397465529925746,0.520157625669978,0.703285376454918,0.608975668230324,-0.131948532777737,-0.41772947988733,0.278963197832955,0.304383436756509,0.223433970786419,0.309925007341986,0.332613769146029,0.245153529862364,0.0298660982788561,0.205435830196202,-0.242264770748364,0.202064672930139,-0.324913134247122,-0.098112150732744,0.317430409721216,-0.10445730265931,0.145931270718695,-0.0965336261195677,0.332833971056104,0.45128096856424,-0.109663974336177,0.0400205932966563,0.0898868530447572,-0.155795968992685,0.435970335336359,-0.0471007571409451,-0.489444962517909,-0.209797464631241,-0.579464474344899,-0.426142276313992,-0.53998583013199,-0.653843161179955,-0.0880159518162323,-0.383155295727062,-0.065891923270666,0.213759118998699,0.22973199767769,-0.0717274654674218,-0.241662876126256,-0.253295307161524,0.155235217019888,0.188292689934632,-0.0333349757398924,-0.0237260531756636,0.111729270847232,-0.696722257870085,-0.368807846822623,-0.3720788532236,-0.0114968999744503,0.174725112863656,-0.486989182871167,-0.382153550421636,0.238746339379363,-0.112013614773111,-0.0697454871606637,-0.229044915129678,0.0724255694349765,0.166753252982202,0.0111220615642069,0.50486362983177,0.125403961840749,-0.567357019354704,-0.0441012298373772,-0.297039937349984,-0.555968330158692,-0.123790373257467,-0.0155064258382178,-0.309476869184031,0.515090163645519,0.705608907457042,0.560536199117301,0.412114990802436,0.130213489138069,0.00824664048397196,0.324976231423801,0.0983183893744892,0.0914199156190321,0.279439953606317,0.154623964869555,0.0200016367854507,0.592307927139396,1.02999792137227,0.0675095800284925,0.159016351753183,-0.494972048663282,0.276577294900643,0.248413008577824,-0.28857307512642,-0.0631479478965571,0.072173552758712,-0.776372571643175,-0.184201002842198,0.0162106991956511,0.1137767130063,0.565717243010339,0.741520836740458,0.812260108007442,0.303950996427155,0.271810946981443,0.0542089918468726,-0.40510986824601,-0.467860909800948,-0.115147980279702,-0.650887365553571,0.084181798541162,0.238076292077737,0.183949975879827,-0.0607835511190924,-0.567323051730641,-0.285306090022421,0.242612120679179,-0.0914721639282106,0.378068793804618,0.539488408780196,0.461491468577821,0.938499686361225,0.160866073310732,-0.394429100590531,-0.232767282361808,-0.488485765635864,-0.289219873931239,-0.017843640084602,-0.0165358749579621,0.107936959535755,-0.0625452996985802,0.193516885098113,0.0979698552989892,1.13416876714993,1.11017116666309,0.494040970456041,0.69507794906515,0.181848016035383,0.0113248515844877,-0.0243416085141429,-0.39324681949718,-0.153543945856651,-0.512710669048669,-0.525464228293725,-0.334146203625571,-0.0856806704491583,0.24632400803321,0.222768772814522,0.130883854801941,-0.131797847193026,-0.0376751404803973,0.623583701567165,0.546768436252653,0.539413744011906,-0.558740662574394,-0.276200948998815,-0.432919896614849,-0.366976037400371,-0.0489936284130649,0.357992600048508,0.262320812714223,0.105526798758076,-0.312618130765294,0.186103302264021,-0.262651174336336,0.375767101093615,0.811504630107659,0.0639036216070735,0.957257286044965,0.550738010027246,0.588900839201071,0.054375916855409,0.354533549931134,0.209250945291452,0.161378204786729,-0.0307162012366317,0.00319187086598366,0.383421700217758,0.191548589644848,0.391012326977267,0.12346282288388,0.123291050397412,0.135310748238283,0.225649307913547,-0.138381102371515,-0.268280111522164,-0.809094500339429,-0.825333221130986,-0.23740246428665,-0.000670536113144854,-0.0306224013278619,0.147851484876056,-0.124023977000554,-0.3069965833375,0.122701981559674,-0.28064176571189,-0.095862395632333,0.364890133385799,0.188291243312743,0.447496051333511,0.157658110471649,0.175113629747698,-0.108284845028805,-0.508885960920945,0.0546409248799662,0.445781535595793,0.296412794348781,-0.192000232121951,-0.1471517420572,-0.10168272133228,0.161975699312716,0.541921569638691,-0.240431535933148,-0.187966584863597,0.34203501428239,-0.113523859323916,-0.226294523881825,-0.671667352814699,-0.711706530591324,-0.903860040391701,-0.0109502798828707,-0.264751327913639,-0.0370967507125404,-0.410650760892874,-0.273240769651248,0.407854134520195,0.477261672282001,-0.0273526778299037,0.667983048572116,0.0832771057303848,0.472488452680162,0.468663325590128,-0.254681960092575,-0.0357932151531069,0.824092603853919,-0.0354578907847066,-0.39708580681602,-0.304727638541279,0.0436136361455517,0.338547975959365,-0.467334370303231,-0.313818782880687,0.258184959156748,-0.0181279490462929,0.367202456709396,0.460339922279405,0.739668439738718,0.681754508419306,0.02512841081013,0.091790607489201,0.420898336629009,-0.0035104623561409,-0.027327761034103,-0.0540911189845004,0.300163126430015,0.164023045032389,0.349123893581032,0.246542889662824,0.697419047830354,0.638277450784913,0.042293299594593,0.0201784309223979,0.326657250987583,0.286803774942043,0.335888636878591,0.0573793956474378,0.211095868658392,0.428446854887664,0.0875383707545493,-0.476101335797441,-0.286262761356108,-0.235070556942036,0.433425733280102,0.741049597085355,0.591408603378698,0.157424166009376,-0.0164344716707581,0.0246288395417784,0.267223951459204,0.209534857700146,0.178361704493801,-0.118709885885138,-0.0611046476186233,-0.201090806631938,-0.121861290077567,-0.631739651066979,0.0580414792121878,-0.218359828496379,-0.207271793234935,-0.00119738739619676,-0.255363424987792,-0.489869317404354,0.0628121667977336,-0.589220051161006,0.0965950704789371,0.145275643871384,0.155307953946856,0.0897074414582025,-0.0639778206481661,-0.0505880224516618,-0.0276610333533226,0.0766514986679541,0.661841917364382,0.117935348472867,0.590143531054507,0.507678201127344,0.047806756991381,-0.153987249155747,-0.702023830501523,-0.360712336181223,0.191324545911915,-0.141704963571986,-0.301839001440466,0.763307903628471,0.323009906963643,0.190221888943821,-0.0483799380833518,-0.204899227658383,-0.325869040875165,-0.307849948309067,-0.114284873661486,-0.126654824265923,0.508430223648808,0.179752013172368,-0.270657152188417,-0.0368794067582233,-0.109004661947564,-0.29142027110586,-0.765654003354826,-0.223891860139053,0.119418985021941,0.408408685250473,0.369097646698337,0.146240778335456,0.169274485782304,0.157309699699366,-0.0578043849964246,-0.197632593879558,-0.0247498018183014,-0.462924557176495,-0.251373330183282,-0.325986545704498,-0.591719348772248,0.434169379200639,-0.0398757974732457,0.309533399335569,0.25106238743721,0.192028224509746,0.839515050902834,-0.849887601550561,-0.35785874239218,-0.478260083924664,0.0977297787863635,-0.263949610511744,-0.564840849395126,-0.411766996077864,-0.272712411835595,-0.258777347353196,-0.291634375910017,-0.452217328508499,-0.480269825789138,0.21675315627438,-0.295163545874937,-0.21399888375645,-0.899192017060025,0.0668706782177374,-0.0691054095908162,-0.329652824171748,-0.112541262125812,0.548690528364735,-0.214184147483973,0.0748547294359303,0.491330854010346,0.690893358303874,0.00978548880898761,0.435502752765688,-0.202825828299912,0.225570032175756,-0.0470294577343923,-0.160614175446701,0.174922940027642,-0.227010641559412,0.0825227101471828,-0.21825396805526,0.10719047068901,0.361815818904761,0.231319805636327,0.0890399987953362,-0.00319797178000982,-0.479113108287981,0.0882235137312486,0.0536760632736601,-0.0196579345270147,0.0965206839270847,-0.961907264645597,-0.215639118695812,0.687536532888576,0.272448990128595,-0.586240291216311,0.140349977238722,-0.408535594450457,0.409614508750665,0.57225173929773,0.714092173789978,0.300618781909542,-0.278475357979315,0.179922668591068,0.285919509372488,0.459837872750579,0.316285427664172,0.683527481795887,-0.106100698501506,0.353892184916177,0.172547626256677,0.661048856129389,0.709394604179648,0.158478477968913,0.412009569714069,0.138172105127331,-0.119311395562,-0.435475337273192,-0.319424544079276,-0.130305593987141,0.250757869787186,0.1097300770438,-0.0212402410182935,0.871491127778781,0.801057241366911,0.111425790489342,-0.0133696996346277,0.143095363335745,-0.161414263057222,0.299883264799347,0.0100765870415095,0.169643490395898,-0.221881787919233,0.049023840706704,0.461394753343739,-0.777261514375875,-0.371425589821419,-0.328541539996852,-0.0471664223248015,0.490271758496179,0.0877221761360929,-0.585275330820609,-0.280769332092655,-0.166305641794677,-0.182310982384557,0.202794994032456,-0.186209954611725,-0.307521692338464,0.409814928294364,-0.219289447134065,-0.0168029485865037,-0.136048197335996,-0.105651073542231,0.422887819970964,0.0059643254406942,0.123353631029783,0.55159284948068,0.505233210323559,0.432811588418714,0.660186092846507,0.30271971696778,-0.0263910861721608,-0.0162846619048714,-0.268474023207053,-0.582200136965956,-0.333369828082634,-0.116686528326603,-0.196703786769735,0.0406681691297799,0.0190802959729651,0.5644306345478,0.392502232582286,-0.267840487394436,-0.0928329528179109,-0.0340978434447539,0.140669100935781,-0.489998881966948,-0.605566916137899,-0.227114924241857,0.0781066402070422,-0.487860344065187,0.0171553339730626,-0.604341384119697,-0.175026520996524,-0.469713401284425,0.215499171954121,-0.270525674982136,0.284855074760905,0.41055421652455,0.0069368539454993,-0.189285239815638,-0.411222285055031,-0.566902479192018,-0.691595600100018,-0.224074683076276,0.350757888871225,0.189725428334341,-0.279628006047983,0.155850457441822,0.7509389446703,0.69670085335755,0.130342126068212,0.00798953992386547,0.715780600401062,-0.154477436566829,0.289936596932617,-0.24107742394948,-0.270344400538971,-0.0770051470797108,0.962952422015726,0.510941346058756,0.00259343682718013,0.0973813126600116,-0.453735803260054,-0.0265330106020918,0.0381556666569561,-0.244374933851545,-0.0588580582601062,0.303800394003713,0.319262690045777,0.439190551807682,0.769857050431932,-0.0414886042254555,0.0542866559775882,-0.265507219226198,0.144050187655771,0.106538625340456,0.087424035832693,0.291606824719175,-0.468406845973417,-0.409283317619678,0.447772759758035,-0.284006440443861,-0.227034879528621,-0.0325903463163763,-0.013404982406607,0.235841433286348,-0.0962760413014432,-0.206374446264626,-0.103807619066757,-0.641699657603615,-0.402961159160306,-0.35977007410887,0.00850448662493172,0.0339986065060731,-0.101959927986286,-0.255260612696763,-0.469086357865891,-0.0375387833783797,-0.145027171839072,0.187349057433178,-0.214133174184565,0.00402366561858841,-0.540530572997664,-0.578176271063906,0.208451103245038,-0.213277316242525,-0.457067216019088,-0.275385663070735,0.44940369315218,0.515628463642716,0.518643950542263,-0.191301983521452,-0.39692970595728,0.176594206552247,-0.0381604774706086,-0.476912083497196,-0.587267783879497,0.151457552319417,0.79930196019348,0.814425338837778,0.37981338026007,-0.0852709144873143,-0.41216947695165,0.0957861028752372,0.184814771564762,-0.139451237495825,-0.326151781663841,-0.419125714051078,0.121548512968578,0.754503204839321,0.264707894135458,0.322737306932428,0.108147992437419,-0.504487268512165,0.114055625427648,-0.207922148442595,-0.0687169207693537,0.477689268142397,0.0690366766493415,0.538285850894433,0.510017064774366,0.277035930718114,-0.501096477578963,-0.372545364740871,0.0972458473812526,-0.194189677560512,-0.385692913208885,0.0256259460446187,-0.154208818230947,0.244104064929193,-0.0675052865179231,-0.696304068047606,-0.472235525489962,-0.322959709483842,-0.69146149439931,-0.26774620931165,0.383962059513401,0.242316870698882,0.261990728314445,-0.0932015541784888,-0.209352214034816,-0.778077194379839,-0.848123628276943,-0.696243119669037,0.0836027318403835,-0.720409050042343,-0.930053828251041,-0.269106858434889,-0.535103511110757,0.06729258357494,0.148206180596169,0.385851637654991,0.146638221655478,0.0625180555656693,-0.162010678279229,-0.151871668289594,0.0542825492691035
-0.244217511004173,-0.181484887664485,-0.167505678059353,-0.0660554016418935,-0.135784586541707,-0.0941572614581136,-0.183051657284293,-0.0183550392262563,0.131129879585952,-0.353207297283877,-0.160206463362187,0.0104123367942396,0.0453465517935514,0.204789041318275,0.400692299413324,0.228204853775344,-0.171880961125798,-0.0196030897438155,0.289303358753319,-0.169023672539412,-0.168727731900773,-0.196781105354854,0.0906671815289423,0.0831169333182374,0.237823365901738,0.394400737808848,0.170954955272588,0.220346781068223,0.696456569633543,0.308533780762326,0.390543148177574,-0.507363131093903,-0.366737212465212,-0.0187115952591687,-0.0345685234177816,0.2598908256318,0.587595028306782,0.303864930016356,0.275736599488158,0.32460937689231,-0.0305511172060202,0.460091239479488,-0.330129937925173,-0.0253038057652299,0.142756567689185,0.114253871161128,0.557954890952741,0.270225536688401,-0.168551172798071,0.0117654339185453,0.366426788209405,-0.0599870809974019,-0.098975268868959,-0.183974516897179,0.28760346079774,0.257872921948045,0.369912530982332,0.489199428347939,0.14778227239331,0.189887699794452,0.601765777738057,0.140382917988936,0.0950688265899063,-0.0503934598768101,0.0833208902053583,0.353269312736457,-0.138903228779382,-0.119502054939133,-0.143827400037741,0.0379273670107973,0.0155607962826585,-0.256778230903184,0.309013291796124,0.110850229838971,-0.175035676960802,-0.0383110156159211,-0.00975133501027507,-0.203934818393819,-0.104308350903991,-0.0309941646843693,0.211260203701048,0.247875644533244,0.0305875546007969,0.0440552881331471,-0.236717502466262,-0.029372327008872,-0.238717972162808,-0.0917433924141308,-0.0049557331544476,0.0789351938291528,0.646587321745239,-0.0177960940315202,-0.122789735348263,-0.489519373573176,-0.162085354200599,-0.235757990748203,-0.0758396212267865,-0.365443193355414,-0.174830106124079,0.337818899466543,0.177603445222486,0.0720200469583922,-0.197811835218538,-0.165896883866433,-0.0759783401305227,0.46306842461023,0.445442438907876,0.698275981395617,0.242319035229882,0.325988425274872,-0.383612858416809,-0.23292082173211,0.144823447119091,0.0548407128384227,0.146974983315544,-0.332309632811591,-0.395060111613008,-0.0609842250071004,-0.246825559116794,-0.397682322820793,-0.861926452659764,-0.109796989941393,0.249956952170754,0.280033232858502,-0.16675914479404,-0.225903615508908,-0.0863858122591883,-0.280807022110356,-0.0891848873539149,-0.14268073316915,0.698881887247676,-0.0938746151888632,0.200123171982937,-0.0411617405362523,-0.0954375704778003,-0.11024327622717,-0.0864548121761479,0.0438511396773673,0.00840565341934177,0.256129407510057,0.201732580039711,0.735148425587736,0.556968301493008,-0.144480641146604,-0.255853866303601,0.214517887510579,0.0310989828751637,0.0936586108456516,0.35929456737362,0.400161849289652,0.0798693133078404,-0.000122116918038484,-0.0992531555172537,0.0870370867788708,0.0253431038779677,-0.256853665221451,-0.0546370472510141,0.0771342274257115,0.0191019212547161,0.109933178338082,-0.0334513195082952,0.0112256219111562,0.257204766601751,0.0418747341519423,-0.0311519518657905,0.107890015047943,-0.0369847046831814,0.571663152418021,-0.0964381450116014,-0.456418312578253,-0.280672537874365,-0.4809751472001,-0.313658514188037,-0.503167032655933,-0.432645707119149,-0.0405563247781067,-0.271278889180862,0.0481302287443883,0.134736775362075,0.165635653518556,-0.284057774500918,-0.326333228258362,-0.0242542502706882,0.236378123635486,0.173029385403326,0.0294932872911884,-0.166431282216181,0.114351333038519,-0.50253431953058,-0.288566813387565,-0.513863897801404,0.0538037992204678,0.0320324221211317,-0.573864057614569,-0.506060644290132,0.344516201462548,-0.0323435623261173,0.0176376970103937,-0.232956329545069,-0.0468006160931576,-0.0226180203312535,-0.00278083172639372,0.286329789746632,-0.0600962133042344,-0.507451576819693,-0.214893938418416,-0.348607377524852,-0.590667491135599,-0.135657239045453,0.0166278129963074,-0.157142051556326,0.368539479228887,0.547340453154079,0.316474650695441,0.443984228401919,0.130826625160647,-0.00594454134186736,0.161583624869491,-0.107507385273091,0.0622391585880433,0.177001841160914,-0.0643081776341103,-0.180273127638736,0.451779457027052,0.600100836746524,-0.153470757362785,0.248579888221876,-0.302006630916166,0.3446402379955,0.13482803785478,-0.179655771658815,-0.132668415330219,-0.0243037544292805,-0.699016386652449,-0.22919648779537,0.0793615571868063,0.0326465311623132,0.0285662297871443,0.59056190718678,0.233603196095892,0.340872928215935,0.2062606798146,0.204764958018247,-0.354762037771951,-0.180110599069154,0.0654264218637957,-0.332234053528777,0.22942105260436,0.133781135509601,0.0254634132277631,0.0743656565690656,-0.204906177517916,-0.269900789914385,0.148911529494408,-0.138311944206665,-0.0905981598907617,0.332904627594575,0.319749339812388,0.292152152743898,0.0663238517219105,-0.09683005455893,-0.0585016454202427,-0.399525695004113,-0.216404059551587,0.0366383356354137,-0.104161726256093,-0.0108656141362056,-0.0677972281917402,0.277109964274344,-0.040504516058981,0.693902985430809,0.570285593296441,0.191389212786303,0.396999178222041,0.0225055955705392,-0.0867118373851924,0.0259984745437457,-0.147897280482075,-0.200825867554815,-0.352135018233053,-0.29676762978324,-0.136179708963831,-0.00381608620068083,0.254560640976227,0.19304789696601,-0.136935906441113,-0.339083413155832,0.000711557752320877,0.33588975018739,0.292696091276401,0.308357151334005,-0.284404933860916,-0.280235454118192,-0.424001708738491,-0.37535446838675,-0.197849308738949,0.359601395730067,0.166075676885735,0.102355599034695,-0.262404396674344,0.300404600947148,-0.0709288430016821,0.209228565189171,0.625493455222641,0.104878756425009,0.692488371395847,0.429972950012578,0.344323693321304,0.0269806289907708,0.0960715513913087,0.0360763861655756,0.0754483096853931,-0.0397478700304546,-0.10312041157888,0.421083142179967,0.396149796632258,0.282818147475867,0.15466180641422,0.062703172019361,0.133389600460094,0.189325237232175,0.00441939781636878,-0.0852418771570404,-0.559282859986434,-0.588920831711995,-0.0717095022367702,0.0108880724058348,-0.134438829764715,-0.0557171653307762,-0.19333027136689,-0.299776956208104,-0.0244657742406479,-0.463455903421304,0.248371109879263,0.392920667310092,0.00857031282858849,0.200813946366595,0.240661147119336,0.12167680298776,-0.0934442156439417,-0.528071118604651,-0.0118039295535189,0.124082988047886,0.149729527507797,-0.0043430892711588,-0.107772360396725,-0.0508754813897807,0.284677799365673,0.266881821580035,-0.242528709747555,-0.203449150507805,0.201664378385443,-0.0909318314932143,-0.0374533995649244,-0.516475877870361,-0.431793822709669,-0.475305926450784,-0.0399455095497301,-0.0406588702371767,-0.0941301561804784,-0.40714792947478,-0.0951457827704927,0.41124279992932,0.334802914716697,-0.146618997623114,0.407318675593648,0.302604827634766,0.402089934519023,0.332337714504636,-0.209985594406196,0.0619192341739435,0.452273346852626,-0.0390657402058868,-0.224001454052478,-0.230876106327042,-0.276781509014381,0.287157021705162,-0.368633678990475,-0.283856595960382,0.367093731206097,0.0832249579585551,0.220640524592179,0.226500732476222,0.606370137320308,0.564695809213036,-0.16265213578153,-0.0586400530866414,0.0571377383387441,0.077369417706902,-0.185618297342148,0.0841453847415003,0.351830701033541,0.15436898807533,0.337735973441449,0.15404456717749,0.423135914940153,0.366449579641314,0.108385829138362,-0.0655861640920474,0.122335103965051,0.235713287467584,0.131356309701653,0.162458251710646,0.160924758486782,-0.0199614687974293,0.00475430130598141,-0.31854522815309,-0.0843318796754102,-0.0424661837465578,0.389566622910208,0.507406661596641,0.244290372898976,0.164266727042683,0.0203183445520667,0.0400936222964016,0.0960237808924502,0.129889841923562,0.191143886282879,-0.0759470647905284,-0.04634398632995,-0.250507143853115,-0.131178362637531,-0.599730082665095,0.11196911813847,0.013779159195225,-0.19647930628046,-0.137879528112725,-0.30101058913924,-0.515320747170379,0.0348743122511957,-0.197005257061604,-0.193686712004338,0.233139553617013,0.132094533042858,0.320228781591291,0.0219384091297435,0.160653966416422,-0.111306308191,0.144868581849443,0.58068242216592,-0.0923378076055225,0.416772099952208,0.2408409854888,0.166246083244784,-0.0974189908334003,-0.363060566006872,-0.371625313325259,-0.0431913723292572,-0.222754463703564,-0.0993930239869706,0.243713908358326,0.0950438267062918,0.394459719884442,0.15115308129591,0.0129444390072127,-0.248586341556459,-0.244735420265027,-0.377977714447691,0.0302982869909772,0.31920478356049,0.05073935163291,-0.166236003064515,0.276195605950881,-0.351157215020014,-0.313659301021193,-0.407603329084826,0.0314484510364377,0.152199855360128,0.264834426879466,0.173019802041385,0.175660814217439,0.204347610278305,-0.00440915241568451,-0.0466241574444455,-0.131318104694045,-0.0803738453112556,-0.425765656606351,-0.163250699386043,-0.363867672167325,-0.32114539961436,0.282685965783101,-0.140233303683793,0.215056798657616,0.30139586870779,0.303907435740752,0.841446704050378,-0.547282508504671,-0.178102940475379,-0.124260291915868,-0.0136254001500563,-0.232978902127013,-0.339972691027945,0.00693877986358879,-0.235463943263746,-0.483930601812546,-0.181018523649083,-0.187807886858648,-0.351778872695575,0.108367940200088,-0.269166585834177,0.0111957678090506,-0.534435498043526,0.50723428782463,-0.0440586861805643,-0.293008039073214,-0.0718835357661478,0.279241854456463,-0.279274261962964,0.152821140333286,0.465749347045326,0.25032669376371,-0.276978395951457,0.225528426191738,-0.0113515709010734,0.239671259034081,0.0243214989818116,-0.0596694194799065,-0.0637130988555971,-0.259449697790394,0.0437104661154392,-0.167643883972815,-0.026252584658222,0.351355356298558,0.213455610512687,0.0281039983741247,0.0819586419036266,-0.295864007168013,-0.0823068141710028,-0.189751894690639,-0.108181359928019,0.206345381609834,-0.761954391282495,-0.20094333334728,0.278062106743101,0.275612771897206,-0.255390081815209,-0.000824322701855403,-0.383661829933968,0.274646846879114,0.567566995962645,0.311820488739143,0.10906117116324,-0.271987238668951,0.0771801614901496,-0.0487688105603585,0.475242666031308,0.255879611788234,0.349047423606735,-0.241104360105898,-0.00217904078491291,0.325658866185535,0.0868603156036873,0.46959013043464,0.211383564114017,0.164429739517219,-0.0171182889499112,0.000871590215504814,-0.379040620997439,-0.276250188881307,-0.0197291316829766,0.00434210266699711,-0.0329202157175541,-0.190579307950385,0.755265614012792,0.62893725837647,0.166848286705545,-0.0467762425041967,0.0468470247531746,-0.119828674716562,0.12065959489189,-0.103192917762403,0.148126431077218,-0.229535604880167,0.0924442517722325,0.198582321379741,-0.430340567786681,-0.259071092832329,-0.225453870940738,-0.0659718365008101,0.328306397731036,-0.0862021101131914,-0.312020145457666,-0.314724270768857,-0.166773120798257,-0.0748778479622596,0.300067586033793,-0.205736910280869,-0.147484511466325,0.201607527103374,-0.00729565860259625,-0.0966787252600017,-0.174762115649527,-0.0563940200932683,0.356804912420458,-0.0227726180367029,0.136312566291755,0.460599113751737,0.327587949038035,0.315231117187401,0.553947354944052,0.188284223739229,-0.148946060998993,-0.0468387190507708,-0.127525180036083,-0.269573112017823,-0.388061742631179,-0.171062111045575,-0.0668191020607823,0.0543604910197283,0.0772832462213394,0.423442711325573,0.328428019749525,-0.233868929636703,-0.0216688088197977,0.0743516351242793,-0.00326365992214675,-0.260087350750025,-0.504706551756281,-0.380362549927409,-0.147787519660127,-0.161798635476954,0.0559062657075897,-0.433966300802515,-0.0508738749968801,-0.123485415045016,0.0987001948608507,-0.280222633459458,0.156173595009166,0.428376261164997,-0.104226023795871,-0.162957185187704,-0.252016756505893,-0.283218862834411,-0.654967014437134,-0.364572076519151,0.349977707420092,0.198639314109628,-0.133221783214631,-0.0367532661997573,0.451516096598752,0.67574820340205,0.0264331520255551,0.35001288893281,0.310294404671657,-0.135857376876078,0.0752000347149671,-0.0526990057507637,-0.128645501276863,0.00339241389902414,0.486615681502285,0.362054955217012,-0.00856808313740285,-0.150105229831061,-0.357696085663584,0.0531924203844104,0.0327738961555483,-0.138347592577959,-0.174430050159791,0.192588839797544,0.189855972292205,0.167802124217166,0.726552133847956,0.0894975983790272,0.20176713155525,-0.216320977435183,-0.103443183432006,0.0726556276461306,0.0208502677370576,0.0850611875503032,-0.105533265284232,-0.417255157672915,0.316336033971761,-0.268548611664697,-0.213057572067288,-0.171630554480257,-0.193414229229934,-0.0890446345116427,0.0778125981466627,-0.283391858222982,-0.214515038672764,-0.393464312424555,-0.438147696265711,-0.328416433756188,0.165577512381995,-0.0168855691877663,0.0277879832862511,0.0392513278313342,-0.204722775829572,-0.0192092923237916,-0.0889144817357786,-2.96992005265895e-05,-0.119675102840641,0.0164081834326207,-0.324591173913745,-0.179957955954935,0.170103154965684,0.0281993416864648,-0.367854567218236,0.00182898315838265,0.281361642457628,0.15114399674481,0.530446523604015,-0.199450262438158,-0.128210691656534,0.199528108371792,-0.0832050080304081,-0.296359986761964,-0.304006092638013,0.211377802406108,0.531783024384028,0.548977891738182,0.418833624057284,-0.130094768390262,-0.124600443948274,-0.0157886147362791,0.117084657629543,0.0197509351831263,0.0123034153370049,-0.505123423706551,0.0667696403432053,0.680344792085919,0.0796620862207869,0.249870289631762,-0.0670763472891003,-0.346465255725002,-0.111722808582129,0.0452501760949971,-0.230418309806073,0.24650790291992,0.202693516172398,0.0389095479281675,0.417682063951067,0.261250017631215,-0.421138314207677,-0.21533439759691,0.107250776070243,-0.24412971293149,-0.118085957450253,0.0204028105555592,0.0349639327847764,0.088339817692565,-0.0610017422084027,-0.414290875006207,-0.213810072614937,-0.0623259662054486,-0.464774327729608,-0.0941180629044923,0.47736647027393,0.232353183278033,0.240243940676633,0.00616568132891317,-0.262841792428799,-0.47817058511588,-0.464886870438702,-0.596834263999312,0.0540461822788423,-0.394751331500979,-0.723976038453455,-0.105161853746667,-0.549823704558997,0.0847474731453309,0.216766328455691,0.323949461510904,-0.0845805351319157,-0.0280743066039766,-0.0494112973594868,-0.0111336649789144,-0.0495490237430515
0.0892084556982005,0.224986987785927,0.245414122082066,-0.140876432906205,0.0824967949246679,0.0915774308174413,0.306942947138408,0.0119562990121623,-0.296600621664795,0.191074392094317,0.34742717790793,-0.0794747900474593,-0.189550665453501,0.0285070453596097,-0.529927301114815,-0.187435306848034,0.356999542714088,0.0227550757835174,-0.423657412539186,0.0294086204128446,0.071948457818891,0.033060549771498,-0.21402023932941,-0.0338884096864301,-0.0297016849296324,-0.249305610803121,-0.16647325975041,-0.300049464593675,-0.580318550817684,-0.422953069916419,-0.331068254818727,0.449953315181969,0.130009132142895,-0.0104947446325707,0.0608941518333741,-0.22464285377724,-0.693197269302306,-0.567434909393467,-0.395902195937581,-0.292360950467507,-0.00669057900688294,-0.144717101998077,0.245214015416799,0.130531208688108,-0.208290325033126,-0.234042489534001,-0.526935081602668,-0.257211613971715,0.0515065435531622,0.110940141107494,-0.223030715759294,0.208334258107196,0.0248442108835146,0.243869362293491,-0.3019961847402,-0.363293532106744,-0.249535751619955,-0.4926973254312,-0.0818518210636717,-0.393997395573394,-0.565706288473575,-0.292442752125036,-0.223416917050004,-0.178074576268385,-0.052499960131457,-0.566101458193948,-0.0434851518137688,-0.00127039751840993,0.0384223537258035,0.187876835765291,0.0710877875999605,0.17996216639986,-0.0539119634926896,-0.113926604741373,0.0797530401652843,0.180534205896348,0.092451431340269,0.212307241300507,-0.0819298802601496,-0.21648090887327,0.0399489352035537,-0.246469756290459,-0.160411563952159,0.0429973736790926,0.0495580688988884,0.0391378818797261,0.285533419451221,0.00260600490107846,-0.0652600297690275,0.0792758095072796,-0.76236010568254,-0.257319635670729,0.181254965742553,0.300735880283408,0.130233398995795,0.0807964240987588,0.032368860032643,0.352351723212914,0.115020711372384,-0.184451933467001,-0.283656584992745,-0.0282732642879175,0.204608468309043,0.164831022367706,0.0488651253784795,-0.370215943956866,-0.403738064850629,-0.324624116922217,-0.228394005386473,-0.223560538273406,0.426517697073478,0.414239260800632,-0.113364153546653,-0.124096206914872,0.0068699413896201,0.295895812647106,0.309678641828336,0.0511374981216607,0.275184648398151,0.36523644652234,0.543712593070074,0.117985353523067,-0.302045852835367,-0.382465580455228,-0.312655819042757,0.273259718264081,-0.0240760520773981,0.183631535770297,0.191427017676116,0.0219189425350299,-0.627564259556403,0.203839710614844,-0.233590405999935,0.308113304593444,-0.0937380200746333,0.0607205810321216,0.213083330298108,-0.0194367693730455,-0.21585590597665,-0.0989493514798064,-0.434289827227303,-0.591959715646701,-0.51692880684678,-0.0606247564663429,0.287817575544704,-0.282868683863033,-0.290510692191527,-0.233789801603058,-0.253917861369234,-0.0755945395587531,-0.240395811109707,-0.118847330131545,-0.186167500023632,0.123947792779489,-0.0239808785292821,0.167093261530912,0.165702077006655,-0.0352161317034565,-0.0747836999666105,-0.0623428612654371,0.103562593387848,-0.210233165139309,-0.234833624226553,0.129226856817419,0.138284469795501,-0.319977564172617,0.0600091293363064,-0.507485811745141,0.00556910388255692,0.312851975194924,0.148248610505977,0.554796794500438,0.286230955811893,0.212294080125707,0.590477879386315,-0.0670945533130239,0.116776985305063,0.02345832640382,-0.109207514221748,-0.222349287702728,-0.0391680962406241,0.113935359046491,-0.0157050147718778,-0.133048453038022,-0.109667487894068,-0.0349114326345862,0.0846335901132047,-0.0316754798167595,0.629837239894275,0.302627789103601,0.314393812393682,-0.10863356548091,-0.117544160469778,0.46166076217757,0.39350737512523,-0.156485341943683,-0.083055899271647,-0.213044545332164,0.190881032509954,0.00620418004324745,-0.206287108623949,-0.0311293945875569,-0.281551412202402,-0.117989383839314,0.513349956566341,0.261047553797079,0.333084949638822,0.669801752563795,0.10276931924308,-0.0178554814783017,0.275029687329989,-0.266915883840892,-0.692661695212354,-0.369544677426602,-0.216814468561355,0.0790180915432776,-0.0213705934144852,-0.252078561093797,-0.0724315945905827,0.106895718729141,-0.313018102723581,-0.0421061118366579,0.0593189899932143,-0.567644481659227,-0.560798492028781,-0.228327439892714,-0.108917659381171,0.18434690636628,-0.000433404612790456,-0.0743402399869448,0.076528165432634,0.127228877792516,-0.0578614621463662,0.627897968087459,0.057021123958292,-0.222982885735027,-0.268486576268797,-0.298574337261813,-0.70143728333222,-0.293657030745704,-0.176916279468906,-0.0721656709714498,-0.203770130614822,0.503095815785161,0.370953204850925,0.0686589118828923,0.464036437566416,-0.0111371193746587,-0.194736086480776,-0.192843927062659,0.100988574057644,0.473724209429571,0.225792766393318,0.00616921677500465,0.251280400194189,-0.126631242793647,-0.182253901128776,-0.610124626426135,-0.287626200723322,-0.252300051187525,0.196535108687409,-0.134309432544581,0.457702375855764,0.262798681799953,-0.260904644132018,0.0797895179762034,0.122602692969353,0.161555959036374,-0.340529747430818,0.0454511275452933,-0.561068558013772,-0.6764833986675,-0.129083588277538,-0.261255480633935,-0.0368358342997939,-0.0910524811385518,0.0475556736537319,0.414609625437758,0.105536685771555,0.563631020603463,0.266411083873841,0.418546448571114,0.133979453505549,-0.23316865482342,-0.25460431233713,-0.134160940386037,0.184386830998987,0.00455928605454106,-0.130576991258757,-0.208378217550837,-0.298952438431315,0.360233652271469,0.591411188489896,0.363269613965718,0.218064271674154,-0.00364121333341166,-0.170947716682596,-0.269591656134988,-0.118990256557721,0.118910298859109,-0.189543173428811,-0.087586931975557,-0.138567399265377,-0.49622850317566,0.0916592294698155,-0.845536884271043,-0.400139357624686,-0.358495174737309,-0.0247228728012501,-0.213523872702367,-0.264251424482935,-0.0556297953466438,0.0549616599124625,0.220089537915236,-0.341333524593238,-0.247854122196486,-0.199663788187992,0.0199062297482654,0.0164584434699795,-0.0499920299555762,-0.161685206329817,0.186036298682507,-0.036534627067783,0.689335975290573,0.634816702005,0.109031466110552,0.34506001194426,-0.0127090613983395,-0.171759957310392,-0.087913490175439,0.12241262501293,0.046594099495484,0.431684537190337,-0.217084694842204,-0.489139790759526,-0.134839804837884,-0.227769704938879,-0.432964241804329,-0.0976890129246538,0.142230308708179,0.451581190451765,0.0834507312079286,-0.30673788571715,-0.109810046166895,-0.0879142867401692,0.317684521996611,0.0691978201034467,-0.0988096048607225,-0.286649503457624,0.219315893445694,-0.143772003786231,-0.117001467436526,0.143625445309287,0.119183226355499,0.430953092190442,0.38063529188266,0.404601262910369,-0.151642185427688,0.131450186968774,-0.0576881058170651,0.363920354050802,0.0719494075474564,-0.437377345645904,-0.24269424704445,0.113847275539648,-0.42119455096093,-0.235997568002421,-0.338543237630637,-0.375179121312959,0.124851784706464,0.0202716322511005,-0.420286869108179,-0.0426009334263963,0.306435065215661,0.109314900821555,0.0920602983230968,-0.209914937514902,0.506940580496066,0.206476751782749,-0.0435764829189313,-0.348901519355316,-0.277347147705021,-0.30858294624924,-0.611945428717926,-0.530333007843772,0.0749060175709959,-0.0495594178976095,-0.325556294180502,0.101647742708544,0.0318664467658002,0.0685239004448094,-0.155455888753455,-0.308029726575316,-0.349277247276464,-0.189950014458619,-0.627134690537322,-0.252626271650731,-0.0973434197854375,0.180598074067605,-0.0453274078354388,-0.272809635832189,-0.0490013366444076,0.218720569473384,-0.353130713066463,-0.246510389587992,-0.0782555555209278,0.287901019001859,0.087553746078531,0.022943422834954,-0.403530367083212,-0.50453278682436,-0.278681597891446,-0.0584228267019097,0.12971561037569,-0.224358733204176,-0.30724142353983,-0.117750306644443,-0.407993975443611,-0.300448541579177,0.0103761111471826,0.000319012868196439,-0.00416163745350905,0.433786500440856,-0.0408145536027942,-0.0901647153891964,0.233063004459284,-0.109678791763108,0.0590920323719027,0.266214775231245,-0.0766283435080874,0.357756028869542,0.01010595697385,-0.206661992517134,-0.00747464962222241,-0.122913561990449,-0.139029143417225,0.0159823886794903,-0.0714089954482276,-0.147503199247091,-0.492420160872256,-0.155781258545044,-0.304635286785298,-0.305306004296965,-0.0790451550625597,0.0398838776346781,0.302915506816446,0.138817646624179,-0.0240590948374774,0.152953972250148,0.310643632421276,-0.278495989555805,-0.348568198933095,-0.0595738351433849,-0.0276184404820086,0.338182884932893,0.231045977268756,0.283429109012833,0.000543929578956007,0.0999133119364367,-0.50402883733523,0.0570648828799304,0.298329638855149,-0.144787353485244,0.132636000995426,0.308704528771193,0.480609123345698,0.10418290271677,0.0232996893751474,-0.259974921011704,-0.375616147676123,-0.240675537680822,-0.000866696210488557,0.031622712257704,-0.0317605392839791,0.343421713319797,0.0341654939813428,0.439804096636684,0.215217836716916,0.277670733452978,0.208213541356039,-0.168135468409306,0.23587428745614,-0.104683037149239,-0.13998379193701,-0.304385677601079,-0.726495332821527,0.38099859276511,0.0290547901614099,0.249963587649614,0.224452127736351,0.341352994376963,0.2287367673449,0.313861869163483,0.210071666127624,0.0156722542491121,0.0271381485452919,0.0330900095312686,0.331079249727417,0.0321247449769611,0.146969681523954,0.181186945024668,0.62838351683725,-0.164997677240885,-0.0252978219680868,0.147646555997907,0.125853564554433,-0.55493395885503,0.43913624580749,-0.0477110410058164,-0.578818586041344,-0.481174986092483,0.160900900115776,-0.440744251228504,0.16676130923626,-0.265879114528438,-0.0848296813511063,0.0830812689710454,-0.0706878247586511,0.0630435566328283,0.135508049518319,0.00331595224167569,-0.0350230529926143,-0.301529836844087,-0.349532933834499,0.0222696678726121,0.00813421751064653,0.337088230060627,-0.173854766054474,0.104292295302867,0.0450057433939581,-0.0191085276178135,0.754687602433717,0.29826253956607,-0.466519959656423,-0.360195067069719,0.44029842303883,0.0743608706280902,0.155568945073514,-0.351035841227574,-0.556614472224958,-0.577577828362491,0.0300904635886844,0.165401800430919,-0.165942059282177,-0.153531390218275,-0.381016314576717,-0.269732736116021,-0.564950801105763,0.335208279176502,-0.229938320973123,-0.273885635303749,-0.490277632344602,-0.379217260309789,-0.242119722452964,-0.345462089888733,-0.157849672204793,0.119671374028632,0.318453592314904,0.139922623203878,-0.112176805518686,-0.0243315512150929,-0.0339359453026778,0.0480171277657521,-0.741273356087436,-0.503822826450538,-0.131337046550683,-0.100373746629427,-0.0340458754177992,0.0601851940136973,-0.158703068469404,0.0994993676992928,0.111625543800804,0.354998929051353,-0.0276705362579704,-0.300499012678051,0.579151756085605,0.461230227128452,0.230691776819297,0.0167906530741932,-0.300367689643695,-0.0155833400024228,0.307886179340053,0.232840869039531,-0.0371582097205888,-0.0753120813492508,-0.155065109388047,0.217264764591278,0.00861722399513548,-0.177656781708592,-0.176836053404245,0.0174911961924445,0.0696697659917258,0.1514557804495,-0.22290126417158,0.0239294958142046,-0.145601654120221,-0.418176698966057,-0.466983312504117,-0.286548246704144,-0.566976053341487,-0.137325165961988,0.139448782444922,0.011894385324771,0.446441624105884,0.332707749737352,0.35788222653626,0.0963682690511961,0.0781500876547456,-0.200085013603602,0.000738391530430017,-0.486640773468795,-0.249406438494911,0.027673174272711,0.088984500531686,-0.165857295746224,-0.213958738862824,0.392582187924901,0.550691568041587,-0.0554379646068605,0.228492602727829,0.196162433579597,0.0195754686107567,0.393503928803095,0.157185109148623,0.421181886373326,-0.122023397116457,0.355755993915543,-0.328238361084275,-0.285177333574905,0.20952678325531,0.0818179334343384,0.30411372579807,0.248320502995262,0.48580688437172,0.346885007197961,-0.154133099660246,0.0962764475484981,0.248284555688864,-0.0261884989418211,-0.53410326050178,-0.566154542198628,0.0242492360734581,-0.0637082770324877,-0.347440695241604,0.183996779629906,-0.204369175246328,0.0940003590053742,0.362737105019358,-0.0472553841924079,-0.515831745174103,-0.597765302575857,0.193754358370046,-0.00719182321925769,0.277520126864258,-0.123812574579787,0.0469164050597453,0.339799701034363,0.20902786512842,-0.322781789205054,-0.205783332519892,-0.194411091623649,-0.600653189518165,0.0198889517985404,-0.0989710512338271,0.217389997456477,0.207891666514891,0.0130700046071029,-0.180250851956361,-0.0594625118475632,0.0932526412346339,0.393499976370604,-0.127777248796738,0.401320097886807,0.540869532556066,-0.0970981779296658,0.157410095538389,-0.184353009821353,-0.0930931963869587,0.132032422788137,0.273973636763035,0.451793873065843,0.480645328278881,0.217898793626038,-0.0737283154525358,0.15764110185794,0.119977350609377,0.158820554834211,0.240200287605646,0.169030159314409,0.120035085552737,-0.242648160139144,0.153229210445599,0.102916006818228,0.480298103540978,0.279247451165312,-0.203279586037015,0.108309158985136,0.305052478274409,0.0653499555360182,-0.428946372316681,-0.190971158441385,-0.313381215159121,0.211689429377469,0.311871542440726,-0.194136007570326,0.0609751677590283,0.238204963011143,0.324655330829717,-0.318500465929491,-0.500043767355346,-0.50052604589228,-0.381790577759733,-0.0717168905203273,0.189892061076614,-0.0468472419761436,0.0504301719432401,0.228926487824352,0.246414192674665,0.256063236101468,0.0611538495987628,-0.616319213134341,-0.33834025237644,-0.41330153892874,-0.283479112184566,0.391053021019222,0.165898846659107,-0.00588382702018746,-0.00219923553016238,-0.147633937879052,-0.0654933342371549,-0.255730220982428,-0.425667466427955,0.0118043757368849,0.421557786480338,0.191233180827249,-0.00772038222710898,0.310922839588988,0.276794456835197,0.0500627006441215,-0.162888007564089,-0.181118249699704,0.000301402029645667,0.321192193343512,0.255489279307326,0.162085958723574,0.42481749309611,-0.0919483650220321,-0.356202770629249,-0.0738143410117384,-0.277553380908281,-0.00907832613607481,0.338456594860243,0.698149024090881,0.387301415409266,0.245870435148913,-0.0323370632984521,0.752050123267811,0.747985195076389,0.239157902960891,0.345960114388729,-0.127050080598156,-0.461987235301918,-0.245850529035349,-0.0356546718982141,0.0552332535147855,0.154852413632413,0.271893024506926,0.00714347099581607
-0.369274832777218,-0.18260673803402,-0.610188003104999,0.173601078522333,-0.325299316765841,-0.0379859036443103,-0.392832983971713,-0.215522799698762,0.390429878997835,-0.132477560252004,-0.110698056185383,-0.0738113627777667,0.336309901696891,0.213436442071575,0.360735727934091,0.378116966621481,-0.267149960767309,0.0673423808763352,0.361632406914992,-0.097009911980386,-0.318770796592598,-0.00256248338303125,0.179681336535263,0.219553932113312,0.440544467646109,0.665341602544841,0.392774070035931,0.225249178379202,0.961110580520303,0.503348880274347,0.458888247943567,-0.7196334935308,-0.226057438044266,0.0697381440354718,-0.102422172711783,0.31624710114183,0.763128792830503,0.608253125853249,0.400501867678855,0.47010704870922,0.212661556025497,0.410335859936951,-0.218080072884176,0.101349258224605,0.488164382937417,0.252512630585681,0.832196368596389,0.517672490358908,-0.177902940371558,-0.100192935197929,0.276697267245234,-0.153312237083563,-0.067152740991144,-0.127174574459797,0.308520630943755,0.655688750552466,0.558099404855949,0.578533966430636,0.349587000589979,0.491804801418486,0.557917654752464,0.407026983152925,0.403374378979115,0.0161190400718688,0.143786253022926,0.630020592287691,-0.0730466935974393,0.156209188172211,0.0868448199412948,-0.101049644866959,-0.0104462095150373,-0.474706586331019,0.475510561247062,0.0274547761445727,-0.266756450485539,-0.0903623640055284,-0.190101471631557,-0.252365376172142,-0.0379036487639318,0.153393788818537,0.0435897913636362,0.249402369796067,0.209549452950712,-0.0309571403234012,-0.190233308421705,-0.0402717986247568,-0.581181593234777,-0.328712818127871,0.222638566128169,-0.0930506055916852,0.774561237296403,0.131132619667105,-0.0567192349554609,-0.810406003452639,-0.0746931379687545,-0.0293908784983738,-0.0255931047871782,-0.68457340489828,-0.595055896260469,0.229843247637296,0.190973117387045,0.0600321071778202,-0.325614673109591,-0.114583730200286,-0.027800015161511,0.334326931572767,0.579490561287897,0.662789713039507,0.0191622126714834,0.349559040284694,-0.198185660003485,-0.526625744736369,0.0370771935577867,0.0649089268944053,-0.0629471164108244,-0.32736662956325,-0.602576662125885,-0.313954836878077,-0.234629472648409,-0.636815946192047,-0.894335873746325,-0.143873435568586,0.233395825637878,0.576234502185834,0.040846828414942,-0.378991799575351,-0.106678737472897,-0.307776481704839,-0.277150543216748,-0.193906688303782,0.976753438176942,-0.133219899274497,0.181075787907296,-0.269325968112787,-0.0160011655542587,-0.206232493817671,-0.31396825506504,0.0738577911787667,0.1735490377892,0.381643404617327,0.459450411069443,0.736784560072881,0.564701801918496,-0.0715528669213157,-0.385566177672433,0.0556835661459226,0.45450115889177,0.377292425155047,0.253662726249162,0.212244847223117,0.462541849552367,0.137862453096426,0.23867955189877,-0.12698007510733,-0.000474977772177747,-0.298772072396432,0.146534367860512,0.139389828885168,0.0837578397229627,0.179708503035779,0.00613094794426982,0.272215895415024,0.276868632446504,-0.0120434412037795,-0.101708252946418,0.180090535755221,-0.114672285912847,0.465757193432897,-0.119294286913876,-0.465009732347361,-0.228164453622301,-0.63436911719523,-0.359500733006352,-0.362417507494207,-0.539953579067381,-0.0800259836579447,-0.240496035266985,-0.135453997853515,0.0716905722132715,0.215029179410281,-0.0838475113624136,-0.261030741965321,0.038801994610413,0.275812531745837,0.285229903530479,-0.234082966366305,-0.162602540337517,-0.0432859253190182,-0.69608276247775,-0.300732559986954,-0.405111959247442,-0.146877211827943,-0.0385804761516597,-0.49586687180152,-0.481692463434881,0.392572460188891,0.119601851829228,0.198183118175802,-0.398045443733147,0.120700052781503,0.102801792433312,-0.118597597400363,0.538208578446841,0.0943647001482191,-0.710441479524024,-0.332572976880088,-0.551972261369613,-0.463891068414091,-0.0536262052367197,0.121419578515333,-0.396869158308983,0.570131799438146,0.791292526258539,0.566340557733279,0.609242266530388,0.0364500187569918,-0.0543319630476432,0.32234210763023,-0.144075923985917,0.12094396377505,0.441470380169113,0.246824388776676,-0.0851037042847698,0.695848872309473,0.719822075772022,0.138286445336011,0.169073527560777,-0.259246307235836,0.163651740537946,0.205366848878771,-0.163056950343716,-0.0427194682915575,-0.129277438431059,-0.910600152756772,-0.197571065305762,0.0720553869668511,0.213374186247182,0.27403893106645,0.904011531923099,0.536550898710802,0.276957801610393,0.2960713694239,0.0528580501018163,-0.299487249870134,-0.265526641046015,-0.176149935892701,-0.678266567788316,0.157317081289906,0.146551975070843,0.027490408438645,-0.0280207710739008,-0.507158661277685,-0.530394511747046,0.20053969876859,-0.142653084268125,0.141647580429631,0.432174331968599,0.448153408157969,0.643042993607511,0.552860915485768,-0.320966282771112,-0.0621903375913712,-0.679622160238524,-0.272618006697659,0.111602318723276,0.00685907860513812,-0.0790881056134534,-0.120308003797588,0.375636522783019,0.148943289667714,0.8813932070032,0.69491262165544,0.425935722683433,0.573363589936375,0.00415693377395977,0.149839736228436,0.0418531840649501,-0.608343910266536,-0.117163837524116,-0.547365084510002,-0.417686724434871,-0.184586370899816,-0.0548578841488843,0.0970264891272714,0.314552872313323,-0.0574990045492757,-0.222232292791828,0.0801586335857016,0.290874239558772,0.672717461044363,0.671722864188893,-0.423757818790568,-0.469216084732376,-0.402872580299266,-0.233815995485325,-0.1855313287217,0.209309750529384,0.207477311496899,0.389343075365512,-0.0895056623299889,0.377459812969405,0.038731926522456,0.274314598024412,0.472962799491306,0.0489358513850811,1.01424498996272,0.69795056688471,0.501219028028338,-0.0709919579027812,0.306080590966096,0.288432334357236,0.0127316578297877,-0.224867635260638,-0.108776869980624,0.672899301387031,0.3096894891849,0.42858635282197,0.0178338299129057,-0.0873926754408052,-0.0710160071360205,0.0932601998137644,-0.0975750978356033,-0.252803795200093,-0.831249547915989,-0.735625139753354,-0.102129940086848,-0.143564393205668,-0.0623448976506258,0.237051271206381,-0.146979190962105,-0.160606724184562,0.0218664055995895,-0.128054879510196,0.117292517760752,0.164088878350472,0.133777465113954,0.523173097854253,0.360371106598577,0.0911516977346085,-0.164317322224454,-0.442512342408032,-0.206089141077584,0.265355432978755,0.200901056645234,-0.0985447642837158,-0.133071954137849,-0.133024667442622,0.208402635016639,0.431368199256661,-0.154355383403233,-0.0794293225593781,0.112248863741825,-0.183331694597048,-0.248674088483875,-0.730074957693395,-0.620422035714149,-0.506291526489617,0.186744021478007,-0.112168313513224,0.0828810174804816,-0.357510403399247,-0.218167935040649,0.548645680692971,0.454493346994737,-0.187409068140509,0.740607383181724,0.138364052838903,0.564882585265471,0.416454295230194,-0.0701474222793025,-0.00971112911050459,0.691957660137047,0.217057244225565,-0.275943392699062,-0.00586993122354829,-0.237500608710156,0.200661202493693,-0.570865540423873,-0.263031607278798,0.378575502224052,0.409166854761728,0.34253469668712,0.462598203023801,0.844029266256986,0.653035401557263,-0.124628464440523,0.0694077770330012,0.187521780599461,0.0961341678826752,0.151558063930847,0.299351624226028,0.205593690864353,0.324985571761427,0.515145511943142,0.291276858265318,0.876983104202207,0.440122542735656,-0.0188282101137776,-0.0658713502216856,0.0613854012328157,0.24390239366244,0.105801542668666,0.0418620471659817,0.31676308345791,0.208642869571128,-0.158153327630223,-0.36520017216338,-0.233353664522001,-0.23740787315323,0.324713244961166,0.696378885856731,0.361868371486556,0.310268622644181,-0.159945242879237,0.209671438322458,0.311034662998439,0.10405854155045,0.176231404294296,0.00965671042494108,-0.105594098568778,-0.279379199819296,-0.195080257024792,-0.613331901251059,0.14384978924838,-0.102207329609229,-0.321205715143915,-0.13138604421385,-0.180341280369957,-0.604338125472296,0.343326607355242,-0.537786439988866,0.132217674492836,0.047075508535633,0.114471024582918,0.137126012453327,0.0948334276174053,0.248510711184571,-0.260440268575095,0.0386651317432727,0.490685180255595,0.155642351484869,0.399618220960695,0.417398991390038,0.142646089215535,-0.0722592482550408,-0.341964297345207,-0.37541220359764,0.0105449638747525,-0.0919557771948482,-0.215684249872832,0.852221537341095,0.203066740136875,0.210393573070154,-0.167659894698638,-0.302925444246655,-0.475216187573174,-0.401224028655708,-0.116913337265669,-0.0463120148654155,0.507644553558666,0.185966927553869,-0.223929630542493,0.202957470059085,-0.198931580753326,-0.400569397815672,-0.6502621836703,-0.121663009655304,-0.0138386887137433,0.340816543070645,0.244038461808471,0.462482536528327,0.10505915369824,0.319724480968535,-0.00478201491062168,-0.413685261488655,0.0368166655897486,-0.402036268759654,-0.402447093062157,-0.345917994655539,-0.371742429647182,0.45535810064341,-0.262540620479738,0.156708024121777,-0.0176833426415515,0.31426648060361,0.827974094006582,-0.857747205032817,-0.344089173044273,-0.290862492843806,-0.0112906644750525,-0.358552571838487,-0.506196988777909,-0.169044896325095,-0.501984263652003,-0.199596201041915,-0.0189553189424738,-0.154221851520226,-0.395031916065041,0.108353286604902,0.0577124426550867,-0.274860165944344,-0.793453308875575,0.455118170437312,0.0059191335562164,-0.356879161117973,-0.290972786381775,0.343729065418765,-0.220030886821018,0.14325930824253,0.343190233967727,0.40828131994407,-0.0256890554879139,0.533284816977345,-0.158647596713859,0.0860175971395226,-0.0330260139477578,-0.0289702860907607,0.144539994112955,-0.165279107453454,-0.0716348735183765,-0.367804746488401,0.142203020175896,0.413683756624918,0.459770784320162,-0.0631057015462857,-0.130526618632828,-0.500210540753896,-0.0761233019151281,-0.171866360520354,-0.062978754010596,0.16263531879117,-0.757214576712403,-0.191658784756467,0.327578145543618,0.246815376326335,-0.25991748575888,0.146196352882435,-0.356960312269915,0.430816309496136,0.483860314296223,0.728311157321669,-0.0100638864128519,-0.31025662045051,-0.04676668931569,0.158094164001296,0.370299334104218,0.335235731609846,0.68964272072315,-0.150101364507187,0.514708858314176,0.105713202465429,0.62907116593101,0.531509499909637,0.304680411127702,0.390249966014951,0.0558985259134625,0.00934650821640119,-0.410981617457117,-0.294364487103209,0.0666065854121876,0.162967578171717,-0.133245898998341,-0.111821136030299,1.20491927217446,0.515564518389252,0.24593464159397,-0.0920203318161495,0.118106150528256,-0.239001450655873,0.184252341088912,-0.143009928618067,0.112892893276277,-0.546781344595862,0.320112966731713,0.173627029596584,-0.638229984651027,-0.50740266171139,-0.242260959787414,0.0138054425388545,0.392509738699706,0.0555522229143677,-0.40900360983547,-0.488277460459395,-0.193349532945486,-0.128042608396861,0.132371122058652,-0.107104979093588,-0.235390685667475,0.236652530625758,0.225459852974587,-0.164059815418611,-0.00213920632663059,-0.125715070239318,0.278547260219557,-0.102835401009067,0.0744054482323533,0.666170249102452,0.491502595749814,0.806438965594451,0.434636668975247,0.306774623724932,-0.174014943087805,-0.0394956093760671,-0.380496933926956,-0.38933636009616,-0.323114450823262,-0.120073028123036,-0.190991721947474,0.0811857310296,-0.00539371716667981,0.454757621454197,0.187588156406831,-0.385116641916796,0.0404680075486254,0.0715032334127444,0.154849560837478,-0.611223739678907,-0.633323853227792,-0.22734708308285,-0.27764745601166,-0.334759215325969,0.215729261634158,-0.661476446730983,-0.472057993120416,-0.462827271369258,0.13716556063768,-0.483561579395348,0.264507332235652,0.294588508937258,-0.116885108593008,-0.309560032646778,-0.210193057720891,-0.559099903240763,-0.763129477304839,-0.465280882462876,0.218192980773513,-0.013124729098925,-0.377138680307877,-0.0111533132784551,0.705927682093752,0.759458499111506,-0.0363925214148157,0.0915547076556406,0.480665096320976,-0.241284408780504,0.0785220837633933,0.0691917393612874,-0.203525833176265,0.0871722208041232,0.526117205084309,0.690538912587962,-0.0378960116592269,0.0196740145339741,-0.352166349615768,0.303498528546906,0.0531659192650784,-0.567312679487427,-0.103146540967481,0.298613629035827,0.222418070088384,0.355862735535396,0.916375143726541,-0.135157181649907,-0.0806614760031125,-0.287712043077864,0.0249030171331916,0.0309785231519331,0.141116923185594,0.358222176503685,-0.19059097871878,-0.216576053496492,0.309691799686877,-0.465510919267207,-0.224324489757579,-0.0432457020766682,-0.160310774814093,0.147562294532514,0.0388477024049409,-0.169602362384468,-0.326380516948799,-0.550411508888855,-0.45995398890837,-0.458491964938064,0.129442595848667,-0.266804427176683,-0.18999473887273,-0.116092841447324,-0.116584143618712,-0.108185511950465,-0.097778897500582,0.221109206897833,-0.204241604555007,-0.326138378100673,-0.596615861293599,-0.227914996313149,0.193701010690863,-0.144051035558535,-0.333094468113252,-0.296583089085529,0.496917233179255,0.355449862042092,0.554102075598602,-0.290373987928393,-0.138972410947422,0.354068822588935,0.127080946468134,-0.294539850358072,-0.444206172135921,0.178581922375866,0.721848090430129,0.701387548973023,0.327053779763983,-0.183800975023164,-0.683642529539178,0.0545674649361916,0.0646705485055117,-0.0894011643623426,-0.323302366519324,-0.13957212760488,-0.193573027564568,0.617286755585917,0.216001761362176,0.374235236353408,0.367432243293426,-0.423021788528437,-0.106719057645841,-0.156582988349149,-0.182342095965438,0.283808141996174,0.1851069847223,0.361732320055832,0.392602159054331,0.200981781118844,-0.447827956254615,-0.38200426185278,0.072586739014542,-0.284394636300693,-0.403499273708704,0.121183883248285,0.0174053041751854,0.0947746212177929,-0.176335680498012,-0.510046579630247,-0.338119071588883,-0.259082883458461,-0.694597015954673,-0.0910958233792983,0.610023750974787,0.13958029699929,0.422898761030797,-0.0348660467416452,-0.316349441917704,-0.636827847479018,-0.695513798398612,-0.531159468740485,0.178262629323763,-0.815456497602895,-0.761179553863915,-0.371108701462045,-0.496110250688114,0.176071488580378,0.262931289324287,0.318897338569858,-0.0587596083514505,0.041139684493623,-0.0662713880386673,-0.163037626943978,-0.02335413117284
-0.0287747113098949,-0.136154583887407,-0.262283581097139,-0.132934340033065,0.0406688847850237,0.113147020715161,-0.0307568326106633,0.204566168738869,-0.0631965050918667,0.00326073390642684,-0.155277241391958,-0.0244238142510609,-0.063665755652864,0.0159817940744463,0.0762578238293728,0.323258472588586,0.13655806503248,0.0873890987961554,0.00666226346801468,-0.105358393417176,-0.154761214269233,0.324313183564883,0.0860880594121551,-0.0248060523119077,0.0450438909647459,0.127924217392601,0.137446928150311,0.241151130559877,0.159698428114051,-0.0332200249403611,0.236615269162943,-0.0655778161674363,-0.0713616784536333,-0.23785541955446,0.0324431443007306,0.0863179319391666,0.0308766246499753,0.0370586310434012,0.139759195751886,0.183138835342183,-0.031214241529299,-0.139232755969762,0.0406585698876426,0.00288475970630236,0.100134587748684,-0.078907805002379,0.096238330873452,0.0641940363765215,0.173164987980956,0.0683476077506964,-0.0186120272974982,0.0977147222798938,0.0223918279951081,0.102369550404128,-0.0394967080641872,-0.0696869196296733,0.105987470275737,0.0922422618046912,-0.164821279450901,0.221992246978339,-0.0829861269203064,-0.0596015489098044,-0.140938812106725,-0.000445308940614872,0.096186495497479,0.140118675575853,-0.0556209113044181,-0.0174841836729822,-0.117316090297653,-0.0774126148756109,-0.0228308992322773,-0.0317859217128765,0.0426221212817694,-0.0953774576179179,-0.15697836284145,-0.0241354923987432,-0.0842108597095214,0.269806453150771,0.0533660152145995,0.052223991523186,0.0089586864438684,0.10487947019385,0.0442551746834068,0.0613107435040118,-0.116702808272934,-0.0287636929520979,-0.0585380808621926,-0.0825463469862094,0.0103603729243394,0.0914536970097067,0.0131145101832103,0.0822552827382895,-0.105518947904477,-0.0865409520023344,0.0179056027279435,0.0277311289725354,-0.059769635000086,-0.160679413749001,-0.203683289742388,-0.121430166086026,-0.0788247659109284,0.0478303382898128,-0.130096662310604,0.00688830423837083,0.0312879893804132,-0.105423709687942,0.152276029994787,0.166072140887451,-0.103272788146925,-0.0837075642061419,0.0186944102800218,-0.0907765464500412,0.0306307387119302,0.0314950462808953,0.174825891836398,-0.178470229363161,0.0106551160181907,0.0384364750352658,-0.161781418162408,-0.141258689623027,-0.0627693323240147,-0.139539743534127,0.00731432195203163,-0.0816994955476539,0.0733545660508623,-0.0782199442111142,0.111926029808438,0.0503806042260941,-0.0901002463517168,0.249810351161174,0.206029650640091,-0.0556334773979829,-0.0153965765116606,0.170370186226113,-0.053473669610054,0.0912937182168098,-0.162773712256012,-0.149647596718143,-0.0133995783142686,0.0702263684483228,0.00377459114163153,0.258482035234801,0.145882117583722,0.0228113381651734,-0.0687722924181222,0.142728719007715,0.0424747515209331,0.140305599330546,0.125572541583102,0.153055564273728,0.0517155521079048,0.040150081444617,0.062810396632467,0.0269884072876598,0.106357801814213,-0.272044068413048,0.0591876251495612,0.0935120762281518,0.00778986644602165,-0.136859552628771,-0.256901083585028,0.119991908417428,0.0608830383451249,-0.0453936647496959,-0.0645762371491755,-0.0673867418998847,-0.0125547552855232,0.281132873083521,-0.0116302950595067,-0.0281494325090231,0.151857745456826,-0.121499610062751,-0.134189442985753,-0.25595251889471,0.0888221116501647,0.00711476679813426,-0.165859318932087,-0.15476376912168,0.0169755357638281,0.0530570324896028,-0.0492968065446736,0.0540847733039757,-0.191514056522511,0.0736172873110128,-0.150254449963182,0.0349365629173707,-0.128924497167736,0.201253307524522,-0.092361406330871,-0.120177003353825,0.0172414512808906,-0.0579439583736956,-0.124631109519175,0.0613953328823696,-0.140671989051283,-0.0593969707570768,0.0729789236361351,0.106170791005923,0.0850768552276527,0.00713720760113609,0.061874741490903,0.188060850987989,0.0182950406804914,-0.0314724382333681,-0.198082334184352,0.169064382129571,-0.0798770812104232,-0.0113115274349777,0.0134984862831895,0.202436761523406,-0.0943917091992077,0.0039256066332671,0.0769609990624014,0.0145502568945507,0.0170251089632381,0.0803965236509114,0.0531426031337339,-0.0729311174782053,0.00285439816658485,-0.0382084424150982,0.0486542087773764,-0.120786683636831,0.00213078466573803,0.153914009220413,0.0719282528418259,0.0500506412903038,0.00857174771575987,-0.146287057363858,0.0443084619329481,-0.142544606507819,-0.0388852952707028,0.0460559365728211,-0.0461628150140989,-0.235116718272076,0.0145156969689179,-0.131368760533397,0.0126828773722374,0.169129842614904,0.118778136162812,-0.0316421645989683,-0.0735381870493278,0.123250849752059,-0.0272053290753233,0.0257856011680768,-0.13544770424431,-0.101801424925733,-0.132152945393839,-0.0529260395313409,-0.164330818549468,-0.0497849130654265,0.123438842429266,-0.0560820085028512,-0.267683285158625,0.0816418242798259,-0.0718413368666712,-0.0442347788098439,0.146828920627478,0.0486049351183198,-0.0676790265484645,0.107461825345174,0.012289337204419,-0.160790904472588,-0.126228025861956,0.0523901911037165,-0.0579752395641337,0.175706002781463,-0.0296142280284632,-0.0139860059167091,-0.0477001737462675,-0.0790002412103391,0.215826341801051,0.251600029363903,0.0827276142212212,0.0538443382601501,-0.0755427496600649,-0.0576376680840539,0.0615991460881902,0.0995559404561186,-0.0951897692117352,0.0366015391182669,-0.0741217635927525,0.0522779319960383,0.212734342961757,-0.00765711069721784,-0.0621733628338946,-0.0711239083758258,-0.173264999694215,0.107354417574609,0.0128769085240994,-0.0596646666292508,0.0301806382082352,-0.0298766655047099,-0.0972433853850835,-0.151397012888333,0.12943202591721,-0.061884340256576,0.0411907559089083,0.0123504394557381,-0.00703407365939324,0.0903292389092288,-0.00433121422381424,0.0366249764488589,0.20133000586321,0.0870048497966813,0.141163132598546,0.0342260655057536,-0.038511620643871,-0.0292977672886239,-0.0143745552967931,-0.0469584953564286,0.10125154133451,0.0731295510375974,-0.0662350052216081,-0.120796523343431,0.150965110293337,0.0475222611212058,0.113804731389602,0.0241102683705337,-0.0220411161088907,0.0644011941415864,0.112951633613064,0.0316133367032699,-0.0100430078857592,-0.183393467969883,-0.0202735286289433,0.0725302543686649,-0.0173827401136449,-0.0480646212441365,-0.0726170533015935,-0.111273102264195,0.0312092303234309,0.111819346539336,0.0652570849497645,-0.0830504115683438,-0.202372630849942,0.115447017037608,0.0225250338785612,-0.0374585797235676,-0.000446256518103389,-0.389228150075083,0.0711939383994284,0.124076781494794,-0.0876306899783911,-0.0765804350968212,-0.132863875561515,-0.215326790199516,-0.0165403876871386,-0.111116901929662,0.183761723460999,-0.144317419879637,-0.0877872344091815,0.0988750808299559,-0.103766516274071,0.00360951491177917,0.0672843967717201,-0.182554236246969,-0.144555615674766,-0.011126831969066,-0.00186594020820568,-0.0503090813485537,-0.0735645393386715,0.0544369691685088,0.113129164783196,0.0452042952770206,-0.00134658800809033,0.182599387236925,-0.169444049716343,0.0606188557994727,-0.013364498572151,-0.0683993312286053,-0.136743350625949,0.364818300067302,0.136825700588915,-0.0505786899793558,-0.0531304399596058,0.02494090646127,0.063293627218313,-0.0807851658368461,0.00640529416368722,-0.146507101526939,-0.0510611784178299,0.032586278823076,-0.118106400435403,0.211092258207008,0.155960869839455,-0.165734473914931,0.0183231492352554,-0.0363819257785472,-0.0188256241768049,0.0219861951363474,0.0618334065255617,0.355053040601317,0.083622814198792,0.137798538577678,0.0726046937380509,0.0201242600281013,0.0485082325742615,0.082213676573561,0.137876980314747,-0.0176876866901368,0.0761230062412091,0.0856002847681469,0.0639686134551476,0.0759138856280191,0.00728604116374171,0.0132584098387354,-0.162392517109757,0.0510106844934255,-0.0829457872784595,0.0711101384674865,0.153773841101013,-0.0399365071173284,0.151780320041231,-0.125914685004096,0.00279445938507449,-0.0337501208255999,-0.0475253934279092,0.134147697883541,-0.0904210395725338,-0.0516845722801448,-0.268687857067174,-0.21838838283298,-0.131478005343987,0.0425061398876843,0.181014763519254,-0.0187039027249385,-0.042604648347045,-0.167946889115864,-0.0419197398810678,0.0892224593570796,-0.00652301024442527,0.0130210050480592,-0.130716110857534,0.0131182571414657,0.19760770367729,-0.0381007613963626,-0.0212047129662139,-0.0225676677008133,-0.00813931797454038,0.0432005711483456,0.044813192478076,0.186190219489173,0.0775188164655988,0.124511494114648,0.00391557874667692,-0.181401978171385,-0.0436067907440793,0.213614878429062,0.174959196824175,-0.0385839621220543,0.208370827401903,-0.0290844798928886,-0.0171707632245804,-0.0469353734289992,0.121299405403568,-0.0465737324710206,-0.0472281711282845,0.0374928612193219,-0.0628222896258697,0.0721931598254244,-0.00276953928937351,0.0704720850435968,-0.110779808742295,-0.0805898494723872,-0.0167557174919315,-0.113359958071312,-0.0455469896355725,0.0848179343007751,0.221402022628692,0.112611036338145,-0.203330669782455,0.0267185579990422,-0.117897256055106,-0.0767633776519007,-0.00561591751999829,0.00195790389597581,-0.0214896030622653,-0.0556570604581022,-0.122778244256138,-0.169644332868034,0.057660983735861,0.0208719739464395,-0.00502128094416595,0.210148083353802,-0.0632028358750035,0.0251485408162426,0.0229146718405762,-0.163895586770003,-0.157080467644435,-0.019589759069748,-0.128924298907119,0.0113638614633889,-0.0407737101099069,-0.188022710426884,0.12877410582598,-0.133318004924048,0.223844479327215,0.0112094680442773,0.0195572328134704,-0.0858138041041411,0.187616564089943,-0.148385095837302,-0.02997073441665,0.076625903944808,-0.222584860725612,-0.196304755585201,0.0953149183245982,0.123846402369419,0.061964303211121,0.264770625249574,-0.233499511923416,0.101040050515034,-0.130288701551368,0.0965290747236704,-0.203331045621473,-0.0505885637806477,-0.0607399304053016,-0.0565125505364797,0.10891392596893,0.0109353362092528,-0.196240899266573,-0.0138832509745045,0.0449391953638929,-0.0230534928772331,-0.0945315604319058,-0.134011114036229,-0.0345821894032246,0.0570292676677703,0.0311617833829657,-0.142512314754244,-0.0755373713496593,-0.117368747169737,0.10647642370144,-0.0385154194328784,-0.0632796597064373,-0.157122203292226,-0.0361666287641204,-0.137138244250107,0.136609957529342,0.0319957328949797,0.0903614830037009,0.167169491773722,0.186045853332225,-0.040115776096357,0.0828694592078337,0.172667740097806,-0.0197499521040808,-0.00361037457789155,-0.00607538758729898,0.134694805322561,0.118611985048861,0.0342939244457808,-0.0816817575232089,-0.169480559242797,0.049626247505899,-0.0596647075603558,0.0655585337798634,-0.108960944880998,0.0682522946686742,-0.0498502603602248,-0.0705337057123052,0.0998957010201338,-0.0696979580015165,0.240168389165359,-0.0476371770704468,0.117850559422776,0.0890629475845236,-0.00997562930775423,0.0014842812160199,0.255387303301025,-0.021151899752932,0.102737857489972,-0.0163111604443752,0.0942829769260969,0.0988062295273941,-0.174242844417547,-0.0411621039600741,0.0133685090022594,0.0333564722983429,0.0167558542579233,0.0356769265581687,-0.143447100279799,-0.0143897618420279,-0.182856322546596,-0.0722401627938276,0.118999949109921,-0.00654131066474555,-0.0555825027119868,0.00498219255161542,0.0791547670825123,-0.0230118186589717,0.0993327118221879,0.038630471935642,-0.100405646430889,0.0804897832676839,0.228764549668242,-0.0444153462556538,0.296892086806644,-0.0443646282988639,0.00939593425957076,-0.0850000408641977,-0.0570186026065541,-0.106979566628135,-0.0491621878548591,-0.0825511982983491,-0.0551356287162487,0.0767989438326427,-0.0857176666816561,0.00107271318788304,0.0685904258140979,0.264813187605263,-0.115773573969211,-0.216405448399441,-0.129886403603876,0.162440480473479,-0.0126213025375332,-0.0586522884867552,0.0116557636947092,-0.188941880927829,-0.0651559257032202,0.000566002194319258,-0.0301741668368189,-0.255650965725091,-0.110630609447451,-0.0274892401264888,-0.144540207633648,-0.196804519098395,-0.00346763164653651,0.0283462131148272,-0.0453038180334809,-0.198903448574035,-0.0164542270258332,-0.264239243933651,-0.0242325707023938,-0.114995934499472,0.0367954617983098,0.0721115023714917,-0.00372002510862994,-0.0146148204757558,-0.0099880679003819,0.0832533824280425,-0.0882708779805915,0.0978693926441783,-0.0525695279176046,-0.115887233330309,0.0415816958615749,0.124803277677581,-0.213577397045931,0.218975739152632,0.200249757431483,0.125187874437887,-0.0575125863675733,-0.0819881095818875,0.0626335201437572,0.094930901984692,-0.0154104377938778,0.178019533768588,0.0462771739106697,0.0391783493205372,0.183918545900439,0.179129590171182,0.320225431879527,-0.0444492976878159,-0.0374778906158774,-0.0060122611894844,0.00449429584685689,0.274666934302232,-0.0932573284975355,-0.169610967388075,-0.0905836798888385,0.040665706800026,0.171586782594215,-0.161656698117714,0.0570908720816227,0.0951345362820194,-0.0610705092885578,-0.0256200000187029,0.0542734703290966,-0.150526256004511,-0.173750406770109,0.0382699281178343,0.0486210760734079,-0.273186826531598,0.0346291064104586,-0.0666090770075406,-0.0584225848788112,-0.0588143403965625,-0.00390866371798271,-0.0980773278158132,0.0513157828249512,-0.00190683012722731,-0.028306818396092,-0.148919753320249,0.102561386583978,-0.00724037998980968,0.0686216162792567,-0.0177599409026529,-0.0551774066793624,-0.0976896197101849,0.0863542788459456,0.104377931124902,-0.0433435821831651,-0.13559045636211,-0.0419386434403577,-0.00842952564765509,-0.138860787339311,-0.0727890616439463,0.148906412350987,-0.00654747620703348,0.00384767736679036,0.0890928108711782,-0.000188037003038044,0.0646940461109642,-0.00799521644118661,-0.116302090812094,0.168818650284877,-0.18214781537163,-0.00600597918569751,-0.118672791711778,-0.0788139325089395,0.0153504993276347,0.0143132974073195,0.0918055769549059,0.0909131027450939,-0.114491833550182,-0.0310800637857172,-0.0617538430538997,0.166863287854391,0.0530141550537082,-0.0633520936723211,0.137231851249185,0.147726467202914,-0.127727216966987,-0.0781474424982375,0.0296461246685597,0.087727864411309,-0.150854970513998,-0.0880118553432712,0.0362429122058434,-0.0626456525506646,0.101954517982228,-0.0718344610898146,0.0279052466359563,-0.153858254846334,0.00717008970058687,-0.028200322486427,0.0398225398488671,0.0681929878241529,-0.0344027151082386,0.15371511712313,-0.0312599806780217,0.0350504956025861,-0.292564114522374,-0.097361816047144,-0.0369447553651935,-0.0715249955192059,-0.115624476230992,0.0502075186307263,-0.0789061801528421,-0.179131684260884,0.19865734283669,0.211734383149128,-0.0203288360536476,-0.0870784674176645,0.104073204788754,-0.0664620516463488,-0.117964524439889,-0.0674833766547565
-0.148803605271592,-0.123706398964523,-0.286786915611205,0.186915775835938,-0.0667403784653394,-0.167571567412547,-0.181162194200965,-0.131572438587082,0.34746483660463,-0.283539179054519,-0.155818727540501,-0.0266979076504894,0.145816908807795,0.195123618300801,0.393093696406362,0.273540292456556,-0.175390528266374,0.0231695652675498,0.509679111945684,-0.0211007383587288,-0.186613998121427,-0.0630961319088967,0.131883632078193,0.254386853051275,0.365267292449704,0.484106350381219,0.256326249519678,0.100165461121607,0.742164079661841,0.24752950322624,0.45348150669811,-0.536094451887336,-0.428416773781605,0.0574004331068364,-0.222530369782071,0.379738116059616,0.791647603509405,0.316077198648883,0.567842334900539,0.289309919599218,0.203151259949578,0.323858038798484,-0.280017253364262,0.174940289157293,0.334255681660788,0.179382367921648,0.677848713719207,0.0520493269984888,-0.182694158714731,-0.0614945513653556,0.354714682134979,-0.274346444922145,0.0905969158516825,-0.271145174507547,0.3333024307451,0.385152979500281,0.344297588635469,0.336332191392918,0.24667778910872,0.356092864262943,0.722147787922434,0.0652684241015132,0.102234632970489,-0.0568975573793646,0.11969343253163,0.716287998321747,-0.162636664374628,0.00616340199280625,-0.113966871795303,-0.226370682672794,0.175439531862264,-0.278878773678729,0.477389107986847,-0.113595893837543,-0.25547336610095,0.00882265167614335,-0.0327134072829457,-0.255090429193252,0.341978205922118,0.102053144866506,0.140533108159243,0.307105254140435,0.0293549612196323,0.0899693916376616,-0.219661021285358,0.0746820396562738,-0.326604954028517,-0.219784227081419,0.104031530416095,0.0391881241888085,0.757299433982745,0.199512984285081,-0.162411086767364,-0.463777560669837,0.00732040626346489,-0.455550474526898,-0.215463486542616,-0.655899625195422,-0.42613088635202,0.169782317929753,0.0864303498506473,-0.104607542094902,-0.392046443542373,0.0765106163309482,0.0500975547799002,0.334325079835449,0.560609818831094,0.644940839692448,0.164932071795084,0.218073534351652,-0.277207123878657,-0.233936068392139,-0.080834670456252,0.133273979201723,0.000715580376525443,-0.407107575442907,-0.280643363695091,-0.198561367338272,-0.0611652640164427,-0.49974412906021,-0.768467452036341,-0.28701426878581,0.372976419383112,0.202085072403797,0.149109239719579,-0.253917824839805,0.00876013998148676,-0.359619205165352,-0.112442282788399,-0.0845498298644874,0.58973725767102,-0.185662884623979,0.166192489370932,-0.158082722643102,-0.0676737776285878,-0.196952448189001,-0.200764287301991,-0.182962236507916,0.0817002716963639,0.192250086524729,0.515258747205936,0.517919687782192,0.596831976309233,0.0305673475872425,-0.261133052400608,0.160428340938442,0.146082986254326,0.248688585843834,0.222097855569177,0.413834524524928,0.212060951391205,0.338944834295677,0.168898215634936,-0.183608376990837,0.00626501408503611,-0.262836690620082,-0.0806310726957443,0.179445718424702,-0.14504808178283,0.332450414497115,0.0173085176293328,0.174798779130016,0.288414002300592,-0.0974790227661629,0.0711508805762082,0.172608078934161,-0.145600872143657,0.503213194487833,-0.0452371832917527,-0.339251780526363,-0.23250933734799,-0.680548091295266,-0.35077612135487,-0.490594386019602,-0.518541714285692,-0.0392430327843258,-0.305710082772442,0.04973368089484,0.148727470131762,0.250688550146371,-0.362569212075562,-0.231918146865146,-0.00888484243083444,0.305513606436273,0.203671738889884,0.128323697523085,-0.0966564549043213,-0.164669307407193,-0.660616491698396,-0.381908799947475,-0.297864528488334,-0.0101300412725445,0.0540500333093988,-0.485750088247652,-0.438428645891499,0.4025007303361,0.011803675907163,0.177033691732311,-0.148383967533283,0.0970997164742278,0.268178251065297,-0.123663593152423,0.391924407176964,-0.00495882865084672,-0.518022012296752,-0.212319645059692,-0.410085584455298,-0.583119649698785,0.100675023792857,0.0893476127413722,-0.143007193118985,0.484820755823325,0.834662714044967,0.548796558859715,0.517771380252529,0.0877073842570214,0.00388363688134603,0.25283468259143,-0.195201372883539,0.0852038289818206,0.33968717743776,0.0702638298148429,0.0357112900917098,0.522848828513846,0.673061556269886,-0.0226227623115834,0.160992033104242,-0.20748923026519,0.356192623138105,0.00589433141592388,0.145916448370255,-0.238882775514318,-0.0231038096133573,-0.862113078139337,-0.316165621836949,0.128258931401016,0.333348099004627,0.299648805873039,0.761547037059287,0.544944137343179,0.35938729066233,0.229256918700374,-0.0720417332198792,-0.436571021239672,-0.284743953016202,-0.187509751321856,-0.582278868218988,0.309181471677313,0.102253027511206,0.221198475380993,0.0751123849075626,-0.300531372276972,-0.30214643063393,0.171356765745382,-0.0609337437018788,0.285372579329537,0.253099042833109,0.374316382648419,0.702887537651115,0.390556293042421,-0.462750465292917,-0.232174598346109,-0.531763529664157,0.0142157829511742,0.150868954363385,0.0327962659530011,0.0473749274514057,-0.269898899165255,0.304169625799582,-0.0396555493904396,0.964718900552484,0.678164290432796,0.422348118352868,0.626827332934589,-0.0184648277448348,0.125241549684126,-0.106543018355482,-0.433326694498798,-0.394959140790879,-0.534808969645611,-0.548256474343626,-0.201707545504727,-0.115501331109443,0.296898545573491,0.282776582160606,-0.037028350812202,-0.159733257755098,0.077283093001229,0.192727813789433,0.297212632276516,0.330807496376027,-0.284776333445534,-0.323814583018834,-0.4090380313519,-0.254848436886331,-0.176919979466142,0.240515496059173,0.0588102862822303,0.052237491220458,-0.0665811790661375,0.22066519133684,0.0191483525234609,0.254582346712519,0.694554390985729,0.0620786819047147,0.746092742469455,0.263129487876966,0.539276779371672,-0.205231736438512,0.25203769571393,0.272486660107056,0.0507608823538381,-0.154992170258638,-0.239064565229175,0.307971432336843,0.132882312678696,0.562510305521827,-0.0695579806875067,0.0667355643630098,-0.205010421136756,0.185613514764686,-0.104313714830602,-0.29836720563492,-0.562790504992411,-0.459848556242336,-0.144965886402192,-0.186771710070897,-0.0340437444423735,-0.109435153593935,-0.103894933885555,-0.392029269513132,0.0158504634127691,-0.318452027524679,-0.00853919961077575,0.155409731844082,0.102412213796764,0.404599617135289,0.415201145021504,0.215892865928726,-0.242664209279327,-0.261106857881184,-0.239943138673463,0.218671104769613,0.282809287551248,-0.138463901932873,-0.210662215527891,-0.153456049886846,0.150726438821081,0.564317642149086,-0.308434559786985,-0.0743765726487665,0.361791009292601,-0.0581538791350634,-0.21290741822415,-0.390803521400088,-0.765622351451317,-0.631973699626454,0.369699516654581,-0.0634953288790174,-0.0822728384665513,-0.2398698247703,-0.283379499890683,0.389097049392398,0.440029527341466,0.0615784046475898,0.615667297423066,0.277192089816977,0.479226756126009,0.409839932151515,-0.146055722552661,0.0459245109206795,0.489231083523179,-0.072874536480571,-0.283869977926567,-0.277862678468691,-0.0448378673605258,0.203512151419673,-0.67779487511638,-0.226235030278003,0.217273543229758,0.181472660858428,0.29323324404387,0.304609530292282,0.571683025777037,0.469480551389164,-0.109680154078869,-0.0980975859868408,0.263188835867022,0.211459802768081,-0.19480762377896,0.0226083896367967,0.231097114984115,0.161517048417004,0.439257893191986,0.384369880398532,0.471168177251365,0.564593876330899,0.249510579909567,-0.0544653291287507,0.261032950203279,0.412282045286794,0.195170715578911,0.0376089402144796,0.143565717050967,0.166427943612136,-0.0223304817907964,-0.376348956258208,-0.241790251020523,-0.135225889824663,0.47107228828767,0.684953464428554,0.313767985422971,0.0972671533558294,0.010832267102226,0.0751316395696056,0.265795748861538,0.131274316624348,0.203451739108618,0.0847894073106053,-0.154076688016934,-0.257186804583288,-0.118706128845078,-0.602932988046553,0.0992040041021449,-0.0242965333461337,-0.299086801393764,-0.0698271144273266,-0.199759800452636,-0.509948312096243,0.0369046706456103,-0.456841633584877,0.0791353265747247,0.0963696445566472,0.157310120936816,0.0113082195379853,-0.0659872793409457,0.00837270377404292,0.0557042360085592,0.15996845856455,0.586009640660647,0.0875744520014889,0.470460882843346,0.266373512069895,0.110890667859024,-0.0399133931259012,-0.381207401926806,-0.192204032475435,-0.152717729655621,0.0361131318627805,-0.317236390189482,0.417669705745612,0.204029078849407,0.442918920815581,-0.0241510503983173,-0.250757860856489,-0.397910907797023,-0.311561427220744,-0.2891163191032,-0.0350768120290895,0.388766237030227,0.355180977462723,-0.151105003781068,0.246450503672053,0.113327398095811,-0.256076864213267,-0.429604789467775,-0.0254072129226358,0.192368941653823,0.113642939753467,0.472906448097845,0.0646641839126336,0.160502752715486,0.294070508031986,-0.0158354922226969,-0.381327022349775,0.119963713628201,-0.336290493995559,-0.059368661907699,-0.2985809700263,-0.242402190911586,0.304846187015684,-0.184171018647304,0.213073607201338,0.103210710352599,0.186375202269241,0.691397788000808,-0.816443869330762,-0.0666856656400842,-0.0507647707624196,-0.0101461172569523,-0.307212824579641,-0.332940456036427,-0.206040576706783,-0.198356866383843,-0.328035981425247,-0.234812536236695,-0.297100846004773,-0.351543648824114,0.13564585152946,-0.131486318759927,-0.12413575143719,-0.835157202203497,0.345928587473383,0.133484084331011,-0.184950208131679,-0.163858656091058,0.412527408552086,-0.347421872721762,0.0991008326147032,0.482421748170165,0.560183424949886,-0.0976729342367302,0.177940411801788,-0.294324925621889,0.21997091529112,0.001383948801103,-0.176611726578213,0.146994320220803,-0.134939046087358,-0.144331181222766,-0.325468761792617,0.359252584809726,0.462605295551683,0.357921105265046,0.140413802354533,-0.127045675502844,-0.213553499233686,0.0821445008388595,-0.0392558490743973,-0.204675672082165,-0.154874649601664,-0.840349823245007,-0.139924062016673,0.382760135964126,0.388178860367862,-0.284952645445773,-0.0250909349453023,-0.237070053247197,0.428054806856032,0.451211394755688,0.468232796057154,0.215156684153498,-0.243238560954504,-0.00415239606158525,0.0961782067075305,0.0615755504654784,0.518297039967199,0.318374826345784,-0.181252203470539,0.271424016069821,0.0943102797028016,0.408154755557198,0.556467239827601,0.376096708870579,0.271345657337831,0.0267255662412619,0.00494700179721082,-0.349507790238072,-0.290067626205068,0.127702570337055,0.0865191717367896,0.0191752063505682,0.0121425317704465,0.848860208668484,0.679723310380775,0.212349250000872,-0.0248076568227989,0.0801881953070469,-0.352536016740357,0.108499855965579,-0.302149028842821,-0.00897358375924306,-0.271384790272456,0.267607117458878,0.0741843546334701,-0.542118283294881,-0.497215184503243,-0.376005434632552,0.239207757165643,0.239798665602729,0.0244602284203027,-0.439069515437642,-0.363930678410097,-0.133777124540772,-0.00523446944310133,0.199860970732069,-0.0553262246817134,-0.248560904850978,0.19880230467339,-0.177245357973326,0.0876406038054151,-0.148018696296987,-0.136854224897446,0.34585755384525,-0.0831884799059281,0.305072398549171,0.46301454589772,0.387502818302788,0.448971654940108,0.59365777849787,0.500425498088848,0.065208121580891,-0.118297285343661,-0.244464710812522,-0.353209534412745,-0.462270113615786,-0.286151713225349,-0.0552894656901167,-0.103111458465141,-0.0168176819892295,0.47746704264391,0.45608417229422,-0.308052612993696,0.0805883944142749,0.0691878528596556,0.193689574345225,-0.51889095793049,-0.571015865299399,-0.300454599263288,-0.373115474603746,-0.171648727746968,0.0515609895797977,-0.470618001921461,-0.400162893353948,-0.404645952085582,0.378667059387683,-0.216609160110754,0.295003480130339,0.287725243123406,0.104881826400241,-0.000935140776977594,-0.213372407787901,-0.477574686098318,-0.783966003336904,-0.135294198504386,0.189911879389044,-0.0188783008998739,-0.349285770869773,-0.143171890220389,0.676054684057964,0.707982608373947,0.214880983349781,0.0293070641022135,0.131871390135713,-0.156998129713944,0.17361564685995,-0.12287469233856,0.0731801048799757,0.144407812406319,0.488069692615046,0.635703483909186,-0.155250903196953,-0.189827695123144,-0.142761988478372,0.0706797946879487,-0.0274536732937136,-0.405769641188581,-0.125102985459345,0.21835792096621,0.203377931600465,0.230834694191635,0.587946310217046,0.10606401913491,-0.0225251288183032,-0.14985631959172,-0.138089989610727,0.130953120405027,0.00167391652622481,0.285361832281076,-0.361225621361502,-0.252115839355305,0.244234257467885,-0.510638229970757,-0.34635455091536,0.0503805840237518,-0.163642948957438,0.0682955225920769,0.0970571482569282,-0.027573319372569,0.0270951547929154,-0.414851750565262,-0.370155656740351,-0.423481379479703,0.0832501033265107,-0.102211364121951,-0.21232462541822,-0.133646060791871,-0.301711454797475,0.0400456441377609,-0.0646733972469493,0.283544503759224,-0.170994012179925,-0.206504161430752,-0.586652153435723,-0.0952887514073246,0.19563504409492,-0.112539146399013,-0.428834844047286,-0.208727293411493,0.242778141450037,0.163263855410394,0.289575634387064,-0.123082012677354,-0.404800163981584,0.175425707463238,-0.195683687062082,-0.182287119402458,-0.248211729073333,0.444755754891515,0.627070034699472,0.699800529791159,0.221737573966716,-0.0977850959457061,-0.306928198099878,0.106049707771872,-0.00587302508291064,-0.147481555814047,-0.141950275469253,-0.250762250675985,-0.105142280654627,0.579453890899352,0.168507143426589,0.351501766926181,0.0912860763674388,-0.591086708519078,-0.172501101094721,-0.164221274256978,0.0301821622290003,0.23128138723945,0.227776223600255,0.204487010577411,0.526985686791882,0.333365601474514,-0.568709038709644,-0.243130475760134,0.159114649656079,-0.296846044392318,-0.212581546202091,-0.0452573672899336,-0.110076871225802,0.201095695951567,-0.116203863900937,-0.313775018451163,-0.292741675981948,-0.227628005951226,-0.628447572602777,0.0928731454738741,0.294163619276155,0.176338062239678,0.371952694181046,-0.12323617361884,-0.227806676451664,-0.548235733858914,-0.676299546017364,-0.521033086686014,0.172472751878504,-0.575565893257424,-0.856043095173689,-0.257467484969037,-0.508522029957362,0.123407502442984,0.252430881654668,0.397166118714344,0.0309653506851159,-0.0340127607950249,-0.148090655919853,-0.0346312256971453,0.0845782163912834
0.319662001026957,0.0970665725560573,-0.0942918786448855,-0.040468409705427,0.0506990037297858,-0.0883092458867042,0.0948484548952085,0.0578393461342643,-0.217517584513256,0.234384313653948,0.15104833315458,0.132681151535927,-0.169001313223411,-0.166848848333844,-0.308046753034297,-0.262979614512746,0.000262495685187616,0.0867100017936296,-0.403604127649615,-0.123332462264162,0.287094465233955,-0.0141529338974016,-0.125446784569493,-0.112175260147492,-0.223388174512201,-0.381205627951274,-0.183786932110625,-0.19064108267912,-0.554724094868295,-0.300056713374286,-0.297626181342303,0.374637617999403,0.258473917496376,0.0557228692735318,-0.139229166279101,-0.0722894449931864,-0.640066239181517,-0.393121732910736,-0.503397493357595,-0.418460063128815,-0.0337994286400648,-0.354542454946108,0.173577002829574,-0.038667916917771,-0.239299210468135,-0.244888173933237,-0.498369238192049,-0.08353217489831,-0.0183152283781948,0.191108438084887,-0.276809500195889,0.217867954141783,0.131172747237994,0.214242235821489,-0.231777817267711,-0.141048067464018,-0.362025548281499,-0.412955039112381,-0.131094212823566,-0.0489546811915565,-0.516163115058131,-0.118170181420888,-0.26236601465602,0.075824360537419,-0.198733510540276,-0.239947149996811,0.0324932692003563,0.141917697026659,0.0995438666797301,0.0479481636718091,-0.120389563704936,0.277851712727154,-0.211674918007178,-0.00204126283262095,-0.0198370056935166,0.0602750083326299,0.135356673734283,0.21916664829407,-0.0435758158898023,0.0943404172970606,-0.0665910369020817,-0.335436505591413,-0.157111917936796,-0.118903620256748,0.143791071826169,0.0546272405996853,0.104969001060738,0.158505576935011,0.0859047723945713,0.00200665948369021,-0.533545568558279,-0.0761015889293702,0.142222001558085,0.435173668642997,0.0840311109921435,0.236273190608613,-0.117242061013841,0.42150784836642,0.139099114147091,-0.150013450613982,0.0365088690794799,-0.0101046208660244,0.120668876884599,-0.0459896695576438,-0.132241393165248,-0.311572347852972,-0.275979071730276,-0.337589476584,-0.14824692265232,-0.100767997800494,0.211065015043486,0.501986039482187,-0.0237250258867667,-0.0226954204522802,0.0709144768762473,0.291940323282403,0.214835036525448,-0.00379596109173826,0.0154096278477015,0.412898845195668,0.4668010983664,0.120441553155633,-0.150542299885716,-0.160072461685116,-0.0783749950279692,0.0403868475361002,0.0684218943826372,0.309678849267054,0.124385767400776,-0.141134014162755,-0.479792959419825,0.224825301352088,0.0419270583906589,0.0844629064514325,-0.0114926751850227,0.0237919981656941,0.136082879861967,0.0456625652339621,-0.288099503347219,-0.222901620233877,-0.364646044450538,-0.476140287964796,-0.478011602598832,-0.0199721081397257,0.208079390375817,-0.00863926708101387,-0.0787575367996723,-0.00187248407096507,-0.347368214172941,-0.0999952877998611,-0.122440843672716,-0.0312403127692591,-0.395604392558399,0.0538989551873508,0.162541670438592,0.214597271287571,-0.0256660399284776,-0.143961950142204,0.128799022125179,0.0820707718352344,-0.0868019965019018,-0.156517197389337,-0.140286217855045,0.049265830295049,0.052121798820808,-0.0997924592445107,0.0232676606534912,-0.364054829242317,0.150331460453855,0.258861703909521,0.224952178961968,0.467821626976509,0.0619113601356834,0.266637038769288,0.372167399243769,-0.0678394176682584,0.133996009712645,0.125977374203613,0.141135608734702,-0.153601138218041,-0.169510530996091,0.274683385791883,-0.0285509130036991,-0.279080181881194,-0.00341035250248538,0.0316958186838376,0.0538374847801375,0.0425250305702594,0.578448563510653,0.123404754453691,0.412018919041284,0.27706868291366,0.0441297680396149,0.519877155532065,0.326018486383068,-0.176546068892754,-0.112197548557207,-0.0440064422885171,0.0774111672823319,-0.0641110261744706,-0.00455254312964466,0.12587020148477,-0.168332658659188,-0.0692775485736183,0.538584711644357,0.117364837450723,0.307400822290723,0.260182730216259,0.114518077477291,-0.121962216999102,-0.0743337467092585,-0.2774735681684,-0.399615234131561,-0.251219294770294,-0.448559863516936,0.0532056982774704,0.00209984729658592,-0.0450065845388233,0.146492904749938,0.0678854903195592,-0.285309791656619,-0.0624161169222839,0.0442235579985947,-0.0943934849834089,-0.648129945003071,-0.0708618222431406,-0.19590521138959,0.266596887715064,-0.0971562958830472,-0.214107251519863,0.134116371796404,0.0425285898575986,-0.0649988070387962,0.494065238250047,0.259333830789213,-0.0262678409369163,-0.266521480382706,-0.215466401880727,-0.469057192037801,-0.555357999018011,-0.121412640212253,-0.152022742227172,0.0965583286269409,0.336819472152613,0.257147976427466,-0.0315356453898141,0.312595122139759,-0.0131037152260789,-0.0966223541610426,-0.0477637160271408,0.0530408730542166,0.293162513955838,0.420662663028175,-0.0442784553609504,0.0830291583161137,-0.292568668719748,-0.254511957362705,-0.291000771068695,-0.394058371858365,-0.213459136370459,0.276950116539891,0.0640996178978628,0.360944783616204,0.163057950894548,-0.0324220732718086,0.0924539558863181,0.0714298543423328,0.15323022889039,-0.258886496181217,-0.0375574669810547,-0.586374493163506,-0.7296120989712,-0.321389132735359,-0.368424907860697,0.0207459694767569,-0.0889762284610394,-0.0556550023437117,0.275880324552808,-0.00388832287788769,0.309136462684694,0.483332667455311,0.400597463383417,0.141317776013603,-0.031597079832006,-0.175389395133916,-0.0032633724316072,0.327360946649277,-0.052504589144941,-0.250458593348382,-0.168475373680745,-0.321605037909839,0.332173905715384,0.129028862117702,0.13256622914059,-0.00577903780874481,0.0857144602432772,-0.129435615554501,-0.26094737674532,-0.130022747723021,-0.00385815189292611,-0.220881670782621,0.0352977798589747,-0.186520082215419,-0.511861070911676,-0.0614293113452373,-0.487173687814541,-0.350355548429286,-0.201801435934402,-0.0973133405926468,-0.187331720104732,-0.181464394844717,-0.180926171471383,0.131080291867819,0.0219447608131524,-0.245384093410022,-0.242422810257351,-0.43636992371845,0.0210690786021559,-0.0239517044473679,-0.0556212137600851,-0.0369402002123666,0.0168175199204401,0.107510478912934,0.383202847867722,0.467495289550721,0.04658489260481,0.102396238266765,-0.0473670377048972,0.0144192289277537,0.164279430865704,0.0802594138318107,0.0879492639513251,0.236046764796787,-0.00901963158404962,-0.378983424144106,-0.146170913199819,-0.125602916456001,-0.247278863356673,-0.146893620726997,0.150824209087131,0.116109125941314,0.090949387867634,-0.316650787945433,-0.453391190272453,-0.0290599121223961,-0.061572203363817,0.0323661955969164,-0.214615544947823,-0.313131782828259,0.00935873357645092,0.108227104299663,-0.269862134060817,0.0134815304003107,0.229097047667402,0.42560431740862,0.341235146663958,0.379208778829578,-0.165566613234847,0.0815432150339918,-0.00179351068942185,0.311544882267328,0.0985107772094268,-0.301566715638608,-0.351831707110192,-0.00645914177200942,-0.463333628334626,-0.26308291067116,-0.53878926909432,-0.303911046405519,-0.0542000227097135,0.00919452712103573,-0.0457516794499948,-0.248809922127907,0.296683619018239,0.240813034135442,0.221587277381766,-0.13197116475585,0.478623199668847,0.158239695946039,-0.322354143460977,0.00775595501174178,-0.143796590896236,-0.0682191546185532,-0.531574639234128,-0.415435565253655,0.0731626641629351,-0.0825519414420859,-0.135341855667997,0.0790888841104092,0.124264432008324,-0.154791206870883,-0.12743258304826,-0.0366115398631706,-0.239078460488526,-0.136464433881887,-0.635085048760416,-0.38760423856021,-0.223465178428558,-0.0225658453232508,-0.132360663214389,-0.128391203573049,-0.204472655292006,0.00378037623487653,-0.146886223976026,-0.0374842679124814,-0.0114687085712416,0.233380939468153,0.0815870311332429,-0.0575909265989445,-0.234035153640723,-0.397162233182918,-0.231183269171993,-0.155473127068499,0.11421847664081,0.0385943197952478,-0.174242961776732,-0.0618172427285966,-0.168025687856839,0.157492717922073,0.0677750528398891,0.255403824111639,0.139788112592169,0.412093858984412,0.0738608825831432,0.0407929713691297,0.255280638135929,0.059427249359949,0.057589607214261,0.0115306120811156,-0.148484319872225,0.429027637767958,0.0265992739639902,0.00995538559661611,0.187692427554084,0.0163971989471537,-0.0716083074134148,0.00170294534951237,-0.0295011101416512,-0.0342957548178531,-0.367916733356483,-0.2653395415556,-0.322191682822659,-0.119568812192323,-0.0642136913328331,-0.158660005326935,0.234291944330569,0.150581491120827,-0.0740082762437646,0.0803493828266284,-0.019365281897678,-0.418761753862885,-0.239719478953787,-0.330640721637736,0.127425930922365,0.19030772957097,0.369125436990812,0.24256126923134,-0.0267200108884767,-0.031998470645709,-0.347267753961648,-0.0728951317567445,0.0268446393561177,0.189040042422779,0.0780850734506097,0.294073101927881,0.452608397592267,-0.0518363097379332,-0.000806213815412751,-0.350513674128479,-0.170211552325981,-0.263088114981442,-0.0236692249861156,-0.171160825731582,-0.0416081470845992,0.249315634577936,-0.138581367811992,0.313688504558849,0.193313209292447,0.314166970725357,0.271612500642745,-0.212968416020117,0.0578969002698186,-0.0246383762704699,-0.188913047853462,-0.044402323635574,-0.543806645759018,0.389220370060217,0.0854140646805176,0.147440820490988,0.175940963260944,0.296739901606579,0.298081791903889,0.0874843136215664,0.15723843198326,0.323227466062291,-0.2287946132766,0.303562202773309,0.0841444208101125,-0.0349799221668869,0.17307623590482,0.162350899797907,0.351273929382389,-0.0311223360423249,0.0391872605033957,0.174681490759139,0.182462345984657,-0.230149903493326,0.137509776472108,-0.0393408956656384,-0.353338115242435,-0.394504420540585,-0.0977766029199214,-0.208782771772078,0.172551338800869,-0.285751004733254,-0.0480581788935023,0.0346828381358353,-0.00933700570915458,0.0226392315485412,-0.0745986280583475,0.331780133644706,-0.130783997998738,-0.306695312482509,-0.0710892895157276,0.144669691210027,0.0603918609484375,0.488175748213431,-0.180395707440231,0.0610714440812865,0.212411026338166,-0.102113237109828,0.463907810039266,0.198695327665851,-0.047220648350261,-0.219171404852449,0.0455592464718237,0.00476667143802756,0.207734671628001,-0.449729927491219,-0.255034143333122,-0.519982942511461,-0.278055546585314,0.349319920252589,0.120615285105842,-0.108369874781641,-0.296038225330672,-0.191357480125596,-0.237969416923463,0.200198279903119,-0.0769366605443602,0.0257487029085689,-0.151102527640689,-0.319076372258577,-0.325822678608231,-0.316273703103309,-0.130532919586253,-0.123781472740453,0.384601288040057,0.342104043254344,0.215618882572465,-0.174295572261985,0.0150591122542549,0.0967351908551587,-0.573485057335789,-0.424437001419766,-0.329855165504542,-0.145503266351267,-0.14830134603843,0.228138613775577,-0.10045821645743,0.126981267682454,-0.102000288318234,0.158539364440848,-0.103146936194663,-0.160695857624407,0.467796532578099,0.15629886385153,0.132387472810102,-0.102509323750396,-0.253506641266855,-0.0857503998838514,0.450726702459712,0.116329539298897,0.107351494846535,0.164184854935087,-0.0951272517257986,0.0655246421332599,0.125392423761339,-0.253698828155234,0.0292911324465901,0.0407188054412183,0.104115712408263,-0.00213458138261101,-0.048516848251646,0.0882480643871161,-0.00210660435509943,-0.352946777695096,-0.364322169889234,-0.206464990580007,-0.179367949444013,-0.228249457005589,0.100064359544357,0.0899603973843012,0.0519093619688895,0.404324386406436,0.24981315546551,0.226822608038999,0.0882984236419426,0.0613635820312368,-0.0279604891979957,-0.22654764201127,-0.239089470853117,0.33988475791841,0.0328925341084674,0.110078123399532,-0.0451011784365812,0.281347377449509,0.433329496082184,0.202430867396923,0.0890436342683754,0.220807952227725,-0.0418111953260789,0.451823304370278,0.166113244635512,0.237309302159801,-0.0543916278344594,0.13362555323103,-0.314184080263699,-0.120765770095438,0.052401957433977,0.0745675525596503,0.240236149074478,0.101848527812645,0.345467933414069,0.16786112973328,-0.150006582161289,0.0517361396859198,0.394113720007643,0.12121388410716,-0.520221019553243,-0.493356019704591,-0.138076173552742,-0.106282163341063,-0.382711705558568,0.0458690754542712,-0.267882608669951,0.121762043804705,0.29303307641402,0.109754418223016,-0.658229292593685,-0.223163309968169,-0.0207229987940103,-0.151285489735017,0.383969343886487,-0.151353961940878,-0.0519080388819133,0.354332795757502,-0.000274466571137555,-0.0917693373270963,-0.123786243100271,-0.176753701847242,-0.742802966733346,0.0309793144639866,-0.0335576907240454,0.196760402265255,0.0062660229925894,-0.118368574335715,-0.113966016482037,-0.137348739516074,0.0795434483257958,0.487943228839488,-0.134116244305417,0.170405650458999,0.112379758176541,-0.0589412176769632,0.0228409626933395,-0.0233294752054336,-0.145940648313292,0.0622534419720702,0.244091259675849,0.480116725237768,0.355835185691148,0.477803756875903,-0.0695076236092469,0.0660095097067833,0.14179078879723,0.239815477717668,0.330263374013507,0.114531699752461,0.100551135992282,0.00134676592055707,0.215988518512528,0.190183062952431,0.265699745396608,0.0205080676286915,-0.10780796353515,0.0483913663913364,0.150786588737893,0.123729515637606,-0.504034311442221,-0.135012316226811,-0.21249077115052,0.16169286218765,0.150870690309984,-0.207345303174684,-0.0798407240672883,0.169873598111412,0.15330659655168,-0.210786948855654,-0.582589558101357,-0.402018868116056,-0.268223042461169,0.148832970443799,0.238302495753779,0.0393384549671153,-0.023803476479837,0.0121104330558314,0.0672507557541206,0.366791395382857,0.0433863742151344,-0.394614648645405,-0.216884343177105,-0.238933716288397,-0.138192643732488,0.298185436673349,0.0990079176565017,0.0832952965754143,0.211893942496146,-0.208157356625129,-0.113011320775032,-0.330795749128322,-0.308994064726384,0.00555835664944659,0.29751202898892,0.190267268074181,-0.0686200028459331,0.156723920433994,0.140979851565886,0.0459492002501584,-0.0220016989034146,-0.2507842295783,-0.00160691308302129,0.237852990192006,0.387585235391987,0.223570922412221,0.387272929724176,0.000441168231274935,-0.284309987859139,-0.0441501611509357,-0.418795046202596,-0.0229039784421522,-0.0372387601926675,0.268969659187946,0.519775064739929,0.233102348189627,-0.117630707124129,0.464997111125242,0.576762383702753,0.204425531579502,0.427247449713638,-0.157167620166349,-0.0356673138938615,-0.301122038955381,-0.0443907761475132,0.118542636329129,0.0861160651387123,0.0777571882178742,-0.00557472577539876
0.482840312140546,0.40318326386517,0.125529077955436,-0.305881092937372,0.509861174506028,0.111234615489075,0.431460700637277,0.134233797089164,-0.397559199258724,0.144506642763302,0.365599507104121,-0.0710643260989433,-0.0983393449821272,-0.312466087475493,-0.583431422153631,-0.078621895598798,0.0979111094760569,0.259020214431694,-0.666906359622659,0.0514165410023969,0.209855980606554,0.141926900971491,-0.0522301860177265,-0.105499251023931,-0.396985796272823,-0.64556024180112,-0.52862588033241,-0.431640758317976,-1.42377137279859,-0.353280509248801,-0.719359065857986,0.735535781095481,0.674932144502684,-0.0573319382152237,0.221956697697338,-0.154739534765982,-1.1180540314812,-0.542271577769917,-0.555939322809346,-0.597548942047202,-0.175380035071721,-0.303836475540921,0.369884201748576,-0.247600496613142,-0.554137753514627,-0.282201811098998,-1.07466187446704,-0.580214485640191,0.0332023650942936,0.133035807651028,-0.44558493150519,0.24445186625329,-0.0710699740941208,0.233228786543559,-0.510743932516599,-0.643716431474917,-0.350528598437073,-0.816170195227611,-0.385529019603788,-0.294732494077215,-0.904962064755908,-0.199422881168758,-0.479790128736169,0.0246609074654195,-0.294274630339168,-0.785032043554878,-0.0256100793553292,-0.147924169273129,0.0253715117331079,-0.0155797070125452,0.0485900173713204,0.122329108325717,-0.619998035817857,-0.267440054049383,0.265588422884929,-0.112772320975185,0.0778307537470263,0.321532429546041,-0.306900482837451,-0.211682682622394,-0.000426887113359267,-0.622161155380241,-0.154803134826393,0.043986312843823,0.0287006441977529,0.159133486881267,0.422043539029421,0.175094441307506,-0.196177583735766,0.0425025713388222,-0.846500734803383,-0.36244128147883,0.182242433009556,0.8276941770987,0.119348766280988,0.281715651002799,0.162272018887481,0.875300168146394,0.457779243461223,-0.164692106523835,-0.179074147215182,-0.15136104944887,0.308810382280376,0.108352459291365,-0.167619343197467,-0.432817538872052,-0.649882554630376,-0.903942000163646,-0.131977236834775,-0.26556693491028,0.407852226432851,0.422819434491156,-0.0172683215413434,-0.193307152658278,0.0879610906474639,0.554271787219915,0.479124868947871,0.183250556810811,0.245890319864947,0.593488514717394,0.818997958826561,0.211684611891205,-0.249240188535291,-0.44514155880288,-0.0311633945089971,0.120065020585166,0.19510509021872,0.329674717023463,0.372725559516194,0.0883258468221945,-1.02348791015396,0.169990163522245,-0.106467438958632,0.32136802763403,-0.013773867201561,0.39439008268288,0.394539820070147,0.0409983836637999,-0.0106492700137159,-0.570161195196187,-0.493612277313258,-0.891223240464747,-0.853224972049235,-0.0324175223837335,0.298325428360155,-0.175510456194715,-0.367257874136356,-0.36292063221969,-0.313118748872594,-0.39320944958703,-0.289012249460273,-0.155949168462365,-0.346689814635462,0.0329850005499107,0.214055491898597,0.359353733390429,0.104583468629861,-0.167890122320554,-0.0592039217249054,-0.290502734106493,-0.116299286374136,-0.317886977196803,-0.470116971222529,0.0712013113684221,0.000437782274852801,-0.261346791497193,0.128061766678766,-0.576421718724771,-0.021202572901547,0.534246504281014,0.135045587409984,0.691846621458992,0.470830470376491,0.393920932360098,0.691264956086386,-0.0031024625784353,0.109833463616644,0.107460450735591,-0.0367829244901705,-0.165447409069947,0.0673898620201291,0.385248251762176,0.250129021189208,-0.387019729448788,-0.237447121252966,-0.0496920355277358,0.310134027982796,-0.0256604747434671,1.02365303627694,0.475884812794661,0.426648529960458,0.0627505500420374,0.17194814031014,0.621172767449807,0.719416880379197,-0.458157338102908,0.0481819790563316,-0.242460865261504,0.214970179614422,-0.274611522401632,-0.151399125912029,0.0932167911164928,-0.477978255510453,-0.313505578707408,0.742681329403876,0.257766780722182,0.620787187175435,0.648514352993974,0.0817633959365772,-0.0236426215032317,0.282805486277525,-0.460522333070369,-1.07214842146062,-0.479491778639401,-0.597923195523904,-0.0994775955588969,-0.109458986346504,-0.208599389150437,0.284143451996281,-0.245030904502136,-0.4467370302815,-0.180858188895615,-0.119803722545499,-0.553534505674842,-0.979104455471792,-0.0901434906611546,-0.385818493813332,0.391471135747164,-0.445597755273426,-0.142375116836166,0.0652725908958056,0.0811208897969785,0.0265999878592002,1.028841527327,0.201174984526328,-0.0556592044628063,-0.276979062602893,-0.426117393753732,-0.837776184912455,-0.690489545959664,-0.301525153228866,-0.352050845519454,-0.0231028912274283,0.418482100939508,0.289289139130177,0.343929478076075,0.80945830042149,-0.121841214872253,-0.221265387466908,-0.169359273398686,-0.189262148802516,0.518823747810755,0.611721600664042,-0.31135528632558,0.0288559290602446,-0.281251647508477,-0.345815551852912,-0.427082790298733,-0.677891244418612,-0.451238754191526,0.168701238332825,0.112531873601449,0.575912647505804,0.252088112382489,-0.0963209093105752,0.105474117365804,0.104840263783203,0.325355968070727,-0.521433270336524,-0.00719572153749754,-1.3870156600934,-1.07241612977702,-0.555097107073862,-0.825378457269999,0.0109800238516885,0.0491665353878124,-0.0267156564904077,0.655666100082185,0.166489685929869,0.609269446643962,0.598986570556834,0.185510941385844,0.131519270705082,-0.43926674515199,-0.373783785692255,-0.118767380174228,0.344577202123369,0.0588427480964335,-0.391093025402389,-0.640155228522009,-0.673046287656288,0.644434341248693,0.645908200028502,0.663310084809376,0.355645755537664,0.00725636642236979,-0.461334320830911,-0.316214205936226,-0.37437884567903,0.305003955908533,-0.218889551626444,0.176645372807241,-0.43267876112153,-0.810290889660571,0.0750159057546873,-0.974869175419046,-0.635258258927524,-0.672521117553822,-0.061539110463925,-0.106633962404841,-0.244378100513146,0.0473163390068181,0.0923555531596463,0.29095778271629,-0.48076094060545,-0.513447641842324,-0.273732737209942,-0.0320497611614644,-0.100722643959836,-0.104667748348948,-0.0786110169538965,0.0716934493433824,0.224773722158586,0.856157302279205,0.776760046655892,0.332192596274512,0.27802928068039,0.199731587085329,-0.101685520014542,0.0427566322854957,0.279978563929562,-0.0998654216100659,0.480599318579931,-0.0433923632591185,-0.271707972995729,-0.155837219287844,-0.35981197182352,-0.493779806485856,-0.364253941426575,0.255417706208623,0.628782729991642,0.0805822048545005,-0.270666786045586,-0.275519008282819,0.162284563970653,0.097389935460922,0.244997452421027,-0.532444591184338,-0.532197575691128,0.399733195401525,-0.0383360878688483,-0.606957107614922,0.0329600767878328,0.398820892279226,0.822381332910576,0.872015294622312,0.791512305436153,-0.120927144684096,0.149104483796284,0.0175084393750174,0.621946742074697,0.34889932902496,-0.787473751000295,-0.614982288641439,0.101223275839287,-0.780159023674352,-0.538569695836844,-0.536276357847119,-0.346256278133773,0.274954930927387,0.0198499365655852,-0.771316762693132,0.00692048507950897,0.360122224393987,0.420224865534362,0.0150698663308096,-0.0764009728543117,0.467978627345232,0.153702093269645,-0.426271061407831,-0.301335072841052,-0.52284714682409,-0.374272171873896,-1.03999160808885,-0.629663900777808,0.274379459485812,-0.127964722193158,-0.448135991189047,-0.118984256251171,-0.103499357480973,0.029220973984569,-0.51345138844182,-0.321709038173467,-0.514024078982764,-0.394691803630618,-0.864595555285366,-0.76086040178319,-0.0372856123440365,0.1708806270001,0.00650970399357761,-0.358516852286614,-0.401140543670848,-0.00870482070908685,-0.508421035240458,-0.287718801329823,-0.0580868785882107,0.344038389592437,0.064105046210744,0.182291190980085,-0.616838656025917,-0.793699752573109,-0.632867631667502,-0.131097167023165,0.183088725056952,-0.0835929549495479,-0.229617994926541,0.115469325505398,-0.252520075789208,-0.173579666047921,0.155417794882679,0.247919247830793,0.148395839955679,0.694622467753479,-0.0856200215869077,0.133722995862032,0.180668057024934,0.13642028077957,0.160863655038869,0.60098539175959,0.00281362089845012,0.465748153056591,0.0384895345931459,-0.196363353330468,0.0388512001898063,-0.179519979764816,-0.0803320540536598,-0.0568078689686748,0.106004801188124,-0.322257398160643,-0.714407696175787,-0.143506826309144,-0.351962909735113,-0.642034446136137,-0.177791360115009,0.154259599634124,0.57524779855847,0.429629747039169,0.0613396449963905,0.0733442667493894,0.318609343169071,-0.701151093085274,-0.23954084874998,-0.604175209963628,-0.0553494608170874,0.183738979849215,0.322375615945613,0.489677100479183,0.214528395197683,-0.130256726175695,-0.602711753090685,-0.461872941944959,0.234512426023515,-0.133219436896927,0.201065891923947,0.524913850668027,0.731751503726934,0.190958241932316,-0.00613534853196321,-0.458584638323798,-0.376916830881353,-0.396931280011966,-0.0572992404515063,-0.157462285472859,0.0167255194489522,0.368289601139036,-0.0475628414023566,0.299909672642156,0.19838707556705,0.291448746214637,0.369766633948307,-0.576906907110669,0.0782921713910847,-0.314639826505267,-0.284451641942978,-0.206887956425603,-1.0184698444182,0.964849058564167,0.392380145074275,0.309111849665875,-0.0257467923089524,0.524695259126329,0.702601649610601,0.212806141529129,0.170789131743519,0.310745696663938,0.139821168075682,0.407434925509179,0.520649174974901,-0.205068573307137,0.0366914252786701,0.215432508381264,0.880328109394713,-0.311670685790167,-0.0499539078079753,0.44951858915851,0.202952455285226,-0.417486292415551,0.204246838160685,-0.175126184876703,-0.617227737713852,-0.666532937642058,-0.0498359113945889,-0.638077838812616,0.324439119999778,-0.0832551081471691,0.125965743253559,0.180461994623804,-0.219209610978619,0.257075156672244,0.213318233400171,0.423426476354783,-0.0962491061368599,-0.893235491752093,-0.56599328536488,0.00673889073869837,0.0617809340533975,0.516449249348519,-0.163733938266601,0.03847667703149,-0.0804818154258201,0.017934651064435,1.20183132903498,0.313011337394208,-0.492971045401393,-0.360931363183942,0.371005033632639,-0.130805289852313,0.304253229865726,-0.486609519339078,-0.790201190622832,-0.601872569414773,-0.230653504828831,0.19947270934926,0.0154948313653595,-0.175211966895522,-0.476619675206831,-0.676951343457443,-0.698557730494325,0.460140731892718,-0.287916119610772,-0.296852597852812,-0.794897325124138,-0.887827264195521,-0.305249771237133,-0.306951600719607,-0.164208582879791,0.0566827104572182,0.453055671952618,0.395874417385775,0.224081065362253,-0.15840612856195,-0.00996800691213044,0.0961146453493373,-1.27770138461075,-0.886087262626476,-0.328990778252112,-0.177188549059099,-0.10486729091784,0.182605551772644,-0.207413052023354,0.0469176697464018,-0.219666877352633,0.441276714406826,-0.239967258957443,-0.0193229957992863,0.872513134828299,0.687853225791051,0.51168710687863,-0.0508920499801884,-0.147762650987684,0.0396115484759311,0.505672999521165,0.479596849805547,0.0596667091406337,0.243415444366187,-0.106371985449836,0.23833702314157,0.471708655872071,-0.0565275123116605,-0.0272426360341065,0.0850210300462693,0.176962898487326,-0.0508741480525085,-0.159080059763826,-0.0272742085803686,-0.155515322427146,-0.572520981411216,-0.497858425924133,-0.554040954371982,-0.775909395888778,-0.269293864601008,0.326741146694623,0.0933442336236023,0.432977789909504,0.537412187778611,0.403767717528453,0.136084546055929,0.137235957905674,0.17556903639953,-0.111279757504332,-0.67508140591495,-0.252592999226401,0.220009941373321,0.178068589769686,0.0371468589308056,-0.235697742752568,0.643773730885957,0.708199534574395,0.190122528246623,0.257744750681305,0.477006763658038,-0.0878888912439907,0.863648700632367,0.466788692123865,0.39972703779101,-0.0601598515758951,0.439624348925834,-0.348497069071841,-0.270350909090115,0.00453195646199472,0.282885915168908,0.278719237687545,0.780812504579361,0.582694793163486,0.542831616510414,-0.428153264212754,-0.159682791311271,0.331597811061833,-0.000377692574709067,-0.906866553679252,-0.837590404237547,-0.201885812219851,-0.225399214796687,-0.565554860068981,0.132714367909439,-0.243384354624641,0.305960299051399,0.333619077428316,0.0503692936600529,-0.76808609503967,-0.790040114194822,0.0342398614502307,-0.0689057846930322,0.448383234675062,-0.321718384597521,-0.0506867104613478,0.148656350146647,0.323890118524446,-0.236449799243126,-0.298496687057511,-0.510340618623059,-0.964981111969056,-0.184081756117086,-0.184337360111189,0.338361524521788,-0.1157327362409,0.00869250683637211,-0.0961681110336713,-0.24569309326482,0.489870854936252,0.583065162600122,-0.233261349356415,0.572092783701293,0.317380220965088,-0.0947237860961321,0.0805854947811346,-0.272096301607922,-0.140522184518091,0.261796407357292,0.326287837798347,0.701208750785327,0.569001438401975,0.733305357263796,-0.10670315796889,-0.179317970550389,0.11078736569684,0.373337783062257,0.355313801264072,-0.0161208163414393,0.0739759376728617,-0.263399897807587,0.536745298140463,0.241155083177976,0.69381377986959,0.274090948096817,-0.418961689025783,0.18783107274025,0.343429292648708,0.535062576958621,-0.646459785097646,-0.205773491414524,-0.690657569259514,0.154249316976648,0.233543778053692,-0.145914814845525,-0.0759520620657262,0.319804778855235,0.371594628085242,-0.203345717325582,-1.05218207441889,-0.989753287988672,-0.365409643898695,0.163032957322788,0.690497759149416,-0.266892163267521,-0.111989652262154,0.180303420842117,0.293344237721148,0.610328466437244,-0.155026825327044,-0.985390577239649,-0.393445307926573,-0.595863374369895,-0.0799954494369695,0.605225227184482,0.0237194514440748,0.0305056591768892,0.227892248891925,-0.28782778337886,0.201383475263263,-0.223054812008536,-0.5277087410391,-0.489540206042307,0.604907589119663,0.330163425707886,-0.0542568960810689,-0.0841602926656516,0.439564855619416,-0.0640930863847916,-0.00157220499161273,-0.157714211876187,-0.0117910214690774,0.574529312712484,0.757267113582917,0.408352912978132,0.655891372042123,0.277650491147807,-0.632970216949037,-0.206988078272003,-0.261806446835214,0.0604003838550448,0.263977790225325,0.723674504630956,1.05611779415435,0.701153609334488,-0.0415923112741787,0.789992455222644,1.26191586723797,0.345240108058105,0.662424654991123,-0.343428884724093,-0.525834356859561,-0.643360965929269,0.0436387097818673,0.258511425144622,0.158424376493475,0.031478006179295,0.155815903046104
-0.362794063674142,-0.138049117257243,-0.139085086196123,0.139178874625185,-0.228872624548593,-0.0432012788398847,-0.187497359803529,-0.062425705110765,0.0351543463158841,-0.114073403335685,-0.36166078386839,0.0883383301850719,0.154340044038116,0.227159158998487,0.358769156700545,0.0704027729557176,-0.245351849610961,-0.0618456447749487,0.37325876723615,-0.192476891788785,-0.203474995492914,-0.0613238464690501,-0.0831377691617198,-0.00579748420425356,0.305997389334978,0.242716103234034,0.323919579440704,0.34686700756119,0.684536652480309,0.25533787446251,0.418208636935817,-0.463695391890997,-0.543642363691786,-0.110850720549806,-0.224076248771354,0.139608240575278,0.645634168873549,0.367888977624098,0.403123847103106,0.123186459528605,-0.0514579153234547,0.143988637332351,-0.184792572168002,0.147841527890704,0.316427670778974,0.0610022836728631,0.434662617708896,0.214330607430555,-0.0994941191963678,-0.242613506468055,0.163769438128876,-0.0749849488585806,-0.018663058284137,-0.0756050833428357,0.232152289090273,0.500807843102855,0.13543073375055,0.414203047693935,0.234029267535745,0.382717736533266,0.56186947528954,0.151507573519071,0.2062595861238,0.246514187851061,-0.0239084393060054,0.553628135083016,-0.000437266910907952,0.104714744461181,-0.105232868518907,-0.141464407789621,-0.00891100801394982,-0.0913170547341695,0.231520450519537,0.204429536909708,-0.383201763379199,0.182664847280595,-0.218914500011187,-0.110447913603607,0.0437946675021072,0.141807394833594,0.0743514009874996,0.39015126797923,0.160531629273837,0.0453782257821924,-0.295811480353821,-0.0101911762680168,-0.144668234673262,-0.0626542975271801,0.0706404422184324,-0.224004132246164,0.588499865421019,0.245205577785096,-0.218413054297431,-0.581788016861063,-0.176623638200284,-0.242867564928956,0.0419676994745046,-0.553646564192959,-0.0612100583767458,0.167047966864567,0.100301269983133,0.173118200104111,-0.0769340031491808,-0.0014540694950648,-0.0888384434514278,0.180804070175171,0.346141430050674,0.335718282045851,0.163072334584447,0.181013379231074,-0.325318306301694,-0.507966353926081,0.165031416409036,-0.0401496011277779,-0.08162573612973,-0.110840188514378,-0.20222041208702,-0.0555361429372706,-0.158662225149475,-0.360842778549993,-0.505445548909347,-0.24937414092933,0.152484963658408,0.490014095291664,-0.0831410348835319,-0.306547839350564,0.0764969899183896,-0.25196164569047,-0.118196273392288,-0.109815856754487,0.438507281108416,-0.0694015842813101,0.264746877008072,-0.148441922592168,-0.0145954324665344,-0.0263140548335818,-0.254186171499445,-0.0675784915844837,0.0604698675741169,0.0621339054614053,0.435081456783963,0.445275102924756,0.461881959858364,-0.0386513866305669,-0.162255437029972,0.123624547278862,0.0283864558639957,0.0223161030768481,0.417880079506675,0.21313064652282,0.102523023622902,0.219897550170456,0.304079573434792,0.023275836492818,0.0304583952310129,-0.304411995573127,0.0131404866620984,0.00933114038276882,0.0640921921326724,0.210574384889189,-0.0448625752155629,0.239235590342989,0.311583495591494,-0.0208779713297166,0.0671255004320294,-0.0975655562606828,0.000740979179763318,0.209144065797917,0.0230059225633024,-0.42862593494035,-0.00145276659887283,-0.408473248961523,-0.164507399749124,-0.343260468602015,-0.329281182509732,0.0403415951088893,0.0434061457908299,-0.0876092683910482,0.0634705167845704,0.0763038510479284,-0.233894365388897,-0.106684518557886,-0.173220647187815,0.189234662220405,-0.075577184718888,0.0283030634520396,-0.0593320803273859,0.0306829818159707,-0.354330064293349,-0.0679276114530628,-0.375701987352001,0.150461493137503,-0.107165396317551,-0.43339636593094,-0.255864869517916,0.158101498327354,-0.112717417050594,0.11191049091988,-0.335930224707846,0.0734814734292108,0.166404293050846,-0.07379197569081,0.360958036699059,0.0994351786241213,-0.5658320650009,-0.188963869349312,-0.179591948563021,-0.466110133306587,0.013318853559746,-0.0107980533859092,-0.195897327734085,0.395626785467634,0.483426511878217,0.239511097843738,0.288133836063784,0.121533894831394,-0.170524742055595,0.166296590045518,0.145367665826849,0.18227067647817,0.418464894645681,0.220142132648537,-0.069860296519212,0.384194667505813,0.563230726166068,0.250841613505571,0.212274833610798,-0.214851871528445,0.164545650327087,0.034450167659449,-0.136428464876295,0.090604039471825,-0.114183371034043,-0.666215176083272,-0.209827679340835,0.150445637381859,0.00485041582380968,0.235560825620363,0.619576451193841,0.641045957868598,0.305554756605126,0.181606699651506,0.105139899788038,-0.0494860191201149,-0.228708368812318,-0.130614334011482,-0.403781435921831,0.170045576264657,0.109083543519234,-0.0792884659349483,0.172685160485444,-0.487016461587882,-0.251981560871213,0.0992453928146752,0.0962560314466274,0.0536574654579366,0.295567870919208,0.426078651697601,0.432659187804636,0.34328953088552,-0.242118532881393,-0.0573000972263369,-0.389027864654225,-0.179836545524343,0.103686475772655,0.149163837954648,-0.178802934960743,-0.155152536627235,0.316137245452422,0.10515869806726,0.577908746579291,0.540210910188367,0.203017533859427,0.442928059149201,0.119253221676924,-0.0154818178604863,-0.117025385848647,-0.336882017907278,-0.230397731134563,-0.326725727995795,-0.265436110288429,-0.0993410967962359,-0.182641662507838,0.0975507499959153,0.155733765049441,-0.070703863586721,-0.00784477198451874,0.0342413703423166,0.163829349771094,0.377434231928855,0.309533404218335,-0.265542063066311,-0.229390139754791,-0.322943406497695,-0.242096688968432,0.0271472558237112,0.266659824890391,0.115890296118202,0.100329439301819,-0.247718448397536,0.196515327257157,-0.0583440519580946,0.439161664375707,0.304070570194223,0.0815804562717489,0.521983150860618,0.352239680378322,0.286028232888862,0.107075937056952,0.237707564959355,0.345109492811004,0.0191798348667101,0.140292604885761,-0.167789546897442,0.240567112812273,0.241694653384928,0.0309873081444173,0.194032361771144,-0.0360497102240766,0.0328618282030325,0.0216593340417601,-0.162466177357572,0.0543387408398002,-0.513587653107497,-0.449075028221177,-0.217206249455594,0.0518839262963934,0.00488269517324035,-0.0408486921145964,-0.0798960005066537,-0.0862831016568389,0.0694527234215574,-0.252286884323649,-0.000906859108384683,0.108831910128397,0.0208348076489446,0.167151557274588,0.296188047078413,0.311750164338358,-0.290754415911983,-0.249807990055422,0.00482271821114527,0.0305492493342373,0.264882735147985,-0.263110615499325,-0.0822573327203963,-0.208712912143066,0.0946296382853952,0.473423108415877,-0.19900217988553,-0.127551288502063,-0.0181810301028228,-0.247001948836971,-0.0261549376996736,-0.609657737000928,-0.618550366298811,-0.261103171468115,0.00149467427028602,-0.0946694284620917,0.238378730069659,-0.462428559661645,-0.208861188149158,0.42803333546436,0.019245143994699,0.0143538090995512,0.421859297568503,0.183149994455975,0.353882175636886,0.220421241363546,0.0618176132540882,0.0124565196037943,0.215934814957243,-0.00060499064961945,-0.335457579790452,-0.193946472649711,0.157616627895786,0.310849873207786,-0.2958351266683,-0.147338082608972,0.183362816984927,0.285250124302959,0.233600036782761,0.414648889414292,0.611444816528508,0.539645457617244,-0.257757305558481,-0.14605438228227,0.387451015718278,0.0175407762591841,0.0861800132841622,0.111910816768308,0.282772691171757,0.0444907568564336,0.403758804565433,-0.0450752861615368,0.61039280333486,0.402186892765211,0.134097433494396,-0.266390842428406,0.169199540291632,0.155216687411403,0.368244500021611,0.151818999512677,0.145002028225378,0.0291663115947619,-0.0050044456875396,-0.224779021130599,-0.17516417814839,-0.107536823181933,0.410751245978249,0.62106543783484,0.351743336868116,0.0922160862085173,-0.287583236178297,0.039931198846846,0.145129216451285,0.139137433942271,0.124520723048588,0.0461277637661408,-0.082150648472316,-0.265723866171062,-0.0112562790758087,-0.527297324027895,0.136784413219247,-0.0524818282657209,-0.195589324058893,-0.0429590093996218,-0.19214639612803,-0.27918927276545,0.207795369425251,-0.266536279743932,-0.030255224598843,0.0816431055159984,-0.0961512693054396,0.224985123596077,-0.109752787491967,0.0459274620439298,-0.21448331410284,0.0981687094024952,0.3971587134021,-0.16978293027464,0.440712605038176,0.525799922068365,0.251223630712376,-0.226607379449921,-0.277374776907991,-0.36498149232013,0.0621249288172331,-0.0154057397502072,-0.207872400645019,0.389759884511692,0.225131117347554,0.439332082246399,-0.0156727142420271,-0.0260288568965064,-0.418687261475827,-0.233812694015586,-0.272403522545195,-0.0541767425137838,0.395808012110627,0.029994758884035,-0.0470234489575685,-0.0756532196687512,-0.079609176458164,-0.292546760607077,-0.484105866611013,0.0217430545633198,-0.00553985072483167,0.117022500977204,0.22085317314008,0.138057095799013,0.0202575484768567,0.204152884558213,-0.0709426984123103,-0.328578406703328,0.0290424042519069,-0.45104451052756,-0.153296153489064,-0.223912266534757,-0.302729982605035,0.356361469595439,0.0121545312032809,0.187461649892786,0.219829473176707,0.321825310163709,0.562207353716212,-0.480826152335216,-0.220926249219247,-0.205167576088055,0.00135886620154644,-0.281891914683597,-0.218251216883568,0.0176773925423662,-0.147791833460316,-0.235899704439256,-0.0465417887586049,-0.155874226062877,-0.166925030740471,-0.108587658279992,0.078676647961673,-0.127823633508329,-0.732828040037847,0.192444833694063,-0.123380793556419,-0.134553097712272,-0.1484657030401,0.368090896340863,-0.408827477634468,0.220608768406565,0.42282037449647,0.371111460707393,0.0862203697226731,0.308467186027663,-0.171101334096926,0.180956105083252,0.0450095628377465,-0.202215548140758,0.159036893822607,-0.199539126049332,0.0252570035826877,-0.253588914921112,-0.047399151722228,0.439149749922316,0.268193797436647,-0.0524922570492115,-0.0423931305408916,-0.369411358099554,-0.056800491213665,-0.0646477724398749,-0.00970660858464569,0.0546750619017276,-0.600107461883449,-0.204991605678706,0.33892561088448,0.122961675309618,-0.249226360532018,-0.0524141295779239,-0.0698236035334561,0.384015667892308,0.234705557787961,0.263325823086659,0.102731975844017,-0.241179795366864,0.066024852845963,0.0780551339407399,0.360407839201731,0.335584954334665,0.177242373181954,-0.100276820714792,0.260961358603364,0.197986774411785,0.220306521266173,0.449881053218642,0.362561727988284,0.33410414889859,-0.186099272615562,-0.00692964728242414,-0.277842149283379,-0.217905933178056,-0.174772077689342,0.0678399548451849,-0.147656539841403,0.122792216686331,0.901318752090432,0.63764036000949,0.00592239139581149,0.0644679769600003,-0.0685389063880805,-0.267900244381086,0.152434642520138,0.0418213514231233,0.0495301144156709,-0.189986605296996,0.223985650088513,0.0287204857105659,-0.327047796211166,-0.439145012539194,-0.186882859359964,0.0474629431589745,0.0948425229249168,-0.13008777939087,-0.439447679026466,-0.144232312194372,-0.0182006170549835,0.102554432093731,0.155530340149855,-0.209421310050958,-0.098824793262446,0.191618951279139,-0.0443921974473285,-0.0729644367925674,-0.251554584429286,0.128005801269665,0.199904723418217,0.0335687630994342,0.167016694721988,0.378271310902634,0.358790338266845,0.352715821116218,0.159252688191493,0.199195555774484,-0.26877688709172,0.0635737462376581,-0.0750518304815564,-0.352727440314842,-0.227890928740036,-0.125959591177356,-0.0270939325379327,0.150508580632657,0.00870602268729919,0.163929611675977,0.245619309211283,-0.0718523253504571,0.0117367274153925,0.223574671945051,-0.0509314692992721,-0.413305784676265,-0.44709553849053,-0.135579530463695,-0.08759564088686,-0.315032632597314,-0.112236058034129,-0.39463782195822,-0.309352836510234,-0.407343664141064,-0.162188953767407,-0.205119019923385,0.414455898797562,0.145407988221786,-0.103233729625852,-0.257197635789209,-0.202850645836185,-0.4005605931048,-0.598597386229785,-0.266506220672161,0.26963706434784,0.00115336871213212,-0.110327143884041,-0.00314229326591383,0.638608795402244,0.694942081144496,-0.0801655083567159,-0.00769946644296579,0.230000773861012,-0.010567696134782,-0.111244200917123,0.0341823279208316,-0.132607074631277,-0.0757700092163522,0.322094784070817,0.392824206192006,-0.211766813810239,-0.017911744655249,-0.299962195628806,0.190276748713803,0.0620026579077303,-0.0171019495849207,-0.073342270766634,0.223969277881061,0.168993974899142,0.0836486605725487,0.60594244124459,-0.0542983915336766,-0.070888445958556,-0.11335010536082,-0.0960149956816653,0.145617066018174,0.0655277652338399,0.10737423252974,-0.131725675405598,-0.380124819547396,0.140197861301001,-0.312037357566906,-0.260476739320818,0.0789739187832087,-0.229244748045593,0.0616536176155171,0.0781032982919987,-0.183162100552533,-0.360664067338578,-0.357798130570396,-0.412411889512927,-0.478199675414692,0.0101417598164011,-0.0688827922544266,-0.0382875261635289,-0.264936627036783,-0.150696496968317,-0.006183097945377,0.149764104626416,0.113226606682395,-0.0304299305049316,-0.0747820320166776,-0.301842136661699,-0.22036038178102,0.0209111736176704,-0.105795480190331,-0.147254877925329,-0.196684780927726,0.288785272933481,0.192590733403357,0.330242438715844,-0.133308977524719,-0.145091448897814,0.193387826979145,-0.0505993016370816,0.0348269599116385,-0.161644758683297,0.164643426509932,0.563659727420532,0.531718828339643,0.292072466639684,-0.0833488994477368,-0.229086876742283,-0.0565290832892925,-0.0571062381153284,0.0469531210165906,-0.0779458197621675,-0.270006037589874,0.00779916911203178,0.390112142767706,0.540363007514086,0.349616676497799,-0.0207900217567757,-0.321699681644959,-0.0387926931916179,-0.00766408255334385,-0.0812271058346684,0.237304349289334,-0.132080875283116,0.202436510287675,0.233441990621649,0.185975201308893,-0.670236802252226,-0.190842384843494,-0.101246632549334,0.0694266381502816,-0.28480423135009,-0.0158592297651063,-0.277020136424668,0.233539319251834,-0.174087044831719,-0.313679832218981,-0.339579545567869,-0.125184544163413,-0.385102222263974,-0.0523627178024953,0.347002467944069,0.148442190168855,0.218906905434224,-0.201382373941135,-0.286996115660542,-0.64696541601636,-0.492610950915518,-0.32748303482334,0.00203970309927826,-0.448011884670731,-0.684565068167349,-0.357922631907343,-0.290654591751835,0.0524375797322303,0.268432317381626,0.146256952437052,-0.177449072504784,-0.011948817990271,-0.169319096153214,-0.10869363737352,-0.0781254005608961
0.0452709014692291,0.0947405446734839,0.081447022456329,0.0496154457415268,0.0815836814547152,0.0467617508423471,0.110251772999407,-0.0734047110870669,-0.0276773722373793,0.263649543586119,0.0926708230287499,-0.119564483491765,-0.124575300114649,-0.0898975959861691,-0.278079146513614,-0.0645349020644716,-0.0030327167741436,-0.00245200023646653,-0.173223213860675,-0.0707101516615004,0.0723967720694387,-0.173143942036189,-0.0646256019002382,-0.105804455374969,-0.0884746479088268,0.0135704050109831,0.00380904658225133,0.0562780843807338,-0.297205704818589,-0.186909961750221,-0.0955372733103876,0.177254697896461,0.251091997967953,-0.0254828119440347,-0.103159447235827,0.052080240858685,-0.341855531978103,-0.219671594688643,-0.151466845986952,-0.201408922766615,-0.0603904590566888,-0.014245392727651,0.0876854720463828,0.0948930114211716,-0.11516914361866,0.00593619302099986,-0.228257050384342,-0.0494034694013971,0.0442725126377137,0.0196230241406061,0.0069795448183001,0.0292906624615144,-0.0650572750483888,0.116312431491899,-0.0752624011235293,-0.224957462611958,-0.0839336595630745,-0.405031113072614,-0.241729288529137,-0.137412699415069,-0.353372319760725,-0.103495636397553,-0.181889453414211,0.0864810788369434,-0.055036301616275,-0.10680414678443,0.162990712109661,0.0767093972284945,0.0245097936758471,0.101673433027429,0.0176423425669849,-0.000219037896107166,-0.252380421527374,-0.0173208143382028,0.0957793027109139,-0.0427037094003596,0.0278308395698594,0.183904498911635,-0.130218694013724,-0.156460024422812,-0.133202807534837,-0.1584308610313,0.053065570491019,-0.0338063150438697,0.0425338055634434,-0.00124254710612464,0.111816950596185,0.273612210374703,-0.0820635244066752,-0.241059551367781,-0.31809112833782,0.0789905829073799,0.0781255145930055,0.140185470843774,0.155321403265452,0.00396007298670496,-0.0019779180922018,0.218319567103812,0.165166235073908,0.141763310058178,-0.119901285430144,0.144374071725039,0.0339853420666107,0.205689792848873,0.0238197158577395,-0.283074683392691,-0.244178695373839,-0.207940894599251,-0.0913612946432399,-0.154960405740255,0.188232638399142,0.106578734754705,-0.00117713953514603,-0.0322265403977112,-0.0681579430864007,0.109104074214083,-0.00140620010362555,0.0120618202606735,-0.0634767393746319,0.102125473274277,0.160995953441455,-0.134925695075207,-0.192769168957569,0.0160411107478553,-0.146165910380177,0.171558688233233,-0.113770508571494,-0.016056648334288,0.208027364036853,-0.0359760524954026,-0.316014762815357,0.0194740542716654,-0.135790749680076,-0.157412298932796,-0.0862640797103484,0.0953975192157208,0.22687515296205,-0.0694813219367505,-0.12212073846727,-0.0962765246037607,-0.198237799721423,-0.123012455941787,-0.257938503850412,0.125143790076206,0.148106788675393,-0.0496338000901428,-0.0941958896612034,-0.141027778022385,-0.0647008542509732,-0.148736038387569,0.0631768427879408,0.171351075461652,-0.141912595190637,0.00686237178262561,0.123266753470138,0.202591957654601,0.0799137517459991,-0.0374979374880187,-0.0276248958810985,0.0169670464801534,0.0614881130573607,-0.187707907582691,-0.0288179170224016,-0.0148783469178294,-0.0518677652172145,-0.04311770584912,0.0994055855600394,-0.429331218889331,-0.184257471447644,0.0828057291290929,-0.0191463317701961,0.266852494622941,0.149253600793926,0.10924943383788,0.350878719877465,0.0474474245840733,-0.0537683492090199,0.103759505512303,0.0153174955751312,-0.241611464472444,-0.00204449991517477,0.0293741584399021,0.00417901647873227,0.0117529079156284,-0.0894061375916362,-0.0212390756779162,0.0221735708432425,-0.0692271693686757,0.262202245974224,0.212225928335582,0.0966311165586,-0.0611938469174311,-0.195197655264194,0.266368575533573,0.303695594228974,-0.23364939810129,-0.139902554198001,0.0163774442642013,0.0499986177028133,0.123583925466552,0.00283266044705106,0.0755342008832565,-0.218425677238818,-0.0936101831890833,0.110932037728265,0.125016180179121,0.143351559863857,0.232990515300411,-0.0639088456166247,-0.0530369642068522,0.181418268290662,-0.0916944145579942,-0.331789851576408,-0.170046049397779,-0.0608819338956323,0.0262821110308246,-0.181130558415401,-0.00903562766782788,0.0459401381422251,0.0192426674357886,-0.0672895334950428,-0.0779373875695693,0.0152896620275619,-0.288438467850792,-0.11967682722915,0.0130999628630567,-0.167884451009868,0.114433765589788,-0.10917664355497,-0.120056067872584,-0.0100342288462158,-0.052681416160901,-0.0218149201247585,0.194314379762628,0.108070953139992,-0.124771074320105,-0.0952062642802102,-0.0865948536590241,-0.261912693411194,-0.180098550438003,-0.147189758592036,0.00772485353363796,0.00557911663938173,0.265693082049011,0.0893022756447756,-0.0518753084923128,0.0579176783635088,-0.141102532458607,0.17830833051745,0.0436198863979502,0.177420438840107,0.0627917035439636,0.0587997448433247,0.00126058196528168,0.0919392911271617,-0.00411860296321515,-0.252634807916329,-0.272574986102359,-0.145971853988128,-0.168018004502262,-0.0560440741005933,0.012833607499827,0.266546088427169,-0.0369204297568084,0.0227175205162899,-0.111319770439883,0.091862356060811,0.076911746670952,-0.0799934342516014,0.034012369425143,-0.29441337013285,-0.368555472482109,-0.0305901434596609,-0.11910442297808,0.105760309519648,-0.190491791081875,-0.0827552036218576,0.131317122628623,0.0257494635785082,0.19593987080188,-0.0789351629894676,0.157072550838324,0.17783285448306,0.0603014619541381,-0.157406225333056,0.134981477059832,0.269978238746203,0.151808714720521,-0.151900921980268,-0.221040302504624,-0.134646775246531,0.391949650695118,0.339667566879182,0.0689133092117171,0.0403655586978032,-0.110497652747105,-0.0315087974494168,-0.0937571526015723,-0.0533349136859137,0.0827080201180695,-0.235709548808764,-0.0456884283206656,-0.176271468021531,-0.336664591048749,0.0431632114671346,-0.353158391286958,-0.158742135405665,-0.00193261388076174,0.018775063090584,0.00312758538513211,-0.154549483339471,0.112796282572562,-0.003835801667474,0.0771821332188527,-0.301283793787508,-0.188687704788427,0.0865239465265275,-0.102308044944693,0.125135091288437,-0.0732435204935925,-0.0195521640875174,0.149703409497498,0.0351241272739582,0.372751350093783,0.215604779153339,-0.036696172670258,0.237719943951737,-0.0735242217956833,0.00544066977725061,0.0519037193113768,0.267922751340272,-0.195552280509734,0.285959897189343,0.00316538890371527,-0.072143647824201,0.105493607124605,-0.187653262399953,-0.107638592993662,-0.0345736881976447,0.0580096503122233,0.043806505449508,0.0221407425891666,-0.14167262541369,-0.0763234631981211,-0.0767790161981831,0.0672591661451607,-0.125352612996026,-0.172302913286298,-0.0769282483672046,0.0339791115352152,-0.0110872493300966,-0.112525145258337,0.166539771191483,0.0955702738991159,0.22630644102036,0.321939822877761,-0.0397111467595606,-0.0845632609338966,-0.0438594782127611,-0.067938360589083,0.243370468077586,0.0270521858864155,-0.120576392786558,-0.00250876826109586,0.0335589159960331,-0.0426271788878158,-0.173762086538865,-0.145606839991844,0.00591329182749319,-0.0214787274405084,0.100662055520468,-0.1211793300033,-0.136263627224658,0.233414603382367,0.10301296807589,0.0352618473711286,-0.0232682541357076,0.348110267498932,0.278293804269588,-0.179918042370339,-0.127987038296555,-0.335126898821915,-0.0370991376029315,-0.202752338178286,-0.0639475384822311,-0.0161385846038173,0.224177628145995,0.0343682157717134,0.0587307877044081,0.175472668567917,-0.0950404659334777,-0.150589977321383,-0.294509846912442,-0.0526286935596663,0.0415500333189579,-0.142536065439713,-0.254202265812784,-0.112893271890629,-0.0131401498874473,-0.0512860236726403,-0.209949153430413,-0.363218685463036,0.264474382174111,-0.0224511619506739,-0.142925109603651,0.100816779535496,0.203033078576688,0.11902077032285,0.187370548924765,-0.121161879020943,-0.168350582562596,-0.326153814064593,-0.104372875687472,0.0301325813333533,0.0469667439556863,0.0179760816105247,0.0507871860803785,-0.132981963704169,0.132104921747664,0.137301643809055,0.15729088252505,0.0298675283374965,0.11679842136896,0.019719805597307,-0.0170693701419099,0.257314019063286,0.0147038071885951,0.269292318692217,0.254808462223935,0.00956170410817039,0.0968204445666926,0.0523466300616848,0.0443148423498624,-0.132436453307881,-0.203003488804181,-0.113159328914218,-0.184089151417653,-0.130722918656953,0.0221399467231165,-0.272912649344368,-0.159402162271374,-0.123133337611766,-0.0984466246774481,-0.11987117678429,0.0823605245923105,0.168238524907219,0.155739762458633,0.00780129881586283,0.0617621365903034,-0.0609545651478049,-0.178548554840366,-0.0316360467867763,-0.111255101001765,-0.0880468237307336,-0.0175617301414056,0.261449386508823,-0.0574120145612019,-0.180459038944403,-0.0778200842999412,-0.0756508229311068,-0.105136179218061,0.198786195740758,0.132822096184587,0.110026929273194,0.0821489401092072,0.220746186340628,0.150670195023354,0.00463234023937721,-0.0197908343311328,-0.166957962817997,-0.0396733866479103,-0.235637641783625,0.193455453595568,0.234267180312324,-0.0300033062141764,-0.179573841289251,0.199343488982519,0.0602377612427415,0.00316418089600189,0.189554361062854,-0.125670646597193,0.0405632228747691,-0.224944997870797,-0.129259850143274,-0.13729867170636,-0.335823996231864,0.254019977787874,0.171933293884682,0.207420063714691,-0.19244987822392,0.158391270814888,0.29254869882349,0.196764540995866,0.0486434393809411,0.2093427244237,0.0840612903719406,0.0213254978341455,0.149281922912991,-0.084505830774191,0.142935448215941,-0.00340029296094496,0.36252579923071,0.0353869715825613,-0.00879743647050286,0.0532977480377444,0.0592059944768156,-0.0267278996362107,0.0273490389861216,0.00774386707577328,-0.0782419188639209,-0.122458619988793,0.17180212606111,-0.20917038874354,0.132813074112788,0.0771561122062297,0.0402197416549095,-0.160439427971401,0.0308444917773948,0.126345459385589,-0.0656088803754767,-0.0777186544539841,-0.00168749734312704,-0.127552639701766,-0.202421170344625,0.163094890219725,-0.0271095864525131,0.195400859755191,0.0703104471190635,0.0690931756233425,-0.0200026754128759,-0.152843513631442,0.261253690347788,0.144444993132468,-0.0537469036252791,-0.106894485567646,0.0241842538144225,0.0528458114593246,0.0382467805229855,-0.358577262431995,-0.116560376353737,-0.150728098099241,-0.167689309646623,0.0935536300340513,-0.0642280249273817,-0.0960825755806436,-0.299616865946335,-0.216748759233378,-0.0606009441756684,0.165707610885239,0.0173529669407031,0.0392473063727058,-0.238911927388862,-0.348809321699919,-0.0648436477955674,-0.266337622508079,-0.0629329420814854,-0.0198024372727008,0.116746272954627,0.0811922271300441,-0.0295464690068693,-0.0771106846651965,0.0748494344356193,-0.0234025793477867,-0.365522521928359,-0.32066783686841,-0.0110333560808304,0.137027872726714,0.00926726331571277,0.088280945546381,-0.0924174766405936,0.087944757269614,-0.0693450428720304,-0.0168778332528182,-0.0973377205296344,-0.0104868058512316,0.225042840638914,0.41094117716364,0.126714818111986,-0.132037738030114,-0.15103849698689,0.022184764654107,0.204135333290806,0.00193746448683618,0.0175089214015711,-0.0505046320227748,0.000331458891003444,0.0305697118680563,0.123867835682763,0.0473810680587812,-0.0214004073812826,-0.0107118951799095,0.0911573922112774,0.238428148472617,0.0191496122004869,0.0304073183437905,0.0333437244614979,-0.326746397573922,0.0733523120748761,-0.101293812134813,-0.0989744280980876,-0.0406863942345924,0.147633184516575,-0.100976829741333,0.10953550072865,0.12494776685349,0.0943635543069818,0.0987705891354528,0.152817978154844,-0.133127641332707,-0.128424202816008,-0.155367278457447,-0.152335596188766,0.118691705365012,-0.189889577717863,-0.065942395088439,-0.0635629172384872,0.150164327133624,0.213557545984721,0.0901746612946481,0.153283267765542,0.0940752550031766,-0.0911188744029159,0.16193334138256,0.202009999662655,0.0607504877970892,-0.154512563558455,0.305530445867482,-0.24433828374044,-0.196778531347085,0.241480304789546,0.0602443617925413,-0.0202047373390333,0.149945290857129,0.175555760583352,0.152272746650926,-0.263615213944878,0.00918313614195259,0.083322101591048,-0.00340891101854947,-0.363934006676461,-0.275833464551814,-0.0153215835207131,-0.179665901488419,-0.141731111930967,0.0489720374405657,-0.213283678665875,0.0612494801721054,-0.0544831179068942,-0.0287251334528478,-0.277169337233477,-0.25477243498526,-0.0566902477025387,0.0822259173217335,0.0476679843126272,-0.218416124641456,-0.0513868122256429,-0.0162704547117071,-0.0206160930828565,-0.0546184163515831,-0.114798893920009,-0.0594977112196551,-0.361778999057158,-0.0613613230011688,-0.0275028675767285,0.0597123310048107,0.130113354762217,-0.135201299845913,-0.0913752982856477,-0.0212127913937481,0.126691916757343,0.0673000966442562,-0.14174686894032,0.171410505000287,0.00844250624726585,0.0364696791625815,0.0612028420946816,-0.0152199858665251,0.013172952173206,-0.00509825254461042,0.073143640094155,0.138151797465566,0.240430604345109,0.375463904695033,-0.056484080140934,-0.0288455621343355,-0.063225682261498,0.225101698954085,0.123385435093714,-0.124078839537252,0.0224489959997361,-0.0193614991823909,0.0318369014071712,-0.0695128551912522,0.264589940771881,-0.0446632288378977,0.0165955330352475,-0.0532420134763248,0.157990380678562,0.0328360751889459,-0.264087903345921,-0.0915825837033797,-0.131488985648749,-0.0134513767418572,0.110625904385408,-0.000378665685246624,0.112997388537351,0.208896145262602,0.172065356563155,-0.139502258662516,-0.134445548280713,-0.303458488642952,-0.0298212692848066,0.315075251258027,0.0246709403309729,-0.00981036412842675,-0.0819994517165921,0.0706622423956661,0.0631409750842594,0.124662988659749,-0.146676305383278,-0.199568226091201,-0.122799330156406,-0.157407792393483,-0.0264415321738068,0.0510319719810748,-0.0964154827753704,0.0162381936416845,0.0730871677002649,-0.0243200212062591,0.124390197256886,-0.214907119239468,-0.0636973706273272,-0.0634502354590741,0.0591041167647083,0.17995202989891,-0.175234792419796,0.00368471715604705,0.0584196468254319,0.0205740899481276,-0.170856164197074,-0.112967288725601,-0.153284745022073,0.189307803179719,0.0651568535258595,-0.020571317677604,0.11608234207689,0.170832731280303,0.0983544673585061,-0.104006879232068,-0.181704359146653,0.018329852190377,0.0207935152520921,0.271659051270344,0.203154639747426,0.464520940671077,0.03840689597166,0.277028655160474,0.364995464096384,0.101715371895493,0.213587328933432,0.124739984854977,-0.133624327772754,-0.296983561253783,0.0191718459935569,-0.059716301019335,0.186588978016302,0.193216109728309,0.0239309421777428
-0.11675672441301,0.0551155870091893,-0.0411425734528721,-0.0936174309671628,0.172299020165455,-0.0928055652202815,0.0411573436677636,0.196629828511782,-0.0326925319978241,0.112395627550937,-0.00678454299412169,0.0471520592907478,0.11270343421555,-0.10713894101856,-0.0347702956147242,0.022776830203246,-0.227288271891353,0.00937407481565675,-0.233580774665597,-0.128145907773662,-0.0229903549085052,-0.128045741421605,-0.156759469803479,-0.0402889022189765,-0.144057219837588,-0.0984364130408133,-0.0910915201099103,0.0146875401428006,-0.0559906986105149,-0.155404326871033,0.060005690961518,0.200295581649009,0.0253840486236587,0.142235677890049,0.127530286967566,0.058864171250116,0.0292802409395458,0.0516446783166433,0.0521261756046898,-0.138749579815816,0.0182633890381692,-0.00893431464523748,0.0793361029124992,-0.180563367130403,0.0609813654947287,-0.139506878203806,-0.174639770148333,-0.0670940604706359,0.116523033295375,-0.101751218646496,-0.0654955652882745,0.181325407460469,0.121874521590521,-0.0218299563171858,0.0670702734631734,0.123595908063713,-0.0925102007102598,-0.142000127297195,0.0626419736614615,0.11103805921668,-0.0371560306882978,-0.138020142656741,-0.106693288852004,-0.0978555814340552,-0.19736917702762,-0.033129295980566,0.0298291438221918,0.0808401728192227,-0.0365565047893568,0.000816256529505021,-0.012408572918176,0.0742594531801618,-0.158723959469675,-0.122803284102626,-0.133414410849686,-0.215146906009642,0.0790776232842049,0.0957907588338096,-0.0384507242627311,0.146584716688463,-0.104380285364796,-0.029407660849218,0.0626290154694145,-0.177301761245869,0.0894946719514876,-0.00159202933090325,-0.0283122315414337,0.158773519339987,0.0656679030049594,0.0247222337646063,-0.191916030317979,-0.0949371449907414,-0.201732785208203,0.171799537097383,-0.00714463966938508,0.256601681318265,0.125693895987798,0.00788503185217894,0.0827071459302829,0.070365495342719,-0.101918886060089,0.173566503791924,0.10490653319262,-0.000310289759335235,0.0900517682753651,-0.190751719316483,-0.148234576274034,-0.278980143893298,-0.14639038209428,-0.114823254431801,-0.0751144107311902,0.137975139709764,0.0385964601887239,0.0361423892561463,-0.0562373123494832,0.0876331550292015,0.0911218883710921,-0.0452237558466573,0.0936542584646117,0.188091517452179,0.279300233065522,-0.0727446030742687,-0.0650957419765966,-0.184594530660209,0.0840668669006905,0.0878342935644119,0.130812485025464,0.118461564291005,-0.137842176225527,0.0433501016151425,-0.178402011522965,0.123990319996646,-0.0707827697504493,-0.0666908856143718,-0.0521168340527955,-0.104026872221503,0.165535031813393,0.0272772453157565,0.0718311721365679,-0.107978907200048,0.101691848271694,-0.170075043791996,-0.0489186188236606,-0.169577350845705,0.0446802607448329,0.0220752018140879,-0.030230578470344,0.17580980872258,-0.0341893078647244,-0.120378341658384,0.0791105070684206,-0.208003407353958,-0.0217565713696524,0.145297752953383,0.150794421128544,-0.0366761667153467,-0.0128083256031407,0.117828280125082,-0.0258686583119951,-0.116831905024161,0.0120472206892752,-0.0765559541714019,-0.0894348720234887,0.0570469050506942,0.0925811000346153,-0.292372853724331,-0.205676695407329,0.066030030504966,0.0468022621848771,0.0253470041611151,0.0334224322546092,0.0617324419277229,0.00781643074049665,-0.0270053847362784,0.0839721304579419,0.102650316935705,0.0960504129307974,0.106693553273319,0.112660822758735,-0.0406253644749849,-0.0232551392902777,0.137857544976928,-0.00457473282381775,0.146826239756039,-0.0394281971463133,-0.0261943117262937,0.0599819221835379,0.0112178999884505,0.283948558963257,0.0900435477726156,0.129347869230893,0.00476811766693791,0.115596333555789,-0.0173282841150878,-0.0128205549550292,0.0812493172151195,-0.056350461329298,-0.0611082202729558,0.0779037742304295,-0.0836923074787945,-0.103250948453608,-0.057770895481566,0.02118290317114,0.121983406220873,0.0748954542296953,0.183046529790477,0.127020714550733,0.0439238279838836,-0.0693864347691355,0.0514968576231559,-0.0390806649399381,-0.052187511887228,0.0841325252505701,-0.134569019782455,-0.0824129198725323,-0.0819138819877279,-0.0714244021326434,-0.161091181137528,0.104969547929804,0.0993317990762851,-0.0781218053444917,0.0262002421231771,-0.156219922104529,0.0324851244605632,-0.280965044573696,0.000598400875466403,0.0342462962861546,0.0494609006657408,0.0424146402120894,-0.0197757363019387,0.0339791515935617,-0.000464114954438481,0.0249388951867126,0.116388794441577,0.0448408989060974,-0.187932736452683,-0.105002634500466,-0.0620805910721892,-0.234210204899883,-0.119005216998292,-0.0975003228135079,-0.0737815217069464,0.0932633549325936,-0.0306842667621479,-0.0288062638006148,0.211653925398335,0.125319208852966,-0.0673645265056197,0.15348283732247,0.00154049317820546,0.0626033977546878,-0.0147510892732931,0.0923977028331524,0.00308908013867577,-0.0195480985030342,-0.012725598328148,0.00967584522339046,-0.0286397456589157,-0.0504027020122975,0.120639094819875,0.222505669897277,0.0520621981493099,0.186005827638906,0.125675542486132,-0.122669658015396,-0.173795690283387,0.0952344079475781,-0.130247556733411,-0.0255574476613369,0.0638504979026298,-0.2821160931188,-0.214356311904586,-0.022661068750974,-0.0932476878646848,-0.198723991723696,-0.108054244667439,0.0846597392853767,-0.0434484528194512,-0.0804830593651983,0.0862074989484377,0.114904439366094,0.155953270880301,0.112461550681474,0.0350166262756875,-0.151101008326827,-0.106489524619843,0.0343552142772698,-0.0675379694050178,0.037307638799245,-0.0894340110348137,-0.0714067229079503,0.170062046264744,0.0293767463187658,0.0659782434612854,0.0248527744099143,0.0346219607898685,0.0936120166283914,-0.0635865367713342,-0.0824834539955749,0.0679382694608771,-0.166631738552387,-0.0186911498925112,-0.0481860854695626,-0.177148856677526,0.000763247832894953,-0.210270600832603,-0.141839710229448,-0.0266018633896466,-0.0177069001385095,-0.0823422602802178,-0.190935448921352,0.189815628579718,0.0970403903549367,0.157170719515591,-0.0786623690245258,-0.132205581741305,-0.239246144522593,0.0760923219064047,-0.153295697478304,0.15846238387007,0.032210151504853,0.0695235948586447,0.0160936562999092,0.0963565114636789,0.112338217870576,0.137834216952715,0.0236277958085209,0.0358302838199743,-0.0349899247377585,0.133465744756183,0.106680208109374,-0.20314029097481,0.127668599982583,0.0959731309834059,-0.0632026631236286,0.0445168133335342,-0.0788438611811774,0.0683198297206877,-0.196452189571417,0.128637336099106,0.0300799349125999,-0.114232268977906,0.116193379592022,-0.0242631360838955,0.050626645110467,0.0733208797848029,-0.230836349018465,-0.191759469219522,-0.154984303247165,-0.0523040580815115,0.0497232451261639,-0.137310745871093,0.0313470881698066,0.0596129147894225,0.138397537264749,-0.0581635560151455,0.228685066471189,-0.189542603547624,-0.0565268502272493,0.055524589036336,0.119530958400525,-0.0134628804711801,-0.0558020474437366,-0.0430331414896468,-0.016733074455174,-0.134851944915192,-0.0692983649430307,-0.0739968999612953,-0.0842211561606352,0.0472561472554883,0.00304416647748979,-0.298178938817555,-0.0851377200314509,0.163167261363373,0.0573090715738747,-0.0761365011497577,0.0583408008631776,0.0695238652549029,0.0645297563813185,-0.0967749668964994,-0.0898598837540499,-0.183138117569792,0.0621018571399844,-0.150034597348267,-0.112643864142394,0.00924882126646572,-0.0410808161892939,-0.20571940977779,-0.0509705297548092,-0.0127884010361477,-0.0503579996890356,0.130202603236141,0.0188011294408539,-0.0045642066539478,0.0595997327119054,-0.117452662003523,-0.0302097777057156,0.0116818400108439,-0.00663853698627849,-0.138978562737281,-0.0737454890898023,-0.142979926892062,-0.00239317217935161,-0.193842981475827,-0.181991363861124,-0.00859654693892073,-0.0241026894205945,-0.133483518628778,-0.0884299794625557,-0.16311281222588,-0.0716822367779489,0.0806500651409952,-0.00759574020191804,0.0551458537925964,-0.00578656526162307,-0.150333778678428,-0.000694418961465736,-0.108003766554804,0.0459615917854864,-0.0246071793420883,-0.146936628806542,0.0632706320533833,0.126358628070317,0.0448906165619856,-0.0122824840678991,0.154376544856777,0.00435604792985426,-0.00170451633743174,-0.0169129399365823,0.14717191324612,-0.106834650534713,0.111909173574903,0.012522240148746,0.0142398970644119,0.0966873101088856,0.123122751044911,-0.0953097771447489,0.0301392403731165,-0.126198282806075,0.005765959527933,-0.0866395813875612,-0.0167142064329242,0.0307036950615236,0.0173055373707813,0.0660574900659238,0.108919527601854,-0.00780742591471854,-0.0773938151110628,0.100745327080995,0.0438648379420817,-0.209830773344979,-0.0982591193946605,-0.0726399068964199,0.108450421896945,0.158799247948852,0.0322222248413451,0.0677021825405135,0.0141101369147979,-0.0890560855834738,-0.124348853676372,-0.0312960203198794,-0.114936732404296,-0.0666507141718549,0.0329862837133669,0.0815363252562646,0.0826229205212292,-0.0943871768072293,0.150639275454138,-0.0474043023918563,0.00415223954018443,-0.107970690256451,0.0449045196798405,-0.115080524025032,0.0202440228603833,-0.043002168864617,0.0899259232689979,0.181476581816568,-0.0172908743584158,-0.237694531110488,0.0268561158751745,-0.183609487521508,0.0879135440419319,-0.0987195987631443,-0.00600697619847351,0.15065913233896,-0.0387351412026981,0.222460995700544,0.119718087379028,0.037773560888439,0.222977706978108,0.0891867663088317,0.0418948276149532,0.184480997227065,-0.0785648434692,0.000611213827437916,-0.0530670527499532,0.158480133383251,0.163730140742135,0.0201056438755894,-0.22242338855606,-0.0866836659244326,0.18438061388902,-0.0224400896980173,0.0264369441700621,-0.135615584467299,-0.000187100701408538,-0.160067656325032,0.0839701732530849,-0.05944681508409,-0.145656526263979,0.0132935650316866,0.0496552270208808,-0.0311652841969767,0.149648067773892,-0.0398263850493366,0.0778636856653309,0.176129424863548,0.0704773411149891,0.145768849473912,0.0314702433774313,0.162634671634485,0.0252117668848481,-0.00970261070564835,0.147164074561396,0.191178207784702,0.028304100279812,0.0544665896995277,0.030802797571359,0.174271041427017,-0.130408096104923,0.117204415665033,0.0854334877254625,0.0850492173858526,-0.313221126688214,-0.241659281393377,0.00373053240548767,0.0268360928231292,-0.0720826472215093,-0.108042689990694,-0.276871995879654,-0.11284250906932,0.0123152792257036,0.126466047407191,-0.075008437889416,-0.110214910214533,-0.173732711130134,-0.0355593041904325,-0.0680977137143178,0.00186108882613886,0.0236604034347463,0.0663296103250758,-0.125152716195083,-0.299454491544763,-0.0447795200617172,0.102710493569693,-0.00476921918441281,0.014087410763607,0.0448119053975347,0.147674044025,0.0162515708200737,-0.151414148596,0.0533354147862089,-0.0748613291283968,-0.0539643755959329,-0.230984302422806,-0.166895154867368,-0.107205635246082,0.133128675448224,-0.0793022112118513,0.0222945023512913,0.136526615945717,-0.0433368679397875,-0.0552440853266932,-0.0982858873397106,-0.135789265234767,0.157779480903499,-0.0394782891538672,-0.0310230363355009,0.0520063579702793,-0.168318131103,0.156686821036867,0.3144820113181,0.0563437042942801,0.0430168885112994,0.0277635257005056,0.0362392687774128,0.0530681413568716,0.255895567025395,-0.164437823125964,0.0196795966168905,0.144323872539302,-0.00808058974444193,0.0202173346735785,-0.0199188942308748,0.00450257583593755,-0.193057067499092,-0.15848293131352,-0.0731514424822774,-0.152966559795865,-0.000870974690713081,0.00934808976535841,0.0884512109997941,-0.205037258537781,0.105816691076409,0.182068306115479,0.163094284036142,0.0994208840322107,-0.116899480020659,-0.100404050683571,-0.00502567304002915,-0.208333588122338,-0.0287533702852125,0.122461569214211,0.105779603322578,0.0270676646884611,-0.0465564817524371,0.0934828784490176,0.0708451433182059,0.196575970260767,0.0815845859502765,0.0368853952991595,0.0794864300089176,0.142291091617701,0.0126619179353232,0.144979677264997,0.150523290544349,0.202544904366428,-0.24209878759154,-0.0863037078754445,0.0752835547351815,-0.0554029273951454,0.1398309721012,0.243741508464968,-0.0490877626881498,0.142334856386163,-0.0226260976221341,-0.0346490649636999,0.0633769592490941,-0.220713841375585,0.0369245558210151,-0.163830114803891,-0.0255856141853156,-0.108645733975034,-0.296627678961257,0.10782113703153,-0.130869252173638,0.143489691048045,0.12076291118899,-0.12486711570555,-0.216267956162897,-0.0350894482462066,-0.0823613394814424,0.103003578707321,0.0527227661812081,0.0836752753054022,0.0285121037111263,0.00198624402193168,0.070049225669134,-0.038041349737009,-0.155521219100571,0.183906140995195,-0.24727938556411,0.0374524004154927,0.0314759300235823,0.107826069429362,-0.0451480939913585,0.0268074254530779,0.0717367252986185,-0.0820994697749294,-0.0065465636960213,0.0348495022214736,-0.111263953794303,0.128804136922777,-0.00419629482662117,-0.0975489993774375,0.000781378150999636,0.031108993872122,0.0125709928971239,0.0734187237880158,0.206709345958627,0.0593137889313727,0.0582188546879187,0.260121921828655,-0.244258541601083,0.0502509636328805,0.00329264618633954,-0.0142241620078585,0.157495080430259,-0.0772714055397483,0.174731247459933,0.055585694398647,0.00608040130846325,0.0602090802174206,0.199473498287125,0.0470077486422402,0.00944694649042929,0.0531219707893385,0.112962633367672,-0.066973143058085,-0.215061591076709,0.0968013959121156,-0.185466663278086,0.172129926881615,0.0141807395147396,-0.200383126420833,0.149605145331123,-0.0760469539496687,0.00823518053871412,0.118584481235674,-0.108711581189195,-0.168286151471644,-0.0241326465512635,-0.0943346409455264,-0.0815430676988241,0.0744884279707431,0.114319814534631,0.100969314471999,-0.0635626680842254,-0.0551484629758768,-0.024310840191587,-0.109448566722917,-0.10941689912094,0.00819252835620329,0.0348127879672893,-0.0955435658068539,0.0376687832260282,-0.0994684530892219,0.146757579142833,-0.142084130102885,0.000767160516718086,-0.0277955901764932,-0.0363409351859753,0.148010816973059,0.0227531338121257,-0.0765756478387537,-0.149069425557605,-0.127816355973721,0.00969572806414098,0.0160295486533729,0.15294821619451,-0.238298760803742,0.151018266220234,0.00281498700587768,0.002149173285021,0.157670149323265,0.160202749375512,-0.0493789309163123,-0.0377269291474001,0.0314574978569781,-0.055061890864178,0.182299965501646,-0.041476147626182,0.308634596588808,0.0748263682445528,0.0163205203090872,0.0253964622939364,0.38727706599178,0.104836496692587,0.113474066130462,0.192717103441373,0.0977132225453774,0.105381542167887,-0.144627234575425,0.0530648040660238,-0.00518286276488217,-0.0891231179299182,0.00446057961785394,0.110759468314825
-0.301466863438844,-0.030951944875814,-0.139241261340057,0.099209681581333,-0.194753920740599,-0.0708714582138869,-0.320755773115707,-0.112687900138917,0.23787193381931,-0.445200218446114,-0.21962265916202,0.151096714776361,0.198162642038292,0.131534516090853,0.40052479950533,0.230082495533938,-0.264666648118542,0.000207279747202076,0.415078664834977,-0.0413733399867165,-0.289731555311752,-0.172145663450592,0.0719315858084709,0.219608537306529,0.0884925276360254,0.411399493840664,0.196193548026832,0.362490850428734,0.785090111141301,0.163738909330761,0.4194822551003,-0.480759963551961,-0.587869907747569,-0.0835481925945027,0.205056915901782,0.262917982463395,0.606851374652967,0.263452679006443,0.326216096596264,0.513113056204672,0.270043256662813,0.264910051050367,-0.279179842820876,0.286617500032649,0.45886639132946,0.323271494786034,0.799334018755068,0.245719563583172,0.0420699595610159,-0.114179038432106,0.397547217772013,-0.0754802486612524,0.112338488552537,-0.274851240247264,0.372010462886037,0.352700529188193,0.274629852124973,0.336649740227869,0.365817807960103,0.505590761921973,0.66916586636954,0.297962706914809,0.216565825050372,0.0614708301605943,0.193528498451045,0.333245930922857,-0.151589587694444,0.0440722341636581,-0.0657331218892583,-0.112090750797255,0.101934305258144,-0.254454843275952,0.34063029360997,-0.0471135113940896,-0.18172658348516,0.178468538636616,-0.129756882619437,-0.114934372636568,0.0422443948821444,0.218940563226244,0.126564447005622,0.282484374167126,0.00466809038938698,-0.00403419040449924,-0.295459959848009,-0.0119372277755757,-0.336817555418603,-0.232734451423328,-0.0229038240496886,-0.189330390386321,0.538529983993033,0.295967765148458,-0.186431484112874,-0.500644880301202,-0.126835937342356,-0.0173920413510189,-0.0519015537317596,-0.387504397926344,-0.310580715459208,0.0643103550954838,-0.0124344945766946,0.0635167364981388,-0.177227007684772,-0.0591002151820357,0.0348756407752677,0.328017218125236,0.468809716588882,0.583498264634743,0.0985674822821268,0.147991182914941,-0.223066199884066,-0.389681860999019,0.0277918592238534,0.0475264600035493,-0.0604486360751298,-0.497733633317805,-0.370706945075594,-0.266957087268928,-0.1377352446642,-0.532686877210743,-0.425469271761749,-0.340433279911912,0.255822843699323,0.565802986818411,0.151857303391697,-0.179846730920557,0.11641192320197,-0.281491612783063,-0.0154548187074294,0.0610505839324007,0.663703043670979,-0.198870383179361,-0.0705032086452805,-0.165847347341425,-0.158696745963799,-0.220440898906888,-0.234429455819627,0.00529382981443279,0.328888466936289,0.257006770725544,0.317402411922492,0.383744460334912,0.542597315355575,-0.0246765566673889,-0.30422632300007,0.119197674328595,0.306406400056182,0.267891099254161,0.467902521804574,0.263376958461284,0.273632444224261,-0.0717968359445845,0.0776492241161588,-0.0544144091289286,-0.14782079101256,-0.202976400888312,-0.066269160455447,0.19395238731929,0.0433205838646089,0.273347929137717,0.125480799650294,0.0679741586821573,0.299275588384356,0.117848626399234,-0.0832020314957817,0.212663175857263,-0.0509949232569966,0.375184657439675,-0.0452903691412972,-0.374957813724044,-0.204265919295582,-0.467076712276613,-0.265654338275355,-0.537569294330826,-0.444255724708271,0.301536881717191,-0.282989927213347,0.0941328171095591,0.196379454758316,0.140544799460783,-0.0695565963398807,-0.196699397761147,-0.024741746917563,0.38701306510085,0.0112221323298223,-0.0977196358089774,-0.021845872564679,-0.0653409125230534,-0.507188118437435,-0.407140118984335,-0.374889427444882,0.0122662026690469,0.0670631065438579,-0.565033564991481,-0.390956239379969,0.324754014155025,0.0596930320184092,0.334717603303529,-0.264882319661083,-0.0224439812916889,0.254898769542138,-0.0130514255519672,0.289702382276261,0.16431941500445,-0.605222133669462,-0.271188195643975,-0.153095956907226,-0.540936957951722,-0.19210236449816,0.0278662134095125,-0.171770676165223,0.334437069866868,0.639097409675611,0.340771356309215,0.514311421086919,0.0661831210752647,0.127118053372779,0.140161595547825,-0.104178100712396,-0.0125863059193459,0.432105309367825,0.0364904537334652,0.0692611400002015,0.255320144187087,0.624163588234491,-0.0690348979080931,0.180943663403367,-0.267656348106588,0.223497504671764,0.105712322661924,-0.0934311815970495,-0.105764619712642,0.263064227992659,-0.408348748897094,-0.116359463054064,0.1949556085529,0.198106038706378,0.430741383871655,0.638046638323746,0.471383826074711,0.294780183765051,0.0102130788351348,0.0605765036573174,-0.222863621229772,-0.425462116698454,-0.223949619245389,-0.4504190955758,0.0767661600391875,0.233340966992818,-0.0210838265969977,0.117208825806078,-0.166996499060014,-0.219027043058173,0.242104267387953,-0.110353417019698,0.138144265738409,0.225660784515985,0.215199340745556,0.3913375491865,0.452578183161094,-0.309754429396027,-0.0816487621510708,-0.449139712670877,-0.275469590162515,-0.0133108033165553,0.149505271645161,-0.145961031987492,-0.0291123634960184,0.304676038020444,-0.0361423936588895,0.70081394222184,0.772374189876897,0.443923583666317,0.502751870919366,0.106358203686417,-0.176275866402586,-0.0391317569833329,-0.306649808536948,-0.127256832209079,-0.402247344058265,-0.41866597946783,-0.583109579235867,-0.0471313722348532,0.266406933769747,0.302789300243708,-0.0423065206310463,-0.0289897481900222,-0.132856901195239,0.16576901460451,0.409343094383616,0.455053423378256,-0.395222209017464,-0.446075168578631,-0.23525333972039,-0.165987548015308,0.135000231656777,0.248275749195445,0.0654585165467769,0.301515372982214,0.0303985497577513,0.229927121958779,-0.0247609928928688,0.28927607380388,0.478856525439317,-0.0176418488340513,0.942758004826978,0.379148098495318,0.367454581818457,-0.0420062563716556,0.474052951898963,0.353280774287425,-0.131337202863444,-0.131281464367137,-0.308610717407747,0.418925216337765,0.20170746423955,0.308380754189192,0.0894581661665128,0.0381609899043453,-0.0197790234438112,0.241986798370577,-0.0656862737309666,-0.272186460422015,-0.554897360194837,-0.442203075739175,-0.120079143793217,-0.0898544887398862,-0.0688182906032114,0.144620102883535,0.104367410040451,-0.151824883087028,0.0420740588830866,-0.470347126359971,0.0638837222847314,0.394387118501993,0.0579471094950014,0.241983950395636,0.205290282722037,0.274761012683458,-0.35708177376437,-0.529426804324211,0.0340416400492178,0.051908905733766,0.170589608990764,-0.208463979408607,-0.203475962026376,-0.177450995386528,0.199379512961543,0.451274347988694,-0.171871092328272,-0.20747209741227,0.215270161439992,0.0466490876982688,-0.271534497768959,-0.544751439481967,-0.47296440542583,-0.490061899907134,0.0615974099801356,-0.0793747464651284,-0.193864260997471,-0.456024055943293,-0.120456683729824,0.408945461634392,0.374638767518976,-0.0266414689218777,0.663582052901029,0.0921387235394227,0.454024468316583,0.294580750873631,-0.13029913745943,0.014832041060842,0.433523386080897,0.102590022096069,-0.436575780388156,-0.194882814488318,0.0577847910625602,0.191252461636088,-0.433112358683123,-0.0713171311159931,0.128184734207877,0.259434308872505,0.211259865849311,0.354002270991447,0.592840191732407,0.448956317210306,-0.0666291289762138,0.114352109677676,0.169154014549271,-0.118032337926227,-0.133271332001221,0.199316080432979,0.235883607481299,0.0398329811799152,0.332099613577527,0.134552328081062,0.516978222958733,0.434931813134694,-0.00452887358143039,0.107316686193919,0.0556759339865846,0.215687443604497,0.201610498260297,0.064497101226148,0.273335292685257,0.109922571294244,0.0224691189323162,-0.437899930764318,-0.0717264692398563,-0.197700856849042,0.287600816811896,0.594702965803338,0.474778354693603,0.0981183519618569,-0.260406629873148,0.15711957143609,0.206988115656448,-0.021925943955743,0.22418295862258,-0.0755332844351145,-0.0931934265280939,-0.153206344474036,-0.0186519062035195,-0.4891333981197,-0.0150290223229763,-0.0101160943121079,-0.220902468107152,-0.20137801719902,-0.243989390086649,-0.427703386434802,-0.00640035481595501,-0.390363091397647,-0.020565001692336,0.156434397390328,0.201338761006342,-0.0143223734458442,-0.049955922317044,0.0691622087324854,-0.127634761050666,0.241716382355891,0.397405738584412,0.137946987525548,0.228837912700741,0.256371774158124,0.0654060711444727,0.0247405043728605,-0.228185468132045,-0.023096183448934,-0.0465150898473522,-0.139354179625869,-0.121101272570155,0.496471551810879,0.241843897439287,0.114187975310492,0.0328406202533041,-0.227515719941089,-0.293346651519241,-0.110323348909262,-0.155492641058704,0.0757433313180528,0.147147256733334,0.123254600770299,-0.0383445058238769,0.0870676917193249,-0.169604431393867,-0.332214482463347,-0.504616460526438,-0.0658065549537638,0.095007147557024,0.238488008360389,0.175067856818696,0.32149394523584,0.123805012987257,0.162325685804509,-0.108354643840652,-0.18883524766919,0.121260198005326,-0.321132271199662,-0.0863158012833501,-0.110481270295718,-0.133389734991894,0.227520936002745,-0.0960919716089045,0.0729788994891594,0.290923602694381,0.301841236116928,0.807820844925659,-0.539264784919696,-0.250766721027045,-0.32119775806055,-0.222174253974477,-0.298545970587113,-0.185832578079421,-0.110732321854995,-0.350789835721826,-0.346639727711765,-0.152753050354318,-0.343734855152292,-0.457716797401535,0.0919420736528887,-0.157090838879662,-0.195189897727052,-0.588285441432375,0.226228636244614,0.0140715469245281,-0.257846960887838,-0.0854867800832704,0.275773473416867,-0.382455452910665,0.128585495987158,0.351706929346395,0.507993568969663,-0.17413304519219,0.287182211558345,-0.032020185536764,0.318045276445202,-0.0313667076356149,-0.293405180808946,0.161410183042849,-0.125895153372103,-0.108910766902494,-0.233886287132248,0.0903047092155289,0.453770547404789,0.268821413834895,-0.178134556998707,-0.0649912366464852,-0.232474104608132,-0.0838895140811519,-0.0806721344882581,-0.117736282642625,0.0587518905355453,-0.791677663307667,-0.208733422442297,0.305714176374988,0.229982969944537,-0.434823828721295,-0.0885633891265573,-0.131286814100337,0.445252404254248,0.390106916911729,0.399777450877009,0.215563610809928,-0.141219023218296,0.0117046076762719,0.0954304462185026,0.327097398343871,0.344094478956957,0.32079899591973,-0.206339803467403,0.177251056831205,0.171174918005184,0.538366071897647,0.730244568584763,0.37660500845321,0.339542921744247,-0.0653162886121427,-0.101049497845354,-0.259888314135175,-0.30052712459158,0.026183292833744,0.0463987977253361,-0.0212866732228951,0.0748971108080087,0.813451612918521,0.443273205488342,0.295029933908237,0.0336018662163827,-0.0059103093347475,-0.323826901229507,0.281184290119741,0.0172801617570859,0.124687782308026,-0.30429782711324,0.0687208089500675,0.254886489086913,-0.556638884303062,-0.36661840407743,-0.425116978623699,-0.0282920596987526,0.264622268728394,0.0676746581180689,-0.499883707445905,-0.248834305573115,-0.0337880942585798,-0.0153440765714719,0.162358252957401,-0.0651116946480702,-0.199954849607445,0.416276446931372,-0.182403660086469,-0.0279951716764316,-0.0548333635100229,0.0796523647575964,0.24381259481944,0.0390850512495194,0.0698911319537598,0.550028515653457,0.39879093821165,0.429891502946262,0.382176001062138,0.181548199209826,-0.129781310126286,-0.158644141053501,-0.195204299302247,-0.371441932443143,-0.415720418523785,0.00555407298252739,-0.137774449181611,0.047356968246687,0.103492070372651,0.50361412999412,0.0978258857113905,-0.238919201857918,-0.126949754278452,0.154862878744316,-0.0983764914271383,-0.413107998435153,-0.367545284164292,-0.172820942465326,-0.229330879666202,-0.246762257624813,-0.0203481604956145,-0.557823146496909,-0.394155585920792,-0.371282370505526,0.218050729116487,-0.330537903165978,0.0699673697664006,0.308063093809496,0.0338573196148082,-0.290676578819551,-0.196780375438045,-0.319731699541596,-0.630754067962126,-0.26304636596526,0.196614366093061,0.0096231719117298,-0.110383770668629,0.0354067241090741,0.557655769337039,0.646999227973888,0.117601582637668,0.191440331251587,0.318925861936848,-0.302049543995252,0.183423345523964,-0.202438168732643,0.0349618258747556,-0.0236306239363626,0.484895057030888,0.399382744319734,-0.0558718681114937,-0.00510918933647551,-0.354537730012172,0.076509938258076,-0.117694628577325,-0.054912644610137,-0.122307529449402,0.352325531349422,0.112355654840296,0.225307142416066,0.656242746153543,-0.0357836700472341,0.256165899198802,-0.0500995089746778,0.00230745306122879,0.038162668657297,0.0389274728263811,0.238863819475414,-0.071283659062797,-0.491346100172855,0.200619385821253,-0.402865771508061,-0.185278081690183,-0.0468908307185196,-0.20397000256002,0.0157146049036919,0.179942346313756,-0.103081434485228,-0.17022045524877,-0.350458736657316,-0.258999483858003,-0.261507484415594,0.161628824270682,0.101260073793401,0.0381142397353672,-0.185410247952582,-0.118197154824936,0.0102176914133196,-0.111415890778728,0.272349249644579,-0.0510169867102266,-0.150488193090954,-0.395325393832456,-0.210540475161222,0.0790066601770997,-0.217498464086368,-0.34250596536705,-0.325968168801052,0.264287606584888,0.359855528421604,0.434959122688991,-0.0458600852611458,-0.323983498065075,0.214927828695273,-0.144232105566993,-0.045974806527136,-0.183388540050203,0.0898355516422036,0.4047815389815,0.634615742532167,0.417367124534345,-0.1981678813615,-0.476764927960916,0.0797116464404097,0.236889851628354,0.0429419257176636,-0.188503447741596,-0.0994924350301273,-0.0149485623788825,0.580235576592983,0.337792149840488,0.322506206303431,0.29785197502851,-0.453724640358916,0.00759534378895397,-0.127191442568339,-0.221457024770647,0.260978042731646,0.0222226331937956,0.0757897409951053,0.454857516041342,0.162785601063373,-0.530801974347382,-0.215122953961443,-0.0386631658399508,-0.284593692876698,-0.146949789435105,-0.0573524793761907,-0.0103498615271233,0.0904294479921952,0.0447379924533381,-0.290318362056358,-0.230863048051772,-0.209510840415456,-0.560691963555292,-0.019597175077459,0.343904276014557,0.0473347621447747,0.302616549979152,-0.0378693510018174,-0.397234598958758,-0.552463745423591,-0.491999735438636,-0.453927133506815,0.065954035690785,-0.585404523104452,-0.749566534269885,-0.327948512680515,-0.377948153084514,0.0551025751502282,0.398069924697618,0.28881703411289,-0.00850192812640365,-0.0927472828959277,-0.124861523991903,-0.0459745745619974,-0.26461427760077
0.322633107518781,0.0657217217454061,0.127132799717259,0.0431756515892686,0.0749035461135203,0.0622702685708128,0.0671744084284707,0.110803957381499,-0.0426304610314819,0.153144412306952,0.165866363172062,-0.0275704542915313,-0.134996488089802,0.0108432308393207,-0.340475569397404,-0.0476020312862246,0.104658064411776,-0.00126062421598598,-0.189074110140896,-0.104937947198948,0.0584127435945747,-0.0481490789634733,0.0226336037257709,-0.257918309571765,-0.0688682050504716,-0.155586915243818,-0.167112842205897,-0.0460488161466374,-0.271545779709548,-0.276971934242162,-0.186044660597829,0.20811551706372,0.101703886060807,-0.0796914040743557,0.19353088478276,-0.0547329141121129,-0.381290963715726,-0.170693255464704,-0.31167964141482,-0.408634698129921,-0.0181468801450976,-0.172183093596253,0.0841800342655043,0.00202571437395574,-0.21515171137286,0.108828488786971,-0.434999668877856,-0.0775176513345548,0.169286444844502,0.0888595954293392,-0.0893867693016059,0.154404998228807,-0.187290985409923,-0.136794494387837,-0.181668094954131,-0.0724531045628095,-0.0980076521277811,-0.345190553112541,-0.133122962940647,-0.0542916821365885,-0.416426646612614,-0.0455498438183494,-0.00733151907368183,-0.0491413434355491,-0.117390106519744,-0.342112071322441,-0.0792527564851983,0.114070648012172,0.0965305841913613,0.11649958127246,-0.173510482431547,0.163305288247674,-0.133515530291744,-0.0179370545313008,-0.0155354251532355,-0.013658218894426,0.0488391029380819,0.0196887140641081,-0.126193187047122,0.113285601155565,0.0330745337658775,-0.160037576303373,-0.015680277519597,0.0249496289254316,-0.0368862219125684,0.0356064011248519,0.250834954223962,0.0678564167894153,0.0442226116220606,0.05825232254882,-0.223899255440825,0.0393046440559355,0.0622292657050868,0.0847373324589845,0.0157207288551679,-0.13938557569574,0.139689563716107,0.0693644143360985,0.179613818123309,-0.114356871493284,-0.0591960752139414,0.0566246930127576,0.125727022347768,-0.0819167181552368,-0.0707913647838311,-0.571435964463929,-0.24322060339919,-0.29824102954338,-0.179307130705724,-0.257688502080513,-0.0259642369451604,0.35765096591401,-0.044899512213562,-0.0622550009854572,0.0208209093210428,0.213893524919069,0.327915620991811,0.228637732149678,0.0752635129963059,0.185109051708346,0.294577177221438,0.106199405160295,-0.12889992536301,-0.170148903881394,-0.0207943865460025,0.0908309750722581,-0.166746653273435,0.183169155350064,-0.00348175177194969,-0.0312494986672454,-0.408744774149291,0.00597428925414826,-0.161371195008668,0.108369959299478,0.0558462812282998,0.22495746709513,0.044206720147931,-0.00984859437565938,-0.104758884348652,-0.23680846121478,-0.25789260708996,-0.303960645219207,-0.201556736050398,-0.0790019588373772,0.19719196190609,-0.19813391459723,-0.189450829092221,-0.23142591146947,-0.0769287551005087,-0.192194075006014,-0.0282987585373592,-0.0271217241647548,-0.171934758718024,-0.0647384839342268,0.0239300772685095,0.170269442138865,-0.0503375656938212,-0.0185597314627069,0.0138251288521568,0.0198878402872771,0.228347915932121,-0.164525009624673,-0.106650568420801,0.158011367609655,-0.0483001546149844,0.080580336338887,-0.0657952469014783,-0.105908608171343,0.391058535689332,0.29809811424078,0.15938098910679,0.230178516443842,0.0866149492271889,0.209255792466976,0.246365523331297,0.0471089991017949,0.00497397928506496,-0.0146205315615481,-0.0026907072155324,-0.0744477896048547,0.108404024247727,0.0545786956413604,0.0123883208675396,0.0710132177693512,-0.123648602467116,0.0870590182072373,0.0183798711287434,-0.186517229966277,0.199946757912583,0.236726587601206,0.233067147000305,0.0931801951573718,0.110952643169052,0.191047300377524,0.348709643817591,-0.166025828330705,-0.154990800794501,-0.128708420063251,0.167108012127794,-0.0385767277210561,-0.0500747914174681,0.0497505276508083,-0.163862038308684,-0.0937111055328099,0.245875499854569,-0.0859124622742458,0.307075897704749,0.336073892806517,-0.0347725187762012,0.00705469154613179,0.120532520511545,-0.265096460730768,-0.407647313729755,-0.22321657577095,-0.0789298102646216,-0.312728188119523,-0.210647475958189,-0.148089225192463,-0.00129423351695018,0.0892163130308913,-0.26344235422189,0.0248695037267078,-0.125363367963214,-0.108654737609577,-0.113879203704355,-0.103678709495981,-0.0797976827161697,0.331239451304924,-0.00672132853935885,-0.0425082973214131,-0.0997160008155535,0.0311461741209373,-0.0826068385077313,0.360663484029652,0.133280135322153,-0.107147877189181,-0.136792629971017,-0.164481660693079,-0.263611414618944,-0.232704840470955,-0.188857341782626,-0.301777510871646,-0.077623743195502,0.131444352994424,0.0182800865201015,-0.0507388491052043,0.319133621009425,0.0424079751260222,-0.0483147433922085,-0.189645196460858,-0.0210493324467677,0.299882902346876,0.0865004417218792,0.0317534811936211,0.0762045611309213,0.0321999881029717,-0.13330392895207,0.0890283697465098,-0.344664452436278,-0.0807502270469026,0.182469172632688,-0.0584947874536995,0.0955568959331479,0.0503678849880669,0.0533896621844111,-0.0856250130089532,0.124373975963936,-0.0308218227110228,-0.17554381706996,-0.0131419757335392,-0.402804390249446,-0.243395861950047,-0.349794489609508,-0.181604383647338,0.139996111282542,-0.205518372085921,-0.00332979986825568,0.108834515654839,0.11187101744556,0.398318343063938,0.0481814871341398,0.0412373059754244,0.167845783628773,-0.010488678756394,-0.176449583305503,-0.199094893323715,0.211111584325591,0.0730979966431505,-0.108895141146993,-0.282576977406562,-0.0910720147029719,0.349221291937945,0.122688587198693,0.198973609780011,0.0919618148175568,-0.0568577055753511,-0.31328970164111,-0.15673561567113,-0.00601269084784773,-0.0415831352603314,-0.201826903625113,0.0419958071735297,-0.206026347563761,-0.302171619144137,-0.0874467159474399,-0.250747559061997,-0.141184914351438,-0.0100184745181716,-0.0603346482338784,-0.0822378932105808,-0.0305284650973139,0.189733127213,0.0919285075192087,0.259282355249092,-0.139426616797916,0.0967159853520401,-0.0534896992799916,0.04490109215826,-0.023902731450797,0.0579625102217307,-0.0392955382299668,0.237215175270637,0.228272308951437,0.164841992363718,0.256139882102846,0.110879663053686,-0.131151974668666,0.0274300267002436,-0.0523808364351954,-0.0398185967660993,0.0487165897925769,0.12505759021785,0.128856814098063,0.189268794647618,-0.130962994954085,-0.0135587895667854,-0.0679516852601068,-0.25850490814858,-0.0827272001762922,0.123433450647595,0.233024029141918,-0.0326859649653621,-0.0534659335953681,0.0446022863920979,-0.0267705637773892,0.0906941363426473,-0.00419300466810702,0.142268709299886,-0.271341876612966,0.130558817955126,0.187760136050714,-0.0681516782052905,0.252927199885813,0.145241124670426,0.171083464755971,0.438596547222246,0.268769133150351,-0.0808502280472757,-0.0753882683833195,-0.0367402884858991,0.331080286206072,0.268182786971266,-0.0915497283318307,-0.149003760355999,-0.132104044522901,-0.19492644988512,-0.22248200409086,-0.330995383902707,-0.131961343951688,0.175444138406029,0.0563572686911484,0.000995767753320692,-0.110396289510457,0.211962060586167,0.097242336062148,0.0544930484942167,-0.25771509917887,0.115163672779956,0.0259916001603034,-0.238751111959859,0.0895745087824428,-0.218910018837679,-0.0283878772790116,-0.40178621400634,-0.208508973201776,-0.00799650547233547,-0.0848055691807554,-0.143435597627,0.156393196160226,0.0813243717939051,-0.124577230747429,-0.265012468362709,-0.22723132804429,-0.290284136573095,-0.131371202567689,-0.238815665615538,-0.313219503243676,-0.0877021630978334,0.0400516630089569,0.0484887489259954,-0.0436775073389327,-0.177196473923578,0.0815208241939178,-0.170981144872044,-0.0034843290234237,-0.122949122536254,0.0191448018303622,0.218144711661854,0.0245043085047078,-0.123313853872279,-0.243361450896572,-0.0968047445972174,-0.0859247605639632,0.115902209285765,-0.0874524286357857,-0.0284371047140932,-0.152240520379963,-0.067390006646955,0.079902800933783,0.0871038090422729,0.15925034331474,0.0794988511969179,0.257193778435333,-0.0273358374176786,0.188608603042759,0.0567330598786888,0.107595449653832,0.0410479556987955,0.293792492064611,-0.0547246439655725,0.245331511021271,0.101980408785694,-0.182534852000594,-0.135165878204473,-0.0352124376546384,-0.0349045387674879,-0.0403452453719716,-0.0576882878152006,-0.277656863704141,-0.23137904244426,-0.107588061674437,-0.212314922585363,-0.177044893914594,-0.232222502946185,0.03653911542169,0.0985487028536319,-0.0180691785093646,-0.0147195094262069,-0.0371914135668438,0.22123498746855,-0.359893426913668,-0.252907185239292,0.030130910975651,0.117459553101996,-0.0164082935246506,0.0461552555438104,0.306200437704058,-0.0188358238082517,0.21634302854186,-0.0199794928336766,0.0774906977728518,0.113671177383653,-0.00442045778518066,-0.107493567197046,0.191873852756902,0.148294100956294,0.109529943858457,-0.0388332001002638,-0.0816690743800886,-0.124880824991054,-0.145725969753059,-0.0192333993427047,0.0173230758421274,0.151187754814413,0.0930591482454207,-0.0832059583261181,0.169065666931064,0.00193112626557637,0.17271408289216,0.0649132723068982,-0.0286733669242895,0.0755125995374928,-0.119709869287913,-0.103408395427548,0.0190973277764499,-0.317823065663701,0.302024647063268,0.154122179181498,0.0313277337153717,-0.0690710203423469,0.177373320543635,-0.0277963842963599,0.0538055808078242,0.0915334182539085,0.096378706829126,0.0224560956801599,0.208035292764628,0.197666489440427,-0.0214092562433049,0.0728439818583748,0.0424345527075522,0.285978803975637,0.00272246704576282,0.035940585332067,0.192377751937842,0.0861753238693888,-0.269247580548042,0.033791615367094,-0.0895566106602309,-0.113035315297641,-0.219803810692931,-0.0784830370234624,-0.215977608051843,-0.081531900593786,-0.0446554547694084,-0.105165217332418,0.099992998201138,0.0552325418062994,0.199696186255837,0.102834131243039,0.308092274464749,-0.197756965266788,-0.337763635886309,-0.0737141500600945,-0.111734828658433,0.1502669728075,-0.0106808902492634,0.192111963207073,0.0489761767295366,0.0746839038383432,-0.0526337130546014,0.400451303082104,0.094444951420144,-0.116416143999894,0.0336880085056823,0.0789000190705094,-0.0883455033077019,0.0129449425932737,-0.207568988667986,-0.357170838852289,-0.131526526901602,-0.260797491642225,0.167549153839861,0.14637251152579,0.0433413154660868,-0.216344163064542,-0.148628566993465,-0.317731255105152,0.221772352646368,-0.100195239028856,-0.121443680036313,-0.138183852518913,-0.308897503793073,-0.0656969584261874,-0.192380145661557,-0.175730392192076,0.00314165762721354,0.323056112570855,0.150059658805128,0.0695540976180306,-0.00658031003064246,-0.0675348813261531,0.097271126315914,-0.532677259967779,-0.38436948461622,-0.129093169977584,-0.194831661097644,0.0608991984528076,-0.01764493415248,0.0253453431922973,-0.0427668667049518,0.00735259971666218,0.147353087609492,-0.075245815329689,-0.0585851484261304,0.283929643439967,0.0869067545125013,0.00393867519955579,0.0866555637478844,-0.276468907933984,0.0488602679882947,0.345025817353734,0.0947116707976232,0.0295115005446056,-0.0144739181634466,-0.0801211007900598,0.20582595271057,-0.0152585062922099,0.00946078015631416,-0.179135070955461,-0.0401027228301431,0.105873577353295,0.0233654324062378,-0.0353524189768931,-0.0068554628288942,-0.0955216319130729,-0.280682393263462,-0.156236737794302,-0.207352481350364,-0.0385994613006727,-0.146160585335351,0.033432851583353,0.0278391211383343,-0.0233862570472643,0.0989885251609569,0.0845394377257601,-0.008036906419367,0.13139773460288,-0.0915811686689012,0.0810288999195717,-0.191919802682808,-0.128308748726966,0.23174128331661,-0.145083979873812,-0.052806243841269,0.313341840995191,-0.0378704092882716,0.229238629219321,0.0449969572848427,0.145748440509158,0.0936573251851086,0.105479358449736,0.445186208522873,0.111442412700244,0.371510737332205,-0.107954436145821,-0.0109873673729395,-0.0433431069812635,-0.279680765080304,0.0343684199410232,0.213824953136128,0.325106675793807,0.126088450300466,0.438494360092358,0.285646023354519,-0.219366021235818,-0.0567611292923573,0.0870036253230485,0.128056852623326,-0.317307649041855,-0.144629854818128,-0.213026790025907,0.14373310423799,-0.13571293255334,0.271535003019412,-0.000988156503779272,0.0653383341492865,0.12252744608522,-0.0662561827741333,-0.133449979194313,-0.212701427911343,0.0808769688901666,0.0351948889480339,0.123559179918387,-0.0448027008867419,0.0905659401007021,-0.00576928283165376,0.174807204774321,-0.294912845273619,-0.107307876663774,-0.171901730024432,-0.333188743856451,0.0476910960336275,0.0205518483436537,0.0995796323126424,-0.150187614434989,-0.0362140724285986,-0.0434902573337555,-0.161917160894041,-0.0130108332280771,0.258833378359831,-0.175888891042805,0.31455333378142,0.175461966427848,-0.153839581983848,-0.0693501952263031,-0.123073448222036,-0.217261760195386,-0.0310089014538254,0.123467046840272,0.269338204249465,0.20103734242256,0.108021016782487,-0.0859993050539404,0.0870939475382561,0.159700489288402,0.042219806925101,0.122618930584652,0.0400966319309684,0.0466312547136489,-0.0847408300195002,0.0762868032799369,0.0227286466036142,0.224676898839358,0.132527975724299,-0.238401647692397,0.0139322677197749,0.16348091890219,0.184004395200576,-0.177617717858671,-0.22732538012157,-0.0586625573279736,-0.100168195738872,0.193184532040932,0.0790960821648036,0.325101476032535,0.271831975831836,0.282144993143384,-0.170707439142238,-0.190298179392911,-0.257960799344379,-0.161208893599765,0.180185896862774,0.238331816990424,0.0434506554159784,-0.0856753148853411,0.128751293788802,0.221564828399776,-0.00116410513081983,-0.0200604598695614,-0.264690161551157,-0.0977540003814734,-0.316658089223981,0.00508845586526854,0.29842703685995,-0.0326869625714451,-0.0516593025413957,0.121574156009289,-0.0184155203013385,-0.0994236605304703,-0.201654103266129,-0.101433009780321,-0.0187635786873987,0.172113585246936,0.0378488131575117,0.00558215843483128,0.0454068681109942,0.161901849362772,-0.145551476199496,-0.124331788094304,-0.0946615057818548,-0.0244941190725799,0.290054485671294,0.25377639380524,0.106954102071215,0.129047337571478,0.0576918390915317,-0.232254410463689,-0.193908677967769,0.0668874891343609,0.123473573174225,0.0625281111879834,0.110917628963981,0.258502267443447,0.103435655768736,0.0578645891357782,0.29507098136294,0.384041325222522,0.0857744519073655,0.0975277089513683,-0.0336342905929566,-0.168736306192074,-0.090605080186432,0.173623496872684,0.062437285822599,0.225750898276978,0.263380754482525,0.210670323814556
0.418081883538068,0.0690947216478128,0.0451334360481219,-0.0652603275155099,0.155714414609694,0.0955751803225045,0.294818496784479,0.0575335034121048,-0.13495886016427,0.232272690475737,-0.0820937566678555,-0.0234899483851876,-0.334127560216484,-0.0331923047817671,-0.261318340428176,-0.28209987449026,0.0281190802672104,0.0298504318092001,-0.200480254047145,-0.0933495293360552,-0.010780820975995,-0.0657871533159808,0.109015355911674,-0.0728826935232954,-0.29726366502411,-0.199216204097687,-0.214723147694952,-0.208731984055003,-0.436955731357807,-0.239151434373278,-0.359957817000838,0.441147585011081,0.291557582040391,0.102602836956208,-0.0740442941268263,-0.199938917590803,-0.484701045253383,-0.444451390133267,-0.133631276362797,-0.207977611372947,-0.0471920227757736,-0.226585316183049,0.156840337071422,-0.0556810643509298,-0.331100156655651,-0.263546107939943,-0.401706232549709,-0.37550336208444,-0.139091740478427,0.00323396537993229,-0.241246609919369,0.057051637904352,-0.0173957651574271,-0.0304572577626457,-0.13396267406678,-0.246621880940531,-0.191926103101899,-0.381340765420338,-0.179113291929063,-0.154503793036861,-0.428614170530951,-0.189310554483799,-0.0975114175011959,0.0959324069551568,-0.0318062010247189,-0.245817189486145,0.126529884673747,-0.0178423139312894,-0.00183820611863914,0.150841264102256,-0.157528893624143,-0.0744182579335067,-0.165686015577041,0.305831025734962,0.0301730203917729,-0.109009628395016,-0.0826566087588873,0.231613307734725,0.0744680956402512,-0.0325790007556998,-0.0659931848301035,-0.140896186840734,0.0500658425487893,0.0262278072432677,-0.050294100640019,-0.0960217219589343,0.176922719213718,0.12597751831509,-0.0758740793492579,0.297996577472347,-0.296645920673953,-0.117446287022633,0.186124729940757,0.296190626104496,0.17136174840682,0.102967356001708,0.0740141449998142,0.205368236492497,0.265923224648409,-0.264183006695599,-0.147464674234679,-0.0947067544468505,0.0393936533817097,0.127060813989841,-0.0429936014989519,-0.336627913824182,-0.33912624425602,-0.278885404180285,-0.103300576402941,-0.113176288277764,0.0621140749850121,0.235476860854067,0.196221589375323,0.279787984317509,0.117151129321661,0.22791230234288,0.256399653864748,-0.00314459038224266,0.188092186447852,0.0844817351460911,0.355705027451354,0.353413777825826,-0.202311448789384,-0.227790595386834,-0.097253561752695,0.233090115634669,0.0225735021815277,0.17886804525408,0.275275972557913,-0.0438331620618545,-0.426772003696949,-0.110229116959638,0.0330932937119862,0.128595766932096,0.105575496821019,0.309298104328347,0.124105846299247,0.160177664008195,-0.188658921023766,-0.243185743725442,-0.378719790820154,-0.516088441156535,-0.361392973457491,-0.00848756867592547,0.235608189441213,-0.00849135246696132,-0.121639152434722,-0.155686272342676,-0.0621654986118954,-0.0982538813033025,-0.157687493392641,-0.232791299756502,-0.0520248025729037,-0.130580151748068,-0.170437798497756,0.0879226299771396,-0.0304153810896445,0.0663315428412773,0.0429997827946435,-0.110791862287925,-0.015829520329332,-0.123587848216949,-0.0800862414299362,-0.0364484801527981,0.0251787973842911,-0.233042170482549,0.114212350158988,-0.355309858374295,-0.0123398799136603,0.366490778051324,0.136647289122797,0.320874736939118,0.155231340928916,0.154183738498043,0.178699985431613,-0.0330191759011453,0.15146044631249,-0.0678874848286051,-0.0651240823215612,-0.0335799777649461,-0.138998225413101,-0.0852190268979448,0.147399911034652,-0.0460111149099125,-0.121450992958061,-0.246289614779449,-0.0857148433440716,-0.0101105522466363,0.280490356607671,0.104692324713374,0.299677421724397,0.0451256022804684,-0.140250803373116,0.345497736672061,0.30164081958262,-0.152681231480653,-0.0785060057535587,-0.0210803440315521,0.117431003888766,0.0636731308198257,-0.0804159213549192,0.111969351580923,-0.407948513181326,-0.132555877675342,0.374029126464628,0.376016101623293,0.289134278201744,0.317043749851043,-0.00612202916181539,-0.0436672350274842,0.15007249928978,-0.306147057610082,-0.507769721271071,-0.418141311570047,-0.414045226225084,0.0929820570899136,-0.0856662259920272,-0.15734735507103,0.138807861500683,-0.171633888911256,-0.0931996158668737,-0.241970357408875,-0.0721904316794446,-0.115094393182549,-0.492771807612631,-0.0616688548025444,-0.245172914393004,0.0551092342171673,-0.0649302283349168,-0.116685492611614,0.0354512027094238,0.0643163761525592,-0.0335187789816288,0.545777858349489,0.0334447874466087,-0.0389956234524064,-0.249699348714816,-0.234388813252806,-0.4335659868976,-0.126600838033476,-0.221168159027824,0.0724405018958752,0.103216036902939,0.286449086765038,0.340194409697172,-0.0159960874699837,0.453345306495738,-0.0485043333938455,-0.0918473551780424,-0.0501161129893753,0.0832643319038125,0.258522023521769,0.198564406029718,-0.194786288929992,0.0864220675840495,-0.259231684154005,-0.084969086683646,-0.182500424211231,-0.174472766510462,-0.214723201998179,0.347542448084677,0.033532555601358,0.40740141176333,0.281130430424719,-0.0730476937765885,0.0514364986470725,-0.00867240280521557,-0.101761896945314,-0.214921149485921,-0.0919298153117417,-0.62337583053538,-0.373416007657503,-0.193491508798078,-0.233653639869984,0.0360279410875637,0.0858264105250721,0.166390329711203,0.391779098222446,0.0740154209048672,0.326792170234967,0.313085233892907,0.109844393163939,0.0167432918872062,-0.312717307519469,-0.0465454854674748,-0.134693181146073,0.0284052724061209,-0.0117329826940017,-0.177081700168731,-0.250012566045024,-0.491151055387019,-0.00805475647243878,0.198520524334815,0.313016574092039,0.360663260870376,-0.0358117102748631,-0.152171848688701,-0.150062121903035,-0.0915619168117613,0.0268341917791712,-0.162483431461993,0.161945923958223,-0.0339487123963531,-0.359800862291934,-0.0251733366309564,-0.683655025582849,-0.206646077699403,-0.232841107525403,0.0316218145087109,-0.050618353416241,-0.226040508665075,0.0209806993681732,0.188566049685601,0.154291046900346,-0.124503800488288,-0.215985690174045,-0.379637032692779,0.017181855636969,0.0405615360867084,-0.0156940758697174,-0.0363432657259829,0.00268460542720687,0.116609099821832,0.28085049920981,0.238479481220782,-0.0709230332218203,0.00349108930191279,-0.0808573219537903,0.0642679507812601,0.0152978790583747,0.0483894961720695,0.0927509504800108,0.0756558789819988,-0.0914822833951485,0.0316344045360513,-0.0328169248726796,-0.0942608654741401,-0.17297502197036,-0.312603863558695,0.224443632931896,0.281200278321715,0.192341754329728,-0.308384000360017,-0.0875948953635066,-0.0662839193846326,0.135693873766345,-0.0641504462180264,-0.106656672252416,-0.213219760035406,0.0948671824154977,-0.0415033101215862,-0.130750133836097,0.123584598623606,0.143522196496945,0.435022434878147,0.251608537948396,0.361146125701774,-0.00266934236252042,0.0263057435972395,-0.0447671163006916,0.037767945776701,0.0490703212061406,-0.270800600869808,-0.210948256920839,0.120268784098679,-0.382396370958092,-0.181615843143186,-0.280182399130464,-0.309053134212475,0.0428446890170707,-0.186332805149521,-0.391605795979453,0.0764225403028965,0.188021745299004,0.121912950570938,0.0741925269319607,-0.122117819592885,0.140818420156526,0.0593484875013707,-0.0879051056278886,-0.0669953744798764,-0.144291887359033,-0.109064185874973,-0.179754284955436,-0.389606064924117,0.0840066476834801,0.1083886780218,-0.133424229841849,-0.0989803974862742,-0.101279008064566,0.0270855930657649,-0.242344645792328,-0.106063595066565,-0.243074412928991,0.0596233741038999,-0.380371874062084,-0.297827045649002,0.0789429377299934,0.00401231120763839,0.000640188124426438,-0.266478376811451,-0.0547425341285978,-0.000676391425662011,-0.183626978811869,-0.13198594187991,0.0539730029630504,0.231310430523828,0.0401503051648745,0.151193388166124,-0.12707479864779,-0.46465330187293,-0.257794487544203,0.0590611269204823,-0.0347393459113913,0.0538137595099112,0.0666119767168506,-0.0658119717194466,-0.116511179140199,0.151511026274534,0.107553516012974,0.0285305297564345,0.0741373086012355,0.210053512342389,-0.133784582173226,0.0807570060084159,0.111148746258667,0.0734871809583171,0.299981048133923,0.147297143775976,-0.124027578719424,0.0862212325668771,0.119931812908681,-0.188847554289303,-0.0655074671624519,-0.145514183914206,-0.0234990498680178,-0.0420351677855002,0.0210388078663789,-0.0998435042726665,-0.280842304277762,-0.00152749479695923,-0.330226374876319,-0.167798757075495,-0.135777983756463,0.1382769323498,0.195533641621005,0.0151288757019501,0.123201096427118,-0.011529360119216,0.166155916595349,-0.190605613027894,-0.289622832662622,-0.407892928680856,0.103805970643834,-0.000767738771254495,0.203767623363052,0.174512015964834,0.0909117869527068,0.137652758137297,-0.329439487252212,0.0390602252049213,0.0635665424801405,0.042972141674991,0.0519186851066779,0.275081424003218,0.176309611452961,0.0489305974293866,-0.103133067356424,-0.0313300644594784,-0.244172095426972,-0.0457042799690154,0.00722203321037751,-0.00860519299256103,0.14085931190446,0.0395469851674255,-0.138763817813947,0.257420619916577,0.0872159492164911,0.196026639322607,0.199979098707874,-0.297309228249632,0.183331687994756,-0.220623315396001,-0.232250052199299,-0.0739986106600705,-0.464841439552198,0.4181868003235,0.137364708032563,0.301947724653968,-0.00818354414067175,0.293394472676663,0.394188691113116,0.0354508745606467,0.260711158435654,0.22634556352382,0.149799635413218,0.155061663141065,0.30198869664499,-0.0159781330718976,0.0712875784743126,0.182985226276831,0.360529233181074,-0.218183727258444,-0.101167704689603,0.36514185521971,0.102916321233389,-0.0215761283101707,0.102174345968534,-0.0763283614268343,-0.278043524890079,-0.322211797228991,-0.0410810969455106,-0.23124035135955,0.145513051773801,-0.0321290700836658,0.0459187253054133,0.00794849687232767,-0.0371063255606695,0.123271878770181,0.0488779114951477,-0.0777686144877305,-0.0910037839074166,-0.330102923031861,-0.419006036452281,-0.0425779036886704,0.103284226145831,0.217842225903656,-0.0554117172879706,0.124301589865629,0.0256849890733011,0.0395531211479443,0.571465334990411,0.0957713155479284,-0.428314166123998,-0.173292410708738,-0.0370753875235441,0.0937881647005802,0.302369286279494,-0.174322877725904,-0.296368553880923,-0.110377783357999,0.173097748138842,0.177365099370406,0.0615241724639186,0.0383739180294148,-0.228734421699785,-0.11615741215447,-0.297777380435008,-0.0222716946452242,-0.0226316925702009,-0.286790894635362,-0.499533031493724,-0.374107702227035,-0.227208920837952,-0.0863687637970763,-0.087679369241546,0.0810391624883665,0.218625029318288,0.293942168292636,0.151153545006813,-0.352290386173653,0.126199861533749,-0.129529997374994,-0.554449561000607,-0.304865526360173,-0.416871081395313,-0.0299626768088787,0.0538779472621324,0.277076662676963,-0.158626841416349,-0.0018115576687744,-0.013115116605808,0.24801149555103,-0.00414991804849145,-0.0828516352803847,0.455017971814104,0.186643534055697,0.167227704452354,-0.0349925093704215,-0.122256785694881,0.0174471228349307,0.027991477920372,0.327283170392748,0.111098786806765,0.0539785688037643,-0.209772269805184,0.0601134842434132,0.153964642423179,0.0907416351316853,-0.113954489331193,0.101540681159841,0.0183669836842058,0.00499394077208144,-0.173412036198535,0.111160415264325,-0.224252506267047,-0.34142046188062,-0.162293942632729,-0.289800668557812,-0.357883469712935,-0.117687850370174,0.362012258900532,0.113797405975752,0.252429517711737,0.153279872261444,0.274972064036592,0.105014248325947,0.0408417328755627,0.14994854129297,0.0405212583801135,-0.263646621818101,-0.247725591875498,0.253721096727031,-0.0467848419595422,-0.116904959327723,-0.0665093892835957,0.122651153238661,0.258054870373077,0.0361259808344727,0.0757339379622538,0.12487774077846,-0.119387626154145,0.512223436253116,0.19585599800929,0.296067419251838,0.017747485383846,0.108798542588461,-0.258094700590826,-0.214225317086311,0.0266095968806406,0.14868228906627,0.22305768557069,0.252907646359567,0.410864633086428,0.279720138890527,-0.0929168900502834,-0.108377444586108,0.356133328334924,-0.108796666227689,-0.289183576442649,-0.179208955418583,-0.192858628469628,-0.0942781842631311,-0.212089023497671,0.197072179958234,-0.0650035677611221,0.12200957399273,0.0438653136653263,0.0652228576794202,-0.401591387853348,-0.451959976082057,0.165932014901679,0.0620474008262949,0.228755048104011,0.0196923261683323,-0.0907737004946063,0.0506024351089408,0.0150684456491049,-0.271096006433387,-0.133634861376641,-0.107469535454621,-0.231109773332274,0.00754060562403457,0.0476375979139886,-0.0497591527306603,-0.0681923376933407,-0.0221406451701367,0.0900070721057941,0.0641017774240232,0.244620125138884,0.142535900238202,0.0260056821170697,0.259812160092143,0.246154490242979,0.148843005270761,0.00609673791027695,0.0410594514152132,-0.0253826372438959,0.219579965910521,0.144336513954093,0.388717461281943,0.111468181987026,0.28227916454261,-0.188914626994183,-0.0368851172623739,-0.0134135304343809,-0.0147289424683168,0.127408960535829,0.0780146376985049,-0.0523226356752417,-0.155578669188331,0.102208965085972,0.0127541488144828,0.212946154447334,0.229937002966976,-0.270196741198408,-0.0296088756000111,0.253939592314019,0.152295485964277,-0.340794873766332,-0.214503223723784,-0.302263220326588,0.182312899389138,0.370162856332668,-0.221341964026993,-0.130767149088353,0.0424847001194561,0.0400421278922543,-0.0994261983818002,-0.417197370389132,-0.369326669689985,-0.127294248807155,0.182759992040918,0.367084922381908,0.0606894091051365,-0.099656066578736,0.0491971146639849,0.072666295695257,0.341938747688068,0.0448716535243678,-0.391011565472816,-0.229012603441024,-0.346630916743555,-0.0383382911445512,0.16443746571254,-0.174519231493203,0.101491072807918,0.0291583751054133,-0.335406492632739,-0.00896577592465444,-0.165085612736964,-0.223705574844697,-0.00267269469273335,0.428052912450956,0.125013113482276,-0.00848042703205033,0.268811649671568,0.210936088567901,0.0504854916851982,-0.0435575968386389,-0.10799365895124,-0.0205795613016526,0.249405609916956,0.176575652849414,0.120454915485754,0.397548979652835,-0.0272090784887531,-0.276355646043779,-0.0804170660253447,-0.171205536385998,-0.0469956584715754,0.0137288179686191,0.300193437176833,0.364118166070927,0.23331575465935,-0.183782572570425,0.415701192038897,0.325097383812346,0.138267861829049,0.386012327002659,-0.00759094402553045,-0.118886496541382,-0.38465763934175,-0.17414390153215,0.105652485121821,-0.0016889982583092,0.00146953069958836,0.265374364009872
-0.398583363410995,-0.301545818733855,-0.213865789584073,0.235047516526459,-0.311723696818584,0.167857044615123,-0.28272767499132,0.0388230701657826,0.25528453926016,-0.238068592387449,-0.184356070636033,-0.0120173890023091,0.188730529997182,0.182908756616481,0.541808878062859,0.174896003455764,-0.203038310484241,0.0459336232025846,0.54063693585163,-0.0973579583242463,-0.127553899824547,-0.163374178747628,0.175565405215229,0.0334568567413776,0.356068048892432,0.313474432799151,0.381724767556506,0.406821466243442,1.16220028457676,0.362733919953366,0.606666666506687,-0.593158855066277,-0.564948370386541,0.0872361233995947,-0.137366157722102,0.284340968086075,0.93922649505577,0.402210527272074,0.507743050379543,0.547224348664148,0.25757558579546,0.294701725617576,-0.456774352837059,-0.0474035290241216,0.430197347221014,0.397634845810783,0.943239685265905,0.494579073509201,-0.298032656718956,-0.256543961021033,0.453925498709662,-0.116404534843256,-0.17061591226202,-0.269772120777172,0.248015819651071,0.714887078127055,0.502379912175277,0.734480685426955,0.138561067607009,0.56629090103475,0.850556117276057,0.0575472659782465,0.194512533658394,-0.0591539369078285,0.142208441953294,0.651199001904485,-0.121277536891823,0.06213533666709,-0.129824605948276,-0.324873879937019,0.0265285847435662,-0.309870906695414,0.167389586027135,0.00836991853238481,-0.183197827769379,0.100924934583036,-0.292468366619223,-0.136225162286516,-0.0510703491023329,0.195179084745288,0.173639777499671,0.458904643645319,-0.00547844605824266,0.0588601712768043,-0.0531775006914988,-0.0155332047570429,-0.528563499882268,-0.262110338632144,0.159134417149375,-0.17995521804917,0.875662064996898,0.257797330428733,-0.346746238248804,-0.615240455176221,0.048718432654064,-0.192674421839304,-0.155381372253684,-0.619119235014969,-0.431752393873985,0.154120137178062,0.263650096867858,0.14180297900639,-0.356914026368768,-0.175153102087328,0.0215144392066172,0.633763605598065,0.60917003402014,0.703363243871226,0.0737177784712372,0.330933780489156,-0.484562470904242,-0.503098851443217,0.085830727811522,0.0670294156830347,0.144816040517828,-0.504132143421949,-0.509966070847565,-0.172532257111397,-0.255267612670598,-0.605463306434754,-0.64531403455128,-0.362796396643484,0.213680175938706,0.508782744219178,-0.114749789125617,-0.0268993327161242,-0.0389102166884985,-0.465892396822782,-0.0251623718528923,0.134826790444988,0.800523936699939,-0.136614569553743,0.281222123636238,-0.275853562482908,-0.235325185734412,-0.137072066865868,-0.3379223593895,-0.110813770677183,0.361935856219964,0.487844301799829,0.407531643290846,0.745286615510822,0.785676498072138,-0.00107096218121766,-0.329118889708394,0.0324462778088976,0.335976838317123,0.244675721091116,0.196942334206516,0.344039271639615,0.415646358873377,0.287781426317757,0.171820948271757,-0.0512558726135404,0.0537917824561434,-0.400984784497458,-0.128335978846029,0.135109304706908,-0.199311311441153,0.407627434269209,0.117675101935304,0.196086657528829,0.285908322853004,0.0180637866962057,0.23499448973721,0.237039379663687,-0.0228926131273585,0.515771966578973,-0.139954683687268,-0.553969553933318,-0.203291769330367,-0.735191458558576,-0.432071600638383,-0.738570446402084,-0.691000804248277,0.0301360055457138,-0.273669298066551,0.18277941819699,0.153378487857793,0.194133893158956,-0.103667782383634,-0.507609812111914,-0.216228451119045,0.240164123614107,0.324504722766406,0.0588217385299232,-0.0783460328301416,0.114963484268643,-0.791305831447188,-0.465668455651381,-0.307498255025113,0.0888755156594877,0.129197947068472,-0.476906741512502,-0.531043145337798,0.383142866299797,0.15541937673298,0.0531583518868661,-0.223482884478189,0.0429989527151107,0.190909915973632,0.0162324726323762,0.44009226312981,0.307933595819944,-0.861206763861837,-0.367491382287292,-0.515059729477172,-0.688714831599957,-0.0603927811537997,-0.0258980445528245,-0.0919234666816882,0.485041354140038,1.02529683156325,0.550293068820844,0.674174529491438,0.0688149347532599,-0.00324071011098238,0.580084079355328,-0.0874434777973442,0.036216260304587,0.441111323107854,0.218475527033015,-0.26023576663945,0.618770058486291,1.0222298223154,0.0318626105976456,0.345338294961622,-0.328901981327784,0.0639998698496674,0.158493272087104,-0.226284853855198,-0.221602557171699,-0.117083019135018,-0.933235749910094,-0.41930116715834,0.245648515920433,0.224193506790407,0.707018057676737,0.654299568405708,0.778923937551611,0.476008462651906,0.167453578479831,0.0793978418098676,-0.439123828336175,-0.531039953793378,-0.0453027365486949,-0.58119648653845,0.0422146312915195,0.211124602538366,-0.00559316170729285,0.106361235369139,-0.385998842844172,-0.489363966093081,0.177649806406946,-0.064905745014127,0.117345548595903,0.434316955228923,0.564967872196417,0.508131906526853,0.402845973888806,-0.535582898291888,-0.144922925182289,-0.76895936213617,-0.504598098611493,0.153660951523151,0.146826685751714,-0.0554797206840946,-0.100052686510885,0.420462763427937,-0.0258827599089924,1.02595128763805,0.868871671083946,0.28865184081847,0.712364692552513,-0.118337461802919,0.064989798003663,0.067320495289827,-0.428499806315752,-0.235203670834559,-0.752998456700971,-0.643359444558004,-0.254198123768096,-0.250952967778915,0.21255174214347,0.278640560857858,-0.183135365744819,-0.29747170676794,-0.0102161252277652,0.242614743271073,0.535521354852746,0.493072446365615,-0.338138690043571,-0.480139251829131,-0.544351783186016,-0.370576796323832,-0.0496866747783306,0.405696285673183,0.309096229765211,0.196184223039264,-0.0156846029481717,0.235312258833897,0.109402493494944,0.216968717733401,0.824605248759063,0.158956418680597,0.981437905830217,0.594700739580472,0.524742550759243,0.0509664311720247,0.502780025987001,0.276877192563456,0.0710827853333782,-0.170762007536577,-0.181829768580868,0.40766487842714,0.362764120418036,0.390825369364799,0.126318418769496,-0.00509984192902936,0.0868800432253878,0.342854429372877,-0.342560473535514,-0.298693609616287,-0.917321088223668,-0.583383409498504,-0.234627766021317,-0.147577689389338,-0.19056212709763,0.0779868894937649,-0.0431378292477351,-0.238176835345254,0.00264047229038902,-0.534202399189986,0.112183242556875,0.467010794678156,0.195044453591345,0.429733444334281,0.597271255100572,0.125818277321796,-0.457351178197193,-0.377350912565978,-0.243225402185031,0.113163951478701,0.217543779029704,-0.334536998173668,-0.11694554631979,-0.0604519448499147,0.336049251516018,0.604106364604099,-0.183884758715162,-0.0771165980925008,0.317729985775873,-0.143882993055775,-0.451252998125627,-0.671413014482481,-0.84774601042263,-0.840303291519886,-0.0314244859404403,-0.255049578072168,0.0192688141291401,-0.534405982661946,-0.0288910979545248,0.453643727323157,0.450883597219733,0.055752812630477,0.651368210418933,0.517155239216027,0.641499175425369,0.32395807707576,-0.223070862111016,0.022121117925563,0.646071602502096,4.96605717901187e-05,-0.427793471176786,-0.286922152856334,0.121266818647221,0.3217027168928,-0.581607803843759,-0.122524527294167,0.326920396543255,0.274561323532461,0.465169314143772,0.538219413658577,0.912333971643885,0.69295296279709,0.220275812394707,0.00699125448610069,0.380559653563814,0.124583475986149,-0.165663419447879,0.342145273992924,0.58482834583995,0.330569089475412,0.398292505642145,0.27016475280569,0.961713614046657,0.558764724748513,0.080992029135091,0.0158554598310824,0.00367506643764343,0.591984315318728,0.296345495594543,-0.111556255919393,0.233360737263158,0.373586880324834,-0.00124101203354767,-0.402244615309199,-0.230539727223654,0.0389043561075198,0.500628037341226,0.831133846242901,0.689168866084948,0.39455179784362,-0.0429029697521031,0.0409092131218891,0.354231126908997,0.0979872486605169,0.402757759179758,-0.00581195245221917,-0.363798600684158,-0.184486064667671,-0.0653144658508776,-0.722115764357845,0.151862376406171,-0.248024619574757,-0.295398094553169,0.000640552830046243,-0.338707936792784,-0.711864864951222,0.0917252691241754,-0.450643108820273,-0.0487729559822999,-0.0431050861738614,0.0634341493572877,0.123667512245504,0.117442243592118,0.031341727996419,-0.0992092899375226,0.278212176286526,0.774463139496773,0.182856100139091,0.492953181657385,0.410738677058367,0.311184334880811,-0.146780613173801,-0.58138326002473,-0.275709214372847,0.00938520779235905,0.15902177354488,-0.188537765868801,0.646436643416125,0.383682939178793,0.532224625343051,0.195457549197695,-0.200495668534025,-0.362893884024543,-0.466761576833465,-0.23733299031912,0.180926806716694,0.515511297086572,0.361414699968171,-0.209510476888578,0.207632148617268,-0.196778676452958,-0.367881428632495,-0.641254153948021,-0.23293892044095,-0.0882463410293478,0.341263014734395,0.33205754784737,0.323595752614606,-0.0128322461914933,0.135525379773044,-0.0193611978356129,-0.248038313225669,0.0137616250878071,-0.428882974217929,-0.220680828748785,-0.143777921395376,-0.220292192857516,0.480495944270616,-0.170094615002624,0.160690641967021,0.320805262158913,0.407970909510355,0.753306172769097,-0.91658768865202,-0.361725578635961,-0.299289262586749,0.206283350262453,-0.307864416840444,-0.334472693742764,-0.412549663136996,-0.598481877332417,-0.333792695930587,-0.2836819143608,-0.268719286581407,-0.451744821803494,0.312459318298337,-0.191963733160445,-0.186367175460335,-0.723653428963939,0.305042367765743,-0.0529547412730229,-0.519763912065254,-0.211610472550463,0.329680837672115,-0.380012155701937,-0.0841503224509988,0.600088591408886,0.498900379276725,0.00950829017402761,0.404916126510589,-0.277057236863055,0.227719022747498,-0.0519883534284966,-0.196931053925677,0.396187301925955,-0.248969160982857,-0.133318452322469,-0.225942623608646,0.153754893720205,0.733540003901507,0.269790105767925,0.0179375972997886,0.0454217649966571,-0.450405580579928,0.129913046220115,-0.0596548039908352,0.0864717539626548,0.103050703024006,-1.03691048638311,-0.205990067001536,0.465809817215489,0.271173333212361,-0.318582273288528,-0.0311750371718345,-0.260139329341723,0.460126806453589,0.518944552004337,0.790190345064597,0.359433182442744,-0.234844178620376,0.0282637210266508,0.171599486551804,0.404245007739569,0.573819598032467,0.671657271001606,-0.475752118298943,0.259803792623415,0.277604891215177,0.42139487071504,0.784702887794046,0.386192164210471,0.300637428678865,0.119098841229148,-0.0334190666008326,-0.498891643575365,-0.539742956205379,-0.126319115473267,0.145073281839647,0.00967160176172835,-0.134904024450016,1.21017974738052,0.789752894051247,0.301923104981391,-0.00872436579102615,0.0397505079805738,-0.29010554835037,0.239140508065853,-0.159288957298409,0.0995995870496476,-0.326816599992362,0.190721343157734,0.214164718731035,-0.54686549465409,-0.68686013099996,-0.23465646545692,-0.21385381815268,0.28378085964123,-0.0551437952520885,-0.524759115911255,-0.45189873940074,-0.0514719758514733,-0.118090820899469,0.136734943664072,-0.0724317339544419,-0.280184325011262,0.343863339912622,-0.0934787476551559,-0.0489855012507356,0.0679473566829124,-0.171530437873352,0.0715954541913795,0.13327371289931,0.321216673414903,0.638823489496866,0.635868381236408,0.546495433350281,0.528216345075089,0.301061381767953,-0.166240861395748,-0.00297127443622039,-0.516634625029279,-0.478772905425039,-0.231369531479138,-0.386831590258359,-0.183339187311097,0.102233615547745,0.131195062235094,0.627449393159502,0.349556831492086,-0.531967661155993,-0.112868204203685,0.0983541999381678,0.196135714246962,-0.511847377034591,-0.619797106089972,-0.310529531911851,-0.0788314538558185,-0.242079135364499,-0.0217688653650608,-0.777591824027554,-0.336061453050522,-0.559785487353328,0.147626562421951,-0.444453075005457,0.245829533729707,0.395387348031452,-0.0550530315665443,-0.528145830383323,-0.320801974899405,-0.452324153076935,-0.67180467348747,-0.484281880249,0.209267855424793,-0.0157296148215157,-0.426186300437502,0.188006918707802,0.717873830498978,0.748538758324811,0.15015401222929,0.360352446814252,0.536180074554161,-0.131570736804299,0.253641668056781,-0.323581130198644,-0.339448332808407,0.0348689996539605,0.842794815389816,0.703388405326609,-0.0352495359185201,-0.0854447645108813,-0.297253215801105,0.241300169652107,0.0424690369336289,-0.271061304467197,-0.179898476701843,0.349979958330262,0.198436879921428,0.468705815358858,0.990350567180442,-0.0390732936243903,0.086220371659105,-0.172670342175425,0.111782900664243,-0.150332715289411,-0.0129546974573368,0.424903968544408,-0.240330271471334,-0.396918089328842,0.349454484052882,-0.557360562917685,-0.473184412768187,-0.152646723629458,-0.0940402589016719,0.211194489104356,0.230562554510342,-0.0946347363349439,-0.295414505962372,-0.728303671401693,-0.688024194437873,-0.425488400570405,-0.0339551414759308,-0.0750441830614971,-0.146713747728612,-0.210485386495453,-0.258129269015707,0.120873902116736,-0.0973789668839828,0.100594894222027,-0.195332551505459,-0.152739894909254,-0.406946561717105,-0.387659790686516,0.310494748598661,0.0199786225280069,-0.500382664806664,-0.211102974952494,0.621129608716533,0.349878141203124,0.537589238503564,0.0208776262187129,-0.289004018210473,0.10072462396559,-0.0952756679020301,-0.131661395846936,-0.344660343810219,0.411619223363449,0.681259095422157,0.80635547167617,0.390998530000045,-0.192795053652893,-0.509904285199056,-0.085214957770318,0.225644694640687,-0.18098413176711,-0.151231954245657,-0.340840245972445,0.0218041284762574,0.669299753269903,0.333315321808133,0.399588035418333,-0.021293172543413,-0.329295235414685,-0.187278855700076,0.0576419815242501,0.0706124167697921,0.461254368574034,0.0765647917472947,0.299602780055107,0.702592870125446,0.197819111368764,-0.617126259182577,-0.057757873746962,0.0494502517564456,-0.171211303939726,-0.326807106834597,-0.100902318508587,-0.0108785422296992,0.39333902451175,-0.137125969583771,-0.389711435779481,-0.516702117870105,-0.357977870035855,-0.642279531706125,0.0511463804767404,0.525569379266108,0.195777424689229,0.229870950104432,-0.221729035863636,-0.344187679958346,-0.836703733346941,-0.856734357055217,-0.583073451334046,0.0790881993913979,-0.784680469993212,-1.07361433350373,-0.396798043425076,-0.766397848952515,0.115402336672338,0.397737235590351,0.490627416758878,-0.00744594597646171,0.042118040430456,-0.16461022822139,-0.209619006174373,-0.102440682478421
0.076699461508291,-0.0877651152655073,0.17970467544146,-0.0649488856484586,-0.143619298064143,-0.138966573952648,0.0467906320875654,-0.0298788888300935,-0.0784460253983703,-0.0307241253049816,-0.196334366136256,-0.199847383697037,0.0493287531986864,0.0567443469448813,-0.0735716900460469,0.0656645043580531,-0.0458779990721266,0.00445452586934011,0.0660395221641124,-0.0093325826585637,0.0646133450120861,-0.0660235830363326,-0.0629530208611437,0.0914556167055278,0.225682144665935,-0.0724263545889955,0.040277332077814,0.0343898743971519,-0.0802777943146247,0.0732747184685289,0.100374812858099,-0.0787089020297067,-0.141661331510379,0.0601908581460642,-0.0571378262971403,0.0508605543839771,0.0234899475930574,0.0705304504820067,0.0631708636092104,0.194598692295464,-0.106058855143126,0.0151486379812917,-0.091176430534489,0.0949653449425476,0.0885819374203867,-0.104865631996954,0.173481803051421,-0.0914718734613251,0.00297354374301189,0.0228985832601499,0.178183289983649,0.0423660385985705,0.0252878921662879,0.0520402630830607,0.035252203996298,-0.0604338720480667,0.123703150894046,0.0575326530185958,-0.001591755001751,0.189006886409433,0.0710708645541109,0.00497170216416618,0.307442147973892,-0.015690850429493,-0.0954796446344325,0.205073940452686,0.0825281458206372,-0.0240094610988345,-0.0211715801620636,-0.110381285070222,0.0735540892487994,0.0605192969452782,-0.0363704185525286,-0.00936005684325336,-0.0277771501777113,-0.0277347160109726,-0.0737060149987687,-0.15697221185968,-0.125003736327367,-0.00914833340127509,-0.107136253726703,0.102207836223708,-0.0199077511554506,-0.169623150725131,0.079030574136681,0.00688051468994378,0.161007370850525,-0.0146539184091468,-0.226006964714341,0.0127005769848074,-0.0328803947150663,-0.027018465373878,-0.0625341145792763,-0.0850993045711731,0.00816501259066018,-0.0228268699097971,-0.0357638130264664,-0.158002243523131,0.00869934039775901,-0.0294643410306949,-0.125300740600776,0.0524643068033918,0.194627978295705,0.12749931841785,0.0582224942358518,0.146261170647391,0.136809819440073,0.210080150844912,-0.0032829406636227,-0.00454783326668055,0.00497728828925445,-0.118876020793587,-0.0425482367703178,-0.0683042150447576,0.137216494893843,-0.152219136819647,0.0525622258982508,-0.0314916959571526,-0.149797004949248,0.0141775383703482,-0.170894971750191,-0.0959673697629646,0.0663112816433883,-0.131592387810833,-0.100481225826475,-0.0389886159167095,-0.0197695456073371,-0.0364762239579726,-0.0851263015867847,-0.00632578500667462,0.15300314645612,0.144011453355374,0.112965658747761,-0.00873223966539048,-0.278471406494629,-0.00588585113507853,-0.15401220287393,-0.0237362536849317,-0.0261063464048718,0.0921887453801488,0.0619964471719561,0.0507458703429493,0.195546200636856,0.00148035985887543,0.0479565979993328,-0.0639243360130056,0.19287319858103,-0.168381613433611,0.0566950131404884,0.122944269868819,-0.0469453627327055,0.0638693751472417,-0.0409273168394395,-0.199340633179252,-0.129270939349269,0.0977456122438037,0.16935483663192,-0.0228100580540613,0.126884092818804,0.0332769914377988,0.179230295859748,0.0664033280404408,0.0479978750485523,0.0805688447028143,-0.00250385831455694,0.0962805016228409,0.0901681621933115,0.0632349149968551,-0.0583057898373992,-0.0169643170774544,-0.200169901032277,-0.0384928778573425,-0.0403739347565785,-0.00983831951295683,0.0879326346363986,0.266771637047025,-0.0940639501898163,0.0630378055139537,0.0281036056820796,0.136224563331156,0.00719462260758008,-0.0695237799431087,-4.95779367677522e-05,0.016917124908989,-0.0242498464278877,0.104262816796861,-0.10185765862899,0.0828176321230774,0.027966334502206,-0.0460458788900792,-0.130787170122917,-0.103774039515609,-0.0816137974163778,-0.105795294104696,-0.172870266950879,0.1327216153181,-0.0239980259008861,0.0947257871421187,-0.0739394024484816,-0.0728204392326985,0.0572921427111513,0.0205754040418413,0.158184557499877,-0.101318795991365,-0.0401220874435838,-0.0654796679285459,-0.167439644811986,-0.145234505364473,-0.113613861511613,0.0592237816279173,-0.0924201948578157,0.0374317223484888,0.17656477893932,0.23285658224556,0.0128480500588586,-0.0729796475396489,-0.145321159317871,0.0329004536700435,0.0396724806830994,0.0621658950817086,0.0433685833910234,0.0474617855795648,-0.181772058207289,0.0961795202279864,0.124355590125056,-0.0398425742874452,0.0656096340468334,-0.0632236093844483,-0.0590548692461119,-0.0509393310831263,0.0630563194204635,0.095768634925089,0.0775652070075933,-0.179116851125109,-0.0823118292180593,-0.0335429056081775,0.166940280565483,0.0719867082851751,-0.0732454350512835,0.0836778238365821,0.0874870016387015,-0.0494071343387954,0.118398600966026,-0.153644964623615,-0.142250984554227,-0.115484297824865,-0.146686362976845,0.153078329027735,-0.0272678008581061,0.107878339741119,-0.127407855161707,-0.0133620269001627,0.017021680979509,-0.0273111708755748,0.250922364031463,0.034138683894622,0.0800003295576712,-0.0855672258657931,0.17802356398726,-0.047842731966764,-0.117347072793295,-0.0268764768688125,-0.158347525553212,-0.034233066266888,0.0137797738740658,-0.161372119430053,-0.0449447610687687,-0.101645013979333,0.087783301602448,0.15023087333297,0.0845990006628639,0.0631626593171946,0.0712257810798974,0.232336668502429,0.165902260292812,-0.103728915603883,-0.155888831908826,-0.0681285782363756,-0.00467048886820139,-0.139600502526754,-0.0293350402859182,0.00571952241439935,0.0809024831832743,0.0329484662417631,0.0874346502141835,-0.183392722615523,0.0115207747588887,-0.0032230678784103,-0.0697569187520846,0.162887405152822,-0.0175678107154476,-0.0344524875913281,-0.0536958838185947,-0.0273788585837004,0.0952339672037873,0.00314306564102529,-0.0174617310949453,0.0362257401980247,-0.0311895862504697,-0.185497044818198,0.124289962976301,-0.103438056157195,-0.0473218171644607,0.0960509288665169,0.0434527827907806,0.02657946832019,-0.0709637621732616,0.156860851394292,0.0499454526031715,-0.0785713147282854,0.153711309620706,0.103449913516855,-0.0826343132663192,-0.00689121395243943,0.00949420232844373,0.0288111231251667,0.0151357111212314,-0.0724045665237391,0.045644545669772,0.118525589436678,-0.247404200915725,0.0830949324128931,-0.0624396046983244,-0.0522921486226489,0.0409671991705066,-0.0640748993285248,-0.0745629186153977,0.0454299095350938,-0.142920510979723,-0.158875672037915,-0.0625831394703032,-0.113242225322409,0.100477505259134,-0.12689387023384,-0.0808730223605484,0.0139320735392445,0.0211556672080145,0.271108655616205,0.0112177280969902,-0.209198938448638,-0.0822673124848101,-0.0711220935832686,0.162488217522335,0.18736842163112,0.0695641713679492,-0.103893124850809,0.245892267171723,0.100150572207087,0.0558241963698809,0.149052208561673,0.114325608158066,0.0539286122016442,0.0144041288738818,0.0559391932494418,-0.159474702669156,-0.0330127855199947,-0.0173505431676333,0.0107835122284645,0.110211164477067,0.158028275258634,-0.160033329483877,0.0173805833707949,-0.170571945161021,0.0789229313148271,0.0477172716870131,-0.115985125300356,0.285537583687955,0.0481775884900204,0.0628989196679441,-0.118183507187312,-0.0779124606614706,0.0439341513833552,-0.033758871017315,-0.0540424440148981,-0.0194623576578941,-0.0391058628989216,0.156717749650577,-0.0303365181196405,0.000638038269867865,0.0418931529775004,-0.026230987641541,0.0225795989157694,0.0609805486749344,0.16424157153702,0.111289012187234,-0.00361107974707785,0.130296146398352,0.274113341862276,-0.0925288714879072,-0.121904809034725,-0.0194127888395988,0.14164352347303,0.0872319604431764,-0.0395998682836584,0.171466662817378,-0.023498484446357,-0.0371061202401879,-0.0922524256601174,-0.0183123054936785,0.0581813620174943,-0.0533105405919184,0.1018217695218,-0.111186765133784,0.104814658453863,-0.14296069974465,0.00808857994185919,0.0693798347665187,-0.00750276376871657,-0.230157039497213,0.208340503934149,-0.0866996330029644,-0.0915812787243739,0.0247825926443472,0.113245771138437,0.034169761017257,-0.0557094030505185,0.104052665378335,0.104790760292115,-0.0978060442430317,-0.146157972996859,-0.00409221441325203,0.0423212260369838,0.0336179818784214,-0.103542096842655,0.122683752713784,-0.141016797949734,-0.0619661850831426,-0.0596501110855162,-0.0493241001435706,0.0388446956379024,-0.0265128515755093,0.0661636397258672,-0.147473753674364,-0.0394317829261096,0.191675383929938,-0.0319562336817698,0.00127306244242648,0.134243236215154,-0.0559688328210943,-0.295863974978955,0.127078124237235,0.167032274750126,-0.0359748202221383,-0.0696042165923503,-0.0394367669707817,0.0661626009311039,-0.101085122633319,-0.039925151382725,0.075075005870847,0.087292448991595,0.0861475413285862,0.168903638188068,-0.0102845751117074,0.0819740351773452,-0.0538256634679551,-0.187092443952313,-0.147873321756627,0.0208202877621858,0.0510039565648476,-0.0210960248962215,0.141848180964771,-0.292001014047132,0.192370315689693,-0.127347459502326,-0.259264783955167,-0.0552130040283307,0.269501093291902,0.0417330587613399,0.186566161351298,0.121761398656326,0.0514819129581503,-0.080704057598893,0.0745181963543651,-0.157420607334538,0.0328876692661429,0.0994591849791593,0.0372943358469304,-0.0803829099142698,0.17723945214675,0.0267709963400729,0.121082685064241,0.0345681514238491,-0.0414741046152768,-0.00835822525508803,0.0973113195652266,0.195019803323173,-0.188604903045807,0.106801927346723,-0.0569835452997381,0.0777440731078556,0.169575735007201,0.0359791214411763,0.0200559683242628,-0.119008123975307,0.0816554398956929,-0.0238824171999298,0.0160622915359822,-0.213865048113477,-0.0295443465607972,-0.113031477778677,0.100583570726017,-0.0455722089027485,-0.0216213627363671,0.00328918669054282,0.143183993451936,0.0904100784408527,0.232540364394058,-0.116555986834879,-0.0082538584680684,-0.0892452456890357,-0.0855613151351361,0.0516849419333238,0.100768214080955,-0.0446869590914665,0.128440471728935,-0.273044426576988,0.103130426711594,0.0892481801853691,-0.017350236681122,-0.0906116411751968,-0.0852110873075599,-0.0688946197163415,0.0976843637886042,-0.0586233160173905,-0.0842098847951077,0.231160947489341,0.00745770258076613,-0.0260897655114972,-0.0757377607905029,0.0472133511666582,0.154849782210174,-0.0347496899735821,-0.0991866058235285,0.0903544530286496,-0.0520360494926879,-0.00199981778697893,0.0314803541483045,-0.164208656345478,0.129338244371162,0.155863621113182,-0.0240685015244169,-0.199307570022701,-0.0900859256099037,-0.135793853865988,-0.00438606575280145,0.0329991398306635,0.0825383503708818,0.1444611670966,0.0761800102115901,0.0890205651780895,0.239274845475414,0.127464789449797,0.235467814589446,0.0362259111033559,0.0950236152427242,0.180486506724849,-0.0201045918874381,-0.0536040135041012,-0.107716293321924,-0.0136152724779114,0.0981980591910333,-0.0250056436675792,0.124128117806474,0.0355530560613483,0.0782989976651196,0.234313645763908,0.0859767491797032,0.0884138328813653,-0.000814560385831525,0.117322769050005,0.00891956371161541,0.0299736689899553,0.0135505578485634,0.105151272558396,0.027705177317056,-0.106759863352873,-0.0732497190697929,-0.0616275409796428,-0.0238809841035751,-0.0175766100435704,-0.0297282124531359,-0.228914299130193,-0.0241814854597669,-0.141976339817544,-0.0505181600231726,-0.0783057117081242,0.1127116774849,-0.209636093965452,-0.0522490360959645,-0.0589433460049669,0.123097159211012,-0.075256483434347,0.0137730414199122,-0.0533135734568125,0.105966610334433,-0.109330935230409,0.0821407926507769,0.0631992193193017,0.245325164843909,0.048196352530455,-0.0534125135113993,-0.0235022135427294,-0.0218123162760659,-0.0114773244640541,-0.05232253058175,-0.187173138389596,0.0282680412821846,0.00851776652286799,0.00816473308259686,0.0612241013237326,-0.119475589417117,0.178272375224887,-0.0590853039433588,-0.066656445884831,0.0555424607652353,-0.0752629696035342,0.0972165789877657,-0.254880050662158,-0.11892709902336,-0.150844243527074,-0.0601924559445893,-0.0421162691799853,-0.28654587500306,-0.175781130265636,-0.24640801235079,0.123628597984138,-0.236066941010303,0.0138463163077901,0.0283852518104291,0.122656424927047,0.109959512243578,-0.092397025837421,-0.081724007584492,-0.0243478307667524,-0.0505089589873532,-0.00422790704352052,0.0102383561779646,-0.140193180991692,-0.1209422846144,0.136952623968419,-0.0361009852932337,0.0625478017393903,0.0175989984785056,-0.00884383949540861,0.104413724582269,-0.0850998846447604,0.175979485768873,0.0234382261514783,0.0838367479933408,0.17370281584239,0.141770194027424,0.0544549001585801,0.0433721049894267,-0.102112843717637,0.080459058634485,-0.0616425228427502,0.0500567172232926,-0.0828080487561376,0.188129538722195,0.0648125084015258,0.047630663962607,-0.0128212006145185,-0.0547130495224878,-0.0235489151609027,-0.0897326089825658,0.105533517553375,-0.0608362525114328,0.131720668802082,0.0785019621067862,-0.117429987702509,-0.251406735913936,0.104565120985662,-0.0479177385556013,-0.013586066598598,-0.126108740334626,-0.121550074675435,-0.0785383542425826,0.0643951403803611,-0.00905197742860949,-0.145548358271178,-0.199216748483482,0.0980496973526088,-0.197365745517263,-0.116515890350704,-0.078229456512185,0.139722882387225,0.199537979558114,-0.102274215431526,0.0693760471960037,-0.0309351866322726,-0.0376085257333389,0.172542543784338,-0.0597454201817878,-0.173937871821289,-0.035489252865545,0.105851436550244,-0.0447820782076433,-0.00241213656874228,0.0900265707505844,0.12686371331403,-0.0235200224895918,0.134914705731846,0.0729973120842371,-0.0651308362844451,0.0569251452125577,0.216756321481855,-0.109882334037684,0.00511850024220967,0.310080594879527,0.0872911114935767,0.0784778013297911,-0.0533436105965186,-0.0788039926916721,-0.0507845332166373,0.138730358454312,0.0561225775404398,-0.00815453009099274,-0.0039542099943003,-0.00838734160395024,0.0505727080763952,-0.00556780271110346,0.0168665861395929,0.118589969137337,-0.00210665172697444,0.0154566982305842,0.118429236544109,0.00564592996906566,0.0470720376713298,-0.084427818117371,0.0733208597985947,-0.071695024007989,0.0625962620290165,0.0681437422760609,-0.238648680824792,-0.127773097584554,-0.0920556340391463,-0.0746563437169763,-0.240744197762201,0.0485912108799953,0.00335245137017355,0.138308029638468,0.0460396105830073,-0.0213071848582221,-0.135469521998112,-0.0476685642014439,-0.18417089569691,-0.053405442225358,-0.0830274966073439,0.0500820059849159,0.0357056708409578,0.00292680171704751,-0.110611380220334,-0.21521918428519,-0.0998505213990897,-0.0332249973436211,0.0678817100908114,-0.170491889084269,-0.276184736940992,-0.0224533233559551,-0.140580501387098,0.0435108746799897,0.0666899737279514,-0.00700135464321111,-0.0820713678378646,0.137410559392,-0.0918906578655386,0.0571961726884335,0.208254175461357
-0.472505047263045,-0.280789162017444,-0.286653646660383,0.212052543594803,-0.153170857891576,-0.0278487302064136,-0.32161243828251,-0.3245919004616,0.412039891238258,-0.262858018913743,-0.277154077135887,-0.0458344092693521,0.264798551861075,0.263873811432787,0.51432426869782,0.347544045682392,-0.116758848191244,-0.0647262037260113,0.727544024361578,-0.0180586160203347,-0.210159163639974,-0.117316013730336,0.11017603354906,0.163017673799079,0.364076182614003,0.520359497638451,0.351943197459046,0.387695075007784,1.14639123009903,0.505211369106194,0.549480695085025,-0.385913185521547,-0.626671311049992,-0.0435940915550715,-0.0623811665046797,0.249400707313637,0.775662590692602,0.425652099555037,0.5097719936929,0.71260524174812,0.18767835291647,0.235023057664294,-0.497026603357112,-0.0581629373207541,0.478458377984047,0.167067296737796,0.842492856458287,0.414205103503115,-0.171300760498177,-0.279233905969532,0.350872071958093,-0.228115352287947,0.0844167289238239,-0.227482223908655,0.416911173226355,0.693316477415097,0.40533490109171,0.5677836961758,0.167716708070572,0.340590233543446,0.881135947424955,0.145708458698613,0.174460072103416,-0.0137751304448981,0.239152252400612,0.735159431875781,-0.0670514437162893,0.159187452612201,-0.122220654094246,-0.0614904005278078,0.00347357685257823,-0.455589858222383,0.441126316475394,-0.0698752915616943,-0.158412292898419,0.074673770524274,-0.392294798468912,-0.327401659314459,-0.0380932523164277,0.164012185236754,-0.00768732570892545,0.441029416010754,-0.0464909666927863,0.048181191401416,-0.176461333446692,-0.0325855283473598,-0.36851776749589,-0.113415083399573,0.083681884019187,-0.183894854979144,0.831817455061424,0.284093304850155,-0.475598847593631,-0.729576753722142,0.0390674103774675,-0.263333696775837,0.0543000394570043,-0.658191565020441,-0.404020692138869,0.282547318083497,0.0109562426015734,0.0181947485180284,-0.43150864387824,-0.218777015770498,0.014981143258168,0.463025721070084,0.685804827617717,0.651579056826935,0.137658535038395,0.341832064247108,-0.250636572026104,-0.398747730038317,-0.144703595879392,0.184868053435009,-0.035594514170432,-0.620074165001334,-0.428678791410415,-0.0635737009856426,-0.187358284298863,-0.543240594767249,-0.817939883602881,-0.19952545464217,0.283167235869707,0.405893080616187,0.147972414619319,-0.214964627116821,0.0358521542558521,-0.421239974467487,-0.0876939502193387,-0.0226290450458199,0.81623249699269,-0.182455908761831,0.200806123758614,-0.197813662337146,0.034425342365443,0.0119366861859947,-0.214123194236685,0.00134230333714616,0.0338253379277019,0.526627199608089,0.398328295494491,0.970431092246345,0.621428693912298,-0.0770571653635566,-0.236875418266698,0.14507573080682,0.208810630373828,0.195238575699384,0.491992534019753,0.319810691549902,0.247277631411641,-0.0673613281185555,0.201832464044179,-0.201436986797719,0.00885515064153489,-0.420570325386507,0.0138075556501731,0.0479240562572589,0.0367626260694343,0.490177794038056,0.0298147670419634,0.0997347118054626,0.435042954882363,-0.0078520802296901,0.0446087542033596,0.225205162831005,-0.209565166439839,0.652862976095544,-0.0609574642624749,-0.457194433921043,-0.219055891317434,-0.667399446208533,-0.521909677579943,-0.430275148603393,-0.627283552282393,0.0456195388798937,-0.233984861063268,-0.0436518545678283,-0.140347953529382,0.263665323696468,-0.129518817167912,-0.319168841721331,-0.189000138447816,0.348533720325864,0.0704317416546039,-0.0289631754285913,-0.117812222224695,0.101218254215984,-0.681775305835197,-0.477449648004682,-0.564991669749799,-0.0735239863967394,-0.0637452861881657,-0.580182111235323,-0.614459060815291,0.265692886755346,0.0255919454747823,0.255687097671472,-0.22780059367986,0.28137450431487,0.0948765963594254,-0.183620150915435,0.581100163236745,0.239033543465795,-0.728715572910903,-0.0801666459019406,-0.456765697685204,-0.5245006135502,0.04928502076813,0.0906232584534838,-0.239653058665458,0.532343441874123,1.02922038064125,0.432261373066119,0.555759323253623,0.202443541450616,-0.00676910354786645,0.203677494215813,-0.144927716841545,0.151592013316863,0.46534827090971,0.368680193520888,-0.0436327534518251,0.552061772672076,0.81624187925015,-0.0161615305185248,0.162037691562321,-0.413288583406742,0.381031108313946,0.339414600089688,-0.206010331217753,-0.137944349260029,-0.207962056802313,-0.905284408628988,-0.297028820923624,0.0908373355781527,0.148461812943019,0.412038131510571,0.651079988069851,0.466439125796867,0.278848131920803,0.210310816885144,-0.0173081045212074,-0.417319151169602,-0.300250620831971,-0.110052830961571,-0.725341270255849,0.169826183452522,0.0337413407474386,0.138484705707097,0.0940547057501815,-0.50135256945644,-0.371786996333797,0.171052770891683,-0.150360269606007,0.2143962291631,0.414668627250183,0.459747639705313,0.457360389313955,0.370134379256737,-0.287942120011805,-0.0971218641495586,-0.685628451245761,-0.0857413973536815,0.0458226934566054,0.171523671236684,-0.144721897025684,0.0608760228564113,0.407703598690471,0.0489261996985039,1.02023153293391,1.04290404317932,0.356276896322011,0.638889891645871,-0.145793498664161,0.0662709703447374,-0.0126413745903977,-0.455520718479326,-0.285348079749586,-0.602584754142991,-0.381405501242556,-0.254205813808053,-0.24657247996463,0.289016387956504,0.198970393463135,-0.0209932080895814,-0.497619949773332,-0.00998733409776738,0.176157871920845,0.536120501504199,0.481849619305193,-0.425411420876266,-0.499100715111651,-0.62204520163462,-0.343119725968299,-0.132453290610851,0.3928905584157,0.122384942403521,0.0148364600547477,-0.292539585186652,0.171899629477627,-0.0310345816909664,0.444560127660406,0.743451706506999,-0.126301206601578,0.962531478162923,0.718278945551949,0.238412932138405,-0.0228454821766865,0.349926989461096,0.232704568125853,0.0171135754810293,-0.206125726565797,-0.254622080697369,0.418820133859529,0.129829144046555,0.403658059436859,-0.108386585872734,0.114025273331645,-0.0405989274343839,0.0239470953840789,-0.178177357305158,-0.140336389647018,-0.798473757321472,-0.58888939973897,-0.168764480196896,0.00908805256190556,-0.049248531608639,0.0983591964766166,-0.0911816237199984,-0.160216405445318,0.121982840407987,-0.586279279865282,-0.00390954638878661,0.403213557339269,0.200506273325228,0.488049634750449,0.351437639820398,0.178075919913763,-0.0762309372945578,-0.306506464224101,0.0701753593391162,0.31136262917884,0.273378256833084,-0.191549500375219,-0.196248324553834,-0.0379062038802939,0.27093669665576,0.505261894081707,-0.0195256885850654,-0.0624221177003002,0.412290150086361,-0.0696904220119565,-0.406815097177516,-0.595215884055776,-0.659544390704043,-0.78774170448705,0.252926888102661,-0.232027782899762,0.063906576320173,-0.481486577689546,-0.09373474606306,0.622682377312953,0.404394376977767,-0.136937705644265,0.761226207107978,0.266212994627885,0.629133761467595,0.338780343413697,-0.079054865120275,0.0536350078705936,0.605686097374331,-0.105220571537456,-0.267713257237022,-0.188650171746956,-0.0237969460667439,0.210973766270256,-0.492335236704523,-0.393014369738258,0.276993560029228,0.306209362462828,0.503297903383455,0.334687545294965,0.745282842122552,0.829933572461429,-0.153452938634647,-0.203156843229739,0.373179809996033,-0.00468642529873617,0.0976015798126637,0.209326144992166,0.287617417914127,0.248627527129378,0.497921879413487,0.216736683147101,0.906033827614564,0.581473938445118,0.211349515086962,0.056754981748181,0.197796031327631,0.269920842006724,0.277523016612633,-0.0247528591044423,0.240419434415389,0.38093098668808,0.189406902527806,-0.19944892896384,-0.0366288573714928,-0.0513274917711887,0.505546775830766,0.9683804293839,0.406012647080032,0.185983339849031,-0.0450784080809875,0.12335977065927,0.267401505682488,0.0395347322420108,0.408896479665937,0.0343676778310345,-0.195826469601607,-0.0991677235437723,-0.168064496702007,-0.578397618735878,0.011887782797602,-0.135434393240179,-0.452181406353735,-0.079432839872613,-0.143494905278608,-0.455424875833506,0.245986586672081,-0.274483062842336,0.0528557216996467,-0.1768137569953,0.169158155965659,0.405595837224658,-0.0765389172203539,0.00748861704336333,-0.198328976852304,0.0716765873689698,0.738981233290502,0.0902773791603572,0.612466582329654,0.498635888363821,0.360814188002893,-0.0351835259318939,-0.569938985438308,-0.163199188041835,-0.016446707700835,-0.0390085917324954,-0.252644738902025,0.658042704818194,0.369367532315588,0.137099716392932,0.245843978830424,-0.0591961283535509,-0.263221705077347,-0.407703501755311,-0.237707015415745,-0.0153217991410022,0.363678949197998,0.268911397870698,-0.107445873344371,0.242431780547409,-0.0225722294793896,-0.487758805330953,-0.637028416421888,-0.0796920663864232,0.0428538482933437,0.271169849481028,0.410051868913985,0.291249029316096,0.0166276330458576,0.165758451813343,0.0137866685832328,-0.203528812645671,0.136445028079936,-0.352579332717032,-0.081156244638296,-0.145287607012719,-0.32757829174291,0.319553279405143,-0.0829652023633046,0.361463602774634,0.429112266312631,0.322579006226894,0.918672446991939,-0.761040091944752,-0.42165690737441,-0.184842923894048,0.039607370693284,-0.39210489396691,-0.428232936848338,-0.201054378249404,-0.566950765960366,-0.370278228027125,-0.206175108397819,-0.100172283524527,-0.624332670616801,0.147451034877879,-0.010159495385989,-0.174487501268547,-0.62665105552365,0.322383848377616,-0.150395979435259,-0.428626440956035,-0.368308050066414,0.399321585779842,-0.266496562226497,0.219848508039655,0.691904714819338,0.479849528942708,-0.116766377610238,0.413511436736306,-0.21978966438587,0.159857966885576,0.0479201707200716,-0.101726548594614,0.103202415751326,-0.243956509330806,-0.0199395435924753,-0.360161790423894,0.0140949864428265,0.536425938902976,0.450853568490521,-0.0449588399602668,0.0724054021124546,-0.525180862478944,0.0381232535767862,-0.217360429696917,0.269954828933001,0.018788806639283,-0.928297484460408,-0.304802263454607,0.242375253261517,0.286076752856432,-0.35839994126705,0.150744236907567,-0.163388616643125,0.46659131254865,0.675136386334476,0.708422967879983,0.0819530005446046,-0.223076002085225,-0.0753496886244698,0.0938759310052997,0.359207875979447,0.364462293900908,0.418329338435881,-0.107402053704033,0.246075097760937,0.146623147896544,0.533255800162543,0.509356513259878,0.24068199298132,0.29434244220891,0.204247303949737,-0.0966993714822494,-0.559137330792605,-0.283777240394139,-0.123527735885305,-0.0798583066219125,0.0786623802562779,0.12229321818857,1.45720333979031,0.855020945926007,0.233757726873595,0.0093684098129363,0.211083228671934,-0.333071479633949,0.230474807174734,-0.186446633259267,0.132365950757672,-0.371745692821028,0.0231374497948913,0.167623912352507,-0.581362326582119,-0.488897874687551,-0.352429630343715,-0.0915144496540773,0.269422403471922,-0.12593468215039,-0.457958554124874,-0.376443339827283,-0.184558258819925,-0.212948745861669,0.289120479117239,-0.0688229724841735,-0.193739002948202,0.410035580612835,0.118765104759388,-0.0993643067119405,-0.0873028832154205,0.0871042699970146,0.338809248513965,0.0689798499773226,0.425657831018681,0.709179754447963,0.504653034507192,0.660852519973908,0.724648190762439,0.200764748749787,-0.125238633276936,-0.196860784245907,-0.244102336673695,-0.312665837081117,-0.440882966765535,-0.205668693325006,-0.340627279924027,-0.0852609800794458,0.000586812979623891,0.588096576845705,0.239591841122629,-0.650222582935156,-0.192909062781874,0.0312048191128871,0.0802891441639988,-0.48502039346499,-0.628163167134249,-0.171470100443503,-0.128681752274758,-0.333864278715172,0.194160880718715,-0.779804104384838,-0.168415343669756,-0.473865331652472,0.240495949861678,-0.316579533005898,0.0742354326855965,0.528010828200671,0.0194538804609802,-0.299173103273196,-0.428125345264393,-0.426565352685286,-0.682553744098738,-0.379966188437626,0.432793475301432,0.00156582947269636,-0.333408949415476,0.1161022826189,0.876966163109976,0.795402372766713,0.161051418679603,0.0520973808344206,0.477094207037273,-0.331751131633779,0.276437906110582,-0.096536026650037,-0.220981120249458,-0.022497251088567,0.805511878554124,0.642556669082711,0.0152150616390973,0.0242336646456266,-0.464730004630238,0.24136504253653,0.0367184362844167,-0.161705612487003,-0.318677813866644,0.376630969315326,0.428250181287389,0.220204277415398,0.821555854639811,-0.0465439364141799,0.124110441138487,-0.363845560815563,-0.0770466610345543,0.0683389288880468,0.209244865406748,0.249524350944396,-0.458256131001822,-0.56689826560756,0.101553179881761,-0.21361983234414,-0.500832892446901,0.0823810532971341,-0.152682757257085,-0.155600975242561,0.388379352981877,-0.203858513178093,-0.346885443074567,-0.380252521292858,-0.454546189668299,-0.603312878157005,-0.120008822012491,-0.000574628541446034,-0.194492154313475,-0.167826278624676,-0.349800076364168,0.121810350545274,-0.172321265966713,0.387020566180727,-0.263474139793084,-0.290981555950214,-0.42820571736973,-0.259730374212653,0.213680533667194,-0.11578171538122,-0.327361736964532,-0.147055666841237,0.573404669659203,0.344939123296592,0.45206476956166,-0.0672257289853208,-0.268504165046583,-0.0426612676991969,-0.15877385692797,-0.301614080130641,-0.20681061411816,0.287987994097501,0.694983812012142,0.947178375565504,0.283734673878055,-0.144852237716124,-0.322066745271985,0.0847629389816357,-0.0669782346166184,-0.17868578494916,-0.31100566814488,-0.304558386522579,0.000702846879408092,0.572714522271759,0.392213212763558,0.292116964863789,0.121236581930504,-0.557679598935593,-0.14898665302994,0.0262953167566045,-0.269679307213882,0.417754469804453,-0.0176776399979049,0.1308046972295,0.581512146596384,0.173230268378188,-0.468620527065214,-0.280245770760652,0.0604507315484069,-0.218711780298709,-0.253310955494566,-0.00497825935972235,-0.130082887524252,0.193642567973564,0.118408081618011,-0.752121258005539,-0.475101722775623,-0.0629250158783543,-0.644392960179486,-0.0653019033713791,0.542055839233011,0.113925932853873,0.368171262116845,0.0881807474272684,-0.359519309090512,-0.834091927543043,-0.746206662533528,-0.585425546767256,0.235083660842193,-0.796907219480063,-0.857620647558533,-0.298971006809108,-0.59377612955102,0.23115575854245,0.383700391378417,0.589230954181086,-0.0371893979887624,-0.247428190728191,-0.218461280949735,-0.0032037589111831,-0.229989263380328
0.440231271567974,0.213313370926493,0.411838376315645,-0.221858021392316,0.385379877909525,0.0840608008874074,0.479202882592152,0.151941600754381,-0.537076167264136,0.228563485248354,0.46723055643266,0.0459769095911781,-0.538726770654217,-0.343265243417328,-0.590006135981384,-0.395937015419275,0.257992567601147,-0.0611687555537006,-0.665254353776883,0.250235006590943,0.280060676716837,0.174279622633148,-0.375153259657868,-0.251555900157394,-0.711193896524683,-0.608265855559492,-0.528769822426567,-0.611419876664069,-1.50838136724545,-0.570294824332182,-0.678807023988391,0.654818402479107,0.625527182974425,-0.0412872255155578,0.157700397045771,-0.341567563789658,-1.21234677190576,-0.668151194997824,-0.776606596376246,-0.548351125952239,-0.326150908420104,-0.601886648103405,0.511947360533479,0.154324095952726,-0.62381839950281,-0.445329846755297,-1.35247660034636,-0.51852030672794,0.0874205703941653,0.126450633603893,-0.574537133339784,0.237372443846426,-0.134981777182992,0.211726016632085,-0.372782902577735,-0.64418111265721,-0.512293586977228,-0.77856695444535,-0.142803644987587,-0.560110732744835,-0.88252833742701,-0.421282123703173,-0.402304867185395,0.083686973201362,-0.288283064039155,-0.780518482498698,0.0672827943040101,0.0630209882483559,0.224151613700811,0.320549211907774,0.0206590083400083,0.433326539382829,-0.574464883090919,-0.310224697722273,0.233003120093074,-0.0716614066176108,0.160940797525844,0.156131185291452,-0.145399908790937,-0.238773131173599,-0.13257159932465,-0.43706482179865,-0.260675476703707,0.0840773243469307,0.10549177309133,0.206461513100225,0.589260918107152,0.176054758189392,-0.367703735139892,0.0442898146618507,-1.03932515311736,-0.172884418910235,0.288146070385132,0.636481648063045,-0.127309971986732,0.0472796120254789,0.13445358573364,1.05870253534829,0.382853169590271,-0.457855749606748,-0.21012708844098,-0.0595863634994917,0.277221939005495,0.229913757501109,-0.115906847477749,-0.609282577140146,-0.710148202328028,-0.694658286592266,-0.25673659557334,-0.187067905998184,0.649496480034163,0.579211255276314,-0.0315073974376093,-0.235523775558226,0.0352634512114244,0.602332439238208,0.446069547173711,0.512338603555717,0.335458983078802,0.83900049652081,0.752653920194809,0.207210660808583,-0.232809024817683,-0.393095512922968,-0.0591394921988731,0.424615979713262,-0.0579079266803121,0.454669690821078,0.359994800240836,-0.0305272651788311,-1.12337998610251,0.313435506981849,-0.216088133276549,0.40582545189458,0.105954951065235,0.410632937507958,0.454375588020402,0.129960547716442,-0.214805826167844,-0.431623941690958,-0.655804078087526,-1.15733764559202,-0.8798014522558,-0.0638724318523543,0.515660782299849,-0.365010928057951,-0.436375836803433,-0.351449728058179,-0.377494090503398,-0.404801497765515,-0.14573071156039,-0.323593719401189,-0.368221942200396,-0.0377083834931923,-0.0388800613770502,0.281666570882843,0.0291665125266666,-0.000750348186221717,0.274266823995034,-0.32473054677553,-0.126101690909006,-0.236708387461423,-0.583247062452272,-0.147202311223987,0.0355187071357613,-0.155020654961634,0.114905116952259,-0.759708461104417,0.191451166155288,0.443188789463261,0.155537317676097,0.961959787864404,0.678431049204546,0.689932107598432,0.945419616019231,-0.0871440486752478,0.286964534644259,0.00270393313469144,-0.00938502024831234,-0.326322241603709,0.279638223047341,0.234670175376978,0.444902101499789,-0.204892458475934,-0.146944543903564,-0.0697314079114948,-0.0418778255600537,-0.082697166036058,0.995676543913955,0.600371214639446,0.496143926454358,0.0270085123922966,0.0495215034805086,0.822887790675934,0.748098872194509,-0.446297528763178,-0.165039513681504,-0.00619012900857919,0.260895857665373,-0.0814937635446738,-0.0714763584363535,-0.176936909048197,-0.552125193918828,-0.081748227627404,1.02104404890749,0.460660500000553,0.527022190438624,1.00951715839992,0.037417294217674,0.0241534026217104,0.172150157609829,-0.559909431840401,-1.2315361136398,-0.580853666398763,-0.530371778911468,-0.0939925972606724,0.0628242367957734,-0.379058485704513,0.151694418819646,-0.0556274016424424,-0.600008797733924,-0.122343338472874,0.109578471255595,-0.903236490936946,-0.897174798925362,-0.269609688793268,-0.369468114871824,0.591829660458698,-0.332327572652791,-0.296376941307273,0.111196866495713,0.252016487408112,0.0193320754738376,1.04613554524509,0.338316027158502,-0.16165021690131,-0.25154956821578,-0.365590001794225,-0.963852976093424,-1.07255114950594,-0.485951751383012,-0.303546659666034,-0.175303700978945,0.556221700612256,0.523809350585759,0.271877992032817,0.574856355335657,-0.194771143264176,-0.17017518774222,-0.152892047630824,-0.160965696763343,0.792562751001204,0.55097214635003,-0.00367154386029661,0.222728919671993,-0.364941942368113,-0.569762650618069,-0.610024544527357,-0.730064572418709,-0.543138942221462,0.338191425241099,0.0662697603923712,0.856245331674025,0.439385230301746,-0.188170654248667,0.034054038984905,0.26795143932051,0.324577091949159,-0.366243527621809,-0.0116353987784511,-1.36552028626609,-1.21721277291289,-0.588113068270494,-0.832504874022296,0.102895855095657,0.0178974126867994,-0.0711512843305022,0.481697570681075,0.195931734599907,1.01619562214309,0.569413753939945,0.347374887778067,0.210462104245066,-0.38125041656482,-0.273224749427292,0.180573093762609,0.3992214804492,0.001551378927324,-0.580735344182234,-0.646761342830221,-0.577388065232415,0.673766845220925,0.436406473886598,0.69642574563059,0.52006304887992,0.0545148553734625,-0.600760908927965,-0.33019416868916,-0.391974731636503,0.3595346140147,-0.209298162899844,0.0280188329902176,-0.346360764277777,-0.756413411369642,-0.165006791698398,-1.34736466344962,-0.991271739722595,-0.723436502487791,0.0933120041513423,-0.514376508709439,-0.537228392733318,-0.141276032363455,0.249605370788742,0.275224750935699,-0.698814340758126,-0.344797627187139,-0.41218942334759,0.152938460739294,-0.370221466164892,-0.22661529211263,-0.308407876724607,0.2003227041379,0.312859054286416,1.14716210822682,0.734871247859948,0.385795376638225,0.111428554763963,0.144422707997406,-0.0218654960665927,0.202742577802742,0.370800940571743,-0.186077911538275,0.467269598456058,-0.151953964116788,-0.388059767004324,0.083890206723168,-0.495630046609976,-0.542981415852473,-0.189586931260136,0.385126410486718,0.462181455289966,0.183464545621009,-0.273109369742921,-0.404126189369978,0.295626065144648,0.272633489715348,0.118879177918414,-0.279925795190729,-0.890072067966256,0.288631817952114,0.109130210005244,-0.431916062087137,0.170560440596977,0.5968944379438,0.840451469228099,0.828838048711266,0.636383626708324,-0.241032236397863,0.199854579809461,-0.115761662594188,0.576797443283656,0.411715129483886,-0.649639110802682,-0.451152858444601,0.0195457193320978,-0.908392994456985,-0.547093088100046,-0.581460178668176,-0.382003277855365,0.293461949371769,0.0375356252375168,-0.987227285838042,-0.0148821296896685,0.692712965609479,0.417541988309053,-0.00346404502009756,-0.195732685307607,0.614356174513251,0.234991236958886,-0.310386927801591,-0.479018840943807,-0.444263348353148,-0.614695963809403,-0.923231680246097,-0.908874086755892,0.0187552927263899,-0.141268285395511,-0.405097497903355,-0.0672665620928304,-0.0884323394611625,-0.147736463391179,-0.372837553751303,-0.270363166442611,-0.691931336862037,-0.17801852154348,-1.05483030987206,-0.843906316243161,-0.0352290069428351,0.199002150604134,-0.146942324965725,-0.55905265638435,-0.129052877149745,-0.159604681097365,-0.510002815116142,-0.467534438231966,-0.033417121764361,0.399663866158673,0.206413183821911,-0.0123378630543548,-0.725398495982308,-1.20407594409579,-0.544118970790346,-0.176897156478187,0.220315928752723,-0.125606111281751,-0.204862478705425,-0.191219593652901,-0.708926168920881,-0.0299800593069724,0.223258911941248,0.368173129518298,0.0819192846374377,0.771776159947638,-0.260756595489818,0.20029793235958,0.435783988296755,0.108600988758035,0.167677389464986,0.770612145544682,-0.187708911653597,0.58148445755799,0.110608315572352,-0.274022678538527,-0.138098385554721,-0.379010245507874,0.0995080644335577,-0.202256588439102,0.131693397925213,-0.122354428536854,-0.780640368207526,-0.262631494273448,-0.652672933380372,-0.435688348784292,-0.228384120583695,0.137011782246046,0.85043589909478,0.262962521062689,-0.102785061377018,0.174390603872508,0.211440154900371,-0.86144978460196,-0.703035331183065,-0.447888340166116,-0.085237163412683,0.195636667376675,0.502603551427008,0.5868840026994,0.233031803864295,-0.0487828487057589,-0.790396701371893,-0.264435467243913,0.353279446239569,-0.223107476350691,0.482410697172335,0.517800060484288,0.772506102191957,0.250933795982216,-0.00187527915279834,-0.456150967517603,-0.32757962195332,-0.472539824084632,-0.165957443835256,-0.18507821550624,0.103254376619237,0.450927305917545,0.0535540013696984,0.405205602062365,0.233963119629016,0.319599857347584,0.27188891771805,-0.483053856660444,0.101061304413598,-0.489845312392503,-0.188300668484489,-0.461969303543939,-1.16224887811788,0.88595451456295,0.393685989617411,0.105277763004195,0.075220005335754,0.595939023389348,0.526580397537667,0.162569891502849,0.267677780657305,0.421145464474022,0.189313984304099,0.44974539391337,0.586686534029312,-0.138433877331685,0.258288206316703,0.232971708307922,1.12160290173954,-0.540161902200756,0.178648841474148,0.558275609240856,0.231895463291517,-0.494019932742181,0.388741315670997,-0.0648935607096192,-0.805455517152147,-0.918813493544218,0.165119192929665,-0.452821691586673,0.369595649747161,-0.381747766487491,-0.0631610652161518,0.104535747630929,0.0436538614538037,0.384454035550271,-0.045230220095135,0.316893969874168,-0.0448589500151574,-0.66991425800776,-0.474645708940349,-0.0770013869319943,-0.0504349627627633,0.535205850975236,0.0566285300347961,0.348544701938068,0.0593829263845722,-0.0357267930178618,1.36595103111122,0.642788987196574,-0.619115534264717,-0.207171086844025,0.304630877302744,0.0118932756644088,0.424931002970693,-0.54404527914766,-0.638269342291715,-0.858737899151558,-0.28630350184214,0.559591583912433,-0.117877830181149,-0.0572057835630839,-0.857612040578554,-0.520778610456139,-0.573100686101343,0.253275332968377,-0.517994387063548,-0.177447568915828,-0.690191418695544,-0.929892576525527,-0.487696666561369,-0.570796091548496,-0.0553548324414183,0.169220884788445,0.732653836704133,0.475108010492381,0.103559916283063,-0.0572653895636183,-0.123462718460003,0.0114352987294253,-1.38056026647531,-1.11863214419649,-0.37132965107181,0.0150656892970441,-0.358489857430746,0.222608351849971,-0.385120394607833,0.165873417839445,-0.144581116140583,0.576575585937827,-0.0897046335589759,-0.149631067888531,0.890775644682997,0.835494489089965,0.571698167801731,-0.0812131659011157,-0.373271565652967,-0.0887958670568179,0.470937119607129,0.571340305973941,0.185668464123542,0.245058182350725,-0.0979185426581927,0.209294601164529,0.415293040263259,-0.425992544058218,-0.139469922713258,-0.104170053220054,0.38263965322398,0.124286508842383,-0.181393745137605,0.236022952426699,-0.0796134796974215,-0.720489959360912,-0.732511237944261,-0.778867791377264,-0.802825136996138,-0.262589268862057,0.188911000234092,0.307293706102527,0.417601571600032,0.629525748182363,0.353470150814305,0.340453180134047,0.283724288451132,0.0231199453624505,-0.0107320459357792,-0.615830708613734,-0.568205795209886,0.548166356068607,-0.0695421307717121,-0.103286038051316,-0.392507015668668,0.861744617297964,0.870228107170015,0.435950383034928,0.215777189681256,0.462111550087421,-0.358658493236536,1.01607771559367,0.494936205090602,0.629275099516698,-0.170302401459814,0.460968023936131,-0.417311418832676,-0.399201400173016,0.16130884622378,0.42619871737369,0.452944732066428,0.676367087450191,0.70304479011537,0.425044784363255,-0.464915570047552,-0.00928321126610333,0.606550577448183,0.125833514124627,-1.01565502000303,-1.10391531900803,-0.251542622368228,-0.343385018384398,-0.435907635617041,0.1881472542334,-0.538599171133427,0.435609444501579,0.264472215275292,-0.0997865324084646,-0.94552040040966,-0.755759342230389,0.112702990300576,0.0826131469579272,0.350607630089611,-0.317082240167419,0.12704887530045,0.252613842729774,0.150716590810096,-0.388941581603974,-0.403938575003475,-0.290795811637295,-1.22425892096664,0.0332634258852235,-0.152487109500405,0.186582803898544,-0.0747443689752903,0.0670247350480774,-0.196351932061543,-0.257278889072935,0.187579156756745,0.672157745443045,-0.426470677348535,0.607775138045958,0.398328853066287,-0.0889578017252773,0.272271329312889,-0.336010540380548,-0.209281643240373,0.0503483708608071,0.260497627699942,0.862685773226247,0.923062167291352,0.713609684509407,-0.247927731840804,0.114348439984424,0.142959994089392,0.486556827010791,0.574929421560622,-0.00548226160981651,0.0847698435137405,-0.219901436782304,0.475762254824559,0.165377568583002,0.750600431731198,0.209451796785369,-0.337252912034618,0.235572240420845,0.639553781127399,0.328526239980094,-0.724293705990548,-0.377903142337226,-0.730905602874059,0.227630397412043,0.373205242438705,-0.417233479293193,0.261840993360241,0.415437658608147,0.365964189474132,-0.465246541294533,-0.889120609019574,-1.03201196601918,-0.510962479323442,0.0932511030675633,0.331517582987254,-0.0201285669089034,-0.160016296205891,0.20297178766193,0.198816008461874,0.46897267226625,0.0647147212904284,-0.882867479007677,-0.43335763957018,-0.651320848896338,-0.219161677437597,0.770872463527871,0.222113129237395,0.00497593471491295,0.266254620800384,-0.522549723096256,0.0581501234182243,-0.484092959204603,-0.801345112952158,-0.257032984598749,0.756374296612281,0.251559791660421,0.0138990819229803,0.203948506325148,0.454995776935382,-0.0152925045035737,-0.0213069962132917,-0.329554736717002,0.131791721658938,0.800405651647937,0.448945484855248,0.369720636445618,0.835724113910373,0.0849419187852662,-0.676623132924782,-0.355807171725186,-0.20773896757208,0.126242474909098,0.406215671512451,0.93049505341491,1.0283856393045,0.70266430629113,-0.183028882434958,1.0557266482432,1.15833019668666,0.548879929427171,0.713761043071388,-0.245905395092524,-0.611464947365307,-0.583005809974191,-0.0208271453313556,0.127380886846446,0.290560140372203,0.213053961577894,0.0879700008817364
0.248223536944919,0.183633034217346,0.0010501226030119,-0.146931391740865,0.11319693472454,-0.115606401667798,0.178620442899325,-0.00260048633768097,-0.291116460885842,0.223479067704601,0.1469409465784,-0.14540439733349,-0.306946314375479,-0.168399289220379,-0.428184684028573,-0.193340965264051,0.240003939171956,-0.0338040213927776,-0.405657104742949,0.0461325452074672,0.132704710708073,0.0832393807099087,-0.457380522589243,0.0137025384524155,-0.366238943411193,-0.163416447563246,-0.0901261682898579,-0.17086692166623,-0.547515900573688,-0.411043889950874,-0.347426412911832,0.273422835751173,0.344160126335168,-0.017518598239569,-0.0312543289365854,-0.0982769380826576,-0.49908740975142,-0.365566155434132,-0.469307357387614,-0.198140527806198,-0.132707163504345,-0.17181286310024,0.162534751123748,-0.311243160347191,-0.186298719851615,-0.167624958585857,-0.665989483342146,-0.298479901501312,0.101616326650713,0.146758932878156,-0.308778408730179,0.121659632364431,0.0404248862832725,0.170206060803666,-0.21003784168946,-0.329988450252808,-0.435692421117266,-0.529685184710127,-0.146579773639011,-0.348637866781047,-0.576730472778961,0.00140564403731097,-0.0913014304867221,-0.0572225640712241,-0.13701895077262,-0.437583738668561,-0.0241737400332598,0.0482759960044395,0.0716527420575445,0.054554425341195,0.0263104112090574,0.31085177332653,-0.461200011994009,0.0740610866226173,0.0380262304418822,-0.194062720442297,0.0546379966699614,0.166905096585837,0.0426150687943485,-0.0163574856481474,-0.0264758884931307,-0.0885526381035075,-0.131273423542343,-0.0689689596351531,0.120683918091386,0.129298485617658,0.294686994599249,0.227857751198795,-0.0457513983467494,0.182621868978499,-0.445097970259709,-0.0819227735315263,0.0648875650187844,0.414196662406146,0.233841617174725,0.117753779449339,-0.00584564813304576,0.356658044991246,0.312893358267158,-0.288379486427481,-0.0956713993764009,0.110505800614321,0.258807860090912,0.112807070838717,0.0600733102736134,-0.291956089848237,-0.418477207450156,-0.267943127129561,-0.213988315911253,-0.277174552376223,0.123097861737983,0.384373735770754,0.0247478232135353,-0.127004828992298,-0.0791795717916918,0.499367825675629,0.430604466276067,0.0745144340602558,0.0780862485047376,0.454939588007595,0.488031410996049,0.00917957952060421,-0.20098058728013,-0.227416544698636,0.0960868748675862,0.149284704199217,0.119085322981205,0.112814359040233,0.235773558851251,-0.191373784130881,-0.350304614731123,0.151605712708067,-0.0740680638882472,0.195795893481179,-0.00730026320184453,0.114925490971587,0.100992802826032,0.0499379878399663,-0.143010252076019,-0.126658685344766,-0.278984808256012,-0.696989739979413,-0.414678867959261,-0.0311629245718279,0.214033736612116,-0.252985411131598,-0.149334647188554,-0.0799902699141979,-0.132831349527381,-0.236221993261915,-0.26001710788858,-0.0829420674676846,-0.254579952445172,-0.228376516257302,0.148449928118592,0.357885977550914,-0.158368773384571,-0.132944829555676,0.051932574589783,-0.063021930397747,-0.0533560559952489,-0.149837624284091,-0.272711134592178,0.0645096410653731,-0.0704568149894278,-0.074055714224813,0.00807458061073822,-0.286890490665556,0.133782894033743,0.409556457435398,0.331146035944753,0.270958437552726,0.275045713741006,0.442036084777998,0.391905077003107,0.0453578475736417,0.27986771391765,0.0763843890536165,-0.196119552845221,-0.0151097828843884,0.0425741372342828,0.107440000001182,0.161607116737079,-0.29331104985099,-0.0134392236680186,0.0992565375280733,0.0956704519937653,0.162242367969266,0.534251323727162,0.156625374302124,0.387565106295037,-0.141261119618607,0.022505519434607,0.470144927593601,0.278947983058888,-0.243074028550067,-0.032966729759581,-0.270567506814174,0.318465128950312,-0.0423470701352598,-0.142019747661028,0.023010759030048,-0.342449760257816,-0.143025748641171,0.281394992471454,0.275559539020626,0.292437784507748,0.376782303779944,0.049215405235192,-0.0634335697792707,0.213225585131089,-0.402819302175357,-0.88279936636203,-0.225983423224273,-0.234510503178187,-0.0902632240991247,-0.117027609716362,-0.263561869136611,0.158104498873815,0.0450724163215795,-0.306931384887698,-0.194666934284819,-0.175274401113361,-0.362808720431801,-0.427323148443933,-0.204837394906372,-0.178802115599994,0.288907994692982,-0.148344695293635,-0.0613015780671489,0.199127902809191,0.26199337402888,0.0540164022652557,0.50650689689508,0.0511322021060652,0.00539283094215307,-0.0476836647083211,0.0434280532006477,-0.440429336302008,-0.38032463281811,-0.335254516029089,-0.215097874333957,-0.0474675695308181,0.199653499296156,0.434887607928485,0.0839712008770929,0.468755072081323,-0.119688393984742,0.0412587538719339,-0.130233381529968,-0.112511802044345,0.378749001135988,0.264172240041965,0.00930066265013854,-0.0552143993831517,-0.318916895286035,-0.221975815732991,-0.411785653345919,-0.414752328065631,-0.227535696147639,0.324507713284522,0.0262096601103532,0.31119898715521,0.100184485631133,0.0352916532149875,-0.0391013304973495,0.135706712417835,0.125828452185267,-0.308425680690142,-0.0324089536795834,-0.593050358637394,-0.521969156993525,-0.107589353174494,-0.505688677443453,-0.0479500284172081,-0.0718297979425142,-0.0327853921092927,0.35435998323272,0.0246297131176345,0.422549224592266,0.377515318025626,0.218951703189389,0.142713707563928,-0.27330805293273,-0.132907901401257,0.0541971979581111,0.198416320915006,0.15989160471797,-0.415367493034826,-0.224881932962349,-0.314681841279978,0.215389249544058,0.254450047397663,0.190349305636072,0.264959973551894,0.109612274029183,-0.316706707815043,-0.153899576762765,-0.110906491534598,0.140241751081895,0.02118206778316,-0.0606017742255466,-0.25902878102371,-0.404284499834501,-0.164307676389437,-0.698186061284509,-0.174029230375061,-0.294387676288027,0.00362407182039928,-0.0454770654978271,-0.256395237684132,-0.0245655106187434,-0.0256362773801416,0.155101481083729,-0.313700498439427,-0.17662633501355,-0.260458871057792,-0.00151631181148323,0.00441903330050496,-0.0830117448683512,0.000605824278848227,0.152401846585779,0.220453142424899,0.435203862899012,0.412960510550139,0.202528613203467,-0.0324154303121913,0.00422986802298636,-0.0368227372184925,-0.117961299328344,-0.00497501645064999,-0.108163407757781,0.465683669038338,-0.0225533736778807,-0.186972840376711,-0.0748139566981769,-0.0888539343523854,-0.319706248205317,-0.178963345947126,0.317748294177354,0.298836830138372,-0.0104866679530814,-0.0223770582057952,-0.185591120708226,-0.0620051554792202,0.0415551467814099,0.274966039874315,-0.187743023924999,-0.394899008239071,0.221031303071406,0.307002979627633,-0.115548310361987,0.298892208945069,0.163591523772367,0.501165173636498,0.425837895864901,0.383146907286832,-0.269296935214765,0.110131582077255,-0.026800755677809,0.361606599828206,0.233422158522178,-0.363358718084015,-0.275722926882001,-0.0641882100082297,-0.533918869002881,-0.200361732181689,-0.288686890425277,-0.145844741775362,-0.0586025224469001,-0.118390056700274,-0.393460984350649,-0.0136437326437225,0.36446664587927,0.342338733745355,0.0443280202615667,-0.347535897244315,0.458748369225109,0.28575090593771,-0.16047755261255,-0.0341622867792726,-0.223464221393665,-0.286556552157764,-0.662722859315112,-0.441694769091328,-0.00499113846892549,-0.0928199631635835,-0.123303934317806,-0.0244850734392672,-0.0908569267189563,-0.141592720078354,-0.115194520937191,0.0787199762541513,-0.347978707068398,-0.119094041707762,-0.335366521542295,-0.276530393605399,-0.0188670126792989,0.265007157718079,-0.177699283897212,-0.143196507388366,-0.219165280879838,0.0351931844932803,0.0101295653027191,-0.376142881410309,-0.0722147405378796,0.264356017171481,0.194738823157163,0.1157703129558,-0.292632358877954,-0.568713797005687,-0.442290759675547,-0.0974170101420427,0.132850423734337,-0.0417491312055941,-0.185270787958242,-0.0214553493098528,-0.102066954000773,-0.0212841501480403,0.0152106935303429,0.126318258667277,0.0412938672750812,0.225900158287481,-0.140810557478411,-0.0300106650447431,0.238633839494189,0.0295265359153839,0.24831397494505,0.318937243990524,-0.00342436518813604,0.215774042577162,0.0319371176412188,-0.10176822470197,-0.303434879604944,-0.257157504764846,0.0789246880891991,-0.135128842070368,0.0788413275898368,0.0253554942590039,-0.609742381592492,-0.0124107852105349,-0.200002630451915,-0.221505924487245,-0.0754762640687874,0.0916477013244926,0.320226614013007,0.126769489644126,-0.108671221687899,0.139912598523065,0.110305344032773,-0.391973003469358,-0.224284975549727,-0.213775503951437,-0.170984138795308,0.230342227732858,0.243379219674297,0.278130928511698,0.0811823322945245,-0.0649790507473203,-0.224757104443691,-0.102100496349485,0.130321651224502,-0.179564276066217,0.0941606568385255,0.299090766445481,0.496955962820556,0.221162485975972,0.0298264587034427,-0.151844379652587,-0.239293177604551,-0.176731257041738,-0.0227474084869399,-0.00344762861133191,-0.019520616533796,0.364683902528214,-0.14987689684174,0.222267400705742,0.0853876674681735,0.0820023315040615,0.218120987798553,-0.293032173185096,-0.043559642375,-0.0443781187534564,-0.237192169727133,-0.302611787799954,-0.639358101327356,0.423786124104455,0.0758009786918344,-0.0676976339167831,0.0090193216292463,0.208351496342841,0.340547360803135,0.15164195919105,0.240287295356183,0.265465789164165,0.133538797497509,0.111999312399321,0.383542025592002,-0.170303526793968,0.0808308410888712,0.14780386897437,0.523741626851989,-0.0654851129246651,-0.0429047256924743,0.147831929253893,0.161263512225059,-0.217102678123245,0.206193884620082,-0.00418459298906283,-0.336944413665064,-0.358698228261752,-0.0311789545218958,-0.464493688701784,0.0927977647432716,-0.100877467713321,-0.136812493321198,0.0263667417016377,-0.0866824322894077,0.0530747446511523,-0.0114636447900394,0.157541659298157,-0.0873589528170226,-0.183978537299213,-0.385712253622901,0.0113949633725397,-0.022932419386783,0.183581822217519,-0.0741203455863181,0.0144824468305517,-0.0611527171787304,0.114181926730921,0.736502337077353,0.105495479165812,-0.229394021347693,-0.166244696421964,0.433885961819377,-0.0596033330283782,0.0408942100727395,-0.206779312009205,-0.294106428598326,-0.424472935694463,-0.00370110462257396,0.21174883067622,0.0394318827101934,-0.0391605044803638,-0.247321229303134,-0.239183970248767,-0.36795340430732,0.0819062188281241,-0.348828676285534,-0.15282296572268,-0.148081000579278,-0.410972765207078,-0.306655746317187,-0.28046633525328,-0.0747292277415232,0.077277428128708,0.376419318372966,0.506484976361877,0.0247949906211337,-0.0388590364645414,0.00828784325415952,-0.00623198298820024,-0.71911786526221,-0.439815650111963,-0.0462813974840755,-0.0423338305559817,-0.102462143924516,0.190573241841761,-0.106931422566045,0.234376594148832,-0.164624192282651,0.221435355283211,-0.110727819588113,-0.139579512673867,0.410169138658678,0.337604854374826,0.344458718419611,-0.0881803732769866,-0.161830940561633,0.113280884372154,0.154912826046276,0.247949673415636,-0.00788394836795071,0.149141446529487,-0.179705907776262,0.000772164297683536,0.197829116681735,-0.110907566920844,0.128759696288979,-0.0334145716464973,0.0511293283129443,-0.137940643828451,-0.154730167547421,-0.121627848912676,-0.262190074264555,-0.335590505115935,-0.267190066033925,-0.281798466126062,-0.402412518479527,-0.0597231691046156,0.102472993153635,-0.0682436178642474,0.297967134515558,0.0511306378561836,0.140646345192199,0.00232582286133891,0.0558761494155075,-0.0557138826345047,-0.00356743658058018,-0.258708223328315,-0.170583218545105,0.315941437254181,-0.0889551982442765,-0.0264186515202657,-0.0932973825107299,0.404237590545215,0.408014642973456,-0.225507659208295,0.13217712040948,0.261760819738527,-0.20697847972668,0.523953270110435,0.158248907214279,0.373535294314405,-0.0283429522296436,0.128991627987272,-0.211604363028529,-0.0154511365942078,-0.129209362879739,0.0769744419683751,0.2346552906514,0.39851539400107,0.635724735699682,0.330701611040431,-0.319100656490125,0.110873539830302,0.35145480550118,-0.0144537509114708,-0.403626328149134,-0.475290384325556,-0.108987797835772,-0.111415331626875,-0.171065713321958,-0.0537830791914758,-0.111472869383243,0.0309547995680197,0.150807087721605,0.136607975688632,-0.518426939508807,-0.649110914846329,0.218917796717158,0.0431103790177832,0.080993440247679,-0.111364000723998,-0.114811615379873,0.19297680926233,0.0384275878161723,-0.0754293890242025,-0.20606774646062,-0.0384133163575607,-0.669091119094559,-0.0357270732376072,-0.17489947132266,0.156491055648379,0.0671379124321982,0.061627639121106,-0.0607337308194563,-0.102175300773255,0.0973352183968777,0.456346615352718,-0.181139483915127,0.26368192572186,0.159769678232163,-0.0333080938363745,-0.0368949198001118,-0.133101317046472,-0.237441019343147,-0.0274793833206477,0.13773134157256,0.330709461007819,0.277853941345312,0.26231524401242,-0.12526352170685,0.325285187018415,0.0915351457154467,0.0036209616316745,0.24735470396992,0.0266308069830519,-0.0320674451958751,-0.166964878555245,0.156498570157204,-0.044581854511902,0.244195252345811,0.142486281917474,-0.12873905266128,0.00533838284289827,0.321580396064111,0.073127999302335,-0.291196858068981,-0.246460327356858,-0.322743361483977,0.0485911590753565,-0.00802022462333851,-0.112382491757949,0.0875375503319255,-0.00455210948823831,0.316318450429627,-0.337708389780068,-0.63813745725152,-0.556290051857868,-0.192513485116258,-0.0306408170505504,0.265746820017588,-0.0315180998259818,0.0338735502029784,0.120782598048527,0.421254283691028,0.270712297289093,-0.234498814382313,-0.493267736652761,-0.205876229760334,-0.386459767170804,-0.115480965894662,0.458969226745074,0.0422285989021911,0.0773616687797822,0.0657903523709129,-0.244274915676449,0.0698887329565734,-0.148268625472907,-0.26167107186822,-0.216220943967116,0.342077236619334,0.137994386189199,-0.192510738952687,0.252437624413914,0.25252518426558,0.0302810991236724,0.0856608397800191,-0.255284973508237,0.248755276280243,0.365938788455752,0.14521554528711,0.0696295427231202,0.448848086494742,0.193260972959754,-0.234219341494935,-0.0803757932954262,0.0970551800743822,-0.0899286407543808,0.104265040606514,0.498865383844697,0.497067554296307,0.320214341909319,-0.109914649311786,0.326344955897485,0.69563858962006,0.261646453645165,0.465422691201931,-0.17463982419518,-0.247891907655469,-0.287520440598156,0.195273276529321,0.0927092084338959,0.121405332341218,0.128611235774262,-0.0629411145486444
0.209419385958007,-0.0289948833356541,0.118572487407076,-0.333516157205385,0.2929629012426,-0.102046436463229,0.19247270344363,-0.0194026266502342,-0.193724367777039,0.312686170060257,0.109993835823091,0.0946079230379841,-0.0408733197936814,-0.163420821025443,-0.491661348598796,-0.202776692482212,0.165546239492716,0.206931665040588,-0.226138010874558,0.116033944183551,0.117245707018129,-0.0333162511112089,-0.0352747324949501,-0.115156650707413,-0.279855202950387,-0.310592900191906,-0.241006170129846,-0.32196509407482,-0.875074228952602,-0.130847579941765,-0.329970512939491,0.471521955197291,0.535106587344818,0.074088767802218,0.227254662459871,-0.0596172305053231,-0.700593718018148,-0.131638636922444,-0.287605315983634,-0.401420745925893,-0.201905071835732,-0.182118115684872,0.335904472507386,0.0427527282144415,-0.399138314699264,-0.0969724176946449,-0.672221599146313,-0.189784773602482,0.104475598508317,0.190403384623191,-0.240930910293061,0.0852088726579217,0.0837390941841589,0.289137441592041,0.010373157148476,-0.304227704121664,-0.247220306985569,-0.370169489939426,-0.248454592435097,-0.0895441115503846,-0.474158279652969,-0.198638943757737,-0.182252463750802,0.294171049658088,0.0843427780147237,-0.425519056393002,0.0652049172553794,-0.0495620317611192,0.0195664667122753,0.0363781081042866,0.0320205852880056,0.157880095565467,-0.177560221932196,-0.148155714456962,0.179810741381026,-0.0930208056710678,0.187278247585335,0.314895287745643,-0.0521335940125619,0.0776302997166016,0.0239877989101828,-0.172567996515875,0.0613563233187346,-0.141943725039112,0.125585408138676,0.092431603702006,0.366451140049452,0.172700861239981,-0.0899770475650823,-0.0116012685479849,-0.762749934355518,-0.146999828939186,0.113270574143406,0.451127622310681,0.0424027474869577,0.0755368337049707,-0.024618268103925,0.37560790310621,0.285034766240059,-0.103017414848796,-0.0104396708440449,-0.152866657786093,0.341293168045171,0.115434435621077,-0.0030943206022108,-0.456707546543586,-0.276988994136728,-0.396509747450548,-0.235912695686007,-0.217472202412845,0.456316115507557,0.398642163881413,-0.131538297880422,-0.0913767150132277,0.0982038341318007,0.446292277309335,0.460715375606361,0.179689241572605,0.34184752747183,0.335867045767167,0.336059091047919,-0.0110616519092626,-0.249429462171391,-0.171923842536256,-0.0588879356355994,0.14340340556688,0.091289379390553,0.0669670181331496,-0.0109095384989434,0.0362580356382308,-0.482345872303958,0.245251988542634,-0.0678621213064639,0.267865756444674,0.071880215145282,0.140639189788815,0.0793620357601189,0.0341240517637193,-0.0814738489731534,-0.237786722478402,-0.239136547184041,-0.63114609156982,-0.500620595126557,0.0240607178037169,0.296081762944406,-0.161717492239758,-0.232405819097802,-0.116891155822523,-0.119222831558415,-0.260863048141316,-0.147030168348612,-0.036852972927854,-0.324190651152698,0.0149742354230293,-0.0231172491949966,0.264699617123505,0.0360080462590079,0.117358284319941,0.0419033543451076,-0.218546703829234,-0.0315491438789406,-0.177722337903105,-0.251301274512906,0.175357232017977,-0.0898087249279002,-0.0574858137801398,0.256419401723017,-0.350745801246901,-0.0202697271354973,0.389714360990984,0.148571272084828,0.51437535505964,0.18162331033738,0.267724605701607,0.395809075807639,-0.0304136675905604,0.165235102142333,-0.0781666447023053,0.0623898901673233,-0.0906633582368256,-0.0179323854034375,0.115232426843021,0.0456999436861553,-0.0144231700593364,-0.106140126213492,0.0104268337587076,0.0140821092159069,-0.013009590262225,0.498892951387854,0.278580929815726,0.344085854794717,0.0916781808630922,0.143827845231147,0.455940992459193,0.253102879750369,-0.201924106367614,0.000828484154967467,-0.139892709423525,0.352570350977636,-0.113835305473968,-0.0441327184264241,0.0891638121738871,-0.208737164137419,0.0512465213990479,0.361570709139537,0.235021777842867,0.231365986554902,0.452926473644522,0.124368894589993,0.00404171007609412,0.0135971251922718,-0.366730630435436,-0.536330015333865,-0.404503881829933,-0.284189457571284,-0.0913444996738604,-0.0117066282925271,-0.191748730880241,-0.0227171642188709,-0.0926786536197428,-0.107090182720427,-0.147198775552945,-0.106813228664722,-0.314171333177638,-0.464823417004417,-0.124273461105337,-0.1794540268044,0.218053340878836,-0.0894246673384758,-0.0735194851713738,0.145668087805519,0.142633131925853,-0.0915671183701181,0.714224554077434,0.120774504933546,-0.130955280252362,-0.280412359693992,-0.215077929779706,-0.475287275321676,-0.327928451924277,-0.367273100708026,-0.189109903676381,-0.162135486991118,0.257596490950821,0.169350386341098,0.156764088594614,0.37464276750979,-0.224371295110949,-0.122691639024498,-0.0369075526913751,-0.0535794735710279,0.279936016915137,0.0460408502092842,0.0528518449344498,0.247960991076376,-0.408852452301022,-0.201120602128974,-0.310298804295756,-0.547052872138894,-0.269908880770076,0.314864344785216,-0.0890685680374755,0.423859169110327,0.263782525936281,-0.169016107362013,-0.0253639460506339,0.0232045487168707,0.210826702059276,-0.15913959580565,-0.198944295535237,-0.485491622000939,-0.586908601473207,-0.327209730679892,-0.480148304300413,0.135047219022643,-0.07850211464948,0.177285295737598,0.290489739922185,0.327392563437121,0.306282214250996,0.286269780770656,0.172277420800482,0.0138890057780578,-0.192935593343944,-0.186620434219887,0.0201618993246342,0.0971724873784972,0.0685850378360693,-0.292061709634337,-0.518968564683735,-0.447368841572454,0.27990189881535,0.439388059644315,0.362581897233356,0.387111095832449,0.127150625689269,-0.231946051833503,-0.0374820905659227,-0.0164581934687296,0.297212791491308,-0.187393979453121,0.285122472585507,-0.313334707144674,-0.304174429766679,-0.150575846599013,-0.689013922549983,-0.439610769252184,-0.399369281641581,0.160692629943201,-0.36071203702395,-0.163001180439233,0.128378971817605,0.0715646928117952,0.00989521891320344,-0.347211977490198,-0.249914744724262,-0.511692268295498,-0.0449324462390011,-0.0731112982403611,-0.0416330065488043,-0.205115411264011,0.213781828519563,0.207740476508645,0.602601638372333,0.488798482387707,0.150696129917849,0.149136378015033,-0.135395591862284,-0.0776373056534521,0.0546347616703822,0.211733061660887,0.00191309700426759,0.188530823403355,-0.167879263560077,-0.12644048683246,-0.0175668019282464,-0.315688679676709,-0.180005825092329,-0.283041326457729,0.250779668631895,0.455032442459327,0.0661382899768352,-0.100500687996192,-0.337108409411545,0.153877670169338,0.255048975597499,-0.0208438971063341,-0.185135472523563,-0.184798742449861,0.059691864448827,-0.026914522009956,-0.217879798196872,0.232049925771792,0.21049152191321,0.428814682791944,0.557895455206042,0.454368350059321,-0.0647565668649656,0.0119168607683493,-0.141474716496639,0.330208971727864,0.221742478639675,-0.382695706096934,-0.331485791556706,-0.0669546742714275,-0.289202631767031,-0.35760059957918,-0.305074003436641,-0.313583081076547,0.2999037148372,-0.143077611583273,-0.383740597695135,-0.0599856658893318,0.112278425861299,0.242679905960091,-0.0439650966949376,-0.11446065145813,0.366635655040142,0.0513462570118716,-0.109277467860639,-0.315125791573724,-0.302091810606892,-0.236125623462074,-0.488590840913185,-0.459170606414226,-0.00551542108415953,-0.0560882699068468,-0.182849853840052,0.0765564836190094,-0.048136751890663,-0.0186679670499613,-0.0777405076504543,-0.256998729008837,-0.389250813701446,-0.0879423722814205,-0.447450366308582,-0.490148029718643,-0.0758753661774676,0.115161902384329,0.0665064649192918,-0.114313577669953,-0.395021695626415,0.00372854714700225,-0.294558055818678,-0.0941152998712256,0.0163685224242315,0.31889210614633,0.237358752599997,-0.0922320669559599,-0.217573370406628,-0.52962534300611,-0.217204911258089,-0.149419610467609,0.119750869382805,-0.0785524979361489,-0.0266100296667533,0.0234675474357887,-0.0733956791477426,-0.0891645062661715,0.000176835448918444,0.23353585033359,0.0299289633230002,0.408585931180644,0.105126556717762,-0.00657544435020098,0.115742440399712,0.28179366446535,0.161274986686617,0.326316041789582,-0.261596572635482,0.263873311184262,-0.0427064765468273,-0.0449035621931587,-0.180565810488263,-0.0401713779415794,-0.0103471537304555,-0.257417638670936,0.323194488361152,0.0765117787172519,-0.35502953605555,-0.12786674742061,-0.323419059920858,-0.301739536484749,-0.134450283191039,0.10064907082022,0.326746345136899,0.262759346941777,-0.0914002180169872,0.0179019114722388,0.118438414951076,-0.195148408323374,-0.247793668439425,-0.145513042781273,0.0307257950464326,0.17566688255821,0.128776222932932,0.235315634657194,0.24150898666401,-0.0709364852939519,-0.353410379650387,-0.0470005873777349,0.0186699792823836,-0.0440525070599119,0.000369280840907607,0.338812247967583,0.293929829713646,-0.0145227821299139,-0.0349281579370893,-0.221016903167246,-0.228225607332557,-0.0565435556723995,-0.0554796687175806,-0.139971549552412,-0.00292074234283826,0.279717505273452,-0.0611153546425645,-0.0187179551588645,0.136967719674655,0.0986191664691386,0.226292004826696,-0.353441054741229,0.204904919622066,-0.0696052142714879,-0.204926145236033,-0.407708688956775,-0.579987142480645,0.4360297139655,0.312183973738042,0.170568602637112,-0.200899966843685,0.253786979364103,0.357580238058781,0.0883102526887727,0.132576449735914,0.323069698683365,-0.0381304803964126,0.271430063870263,0.159305463988492,-0.179748475832991,0.236444588769167,-0.0369444012520931,0.589720673578211,-0.246394464698088,-0.133338017430758,0.261219014274692,0.0851760789574927,-0.243579370461821,0.103480872566672,-0.136416493725674,-0.314080580667492,-0.357160431526667,0.217379257192903,-0.151802254341029,0.262662101951472,-0.374161675559074,0.0851004026094187,0.0992895565282054,-0.129409501915114,0.0910638213096431,0.0190328594687624,0.263032682745716,0.0561607537244004,-0.324043803179187,-0.39803294216963,-0.0336140096216291,0.0208618077026864,0.381168476970135,-0.0604703600572251,0.0664165452890233,0.0552631871892733,-0.0269143463904992,0.768199821518414,0.0726564098550174,-0.136906503037993,-0.280821765092243,0.294991257799187,-0.0238599833139145,0.250164823594451,-0.277411321875215,-0.370009428819963,-0.425758939872436,-0.0176320543651382,0.244184772175344,0.0484237456893999,-0.0839627238818515,-0.231495148518679,-0.425607297307924,-0.319416329651278,-0.026883877455241,-0.0428224004594915,-0.277184807748628,-0.345789135547709,-0.460000867249514,-0.167087948565422,-0.305655326648659,-0.203530805864537,-0.0502942267011771,0.328118283262515,0.159459659409417,0.153353027566187,-0.1782494407175,-0.0983360153604871,0.0181998145376085,-0.809570563590414,-0.426994396218265,-0.404667874853572,-0.0575283840228457,-0.142642744134773,0.22458939182464,-0.0606215048294345,-0.0327028786710538,-0.153892919848886,0.256241115568473,-0.0527375732093653,-0.17881332949804,0.36871625141819,0.418265453599204,0.295436959210477,0.076472326133475,-0.13198718778983,-0.0332788310237461,0.304850697532966,0.11145310169279,-0.0291764797201045,0.084908985192666,-0.31785057017048,0.196324909321382,0.215363337713394,-0.0339468071727331,-0.0302314308204259,0.0589972046446711,0.0120832274327532,0.00523406171477202,-0.21533203803725,0.0519493728219833,-0.238841482001824,-0.264939150414757,-0.321367498703395,-0.356101876228916,-0.27719490857561,-0.291647493438968,0.0973324555789471,0.135874769772857,6.08926991413905e-05,0.423363034555601,0.0776307042443393,0.013533661301338,-0.000215902820343214,-0.139501846167817,0.0789052240566894,-0.383124039984336,-0.117260977717991,0.159453566928866,-0.164004632890763,-0.279257051000721,-0.0894407104961479,0.259550544075854,0.481492580641246,0.233734441714011,0.158863118402873,0.27247864952825,0.0165494655409048,0.558280231284229,0.109453553782357,0.226669371511044,-0.0244853487156268,0.114129931294367,-0.372770794409239,-0.150430829316063,0.164857776127049,-0.00991358092834138,0.276586996978123,0.310926174859648,0.421519271809888,0.196451760452792,-0.316085789744794,0.0103144939352744,0.20239174436901,-0.10401254908265,-0.414376924719938,-0.638144117332376,-0.0898052251122546,-0.0554388743861777,-0.433346795159183,0.265311828402753,0.00825263354253811,0.173636242801975,0.342166693121039,-0.105192952474495,-0.372044259974685,-0.629042834609601,0.0565013568856495,-0.0670412891115252,0.150517060102573,0.0910535074333648,0.0771131237597307,0.28550202344684,0.019247031799784,-0.227929089152027,-0.212891963547241,-0.241642978499496,-0.626414199917079,-0.084803786237202,-0.0108024986232734,0.142785033361504,-0.0182681631488109,-0.0654056414040928,-0.143579743156059,-0.314831929040789,0.200923089501358,0.4354861633184,-0.240920522428962,0.178682767859655,0.145680151628054,0.28239319965862,0.133986009859237,-0.215917383499151,-0.0803132412881599,0.085631315390325,0.282050220998222,0.386185677065672,0.336238357120422,0.357436236559163,-0.0459523600298617,0.067665397009249,0.0141405290394772,0.259644957825124,0.113869207981716,-0.018351331024071,0.00216612011775093,-0.056775568250136,0.291143359102262,0.0400432195934512,0.365970065085378,0.207550913580576,-0.04961759955495,0.127535156481107,0.473834102551013,0.163040879317268,-0.435515720274177,-0.229358423272557,-0.353172991355603,0.161252071758137,0.210621833206648,-0.0794864174530514,0.0491081758112621,0.243239065383026,0.0515186976060476,-0.294294643137802,-0.465685784252137,-0.521245966264199,-0.273641042208234,-0.0613334582699632,0.35127279423991,-0.0806274283953778,0.0450738909999379,0.195285766000295,0.0286768888383605,0.172927535206703,-0.100485944334981,-0.465834705852305,-0.139365668142505,-0.360067071766319,-0.334605941552064,0.412169576548536,-0.0352878178262698,0.0636415788994393,0.196869329791192,-0.225864904430623,-0.0465817026902791,-0.0843870808401075,-0.440579748229527,-0.0168848101396162,0.27587944246843,0.180905508225601,-0.01009366703615,0.14333274477291,0.073955674836641,0.329247244655118,0.171111085009138,-0.108418931436961,0.124611087533727,0.360737671712013,0.253773616988371,0.0543196912846834,0.239179293932711,0.0221717679642462,-0.349274028027817,-0.0390396248926458,-0.0232703053828007,-0.0732994975434808,0.262489634811974,0.522163030757501,0.43527464197698,0.558070213518979,0.0273723834994237,0.474576572704722,0.751285668631562,0.339416103205282,0.196564764688709,-0.224742113560919,-0.326262232810338,-0.352362383674845,0.175806470375072,0.190062452225434,0.29789844565876,0.0350521487371065,0.0270032906334594
-0.118989120651729,-0.13060846781736,-0.131373262726797,0.04235180628453,-0.0683285931882861,-0.133525965272495,0.092757129540823,-0.0676834550115442,0.0973998088420639,0.0126896808159507,0.0155965816866074,0.0977152650075449,0.0829892328370475,0.0297652375158394,0.16974973117226,0.0520364694436667,0.14566123163321,0.0973199837660895,0.01086252510605,-0.0632941932760117,-0.000213584291027035,-0.141891473302719,-0.00398292935430183,-0.0199404445686358,0.0266254534323004,0.12251369183976,0.021634288945744,-0.0300709237463474,-0.0178696966001336,-0.0815468221103753,-0.104546630382263,-0.0229352070489894,-0.0866331010309062,-0.0530437013210906,-0.0138261821769074,0.0310554899241812,0.0609393718728276,0.0292855780825973,0.13168315714594,0.0196779997020569,-0.11220745019007,-0.154494199259478,-0.090936270502931,-0.118474127703248,0.0119125177120592,0.121099746666903,0.0778069806313491,0.161716795849098,-0.0688782946210096,0.00994597648809704,0.10759532445053,-0.141727422025881,-0.121699799818944,-0.0776924884450207,-0.0654712255941535,-0.156020966155029,0.00871002617372135,0.108114860486172,0.0838262923190328,-0.00455388058258456,0.044397503747483,-0.0359945835018098,0.138915494934835,-0.023115071095463,0.0156897677354927,0.25229383749138,-0.00971118977667058,-0.0999620059029271,0.0994810278162442,0.0620153426646503,0.053060447056128,-0.0924162421002963,-0.05812905820413,-0.0785948281414569,0.106194548954576,-0.102960350641289,-0.0603535044135231,0.0706130373384078,0.00856898647376846,-0.0962167011879842,0.150877904959337,0.0919503377710025,0.148650933854544,-0.0256118105510298,-0.0143877365216712,-0.0799287329464368,0.00309869932616575,-0.0658601347631186,0.00486425439008813,-0.112157535234359,-0.0558353580758388,0.0623677320959534,-0.00284929764789056,-0.187261940075086,-0.0296504651545485,-0.0341465402151594,0.0746835318749264,0.052642793415815,-0.0499542053668845,0.049698764505226,-0.0842268627183266,-0.0503985692102257,-0.015237081396934,0.000443706209424789,0.121953523704436,0.226301538355051,-0.0871548128421122,0.255251192709344,0.0429341640577724,0.0125977299162131,-0.137882825320216,-0.095867994167102,0.0452345417986516,0.104424811691924,0.140343082669914,0.0526630404254336,-0.053486181898827,-0.0151169876774692,-0.0589428242512173,-0.129610999740211,0.0294800362041801,-0.248882621037743,0.0711225847006749,0.18511300323037,-0.155128201955123,0.0961507547297522,-0.075073933956137,-0.0658516913518953,-0.0915182311976032,0.23455816036135,0.120553284464218,0.0769263435367164,0.0786561958625266,-0.104950739276114,-0.0828493809327082,0.0854846871388183,-0.0634617075565544,-0.211011819558437,0.0957371502630743,0.0935502172805657,0.0287424213174604,-0.0317792100814151,-0.00828703235269522,-0.066005714223141,-0.232646978720765,0.0549754570190079,0.136058939905972,-0.104229779963481,0.0432402505482047,0.173836839977435,0.0939669213439034,0.0293842843539023,-0.0760655793681708,-0.113003883033649,-0.0586462684380885,-0.11232998648496,-0.126847010178491,0.00164190462310379,0.123695578406571,-0.0831619042731484,0.0870579765320962,-0.000910361869953046,-0.00281123039577389,0.0471521201498899,0.0402507083161242,-0.112035715577432,-0.0991693188064407,0.0535893843329331,0.171180764218137,0.236848360257506,0.0287207287876526,0.0667526253592634,-0.0607956173706821,-0.0761343163911599,0.0800802195408155,0.220044292579063,0.0717830761576318,0.169603969550108,-0.00257867439443102,0.0135535557802373,-0.0401200525642553,-0.0161190603163224,0.207391817831739,-0.0274064989841765,0.0303494949483323,-0.0625148967822985,-0.0763582526214664,-0.0254289669708153,-0.00601250542049514,-0.0739129259053276,-0.0857872846433966,0.150092063799541,-0.103847115172618,0.00261426647213283,0.0791453348285111,0.122719624153526,-0.131765315256181,-0.065740807984292,-0.100139621447637,0.0125809561319766,0.183568517392093,-0.0610816078996163,0.00450939663761138,-0.128297852443552,-0.00294455022070702,-0.0254256464119899,-0.0447536480773664,-0.224876845016062,-0.0901469634059809,0.106136485038691,-0.0962746523181656,-0.0405928363703163,-0.0108424742930642,-0.121577353274439,0.0962969066819503,-0.185708256167312,-0.0842461468988001,0.0215660898199783,0.0643921292677384,-0.00872413195743586,-0.0291606095645942,0.0488725707367751,0.079965692744334,0.105746387005286,0.130429536875709,0.256772536262582,0.0639976920264133,-0.097439061203131,0.0165816967391786,-0.0371092508966763,0.0818778324062676,-0.068810007014232,-0.0556740442206504,0.0169392958781294,-0.103318968071217,0.0593601553752874,0.164153388183027,0.385878279323127,-0.10669148947471,0.267096777438827,0.0200344888666168,-0.0528047594327482,0.0221408670098853,0.098320238762155,-0.0282951249542282,-0.022206362512994,-0.215820103072881,0.0366335957542765,0.071248526538546,-0.106498885550322,-0.142014858414356,-0.00488513767474721,-0.11580418818071,-0.162159101816654,-0.00731479964743281,0.0595282609102983,0.00155827545096003,-0.027048870060417,-0.0852991363525867,-0.0401210742505208,-0.0848752132183028,0.047351515175112,-0.13288746195483,-0.107906234821979,0.03851873131539,0.0805736505795866,0.0142440901329348,-0.0129997753103324,-0.0704307069747605,0.0185509564419496,0.174124616476446,0.194842902100911,0.15732754915762,0.0613275078312479,0.00815042929219042,-0.0788428315415917,0.0780166003491459,0.130787905511662,0.0260831283057865,-0.0850541789496275,-0.0372093297449015,-0.0539458077320679,0.0959710890032814,-0.01269481545746,-0.0274897664731984,0.110775521425298,-0.0221128145189122,0.0759248342096854,0.0425462471142864,0.0347378998935962,0.0749319101633488,-0.149003817016402,-0.129908418000006,-0.0990289200018249,-0.122005566168941,-0.178050817906991,0.00264364550102834,0.0737893800649184,0.150842846798814,-0.00631785868775665,0.100720374207159,-0.0211777965975637,0.0465998793843953,0.114291107363598,-0.0420248702312979,0.186298055567494,0.0781272828713158,0.0786296159780112,-0.0826829866232321,-0.00480249812800444,0.0505877125605922,-0.0886408258569236,-0.0657665442712184,0.112876566108868,0.07093238243127,0.133324324475909,-0.00190332607731732,0.0088241355471328,0.00602425102521726,0.163989526627167,0.0583318494953743,0.121315000076987,-0.0321209407275785,-0.22924667556603,-0.262121727939946,-0.00538411910921877,-0.0920131104904608,0.104650173521398,-0.020395616310659,-0.0690995797384518,-0.00189056074911282,0.259514575643244,0.0819016540715334,-0.0131608947908726,0.157648168725361,-0.0205893481586085,-0.00588754087177227,-0.15895316067455,-0.0962087995356995,-0.0455026975181166,-0.19711368695075,-0.0577734666938225,0.212785922177979,0.0686756986914076,0.00367304139262241,0.00561544619362184,0.0513759032520939,-0.0861634423636349,0.195236908834665,-0.108394603174475,-0.0718072043137301,0.101876884562781,0.0114002019370777,-0.0119127239198903,-0.0302294097922197,-0.081506236590946,-0.117668865599005,0.0854502612330883,-0.141189942452852,-0.0761307859476681,-0.0940945989466681,-0.181424430550016,-0.0663541534535693,0.0995611890234423,0.0728867459494412,-0.0388429748323798,0.0786457335165948,-0.0446854755526031,-0.0168833155057762,0.0313526906067115,-0.0781425665634846,-0.0564155242258076,0.0723201742822901,-0.0564721579047494,-0.131741167526728,-0.112215991922962,-0.014429400735769,-0.063347171035995,0.066183762132984,0.0779950321471863,-0.149059975356327,-0.0519226968906009,-0.00991793990487019,0.074802121238215,-0.0887718036938124,-0.0147567368339672,0.0406187601484984,-0.134076257994092,0.155935562819947,0.0661159662914381,0.00119978029157005,-0.00300171025758823,0.21092969294071,0.0910390253508037,-0.0199272185822887,-0.0233017433213489,-0.100374947781663,0.061771921578696,-0.0141485176394696,-0.0335648789745963,0.102855202646572,0.0073043320679034,0.0307175034364444,0.118213833959727,0.11182291301637,0.0533721175040922,-0.00953568510220743,-0.0421212031031145,-0.0181928031478136,0.0745471697136177,0.09902725561962,0.0816199873637366,0.0713719609602419,0.0374793382151072,-0.0723990064245647,0.101143656506993,0.00862809305050262,-0.0260587868073032,-0.0816646039614476,-0.149863061583663,-0.15806980820912,-0.222193805634803,-0.0765345330394623,0.042493781003025,-0.102495767656628,-0.13165634464608,-0.0352317775248994,0.256005300122262,0.0135916389191683,-0.00156938086822874,-0.0151634674650417,-0.035846388994285,-0.114715460589502,-0.0702442981174306,-0.0178290857356158,-0.00208008080752708,0.10144372023352,-0.0488362430987337,-0.0397770589060689,0.0904543659490696,0.081533960271386,0.0145733606214565,0.114548806508485,-0.00612188701223802,0.0388269699630134,-0.160900345940257,-0.0691082710243653,0.0205783201466709,-0.194765374099271,-0.0278038955329044,0.0209858179405275,-0.0305219577486042,0.0923514812244118,-0.068642053841625,0.0161317128469231,-0.13379192468365,0.0033878369955954,-0.0139739748821429,-0.256306004267681,0.149486402702044,-0.137225534412373,0.00517443303664999,0.2488831834778,0.0215192912268669,0.0846419153976686,-0.0281531085323499,-0.0537873698917837,-0.0941996648710787,-0.168376647055372,-0.0445678404196298,-0.0574160185979211,0.00275971117678996,0.0352690552236924,0.0114394777390796,-0.136444760674014,-0.0611159623200492,0.0673293699600227,-0.0385535543223196,0.0483689463937796,-0.0414693430430734,0.106748652268732,-0.024614465138603,0.231645858990456,-0.0791703928788253,0.128689961500939,0.184699034242541,0.00447400612158795,0.00301766901933713,0.0373652747246173,0.0590296571055819,-0.221045625029955,-0.06043735783628,-0.13596338723268,-0.0817727031246479,-0.102179455411377,0.00433518485315198,0.00035496361174096,0.039517917582388,0.0937307951134704,-0.0814128786645661,0.0275731475526294,0.0854698361325928,-0.0559559320334655,-0.182806787035159,0.0260022346809113,-0.0911973183109826,0.0748324937099436,-0.00429387916730866,0.0448859678430109,0.0659499089990587,0.125215264170725,0.108629447377459,0.00171692129165765,-0.174934350866277,0.00102139265128459,0.0352715462738648,-0.0556658410702768,0.00324773056643204,-0.103486854883207,0.0750947095322289,-0.2148270680806,0.0539871347815373,-0.08178659445594,-0.0667314536827493,0.0459331876719243,0.0249768318478712,0.0310125710106893,-0.140256906542154,0.0379234576654195,0.0899021877459925,0.142070627798502,-0.0887197531147628,-0.0127029533041934,0.11297957267659,-0.0990153692362866,-0.115609795175096,-0.0693747807644571,-0.0634110340091526,0.0444588490784233,-0.0772100337079678,-0.128303897304918,0.0983990701823006,0.065254933174139,-0.151528762207039,0.0798542687933957,0.00267754636957038,0.0456328508086689,0.151170640831721,-0.110515201792534,-0.116915438603875,-0.103149726132886,-0.127144804116665,0.0214576292888746,0.0309410029526443,0.101791512473882,0.262752536020859,0.0398954680069267,0.0242613707916154,-0.0158767377203841,-0.0440403773361875,-0.00254823122578238,-0.115683264120902,-0.0201046772585609,-0.0216175071806769,0.107872869816987,0.123393309743928,-0.0206312096752374,0.00745008394027854,-0.154854248469367,0.0328485987981653,0.0511166530755513,0.0373312612467439,0.12464075071223,-0.139451694799007,0.0946050916687451,0.000401679328488717,-0.00766627797127981,-0.0102815628198204,0.061225985869162,-0.0582104729809516,0.128608595089905,0.163647249895952,-0.133468619320275,-0.209405197715569,-0.00469577852631952,-0.0755238710839218,-0.0757079872519614,-0.0508088773563817,-0.0840780604500939,0.0363605741345892,-0.132771711611855,0.0183740323858039,-0.01992235191564,0.201676199357204,-0.0297702413514929,0.12787155148743,0.136041633248331,0.183004502780232,0.115556542119985,-0.00473495659899048,0.0959860779660193,-0.204060631396937,0.0206303635826743,-0.0479210030618075,0.0207532044263903,0.0195075737609475,0.195929510664126,-0.0613949311858319,0.0491613822942157,-0.0148165107807941,-0.0473621963137788,0.150369290736054,-0.026603759639008,-0.196189746306994,-0.0194165736711781,0.0266636752635563,-0.169633797183435,-0.128279736878846,0.0770031140972783,-0.156390083793681,0.0377304183497052,0.050592178776381,-0.031184548796644,-0.131727330945393,-0.108786695474585,0.124741311755152,0.000329238593760914,0.040444334743975,-0.0395998143148323,-0.0939880475057149,-0.168224383305791,0.0477447828779006,-0.0352000113915341,0.118231514276844,-0.0899377458891577,0.0739862779802649,0.167308270198552,-0.0674428480446091,-0.0216973375297026,0.0319303277901671,0.158776297958092,0.0260147221994617,-0.0662572386040244,-0.0568228591042614,-0.0319141283758598,0.0237791054023513,-0.0911090914587264,0.164080355888436,-0.106057611537357,0.0592426106759848,-0.0176428178358916,0.0949589731423324,-0.0615435476536452,0.0180520290282853,0.107192157805852,0.0979305162217063,-0.000917908479043536,-0.179379214809036,0.040348047215046,0.157298753316308,0.103139159845862,0.18349073901052,0.1403842109313,0.036794152631488,-0.0168635084698838,0.0487804770232604,-0.0909653514292506,-0.05303928487275,0.178181954058601,-0.0948908832908678,-0.116777322029918,0.0338888400781682,0.0340322951755532,-0.0646107538666258,-0.049735930195067,-0.0879557137078559,-0.0488617864746253,-0.0419477238859669,-0.0663750115029434,-0.0904399672501849,0.187496161937124,-0.143997838840955,-0.231959900045467,0.0989215469648596,-0.0959224042539335,-0.170910552219395,-0.0928650276190618,0.0170167653300248,0.0793554894290995,0.247145731640679,-0.0258385741736054,-0.0374064123764811,-0.0805523017113966,0.0038921665349101,-0.168849872658149,-0.0814781953454849,-0.048298466632633,0.0275652862324624,-0.0253031166537242,0.203514364731347,0.00293044116885367,-0.00759080104290532,-0.0551169177676133,-0.0399018872326128,0.0830941368753653,0.106903026474155,-0.0459046526771199,-0.225461688042305,0.114276290614114,-0.0216886202459248,0.0830714058155105,-0.153821417703927,7.7573197359659e-05,0.164616501843527,0.101882966514235,0.148495297838553,0.0376943875840027,0.0248897134560081,-0.0294092941473858,0.0872371531261038,0.175549261684188,-0.0306839519712571,0.0752396488988361,-0.00309313244519742,0.0756418467967085,0.0274481094364923,0.0432470740803084,0.0760114230285664,0.0302845032339796,-0.127108694066986,0.0563810362445623,0.00382635932723723,0.0459891267417352,0.00548400189925083,0.179932694258835,0.00903394410712849,-0.0868109609544014,0.141823361900881,0.153589163526597,0.212755320066879,-0.0230303066030812,0.0665225279225107,0.115489657302257,-0.0114964920469424,-0.245347289348943,-0.0957048258109827,0.0833805909747447,0.0988332371373512,-0.180133866847385,0.0867180738158674,-0.0246776941529682,-0.00441039709922476,-0.0253748118100538,-0.110040802591478,-0.0749344984451945,0.109167801876676,0.0361974951379076,0.0799999128388549,-0.175111645715163,0.0201041158635006,-0.00124765462715175,0.0090614661944383,-0.0903944385220419,-0.194879490182128,-0.139489928101196,0.119380662939203,-0.0117758277731806,-0.0814186710629786
-0.0509323136253183,0.204127420050388,0.161618237001034,-0.158716926787042,-0.0128774172022843,-0.183300860459135,0.236226275315284,0.0425444716001588,-0.250541953259631,0.11545009233388,-0.0601185151924897,-0.0953608096255204,0.000651978567023939,0.111914435836953,-0.0613380912776495,0.0217512167786726,0.134147349698405,-0.124098682275925,-0.118934468212755,0.121684556454136,-0.0618664741212778,0.0675212723276175,-0.100068121748813,-0.0270916019826839,-0.116619612705646,0.0462739516577599,-0.150155299096925,-0.137816229462112,-0.480469682276376,-0.114539455483451,0.0260000951004891,0.274983834410049,0.226546497439382,0.0918335850233941,0.225308848375798,-0.211068797703787,-0.434511085080482,-0.206107586409688,-0.0910406868917308,-0.170733721641536,-0.106484751060672,0.000664053924619157,0.263894732123921,-0.14932280473567,-0.071025799398946,-0.107265946345326,-0.0803607051306607,-0.216824922974256,0.0514084050569307,0.0174498762842779,-0.021627297811153,0.0030110938241821,-0.0575134934688065,0.067673001557504,-0.039921919147262,-0.0215424176367604,-0.235679409327604,-0.21427488898177,-0.135604285043708,-0.172934798452255,-0.271364535858532,-0.162414564360937,-0.244343562123355,0.00879597637231391,-0.13266852492282,-0.266195040541445,-0.0559681655105911,0.0305955926330445,-0.201007737786496,0.0382197788117146,0.106274755064658,0.186957710331431,0.0348286666086718,-0.0502759065913677,0.216879839256388,0.0122569255558899,0.0911591836611061,0.05319178721273,-0.115701252224602,0.0574385751904553,-0.0528066264312738,-0.167850071510585,0.144063282506036,0.0904638656905174,0.133496236081375,0.0957242036926387,0.136749481413648,0.084125903219847,-0.158558865631315,0.123657332094466,-0.32990740521358,-0.141108726306373,-0.00255099536862519,0.198725519704454,0.0149769008976724,0.0138435387041543,0.0721581389379245,0.263379167605801,0.0233286897497489,0.0964898577556926,-0.0220499745247345,-0.129756040414819,0.0924344450841926,0.0364387407837191,-0.0582500003981868,-0.105434913988792,0.0267248428269984,-0.182763620877979,0.126979683439726,-0.0868155523167034,0.253997866782692,0.124266635979513,0.0637817363716278,0.0135713819337002,-0.119933520697593,0.262025768706929,0.134031259951153,0.118569006611133,0.0848966693831995,0.195408407679337,0.35978731128521,0.00334279585549545,-0.0237145356674317,-0.210058130497705,0.158308229994587,0.0599757567898814,-0.298411291509099,0.232234977895009,0.0440110205931889,-0.108072089999442,-0.260950623898537,0.0082286357480376,0.0315490977055383,0.0833824709133074,0.0258807885201456,-0.00589227300662315,0.0132981734595684,-0.095422662937966,0.167258244388423,-0.0681608765076764,-0.177870241187168,-0.269690338689124,-0.148873468148634,-0.0689754797121871,0.0361181394661737,-0.0897331400975016,-0.229110124774466,0.0384422018131721,0.0115903650165321,-0.0906767672951134,-0.0939678104471001,-0.0878793118036562,-0.217528821536586,0.219712370106925,-0.156634974516801,0.163820530056548,0.0864110092887352,-0.171709971801586,0.119699315073153,0.0288669426481644,-0.0709195776215257,-0.231792187465035,-0.0833162856992755,-0.102853758445925,0.0573793537507896,0.00419584258932923,-0.190571175513624,-0.0438592794106701,0.0715034723101791,0.167606668431121,-0.0929531060636513,0.136457404711587,0.0674237485696386,0.111714854288097,0.151877177723026,0.164007678218116,0.0957428189651327,-0.0111608637006577,-0.000503839497680923,-0.0353207615353809,-0.0509747256723316,0.0731952705942989,0.200383149030472,-0.0524384985041099,-0.0427848450945207,-0.0580122268573265,-0.0634059880295603,-0.0514229563515032,0.251953324448229,0.065484324636628,0.416348382020913,-0.0517487607837452,0.170573187789479,0.0172591023038997,0.0346644834171107,-0.0996160492398596,-0.0459808656264949,-0.0293578408752173,-0.0341448131997345,-0.237874958869177,0.0497450784352978,0.0864416833871489,-0.169013310170823,-0.114403429183175,0.111805492689218,0.0167643233526336,-0.0218711479425467,0.0581570583819623,0.0233302345879801,0.0170264908540997,0.00180736385368001,-0.195336253046448,-0.0678811389666957,-0.195708290644627,-0.0969372669926143,0.111708500713258,-0.0662475374702069,-0.0967249871112037,0.181746684239313,-0.0951905555502758,-0.300016614921427,0.0341715382593424,-0.0450523779536055,-0.059155297573349,-0.342818893967668,-0.0648021565956883,0.0657842517123772,0.103983391382554,-0.111572552552736,0.0764423588955216,0.0446393504995469,-0.0258330602371079,0.0142071430661398,0.23628551613899,0.0299050553286381,-0.15831337208608,-0.143048526666794,-0.149352825512903,-0.406009671157308,-0.207722925764859,0.0530088188754307,-0.0408063084522032,-0.0794991974048324,0.114328407845582,0.0978667926671263,0.0526844832333189,0.0867752439555585,-0.217572418585157,0.0397762165256263,-0.193867119122806,0.012285268570125,-0.0967656670074483,0.052023699452796,0.11819304979014,0.140903835340078,-0.00638966630013645,-0.123612854345612,-0.377197408104032,-0.14807734212404,-0.0606641899276152,-0.090751767888867,-0.0976594100551088,0.0261233199724128,-0.0034117933175056,0.109067580641377,0.0934584237123653,0.157360431337571,0.0364628511117219,-0.0717533012289322,-0.0174931738094995,-0.288257551413032,-0.374855199052369,-0.164005656286803,-0.093218949076954,-0.139847032357548,-0.0799734860073253,-0.0312124962252671,0.0654704492362633,-0.0628025568959409,0.154414852575087,0.343788854455828,-0.0618178842815599,-0.148667091172259,-0.153035850770334,-0.0944975641173695,-0.202498423389782,0.024975789395825,-0.0098544849051466,-0.133097775887496,-0.136467409163226,-0.109544243099108,0.142263462698893,0.131036120003939,0.00781722225618631,0.0694845280074886,0.1888723416805,-0.0123277474921192,-0.168084428750332,-0.0756087546752135,0.0425251659337918,-0.00180151428605804,-0.000138002503260624,0.0654625192054834,-0.286036826392807,-0.116369031515225,-0.295234913056574,-0.215970993982021,-0.261463562579815,-0.0120072105119114,-0.103996022083953,-0.16279726852608,0.0977929453761615,0.0517156041226326,0.108084697895807,-0.111337900657609,0.0695438392769484,-0.213057348768249,0.011433278700632,-0.0844047211336277,-0.0318572920342075,-0.0477722561911365,0.134932975252241,-0.10429164600526,0.203755293902823,0.141258007277031,0.0994514348761462,0.0721439960325865,0.188630274040516,-0.0777584079373226,-0.0739309637551311,-0.0303943173500048,-0.0166943892433391,0.255881890550752,-0.00319611899104514,-0.00539777357833383,0.00267943327849854,-0.246363511818266,-0.074060576410384,-0.0824122084946734,0.20841366787679,0.159714776422624,0.0810109714633513,0.115005062098974,-0.0375149888419267,-0.00758625835146244,0.10481757178706,0.0379482509483379,-0.113075645813854,-0.170390964308773,0.00648796740177227,0.0576246682308406,-0.104759925468588,-0.00705638442779168,0.189684603948969,0.215132546504297,0.190395169990478,0.274131484314987,-0.00377947260773093,-0.0868608892048356,0.166407946611196,0.0878586811584459,-0.00604839536258878,-0.162906282516731,-0.070404515312403,0.0372098977999769,-0.119770117032786,-0.19279716110916,-0.179204762567029,-0.201243742789162,0.0465635256139087,0.0679768374757364,-0.145929832780732,-0.139780480839344,0.0887298972588113,0.0950770667433908,-0.00281299718344241,-0.0409516538708562,0.169048582605563,-0.0369725593497858,-0.0471208896478649,-0.168751719053101,-0.213391077574043,-0.203760485381281,-0.184632237305525,-0.120789099391787,-0.037752066184701,-0.076729793219178,-0.073365859416987,-0.10044275812913,-0.00205644421060093,0.142453087490262,-0.245501163046968,-0.273474682495635,-0.185888018540218,-0.298339910500785,-0.24527750609878,-0.197807636530959,0.057735664416226,0.0840517706947819,-0.206884765136751,-0.00261200573121666,-0.0833504541687431,-0.0386069691482796,0.014392249385705,-0.195811315636333,-0.113550281132503,0.229291002481905,0.161341488579439,0.00313338936846308,-0.182595132549735,-0.105560318371378,-0.159198087243813,-0.140588106042528,-0.132594409370055,0.0186394944210678,-0.0302224831445206,0.0795171975889179,0.0130145778256084,-0.00842054746766467,0.073624817690218,-0.015525657214042,0.0524013946404227,0.335327606081034,-0.17782134000639,-0.0147987249317498,0.162785726251026,-0.0430817314155271,0.0880750829113122,0.0808575485699353,0.0664967929973007,0.0624161484180032,0.100633364946601,-0.0614881757383985,0.114274711048028,-0.0538309313295937,-0.0288918036738004,-0.140932652031849,0.172999069951293,0.0136961909929896,-0.154901049566493,-0.0153056116828421,-0.0256986565039376,-0.159624513412109,-0.0798528523543218,-0.0683891870482376,0.0455679373424732,0.208870015264334,0.0575322178207178,0.170052184811655,0.125326478483034,-0.16842161536744,-0.0933277609471149,-0.00990185333423425,-0.117522166839144,0.201518505336549,0.0528669004526538,0.147200088877829,-0.0589231906496308,-0.035935984076517,0.156943230199024,-0.132437036677774,0.081091411575046,-0.0807405751341991,0.168145602431874,0.217456452059375,-0.0118567465471237,-0.0154120965719083,0.101738496905138,-0.160951958297925,-0.0374563854668498,-0.330758698219343,0.163998530753062,-0.134837295658791,0.0421048271013311,0.0175267909822424,0.0889063085575397,0.0218175528549979,0.01002807949979,0.0885129115028725,0.308808399357843,-0.104252082533193,0.0915274791251904,-0.103098107492608,-0.0906670848012377,-0.0514715884487089,-0.215459333930551,0.348360683105561,0.192805313380446,0.0568985084624171,-0.00158360782412199,0.113452215039595,0.200098719505997,0.161253378930956,0.299307323615862,0.284807588378005,0.0541999275346109,0.0890822518980371,0.0810901014703233,0.0660448033785371,-0.121394568287709,0.150093090136246,0.362515893086691,-0.243853063443683,0.0801639364846059,-0.0930078336020234,0.214774682009111,0.170226721272099,0.273781394830979,0.0617760506446886,-0.139861708542952,-0.155105547260063,0.078040577980257,-0.0486576783173974,-0.163546316303533,-0.0780650655649278,-0.15900605499877,0.0938512447132482,-0.0592988975041237,0.0352781084615005,-0.0950631984109106,0.00167251120847575,-0.10914950889027,-0.192352484045712,-0.153650563637562,0.0597854577582147,-0.0566886132801291,0.00626303698082248,0.0975123928267164,0.192779069754564,0.0177592693835522,-0.0442794057442623,0.289128379305753,0.167594421363008,-0.242161008909475,-0.165203380702302,0.161555533900268,-0.0499017586172021,0.331033441727349,-0.169224119718508,-0.272930968057805,-0.0688036352104545,-0.146562692549739,0.113016417941727,0.193576135649738,-0.137408237174214,-0.101474755109885,-0.3321573567226,-0.216563270054521,-0.0278121517282116,-0.0461835593334042,-0.036133588889183,-0.128159385427921,-0.238363306110243,-0.0592904922123901,-0.15296907367603,0.0508490404659101,0.229071917724249,0.20506970706226,0.18124832862083,-0.0168419567973623,0.0303987881565072,0.00260714197280173,-0.0717822909183823,-0.171494085783278,-0.286067443516425,-0.176844691761903,-0.0313117535461749,-0.05792259628309,0.299178269819276,-0.0346235327426227,0.0440158012159997,-0.184001188685291,0.112624095052077,0.0597255879318773,-0.0648072808136777,0.371035558867817,0.00585092929237471,0.113190136565916,-0.104643294625603,-0.103884108024453,-0.0111173386128074,-0.0163685121102713,0.0126123425767556,0.0892703023766636,0.0191682408809404,0.103776746360418,0.00596100588327554,-0.0985638604957957,-0.133250936965615,-0.167190649058885,-0.130766650005719,0.0711731298228408,0.0430717562950234,-0.252060939589291,-0.147048968723448,0.080512529806696,-0.0677435531687374,-0.0507492288843142,-0.176014690063826,-0.342686943953832,-0.113228404738583,-0.00551589862784883,0.0889986941127964,0.0472822668033176,0.244561446128054,-0.118941925888887,-0.0082839297397445,0.102233741602576,0.0671391394402439,0.0379603218350346,-0.212729699161956,-0.0844019718564445,0.126261252761504,0.130883249024247,-0.0568616314253793,0.10426595981496,0.147740623914487,0.166871108246944,-0.107051471805507,-0.0335125351105521,-0.026449823776491,0.0899373030682835,0.2081818624305,0.0231819119723664,0.0799979909903101,-0.0911936594940107,0.152335910624045,0.0402853224605189,-0.137190971670567,-0.0494670123436412,0.136412235358847,0.075856304947384,0.291666497183821,0.198818078584443,0.145684288975287,0.0438530796488011,0.00585815399637131,0.0159878096888448,-0.110513625312029,-0.135235088642922,-0.180389744325868,-0.0612921721912142,-0.168218124163723,-0.149513046317513,0.0828746231954605,-0.100314867072609,0.0233816027060606,-0.0127727467403027,0.0398628993612298,-0.223114497372597,-0.476258425852151,0.0753723145464373,0.0633317989682981,0.120304674440088,-0.0275328755332594,-0.0874673426662648,0.141793936447451,0.158692687468455,-0.0165784565444325,-0.19392715194794,-0.0119890376231271,-0.16675172232518,-0.0522288120005787,-0.0651914919373575,0.240672421957454,0.0960219332655396,0.23258313775075,-0.0538247957264517,-0.155563518730486,0.123987127270336,0.246625788047574,-0.229094207166992,0.138294383984219,0.249756008447174,-0.144215173543442,-0.0713346585586112,0.199940946496152,0.0511731717631812,0.171973736056172,0.0843807129042863,0.0916333232200937,0.243474839689214,0.0727881470224865,0.0122999276000172,0.0387009111503959,0.164830134149487,-0.0446864396070129,0.078241886044721,0.0147657908785656,0.101508057678172,-0.0507203966145735,0.134923915084158,-0.0035276032099481,0.0811733244925277,0.181534473950623,0.0265029724058825,0.0646927889459867,0.266948024169125,0.195083080352203,-0.21485229151346,-0.0767577533694921,-0.161671403552372,0.0333223286455885,0.0614039262705925,0.133643874476242,0.0458136937340184,-0.0259873161884027,0.0487845645656672,0.039803715777525,-0.0941481222858553,-0.274450261457377,-0.0937938699603064,0.0246713337786737,0.0970159283929319,0.0981545450092961,-0.0126796222745285,0.0841034086127705,0.0909811220863059,0.0248939676518521,0.00403894903511178,-0.290613450678003,0.0345730246055903,-0.106213569670372,-0.0696214517084091,0.110808147608562,0.26916232297935,0.127609238242382,-0.0778332695605084,-0.191290865658342,0.0841712270603116,-0.0544992951958293,-0.271674703011144,-0.0279983401623754,0.200087040949277,0.0187428038240958,-0.0311204293301387,0.0124739132485204,0.0251066569404802,-0.0162079067635545,0.0156270129993913,0.0831483736632991,-0.0295014742816176,0.238054624453087,0.0816671994482216,-0.0774972926155173,0.204855411711283,0.0871326417148328,-0.283881176835662,-0.0271199908260057,-0.0492683600070725,0.0963031322018837,-0.00550457461109465,0.194322206930124,0.0908277750241499,0.0532465779598467,-0.164727459897691,0.220299897964083,0.197349243922198,0.220392541661214,0.154127032664786,-0.169341937289454,-0.110649230475982,-0.0821393284903494,0.0956040588356371,0.0191340245778054,0.0691581011333977,-0.00373589659929949,-0.0242485908568842
-0.314177690222012,-0.200415674441354,-0.139450817534552,0.0790244043903874,-0.0394677019495968,-0.0634388196035075,-0.238041397795267,-0.188207757393434,0.172946925503087,-0.160035594555442,-0.198982424883726,0.0772199839533108,0.236705336014681,0.189498773615362,0.347578201558569,0.0976893644369952,-0.136686737438847,0.0944253395327238,0.290986839377866,-0.0352752547516571,-0.200476126698177,-0.0753977409934673,0.151652032480548,0.0777053535833042,0.21009144754949,0.283342366622733,0.0279639776797905,0.136504812166767,0.689110502741422,0.377362727049995,0.308528663956726,-0.455349376039231,-0.116944600398682,0.19479307733749,-0.00741030024160114,0.169358174633565,0.646920037300381,0.208082780803628,0.286565175779827,0.223686848837831,0.132064528028513,0.106291110517099,-0.227275054421777,-0.0678679019073748,0.309352918502515,0.123017696882929,0.32703322103193,0.0854889875571289,-0.017203929543098,-0.00684788787459199,0.314068956882173,0.00946248152207023,-0.0523070760373307,-0.215087269675456,0.193359234699354,0.414932652418329,0.291642933790312,0.421425675916564,0.143679200781001,0.101826186775963,0.331090462087802,0.264289889736643,0.211804071761628,-0.0220565550829316,0.112727205125252,0.389761726152175,0.0590910160021159,-0.0029520383163743,0.187605821668748,-0.273946753290553,0.0875338988427726,-0.111301604021998,0.0787936522118806,0.03510859979881,-0.186435002849112,-0.0922124200460718,-0.0384860668570012,-0.273925482722999,-0.00484657854644009,-0.0090972800336417,0.126985852092802,0.394293683727929,-0.0240301792298911,0.207457025648589,-0.132614634920166,0.0160312737178505,-0.28381826594642,-0.123063440672619,0.0777539073090618,-0.177711574581589,0.626519088752101,0.224626345842371,-0.15231198084551,-0.341405098293535,-0.175394350576332,-0.29663271265282,-0.0448257737894748,-0.268282758050545,-0.228425341196312,0.229464650301714,0.186726575352711,0.182038267514355,-0.297318276492303,-0.17470655926054,-0.107469197325456,0.277522654030867,0.312062216951599,0.453664706851565,0.100119210510626,0.106984122148744,-0.102615091430262,-0.235836178714028,0.00932465700800402,0.152044291827009,-0.115478573252092,-0.316744665260348,-0.343165410586902,0.0395336777130692,-0.134424723750379,-0.410196252301258,-0.474942284129115,0.0711801151336814,0.233584400015283,0.372040867027178,0.00536199127429374,-0.311357508017683,0.0224572175957245,-0.326620243671729,0.0279571697226797,0.0276015910319003,0.412444549186528,-0.00334639697130183,-0.0211457404149196,-0.177339416375844,-0.106247226020865,-0.0593157691587218,-0.20155645628655,-0.0420465081145721,0.103786777761511,0.286783667078964,0.447649333372251,0.456058814690122,0.395914173942986,-0.0484543335784683,-0.328103468949957,0.15088293436297,0.284784699418684,0.292309589997379,0.116887311198038,0.141708432903291,0.282754023754427,-0.00859238421125395,0.041323043809972,0.112897681876007,0.0152653978180127,-0.268339323723988,-0.0185714738528683,-0.102196622765199,-0.0495648217079331,0.138872764760199,0.0568222216865301,0.207384505715638,0.369550923685209,0.132767248838865,-0.207750866410825,0.0416392034243255,-0.00252337798345681,0.267334486957637,-0.0614888709160411,-0.271123780122384,-0.0630958542754735,-0.321823693251105,-0.163375461900601,-0.398837265859406,-0.24407949174452,-0.028893814127506,-0.224978265281132,0.0072803660156774,-0.0453952661143313,0.0655415092489716,-0.168394893782862,-0.130201319560824,-0.241381404619023,0.0927869595781815,0.0866731798281797,0.0592850530953782,-0.0132789002702054,0.0515900477735321,-0.392219783427866,-0.322156232402811,-0.292876795048583,0.0435920919907732,0.115895072418834,-0.387205768769519,-0.233633105496198,0.121274484659737,0.0932497281179038,0.153196661657389,-0.0870154655184906,-0.0469610462861657,0.144412856368525,-0.161271626300547,0.188561449525677,0.0605979943559952,-0.251913528776441,-0.150013531516229,-0.376656152194556,-0.336053338821478,0.0945532736038361,0.286059778068868,-0.155183564068396,0.316599727957342,0.698330161443974,0.217225136547681,0.444658742005414,0.176974762472219,0.00481326162631066,0.247489299777996,-0.119640059773267,0.0275009730423509,0.258727908227621,0.176241596805846,0.141867195517154,0.442820884609503,0.510478968211641,0.199779944373525,0.0628836512521565,-0.260316500396841,0.363998163140706,0.21647362506249,-0.110489482492345,-0.0928880255313571,-0.0723470686163972,-0.547194737368168,-0.244057707844328,-0.272494760108325,-0.0270145016239374,0.243907456272143,0.484435455026282,0.325990789915938,0.0828043589221607,0.040314780550635,0.113776861205089,-0.280983235877522,-0.258890223667349,0.0184963171079999,-0.31368214528706,0.174281369111822,0.0386443085140323,-0.099062737382197,0.0490938138496595,-0.0704757893138108,-0.203063421977649,0.136983633089913,-0.106363439952101,0.0783138917430745,0.169189678552672,0.363983176589469,0.383984202652721,0.142592610091042,-0.211191308075225,0.0649519268827869,-0.257372506210206,-0.186021317097097,0.106390096905312,-0.0113476296159377,-0.0376420195366058,-0.266622909203683,0.463524942448455,0.0170353866176119,0.651687967783751,0.444310073117794,0.1812642542036,0.332265072467525,0.0547073615419994,0.176221539754091,0.0861896866102854,-0.367928588618316,-0.108370262202414,-0.338794176493049,-0.251321716838633,-0.102202648123115,-0.157543294359287,0.173901561743953,0.307168138504491,-0.140672055252213,-0.142353984185407,0.0317835050410964,0.18740290094876,0.145240525802739,0.292999975604232,-0.113012452931236,-0.302392440116762,-0.0586784231038835,0.0717059510840902,0.06947161855877,0.330043527819,0.188744750044601,0.164036356467312,-0.400595910296088,0.177973030257726,-0.0727130222349945,0.169139825442584,0.349861683631403,0.07786493109679,0.559560261365473,0.220250349429606,0.425142121074984,-0.0125959382630176,-0.0159613723641913,0.0956024311638158,-0.123799435048352,-0.0245483315668581,-0.0348130173960058,0.378752319089502,0.197016740123904,0.217331163597022,0.115450221503802,-0.0211989763024746,-0.0330193875626314,0.141646815214348,-0.191509540285141,0.0223343269901807,-0.521318708230709,-0.234821382423381,-0.133742070258896,-0.218651862443484,-0.135329216197223,0.0908785895479711,0.0158225119960509,0.00440543317672734,0.20968121963053,0.0079182489427439,0.0431350139406279,0.227973111364296,-0.0386170644663057,0.307723368852554,0.214483999663881,0.204488352518703,-0.0879525576861678,-0.264842143181565,0.0835119053121222,0.0544715702176267,0.107443002474,-0.151799435578919,-0.0495047102010418,-0.163515772349687,0.346495651625099,0.425519216260574,-0.160772035013141,-0.036525325201701,0.152142239739463,-0.116180628218627,-0.0117121861317218,-0.487470338830761,-0.376614277324583,-0.380699805341241,-0.00559906341384638,-0.0674000443654885,0.05831017326072,-0.240525881659053,-0.0409150491295869,0.418444865371143,0.176910124731076,-0.0991112877662935,0.352414724634135,0.368397410329979,0.287987945225083,0.243339234578953,-0.281219364427102,-0.0872503903149622,0.250058700526552,-0.0701729897078097,-0.329865790281921,-0.0231208214192817,0.0302003351849147,0.203672736744034,-0.271608757471976,-0.157422594509983,0.216086302966848,-0.0262220946551419,0.294151763012258,0.107123271721749,0.629751642713996,0.482107463535237,0.0423083598246985,-0.175540692569938,0.136892456285136,0.195126572860695,-0.0492026263811685,0.00631533037543814,0.153791133454804,0.188943552567032,0.0928666490136296,0.0330009721195057,0.705097241926408,0.5839575088207,0.118700396441002,-0.0244458785453055,-0.0471300210043084,0.202528241632531,0.364180833133844,0.0298854906040173,0.25384496529666,0.198044908415468,-0.00737661124444146,-0.109555474056349,-0.0812149798291014,0.0719234374082002,0.363881989833557,0.721508013325494,0.135957480544259,0.165835149340246,-0.0706469389713485,-0.101511604523764,0.0636912064604323,-0.130824366061249,0.0252113752933953,-0.079982168797254,-0.226455577091246,-0.121064877274136,-0.143098200613219,-0.265977875759039,0.279171752699974,0.0259352299706965,-0.0501845501871046,-0.13245520852017,-0.141630882816315,-0.317750686567574,0.218283369601084,-0.349152247696666,0.027080311692811,0.0942304219228857,0.251104816835573,0.10716826715665,0.0939467463663619,0.0811130311697435,0.0382212811022448,0.30103768768047,0.495252074468955,-0.158634220009554,0.208482858654388,0.246675657913311,0.000273644344742946,-0.100701765375845,-0.140348378620677,-0.0457481485103732,0.0588229605327182,0.00763703376647507,-0.262629483028136,0.139064961935605,0.252044242961366,0.431267969513793,0.16572092041848,-0.282119116233191,-0.184495533715115,-0.289143084064982,0.0414071170531816,0.127878199357027,0.186425021369719,0.162392559716213,-0.0697814954983509,0.138417526749584,-0.186420684967768,-0.120991847896872,-0.353059125668585,-0.14513972542731,0.0664162967169312,0.0226392680989723,0.224304118820509,0.245429940533383,-0.0455983489277102,0.0618627417824477,0.0181697972149146,-0.279106499810089,-0.00638922714973979,-0.211399701172761,-0.208531201654404,-0.249565409063193,-0.32331981734325,0.165686384635798,-0.0326979197304129,-0.0085351452479237,-0.0671226374410772,0.109695071264869,0.566247585424521,-0.584807895493757,0.00842626290456477,-0.193871938595822,0.0092010731991428,-0.10680325521247,-0.193916683142838,-0.285766187798257,-0.452357839585052,-0.219298509182387,0.0882335716155829,-0.232578299692428,-0.211973495674775,0.116307787876119,-0.0989985458608653,-0.315698495366294,-0.608757877662688,0.0779948396313019,-0.0333702090127252,-0.134751854744603,0.0493099615335531,0.154401920349403,-0.0550685823027186,0.065454478328054,0.176109578312067,0.308075815559806,0.00664360964171642,0.247063039548068,-0.149244639834989,-0.0892415329592406,0.0149230856541972,-0.171241886907527,0.17528176685583,-0.271172691241185,-0.154287469608747,-0.117318012731031,0.149793022478112,0.470334338887958,0.218748511305873,-0.0847913982521871,0.169179460659465,-0.0554387469100879,-0.252954276480109,-0.159878349212918,-0.0668540085370184,-0.0217022001031002,-0.468276386848839,-0.17128926594005,0.144248105422701,0.16429273009947,-0.170513982895122,0.100286706803268,-0.0954720796129475,0.310504046425742,0.47153252703305,0.469510108091233,-0.0124661750518703,-0.0884005260328011,0.140312610441446,-0.0385842105144671,0.167070542577623,0.268352681754413,0.414095631860959,-0.234690771070514,0.153499512530254,-0.0664086471621723,0.589598071762249,0.518793511169027,0.289868994090065,0.257579116120469,0.107879034240635,-0.111949264343527,-0.352996103660964,-0.0925382191587156,-0.20865881186766,0.103952636677599,0.0235717245625482,-0.0687660679360907,0.496808798997876,0.547496046181329,0.0748677282291323,-0.155774501899703,-0.00161812026749576,-0.252423847272704,0.0328954205959057,-0.232435838182771,0.0863710272736266,-0.271315998137817,0.173960701124423,0.280124366562056,-0.330555750133937,-0.192815997449612,-0.377027406518624,-0.23638515081953,0.215063730446753,0.0431610446957115,-0.268365220139884,-0.224181823575161,-0.0880379338306674,-0.112481729233336,0.130093685927659,0.0424504596447194,0.0272755325304386,0.235949078962868,0.150142582558749,0.00180637139024619,-0.144823314711996,-0.155205589381971,0.263359822834941,0.0109665238482359,0.219525888150211,0.384277527297699,0.463740824620824,0.475736298961371,0.200426737042378,0.185979518866946,-0.222220606603902,-0.158809553651428,-0.278011503324281,-0.209813064884341,-0.145955369850567,-0.174990364585559,-0.138706129543943,0.00414050643820813,0.115538465670224,0.324161522707927,0.10916661257496,-0.374917165003628,0.0629585307509255,0.0428258163171695,0.109849598028723,-0.412896242014298,-0.566166089636716,-0.0461669876737563,-0.125762043392197,-0.0969939028998792,-0.0560201603741376,-0.248317152528487,-0.166912497978273,-0.346992261987706,-0.023330408757019,-0.159462973618244,0.249772296853126,0.103434230581839,0.0291351036742121,-0.0699652692463916,-0.201019202388819,-0.188796906190155,-0.402327913671406,-0.192949201133551,0.128417362412986,0.0211644301910962,0.0182815015405092,0.146141101079771,0.551927319254537,0.404134427641195,0.0399903368238344,0.0590700261170055,0.201575204638391,-0.0788328258783933,0.10283868863495,-0.150217482368135,-0.0304035726286677,0.0723782267847219,0.534004924394771,0.426292790337249,0.0147891157680064,-0.0636452905534146,-0.134110725559753,0.0321686890199363,-0.0883826539512434,-0.162791378903007,-0.0989661880208957,0.0548663090969397,0.143736118382804,0.36296670231839,0.614411971465192,0.310010203318006,-0.116594595335007,-0.0206722770810073,-0.040752656132599,-0.060057311354632,0.023372399289564,0.162322239925741,-0.251091870889623,-0.303305832684758,0.105516530197524,-0.239398221189194,-0.215395407523201,0.100121173882453,-0.230484657768143,0.165300433802912,0.288217522873242,-0.242410158573826,-0.10829882350803,-0.245381714730726,-0.268061994438991,-0.2450401172364,0.0457984671631799,-0.0882032071798163,0.0190473676009109,-0.159053911362838,-0.264234748270229,-0.0245547898063565,-0.145835880402768,0.13892565747241,-0.234832247241081,-0.0641242932825402,-0.163557845942154,-0.0180161107727533,0.129769903141011,-0.152709342370129,-0.268858153948223,-0.0368683538715351,0.118848794379483,0.0892420151688385,0.328715988359678,-0.0269845147022272,-0.0309882288737496,0.201276835358646,-0.0910412635042393,-0.297174614634421,-0.154342313211035,0.344970212161764,0.426253956275524,0.516839753727593,0.301455841212473,0.00966757163951837,-0.0672233583581243,-0.0609016002171052,0.297110098451207,0.107192465524922,0.00122312219099965,-0.267212436992438,0.0416415876210433,0.489094559908947,0.283747849878581,0.117287938934466,-0.0557250587502262,-0.222095295987899,0.0313031591845313,0.0356786760540493,-0.0688851460324009,0.200611925545409,0.133456883317034,0.094203909329638,0.373909834261469,0.181408657668187,-0.262613878278555,-0.128396855111114,0.162093035476047,0.0516980518263938,-0.0576377780579707,-0.0227631892487431,0.0293474192993746,0.14139124072302,-0.104087363555975,-0.256169875945919,-0.231838986877135,-0.032313239864737,-0.322700833989599,-0.135490116596735,0.289257514044535,0.231330418758408,0.166955208345614,-0.111307906514961,-0.274885043717782,-0.386275918453125,-0.57037883711078,-0.511181082258578,0.0737577427621067,-0.327443983237922,-0.559958267662967,-0.176321978774238,-0.199289787760623,0.116965472422125,0.27481559783755,0.378751868740043,-0.000714901005965239,-0.115957081180094,-0.186876368062227,-0.0730812643086477,0.122119061252244
0.624537768124263,0.228277014901064,0.312251581176031,-0.304508809391634,0.259797278016967,0.0534841254248438,0.505168393045756,0.17998075348074,-0.419936289873999,0.421733433324904,0.471239334870723,0.119336494318486,-0.316558182052187,-0.303759949430982,-0.75735279167439,-0.451889222540089,0.342993476236301,-0.031675852825518,-0.746843574405495,0.076218131978772,0.429731391505181,0.129665012610274,-0.194278398589255,-0.296261688219767,-0.557329173534546,-0.662298931026366,-0.372776152349469,-0.43344382398418,-1.39110921395442,-0.735868222722704,-0.728751972624236,0.910362247265809,0.654610162757628,-0.0444111430806608,0.11133300743305,-0.306042909052402,-1.42187144959254,-0.621455174125687,-0.827265837796528,-0.786664838096525,-0.271002316411974,-0.46314629294594,0.409724386233523,0.0107217732262046,-0.737429280843035,-0.319485720874283,-1.13752578576056,-0.503822637653674,0.138896044639232,0.411803543394189,-0.453299195857824,0.088061894668683,0.00356155835349723,0.191089915850055,-0.364292470561151,-0.729440330459734,-0.583035090119808,-1.01810820930218,-0.314747959593616,-0.724240722329537,-1.05458524773265,-0.415289061356935,-0.115968519857604,0.160449828599191,-0.178719950346282,-0.822331283168629,0.0856970118979881,-0.041908978259096,-0.179200655632791,0.196635158511715,0.0906964017108816,0.308923660289723,-0.616312643932653,-0.0744811821207757,0.197622125344403,0.0402992586103597,0.175646925581775,0.391390383221233,-0.209829767354681,-0.400423584692305,0.197699132600219,-0.534905374003673,-0.201302971416871,-0.0458907001432919,0.21521218250231,0.12670420809551,0.739021807893437,0.296143134646062,-0.254742123246423,0.187016528219535,-1.35902786542619,-0.137812321057868,0.453261282315667,0.828467646304203,0.0311292507628064,0.29644391785969,-0.0540296778768602,0.952063438976948,0.53108415975163,-0.369871249225528,-0.347823627447935,0.00198255098106215,0.251782269576005,0.360200546112873,-0.253303150378507,-0.633235179855687,-0.691835227663624,-1.05184498108185,-0.367535569816405,-0.346183248426852,0.585693907116245,0.705827234594951,0.0272400873327537,-0.119692061531403,0.25209205643129,0.806321205961806,0.545956298847158,0.304923829868263,0.236998784563061,0.891849781181447,0.742439259513884,0.217914042813675,-0.518754689960541,-0.440219831736522,-0.155356405291693,0.323870912049622,0.0706642359234724,0.662031203425107,0.370457792785116,0.0575462481558586,-1.11356720742208,0.270675950246573,-0.332445570234393,0.193203755145833,0.107475068130895,0.36543552175515,0.333191433582533,0.17936719111113,-0.184743625245867,-0.411288627357394,-0.701101748759932,-0.958798203167014,-1.04646997857227,0.107866503440015,0.594288354871644,-0.297617712589234,-0.441834521215989,-0.225370936631254,-0.329068757953867,-0.477405091583559,-0.289396031977753,-0.404136934623798,-0.328820241819367,0.0750286157417087,0.0460851753613952,0.538010831306328,0.0499544030149814,-0.098750875407201,0.125784210709796,-0.246585696650619,-0.149082845337087,-0.506717731740747,-0.64788316353622,0.21462474322185,0.063264657749459,-0.278553939110753,0.131477299904524,-0.846153903465147,-0.0623155377143723,0.575523558976126,0.289680210700197,1.01805073233841,0.588680619383826,0.780516399719073,0.950342310428054,-0.022973946622661,0.304398050427406,-0.0679647601258628,-0.214537067325047,-0.253606991215656,0.10212153005117,0.269613489575761,0.370451026529213,-0.243554181331216,-0.240179385824542,-0.0913943260450824,0.13009872585534,0.0745730368013899,1.03278654723436,0.478809487891484,0.687263515918748,0.0276751566276544,0.0603220991237013,0.758700496242574,0.594069088305225,-0.269124100539947,-0.0219675145882364,-0.0694888245600765,0.477599445602456,-0.140378958715224,-0.288149647982356,0.0967977462756971,-0.603808752494328,-0.0170146988970939,1.00087081157803,0.320720030978578,0.648817225936911,0.825488542709297,0.104645271645157,0.0126130601018697,0.313006911567285,-0.678877648519264,-1.41640608948187,-0.814537695465926,-0.737897133232409,-0.0499209942573413,0.0496249149413905,-0.509298201269552,0.186292149676328,-0.0305135580412778,-0.642978348479447,-0.0500226789089156,-0.0628955578516309,-0.864335650936506,-1.1563401203626,0.00787384315822912,-0.254727519205223,0.422223313863339,-0.399028329337736,-0.16653276469445,0.242402324583302,0.258549120994087,0.0697557675215451,1.44396438093863,0.3991884484044,-0.275309915975353,-0.218846269621301,-0.570867036741002,-1.0749947445584,-0.925286234779564,-0.493394362389199,-0.277437598898567,0.0208649518251437,0.438117102867142,0.573575160943089,0.146377663402316,1.02934498156619,-0.15814847051898,-0.164273602535688,-0.269649222168636,0.0165800183100119,0.586350068772772,0.524595287455166,-0.23129781231397,0.211595478801253,-0.277564666837975,-0.822776765412795,-0.434864865583768,-0.959077486334959,-0.63608455829769,0.368565594654435,0.0653305006835947,0.931849153989195,0.302321811035236,-0.0705060678690354,0.0267957711649047,0.145820623843262,0.258486263028744,-0.705395290799839,-0.0310965550364835,-1.47695697533605,-1.13114466315116,-0.530421430962038,-0.734097859156306,-0.0909483814993621,-0.101700281358918,0.0935638624855038,0.513874680258478,0.231274460030857,0.803260456962266,0.805194030897205,0.446415772314289,0.130943844623651,-0.350996218934988,-0.347137143510869,0.186608612363557,0.455297772737874,0.100716491452293,-0.402967686116273,-0.783554300127427,-0.535376202697886,0.646428681740627,0.650116635007316,0.698859725221758,0.548248641510642,-0.0163053081013605,-0.620700974940416,-0.327723331033974,-0.215548296629265,0.338117520028099,-0.283561343984798,-0.0434570467101382,-0.506068025016366,-0.889129022769594,0.0543758529132277,-1.31833768199082,-0.705407532265292,-0.780861794728394,0.0594027024542437,-0.395791773931002,-0.286185808524465,-0.00820628344058337,0.25332259106953,0.374291278301389,-0.614255358641087,-0.519703896464975,-0.510322302580674,-0.117667384329985,-0.138328938673379,0.0510503017009024,-0.177804569962813,0.274884594352864,0.311715093181672,1.13267960201808,1.09353816148004,0.0400066783235821,0.175849633430826,-0.0244806056317387,-0.216380677412586,0.149702084248114,0.465743838145929,0.0380128556601227,0.457088084081738,-0.177215205100778,-0.351570440982315,-0.127473850221444,-0.720762790512313,-0.522978247835139,-0.252609902856771,0.488014621665915,0.574805649957009,0.138238829610756,-0.141086880688351,-0.583538887771987,0.200314332587223,0.214221413294244,0.0245357993460064,-0.577003156250288,-0.754679699642106,0.310556286245584,0.0726129927858713,-0.570750427863502,0.0881360447974236,0.156811700079379,1.01391568368252,1.10090571071271,0.989689837273657,-0.259627132845109,0.262985939582654,-0.0253414508995785,0.609753290009964,0.47570402240574,-0.731731371280155,-0.674226975404381,0.275036742321816,-0.960582575076948,-0.394918815765862,-0.778514498130597,-0.674849915457623,0.346586994444813,0.0617612830648221,-1.01739639388061,0.0561827797495809,0.583397618929717,0.429925678156939,0.102334519354857,-0.377235332386972,0.751640806009696,0.571822374420901,-0.426823153874693,-0.224212084358408,-0.568226823050647,-0.681583074526151,-1.34020554658263,-0.962075387510123,-0.103887162614138,0.0360824288959562,-0.511845155688333,-0.146920415530862,-0.0410358940438194,-0.171090268070359,-0.631600709921231,-0.301169725481654,-0.797976489786182,-0.448432518176012,-0.895721140796469,-0.792618130104008,-0.246790052285863,0.26371661506685,-0.189800788893487,-0.549255017511453,-0.400561904649715,0.166704215739601,-0.38724814736209,-0.456504847475131,-0.0471557230571547,0.400485124311268,0.24714623136918,0.237546733717612,-0.753995854724571,-0.834652664073769,-0.626743540679214,-0.374394190901164,0.180654056297926,-0.0565665557389484,-0.161201049770617,-0.185882018064723,-0.396239116279064,0.173978618906457,0.129052304583223,0.527973730930626,0.175822894532927,0.852216137309966,-0.0305857452570424,0.168108533253051,0.704719063406515,0.0517055146834746,0.297718860963488,0.685067338563747,0.0565918474447544,0.568696232817249,0.0201160719031266,-0.230428231926719,-0.189857096827411,-0.230537860097346,0.221874291926891,-0.196817906974569,0.221873140089755,-0.130882090169495,-0.940527480950352,-0.172795620617701,-0.59567773849055,-0.50110845593124,-0.251384845256717,0.0736453698649853,0.552859835928463,0.455586738987729,-0.0671829576699224,0.0100313969709308,0.0382693811212835,-0.71766144736993,-0.514983284777647,-0.52645320624078,-0.260150822331483,0.377328169677209,0.491467563801868,0.553038103648382,0.283644965249853,0.139539136648619,-0.615991599090541,-0.391543959568331,0.392424464366985,-0.320369892325476,0.17792535252573,0.626888520053611,0.831577984235607,0.160492006081124,-0.220019654155485,-0.452468186719471,-0.36032289767772,-0.411849299691684,-0.271576794374735,-0.504716526162766,0.041760716893321,0.518422107033924,-0.103345987935469,0.68623944656481,0.339322474347176,0.425981154982678,0.56160681998157,-0.469958495209456,0.156820116285075,-0.507483062452984,-0.371716269568613,-0.249902385217285,-1.29163658105501,0.981193471479641,0.476147024812259,0.459716439068634,0.15805539014966,0.594113348396595,0.645104499964199,0.373081876116406,0.748665959709864,0.356841988387656,0.403316960240474,0.526281524543778,0.512769943041075,-0.259884672025847,0.373050077435206,0.327156193634796,1.24751480662626,-0.3743794239063,0.10527609617634,0.47666382778337,0.310817625338588,-0.64024120356129,0.39388310971855,-0.258248380460743,-0.886706717136493,-0.67584836804845,-0.00225685836530082,-0.571299343737436,0.135937838644265,-0.250719943223242,-0.0472156293789544,0.406339498722964,-0.193592304119895,0.116992770528521,-0.0272416429193121,0.20752611772464,-0.0368472477303287,-0.753352543606173,-0.474649828742679,-0.135912628075216,0.0359478169613612,0.709482559220346,-0.00978760826233788,0.208103766851435,0.217779671365087,-0.0657403166658865,1.35708910784348,0.426160684227205,-0.451604470570493,-0.393586725396426,0.583774064020614,-0.031917318605625,0.540482197489936,-0.622598839274393,-0.94428890617311,-1.05514500964206,-0.344753466866146,0.43950969005017,0.0939619398836,-0.193500232074508,-0.66354992045029,-0.844126762229013,-0.641587087953106,0.43957266110923,-0.521783221504029,-0.179369633516664,-0.745461123982244,-1.06459291680361,-0.612227097619945,-0.546583984732874,-0.298435267231086,0.400514002247288,0.522588321523249,0.750454216137594,0.13182622690926,-0.211941067367359,0.0529901642630855,0.0504747727634173,-1.52398746219646,-0.924435926240254,-0.539706421985043,-0.0331898512242048,-0.040842470223386,0.367756669405877,-0.13336095528557,0.175093817569868,-0.104445890601599,0.450869357436766,-0.121962487345494,-0.413176752132984,1.0311337614418,0.778314287384715,0.62291255242627,-0.0305576191096017,-0.574197243328825,0.031230407026183,0.651587283647706,0.607032188216221,0.269408928325992,0.184040678527956,-0.432423445470421,0.0653822582575744,0.423049497783731,-0.470271666070661,0.12482429025127,0.0147787718551576,0.206525754419922,0.0554249981528718,-0.416203517699407,0.0341394151364208,-0.39364857732172,-0.926826294923244,-0.736277660725048,-0.712140606057895,-0.84465309150784,-0.259714290389259,0.464276643293673,0.0640168822641381,0.140298823680674,0.648487516437818,0.50409600262217,0.191152520917371,-0.0540268914202601,-0.101259240120231,0.01281165167642,-0.930820109159669,-0.234208478201203,0.454040340309657,-0.120144677651805,0.0423547318443555,-0.23703106061319,0.774370123323701,1.00102081348977,0.2879369042214,0.2879179263541,0.453443474751963,-0.343897930548569,0.905556779901273,0.391040769619868,0.506359916332226,-0.362150698287227,0.551452325478743,-0.587597107529365,-0.433730196826096,-0.0221247993471764,0.429994543366399,0.575280751426629,0.782331792880885,1.04406534988752,0.403895745985343,-0.490641622502461,-0.0458271194000211,0.577274544231115,-0.0449727736279443,-1.1768615812136,-1.12367679569629,-0.12520525254372,-0.481397500509101,-0.623807848545729,0.18495449776764,-0.355269945490986,0.158062630257308,0.367690610431474,0.0647214922765128,-1.16898104193174,-0.815881986851863,-0.0127384432798089,0.0365364775342772,0.601066297847434,-0.39714862290245,0.0188803291693025,0.342824207158503,0.314003189404962,-0.574760794131549,-0.380259512472421,-0.468194887118407,-1.32641324312854,0.0978930691797084,-0.265472601209781,0.202020238175148,-0.0961203554886593,0.000363477929895203,-0.0448258622028436,-0.365353380262706,0.379686363895307,0.899911482160471,-0.216239450542022,0.659808947920975,0.471311962900197,0.167605606864009,0.23335970252598,-0.142102849880086,-0.234984391573156,0.296999031145429,0.460543142095826,0.826224372512468,0.931844270630438,0.740043215606165,0.0844518750619492,0.0150218424498153,0.118801328361787,0.416694472322904,0.564356103219428,-0.0779482333372436,-0.0763079007982551,-0.438195097040693,0.237917939589591,0.14219402411118,0.819580990620093,0.197410532689309,-0.384293521371296,0.264028089411198,0.568662158506076,0.363843242240602,-0.751316639264354,-0.433679382575623,-0.764050069457197,0.233584790388216,0.330191292475748,-0.238856293221818,0.0671470804230554,0.449515807328061,0.620286131845005,-0.400409302464247,-1.10950510356441,-1.22527527255089,-0.517612727331453,0.0192739137200242,0.557937675577912,-0.093107929384393,-0.272762920832161,0.0668516166494797,0.245930926692142,0.649986268935861,-0.00630697263520945,-0.956613653394704,-0.538295379845127,-0.534557015769818,-0.390949085685818,0.772934339582094,0.0404217992742806,0.0577350195756351,0.127871968174132,-0.598477176488318,0.258509584638589,-0.399662399538869,-0.798238578115303,-0.215432191874515,0.75344525793628,0.391886208085778,-0.294982409480498,0.416226999176958,0.256055227195322,0.0756674498213522,0.0930521991625496,-0.236639883923567,0.00591901253769825,0.625021605784821,0.482102752227994,0.401399384152439,0.910789544979126,0.205374601160196,-0.592448236090069,-0.26971543767297,-0.423527587550926,0.218974770135025,0.292214975355117,1.16164679720122,0.965213432938068,0.662675999176154,-0.302484200521168,1.14956088451512,1.36609504281543,0.618086242249875,0.661157961011113,-0.404919880277554,-0.478888389063349,-0.722613911053222,0.0673144388480537,0.262790584167256,0.293832786188801,-0.0150361594859158,0.0772476411379383
0.121720705760646,0.0894000869354435,0.113300317416528,0.0463023563904892,0.12646261627853,0.212321838603606,0.211994867765711,0.156158267455439,-0.277060328495295,0.150879833242598,0.0539384549736884,0.0345564953138601,-0.106352089412556,-0.0980093989102504,-0.176136678822113,-0.112319967282936,0.169529760348646,-0.0206776531740897,-0.370034233888147,-0.00680892503045482,-0.00566137939211223,0.0307869151539163,-0.0478585107482056,-0.085678957280386,-0.138946199022081,-0.176806133096266,-0.1408110848455,-0.073442034584834,-0.433197462376675,-0.329203686783552,-0.278846378710903,0.359173426047513,0.16903369856031,0.0319892665093736,0.144747323348441,-0.141513995713462,-0.533762287674241,-0.237264041651162,-0.22965504298398,-0.250075712662599,-0.258915110065243,-0.262062022935688,-0.0973517095981407,0.011867118524231,-0.182120527133044,-0.039081583144159,-0.424773492154394,-0.323792833795794,0.0996427405588605,0.186546514026206,-0.0375747967803757,0.174126640992226,0.0192182415755011,0.257892748314378,-0.203202044119784,-0.45085708957999,-0.109320282250669,-0.408611110186247,-0.311751660016518,-0.202351113403204,-0.355710620556915,-0.181430297694748,-0.00579165706863968,-0.0549261613734686,0.0293945462535157,-0.333162448770907,-0.00326649247152493,0.0267278069229084,0.0117728915109139,0.121050794499215,-0.0212059656917823,0.220519264447922,-0.127918404547263,-0.104407300672162,0.178984712568154,-0.156215972965315,0.0296143666978635,0.0911939857524181,-0.221968835715816,-0.243703880171942,-0.287956182705029,-0.214331454145821,0.0414062247278224,-0.0450313339764337,0.107499629687557,0.149070877930032,0.225448871202722,-0.0504779432244276,0.0549447359824386,0.115183338196001,-0.303687838739903,-0.133548607053165,0.180177566261138,0.275251125279819,0.0195954387773902,0.21850143682323,0.065014793211618,0.317266845758184,0.200719646140179,-0.0800930282563709,-0.0387506018184301,0.120282782081179,0.134262365478072,0.101204280794014,0.0373103546282651,-0.32205071702203,-0.240493303455503,-0.405495941562515,-0.125224928526499,0.0422141251964134,0.201861597957972,0.126713094258589,0.0416996261920916,-0.118690099797887,0.167647289686279,0.319420500114804,0.27857595719386,-0.0179389878530221,0.330207601726242,0.198381977290535,0.487456544742315,0.166110456500736,-0.179173425877257,-0.301503584924687,0.050817879828866,0.150876573997539,0.0611343523440489,0.184599115113854,0.184456225277513,0.00258689309397069,-0.525803458224301,0.0666461593608881,-0.0911046439721996,0.116380700540878,-0.00557646321768152,0.221729890764422,0.326096364640418,-0.11907329639152,-0.0961535012388357,-0.251020236472095,-0.1099360362898,-0.585406756859883,-0.31204608195665,0.0805789914856815,0.163941135411878,-0.150559385902775,-0.0850235480002435,-0.00746447374063525,-0.220536072171014,-0.194944216629635,-0.0752788904182693,-0.053780458373167,-0.187321766723096,-0.0407072975912022,-0.0790805076469715,0.218512188735761,0.226256603613128,-0.118544100702324,0.21322964363849,0.0271714727482496,-0.0785485738327901,-0.15456219285016,-0.207626404339091,-0.0120149384722379,-0.00385644496587537,-0.259245217400775,0.104963219524656,-0.277099947784734,-0.0759311021245105,0.315335575035235,-0.117001087941172,0.229572165970204,0.366795655867198,0.180890661036832,0.284751961575177,0.0488474055022927,0.0212811976589779,0.00871815225674276,-0.14141843858706,-0.116742985055877,0.0897324069271233,0.21068573664225,0.131092039097426,-0.108262978001888,-0.066119497743293,-0.0790631300825956,0.0339448625856917,0.0108550389159195,0.274922802184709,0.377568269509022,0.403945085759958,-0.0401502025350279,-0.0595876288241519,0.272802102758081,0.142850108043543,-0.0975967472714575,-0.223511782121227,-0.0363406540285754,0.153164641662801,-0.0839717635325201,-0.220973678681947,0.174440938265913,-0.255782109385314,0.158837682715999,0.289560011683012,0.142558999138272,0.352860440864909,0.32565299164092,0.102334033741093,0.0585461238355345,0.124017177752522,-0.294150706598081,-0.39331444132331,-0.235438389687454,-0.154489639596181,0.0180730573743033,-0.0166059486542088,-0.179257616444473,0.130433616425408,0.0044396218994081,-0.331443629465722,-0.182522469596605,0.208048675517211,-0.276933912700184,-0.431041098910807,0.0293914227509388,-0.23761146963292,0.151703976362994,-0.168332690607697,-0.0155920298020766,0.00688186941737234,-0.0938363095000446,-0.0494040241098771,0.27731422296269,0.130644284543889,-0.105434447554838,-0.133231526059168,-0.331143610090302,-0.468148467728024,-0.334037219692827,-0.140587122048088,0.00712116548568885,0.154218801292193,0.130871704051488,0.187665031308021,0.168443305459513,0.332305733398637,-0.150817112048303,0.126007893211475,-0.0553663003568834,-0.0690647714747325,0.13321121534415,0.16735307308179,-0.13140437678552,-0.0239474563899492,-0.208625303934183,-0.432412789427728,-0.0710615634556641,-0.390343815670328,-0.0487274395200392,0.307905451009065,0.223233837743726,0.292916133150896,0.0513820370027827,-0.0166154158588356,0.0592551294818823,0.0999654320022507,0.283116663943928,-0.162125201184464,-0.0414601085119215,-0.583320535519152,-0.452576288411763,-0.343401654811496,-0.299414330501781,-0.118247416822861,0.0170329692967771,0.0862990108115465,0.320245841620431,0.0924028886232021,0.241923578778266,0.410493728344536,0.14269131039439,0.194159772365661,-0.297989351827091,-0.062909016840029,-0.0436769647936287,0.260532203986026,-0.00704100942308046,-0.317095065714568,-0.325575705723485,-0.405461829630821,0.229595206486202,0.237952715625622,0.325055941535773,0.167511187927972,0.0926084237339881,-0.237624753830244,-0.168853914542453,0.0562025691672228,-0.0579457927864179,-0.0838586069771895,0.0933090575278009,-0.207783486574229,-0.342996563135724,0.0182308930543281,-0.478738229282201,-0.325523276842571,-0.179167435532701,0.138834253852272,-0.0327218507167967,-0.125097495326095,0.00668153576142895,-0.0117835846674296,0.264376990544922,-0.233343346004909,-0.133551533057706,-0.340421442098929,0.0376024521210991,-0.00655085039471474,-0.240706404881214,0.0530816618726673,0.116536353654717,0.176138576380079,0.410898707363649,0.289106681629704,0.0752708127505011,0.0127774715871993,0.0147714311860775,0.0880077757981282,0.0685584853772406,0.0779224348353475,0.0218196221193422,0.233542524072911,-0.0326578342281997,-0.401160860111102,-0.141659203211619,-0.128398325547189,-0.242511717185741,-0.191803897625895,0.0381197187216557,0.192844214972224,0.0767835787243798,0.0369380452364383,-0.0438273227557529,0.162369674309025,0.252509936613507,0.219604968194124,-0.241517205538642,-0.280559726281304,0.0836282812683137,0.0130806283413077,-0.221868832749933,-0.0791266374115694,0.122851519129726,0.273689136613592,0.222143050269419,0.415004391263213,0.033840805066187,0.299993275953647,-0.0245845582272189,0.274417000340591,-0.00976327014279887,-0.366029273309723,-0.135781586850887,0.161761390528484,-0.480371060856736,-0.203365013404181,-0.262115427815923,-0.0684549432111205,0.1530815703128,-0.00470363672074301,-0.222053532170275,0.0563989675501037,0.133371810617726,0.175740226289106,0.124626116632132,0.0211430372101635,0.177240392164485,0.138078601317315,-0.238593474459186,-0.00591974542389299,-0.110168186893045,-0.167486033244671,-0.404125652508072,-0.390686871205651,0.090481832521551,0.138173421276026,-0.0509730108199593,0.0201051493464436,-0.000626189266287081,0.118048378472832,-0.151517936368322,-0.0846498089646485,-0.333620730601382,-0.21591740582841,-0.359878921175305,-0.280541724774372,-0.208069156928826,0.0727076954515447,-0.151298258092462,-0.161586931525608,-0.163337804080643,0.0909541515311354,-0.183802574350716,-0.0744088874952496,-0.0908108411030255,0.223562081687669,-0.0338018531019564,-0.0470834963131414,-0.196033131804237,-0.538923058406502,-0.442688382736289,-0.127966707914865,0.0891721940728098,-0.00908955224950077,-0.200014579546821,-0.201112634493046,-0.0956468557287419,0.00132060469195501,0.0968219516973444,0.0519188002127825,-0.166540894252237,0.225036225310832,-0.0185235075306106,-0.0449353023535862,0.118544929226628,-0.266390659872522,-0.0819445005170574,0.319804628711852,0.00577537482286815,0.0557419235245782,0.181992272228838,-0.238542661207956,0.0304944054927063,0.0451360334885905,0.176396026517271,-0.0139142829496126,-0.0252598054474107,-0.0188679455479941,-0.228418730655408,-0.0374380233856365,-0.381262199724107,-0.276817941991434,-0.00561403461380329,0.1733827167548,0.339745664547867,-0.126254804493413,-0.109815332191991,0.0930571715572302,0.0883269205115361,-0.155890099931673,-0.192058139509911,-0.069329422184639,-0.135870324931004,0.0639912008322838,0.218926923311243,0.196159664736235,0.140002108862964,0.108859204641823,-0.217350797137645,-0.154451227486145,0.207206802919525,-0.135204040437549,0.147771483557563,0.31272828383943,0.151411559999402,-0.0384125414825456,0.0423125871449237,-0.144362699417579,-0.100745314887666,-0.0752379946645019,-0.0504962942175098,-0.22017673034557,-0.0835703434552422,0.250862225673779,0.0702274804790257,0.259684403562677,0.159521547494096,-0.00336481592732471,0.0889040439956297,-0.169934439184541,0.22218902836069,-0.012204591413035,-0.196023648329571,-0.144925267372085,-0.38757767430101,0.343463693717191,0.235523404708802,0.0978891807731861,-0.103668120171696,0.259631149395633,0.284348005349312,0.296381582121228,0.265536960597599,0.106620636065341,0.0838731266996252,0.156814115632912,0.185052576744394,-0.180850722311805,0.198919446034727,0.170688384377795,0.52325199816529,-0.127005850869974,-0.037058928823697,0.0882646759227464,0.0734545391906343,-0.136582029920348,0.0312115440280613,-0.0348338610930327,-0.28034721547832,-0.389628756604473,0.049620832385437,-0.261424892167344,0.0600318548869734,-0.0548524061586796,-0.0911716949596367,0.041168701813391,0.0423639531612732,0.218624885464512,-0.207164110401844,0.240914304995083,-0.0439364150562882,-0.11863320263558,-0.402182393502202,-0.0246711077993966,-0.0284344781261893,0.251785064463272,0.0283116454248486,0.0347436576244946,-0.0104284596983331,-0.0465153463551402,0.307498046251306,0.153060965317282,-0.153673277897211,-0.320069266480646,0.250887812728422,-0.103436627865214,0.175538670868256,-0.205681650559277,-0.242088237404845,-0.145534527735352,-0.344811520965833,-0.107638816013823,0.0608053549947848,-0.052372319470684,-0.209665008627168,-0.2955297562033,-0.246076780010932,0.25763661168806,-0.0726807050482744,-0.129587283266679,-0.492231115997332,-0.395178576060901,-0.328339396308519,-0.0739978812526948,-0.201595155903225,-0.0486434505434469,0.292771315308333,0.242766745558847,-0.0272254960222223,-0.0725465401566127,0.0324555262670194,-0.0838019066532774,-0.550859506697593,-0.512165030490797,0.212392023051887,-0.13722424817822,-0.182506940725225,-0.0255409628215433,-0.136882694668485,-0.00253520015705804,-0.0464323867742834,0.151184363497477,-0.00993220991252895,-0.22984981346822,0.264839456404127,0.245427676362317,0.283390148677084,0.0562585018179195,-0.384615462101536,0.0610716306001347,0.106244887904706,0.0703630659427754,0.0647064913963778,0.16294530490892,-0.0502506156591568,0.0285643213754499,0.0973887279364477,-0.30204177041306,-0.0454389393182332,0.14319556085955,-0.0343759012963391,0.112098880215401,-0.0211280174203596,-0.0796171126875565,-0.121794137642772,-0.300367370769502,-0.317779911225453,-0.385481749596211,-0.335116982332099,-0.219676822993234,0.20415803125416,-0.0209341475096954,-0.0282744831419036,0.185440348680422,0.181298416337221,0.0887109334793832,0.101193917775044,-0.068864439883415,-0.0812988253268119,-0.315783966018033,-0.131861764405005,0.15949155749421,-0.116858226490727,-0.346683942033517,-0.137303533501228,0.400346394788578,0.278162423744105,0.269095096891982,0.0885537909411733,0.337498778789207,-0.080597066975562,0.339640253382008,0.319076914621017,0.33174110347167,-0.0201783679925402,0.231295827710915,-0.217735120082053,-0.0926403237504729,-0.057514816778276,0.123378094145712,0.0247680249128746,0.222718026888977,0.440179723205851,0.207350405218732,-0.211418794778282,-0.0900531840732146,0.190307868767948,-0.0996300689961011,-0.250870387370396,-0.325119605113131,-0.062736547797068,-0.249908854460886,-0.372722250599348,0.0291227093252087,-0.190674686644784,0.0659558373270456,0.15739593322548,-0.0961863082858639,-0.434670262707269,-0.266426838292535,0.0319417289737129,0.0179095622453584,0.292316282351833,-0.141222282140219,-0.0220425997079233,0.320185415684205,0.312247950290485,-0.198350976198504,-0.10670333300189,-0.173667795496897,-0.363031703084805,0.291490427695963,0.0256443832940332,0.00796811783286769,0.0339521841940197,0.154852237464498,-0.0229335824931914,-0.164091731913912,0.321789215630033,0.22820419380514,-0.10409841795918,0.117199272933806,0.216146605246201,-0.177686537851989,0.0398672511862748,-0.120841896019057,-0.164221148287268,0.011158108537069,0.272338928428538,0.462364741965498,0.34086859362933,0.349443871198493,0.1137055918358,-0.177116696722784,0.201952962470945,0.0389598335293837,0.257110676982442,-0.00630583146053016,-0.126426347261331,-0.165909204931964,0.138333208760309,0.0735382898424758,0.125912291776398,-0.109768681083129,0.152831445384151,0.0472408709199783,0.195934423362216,0.00170039063154298,-0.222168790705661,-0.150828954648839,-0.520280108376026,0.183528127984214,0.232817981360702,-0.0592065210155883,-0.0573694033702896,0.189165341068416,0.144900866101209,-0.353360267753674,-0.277721780012457,-0.457873771186929,-0.398729827355071,0.0897764806652672,0.269883994933064,0.105495964169828,-0.193699730580695,0.106047611568717,0.140609560384668,0.18361262804858,-0.0524447307445632,-0.224953902624614,-0.132422872546118,-0.364777455751605,-0.16723946067355,0.318777601513162,-0.0480089952811325,0.00438166296448416,0.144625298050793,-0.356216151350742,-0.198502077407303,-0.0851454340944579,-0.156860188949497,-0.056634724208073,0.177479313916687,0.255265464842528,-0.00493125677615872,0.0320940337283977,0.208440059549518,0.0218241740110124,0.0700025869313391,-0.0972074138259142,0.0305776126930608,0.249699649082968,0.256047721795081,0.164458198164568,0.406351725778951,0.00090032203414335,-0.304407870306935,-0.215992169250361,0.0109649754267942,-0.0827144460720636,0.136712392865397,0.30118158165267,0.339758397323924,0.16934892628841,-0.227466873736098,0.391946689951383,0.70495705754158,0.217034331691092,0.305088408781839,0.0423384267262901,-0.336805236128983,-0.374447650764976,0.149223401010661,0.163891179946402,0.0495212726773644,0.261146443432049,0.0781229071414871
0.12294286909147,0.156217475652136,0.114883246531156,-0.200720923303164,0.123790509429251,0.137121352788696,0.0057027253214591,0.142838274083075,-0.134744859973051,0.0772325959202932,0.287495755017537,-0.0898247825983651,-0.0796606861707264,-0.0539993813811768,-0.366541761108295,0.0376979958564025,0.220619626468998,0.190106590698846,-0.210775536416223,0.064958259977829,0.0681415233090852,0.0507561748703048,-0.0268605983800376,0.104750325684494,-0.291057734526198,-0.248897137828044,-0.244833493613116,-0.00402552021860195,-0.398275927931468,-0.0567536499046054,-0.365625328234547,0.549533197423614,0.192198621654968,-0.170196092024508,0.111540087686025,-0.0638982545388588,-0.43131582435178,-0.0895327571554452,-0.154357643036868,-0.241971145630085,-0.179499621855579,-0.353008708443027,0.0304527272320457,-0.057980989377565,-0.2412463049525,-0.110498284555557,-0.542653315576208,-0.258965720685598,0.132361047352534,0.0476391348302146,-0.121632102301913,0.11912383962547,-0.01156400821534,0.145506320799151,-0.240964946002286,-0.20744932049342,-0.297674819296755,-0.309345297425131,-0.150988026807607,-0.217439495106072,-0.433103818978151,-0.0650453685288084,0.00563061395742886,0.0273548700987202,0.0187749126914165,-0.215431310778367,-0.0408709759866413,-0.001026641848637,-0.0891289078519852,0.271589586035006,0.099899466139663,0.0521434372252302,-0.130716697346146,-0.0894001303842318,0.00110512519632484,-0.184751930281783,-0.0707278585267395,0.0873231151045439,-0.0914257333815365,0.0100470638784879,-0.256550922098199,0.0276922771933337,-0.124520154456859,0.00346913505620904,0.139174798903131,-0.101298131726621,0.183521822082811,0.0766498399091397,-0.0821934373421011,-0.202032674038187,-0.278816526901041,-0.0705501058354257,0.294959227279166,0.239560704705152,-0.106269535649553,0.10618301010637,0.0835668607230447,0.443081024049847,0.00209774023006676,-0.382109917675499,-0.153359827896446,-0.0364313009716506,0.136564765193715,0.0132424238713806,-0.124996522427341,-0.204772820724314,-0.353646808570666,-0.317366449615025,-0.132811663785218,-0.120578154741023,-0.0599337655069138,0.250541608509549,-0.00318188257218561,-0.221460052365097,-0.0199359326536971,0.307227059600027,0.147768666000476,0.0530445741271948,0.224040130959099,0.296971190138767,0.387491141455701,0.0507464972981822,-0.123479879968874,-0.0395050254005513,0.0750320552369228,0.279493981263498,0.013504959292245,0.232535485211909,0.0060247221600304,0.111929113861849,-0.349014281804474,0.0337983156791628,-0.0190020005896712,0.202879261591272,0.172278899714444,0.228644066346922,0.153098145541028,-0.0549358093749697,-0.0777634467607315,-0.0302353935433579,-0.307916990566845,-0.506960359622946,-0.343124398529594,-0.118341806264227,0.185431176762803,0.0164251788355222,-0.179686972971783,-0.238095389323339,-0.0293004240941714,-0.178217055923114,-0.20689193120512,-0.113794233614622,-0.179691228819237,-0.0379735130045833,-0.0370566914487388,0.113257000467141,-0.0684786314951006,-0.139350923983489,-0.06846159315301,-0.258512406647317,-0.0614693781644021,-0.295069628029865,-0.117083085248469,0.156080493113575,0.0302145445366306,-0.130697024400717,0.0158406720955338,-0.363872265157938,0.0723711996337661,0.235676059909301,0.089959378746665,0.329121251564314,0.129485967832673,0.229875772332175,0.354913728051101,-0.192187196023621,0.114890432712047,-0.157288052647269,0.0170003036039327,-0.0862856383640886,0.132932215375806,-0.023601946337856,0.0784913955451028,-0.247580501011964,-0.0574828983928212,0.027743417408868,-0.0395387961087358,0.0344974569764708,0.424983842246984,0.334855081322469,0.384685994613231,0.06300794100646,0.185237542859226,0.382141537434312,0.185989896529122,-0.00385737407392281,0.0449290400578815,0.0251611749408823,0.297609181348469,-0.135115610032505,-0.0192245699098669,-0.00316597338155031,-0.2294873202319,-0.214984629349009,0.182498304646746,0.201291260481368,0.22013240024865,0.194488644388823,0.0718013686470347,-0.0548167020438536,0.188479611675303,-0.307459228666403,-0.516734917617574,-0.134130643615913,-0.3589845452898,0.00241533450484627,-0.127723692468686,0.0427709436861119,0.296304671189018,0.0772046311845985,-0.130951576328667,0.000534648500099072,-0.173475557024677,-0.155476763935158,-0.48240188969407,-0.0727665097811684,0.025836217247948,0.151191821504986,-0.151780913217283,-0.0989479656839383,0.0960782926563761,0.12887080371126,-0.0328157762918118,0.387026631632105,0.0883464907202827,-0.134385879888318,0.0336215590995514,-0.248441590614108,-0.388647391265359,-0.302815746595619,-0.0639986740048861,-0.069560508505344,0.0293730529309377,0.129533764258532,0.351540772323317,0.137352106216177,0.36962097899004,-0.109742114974064,0.0735796324577898,-0.0949735348648247,-0.0673145812662752,0.404985758598808,0.0760074880979942,-0.0993908902306018,0.188093423602056,0.117531680967198,-0.110465664074996,-0.219590429945093,-0.414143996765087,-0.100390504107447,0.0680397638283957,0.147162768735066,0.397042683600222,0.0211463187825101,-0.170903107201345,0.161403557787749,-0.0538178465475873,0.195024877097326,-0.232308298104044,0.135723867557628,-0.656515135399959,-0.510586730933817,-0.403449335948869,-0.278644570370915,-0.102320358928999,-0.0192510077250149,0.0254574999767177,0.366350768775684,0.0661974259352368,0.264173016532985,0.186532684044156,0.205122507411883,0.0674463497739314,-0.209699831547058,-0.278819115549356,-0.0698646279633137,0.336739371406783,0.16265935040185,-0.000645718468856388,-0.440985441223507,-0.121224675579104,0.36693728289093,0.285959587859409,0.166906867340687,0.148403957069437,0.0190460489221036,-0.106170161710903,-0.241170821195787,-0.00499909602032671,0.109831650910051,-0.088616469430991,-0.0860037183211742,0.0389584578226364,-0.192199094651818,0.0744012428217098,-0.398022752181466,-0.259820980669534,-0.288497719071837,0.0651770142533238,-0.119497538947956,-0.0906086947386459,-0.0197346741918778,0.0389072296547854,0.102017890321791,-0.214879764092934,-0.2646201568117,-0.0517763480646956,-0.0525404909582824,-0.0219604163305542,0.00511792628673079,-0.178823516297507,0.0264936271192793,0.240428581403653,0.417366607422916,0.464290855696672,0.114969747187018,-0.0612393127068671,0.153836423993889,-0.0492598951756728,0.0916382429806605,0.178129269902681,-0.0391952051436084,0.265790017691971,0.014757227429486,-0.327298006033932,-0.000135673937817667,-0.233642795660649,-0.232004962871745,-0.142581095436777,0.180306921741876,0.4176965672396,0.112945048401761,0.0933589731266442,-0.124695820268838,0.0417249518996973,0.134017034627115,0.0649351910777266,-0.162335876627478,-0.274008350047651,0.145761577817046,0.0905477581912553,-0.197870482704999,0.0507772090460406,0.323623628670627,0.339877576856758,0.382324259513378,0.391672057129188,0.0257355769099146,-0.0793262845524396,0.122551380862059,0.0934522607725061,0.132496397998503,-0.245044168452664,-0.148747673254183,0.0572546458754853,-0.431129190291079,-0.223929065270286,-0.224931103752765,0.0771478509588357,0.16163126555982,-0.00817771809198944,-0.305161855867854,-0.106565384602547,0.259667727713479,0.0283439801839525,0.124567067358197,0.0333832410529639,0.0930393856821735,0.299509692085177,-0.179635044040131,-0.126172134642628,-0.158035178117604,-0.308366397195059,-0.571999265308959,-0.502922064676487,0.14335228447827,-0.285403265721907,0.0430570558493046,-0.0578877887870521,0.139033381668238,-0.026347447721783,-0.109730178141794,-0.0394944109956818,-0.133971482270286,-0.152571263409069,-0.380379286741373,-0.353791480167086,0.0046352941831066,0.248789873872288,-0.00506486900194291,-0.135494905619764,-0.336017886667635,0.065287662615804,-0.187132881171988,-0.0954478298928283,0.0635343411042412,0.177111056799451,0.0108961718316798,-0.0652694638135506,-0.298558823507774,-0.436808062549675,-0.133686130371583,-0.0726309867974025,0.192266547946303,-0.252755463266542,-0.227970342734601,-0.0970643801021442,0.0979760945028862,0.0627768642937677,-0.0354702933761633,0.0508543996903992,-0.139514753412251,0.330715878450368,0.0319487107459211,0.237122112197055,0.166719083726523,0.072543633011031,0.184428610782766,0.268437540607857,0.0596545696579296,0.180516886851148,0.0767655589422316,-0.0493975436026538,-0.0628412789253931,-0.0183904584659463,0.128060800267427,-0.115529964546663,0.248623706339447,-0.12376597697708,-0.28800216410195,-0.0990213367467711,-0.292960903167636,-0.0677803434200554,0.00379525703446702,-0.0734426832715391,0.129115272015867,0.127436491699104,-0.220941823167454,0.0137619931747694,-0.0368005128686639,-0.189490987462032,-0.144691557780874,0.00398965070110444,-0.00653752962357078,0.155238827398052,0.128230598580672,0.184433712076446,0.209612673955925,0.0473172361217462,-0.169103971161158,0.0556996071891618,0.213611837461701,-0.142138796735262,-0.0674271754645977,0.124031458271173,0.328534770060192,0.0634170264714939,-0.0269779789733068,-0.102838776145472,-0.0599828607300455,-0.197190998704426,-0.0810731806992906,-0.0370602809462364,0.0600530002447947,0.33347371263337,-0.139351774993849,0.35099078220726,0.104754470160266,0.136347927652533,0.182760609495021,-0.471160316039476,0.148546136472778,-0.107984972365665,-0.0517187390346767,-0.265355452071642,-0.461552809317335,0.358269445985998,0.280827230454583,0.218864411624068,-0.141712704404826,0.143627523921322,0.12413148822067,0.152998549930425,0.297119431008557,0.146496318522017,0.0403295103638325,0.0349262066375793,0.225141789410096,-0.0836957109123874,-0.105053506398392,0.155025087070683,0.514822574489874,-0.256992017186267,0.0462056068164666,0.277820517031198,0.229118298591016,-0.123806182772014,0.36864893294152,-0.194887247805797,-0.39221912492477,-0.34435615951036,-0.151833239894612,-0.0942392054667314,0.162649971390519,-0.0147024208887449,0.215292711631918,0.0197368522705497,-0.0221666763285518,0.133786802092576,0.0160321010995707,0.281940151156582,-0.00623939897345562,-0.287704120044394,-0.122665692841725,-0.00414224009789813,0.0135255460509333,0.123368817952006,0.0315551896444785,0.101007787228782,0.217575309343242,-0.108570172160549,0.439468114066144,0.216201299591505,-0.194783481372428,-0.0727179129118936,0.139456396261475,-0.0678110986262557,0.237169232737519,-0.20447059245892,-0.286324533098118,-0.220435050647975,-0.0657818187341532,0.219954959517502,0.0755718291158907,0.105297576038505,-0.267470364788747,-0.156548925503523,-0.213428574376427,0.129031231730516,0.0273184663045798,-0.158795983515319,-0.160902260927451,-0.431202535113276,-0.304680886642997,-0.200077683131105,-0.0435558645882028,0.160496358136552,0.261721062327404,0.151789884557268,0.0449529300794345,-0.333436810689134,0.108436251198678,0.0228000506086327,-0.75073925246515,-0.434265720703375,-0.229761294107676,-0.0367593795252648,-0.0946232057363489,0.222964175527144,-0.120383949408967,0.0920066876059751,-0.149502976043411,0.115786297271644,-0.119288680146958,-0.0891519974328181,0.458588178500463,0.320857616362564,0.158084845090255,-0.127504099462221,-0.253005412706713,0.0209298647311666,0.188137533083531,0.069400259100175,0.0120431601056002,0.120344239806263,-0.136675110663682,0.0974068549372643,0.103732974493186,-0.106893600063259,0.0702885398424351,0.135011140924623,-0.00198636222326382,-0.053618528931311,-0.147055788638472,0.133304150201566,-0.066577096734994,-0.37639955635183,-0.378374474381481,-0.124384623226002,-0.285348270688316,-0.16597954970619,0.0772935198895461,0.114538601570478,0.0762822722909939,0.186162880949018,0.0353157111215887,0.207885926735698,0.0250218468732887,-0.0237258630443048,0.0151761269028812,-0.231630501940408,-0.130469779189669,0.107179415740802,-0.119071293115043,-0.197121083604761,-0.240659808782797,0.372368597073855,0.435064370341153,-0.167752740023726,-0.00438232894518269,0.0324023001089183,-0.120615275665799,0.468088607642864,0.102893546796297,0.286076556015719,-0.0248341074385468,-0.0136747100832732,-0.0890790351187538,-0.00416913415134076,0.0908013656561527,0.124726252077206,0.226159206904238,0.274513615806108,0.304523072364442,0.204251055097994,0.0167738070886568,0.150621012599843,0.108861658770975,-0.130042231587785,-0.382761266783642,-0.471349025231814,0.00285650018500058,-0.0598680608679706,-0.212945455382279,0.066811153145137,-0.041187024245569,0.182310947865457,0.135782345535673,-0.184143460285403,-0.251693677816207,-0.409814883797242,-0.0640873774164943,-0.028485248664877,0.0665812909132364,-0.18579614079991,0.0547387947895707,0.0167364583224814,0.0748920929415868,-0.253697493422565,-0.0842708622774489,-0.213148601232062,-0.625000894999744,-0.16986514899298,0.0413150781654157,0.184707695777758,-0.00152891530527885,0.0694042545666031,-0.169531815902593,-0.319618955618043,0.133186444251709,0.0735159113412328,-0.263299161779408,0.256005270362717,0.299678160675926,-0.0657383271320281,0.109212319047272,-0.331486523775114,-0.0392299525596339,-0.0176269574136775,-0.138319230541532,0.177929199010654,0.196732073787353,0.10759597979865,-0.107425282388241,-0.161121961194636,0.0845105298255834,0.0909015675832547,0.130574650598537,-0.154997280832749,0.000917759872529407,-0.141620990203858,0.102215477432744,0.119646633034062,0.21849418216911,0.242608836270969,-0.255099501869785,0.141403499550726,0.220077323220253,0.206842545663673,-0.0699082647410444,-0.13481994058647,-0.248619019653239,0.0430932493825023,0.0646396523406791,-0.24740981822384,0.151226109631698,0.220017387639774,0.11226757830284,-0.27669106780655,-0.464345284200948,-0.364713004063219,-0.166985839771327,0.13995942996937,0.298911344543696,-0.00695327598133316,-0.0894851185606406,0.0280973477005429,-0.107367704690274,0.356510320366902,-0.0268261489727098,-0.434917861713989,-0.165006328221871,-0.286031188268361,-0.12970120348145,0.0179875629522681,0.0151976814105415,-0.106585547095142,-0.0053782050116779,-0.199363588787524,-0.198666069682207,-0.106549856947615,-0.366673581012923,-0.0634373586901844,0.328059398372657,0.165475851936995,-0.207879400113655,0.153764740269217,0.179953490317387,0.110837547389604,-0.00306520881804444,-0.359892962194545,0.0374971268505501,0.176836084761861,0.330771636680123,-0.0127055667744817,0.376700012072517,0.00688912909129538,-0.321324137423008,-0.122253219660288,-0.108789111419699,-0.087405276693706,0.157215665021459,0.202567403486288,0.409428612389005,0.15036553146097,-0.102876234529057,0.298178205769871,0.339102586106902,0.323446471784854,0.450690259792558,-0.0868028669365082,-0.21431365806375,-0.333482686012941,0.0152847292895662,0.0498743967139771,0.059013368481385,0.193238807522373,-0.158974210091599
-0.185088000137757,0.196103245559526,0.054028302713708,0.166340060019003,-0.00456536142120742,0.0576447389808303,-0.0812240509346599,-0.0392077036523041,-0.00136451682809669,-0.0814620749868041,0.037326433023319,0.0501797238277002,-0.140004355901401,0.0765993103012069,-0.0390108758736229,-0.00189429607989902,-0.114662844812902,-0.117089686787149,0.0630724998713491,-0.0828287062482305,0.0389735173176682,0.0624568983593176,-0.00877716396439505,0.187698160662241,0.00743823185683562,-0.309137689216434,-0.0521062990355653,-0.0197880850613479,-0.172746594779445,0.116675488783299,0.0171494088375816,0.0685315010095869,0.0151481040138458,0.0577832364200704,-0.0764878503428703,0.0553266902349388,-0.130663146738484,0.0805899155484674,0.0155519115212088,-0.113658683816364,-0.236751374033869,-0.118094740966245,-0.0402526671130002,-0.0537571818360103,0.095125618116903,-0.149393820229089,-0.17131601708196,0.0132010861255389,-0.262500876180004,-0.110742993257128,-0.0123720851678302,0.186256215503379,-0.00315890654996726,-0.0725466005715653,-0.00862357042143488,-0.122025361521229,-0.0217793678894672,0.0747540567217002,0.0416752385516522,-0.0140484358292505,0.0410975531878249,0.146337530417932,-0.0862764836490138,-0.129234151233414,0.155845377050763,-0.253262335110295,-0.0375742661169105,-0.0807676605090049,-0.149012857389231,-0.125420885821791,-0.0163653374501609,-0.0249738095204251,-0.000608143013781443,-0.0788615321895516,0.0651497987613449,-0.0616600087774809,0.0231410571635025,-0.00254974320237649,-0.116645412113585,-0.200948372778287,-0.0234111984990008,-0.0343070893833422,0.197149296237226,-0.215263620976683,0.0143760678109328,-0.00289706598364832,0.0200650696275052,-0.134750407170738,-0.361952264317629,0.0861816860027289,-0.0712489072524067,0.00369541473633821,-0.159525133362343,0.109807884538947,0.0546193919942885,-0.224553101706426,-0.088148349594736,-0.0451499827304638,-0.0588189117360226,0.0729912497588002,-0.0762768777221782,-0.0472656132322403,0.133334682785089,0.107988680999913,0.186178354001491,-0.00651107771306658,0.123789758979888,0.0340074602533979,-0.0443485506892669,-0.0918534751747972,-0.109032695132156,-0.0598058308190196,-0.0179975207113689,0.0752325899068562,0.00633699243457535,-0.125157848142771,-0.0948997010267598,0.0744021506666459,-0.0697764442414495,0.0733365155816799,0.106692017840447,-0.0975836984553465,-0.0647276880076029,0.0192169116320196,0.183717064296013,0.175364552089031,0.171869238529998,-0.0498568738679861,0.032445521114128,-0.059502282662389,-0.0687180031428559,0.020229216216283,0.00370170929502383,0.0972219661293744,0.0182168576179861,-0.0115076479068153,0.124626916754598,-0.0402856885132523,-0.0998849031823539,-0.0756772583794613,-0.179078523907335,-0.0647537907202264,-0.0533765522847448,-0.0845135466120107,0.118356942381749,-0.0584514693659932,-0.070668452725896,0.203245888434006,0.037406386909329,0.14405642608803,-0.0542617284981561,-0.0210374572150179,0.0448366958553948,-0.119478262301556,0.118346184733261,0.0747656616845725,-0.053267226252081,0.0495238041222025,-0.0335035587566188,0.0201488138190179,-0.0731527612863205,-0.0746038061422072,0.00604741192414091,0.0256877013045641,0.0393182877306339,-0.221968638825856,0.0296051623793115,-0.0187842327087001,-0.0249458414549349,0.232484144125216,0.136936608918682,0.136090804298954,-0.0664113219132905,0.0248425839133849,0.071645061165184,0.11923262184257,0.0865056631357732,0.076530461847033,-0.0438898153569672,0.031165111559079,0.0536966697072383,0.0520249359213334,0.1406640737184,-0.133217531680863,0.0386397669309887,0.145475149918179,-0.148080353676625,0.0626213135602164,0.00867186791297909,-0.0348015924884096,0.0121736255869531,-0.105228261922687,-0.0350383982586178,0.0929608180508674,-0.115423940748993,0.116565121429797,0.0254257464511576,0.0433252563432441,0.087440673130102,-0.165619384467796,0.0648170871070328,-0.00800020608474264,-0.109406165033294,-0.114996960238064,0.0627264968678018,0.0567109136327458,0.12174276494133,-0.00741030617218045,0.136483624214239,-0.0457313583985009,0.00254684097365132,0.110929452018588,-0.0889094668733039,-0.0484670356439328,0.0100553306544937,-0.0182224435893885,-0.00850334463553458,0.0459863751268806,0.0970485880762423,0.00985445995417545,-0.0583634464749856,0.0620055823617867,-0.00353320835433187,-0.139062889781209,-0.0429079935939866,0.133992546144324,0.0328899709559017,0.0838945203584565,-0.112317370260993,0.0433807428713673,0.233440666401538,0.0767186972572318,0.026400910696826,0.00983648799608849,-0.192466734619338,-0.0995843646515238,-0.125331450589025,-0.167721796546526,-0.272630256228818,-0.0784396510476719,0.0263522646703632,0.121677283244743,0.0291280393731743,0.0260269296442814,0.00986244279625043,0.0084203025797527,0.0149971227172679,-0.123822217530916,-0.16014845144957,-0.106587585169153,0.0164585705613265,0.0686173110188809,0.0691309874319567,-0.0140381759686074,0.173877958837975,-0.143826833920129,0.0398907906354108,-0.0264558955031722,-0.0568747826989038,-0.00314669624093168,0.109214977399694,0.046796981474045,0.0625872118406169,-0.120913163040431,0.19915307134864,-0.0301687058008243,0.160235177320027,0.0495594319714326,-0.0051472443488182,-0.069873606130697,0.0486859032976836,-0.0290061693967758,-0.144515437424679,0.0373320709996524,-0.0977475646071871,-0.106053250484326,0.0268662774121724,0.0442551828686217,0.125623707408176,-0.0407303690571668,0.0869133948892821,-0.0314680724443394,0.0220530777805271,0.0219576109875751,0.191254530693347,-0.0750320218666977,-0.00270791258415211,-0.0136420757788922,0.0239710383127924,-0.050802977686475,-0.0645064150685999,0.00426443158895068,-0.0374240855956693,-0.0510517119019879,-0.0644409460673031,-0.0968269991097262,0.131609860296675,-0.119258694330494,0.0101615565153929,0.0185162187831759,-0.126273056410472,0.0760703386929175,-0.0337764090819763,0.0297438044422829,0.0170901079481919,0.0595109854635703,0.0839526162639325,-0.0301727386858611,0.0152019997791289,-0.0379590436729768,-0.0963016678375776,-0.0875649535562302,-0.0754824614226066,0.0138638795111811,-0.0166000787474837,-0.167848296018465,0.0707717879665342,0.00497883043982592,0.110066878473793,0.0658967691211707,0.168911174764194,0.113629943775953,0.00730420770443214,-0.0627021534398773,0.0862664656747773,0.142169347880873,-0.13573304253761,0.093442813996975,0.0312208538513485,-0.127834433434086,0.0473684576843162,-0.0560873626960348,-0.0578513895771619,-0.207943040241325,0.127592822956525,-0.132208308346054,-0.110559582464246,0.0089552011767207,-0.190112271941422,0.0574538192218803,0.0234374042566598,0.0107296174320154,-0.171044375287412,-0.146129705611835,0.199353432184215,0.0985479938133237,-0.0630190116099672,-0.117321490473691,0.0528729429389716,-0.0397355989544437,-0.0494252686682445,0.128747473817543,0.0101850388866844,0.052917116414422,0.165090447549402,-0.151502679107628,-0.00393022990605257,-0.022850695250572,-0.101906160957592,0.0484225355144036,0.0359036480437152,-0.011813328028135,-0.0153574482146233,-0.217788409606985,-0.0498300535682255,0.190495596169272,0.0172085251745338,0.00253350836200311,-0.0544393608487618,-0.0263291039105896,0.140817962973621,-0.26610963915613,0.0288542080417768,0.107903394671986,0.0242331976522205,0.0990396799839086,0.0536598600578834,0.105386327275031,0.13135302152189,-0.0756507612186938,-0.0964400691813666,-0.301447276611547,-0.160575851288377,-0.283782032400556,0.224410147762903,-0.152455568651766,0.10532751916867,-0.021140390566146,0.117056530072597,-0.09734623982492,0.0120768537038458,-0.0949807636821924,-0.00576986926636446,-0.0270311103346248,-0.0852428316005945,-0.184641378746337,-0.0838757540261168,-0.0537488022310122,0.00581000752275236,0.0508437501831611,-0.0148515460753428,-0.0950057465064489,-0.110901990297668,-0.0682360746855485,-0.107714013598496,-0.123331351417983,0.067251565562594,-0.112485916104909,0.0900209342442202,-0.200213440831347,0.204471052148897,-0.0357797897457258,-0.160683304003604,0.119335443425581,-0.0938915402095103,-0.0502930722326033,-0.187153117992008,-0.0660385133841432,0.10286923551303,0.111685400452631,0.131839186926133,-0.0448980339810978,0.0766355172786483,0.0534681858263023,-0.10513257695854,-0.0949629287768787,-0.163804530999556,0.0210247636686512,0.091337068871317,-0.00643397180787041,-0.121081939669735,-0.119932706424894,0.038324647961157,0.0310084326437742,-0.208620658178781,0.146747579774469,0.0557840297304548,-0.016993332558803,-0.079912333768902,-0.0827401649291272,-0.135827115265837,-0.036700917666767,-0.0869725593385834,0.088711147797301,0.0798031583692631,0.0547830818151164,-0.110257474152158,-0.0161958963417712,0.0798532749217333,-0.0964378689615888,0.00967770123242204,-0.10066539090387,-0.0202340193849576,-0.0422716953188821,0.220039707474388,-0.0138078817617251,0.0985200397197831,0.16614464810026,-0.0536173028290615,0.190710934551055,0.0822726253273848,-0.101488718317831,0.0622560222522597,0.116608408718892,-0.101356700227533,0.169147114003945,-0.0157639125837557,0.0123767231481799,-0.135011691787226,0.0303644619323398,0.0259803038551075,0.125491094989889,0.0921191287213129,0.128318131722615,0.0645744961073691,-0.0350471964995782,-0.0743616438945666,0.239127674762532,-0.0105981687210349,-0.0926197911737923,-0.0940682923737222,0.0635966968000598,0.0483189877548196,-0.0495570261867411,-0.0294058144015705,0.0997118073802533,0.0436117718609974,0.0334871501892583,0.00967085080676448,0.0958933330672672,0.0403410528016314,0.0621394017871622,0.069114112769365,0.0487240611972961,0.0540687105535504,-0.145293255913759,0.111730724043085,0.0054301122669129,0.0244607907108849,0.239712334784886,-0.0697711874466521,-0.0892313616570126,-0.105757355751252,0.0713047941156009,-0.00764357135948805,-0.128932476317902,-0.192767349369456,0.125821704058128,0.0412585855432429,-0.0307245129101611,0.0670790461453416,-0.0581087224943808,0.0776612718184128,0.151565567096292,0.0893404726310533,0.173222143506506,0.00530565716719256,0.0169164518661764,0.120412547828181,0.039403450671568,0.0528798077702286,0.278014666554658,-0.0763394428506864,-0.149931644748558,0.1279950456808,0.0431191880599557,0.210966017140187,0.0107286390411049,-0.0507603229180262,-0.0909272407120471,0.00752168041295191,0.0486316764633115,0.12375110109904,-0.175478766170035,0.0150286978341038,0.0422375530374944,-0.0340864209467941,0.127505563788798,-0.102894259322356,-0.190984369513498,0.0188893553812473,-0.128685959243192,0.179561684183186,-0.116305592365568,0.0433773909338591,-0.0479591454759068,-0.0615633317796484,-0.0826948475413702,-0.0950585314144932,0.110956153073905,0.0542435211675403,-0.00178872896984231,0.0181547641308263,0.129946139715396,0.0239067804257687,0.0773147277626876,-0.0196994337035723,-0.0625771597774792,-0.0111183571295084,0.0792816654034089,-0.00573694451420213,-0.335713411020903,-0.00410115193471637,0.0265203978084248,-0.0997549196603246,-0.0395738727039284,0.0247743623813015,-0.0185881724344415,-0.0873398815808703,0.00922491010367747,-0.166740274254334,-0.0716818993595206,0.0719483893424888,-0.217530018345356,-0.0403671261333837,0.120440055476983,-0.134936870405777,-0.0426978780825293,0.0807338569356209,0.125040670621794,-0.128453522500639,0.214943749815632,0.160836944737414,0.0931582065648841,0.186512736254113,-0.132849835555079,0.0539075208878534,0.0266471433860848,-0.0484277145798751,-0.0721316048975247,-0.188152697193566,0.100309325303486,-0.0516998886306756,0.117923298441528,0.0600870040885895,0.0221074332990245,-0.0931459028243507,0.127124665717819,-0.0809085897513994,-0.18618173058456,0.0448019432955202,-0.152207318496125,0.095033484691413,-0.0285427675640215,-0.172750375189309,0.0461234342500788,0.111862251784608,0.0607749621837648,-0.0260223002297631,-0.00946338838065566,-0.0130973847402398,-0.0327183471903657,-0.0393009389099071,-0.139212600184528,-0.0835631310722377,0.181840191686373,-0.0501988120714752,0.107405046636129,-0.0311910688149063,-0.0506275389134222,0.0846910971298407,0.215755161567964,0.0812179686730601,0.00278032470650858,0.0414336578012571,-0.228161977941963,0.00940247966189622,0.0245316602448639,-0.00125635773255033,0.065350395882731,0.0847420349692071,-0.118545072783088,-0.0998139278760511,0.0856288034832157,-0.0125757262263562,-0.201231251045038,0.197072664571162,0.00282828637747362,-0.0106713375807124,0.0987600452157327,-0.0690918337590966,0.105718616870497,0.0578335822427662,-0.0117699967123914,-0.029090961827449,0.102751547619512,-0.0213996010336245,-0.0161420255885645,0.0753347380607799,0.0192729419965012,0.00296818491267718,0.0889538937374993,-0.122671856425052,0.0236190896854503,-0.0980924137383357,-0.0935281380625102,-0.198071557892454,0.0491845184579571,0.220626834791941,-0.0232896457039979,0.208754176213903,-0.181325802778355,-0.0840933415271156,-0.068511097366699,-0.0247942628508746,0.0380090987807554,0.0116030717685986,-0.000523479132235782,0.0103506073675252,0.0660587763926628,0.0787650736984584,-0.109641723377886,-0.105271549862896,-0.0929664713454151,-0.129114691970379,-0.048810916077098,-9.05699403545134e-05,-0.104767637299481,-0.117479496056877,0.0362853266644064,-0.0998506223970315,0.0226348984412929,0.133803638931743,0.0340950911817266,-0.0751182430465683,-0.016728251198493,0.0367910454748635,0.139382561854427,-0.239959942850777,0.213720110496541,-0.216868632804029,0.204183807295191,0.0775217351763332,-0.00451971602102236,0.053690829512781,0.0794704309175736,-0.254228124170921,0.03265017993215,-0.0855544247303335,-0.028161203220324,-0.213676031106459,0.0766238632255568,-0.152070291961776,0.0513746471775746,0.0954680956671055,0.143390044424095,-0.114023140519717,0.05994367964037,0.125879182564487,-0.126068106967501,0.01244896822124,0.0422231296738021,0.0220856610897815,-0.16546860914909,0.12726762812077,-0.0675353660483989,0.0262439528639394,-0.0938285899175497,0.0439659202901746,-0.0611987973386692,-0.212884071030936,0.0534845879074626,-0.0039611394107657,0.0491841984532428,0.0110757592525732,0.0272817421375409,0.119685567140686,-0.0277425843512034,-0.0489785185039348,-0.239461525722684,-0.234496279331811,-0.118567603782186,0.000522657469912913,0.0867269493953404,-0.0215203462887028,-0.163545028403544,0.0223009029097371,-0.127683978042803,0.0608381661347018,0.09204015207407,0.00967793582899562,-0.0650789399083562,0.131103569644173,0.0324448798037273,0.0627657137102387,0.131423894579135,-0.0274933778524389,0.00361395144745378,-0.0347513181717602,0.234145698085669,-0.030012267314554,0.190567451872312,0.134524714642476,0.288504761327035,0.132285886825802,-0.062468268031317,-0.110328704190555,0.0586078480026756,0.0261938669886108,0.0149921473061526,-0.171008120919191,-0.148633639241082,0.106967916308535,0.105797610726494,0.021967483135323,0.0243680054946186,0.0155448895363775,0.0348613423227241
-0.187856334411081,-0.0168577338931146,-0.0533681531391304,0.204935994209236,-0.206049613210476,0.148807477367563,-0.199653242638987,-0.104267666827468,0.154365354631063,-0.109786292698629,-0.0917495975823245,-0.115216989445651,0.0763161918777448,0.0956903918961267,0.23038968047906,-0.0341455631138811,0.0386396364539776,-0.0597314112266296,0.212646843171882,0.0817465367762648,-0.181948917868999,-0.162105825720102,0.0214162653106559,0.237959836567328,-0.0585314155944149,0.219534324112928,0.180537006626693,-0.00486030570469909,0.342282091610816,0.1148193120152,0.160791072460555,-0.234344729422124,-0.137038597490865,0.110135414515101,-0.131882552995662,-0.0206230587860859,0.140183462439435,0.144461186718026,0.168655735196645,0.262307680820492,0.174832114646085,0.139232836444641,-0.221009700931941,0.0816217139779787,0.0779934287460291,0.244019607524905,0.249786174711614,0.207528308793384,-0.142483533729181,0.145806154869401,0.0583649462741715,-0.198053809302838,-0.0223484104148787,-0.0418315466492836,0.12897373724868,0.209509297306084,0.113922431464398,0.309632470138402,0.317800685485054,0.162160815343726,0.249894281844042,0.0415858615483176,0.229495695683793,-0.0579991203078036,0.127268119386806,0.256302244471901,-0.0633872752653572,-0.0282331615722888,-0.0785655419523736,-0.115693559703465,0.0982752938156948,-0.0843464564767087,0.12194265355031,-0.0246298523290535,0.000843919152592826,0.108384938820014,-0.130221944556728,-0.00426451306790339,0.0295922483901324,-0.0239997813561288,0.0894918843350071,0.108599207915744,0.0557959098002105,0.0897999807657466,-0.10891729711369,0.0974399772939117,-0.186823494011168,0.154294287552143,0.101568692125326,-0.194923962155286,0.130715513405282,0.333176312728645,0.0210485293883623,-0.233413143732724,-0.0861419290678096,-0.0857154831916025,-0.0773366098586543,-0.173848626921928,-0.0598998719102592,-0.00661627187931102,0.14715157895979,0.0816274718515679,-0.102919573983645,0.0204317457149175,0.0390231310685545,0.257452233130576,0.130997168106142,0.388017074844316,0.0873675159314917,0.207264181338081,-0.199362661427479,-0.157790319134031,0.219982802022421,0.107930422953959,-0.176136371133488,-0.0237388721143244,-0.0674703205796731,-0.123604569959106,-0.101852408217031,-0.363556028273752,-0.289589855444873,-0.107361162554866,0.217634096059102,0.00945808485342711,0.0835567061142291,0.0326577666583131,0.250511140412849,-0.153343154997548,-0.0114418099908336,-0.0741983881440321,0.217732237869541,-0.0805244849651509,0.202507770457227,-0.056617415643385,0.0059024003827799,-0.0965358831285917,0.087320711300984,0.000679771123858607,0.0221763502890925,0.0230096051078215,0.0834826287255803,0.340480546592158,0.198856776208369,-0.127531856749246,0.0511462200589353,0.135256744343694,0.0567306687267831,0.114189906576809,0.159251189969309,0.0612258025799968,-0.0857409213910808,0.0221403197075532,0.219152879900014,0.236873748316306,-0.0749835581903113,-0.13988122080624,-0.288814656918688,0.00652232274174096,-0.0602638387622472,0.157572056614734,0.0720104236251166,0.12095614937792,0.0160731184197805,-0.0837865165846184,-0.0990095205281947,-0.128866837360036,-0.0183234739527261,0.0641136251199384,0.0131178423908378,-0.339764297592928,0.020920443353575,-0.208643630069116,-0.133160011224532,-0.283867158704876,-0.223161524456036,-0.0540876207536825,-0.0801147226776264,-0.0366275715415842,0.0394851742530495,0.172559925211023,-0.166232688866914,-0.141137158547083,-0.048069187905902,0.175451211216033,0.0311074891551002,0.12647056967192,0.139765000527236,-0.0304201697214886,-0.170938102931605,-0.112997088729375,-0.288364380677995,-0.0528151270725012,-0.171396057754782,-0.423276581073879,-0.216984009036649,0.20794109919728,0.169506929964106,0.148089934089461,-0.0883231370594811,0.189804612107924,0.0248066284868378,0.0201744630457742,0.241073574025781,0.123128291104577,-0.389209907140895,0.0328487187897731,-0.290656722940334,-0.268770196648631,-0.0422238870210745,-0.250159189894662,-0.0402844419925068,0.00340268482166525,0.308801820578337,0.372905761920852,0.22516791610817,0.121011319924259,0.0716526522166339,0.123852588131607,0.0448128442575659,0.111633717019263,0.210146341419634,-0.0387154990826016,-0.0519608442635301,0.281897983240068,0.316956166668462,0.0985576782018661,-0.187719509137771,-0.248461685596882,0.153820601941804,0.179854743192254,-0.061963529261503,-0.0633587368452857,-0.0339884417903452,-0.166634679797136,-0.0298073434313608,0.0755715325457718,-0.144363394369327,0.040305324990525,0.422978660175752,0.0752841766715613,0.193075522182573,0.0508798670770763,-0.00459722934715625,-0.120347771011518,-0.0406133846182912,-0.00397256667111549,-0.375922836507701,-0.0440681090481394,0.0975677895609349,0.216276847889448,-0.0585039231337644,-0.224196310572762,-0.119306449779509,-0.022772692470074,-0.160704971709931,-0.00399313145045188,0.0988130401651758,0.123472478722721,0.135987705006744,0.189327139737332,-0.220050595244556,-0.0381298201548991,0.039324469866945,-0.0439517486837959,0.13729150314475,0.0154544817193586,-0.046928269368139,-0.0471425742064465,0.149496944727358,0.0775500505340893,0.365106700376357,0.330650193117127,0.119019148847764,0.358915312876593,0.197593167790262,-0.0838258940409714,-0.146273483574591,-0.415422870604244,-0.177289095117948,-0.128181679534061,-0.0866795579191163,-0.0792309515587825,-0.0967824769608511,-0.0880151489000348,0.0496253379679028,0.00961356456661678,-0.0850889717223743,0.302795633333917,0.228887482614754,0.216640938354103,0.2027142900837,-0.211008140979285,0.0820097269066511,-0.206989498009876,-0.151750159673007,-0.00428629070997465,0.0485996810993074,0.134002169869323,0.101805416935822,-0.132276196531102,0.0498314388258944,-0.0311190480143218,-0.00655739681704735,0.13461147156038,0.0263528405015414,0.227363509679618,0.104835576848623,0.269198021035182,-0.104026161267374,0.11813951036762,-0.10603642575761,-0.0869923449453503,-0.03773243651625,-0.0619101122557567,0.0787210432775627,0.0866793217482906,0.129857661038587,-0.154826279966359,-0.00950770006719733,0.0649851291132474,0.137041731071669,0.123782169931482,0.0829364894106127,-0.416593172234247,-0.270264693881106,-0.16057281722198,-0.21102294514227,-0.201513595141344,0.0509833249803854,-0.238840435023887,-0.0393694581998407,-0.0388690146616475,-0.0815099892580403,-0.0321024097305906,0.0886414305671942,0.101300725835087,0.15791821512551,0.166314768439949,0.00207669968073182,-0.00451365234253888,-0.0999577904163387,0.0886939681390135,0.103133183475801,0.153137373171861,0.00840849539151673,-0.126403018125977,-0.0401207608301035,-0.0350404226991413,0.24348196408784,-0.0109384149967637,-0.00395314091644291,0.243086436582688,0.0129156583040843,-0.126063845017857,-0.158911949854832,-0.063669801380414,-0.306877037160916,0.0158267995443489,-0.18732512035409,-0.247423077888511,-0.138431790605015,0.0402897094142911,0.0981828878878251,0.0999844963547215,0.0498768659953082,0.347897586445221,0.255391178330533,0.10448042637882,0.150609615165923,-0.1011914084712,-0.0493481933053846,0.272841466271232,0.129391481476636,-0.134847061419447,-0.089434190297778,0.106078558819101,-0.0821474406597972,-0.0316342885195882,-0.0802239719027379,0.0973674672701755,0.24969298169314,0.198861005342942,0.0344391178318096,0.342277844462319,0.250995682652873,0.0998774335153119,0.0375062592988886,-0.0578020103984971,0.140791818333596,-0.155789858609196,-0.0267164728875914,0.269346467514188,0.0132282864016792,-0.0750800896830853,0.00324832730331241,0.412967490660406,0.111040050676978,-0.0445334148243781,-0.0662641624756116,0.0173698936086378,0.204601506692083,0.224634305708672,-0.160477882533979,0.107014765478978,0.145881240376472,-0.0684376491598149,-0.204084091961039,0.0545181262091797,-0.0315192252387536,0.342594599343725,0.197205211901634,0.205181786505431,-0.199026931490407,0.0664762986572367,-0.109727591517662,-0.0331282515247073,-0.152530188975684,0.19263395866374,-0.0959271423529705,-0.0870770737951466,-0.12759003327904,0.0196657481016585,-0.422200427956608,0.0423883365483782,-0.181566966596805,-0.173431310741167,-0.159136985306021,0.0494955255328232,-0.372329862449841,-0.13253268096371,-0.17452763033508,0.0293858298219151,0.064419959246809,0.0416495203580479,0.125604070812872,0.114694309319668,-0.076512566191665,-0.147435592485185,0.0305891987732393,0.144256836424781,0.160070103548065,0.145812462679747,0.0536408077659053,-0.0344996492861397,0.0472609705171556,-0.176287768890588,-0.0294108998766441,-0.0142801103171363,0.0408190005854066,-0.160795044633558,0.269945833410338,0.201069854924031,0.0464763409786636,-0.0536810816558366,-0.136906139598599,-0.0158351971224844,-0.010437737622858,0.0634598543506748,-0.125822083887233,0.229781405272874,-0.00641072179701214,-0.0508910285483265,0.0177136350303248,-0.144926216256844,-0.155104895792319,-0.339328440772465,0.143416712755711,0.00187881575139184,0.0245782705637889,0.232927371383978,0.176681600551011,0.0638225399193951,0.0681007810059815,-0.0489525614401422,-0.11946790907903,0.148107607106852,0.00165660436581538,0.0726171546691413,-0.198647372473853,-0.130072456334585,0.292006297002084,-0.0970489847700732,-0.016686749336626,0.102095367208023,0.186546614726473,0.294315532434191,-0.347540114478907,-0.0352384562790261,-0.0632386004436484,0.0181872912219461,-0.235590661810024,-0.15416231958446,0.0555513823162161,-0.180838543277756,-0.0230885269423936,-0.0451832855379445,-0.041350359252234,-0.18588071129795,-0.0773985445216891,0.0614590868555546,-0.0142476106355825,-0.477650617049814,0.137110628564254,-0.0449603437941567,-0.15828016544307,0.0513398195687234,0.107969774103212,-0.0303951453607625,0.0704007795063431,0.183990860411796,0.233391413926362,0.00735597232793977,0.0886686968363717,0.0927225426636344,0.145638334657949,0.0389040265931584,-0.114129356322281,-0.0295319312548747,-0.254376719148893,-0.0540286113477065,-0.046277782639664,-0.0475065695925148,0.281569627538214,0.121403459272125,0.0823824379022415,0.197961318674525,-0.0812452481498341,0.190494358585444,-0.127345147754802,0.183115985051319,-0.0198406870803157,-0.283357713741371,-0.119853568248616,-0.0127186575739107,0.046424242552535,-0.114338049872311,0.00776480588655752,-0.0877710361165535,0.191602847417102,-0.029398479038093,0.227660888784053,0.0588201742661958,-0.0216139200193029,0.0496041806470594,0.178212726155926,-0.0417309709667182,0.181768947784687,0.223902386446332,0.189142440912516,0.0811605180079022,0.026252053089435,0.275947905403806,0.183416002091932,0.177818627444413,0.0740564825823051,0.00844638302697692,-0.193304321213198,-0.0275270744999478,-0.157056846512394,-0.0196069240351387,0.232237313604843,-0.181027730190948,0.0591589521042802,0.500303887254676,0.0645697620472065,0.188821637897312,0.044274989357879,0.0709551065909292,0.0435864579080343,0.0115660593952459,-0.112350873068899,-0.0323273218225745,-0.124797012324144,0.0325443208180268,0.0519719907962647,-0.24573589322308,-0.341367505385412,-0.0432060295152562,0.147885506157176,0.30607578210146,-0.175044562921439,0.0323761644164504,-0.070984551171093,0.123190491975025,-0.0435060489606552,-0.0181867129031521,-0.0832845646048049,-0.204601133947702,0.197955395255059,-0.0100766227459763,-0.0405806922151755,-0.0381672403980803,-0.0275386581625188,0.256223865939175,0.209148099319359,0.0446213136165738,0.0653543675423884,0.0457991132938826,0.157390564874364,0.285253241071323,0.120281467960378,-0.0269741308221362,-0.00871667214541768,-0.161336056706454,-0.129328238762303,-0.235085461045572,-0.207802764284806,-0.0917488526972322,0.0695384882495181,-0.0243323594089752,0.240911293662483,0.126265214871908,-0.167399181081221,-0.0398133783905469,-0.0589331721386843,0.0160835167603466,-0.248950133069628,0.0531994542892158,-0.00312032303204418,-0.103760176923504,-0.10199409415127,-0.00552667468041251,-0.147655719060104,0.0101340432662036,-0.205158032060595,0.0553309861273027,-0.106453311497487,0.0160147447521931,0.199119513392183,-0.0209917958733621,-0.213872359876826,-0.0200978666731967,-0.108893955332589,-0.342144546002321,-0.204778215868174,0.125988213368027,-0.154747672027519,-0.0541384561224309,-0.0032767619383621,0.231261512721294,0.221742957664143,-0.0270567013038033,0.31464124504703,0.2968432892771,-0.105509414891547,-0.0123414332964752,-0.2270539242834,0.0204910819784269,-0.105395322471417,0.434084575819989,0.0379212596039067,-0.0638133985115877,0.113281216697066,-0.0247280304788611,0.114636239917374,-0.0921981031437911,-0.0442995973547739,0.121566624330071,0.0794964298167246,0.208342936630688,0.121625385174395,0.276078342592635,0.0158286821708652,0.0275913924589404,-0.121801315647258,0.143239677588172,-0.0434962820453263,-0.0308233862487721,0.17138367505719,-0.142767937389153,-0.120885289260533,0.157806229106443,-0.134570401050701,-0.178578181742328,-0.0598356281644835,0.158839908417569,-0.074945149305575,0.0528125960231666,-0.106791241741521,-0.144511984666268,-0.176645233540485,-0.268162820082409,-0.18075268511679,0.0285268574807995,0.00288222987466971,-0.0212023189652567,-0.1520102179418,-0.130400051931767,-0.0558594773420375,-0.00260225769469022,0.0847475211775024,-0.0779852357578194,-0.164590930922189,-0.280807348747641,-0.204477525799803,0.268398362083674,0.0133078048038079,-0.116540084658153,0.0525943533013618,0.115588426926624,0.1784409639705,0.263598136675392,-0.149956524943725,-0.189610525368863,0.172758311878537,-0.0615123822165797,0.0198911681214844,0.116800521446488,0.159525711985143,0.200283630541673,0.230282096829077,0.00188686420057818,-0.113118869628503,-0.0782469544370661,-0.0180369734162753,0.0143005286976637,-0.0237674058374547,-0.176877886277093,-0.0613531657265753,-0.0181655458226608,0.343505853713167,-0.189834935496101,0.403954075138008,0.280106891124253,-0.197204470879258,0.0822391471033406,-0.0325430143619589,0.109452934595134,0.231635785108453,-0.0517393833204857,0.110310493444375,0.0822377338132687,0.283646766828182,-0.133322214745975,0.0826634920529818,0.0950195934709545,-0.214945739371101,-0.134248903130389,0.0495287584836466,-0.143987660604116,0.185693092911173,-0.00953384945159622,-0.165163165544327,-0.187003529026006,-0.0962653907308655,-0.200543281096425,-0.179018297679152,0.127734240287161,0.137252663629083,-0.0925313112067497,-0.0676771676657842,-0.0296756059087512,-0.212823151454041,-0.248415682784337,-0.0676965921334878,-0.0241961785418455,-0.190308476802081,-0.329932527029014,-0.141766158418692,-0.182657701988302,0.0110691237884834,0.0147636477609112,0.311331978025903,-0.0278958280557831,0.0960545415493742,-0.0808701210229413,0.100259687104686,0.0879135361138612
-0.59241194052112,-0.46547803547725,-0.488439199203209,0.185089374585256,-0.318680688477522,-0.0679585835843979,-0.404192747044695,-0.094118270286753,0.335574502902727,-0.434952959157571,-0.247987532914813,-0.0614683786304327,0.413077034293484,0.33823392381107,0.882672826883248,0.414130295482916,-0.34312510285101,-0.149698960037727,0.821490924083015,-0.213258135628082,-0.298011893850827,-0.0624844388562731,0.288619494114413,0.12934950811014,0.494876716543831,0.747571990691554,0.720657930841142,0.541949358371149,1.65943678734058,0.757043648434586,0.747570936810152,-1.06027993027039,-0.504335286045491,0.212758932562137,-0.22436493795016,0.464702438074748,1.458485097395,0.745267855411279,0.743877089304341,0.670938817124915,0.517105082570383,0.54590470789637,-0.452554873550816,0.195112618054891,0.611936818344044,0.550928430756288,1.25388153128841,0.48073990488691,-0.220893419676857,-0.148113374590203,0.710318086247341,-0.215308303181215,-0.154775651230906,-0.48048676155582,0.458041226755306,0.770542552828343,0.849493626409022,0.886192518104873,0.448219780443747,0.762584458835687,1.17547008808464,0.488941425202616,0.453445603906725,-0.0479649698681952,0.223016554520151,0.915238974541088,0.055079598183305,-0.0453794252582072,-0.00317408556117476,-0.101644464799676,0.0820060479061964,-0.635556128680438,0.532745144216969,0.0360902941434065,-0.337357431098811,0.387485606028119,-0.314180289498272,-0.343644141425909,0.0938708224033766,0.167177443132404,0.0527793797003943,0.510670420650727,0.182966304907755,0.0690845232282027,-0.436806316108912,0.0169948755995009,-0.642770660407397,-0.365517595032679,0.087268201312623,-0.231082626631829,1.37094855459207,0.274129271559867,-0.470790338028312,-0.82526109324045,-0.149993752373102,-0.293108467874191,-0.0831681458039774,-0.948853221472387,-0.612835439858123,0.431834581450475,0.118172413092676,0.00731258649579308,-0.445000477238561,-0.0437706567039714,-0.0817025602516838,0.743711971222562,0.721286428801119,1.00597504438965,0.399653095440671,0.328658335163113,-0.755083999844226,-0.6407373980836,0.230354471962945,0.19209200361763,-0.0690402020669394,-0.776278026282706,-0.467418394744557,-0.362058310057871,-0.380481236763692,-0.851964291270058,-1.27596390270048,-0.387153251742563,0.335603711358427,0.620259249911059,0.134802743015997,-0.437702069208287,0.0271611694468652,-0.571835106943973,-0.171862110880538,-0.0910278621650825,1.30507750404331,-0.127500551192043,0.245722180508309,-0.479374351469726,-0.134392125823789,-0.327393529140933,-0.676263868908239,-0.0330994904639862,0.400055956532335,0.584175757924773,0.772317409270327,0.970645506002547,1.03944016163888,-0.233639253395817,-0.609243515489223,0.287600011054929,0.415136750477058,0.324348514995476,0.352648226511392,0.590621892743974,0.352320275143327,0.296383239423918,0.429787039715617,-0.148999691887884,0.116948160397962,-0.730176758782328,-0.13046544267571,0.281744667488102,-0.280504964333132,0.482415241236321,0.0378394805378787,0.250276516677463,0.816245209023519,-0.236941327802544,-0.135199598261794,0.280662105414705,-0.305889797733121,0.793294416665446,-0.0777406037998543,-0.62634894562311,-0.0795951227926935,-0.682545002906974,-0.659955505635987,-0.935299382155687,-1.12981306134368,-0.00554793048330463,-0.293113511397671,0.145739323229141,0.165822270236019,0.462540448314212,-0.167325991614493,-0.337351106133627,-0.288574462347012,0.22738150698996,0.302193710970641,0.141137639467788,-0.34585022245236,0.268842507907328,-1.2277154863512,-0.587022278204264,-0.733005835939038,-0.0590270054483652,0.119101746928216,-0.884893059119962,-0.709676174237872,0.46618432660561,-0.045677948989284,0.0716004427499742,-0.44152491846238,0.145594248741971,0.156835553827924,-0.207584410870275,0.627570788919412,0.234560414431463,-1.00131374640386,-0.452980852059762,-1.00253630738722,-0.998080015770025,-0.129305646390671,0.0431649739897135,-0.538525998654938,0.790486606915008,1.53743633791642,0.768138811451187,0.769889428822244,0.126199215283469,0.0175920121558029,0.628235322489108,-0.177411820993564,-0.0675485719322191,0.600551393588241,0.351773376447051,0.107564137452833,0.867378586984447,1.33133709325674,0.151298380021007,0.280753846589002,-0.604533589364663,0.416590886512011,0.31355043416072,-0.168833958110459,-0.305553170830027,-0.143414628611545,-1.36583648128302,-0.451123023408079,0.181757066604774,0.386704390289635,0.737453314672956,1.03774082114125,0.967332571960002,0.521040873533294,0.285787558859297,0.0791290997053915,-0.641669030705541,-0.655172227845718,-0.277527675938589,-0.908096281070958,0.131827698417085,0.403466108344049,0.103896667744501,0.30155852214028,-0.660807038490549,-0.655179333421406,0.34048330407553,-0.144306098229576,0.454000344257768,0.540532788434667,0.862528300575781,0.846824072448947,0.462526403436923,-0.41536652533204,-0.123798114279016,-0.936817498050582,-0.328236668682875,0.154464179137512,-0.00405852081212059,-0.282218462465637,-0.393942180973553,0.560138358435464,-0.185125195986689,1.54410216689211,1.54628339268891,0.685825191423712,0.879902341806872,0.138178839163287,0.0618482874073851,-0.119959284707266,-0.617999261216215,-0.185621492624433,-0.891046225796971,-0.814843372442897,-0.545562808039431,-0.252001121786427,0.546205428900808,0.22407200520793,0.223779459883172,-0.353366058494201,0.0583667044557778,0.570497514741617,0.7701098703053,0.864373612921871,-0.793335215670385,-0.636858015497174,-0.858457859028492,-0.499672090773151,0.103808083579566,0.592456633315822,0.402849050717762,0.381579400360322,-0.278868251989668,0.383546138880458,0.185492006883278,0.574572089881969,1.03804161818231,0.110504706471182,1.5073347037519,0.930626431541159,0.690754165928931,-0.136460188405086,0.504902290752918,0.304640125884374,0.24783206192131,-0.277162457401986,-0.428511931226388,0.573779288874311,0.505288766347046,0.555085322365152,-0.105723115553954,0.150616827641444,0.0887381987927755,0.375281005225206,-0.331945410265994,-0.310306887403687,-1.18021415820234,-1.0954862106892,-0.196351922547552,-0.185844937688563,0.0247649394905844,-0.133989545306849,-0.277913694043549,-0.43381079626305,0.0957869206330838,-0.658593608180747,0.013590408756686,0.464600377544756,0.0549260188906089,0.730222730928,0.605882635273088,0.144709570697924,-0.445806188625846,-0.714707164704625,-0.134501090996596,0.220336156125934,0.515732578394925,-0.0909587491268865,-0.207674676003636,-0.0985702249767192,0.572888703669212,0.74740926269475,-0.119425790667572,-0.064862239413622,0.622162143502611,0.0358113833435879,-0.491994882048686,-0.997562091489603,-0.797089415644988,-1.05123060954694,0.231809860299889,-0.112582249579625,0.300127455508391,-0.520600609071921,-0.371185497144744,0.742785090608179,0.599414978166711,-0.121211782046771,1.22105446537847,0.483284898721767,0.872582395068557,0.42080029381881,-0.290493647786931,0.00613040155781628,1.07577812327703,-0.0223179392885961,-0.509414314870956,-0.388442017889531,-0.193843572014957,0.320006020019954,-0.694287529058314,-0.334730192221733,0.417463664882209,0.405966608446737,0.830043900888968,0.610924884944789,1.34738271422835,0.968845581655,0.0629682818026888,-0.0746848193358553,0.703809010211074,0.0941750199214009,0.0339321431236802,0.0219087196837653,0.717845068896288,0.380055584885549,0.726231623060144,0.394591410953756,1.2843205014297,0.864225253395109,0.189936567132484,-0.164960235738499,0.0434501109787841,0.408550596319131,0.251020098800184,0.0366553582211222,0.400243679092691,0.628598840924802,0.00492233756349891,-0.733924974480371,-0.202896538166238,-0.116518594451127,0.816524891630991,1.1943475203966,0.850253569045133,0.307424062363281,-0.263823980159401,0.1458030183738,0.1387901117083,0.16543300043208,0.54957199527145,0.0739338040007245,-0.227392516832853,-0.569839177567466,-0.150822419518562,-0.828205461736085,0.180905217825291,-0.327581491524374,-0.536887834196181,-0.13819785202044,-0.430290107608433,-0.747940987233475,0.301953480477337,-0.819697616630512,-0.0678426169766464,0.208401930021732,0.260571596944092,0.306035097191494,-0.142872599020074,0.0596542089974131,-0.042768221087791,0.264937930841099,1.07121006758366,0.106139044171948,0.510100658503836,0.639411431358564,0.384533016435755,-0.197798612091762,-0.876831627612324,-0.383340244972141,0.134007604595537,-0.221122601642399,-0.155940550920068,0.850312380455174,0.50885464735901,0.564781572444496,0.114627798934129,-0.236115604888648,-0.554111580355629,-0.766365640853189,-0.381302932824877,0.119767033337452,0.721863804335833,0.442313554966267,-0.367975424516349,0.17852778733736,-0.121541598592843,-0.611559620751122,-0.869723255976879,-0.0898041770623228,0.151113794162367,0.639788067726273,0.451310633330356,0.368710704197615,0.297744319939815,0.167395527817345,0.1397730751087,-0.566549995999109,0.167347353861248,-0.606482849838467,-0.398786416436203,-0.471199694736598,-0.455988921227985,0.897143016169921,-0.181342716054514,0.403237910407523,0.270117413357254,0.179342227259005,1.29556957813133,-1.21589836752463,-0.628243828660692,-0.420624523171727,0.1980685684306,-0.57562271522299,-0.77611672909215,-0.389104275355054,-0.769154728220189,-0.481715183291566,-0.442472113507851,-0.51623603345079,-0.654095337578215,0.30473004269995,-0.396617837993998,-0.383964025711294,-1.36465079289635,0.633631158693721,0.0619595048207261,-0.510640030214646,-0.298341413905871,0.641145879461202,-0.417051319306357,0.162448556056043,0.849769882518784,0.896150622971954,-0.115572767432985,0.65777561945327,-0.126056162641814,0.521773661946173,-0.164407092773878,-0.0898426247954836,0.201309102905682,-0.359571740758715,0.0199962146116845,-0.412273401258989,0.0881831951423108,0.884184890873298,0.726522090356834,-0.0554575587131632,0.00196470580196928,-0.787149115826946,0.0562220359777518,-0.0973361164635069,-0.202003613709275,0.152479678916165,-1.43242950678387,-0.376712926472368,0.65881257605468,0.525379779668002,-0.600085901746998,-0.00745638237695337,-0.544071727321769,0.749782930228438,0.899966640131701,1.01578401148626,0.325584303617589,-0.489326326831282,-0.108931443498786,0.213070648432501,0.576827489184781,0.828237384591667,0.695941263786481,-0.215130370084889,0.543750160686655,0.339426443336401,0.807312598024293,1.08092988483403,0.584691458240981,0.643098034557782,0.28687745373973,-0.0501865547981035,-0.620480909247804,-0.657815747210748,-0.155248699077396,-0.089965192916181,0.0804406507922641,0.135017999672974,1.63602985162047,1.18701379506488,0.396829484129561,0.166551352450012,0.222170981877244,-0.268724146040069,0.268271491730138,-0.161535134054834,0.102358650155464,-0.539445996381628,0.212576719968531,0.290257920714175,-0.877048474443911,-0.955932972881044,-0.685453082408779,-0.219719624844326,0.764298673555048,0.155197494709373,-0.789093621492977,-0.760278972921933,-0.0993318955994927,-0.212245004279642,0.214619003845548,-0.197999721259077,-0.289541829897767,0.453687292605057,0.212824247834655,-0.00757272304761368,-0.292236791489078,-0.307570133311051,0.356968408664893,-0.340715166270755,0.425729067674567,0.999153819086206,0.712170718634381,1.02237438308521,0.773311360854669,0.245823490158846,-0.361256290691719,-0.0595902642229794,-0.45612802500101,-0.686583671271341,-0.504313556704645,-0.26821491363489,-0.20352174377422,-0.00890031918691029,0.0606839644610234,0.799573151490582,0.51637934503765,-0.613371427366358,0.0529872213784569,0.261963704808969,0.200940458689967,-0.888068436924422,-0.94209229289353,-0.487196831222598,-0.24823896604232,-0.437772757318021,0.128149364662138,-1.02318880219923,-0.421141332285814,-0.847219899313231,0.353607780774633,-0.537916557385314,0.457199441163735,0.768282390317261,0.0614338891765372,-0.372235394138787,-0.396189998890756,-0.90178844144395,-1.05077106653632,-0.335821368538296,0.478243969034579,0.0334018995942858,-0.697946963621508,-0.256999377018796,1.07150275019823,1.07285281467524,0.24142855483569,0.468770175972289,0.701961469710197,-0.252265563990192,0.495483470229747,-0.166543517419563,-0.567375281976589,-0.0540684960014382,0.978438182577053,1.09378597224562,0.0935210547619907,0.115474063745959,-0.638156550807867,0.242498259757435,0.14136459664179,-0.431619572495399,-0.240379236608334,0.530722426985566,0.303403322080815,0.467846111959357,1.45658588145724,-0.115183623455186,0.138448142678717,-0.479907380176145,-0.0990497673462998,-0.126371015239214,0.23321488051023,0.487529734583511,-0.288108777087333,-0.724107764887439,0.374165232523944,-0.62203995122864,-0.587838905543663,0.0418159271001646,-0.0933533499337621,0.287586472463948,0.150633321034816,-0.425320194461944,-0.561806407382869,-0.868799499653194,-0.837799340674239,-0.833465752619268,0.168900861728962,0.0447519407846005,-0.213041354677539,-0.366898217556421,-0.699188092099017,0.026190874007929,-0.0338037899997808,0.398207360355847,-0.460495087259581,-0.229915293927094,-0.572519394145953,-0.383418229679192,0.335203874774058,-0.197824200454278,-0.553342373358949,-0.499875322717779,0.732231690242733,0.421432565006735,0.671429239535965,-0.264018622006584,-0.543570689134611,0.446472925695344,-0.284919829790091,-0.395546965503068,-0.563232127604329,0.427245060467748,1.03013853258697,1.33360265271124,0.617509084435109,-0.17817188350828,-0.676063472163324,0.0059762410529243,0.240627585573355,-0.053069110192788,-0.243605280046998,-0.444148408317689,0.0178073115871531,1.1048624551773,0.333543976112054,0.560487055903158,0.402862076180012,-0.877123823205912,0.0084509500119305,0.144421184963688,-0.0684973033436055,0.496873047513398,0.0243726740438009,0.622628989867322,0.968975588947453,0.366621602617264,-0.841574312863046,-0.449056813615009,0.253356851970127,-0.382877499405891,-0.471262511578941,0.126702564528964,-0.0786540033376431,0.108678065995842,-0.262951967788868,-0.930524829577386,-0.445617251543959,-0.186128549154078,-0.816814215652204,-0.227727511306594,0.666351899778815,0.101847312461443,0.425299523151269,-0.0714839173941033,-0.456729431378417,-1.15449864890207,-1.07992356257637,-0.909490618328787,0.0794170692558557,-1.25627159202771,-1.33316571269498,-0.678878581980397,-0.97998614228311,0.366674519513016,0.51407342434531,0.625197385789003,-0.209541425401903,-0.213051681278034,-0.28051501663764,-0.265752079575831,-0.000400540671667907
0.0965331176595677,0.272332970822639,0.208529075303999,-0.0945948178863409,-0.0172379942978426,0.0622794216846669,0.0675747821534753,-0.0611706128114061,-0.0968018161183479,0.29245924435138,0.22462718981063,0.0383205320882954,-0.126251598339767,-0.18089316438024,-0.327452083076536,-0.0798351294718253,-0.000698860100991974,0.0774999689764893,-0.448887471253804,-0.0712792714919953,0.0790684780936684,0.0627666342470451,-0.046154431661188,-0.323882380436178,-0.109173207542542,-0.298124886255953,-0.0165550039767065,-0.238935613493704,-0.361598973448277,-0.203692557582597,-0.0766480425476022,0.282409773314426,0.225437676506529,0.260628483266759,0.1413687541107,-0.0215907278412064,-0.377878093444213,-0.256917468063074,-0.266849707188748,-0.306730140866715,-0.052677913753423,-0.0955821139886941,0.134017993100045,0.00858141549278695,-0.165256789349639,-0.163268555180628,-0.453545359740544,-0.232603271182131,-0.00495905122260428,0.0590394037220507,-0.160734317486661,0.225898083320626,0.0578866314436818,0.16654037249628,-0.119485303105362,-0.218155281598154,-0.0400730580577195,-0.341283504831607,-0.102918654298887,-0.138786600260252,-0.293665589902269,-0.308379810942364,-0.0653956881234967,-0.0736912544659457,-0.103023698970662,-0.372233000443092,0.233903832730241,-0.109318488028518,0.0456515874534391,0.0632336539460036,-0.137186949925791,0.134194454723681,-0.285247222631958,-0.0984412685268506,0.0632635235100697,-0.136850206678887,0.0729394270545301,-0.045646956924844,-0.0275758098950051,-0.0556031053290819,0.0587390451125236,-0.170365148416061,-0.0444105006724786,-0.11525939752593,0.121330829558413,-0.0802331368239227,0.144194407828195,0.194972876929518,-0.0891452898516681,0.0217829211466881,-0.326359706638286,-0.0729771616691136,0.23569594867948,0.0811761960458194,0.128137344556451,0.0647084954692985,0.0441110344354898,0.344610831026842,0.096973405011511,-0.0409751253646482,-0.244722510428967,-0.0829801079996479,0.272593274344613,0.187846615159664,-0.125385594609139,-0.197409826289095,-0.269514588196399,-0.300187083408235,-0.0985376481668192,-0.0674775572729444,0.330750267538158,0.23834910361926,-0.0241033157471535,-0.276322185379837,0.0942447288780075,0.249809848353341,0.296734380481667,0.0561944504816683,0.113260557715966,0.282364008036929,0.467713169815385,0.190153984853617,0.0463411680113167,-0.133210732344539,-0.143313248474044,0.0769576602319372,0.0654122040629075,0.218793215660018,-0.0590713015144037,0.0496870683649912,-0.323472935236898,0.170716185210083,-0.0165890281601938,0.108861410926498,0.14800801344965,-0.0276706080813374,0.157199224506426,0.0427594626472789,-0.030366175614026,-0.316499113618642,-0.254347194366246,-0.417423956534801,-0.348566631251687,0.173223043539972,0.175073094143933,0.0265081602200654,-0.227545940155082,-0.190586303906799,-0.137734044364526,-0.0353319642835229,-0.165066248133055,-0.171644158036583,-0.129320565537325,0.07654231573439,0.125326258482368,0.184879820080667,-0.123105173631897,-0.142419639750812,-0.0510394251033629,-0.12601382802954,-0.129416210307331,-0.115757687042753,-0.243188457192156,0.0310102826628773,0.0206850691822059,-0.192055116303242,-0.0294407827187519,-0.305005654812985,0.0100885310017495,0.0815971671003729,0.0915843164356022,0.419236800139299,0.287073131947491,0.270241866623898,0.414961482794067,-0.0285291480245372,0.182841458137821,0.0481766553359855,0.127816427436071,-0.209189532189662,-0.0825975116958271,0.106643903657766,-0.0932254994517615,-0.0429656766236235,-0.037963835608604,-0.000173798364616062,0.096005480756681,0.0826716490108059,0.320508569455678,0.210527717331239,0.128748975621884,0.0263769026790145,-0.104223242071949,0.121939675448043,0.12518857385024,0.0220577723919875,0.11543672687993,-0.00331037082997523,0.259783070407977,-0.0952911756019181,-0.0570391916398798,0.121282044651084,-0.150130039733473,-0.104857417487642,0.48892185791559,0.0710819586467828,0.0551098038566389,0.217175565591425,-0.0662624288192254,-0.158673079671987,0.210713441087948,-0.230035544909139,-0.457235836763663,-0.300247843080683,-0.228664804871804,-0.124064036307992,-0.052188458205811,-0.163664179247147,0.1729739982815,-0.009128786001087,0.00454935903715112,-0.0631328990625059,0.0721767108614825,-0.171865964912275,-0.289912726152759,0.18148675787621,-0.183232744246243,0.119144260756648,-0.267488608356527,0.0468010434111484,0.123686819874478,0.10227355242679,0.19242094837951,0.323850622471535,0.219110263884896,-0.154857106719307,0.0358120855780788,0.00867280689207892,-0.367804835829268,-0.406695617594137,-0.266865775022668,-0.20110568362143,0.0230462656106556,0.324562414909522,0.095292606230255,0.176308841755068,0.271317365442769,-0.0230360340306986,-0.0524785128436063,-0.341494510934848,0.132917488169178,0.277303577711868,0.155390498777917,-0.0100995097438475,0.0850219178195281,-0.0391376523313104,-0.265380125178709,-0.186381667297134,-0.436062845021279,-0.274053991963666,0.213435362465357,0.0515852477085871,0.178393352960204,0.274854464013623,-0.0170744210519151,0.0896123887413565,0.00400965387301372,-0.0224770168708527,-0.108863813970904,-0.0971610568016236,-0.605886898085743,-0.600105916719389,-0.113531222255775,-0.364235705755372,-0.0274776680859899,0.0408552435151852,0.205717545308512,0.149209737746469,0.0806644323120306,0.386689002777754,0.0377175387955244,0.139877956974574,-0.0412799998887492,-0.113646362530863,-0.131441691109108,3.83054583996583e-05,0.281267673090995,-0.0994164824469753,-0.0805147696491384,-0.19994504382536,-0.254321651603932,0.275961776754427,0.167725539617278,0.200140436495502,0.519475902345361,0.0759963446741101,-0.173317334619355,-0.00734435526391894,-0.0414477653581399,0.347095474758441,-0.153492334583464,0.0902215439569999,-0.0657838355627932,-0.321971348076016,-0.0641381810191589,-0.647256550983878,-0.423576121053946,-0.257106060154874,-0.0255211723193464,-0.152065037153105,-0.0845796691748407,-0.0393347908254586,0.00491015646194214,0.0974676268348304,-0.0489845113277998,0.0399736478736882,-0.251717300941388,0.0931594439441155,0.118371546072904,0.0751326940279184,0.0530639464302826,0.0928372470136996,0.192155024543127,0.139946575213421,0.216538253128709,0.16822997992372,0.164933628494465,0.132615077241036,0.00100498375239269,-0.0198950512229286,0.115283277108008,-0.0727558194225633,0.339081868335255,0.110116126061932,-0.06216108028354,0.0498186183084,-0.309737324270612,-0.144365049240867,-0.209196583617808,0.0737098024356532,0.178080176825788,-0.0202031551383202,-0.257770471516337,-0.193376953130966,0.140994069600044,-0.000896383437620427,0.213511708051272,0.0327191579528787,-0.273062091880812,0.147050409991216,-0.143832882078319,-0.139758547060424,0.125035194233825,0.36618800783122,0.318924738130184,0.171727310363285,0.15997293541134,0.0121655009950659,0.0761645940954107,0.0615584073827739,0.0541806722154667,-0.176947255374268,-0.499517511789622,-0.0323874353136605,0.147356260434388,-0.185966735820073,-0.351078004919068,-0.0436199790827035,-0.131252822432954,0.0692677974109345,0.170869008932975,-0.413721590772051,-0.00916163236639566,0.237667955317858,0.218968390455957,0.0519755932415876,-0.0936512164451286,0.227380230018729,0.0276069549364209,-0.00722598674302957,-0.0273388254577353,-0.303146523655865,-0.217842255340498,-0.274409795704267,-0.285184092732405,-0.0819123125953909,-0.0633042866816813,-0.0234478237710312,-0.118916168123681,0.00526233726175736,0.217749274064693,-0.182493092651982,-0.24490174161148,-0.166827176630038,-0.170117575024952,-0.220533047499521,-0.362613261486203,-0.0750963776957473,-0.0821617416717099,-0.0417249820660755,-0.0569175451957452,-0.15586744470207,0.116789328699852,-0.313783435401562,-0.26346246842747,-0.0618789160030103,0.253975457346925,0.112697909932562,0.0709708442825003,-0.245882431784631,-0.28163820336476,-0.254317755264121,-0.0784290780218466,0.16291322335336,-0.0887383959488885,-0.144045480509944,-0.209526210755231,-0.15650016610508,-0.017282605460566,0.289308301090576,0.100933540569977,-0.0426505634827112,0.268278420648387,-0.0155737687787979,0.116960550074923,0.212602626696658,0.133624406242635,0.208538560652162,0.243082051568605,-0.0441632465813631,0.106620402800422,-0.0890055149811703,-0.192554955843628,-0.0855143141679675,-0.127568619493243,0.135402667204939,0.159611653692685,0.100753795531001,-0.00243020131509919,-0.146854636791922,0.00376503815562009,-0.22872521087166,-0.118401750731306,-0.0862951091534806,-0.00470685459036936,0.16235911405436,-0.0168083084463365,0.0275731102392371,-0.0941750016411909,0.151389793015713,-0.213648566412247,-0.0657996203513205,-0.20714409894429,0.0689696615804984,0.194327116952784,0.267089044473528,0.0857133913493322,0.171057206400294,0.019262738849243,-0.201120434500975,-0.184903725968571,0.181999680038559,-0.167209034349203,0.0417833645274475,0.121831992444195,0.280130337531759,-0.0422302924257537,0.150779585285771,-0.199558198865436,-0.0687475534372028,-0.144287695477559,0.03175729502701,-0.023565464063941,-0.2167150576232,0.121334216228769,0.0834645007323802,0.358776068642259,0.0522756790175117,0.186414790762638,-0.0334011801643959,-0.383091338635139,0.151503088567154,-0.0259152351599955,-0.184240114450604,-0.20340929808419,-0.403764719876249,0.139329084661607,0.0727495958643952,0.171747064053866,-0.0968799517163519,0.12821870720638,0.374195340578878,0.12717060281171,0.280942570540098,0.190129691874456,0.0240713060356005,0.0937507590662697,0.0693426960352154,0.0790002118669621,0.107471273031985,0.221182963785095,0.484795784513653,-0.0936297871682719,-0.148781825756404,0.0303871955683067,0.0630534151899758,-0.128587439852115,0.18435263216522,0.0757600288923309,-0.152807963311627,-0.416518799389042,0.17764235167617,0.032699861470957,0.101271695337211,-0.170576355091049,0.0150412847130902,0.157386128197657,-0.062896443619651,0.149124320189314,0.0158297194204462,0.124359806420625,0.0605117533560691,-0.230249100007273,-0.00759761645180415,6.22066486744618e-05,0.0264996623719912,0.26276898682621,-0.0115831971038617,0.146687668314974,0.0815163401794454,-0.0591286933652535,0.736587062151155,0.0530670631830027,-0.163686940958679,-0.152605893662367,0.131801770391577,0.00665725361507657,0.152971105550221,-0.243015242603097,-0.145363326093234,-0.194241016970146,-0.0187226720281003,-0.00120758836179899,-0.0403797059518445,-0.0154149604103049,-0.0103484947376328,-0.261875948122232,-0.358289013234287,0.196548254338982,-0.0747448123873132,0.073149361097256,-0.170685497254948,-0.280797935458215,-0.128079381699103,-0.0342689548105093,-0.113014878133561,0.0247787470882491,0.199786779650095,0.306797882053921,-0.0948802066011917,0.0411270931095568,0.0281707248122892,0.242217875099577,-0.67971120012262,-0.276122515123965,-0.355182864772662,-0.0992878737920276,-0.175605173020068,0.12922312811307,-0.0413608475192471,-0.0814245400542919,-0.0453776951637295,0.141340187290157,-0.0353828038641852,-0.236959295236153,0.345651628883971,0.333488716965261,0.256895535083856,0.060726768282602,0.0143125635448983,-0.043870938732008,0.232781407653465,0.142914738473684,-0.139370758978256,-0.10724456122647,-0.0609311116210724,0.091645816328263,-0.0155712278781285,-0.222491324827409,-0.0565565946072965,0.0504094832954459,-0.0723662010698594,-0.117168590960925,-0.0999235179410465,0.164305721877591,0.00203865859543431,-0.297069398385889,-0.208786723969574,-0.304055797385087,-0.214948964660279,-0.224598136372683,0.126184230772009,0.225031753018133,0.158807868914936,0.0293394699587951,0.0594267290113313,0.265985389632077,-0.0566915238756883,0.00655660349977694,-0.0118532489408019,-0.236588842039174,-0.168686592976259,0.131309392828017,-0.107292838662429,-0.163416976459901,-0.30867577015533,0.347247066282877,0.267610146872146,0.155089580265452,0.00209817815950712,0.0117707702924017,-0.129805614135586,0.430289526084261,0.0708295013174758,0.256901662126229,-0.0419526700095548,0.228945542653523,-0.284754902221814,-0.101910158370662,0.048059345384562,-0.00642336448049988,0.0863129259006024,0.323600547771629,0.284837648604011,-0.047227980991229,-0.338756317392775,-0.0141671533472004,0.150745310891568,-0.125703685569722,-0.353316398790711,-0.463373222038351,0.0396636165816111,-0.170631789215668,-0.410069180837471,-0.108461222897839,-0.299769355527108,0.180655143828512,0.0893585617727444,0.0186794655937804,-0.264426901666898,-0.339597908849763,0.0463404452311499,0.0684933734715158,0.167416327623985,-0.130020343850777,-0.0914935523606297,0.147883883882574,0.0505478661969662,-0.0995195901019834,-0.198200972237088,-0.288591490625047,-0.508131490560818,0.0151106803430238,0.0221512911481692,0.0578455592338181,-0.0307003838396559,0.186100131339479,-0.168365386247706,-0.230269228926974,-0.0229251438838263,0.248899991911432,-0.0499314834431349,0.301630987273646,0.18333442099124,-0.0637065167452773,0.0237469752522019,-0.116983576648579,0.170029510748014,0.33072057956915,0.272777830906246,0.291557098196602,0.380007893660822,0.301152042410019,-0.216677148678465,0.0357132064978127,0.286820597389405,-0.0236955706883907,-0.0345060329640852,-0.160149660536368,0.0977659077921723,-0.0593431076036839,0.191204258190944,0.044827308929396,0.331337059100604,0.189237398248411,0.0731420328449411,0.201687871053471,0.13182494208698,0.187345375330244,-0.165432342471418,-0.231127666024634,-0.234655162785285,-0.0259683671152729,0.170332717574306,-0.042115100549293,-0.0184078445927512,0.155531386518114,0.232232619158723,-0.148022194355989,-0.317775527770998,-0.355031596072436,-0.311014239319916,0.168820572161603,0.178610836409509,-0.000616866686350966,-0.0752890219445927,0.151677766236606,0.0803952975795805,0.128531199688099,0.041709462613744,-0.446727119182314,-0.0302655094549849,-0.200828967668559,-0.0731912759556962,0.252608506457322,-0.139022781523039,0.0752328223869171,0.0889352888542342,-0.191134149635738,0.0220012231917186,-0.265744158149768,-0.181546576537985,-0.17820991919253,0.230889190315082,0.155736191277036,-0.164844949326188,0.252116733629399,0.0196627375121007,-0.073151542369866,-0.0317496313345956,-0.135681606408564,-0.0323167009724279,0.064204527417709,0.231355299883384,0.0395050463295741,0.228557110114166,0.00752823647769046,-0.179103378973378,-0.0631866349001054,-0.132284971384741,0.0674395888651622,0.157148306554761,0.319388268682007,0.253569752542907,0.239466441903015,-0.0820648946157223,0.421165165131112,0.464894927170277,0.182976612908042,0.311075039413467,-0.0830045022685794,-0.279694840652768,-0.297385116400089,0.154035627265505,0.0313220810298924,0.151357544810138,0.0929295694759789,0.144346743753441
0.262169043414711,0.0875598432269385,-0.0272850309365252,-0.275520103624732,0.112555899956432,0.0137853683602147,0.208437018738163,0.0546516337397958,-0.0569237658071221,0.0413868711931784,0.0524924275308426,0.0256471134655573,-0.227021790485618,-0.144852045464714,-0.0955177534191484,-0.227814059773915,0.209738231723342,0.118575395864479,-0.196051126766134,-0.152023662142907,0.166495669771494,0.0345962684552938,-0.0736415464951455,-0.349972228879532,-0.218753907185064,-0.283314459319553,-0.285625816195895,-0.169076004667068,-0.163348321218598,-0.210469446945402,-0.297628703574818,0.23897782091492,0.132002008193199,-0.0627246721313315,-0.0193122393947345,-0.22554673659764,-0.278710031349416,-0.226539984203268,-0.130459250272994,-0.0660602827595661,0.0420114250662713,-0.0832413504187862,0.337666281622895,-0.106922149212659,-0.276138109259238,-0.143846857987455,-0.420515910638684,-0.230501057584152,0.115914153539057,-0.0118652294694973,-0.213748022338657,-0.017321555732869,0.0386388600956167,0.0514381886671663,-0.045309174784203,-0.10144506649837,-0.33182217195944,-0.273346889160291,-0.0898428851187115,-0.23345147770738,-0.230794483616097,-0.138010557736714,-0.102147062736745,-0.0228386548487,0.140764163591896,-0.337626395325739,0.0435087977964152,0.164420340155533,0.0181763269837004,0.216158804904798,0.0677811942726731,0.176111083881599,-0.304659891889009,-0.0674666219976321,0.0724727492369974,0.100081404465418,0.0440771108725505,0.314912977567431,-0.187462234785075,0.0498802591047983,-0.0441809003731328,-0.155039909180096,0.143116067983098,0.0946010318256189,-0.0480417162369034,-0.103077506326864,0.101809469228113,0.0493152930550608,-0.0319123248518505,0.00954293219701609,-0.264202794072548,-0.110252082639721,-0.0174814730646835,0.23632913233359,-0.033921812342692,0.208002146804079,0.10490859790287,0.123134667591668,0.0536597813469462,-0.216876837339581,-0.0348738332869205,-0.200638779806726,0.148079338474116,0.235033007420218,0.0581612941472736,-0.223650475510762,-0.142088734897999,-0.498810638089075,-0.0674716371510833,-0.254775278492077,0.263308630584424,0.291320342207985,-0.122989533961446,-0.126920809621855,-0.0408109849624379,0.352506866193194,0.24185043089226,0.0253229359339515,0.0696796040656391,0.205408920450959,0.132486315227196,0.203249627842281,0.057689210677024,-0.19729078294316,0.064190492703218,0.198175420564402,0.00965141142815747,0.35785522233747,0.238210702277947,-0.168488629998884,-0.262824336927672,-0.219062580413381,-0.227467987509835,0.125489195111741,0.0589017091775354,0.15902339652422,0.104214454984608,-0.039554623132251,0.0285461239475012,-0.0327034553516703,-0.17439016504764,-0.241629731260608,-0.211886219820442,-0.0205806914952617,0.139315402118558,-0.0628537169209969,-0.313891342524002,-0.0614924880243275,0.00142278759294023,-0.298454325907418,-0.0683897943382596,-0.168338393434223,-0.0424075235884932,-0.0128048832992549,0.0721349628885897,-0.00888991780997733,0.0172062617001278,-0.103345998699053,0.0770704995116379,-0.0418601883608761,-0.0376833611699964,-0.120234091260424,-0.329243755936527,0.0499053002388475,-0.110260339606158,-0.0116893121859178,-0.215688789547622,-0.12139142161107,0.0292580537173586,0.24612754841409,0.100789607256044,0.180729431405258,0.406558996255398,0.293769382067093,0.0846043711634657,0.116368839020585,-0.0127070338451132,0.0503720703099007,-0.165037117446069,-0.226229201576276,0.129003239928527,0.0347781214798866,0.0877155453244921,-0.190837088309009,-0.0523314329541083,0.106467258663162,-0.138502238252709,0.0451534888844771,0.342789207815596,0.167631489315228,0.232517522314526,0.061456807567799,0.0202741904108975,0.303956839341992,0.257132741473746,-0.024726472950473,-0.0550668897843294,-0.0499023655369857,0.0378774703520438,0.0303062636852351,-0.0853711779476441,0.0091080372806712,0.00212477696467625,-0.262401124716059,0.247607424126669,-0.0286408212377722,0.270937025315788,0.090381856174297,0.0174262928662412,0.0210800856851075,-0.0561933286210023,-0.276168592590254,-0.386955062518616,-0.250142111610325,-0.365308289819298,0.0687851801832148,-0.0531567240577644,-0.206979048020461,0.0904168647223035,-0.122805692821265,-0.115459949529873,0.142114054020223,0.109619023371841,-0.0354640655932343,-0.219637251171024,0.0460231947297544,-0.101800478509434,0.173582833786913,-0.029546405820251,0.0788676131248256,0.187570811456886,-0.0105406387580922,-0.0126692080350252,0.321265556600563,0.154133954098016,-0.0218525589746126,0.0220396621213674,-0.21769403114086,-0.266945081606403,-0.340089199970784,-0.00271520656380686,-0.143620612024809,-0.0445340038165349,0.206040163629021,0.124510838656306,-0.0309429397858741,0.287388207256932,0.0250749358769585,-0.115132329938592,0.0644416721241047,0.01460024764973,0.0346995702059819,0.165180543390556,0.0756242130761805,0.147665150999301,-0.257951918229259,-0.179199543820619,-0.134781310240683,-0.304471196145989,-0.140818556900334,0.133584176302672,-0.104802263801029,0.33204296978189,0.304235102816975,-0.13536117450536,0.0363529710586471,0.0839916445094271,0.185791743155129,-0.131690262537913,-0.0264039580401509,-0.329441456536361,-0.462405184220956,-0.135487470316767,-0.170564516114108,0.0244578076449981,0.0793670889928648,0.135259764767538,0.449195082241837,0.136338884617805,0.388721453674931,0.21258902118411,0.197507691745687,0.0633954139475097,-0.103960283586057,-0.279655114626467,-0.0312896946586013,0.197196524624231,0.0427464302588022,-0.282140315943171,-0.0159407960777576,-0.0678810780239355,0.190979911918133,0.152521956359499,0.131971503047539,0.127092443050384,-0.081806847462038,-0.184305056738858,-0.0966293855733225,-0.177579231898711,0.0357115135648335,-0.293355187491567,0.0890914814748749,-0.359770417514677,-0.442460388122756,-0.0891449957921664,-0.577286669501425,-0.319681174046026,-0.373067867727819,-0.0597745897122174,-0.278304736629948,0.146670248505043,-0.217212966717313,-0.00261771264415073,0.129962259222565,-0.187206868727859,-0.250546480766834,-0.240486261201729,0.0995153848069705,-0.0854130161159538,-0.249015973187974,0.00945863731088416,0.00253859469797352,0.0719096257342885,0.200140436252572,0.291888009518815,0.248411320042692,0.0713348683436578,0.143460504022546,-0.0115342903394276,-0.0361419835398889,0.0749289232979236,-0.00496204462067112,0.318336050297507,-0.158963071241516,-0.1175560431962,-0.039704921461754,-0.111546418035321,-0.145105048960199,-0.157882665119164,0.156152020858277,0.326199154954284,-0.0312123417671036,0.0802068785183026,-0.20580680455007,0.079204067171335,-0.094552599665042,0.12654388248738,-0.278677203798018,-0.207185789304887,0.0107391557456009,0.152805468665633,-0.141114150530299,0.14622456151913,-0.0307528947608049,0.398728185829685,0.456599661031636,0.24361500801994,-0.00193359055757078,-0.035617747945376,0.0876245592567087,0.026321472038815,-0.0822643130634152,-0.220480099278102,0.0190768133497878,-0.0508006845438754,-0.294475157205815,-0.229114375525892,-0.368045108012107,-0.22296423277104,-0.0290177595285689,0.0219770006763853,-0.327337292064348,-0.00102036610333599,0.18388567294996,0.204639674849263,-0.0276685523216267,0.0126730877784846,0.209540705423883,0.0356319567345804,-0.165576153309945,-0.129141879614376,-0.115015298329611,-0.264925944462497,-0.408955685122828,-0.373460936641786,-0.00626040463484136,-0.116043220125247,-0.144954811642095,-0.113195075260929,-0.0749166161703343,-0.0510022972399405,-0.0580090219263979,0.036774765967756,-0.109575169326332,-0.0779356108387955,-0.361615853638748,-0.0775989447500409,0.0274730387382606,0.0702827522707604,-0.0820938473768462,-0.497055461199842,-0.177536026226783,0.276966515758557,-0.0890763583554483,-0.24134607257024,0.00828962551128288,0.0445591889012945,0.159558218464237,-0.0638616648728434,-0.145560490520063,-0.259466978268529,-0.300234938507491,-0.102331550492725,0.159270896112702,-0.11950486568694,0.0732380620460198,-0.103132575061047,-0.19998070669461,-0.0260349112934256,-0.0867875034636405,0.154825249095611,0.0668509143600382,0.299027930444945,-0.216602214697368,0.210423317420274,0.042867932917485,0.0661743722577962,0.104773267361314,0.353404167954873,0.0780793009062474,0.159810046674506,0.0657497709209534,-0.0133324484212209,0.0198829560587444,-0.101260115694022,0.291727428082273,-0.238734121860115,0.202314319138306,-0.0293483326180575,-0.405477123743542,-0.0962876099941056,-0.238043960939952,-0.0541639843086736,-0.145780221854253,-0.0075697485759785,0.087413670165463,0.0824888680381718,-0.00327123533443457,-0.077241934785401,-0.0921422088229441,-0.18556313110183,-0.113521480321794,-0.200404871874773,-0.0531864343807667,-0.0047610199803306,0.124926371375912,-0.0179397987788317,0.0471896448891143,-0.0131674996565361,-0.231195791990169,0.0122748765021706,0.178640089384117,-0.0878941295732789,0.0214231232426502,0.346933745654961,0.370215361708151,0.168289170436103,0.0164795694528301,-0.18384318468599,-0.0804149218768471,-0.247440435071212,0.133015999621858,-0.080238342880686,0.109985050502697,0.0954774296201589,-0.0182836232435594,0.346372502031881,0.164375709865587,0.175869835899772,0.166920290363485,-0.256714208058248,0.121165539879676,0.0856659261002629,-0.0397666480797408,-0.221702205803254,-0.26717738572898,0.139887698114244,0.18381540155286,0.147084586101394,0.104796690093535,-0.0454845548696406,0.308935396064,0.0278199088016517,0.160162898975887,0.225396224991528,0.0972777387649674,0.1033355374696,0.269467965905582,-0.0775182231510498,0.0834359551894516,0.0676958437295918,0.489468088773305,-0.0621268386542495,-0.183352215935238,0.111381909229849,0.031131248763691,-0.206384584981999,0.0769241681623249,-0.0619523785438588,-0.166157208558959,-0.262453831198199,0.0537222526361679,-0.224503255996444,0.038957162067778,0.0325267365192926,0.0938101648631881,0.0524492752701102,0.086549768388553,0.0534477865953466,-0.0328562267695712,0.0119971940046066,-0.0255372447726861,-0.238810572980771,-0.101888357633775,-0.119528890662621,0.0239298694452016,0.083168892706884,-0.0802384091312961,0.0946307656217988,0.00718922468908796,-0.0195942451339429,0.327267652440059,0.244627566718449,-0.190904064801224,-0.0204738067952543,0.0425138740027741,-0.160823987508068,0.0859006084059671,-0.320975432169183,-0.199367261123778,-0.353134365446531,0.00209805037882906,0.174090016431662,0.0539258364462803,0.0456839245470319,-0.120947065357273,-0.202338612243523,-0.274073181079567,0.119770796556929,-0.20649993818262,-0.0864342683976145,-0.304210412121676,-0.277381890213649,-0.0804848939628281,0.0183317413903193,-0.0757920218294139,0.176292890713239,0.200714354417439,0.172356938272599,-0.139711031557633,-0.0751572560687486,0.0806860145811853,0.104847791617368,-0.626044980276843,-0.251408093453116,-0.0138279643272504,0.194511105537638,-0.10836707688289,-0.0497226655486789,0.025670872847615,0.0900051569192825,-0.207018668625622,0.261017986149663,-0.0970764703140866,0.0396455958941069,0.327869398267703,0.199622852766576,0.149438635680737,-0.11360666858596,-0.143493525493893,-0.0320296269127957,0.197811798904167,0.174356053835103,0.0638718726985636,0.0270680578217395,-0.205151564499699,0.230739121002688,0.245935469654762,-0.0407396721830192,-0.0333691596826879,0.0154834593088773,0.210760816134241,0.227135687760238,-0.12527825702023,0.0144782868293292,-0.0614008971513668,-0.322156266714705,-0.131219039725227,-0.233477993367755,-0.315523253109081,-0.118848459720866,0.168086292382077,-0.0500968707655835,0.0947995144146935,0.137780235869815,0.0921179875530818,0.0229185959188276,0.00910725952981117,0.183745188266532,0.060579295054278,-0.174862613635634,-0.206288359348943,0.0703653274278467,0.0724674122181387,-0.0852257945816401,-0.351890293409005,0.346991540574805,0.347328125577902,0.124830128621492,0.132103336156815,0.211926654779016,-0.158575582215548,0.454124864938061,0.0176267369619115,0.122949952986204,-0.166587398263549,0.369529808492916,-0.0309182658698671,-0.292047099853307,-0.00367363824624879,0.0977288804565696,0.221210130158389,0.103473414992139,0.485588144084135,0.234383237038722,-0.187557950688471,0.0666368638337195,0.218946195230452,0.0477744159717415,-0.38710176611527,-0.339305241347227,-0.0011263937251754,-0.0292840152438944,-0.181337144696229,0.0432756588643826,0.186899844090405,-0.0143023029783748,0.105257130571269,-0.024772070311704,-0.30077180964553,-0.46743315985364,-0.0175028149093894,0.0578438582705997,0.0567260203603506,-0.128221659637277,0.074757375754978,-0.0386805425890542,-0.0216930032806849,-0.275319746425299,-0.126267426642318,-0.285162318361155,-0.389842257568526,0.0686842607051663,-0.0849615426428142,0.0847511195835141,0.0977295475204358,-0.0424233837000936,-0.0729948618180881,-0.124941377030799,0.0707102567471565,0.367260278129415,-0.0790154992037035,0.214737315519172,0.215018292488886,0.0329807106900699,0.000326547246170421,-0.211551279773984,-0.160313400602235,0.162066149590125,0.127913534291891,0.287743984553605,0.363050493054121,0.161865726433877,-0.0510300260565436,0.151470041434782,0.116485875769702,0.140046512351571,0.184360369199432,0.0423983629271281,-0.116624663401637,-0.080566297694078,-0.173875407384893,0.0993230079428074,0.310904494499943,0.0311761581020505,0.0421980956658796,-0.0242284372123523,0.157461733258339,0.0827419146687332,-0.192064911294754,-0.0635147532267338,-0.0140172575477676,0.0836835876236749,0.184483396905424,-0.0924904352156637,-0.0238788638450775,0.142442527273619,0.0348283466427,-0.17796406312017,-0.272392665508015,-0.443983376751739,-0.139169665862559,0.19900247689983,0.252243568452572,0.0555460801412191,0.0530006336507931,-0.103558790831408,0.173411001719729,0.136299244277551,0.0065164826796725,-0.519103338354076,-0.228854381536482,-0.125400103082736,0.0527591690223088,0.25220781572066,-0.0821200664030891,0.0507172653590008,0.00973516706448652,-0.182499699482733,-0.106604380052086,-0.255825551564072,-0.18169794247394,-0.101343123955451,0.184816986831239,0.0948448139648379,0.0658281278864358,-0.0203266230217813,0.112577956399883,0.00584347378863156,0.0985797443287299,-0.0553777369778807,0.0599505161409515,0.3389050315777,0.152508266788254,0.141196159410718,0.198111247096303,0.0235225963669544,-0.278061728225173,-0.207843908237156,-0.104499940180661,-0.15395888954881,0.123354208765278,0.458794471367778,0.154047344473908,0.263104650736621,-0.063772562197862,0.468129822141534,0.221467138723487,0.183640429806993,0.17296736976779,-0.0237008527874885,-0.302118902897938,-0.498426271526257,-0.0808170612076863,0.16444278461228,0.149920243273113,-0.184659819032282,0.110453774714027
-0.274540862046051,-0.139396346440373,-0.0940300768670146,0.0628535525567423,-0.138809874546496,0.126619897830529,-0.299422852596577,0.0180502805348896,0.233092360158185,-0.041481254705912,0.0609916246914399,-0.0192085693754163,0.0850688122701437,0.230384645859996,0.516061890212103,0.206248464995381,-0.210572376295851,-0.0647168492944247,0.443638140469367,-0.011603211625995,0.0590350502481508,-0.107139035036047,-0.0617116429176589,0.102850622172183,0.19713522262395,0.161160234547493,0.0773550075745495,0.104515999233993,0.726162863612149,0.31480856920972,0.212144967870788,-0.29550955406479,-0.318874291330123,0.14788690061544,-0.148322779835052,0.252643219002971,0.476421846744726,0.417691543389533,0.324926802056378,0.217728753226431,0.169712949278814,0.180679167321593,-0.0449179724515998,0.131482990949501,0.379323172915688,0.00602523176807757,0.484786742378334,0.186642714570162,-0.203230703156574,-0.261862317669181,0.234701428345215,-0.082680456869484,0.0680447977835502,-0.190073306011628,0.334585523511697,0.298578162048347,0.287806247367632,0.373631169980134,0.159049831009757,-0.0153452254148615,0.470708634486872,0.0290840315690786,0.229277863560168,-0.0589714214559363,-0.046878370870601,0.264187903619084,-0.076237224784997,-0.00483910509345552,-0.038123264691341,0.0461499410673857,-0.0533987103651597,-0.0709373508999501,0.277725639046234,0.00187352388442122,-0.150207000035498,0.0286600331803609,-0.241878570281075,-0.347220743503057,0.115979987169055,0.216982360473743,0.0299736135886338,0.247943967489978,0.115325809024251,0.0997651633006361,-0.0786433009965868,0.0624656089665336,-0.401667229408114,-0.134456854444719,0.0134184177961404,-0.0812290209328977,0.56216419963013,0.173139579758259,-0.232317310264325,-0.34886792328414,-0.167361412275669,-0.129359544645711,0.0120782525102123,-0.438685938364955,-0.266133035607859,-0.00591123519043876,-0.0691778642874217,0.0625738717263827,-0.190021428260921,0.10180398011946,-0.0973107580736534,0.363699309526443,0.309028221588676,0.254486280393818,0.21295927765792,0.145428142623917,-0.262537054184525,-0.0957445135549391,-0.0101103291539951,-0.00746271230195633,-0.0492853342059942,-0.386871041108056,-0.379447109041064,-0.105768398008306,-0.0292360766571688,-0.457313114606523,-0.392736314244877,-0.00687070061493986,0.239283315439596,0.196635697415148,-0.139419715244321,-0.239493711600991,0.05290057769653,-0.210918560360833,-0.0934922445262119,-0.0317786270889028,0.36988115428545,0.00568941707460327,0.142177640677188,-0.20112890355496,0.0968578127073057,-0.116253816151508,-0.124088170899658,-0.147067328383307,0.0177855097000455,0.182980256144407,0.436952137975504,0.477008257816741,0.561848981965944,-0.172641751358022,-0.330378526587274,0.110345491488672,0.0526150464243419,0.120069889400914,0.050072897092992,0.166657997460786,0.158014136675495,0.151921208483744,-0.0827050768830922,-0.146813766073902,-0.0997524185775255,-0.196478836265614,-0.0393606519260361,0.17697610679881,0.146217216204812,0.0870996714805597,-0.117098604394064,-0.00156315690098877,0.375109283244595,-0.0486867252093624,0.0335182195511911,0.0975806548677826,0.0581365990173171,0.461358298698134,-0.185141689607781,-0.113601919427567,-0.265239564920154,-0.345670164238028,-0.33852276011238,-0.372912369254203,-0.344275652447312,-0.00676581857293789,-0.196095890118871,0.00685714941827858,-0.00828124635123076,0.241225613450879,0.0500009753585749,-0.235353877847589,-0.183528511286863,0.298592089464846,-0.087958739420119,0.0699756366447905,0.0892696732481485,-0.0186852535004191,-0.541654117323808,0.0357791347456541,-0.259252964682994,0.0679433359765253,0.0182409732780713,-0.141154237626178,-0.494009694803365,0.255944834416627,0.137249151529477,-0.0843158537025335,-0.18247924233035,0.130466867360645,-0.00419224548497166,-0.0282422783876657,0.308598074825694,0.0631021545971565,-0.396056113748754,-0.189002849991514,-0.421429469175737,-0.236568652627139,0.0258301588830811,0.0411574336684692,-0.0198025242195487,0.402704275871674,0.571073761511029,0.371720354493717,0.286906689196726,-0.103505572029324,-0.0226363257500959,0.317448976551705,-0.087520848632964,-0.142202476118913,0.278877890918303,-0.0804123229548526,-0.19183026367053,0.430723568237916,0.592530128273212,0.121761834894095,0.0821746074068837,-0.122332079786652,0.0697592522567967,-0.0256948216659333,-0.0548590440385957,-0.223022837000828,-0.0437140498745922,-0.435938285491056,-0.00510515861397776,-0.122068137482349,0.0926297673162324,0.161042601215114,0.343398791619308,0.440460212648605,0.259172279874144,0.215995643754561,0.0180152013381708,-0.182361234360079,-0.189107243062778,-0.194149238358615,-0.286390890288126,0.013668772392005,-0.149424023810377,0.0362367033838353,0.130905970350206,-0.274595291203871,-0.286000679356659,-0.0952063211305477,0.0151682067163479,0.27019045264408,0.33479669969704,0.314951549987675,0.254683673591379,0.23925246003764,-0.0852044939511901,0.0979997556543776,-0.286237077542274,0.14435597286658,0.197908953178217,-0.0188441818585555,-0.102771522273488,-0.105606223448534,0.14975969798232,0.101324516591338,0.597143225461182,0.62045944614526,0.297739178913654,0.319260348820479,0.0940429317487455,-0.0454694034967201,0.0929871536798548,-0.192833691968709,-0.278590643216158,-0.327889805872882,-0.0968606067133629,-0.178823441793771,-0.0949620599049091,0.347225382467032,0.0278510049183627,-0.115435170693296,-0.0931106015568659,-0.00260261781237157,0.21776492832255,0.286774186820224,0.222603702959064,-0.0634530255975718,-0.250158858971212,-0.397052189113049,-0.209903459192245,0.0238595291330286,0.318599046331045,0.0695006120813007,0.0670411515312797,-0.136518241725374,0.0259685755849938,-0.229617160957051,0.322467277545523,0.352745651691235,0.231167693623244,0.33495377442415,0.248601497344315,0.267249547516297,0.0327431254085234,0.284456084143667,0.135597771468499,0.127819227288477,-0.0481080120879462,0.00244245038509242,0.220173637401387,0.305214632849686,0.176908799180149,-0.039909133811567,0.042892768842626,0.094817394962477,0.118937574270155,0.0140497437635414,-0.281602303395543,-0.548679476303727,-0.445870605960751,-0.382779054094593,-0.183602012480088,0.0248837860537365,-0.0681728805461121,0.13189084072738,-0.0949720683741044,0.0716672814835414,-0.228546224567997,-0.0506286002953322,0.112906770294506,0.0768903053147398,0.30058573933202,0.0468291318965798,0.291968328682988,-0.200370098172911,-0.318941556666996,-0.00863156532312126,-0.0675943885513325,0.222557703404916,-0.0355846502878783,-0.184958208422635,-0.041652349386028,0.239106853320084,0.379307089884069,-0.168392244427844,-0.0943597156038653,0.0884022368787182,-0.125542467124936,-0.179134440634837,-0.35952622914457,-0.498115422192487,-0.216009683227101,0.174167363144678,-0.0776482160380993,0.111915131177946,-0.14992160881009,-0.251596031571478,0.303150878348124,0.246045228522258,-0.0939592333442362,0.451135911882834,0.346237254451712,0.445032169295066,0.018108372328266,-0.229356578899999,0.0077741349774252,0.348170763725472,-0.179498784190079,-0.224731616135318,-0.194612467129115,0.032630354748907,0.141697132088518,-0.351833516030406,-0.26221345158309,0.0685022606319987,0.25059552664426,0.382961074109279,0.267202389040192,0.547774441488846,0.380280343186337,-0.00071333821551,-0.0421863964159203,0.236621916259782,-0.0133183233559729,-0.0109331659260925,0.0662070255502402,0.286923812368916,0.0920788937802532,0.296317057400531,0.0968534142000215,0.31469788035319,0.269228012926704,-0.015818954097902,-0.0484626908342242,0.126861703624639,0.137496304652984,0.255960311741065,-0.178416327679895,0.113263029774187,0.13461855405951,-0.057984229166728,-0.294666471347182,-0.0581063375719705,0.0260773163840226,0.157400517022484,0.503975984175076,0.220733862850837,0.0889571996663318,0.162020841068024,0.140158466686711,0.164711529294801,0.117581400370413,0.269329637789677,-0.0557569323411391,-0.0804539079478786,0.0505301674688821,0.105824817445954,-0.4888416586949,-0.0397220490131453,-0.101937904814644,-0.337143390787334,-0.0230746633092903,-0.029042256326621,-0.299163301452584,-0.00316096780460066,-0.161305759423307,0.0282375161715989,0.251887926826991,0.147566596913019,0.190753067720913,-0.179854911949331,0.0368919983566196,-0.0340346830357653,0.168639247358116,0.0205687696929823,0.0334478783303817,0.411909864590444,0.148453582010908,0.0827016987378995,0.0966064994582259,-0.31222830833082,0.040862035663515,0.0136795090225474,-0.0248641746594115,-0.00456160090579599,0.221494733147026,0.161327821670718,0.0512691395787684,6.10624135381765e-06,-0.158515569988398,-0.0823475464529151,-0.274406342983107,-0.186724987859145,-0.112187027303268,0.333511974648604,0.151403670608849,-0.116692767766838,0.0584323150983226,-0.0690709060116181,-0.193472973179285,-0.204618811146921,0.00560674312754877,0.122927792798322,0.218220999401046,0.23569721285546,0.182593284750931,-0.0501799954402144,-0.00784117091129333,-0.0114242270752913,-0.0687751954010936,-0.0998578488702782,-0.176472677350099,-0.187201070505094,-0.17533539111481,-0.305226134644825,0.154850290690226,-0.116050588168533,0.235370230890031,0.227637474651286,0.15893562081303,0.447914075153818,-0.518740663572384,-0.261256604634921,-0.0649229370851862,0.00441843343743669,-0.235310868085552,-0.267503386964889,-0.235297242259511,-0.196802699357985,-0.233419176601879,-0.190604518719381,-0.128014290399444,-0.212126171307874,0.0161507918188144,-0.136822750013045,-0.0757596587716919,-0.474986618142445,0.378279206132947,-0.0908297534326965,-0.104437868210939,-0.012025562501075,0.391786810272336,-0.171741411001053,0.100506730143847,0.338492428440198,0.332993627121317,0.0211193045385712,0.34682938952724,-0.144083295687732,0.106291394267671,-0.00623264653143648,-0.0394760282072126,0.181181913393504,-0.0946298706552797,-0.122651818054388,-0.136815794662235,0.104840903668497,0.259376138318399,0.00649604335673354,-0.0838199685770241,0.0512580795053404,-0.318177000946822,-0.055103107593525,-0.119380595651819,-0.0673791785627541,-0.000454933767460631,-0.469966285017548,-0.15240704294638,0.286655923973829,0.170960782514112,-0.459203504783629,-0.0318149242591772,-0.112062054777417,0.160907163422291,0.294894348998267,0.4476225078037,-0.0247742496760758,-0.220114645802983,-0.0270147186195904,0.128492932434624,0.25116509035543,0.29519645483089,0.35312663844377,-0.110475832958484,0.224572579759343,0.0336713159584462,0.233664350653382,0.443257358998756,0.315888476375416,0.221248378769506,0.110400240672998,0.155758416510166,-0.344200601847531,-0.314137470797445,-0.0991268678176024,0.0823143626984053,0.0285163188528483,-0.0701347949020246,0.669697919463328,0.198484007349893,0.21576991904147,0.0815866836896394,0.0435862717635449,-0.0846576207901312,0.0838860319683512,0.00802746480692097,0.0972308316550946,-0.0349154012726166,0.0338387949198164,0.0839081006503923,-0.440047994033308,-0.0778702337859006,-0.241958669162598,-0.146045443653385,0.112221074580302,-0.0696256359021079,-0.188613881754277,-0.16788694262008,-0.0698701150251818,-0.114464864721949,0.0685960787847294,-0.208726851062444,-0.000948935949179802,0.0957637825818751,0.0917991335035287,0.0373706035612797,-0.0885137173431933,0.0110995305334745,0.180321438863845,0.0576493737990489,0.355434611343384,0.33293437308737,0.327841742515614,0.31611588419216,0.38760546652524,0.215097581373134,-0.0683657525791571,-0.196477972456045,-0.117857325856008,-0.283321201989161,-0.286290846493482,-0.109478561626868,-0.0501070896737138,-0.0635980799947351,-0.0577407582164246,0.333778530129084,0.188281889426726,-0.219953289925806,0.0781042827896931,0.218765965809085,-0.168784027993686,-0.442075551899991,-0.361300373377344,-0.200852732242925,-0.150240631489297,-0.0240828946207578,0.0447371875791332,-0.474433382737664,-0.191654552458597,-0.287270338364932,0.0961628385667313,-0.298417513739971,0.0054501798349075,0.305576378975897,0.0151602854652933,-0.0550035373508707,-0.226391405196867,-0.198005882339356,-0.498898912047702,-0.22370279443793,0.229579907879184,0.0255742006979695,-0.108731845155219,0.0125901910788453,0.499387931372691,0.348826737620516,0.108730812794996,0.0317855224105239,0.34146158614348,-0.11757457200695,0.165970156590844,-0.173098233610026,0.0647786170640879,0.0182602984389495,0.304370020318385,0.470157806282405,-0.0178017844539564,0.0522009509887574,-0.167517331880904,0.182871770945403,-0.0351339934926559,0.0026795810199423,-0.0995234490096479,0.321563821633162,0.207207734942476,0.231508425640864,0.432309482630122,-0.0628593272160456,-0.0819918577986407,-0.186274984408547,0.111201637946241,-0.0750549521622227,-0.143809631800234,-0.0500310870941459,-0.176451601295306,-0.383298152118858,0.23450525668314,-0.396347498427553,-0.126322104474996,0.360860626027692,0.0455666530304687,0.129573589701906,0.154467982687432,0.0583700995952039,-0.0803226329353568,-0.411209591963925,-0.276447610006566,-0.322326209675685,0.0778783334649937,0.0486444827535514,0.0143462728652864,-0.227698941695413,-0.178229090233648,0.164011254724941,0.00109778480344849,0.0262331257746286,-0.12611923750538,-0.268487906146823,-0.320120848684976,0.0242021648525609,0.134052069978371,0.0399667459166031,-0.19893330023319,-0.00699467693310767,0.23089533076893,0.188572273748794,0.227874808709241,-0.294830733500529,-0.0698083628076289,0.211066323729086,0.0438686939330367,-0.0872123226245324,-0.111530033520113,0.194697008214793,0.307071433701771,0.367524330708452,0.257128015476536,-0.0714508879027631,-0.310338201574287,-0.0699454616650646,0.0162420900117963,-0.0484611686686679,-0.257625378998004,-0.140826469577693,-0.043482714637112,0.416011574702025,0.239747034883035,0.32870840837183,0.0976239865706272,-0.241655365360068,0.073874763881373,-0.0742202711617847,-0.000201020489659962,0.313367119802282,-0.0318948810520837,0.169394841612231,0.292575677196814,0.00213592015858574,-0.0907606298233429,-0.114319585286215,0.137138385200854,-0.0306145151556145,-0.308989762753501,-0.0634644290547249,0.122612227636899,0.164002845349146,-0.171340588790999,-0.217234468352918,-0.393016981289925,-0.0679490106778965,-0.289684621907899,0.0670176613787724,0.146140104621151,0.150631510130544,0.0815980007814104,-0.0424060982105367,-0.348236346045601,-0.491693612303741,-0.405113133689886,-0.33550417899889,0.0942920107127035,-0.265329612930201,-0.583194015601514,-0.0599721524704976,-0.535335452966878,0.048100870401096,-0.09263448496634,0.235685824423032,-0.28727226762794,-0.0769566869924647,-0.244119377788467,-0.121232490504411,0.0239157935403409
0.293257397056773,0.165067541187958,-0.0207334355315523,0.0104664287594882,0.0692613715248415,-0.0723723212014106,0.169114625640744,0.216575657872553,0.211800457864239,-0.151136501160312,0.0420575759931175,-0.011956854826483,-0.268319143858832,0.0896891669207525,-0.11219716855324,0.133532596470635,-0.0459347140786857,0.00859038520502591,-0.135149932197965,0.00975314904553993,-0.0564821381486861,-0.149596094048943,0.17921779048421,-0.0814481327442963,-0.10631643673803,0.122114419134217,0.20154870524269,0.0981731305476797,-0.0276291528540841,0.0598374899479042,-0.0429479066725491,-0.0749017238869297,0.152693267058508,0.0759081066995312,0.1636074876325,0.0491662066618364,-0.219595413220153,-0.06643665716791,-0.0365508142288649,-0.0283884216529012,-0.0252256275622842,-0.146632278123058,-0.070104685711323,-0.126964437783409,-0.0835998600233723,-0.127086092878214,-0.0925221908675024,0.0615496267714512,0.0502944479248372,0.008121512290465,-0.0664670655749252,-0.101411066893922,-0.137574193237328,-0.00728843324070175,0.0176733950381272,0.0967310468599449,0.0946438153893792,-0.224691146003392,-0.111319976217599,-0.0725628940314169,0.0786980615050111,0.0247694707087342,-0.0457392607102442,-0.0209717179047842,-0.0611976035811575,-0.121794551441991,-0.078077972360321,-0.0336455960645176,-0.183774444813154,0.0796099850808742,-0.017733900103051,0.0551937248050176,0.147716462090959,-0.00339352086229668,0.057227388299588,-0.131948024039759,0.0723970471805338,0.0572367395879488,-0.0863267001141058,-0.0117922839430152,0.0468388791003351,-0.0206443872034437,0.0772700439586533,-0.0985716499640941,0.102411273972594,0.0342259471322478,0.00309180481951746,0.075857511306091,-0.0187950540075684,0.129901383183378,-0.218871902046258,0.0624823881164123,-0.0121833333171404,0.133464561535773,0.0618974600095085,-0.155400158521204,0.0251705228978312,0.0828458417376962,0.247156900188039,-0.0738967253740268,-0.0430979789456922,-0.0282680433781417,-0.17435790624216,-0.0676328289119208,0.021695939834996,-0.0803202966217339,-0.143340142733849,-0.089699566512581,-0.14931064723443,-0.0095046123750795,-0.138001043742922,0.0479381821342476,0.0430776693647214,0.0372899092602081,0.00913653806458563,0.0317597526135153,0.0694219941299146,-0.0501220225078334,0.0268839282113578,0.143418789584519,-0.0173513634666731,-0.0846929434404631,-0.0259355009632746,-0.11655616273694,-0.00640088175294457,0.0495757918665625,-0.00659362934643042,0.00638684548494304,0.102772706664264,-0.0674192724747268,-0.159069925716012,-0.0769032212931257,0.206328140661149,0.216467387704146,-0.0335185239399304,-0.0203403448945023,0.260320586057127,0.186001033717249,0.0484060293696389,-0.106190595426825,0.164212895612883,0.134256783306107,-0.00202249462305203,-0.156558586047943,0.0172505193225755,0.0037755740459202,-0.194974624118378,-0.125899816792079,-0.0268154484093541,-0.0859545866251339,0.00939493924254841,0.0338730483592129,0.10349778696594,0.13899260033378,0.12605638062091,0.0780114368634224,-0.0703101702658343,0.0860906604547071,0.100494027113572,-0.011034808311002,0.00763043770591056,0.0277047084640937,-0.0574173947942553,0.165867226571529,-0.115539002913549,0.0656447866058698,0.0254720002797878,-0.231625114487457,0.136334624257399,0.0425189120697437,-0.0420325174979175,0.10708419597918,0.0923777567157105,0.046513453661673,0.0542877971691897,0.163531435232327,-0.0721241817284307,0.058826948331571,-0.0220173266072737,-0.058816380116205,0.0664150284147209,0.0846334937601936,0.146329575064204,0.0169661112659634,-0.0217755700097086,-0.07964490344865,0.264719821295366,0.162090264390252,0.249649469408496,0.0736324525940531,0.0509910565200692,0.206801732986725,0.17046342596534,0.0588853506384295,0.0856341875067656,-0.0545826704325203,0.0634335616844794,-0.0867733883979317,0.0471785742385834,-0.157918724350056,0.0695291397860796,-0.0380274563821191,0.0610195751993381,0.0143395472435458,0.241837136638257,0.101395537380651,0.0659576095000623,-0.209684259679854,0.0885280032902529,-0.136024272977532,-0.0977117300319056,-0.0593468983223887,-0.309254709349096,0.0629607652328538,-0.0925282062050205,0.080397061000794,0.00336186729259398,0.0251319264792735,0.116296033413241,0.0595039078667659,-0.0718105891002858,-0.0385673552014071,-0.143904762539528,0.0773226922560011,-0.25797881881964,0.0361086404020286,0.0791222149034586,-0.13712886707544,0.0729417270225285,-0.00312851583822995,-0.0597075021419032,-0.0245794654249836,-0.121348568083217,-0.00120619010679981,-0.110823905153341,0.0805716936811261,-0.118373100099044,-0.104818706602496,0.027476734094248,0.127300412336562,0.00405091576512336,-0.114517236715615,0.0205420494208264,0.174964212969103,0.211848212012111,0.0543647157358441,-0.0304770322296121,0.128086330933567,-0.109177077833238,-0.250498059383342,-0.0884722115895976,0.0838444879985599,-0.01443377597051,-0.132105897626285,0.107593815720838,-0.082420144043137,-0.113900570797201,-0.253966913181617,-0.092689977685693,-0.0960139524661968,0.0951729088259868,0.0693635162892762,-0.0814414877354161,0.166255815211825,-0.167637934042821,-0.0494436690807047,-0.07977074661917,-0.00713694727583349,-0.203462287330957,0.209532639476966,-0.259084263184545,-0.168663601117714,-0.163440207887461,-0.0578435487946077,-0.147698278935396,-0.105944925193234,-0.00821371875081843,-0.0531142022850786,0.0226679012639442,0.167680097639588,-0.0383073131388121,0.0768720922629402,-0.0109829425383155,0.0341335674109866,-0.0225301633248108,-0.0610742842693478,-0.0854556255089268,0.0946415576071265,0.0944809494464614,-0.0348877058944158,0.0891291610305838,0.0413826497490396,0.125525403259991,0.333726518215179,0.0589080751968486,-0.00572087605364165,-0.23622768752686,-0.0312013797597798,-0.15846568011652,0.0654133164830106,-0.166005993265161,0.173392508239913,-0.0307200879645898,-0.105192441689826,-0.047394635311312,0.0061717781049087,0.0403485640703988,-0.0047046002241011,0.0236450424477309,0.0623698258552884,-0.0166844301920025,0.0769311963272936,-0.0514743781222051,-0.133639088762687,-0.107976144820367,-0.231827999110464,-0.0437295788045877,-0.0854158551385386,0.117058647293797,0.0554354428012807,0.0114219375653605,-0.0705911994820729,-0.127617800234143,0.183587054836752,0.216787933017615,0.0437333616283342,-0.0885620181026817,-0.158075161676426,-0.186236674943142,-0.222372345359747,0.026365999983038,-0.0949763961162711,0.232265612366014,0.107522272952577,0.0456162336611555,-0.0536271226199902,0.00954060262085571,0.045341297547462,-0.12449908404665,0.133061711342272,-0.00420715936124037,-0.0616367687539852,-0.0560159735531608,-0.185640467626788,-0.0727040775602572,0.0719732148262406,0.0674624006037703,0.0746434752146632,-0.239256536777896,0.126985917598813,-0.00269359914660742,0.0668196060577139,0.0869280399075771,-0.0085468428172006,0.0249764447912718,0.0815490087354508,0.00770035816579945,-0.0156119186520246,-0.0208620515746437,-0.0882219907655468,0.121397765814404,0.0869256967333009,-0.104827815539542,-0.102556576697447,-0.00435129335375234,-0.129871275888733,-0.0865305940324756,-0.186876130004436,0.111790733302003,0.0405077258346976,0.132064053177795,0.026406724654861,0.114108880853367,-0.0813798878774154,0.0122355928841921,-0.120416827210572,-0.054476883851187,0.0849862194985775,0.128811044183954,-0.135750440029628,0.0537983295774502,-0.372105928779696,-0.087482742012867,-0.186287627011151,-0.230932802043926,-0.212811455275411,-0.0588774233102726,-0.00866711771586662,-0.0459440613111753,0.0155996817523294,-0.0562305004063945,0.0228441448236748,0.00562496307487712,-0.18599576087114,-0.0582017804018905,-0.0949094768773566,-0.195451428230029,0.0938729498159167,0.0186643558236115,0.0797008443350536,-0.160234144736807,-0.126909711046894,-0.131846838329951,0.10562523294059,-0.0795559012980265,0.0865505142718681,0.0190828475490005,0.0750474049230046,-0.0782483845646035,-0.28007093951746,-0.139097689998517,-0.0298495514509416,-0.137947668315747,-0.00507677557652533,-0.121175969235071,0.116659477217672,0.0133657903881968,-0.191954734279875,-0.0641236274793367,0.0139805691689898,-0.045147168357876,0.0525677399796274,-0.0540414672580359,-0.0878339952520178,-0.00782777377838412,-0.0221746844466124,-0.0145053515897656,0.0599663411157873,0.147685194325201,-0.0964743461884242,0.0318222568912825,0.076756477608827,-0.135237199764792,-0.0636354698823288,-0.048348182835474,0.111620494932875,-0.132042818404269,0.096208395389577,-0.125580047454103,-0.0530655670374431,0.0288663292212306,-0.108699553832593,-0.0793496376276445,-0.000805700512118996,-0.0219930818701713,0.112345128763754,-0.0788198989059907,-0.214000181241117,-0.000380410508257813,-0.0301876040959114,0.0170487812728144,-0.09101914642024,0.0124603647232606,-0.067190113781156,0.211351930240374,0.0716636971817331,0.224228077823182,-0.000536755299750592,0.0588219097672044,-0.191144342911387,0.0661800759518523,-0.141060121038833,-0.236098103058279,0.0402044879079806,-0.00948516422202764,0.120821395487359,-0.141469898411659,-0.0107822310690826,-0.0178408653973936,-0.191737617447259,-0.0536007588227367,-0.00770365266051231,0.0313827416632721,-0.0522199027733841,0.00454633859044692,0.119283328355302,0.0498471590615137,-0.0631797081222924,0.0111418678027403,-0.042364153311349,-0.141772572433755,-0.037923889297698,-0.0273827827628896,-0.107419507621501,-0.0279121190084427,0.0221319832259134,0.1667536677069,-0.0915613990312942,0.0239025576548788,0.138455523721216,0.0876690882354985,0.0381159272971725,-0.0935214454233581,-0.0190958484338992,-0.0362653395868579,-0.209569659975118,-0.142135482437411,0.0165701128218256,0.0277051258270744,0.110097897429063,0.104249068315616,0.00458493183559444,-0.313934720552184,-0.00620515325389358,0.0747361598062776,0.0432508631118222,-0.1253937658215,0.045613804369425,-0.0282020266517562,-0.109256652906121,-0.194851450139339,-0.0598569670676816,-0.0159996317855715,0.136046095237948,-0.0819881684090424,0.130607793322016,0.213505960671668,0.0785751987744049,-0.0662147483808398,0.066769245670324,0.0455556614318061,0.0917497815880631,-0.218032168290101,0.047257400666227,0.0460290994709146,0.0218321449193239,0.0622442264248764,0.0926928421310659,0.0358040350935789,-0.00706145514974752,0.0587020027098062,0.169172485546408,-0.190252196202522,-0.042852027977961,-0.153310679265363,0.265654277674044,-0.0723612968710072,0.138373290373555,-0.152195806602736,-0.151791437036181,-0.00192065905564258,-0.0432360129005801,0.0546153220735871,0.107257810438952,-0.143565456576284,-0.0442750351497129,-0.118994927118341,-0.0524778577687113,0.0301212872040533,-0.0481621353956537,0.0988208727515542,-0.0521558580908744,0.000656867867754346,-0.166317513499247,-0.046058982975514,0.0377259974287917,0.0673722847722532,-0.0294578068770222,-0.0100249526907972,0.0945544458723439,-0.115860367293082,0.0517969721515952,0.025263910949118,-0.109807755168284,-0.235527448604137,0.0152088658981212,-0.0749121923595664,0.104759440738021,-0.103363001163234,0.0842610697302053,0.0568456101957814,-0.0874276801643347,-0.0339231491356324,0.0234899161794325,-0.0395801046584504,0.0606328734100793,0.0349831186331347,-0.0307185922193359,-0.0359695658608983,0.00672035397856965,0.0733747096801993,0.120104743791628,0.0337711999246981,-0.0155942072618641,-0.0113736788919862,0.0363199580806618,0.226693157407971,-0.226489042148038,-0.0243572805097292,-0.0752531781351386,-0.0211993619844714,-0.144828074028037,0.0570041513977635,-0.153447335351051,-0.0828992753926363,0.0580136812205322,0.000877112519877932,0.0282277863981689,-0.00227649245198762,-0.113353406772203,0.058153441551535,0.0653910256219285,-0.0615366491821115,0.0315948940242437,0.119211545493855,-0.0774641428247779,0.177048842225204,0.149381537814081,0.154376310803898,0.0289132085758766,-0.00487564848420423,-0.0190976073917057,-0.0499632750277291,-0.14797876043515,-0.106710295199176,-0.000433349997635439,0.00491374574796964,0.0101689925193269,-0.00834506666953545,0.000823682638549449,0.0767322517998306,0.0548034719261453,0.077939921831542,0.0148420251723646,0.256944278102025,-0.0844953602635251,-0.03317137388468,0.135559385552067,0.0585501282405405,0.0053318418736009,0.0460410493914184,0.0507154064277715,-0.0332651536208435,0.160236341805435,0.0322476587944562,0.0361153208154625,-0.00520832209862463,0.115637683038565,-0.0698490787429462,-0.034175292421924,-0.0722371267817667,0.0610070062425169,-0.0493306692548542,0.0474762291783452,-0.0232168970145318,-0.11333730103109,-0.00394340027585861,-0.0207189531535492,-0.00195429629962877,-0.202454511680243,0.102245018079525,0.0465362699514707,-0.194566433242592,0.233119503040124,0.123909881101289,0.0701322893715679,0.113517382071096,0.014241555977851,0.0560091192795506,-0.205763234245341,-0.0152066889572824,-0.0411892340421541,-0.0965620380258473,-0.140515742163519,-0.0288841470042629,0.138667566932164,0.0514092158535712,0.0555271237588215,0.0372045243375586,0.168204688613148,0.176745037604695,0.0614556877726088,0.162967455616159,0.170501484767583,0.00955763926167431,-0.0495572975334466,-0.0569808093386659,0.0979853083171709,0.0311537823292208,0.0435025201423117,0.227593672079665,0.211630311870143,0.0935085121499672,-0.0276301186655101,0.0411296609814669,-0.282016895226704,0.175578730957548,0.129184546362488,0.104905854363008,0.178488753954762,0.0794410750056888,-0.0110312988619034,0.145688686504193,0.00495116470023031,-0.243051191276031,-0.163534031606653,0.0267613467674983,0.0589330825259361,0.0628668307194631,-0.0511805228725013,-0.204103049502381,0.0836106294450377,0.0994568170764146,-0.176827564935618,0.210788021982213,-0.0581723761047872,0.25758668247713,-0.00944914656011465,-0.0170872823988427,-0.129754648508868,0.00648575638339632,0.0864817211517028,0.0706694838950556,0.0939272912072776,-0.082862600916447,-0.000924948242960872,0.11617870534096,-0.129303482524844,0.166097594163016,-0.0252013991129487,-0.0678828707591487,0.0226989598617503,0.163759526435958,0.128255983193397,0.0735174628831187,0.0285311276938461,-0.121774986464965,0.132690602664254,0.0399108222100662,0.0588677320323234,0.0528632388020554,-0.224055396509017,-0.0704602752548593,-0.000177612541025607,0.245755854064669,0.0628018448376268,0.193494963801657,-0.0784388131080182,-0.0375270479300288,0.0111601705199075,0.027317596165346,0.0754359979129563,0.0249865136079477,0.222449282756878,-0.0708725360633909,0.176503589804761,0.0770502015397535,-0.103731510933339,0.0556235117319888,-0.055913080872148,-0.0556609653810264,0.103589749202854,-0.0258129277765775,0.0207145596476256,-0.0374793611899894,-0.138512029429209,0.120363918150561,0.0180816229949823,0.0796461716570405,0.0681543662224374,-0.0935183671681881,-0.173176603290661,0.0009193590375162,-0.145811182384195,-0.0296085054509198,0.0127541507713941,-0.086631957788929,0.0230322429008982
-0.397984675378974,-0.341176359100311,-0.278215605204954,0.0737591269209228,-0.142690908868011,-0.0372164557116935,-0.442882902117285,-0.260560071582477,0.0868995464592565,-0.212642458671279,-0.0646351575276372,-0.111598197558768,0.348031882919079,0.158185351961485,0.625931063207022,0.361654830167579,-0.216886539566807,-0.124813702584487,0.556352625447946,-0.0769747396842825,-0.289059143582231,0.0344106782387581,0.235989283666165,0.269032250554911,0.344950100733673,0.606753417030522,0.30275490981988,0.248816130971369,0.881876702007364,0.352953739355415,0.619308728110109,-0.787260332431434,-0.450451839727535,-0.00838365994211796,-0.0813294205169787,0.361204552375436,1.09518237333547,0.518099158980194,0.545734942229593,0.543389702886956,0.260239977453947,0.269312990948067,-0.478117836058709,0.161411094962465,0.371356136438612,0.337344509746385,0.891325128881961,0.308082799659895,-0.164810818170187,-0.0566083924707837,0.424961261485762,-0.12781623542272,-0.083627346727198,-0.17729713095741,0.285805804524031,0.697849706954312,0.532239593969279,0.664113187401311,0.195861461667287,0.233287469670919,0.803035670502104,0.359254418252958,0.336839263027608,0.0235075332114745,-0.0244867190113166,0.678158844911122,0.109894385128755,-0.00792926113272031,-0.219289012214425,-0.163298237076559,-0.0670435877623037,-0.308066746556072,0.362431474404156,0.22593676882608,-0.248565458351889,0.197133546105301,0.11704415842833,-0.330669424621531,0.31213489126605,0.119926793486242,0.0870542454087881,0.320035260949987,0.00654985500324477,0.246185200815753,-0.236977186951992,-0.188639252862679,-0.623327918437775,-0.277661714084981,0.302256731894198,-0.0492136364274378,1.10840168565472,0.326117454060124,-0.466053866657707,-0.701595139774724,-0.0620506921697528,-0.160173859503162,0.00739712702601868,-0.584941753088891,-0.29690366353086,0.286135631729506,0.235331194961104,0.12076250073496,-0.197876122321605,-0.114214477008025,0.0657391348908499,0.718899190345383,0.540155014368559,0.724651677567619,0.16334747423162,0.139542319015433,-0.346030360906758,-0.470070156202179,-0.00110650172881871,0.197610471062663,-0.205474044174676,-0.656702690699187,-0.72675612561904,-0.267325793112941,-0.0742822469153066,-0.391483249231034,-0.908551318100752,-0.130208811172524,0.240642517235246,0.513153487636482,0.192076320467802,-0.404437353719791,0.0798085169981273,-0.352240578607045,-0.0783067784856806,-0.0478818388323049,0.809095659263127,-0.369074308540065,0.185248665951943,-0.237052485103526,0.106093993463283,-0.167713393826615,-0.2762438286825,-0.136833252110534,0.136888641326903,0.508228147590133,0.555519723874713,0.881733064295957,0.806024128970054,0.149086324535686,-0.380084721966511,0.180212796299821,0.455064734935984,0.283075600291744,0.27232920198559,0.277727355844196,0.456656886617543,0.0665387997853977,0.200433153407362,-0.0424014865183684,0.122060235877799,-0.280278963198456,0.0233413573414196,0.25800516065614,-0.148807131684585,0.166203217057805,0.253807880243097,0.178825948269191,0.62244054366579,0.075758264336046,-0.0366363945155374,0.330057035206505,-0.0031658044215733,0.479323862059523,0.0225385189165122,-0.524012083381067,-0.0100560264423449,-0.626931027801536,-0.602109728510068,-0.598833239278242,-0.577853883962459,0.173430199343665,-0.151287173169193,0.0741295488239492,0.100095781636259,0.300220157884596,-0.125655347100075,-0.227223560424663,-0.131905796170215,0.196591952632935,0.292837753141542,-0.0558198248885164,-0.0757548726729674,0.0746295486474316,-0.750341674940961,-0.510514818990953,-0.565516669059577,-0.182663625180988,-0.150312926844311,-0.640368090539511,-0.430818085282615,0.295763754754046,0.0662548675397154,0.0638565389465409,-0.184722666380705,0.239382932527667,0.0644372310373353,-0.321261092598215,0.467528594397373,0.210322949036551,-0.802044039345748,-0.403290478526051,-0.488003450262896,-0.634556013552939,-0.106467344495423,0.0633737872116546,-0.157738075318882,0.483687999123978,1.07605969141894,0.564257334125592,0.519982991464345,0.160063354246986,-0.0552576743603711,0.425154419438243,-0.0285731665832617,-0.0737648550577112,0.311682223931152,0.201466628005916,0.0523277462942866,0.471945252305333,0.810870229370127,0.187836222722673,0.229411014876575,-0.183358560431015,0.240413554590603,0.216796548036464,-0.225045948901403,0.0129720087361202,-0.0953822110967698,-1.06353912566928,-0.212983202850919,0.0901305055309516,0.262441873795872,0.460964390557318,0.843600597449641,0.760721708904741,0.410693458366626,0.235668561597901,-0.151986945787023,-0.378066772213121,-0.506743907037739,-0.241134465913875,-0.443540831709916,0.0280103243032177,0.275383333417992,0.21118847552052,0.0440210452064289,-0.5641818875942,-0.255755877847414,0.161255529869869,-0.15216221456673,0.314095833835606,0.639080349905729,0.66643458468325,0.664504118983352,0.328139551617884,-0.350814887929533,-0.0543663197031575,-0.669279278221348,-0.210828245477573,0.0244585051282356,-0.0822957876207111,-0.0277409532848264,-0.131287559782721,0.306769745059596,-0.10347116600182,1.00865609229372,1.01793095132254,0.295606035044165,0.624282738347396,0.263331071178229,-0.0302697695250272,0.0447941622264459,-0.396592116099431,-0.20715476850855,-0.638894309000458,-0.472071241606164,-0.447072521549072,-0.330936008428784,0.37743619091784,0.403400875404737,-0.000143696884133553,-0.328877483561333,-0.0381839687002542,0.33794843756139,0.567237610678508,0.365337546868649,-0.447348193955847,-0.611072943487551,-0.335090776837412,-0.419663283126166,0.042124390001309,0.298073315071039,0.283783633314378,0.254219334114101,-0.298973325710531,0.181977619361517,-0.0467308209081823,0.287591279233311,0.630402128069748,0.286578798538413,0.999589909678781,0.559019307762525,0.58125856746801,-0.0437474963922917,0.351421214298505,0.334325167251668,-0.151476025171195,0.0452788167024327,-0.327304007895408,0.444423029769939,0.20257771312859,0.336991882458246,-0.0473200643504218,-0.1121749374157,0.0866776842350752,0.30506223268938,-0.216164603185115,-0.417542391972661,-0.872111590585068,-0.607502065754437,-0.284109446310019,-0.176873508279942,-0.00691884003837125,0.00566406987835412,-0.176818861839308,-0.351418530282406,-0.027077550154032,-0.36431179323494,-0.107334507273876,0.394966440702984,-0.00697708485577681,0.37038834608289,0.416117931161484,0.274253491753145,-0.468931720319881,-0.43146445807294,0.0509573860834298,0.290634338223246,0.312018806263499,-0.113772112059216,-0.304362363237982,-0.294439662349374,0.266581797375083,0.574475449960887,-0.231598812872883,0.0738617122779042,0.585044639499119,-0.132268704999102,-0.312716390750034,-0.547649701264078,-0.699000704934134,-0.87859079807801,0.367917684875447,-0.39466559011287,0.178771162498939,-0.213738076892333,-0.177351753646322,0.724128131541188,0.42260295771182,-0.0967798322804778,0.78797799342605,0.466496251516933,0.671589989704,0.381858528066131,-0.36562624685623,0.0771417911153758,0.635492817896093,0.012835181613542,-0.566655095685815,-0.235266556939594,-0.0670178613666026,0.243202455870314,-0.490912212210232,-0.337557240278373,0.343373880838021,0.36947929642918,0.342946991191728,0.25817231594441,0.772073794860759,0.498293779422644,0.0553413129048441,-0.0198409916122804,0.511023120405135,0.121657180539407,0.0613677765721044,-0.0611852428727318,0.526648885239265,0.159990941975977,0.415292136892657,0.241439044297801,0.80893284569209,0.65124161282369,0.160011423946651,-0.12519866579988,0.154476747960084,0.278344838104168,0.073352943615235,-0.0248262421429272,0.397515058943107,0.366976769625663,-0.112541222322787,-0.450987128114944,-0.261177878892379,-0.162947155158519,0.54759609205656,0.993731320861071,0.624573327406235,0.263767618023677,-0.137108732632302,0.320350702770798,0.332159175538318,0.0703060324671797,0.443250138651403,-0.100554155222472,-0.0965880814307075,-0.0351455891743544,0.0238426598059592,-0.621231592840346,0.161708681577554,-0.157838909084394,-0.235961897641117,-0.244000929051162,-0.346088161695647,-0.453176806023315,0.0445779576649533,-0.524745679378373,-0.0681925087426253,0.158901473518856,0.171908956992918,0.0539023719961095,-0.103521150850203,0.254680757017781,-0.306260331921938,0.0380076785764657,0.626761928690898,0.170920353691414,0.415769489209115,0.56220257678546,0.253438691776758,-0.0309104228566788,-0.490372911821368,-0.212416315657763,0.130435398263978,-0.0787127986991372,-0.236680617534924,0.763000231122978,0.387825652525157,0.469093869648976,-0.178336533153296,-0.200221686579059,-0.442922699633146,-0.49339584121889,-0.369046162803526,0.0968209183369551,0.491015190263907,0.404764398669908,-0.463363959055264,0.0895959516225787,-0.138353421956565,-0.467250255570529,-0.583092939099442,-0.0974368090587342,-0.0476758630059065,0.455702350522484,0.183092158975226,0.500206324486401,0.199559797769877,0.315072150093391,-0.046087631073597,-0.514537024893549,0.150738188872372,-0.363807455878688,-0.149621180933478,-0.240928123132896,-0.137371040524251,0.364611001747547,-0.0857687344125959,0.406594297391612,0.2898542463513,0.255344745694322,0.889470055267859,-0.805438678417029,-0.318043212442831,-0.258927651891736,-0.0612096356373829,-0.47756737137394,-0.544923906445661,-0.257796879271475,-0.432907615257002,-0.262249807671383,-0.290657157725409,-0.172581151755904,-0.386324566850416,0.121306287130565,-0.134281916285194,-0.209119403682282,-0.691267838337469,0.228927545428138,-0.324189689300716,-0.252013415967126,-0.138840400951373,0.402413431918784,-0.359191181932812,0.187094864151058,0.362678451775553,0.633654293957022,-0.0730541879832098,0.629413776835617,-0.184584774019585,0.011620719794121,0.0470819247430756,-0.315281641519068,0.0806171493008034,-0.131690455297862,-0.0820275966630302,-0.138986157879559,0.116675236627346,0.421094545513335,0.465285848915091,-0.0372055610553353,0.0143754387919316,-0.588015681296727,-0.0664600086549983,-0.169076313032428,-0.0293062738521832,-0.0992839205041284,-1.10227934270263,-0.326782387959241,0.361249808186214,0.391282704021665,-0.437367932185921,0.171269122012897,-0.163013034596406,0.44749484480474,0.593499950256194,0.747720888423639,0.21024019765902,-0.223520403025833,0.0792150542850029,0.0544708022392148,0.440893620306878,0.579467104964173,0.665533108558326,-0.349337340187965,0.410985955206069,0.224111957405711,0.74272373133873,0.882491696891193,0.461882344987227,0.317727997320208,0.00785723271459063,0.0624712701731486,-0.335342613254026,-0.377090424463275,0.0235125124508956,0.115909030543463,0.139606369288953,-0.0251047152192434,1.11496634418176,0.816910604223576,0.26160202069783,0.186377844110986,0.164515722825562,-0.456614621898002,0.184335877183633,-0.147010300660724,0.042280201697082,-0.524469787907549,0.27796129472972,0.222536469555249,-0.648174638892644,-0.432303290868905,-0.30794868321311,-0.0362170784655789,0.275941611337487,0.0186441442056812,-0.572701043432155,-0.587396254642978,-0.120621724287396,-0.155160302262338,0.290954284322107,-0.253260329069797,-0.327035160919818,0.435484842642421,0.0652947289934979,-0.0719474380871914,-0.301841822350184,-0.121646029659653,0.412216146567063,0.180147451669205,0.257857860167109,0.869981061043546,0.528223545237235,0.48015074922642,0.594587954228346,0.345774778196031,-0.185879351630404,-0.150607661093847,-0.235751919731748,-0.542020467419413,-0.336149905813583,-0.281578271066746,-0.209225763754373,0.124792204695021,-0.0978966903892388,0.527431521778267,0.463354295816408,-0.258358232392777,0.151722798659098,0.0867793136280307,0.154237694902555,-0.550187652308768,-0.653114012772682,-0.0484999484240925,-0.524538869589024,-0.463912796427747,0.17986979125781,-1.03479530836471,-0.32956573682709,-0.560976850066762,0.122470482346356,-0.279367543447768,0.412004329568614,0.502116465776031,-0.138825924928341,-0.383680126691245,-0.171979984271073,-0.596090188402482,-0.600832829921732,-0.213688031110375,0.218388224728603,0.113251848852941,-0.411235360323717,-0.00200530890009351,0.8917277895367,0.770470779787409,0.0712946368905744,0.164356228740533,0.421874572036333,-0.273031462319569,0.27214050982249,-0.258886999284467,-0.0622587687103378,-0.114757282092928,0.880984766395016,0.684358576114488,0.0957490877500743,-0.0789541811091624,-0.359435113804979,0.321956463084328,-0.177685598154076,-0.137169603389982,-0.101831860296363,0.347182629702043,0.329442189064978,0.279776877392544,1.04258208471858,0.0659074897872177,-0.0399594694980193,-0.23116911962492,-0.00824915644749193,-0.0629053986877688,0.165276112920394,0.154586216958449,-0.36823761993371,-0.533602508327954,0.320450587112692,-0.518667576363307,-0.238948981799126,0.155669799749192,-0.17653601785523,0.253002957147243,0.134469788931148,-0.352330423838587,-0.261566278846796,-0.691777068832837,-0.617211454933091,-0.558125713548822,0.218964872105174,-0.0436235123219461,-0.00992560893965336,-0.340904709064994,-0.526311568955641,0.131009730574524,-0.0111012539476074,0.0119704270948119,-0.250616280609315,-0.16480547913018,-0.564035308597631,-0.230416035473486,0.274030246377478,-0.185344598908663,-0.400574391385194,-0.366252485086554,0.600711278205689,0.410273398230895,0.541663380625472,-0.146909418704987,-0.255978296912953,0.30037443710352,-0.160553270328266,-0.23855678080382,-0.374182152833712,0.446106088347577,0.726638614776036,0.7071268120392,0.433003023233064,-0.235454096096491,-0.470096918436151,0.144038354421169,0.168102318707429,-0.194716873313229,-0.254281946247964,-0.398974151666713,0.08064665448319,0.732653537413508,0.406227629649837,0.482460570274795,0.249608600314805,-0.580426976445436,0.073008467452985,-0.0737679561185891,-0.073200926702033,0.494005389624047,0.0260822478774927,0.436455947000139,0.673710495765518,0.452190821045696,-0.520376519097421,-0.374287556049754,-0.137798895170739,-0.280283779881664,-0.403236635715375,-0.107306689311862,0.00808949662838445,0.165069488485226,-0.258548274638589,-0.497239624203573,-0.441110211899593,-0.258514064049764,-0.619583713880162,-0.133996367011315,0.576303118150243,0.184849663047609,0.203424704380981,0.0708582107429279,-0.339446479336693,-0.838980112150741,-0.828248787285007,-0.59837174370212,0.079494740156569,-0.817764790364265,-1.00508624001617,-0.311875167465616,-0.641496203235598,0.331913315917848,0.487383634288345,0.752662022737003,-0.120436979896997,-0.0293924513026941,-0.28250526887397,-0.124334278425844,-0.0653750419485348
0.393827225162595,0.279647676686843,0.0766442612104548,-0.221691888267935,0.294160915206312,0.0712835112666011,0.225873586732272,0.0403523399943048,-0.349836393241285,0.24015817000102,0.189136459051438,0.152166047152067,-0.266841755409566,-0.0980348890327754,-0.433684465222419,-0.260349498974562,0.111310560357277,-0.145682548488989,-0.306577532296083,-0.0164926932949353,0.0796666122636977,0.203318050449631,-0.124243269252535,-0.104350177687965,-0.368392976559806,-0.418155379134151,-0.293329308035329,-0.329753669706737,-0.945296355790083,-0.260373476771811,-0.463859037260607,0.436351525609724,0.318991522138376,-0.142700541176257,0.122211426222484,-0.34089644686831,-0.750438459172712,-0.38543445129434,-0.566218705268396,-0.510086898094033,-0.32749397743789,-0.284795332765525,0.327926428307915,0.0458045020844659,-0.252789402965995,-0.200368849821463,-0.687818060216588,-0.473864594917566,0.024903165102415,0.306719314090607,-0.39480415406414,0.0540395539594288,0.0228958171075266,0.272902509534608,-0.284835040281392,-0.361175858403519,-0.357901281263052,-0.6063674081084,-0.135910555840051,-0.415022895298925,-0.653130776187734,-0.250771889660514,-0.309375515327915,0.00510865904733399,-0.0942249437087094,-0.399105136613118,0.0518369200333676,0.0607476996277449,-0.0632922643812494,0.206518591255229,0.0091693411920405,0.17213565462461,-0.31398937084024,-0.0694065231035612,0.134020161027305,-0.0387000810000305,0.231610815091966,0.0774005066371463,-0.33083961391702,-0.204843428921343,-0.0963860718816612,-0.392156981199927,0.121752395480443,0.0287176995209363,0.278449426490091,0.000782633075706723,0.519629642955249,0.0891691655684511,0.0247291879430375,0.182998910253363,-0.541479126029998,-0.176649219569628,0.121898170876157,0.518579403350512,0.113915534897558,0.205117214280298,-0.0433516433694209,0.571507466769333,0.350885365655133,-0.356299512551096,-0.277800999745016,0.0893692912876101,0.286664035203231,0.0554760910699324,-0.10711796800007,-0.394544970430148,-0.572451308563806,-0.716348637826622,-0.103635523020565,-0.166487231505014,0.417991216978124,0.325194284224106,-0.0169480230229808,-0.0377464658351626,0.139770494280972,0.51573812473782,0.497572968673474,0.369320100429022,0.112242945948102,0.549399858610562,0.569574889382269,0.240661010672416,-0.261411140921251,-0.226357821527093,-0.190163608170577,0.130307397929147,0.132868605219838,0.366488250240405,0.199290533313131,0.0583389626233628,-0.70773065592635,0.247267408359201,-0.323449796488288,0.198389789914824,0.35948699349838,0.0636882752772491,0.193415323433257,0.144772047470786,-0.178567754707863,-0.306257578306237,-0.428387828872897,-0.677868351204134,-0.496772619251737,0.0426593453475761,0.287144381228443,-0.131298473119174,-0.113240117637577,-0.316173499981699,-0.376480233792608,-0.442546858462648,-0.274067945700398,-0.0566587777946797,-0.158734685766747,-0.115000161992805,0.0681209920881793,0.388730866909051,0.106021420078289,-0.0427806084520355,0.108734086078071,-0.144846288745913,0.069634466082594,-0.328254303432185,-0.275506515861086,-0.0400724635459061,-0.0636650898229102,-0.186928444854186,-0.09410310611972,-0.373713789380092,0.0872026418525087,0.487721754286654,0.0932963504874794,0.565793837191908,0.332309889234013,0.330014853134196,0.694140626978571,0.0736847472260167,0.228915116674188,-0.0700858555251315,-0.185477114041838,-0.195145939497048,0.147013770343856,0.396241310118218,-0.0445649122846125,-0.107336472831772,-0.169755096431352,-0.197375808800806,0.212907104421276,0.0221517763754448,0.650272909030814,0.375957357512619,0.641163229374344,0.176927987918693,-0.00533993226248784,0.43275877778266,0.377839700170506,-0.149949685037364,-0.0877827965648968,-0.0957382544196238,0.258267078630229,-0.15665025299627,-0.102948172907641,0.0370288801476397,-0.427588951204835,-0.0108847150722653,0.873693989366977,0.138285758791251,0.2241837004638,0.323615219522739,0.0369809694933121,-0.103310396019029,0.0879644529744901,-0.439758396330955,-0.708356087049086,-0.347453167467192,-0.470923918434716,-0.128271486589002,-0.113988212526132,-0.183864433847577,0.0720259860941803,-0.103338894190393,-0.378997408182009,-0.0848455106449302,-0.0872311040461714,-0.454668175148271,-0.84274737517657,0.0579251053244975,-0.132712936580754,0.226404721292896,-0.177654574524003,-0.188989434444759,-0.0825376827838623,0.0968511760753807,0.0681824739928106,0.707767493258705,0.260553616422526,-0.0797049995106885,-0.1339999095345,-0.269113006905515,-0.62586076497016,-0.463236390500183,-0.340062651776074,-0.130702106766096,0.0939666936846242,0.136468594256332,0.258306816058213,0.118805206090514,0.52399596114491,-0.2523104663035,-0.0266601804260098,-0.0766113127991142,-0.202982301299304,0.352660565805744,0.342996236132785,-0.169570471409729,0.114604038742559,-0.381364715555374,-0.376536290381002,-0.241879369025655,-0.716311508938138,-0.297432464598515,0.272826966225588,0.109849413101098,0.385362160230285,0.137434251942838,0.135980187012368,0.115586545486828,0.0532038468578554,0.125597247517149,-0.325098987589662,0.14409284156025,-0.801909615138677,-0.716593508033275,-0.406279745229504,-0.545823024584673,-0.126484747939955,0.11283201412865,0.372580662700449,0.425243553257362,0.290030462155346,0.488887384579579,0.551758700829839,0.263707825449611,0.107331758044787,-0.107124396176282,-0.174511436645531,-0.0994448914677881,0.371514848219561,0.00878477720492479,-0.457497803190057,-0.400427061673277,-0.394786683800911,0.209321781007637,0.454279896734637,0.310184868928353,0.292765259618226,0.174813496492089,-0.125949705141782,-0.114197955926708,-0.113083695074666,0.245412646859025,-0.173478769248077,-0.0209037164346918,-0.176851925891586,-0.422273485722593,0.0678862467853198,-1.06524144016868,-0.475088622794831,-0.426197993876694,0.0502114101679651,-0.346840259527964,-0.206129354396202,0.048477908255146,0.104397708821772,0.261755294035018,-0.318856040292294,-0.13162763000241,-0.550049732865537,-0.0772266507397937,-0.149369503227987,-0.0171817706995906,-0.190791620294642,0.0677317455283447,0.350020636123254,0.703871075477608,0.57818470625003,0.267640347874168,0.0887454729265227,-0.0142305675345587,-0.0537201644368123,-0.132608500434732,0.16674206156571,-0.218784744311528,0.25658609328352,-0.156260652538599,-0.377670595847706,0.0090229163134173,-0.419695408235759,-0.31936974479885,0.0619526106884285,0.27495025070456,0.342186280760988,0.194913557691021,-0.0270486319042945,-0.341647463731711,0.110139241748039,0.110299559088201,0.110365749530014,-0.3401805902727,-0.314979280012092,0.0963038377158127,0.0596578844409489,-0.382529827613902,0.169599390397804,0.388044569068175,0.649179997923324,0.638873249951969,0.549778582859,-0.075152150741224,0.0898356005393502,-0.0807645657457611,0.291833035865275,0.237913921216727,-0.373669416420783,-0.260982561894776,-0.0684974353763218,-0.689459902417559,-0.281055514673316,-0.37011631887767,-0.509083635474741,0.0643497803270041,-0.0793934219459858,-0.577766838482073,0.138525864170127,0.369131505808631,0.46312327392959,0.0193745229947596,-0.0125711745965722,0.312947272122124,0.299597237734829,-0.304447414402524,-0.0932807208899717,-0.298953586980104,-0.583691546586479,-0.784517519693956,-0.528181823470746,0.121061103451495,0.0482063307740337,-0.303244611779944,-0.0369405101859735,-0.0921991852576718,-0.114743331426828,-0.356527626230639,-0.257868173800453,-0.387551625293845,-0.0945772840788033,-0.889193571335237,-0.441007966563335,-0.0723973227828209,0.0828871778825718,0.0713010115333748,-0.338466326861806,-0.339396115513807,0.0912722827449027,-0.115240858723347,-0.219573426805603,0.0353208419626656,0.302465386161469,0.109020798285068,-0.0135373416366903,-0.521027334380678,-0.760309550574534,-0.320359217953687,-0.170210292457298,0.0121620275101234,-0.152701169866853,-0.369706795308063,-0.107851551743565,-0.195997141383114,0.0590021478360926,0.37028070649613,0.000828126719239569,0.0936106960028431,0.719553412482048,-0.0117451875789986,0.0498834413604404,0.37499668359548,0.162023421968712,0.257378380840086,0.434121758420766,-0.285828434128731,0.380413064825253,-0.0161253398351248,-0.184944342947961,-0.303027487427822,-0.133379368597927,0.00784676171202794,-0.0184912894528598,0.235150116354654,-0.221900494921859,-0.729697541616774,-0.0127866937469191,-0.583559171603792,-0.0751094122191723,-0.0302064335618892,0.0120841736995856,0.347134823965208,0.107995090411945,-0.119768898787478,-0.045241045046609,0.262663845210739,-0.514696928000628,-0.336265891700581,-0.283811520550645,-0.0683322845382083,0.0747258743619033,0.480582842790874,0.401163098736553,0.0958707845437816,-0.0670551009551515,-0.613587943613422,-0.394832114884404,0.132295154796995,-0.0586380152790268,0.1794923639592,0.276936951047493,0.754058844063275,0.0680593979967031,-0.0443093572923752,-0.386821521556593,-0.365097949557883,-0.417378749138019,-0.118854364902722,-0.283909081826568,-0.0817037721075662,0.176400950620418,-0.12156556052285,0.241713973305792,-0.0511561176965692,0.379873861869077,0.283864154506011,-0.193772800726564,0.195315658419641,-0.0298921310885814,-0.0853689898723077,-0.137011956331951,-0.812829737614739,0.849923826228436,0.0271650689040529,0.207648755500256,0.0164446565102888,0.265674785980911,0.341481440582449,0.172422981141037,0.399009984670247,0.201663221135479,0.0660476490607146,0.249620655373341,0.398294261143869,-0.146670298936789,0.229048010612895,0.244582352942156,0.844778342231008,-0.302496540891975,-0.0137354792874574,0.401294588498026,0.128280704150972,-0.380647589186036,0.0660169567969356,-0.216120379072795,-0.494336521550629,-0.509135099070922,0.00810219221831476,-0.250441608604911,0.0520728966716071,-0.099548263995726,0.0535532048683458,0.154369512649596,-0.110485299006294,0.0700018240666607,0.0447749305707295,0.291402380657529,0.0194576477098812,-0.378563917920747,-0.2396783592749,0.0897789942109906,0.0841846532735883,0.519698544417683,0.108676539889771,0.273020718569655,0.0289267156754696,-0.0499864282578363,0.986482933772754,0.159057476654956,-0.352114652047474,-0.1028527113407,0.195978043766287,0.157348627767895,0.449106181640058,-0.421402832848777,-0.356629486372656,-0.679206898427983,-0.105713518942605,0.301758634850085,0.199554250374342,0.0650711599357535,-0.330826337815437,-0.408691420844307,-0.575672422548171,0.103560312570567,-0.402345013530453,-0.255453990969439,-0.496436428620999,-0.417572058446858,-0.381978970662186,-0.251400782763401,0.0868961197940261,0.0936071172323458,0.57172845767993,0.221309652497445,-0.079778707915078,-0.0924963131094739,0.0864102959840677,-0.0773350212806917,-1.07031894530254,-0.647133727429775,-0.132098957127593,-0.138458684465526,-0.209295738919338,0.369149539639601,-0.149567500948544,0.210263310494998,-0.144633295347102,0.222272567094665,-0.129935324740011,-0.107889196737258,0.648262582426966,0.306404239642212,0.266318352389623,-0.0208711525025551,-0.387349439601328,0.0654302185260917,0.492009051818695,0.202154549320783,0.286408696470722,-0.0675021816494886,-0.282663204567084,0.122786128690832,0.264977128513034,-0.0928099645263413,0.0543215819468131,0.0333063207662436,0.159894576380717,-0.0487296203208669,-0.256663957768815,0.0116908319353292,-0.394156357097738,-0.480842709678345,-0.412911084680734,-0.413117059859059,-0.53899218978409,-0.361081160927743,0.314806962787706,0.024817016325174,0.101743915259197,0.295161142384542,0.237746224647242,0.196982578592733,0.10530401335001,0.0439951401626423,-0.0661293798113614,-0.361450477590899,-0.0742001518939094,0.219277086443937,-0.0751612079515935,-0.0955172860917866,-0.226707068703127,0.574173622373967,0.626648733293301,0.166928926065624,0.411708967043973,0.140017201741896,-0.238933510737306,0.514629647751737,0.238080524701678,0.551392937522052,-0.152692907442419,0.38342771408625,-0.0651254678506529,-0.229416360125913,0.0627353713164052,0.278821772913838,0.313961826772413,0.241057304315803,0.422573149512467,0.29866717798168,-0.445201502066133,-0.0246427914894023,0.299340650970108,-0.0814270243818274,-0.664022056372713,-0.550589646696963,-0.0930709356509684,-0.31490824427189,-0.342069976164025,0.143262799253378,-0.17822397111118,0.231972462340721,0.0742076140829198,-0.105401310003135,-0.429492220757113,-0.540633515023411,0.127331597996479,-0.114846434719105,0.336797008626848,-0.238161202546056,0.0715285781808321,0.164060330055469,0.122300849016198,-0.478147276946385,-0.380250219782724,-0.40275084959259,-0.703443794819564,0.109804835132834,-0.109266860447888,0.203371414335504,0.038826131499572,0.0539070347025428,-0.187476585765597,-0.1940988918617,0.233521493300685,0.428738675115059,-0.0604805329894454,0.318096006029738,0.443052417188828,0.196917029179005,0.184573761914088,-0.0981406488977109,-0.0547092296635667,0.145072485616113,0.108901782633416,0.433272172282195,0.368838055510052,0.432178793851749,-0.16600659774957,0.15049096421548,0.150668031934685,0.142315441974021,0.344564222617927,0.0443273170137961,-0.00182137263253055,-0.140430740244902,0.297628481772451,0.0866542617560918,0.539409367998113,0.169130067691642,-0.118957169961925,-0.0391171591273406,0.30475280156148,0.165402042157261,-0.459316893947013,-0.218069577991746,-0.463227097849948,0.234292362535258,0.417710775390755,-0.0989638492146711,0.183236627110272,0.28726838937277,0.426352915373686,-0.165821213771214,-0.517354193196682,-0.727502958225249,-0.366654706439231,0.167618658137256,0.407286372818938,-0.16908324848591,0.0655655734269646,0.150874976586595,-0.00841950349639484,0.287853442331582,0.0486030984615837,-0.584791373515098,-0.467984982863084,-0.344145766404317,-0.15907109213147,0.460321975491877,-0.00341090973890674,0.0328132227156611,0.192928857002761,-0.289926846811834,-0.0970224404843584,-0.292168886434017,-0.460084402199142,-0.223799127935215,0.641522012136874,0.293460141673286,-0.254741658751453,0.083424416320999,0.261888498190666,-0.0867264330464921,0.0738535056585162,-0.203997205422583,0.189191550442587,0.358922459536716,0.19733701683802,-0.0138692188231116,0.425803838283,0.0677539863265516,-0.485539886306246,-0.133213671412198,-0.151577927739274,0.0198028654435213,-0.0264155770932838,0.633162604951625,0.774203688518343,0.49732951262486,-0.271968971267775,0.801470389399695,0.92517389995025,0.419731219373556,0.520856936564542,-0.128100734854625,-0.364081714937072,-0.437435219578079,0.101408426845732,0.0567424926884978,0.199358680432723,0.12375755881451,0.143582292700408
-0.537800504537711,-0.0163297303398687,-0.203682383537665,0.223125201623967,-0.228717671106025,-0.0422895777972023,-0.0538381561945777,-0.158309481029677,0.190427993852246,-0.212499148405596,-0.102898860700508,-0.301135043210674,0.156942518317435,0.234675491053908,0.323857659265534,0.226145469919744,0.195206872110368,0.0164654553681535,0.427185663791803,-0.003662846923022,-0.273279855848225,-0.105861392270645,0.100529159868699,0.0431851668222924,0.210754170168873,0.32553202060233,0.130067291412316,0.279186560047665,0.901055798754277,0.365906237261331,0.509796223417679,-0.488091590017987,-0.522393418454546,-0.00423174082088093,0.0801873708094124,0.271030277835704,0.728518487916256,0.505459289905465,0.458019104352797,0.42400275775465,0.354179767910702,0.36020974676216,-0.354428400378546,0.11895264494218,0.133295215268773,0.154441943545955,0.695824670282615,0.378864452342833,-0.0430990260529914,-0.174993918088994,0.0573298118304847,0.0166058810499635,-0.152541557996426,-0.351932494034327,0.443760491567208,0.365878757958998,0.529893182459859,0.805437986884716,0.318640706414423,0.311333568115437,0.605095509691859,0.288389523595721,0.417942169464886,0.120029650493311,0.0614348051733259,0.708052168525447,0.00220491737024846,-0.0296519089328237,-0.030088046778623,-0.105303628359793,0.00464243473812237,-0.314622391106161,0.265435477222946,0.171114507539644,-0.229796845696509,0.216252298832524,-0.337310230721396,-0.291919184456544,0.11845721293347,0.114210523514718,0.0321494799633189,0.163529927902245,0.0159997988028409,-0.049345924255834,-0.326437389540495,-0.0909838178006256,-0.492971632877735,-0.229002507310033,0.339331597350288,-0.087920775086249,0.747303758881145,0.208579908455905,-0.260295867671961,-0.508893097726542,-0.0866961872605922,0.00493880321597689,-0.0463409335201503,-0.53209794982033,-0.219487586506191,0.144192321076466,0.276729883390355,-0.20192574933304,-0.12362973342653,-0.154586905294928,0.205716078246911,0.291679714506144,0.604928764258283,0.570003439471486,0.146226925614959,-0.043399112812734,-0.380779450941744,-0.419282885638666,-0.0897224169095615,0.200208575450222,-0.014348841125285,-0.440070221075842,-0.356272468113468,-0.270093386862618,-0.127882781800426,-0.552706698785017,-0.382602046940334,-0.274371181469417,0.279652161060116,0.499424245307814,0.0444780975815874,-0.196776451205346,-0.2008561439714,-0.274887716606087,-0.171351644693028,-0.0852682621536655,0.771095138278037,-0.203589552569445,0.12027781591982,-0.333022362654341,-0.145849916319659,-0.372420225492919,-0.21397609646616,0.103926305112879,0.23316434952667,0.425708237209332,0.354396970048781,0.662776766620745,0.400448538119025,0.0651518563504323,-0.169143358431624,0.0923010447375061,0.274432845261974,0.302584888109002,0.23827414967634,0.0455875369316296,0.180777483361734,0.244857964403913,0.00813897456112092,-0.0957755620071474,0.0708289859776305,-0.248547721018556,0.0744683679456518,0.198129461211301,-0.0980572189472413,0.478610884994786,-0.100920994776304,0.135409954882719,0.286985911586646,0.0844662598111153,0.0952288036611239,0.232568773014415,-0.209784065179629,0.640193735653606,-0.0544320927305367,-0.338872554048563,-0.220977162624675,-0.424292497401784,-0.412706104241694,-0.296290851976952,-0.639367147217657,0.014201007476106,-0.348327081923765,-0.126015807793216,0.175346677234936,0.0963167179373284,-0.220054607998367,-0.234552259632039,-0.140380033652863,0.332245340454717,0.110327031232736,0.158568585286131,0.141120471191363,-0.0202957453867536,-0.567980064743,-0.314110690847043,-0.394800506632168,-0.0706544893456833,-0.0882435709408546,-0.527589681921004,-0.338540551402272,0.201437542424561,0.20194315463917,-0.0826294229749537,-0.127708445185466,0.175435106451949,0.17830456186463,0.0505154144342704,0.416168652563785,-0.0969510994602537,-0.686619188750387,-0.210675056522153,-0.268204393691702,-0.693260317037637,-0.281600143987939,0.0435780738629039,-0.0143853349115364,0.465127277440292,0.756662469431206,0.392964035714159,0.52881842026159,0.12407448939185,0.0161188988408826,0.186108374371277,-0.0699785314793148,0.0443013663868844,0.236322391017236,0.165395925533245,0.0100492417882649,0.537699291345337,0.729545054010181,-0.0276488217187648,0.156433481183674,-0.384388831096707,0.150095735689437,0.102238734430351,-0.143154526817878,-0.131959590467728,-0.0599250229384482,-0.855905017169859,-0.312481405505286,0.108175892720968,0.291869713968568,0.196624631079183,0.795835158778154,0.498330722278453,-0.012414625631133,0.248695333981089,-0.0121017782171282,-0.230107707811241,-0.245408396257776,-0.151773885395941,-0.595818461579653,0.140697006858585,0.142866961150084,0.117443062244117,0.105469813054006,-0.370553357109801,-0.403287952505408,0.160857855269969,-0.169866155832792,0.143117358194796,0.334987487260242,0.333741927005676,0.475700633081919,0.249626780816587,-0.311821988662152,-0.0685982002727142,-0.524104470591577,-0.16968378764341,0.105927056174306,-0.107926729957134,-0.0727775252153021,-0.412811230216143,0.30660849766862,0.0933501029503142,0.837527092425022,0.932907351927148,0.244021884543344,0.439199765468941,-0.12499358332071,0.143415283093634,-0.14527392516658,-0.477686556432049,-0.296069870673178,-0.50718275102349,-0.469568767316098,-0.31658447884011,0.0209050711084257,0.0443977708912023,0.168856486771071,0.123309216215371,-0.327647493470635,0.00347089284670694,0.220168976442224,0.559934276563613,0.344716642972048,-0.511857882105137,-0.273633188700575,-0.535294203566617,-0.322727150478572,-0.0985782395001798,0.345841364972587,-0.0644173017944648,0.0931029354773172,-0.149912258372127,0.197849256426269,0.0770508737573597,0.390263160174606,0.596986509606749,0.0201640572541879,0.863317958605322,0.50524836736281,0.377870681553408,-0.168398698307496,0.269583903901071,0.188147638208331,0.115112574936289,-0.022500169310493,-0.192799099288868,0.253501529227408,0.188975315646362,0.429318260212937,-0.0398777195503405,-0.00547385604104662,0.0597292510744887,0.0450723858802346,-0.000436274717180024,-0.18909952703828,-0.712006047880585,-0.718303617159392,-0.0142954221163018,-0.0312762272256114,-0.058916805155969,0.137284346682883,-0.0420701190684892,-0.310980682602948,-0.0443769656279896,-0.406022266223773,0.031560998758585,0.327908757405727,-0.043093541554782,0.40298371413964,0.524401955621997,0.258140206986744,-0.130130245741447,-0.459109463107014,0.163541131330686,0.169514077402055,0.236628882871802,-0.254740650686983,-0.0641708378792482,-0.155583968085731,0.234684749029819,0.471895471299955,-0.306012860448002,-0.311455704144781,0.291046222931576,0.0646302889545909,-0.21459995878454,-0.481018819530597,-0.629279692455116,-0.4704086004222,0.210006521316593,-0.216287835726409,0.107627891916594,-0.421541977048336,-0.169166430935966,0.421390274512138,0.320763602158286,-0.157087831962293,0.361210876509616,0.251331670787396,0.411518771586427,0.394090453913138,-0.0499666104239971,-0.146911814358204,0.548776116356579,-0.00467591433868485,-0.222280646476003,-0.224476370758006,-0.0821421343741362,0.147311429179599,-0.445453812181978,-0.466526246747339,0.381897293802773,0.265959415283783,0.26843872539788,0.330411192400643,0.611274863844388,0.546958475331592,-0.180509009032548,-0.0589605027814042,0.257516882374469,-0.0547461477491,0.106161377040692,-0.0045222094045308,0.546599790266745,0.189194679598566,0.591904792639728,0.0964769329924328,0.561952582577566,0.469890668850073,0.0372492563148375,-0.0887330432674031,0.1549937515122,0.418432012585968,0.285509746279754,-0.025807775824207,0.314141178469191,0.310648137732178,0.0255675890404285,-0.375521607660101,-0.178779204527899,-0.174372424262808,0.581371963878744,0.687170702914311,0.285226946013014,0.0845771290184182,0.0244595603715617,0.134714509147292,0.130601645198567,0.0739519756025117,0.165627923476863,0.0504091709416078,0.113409007156794,-0.207105247589933,-0.0943830132133091,-0.576814187370977,0.142362203244299,-0.235842344346962,-0.168351157341646,-0.102142661124954,-0.020909224795547,-0.554153649971482,0.0785783283375452,-0.312373777546046,0.0676609517207546,-0.0739491371806814,0.0290041122599842,0.261813881172096,-0.167526854372509,0.240631386615865,-0.155036164552399,-0.0776106247196922,0.595723176564997,0.183809771192309,0.342309164116208,0.478463637444911,0.107993309453513,-0.226210323263012,-0.306006793845533,-0.315308541237961,0.00593258132872968,-0.0375828823899624,-0.0986384226818565,0.345991028808532,0.305949707161418,0.183428288180324,-0.110774006866598,-0.125489665631431,-0.226314696709389,-0.403539973453955,-0.242792310118916,0.0343855426210522,0.463242301932742,0.30899254599504,-0.199248123719768,0.153327463532478,-0.349718168200962,-0.342104274580872,-0.482067183422863,0.0221363008124778,-0.0540352661600848,0.379082417353545,0.201740221666863,0.14699020869197,0.00564384667475888,0.168946764599833,-0.00312970996908615,-0.136141688385562,0.161508985172336,-0.257762064896361,-0.195371367367326,-0.279759256831083,-0.280399505120403,0.383522218417324,-0.244833857245031,-0.0300898188676241,0.164398615337345,0.100987551570692,0.845738130822184,-0.714806309497962,-0.169381853914716,-0.0123000117281392,-0.0314724374869066,-0.47737932524693,-0.391391759317732,-0.157536158530627,-0.30975868448966,-0.378532179758834,-0.145955390280682,-0.202281930015329,-0.529643028961137,0.124517701046216,-0.115597471811958,-0.239367012802601,-0.823692259792282,0.115021750217816,-0.117821233271208,-0.200031455832876,-0.088635332742589,0.255020036485876,-0.222278070355434,0.148394989446551,0.458392704775359,0.49001620154659,-0.0503043266073851,0.514608573516471,-0.186704247066995,0.207181790101814,-0.0935056226592878,-0.143594781263908,0.209356848103357,-0.374544034714156,0.121271390150238,-0.215770701048601,0.164092498851486,0.461281424514983,0.3753264944782,0.0444535381642193,0.138166875531454,-0.408008494440231,0.0995692185223516,-0.155739861911559,-0.032081895820427,0.0569634489154333,-0.87416640786537,-0.284766762554339,0.456618897350429,0.254453052305282,-0.311122731867088,-0.0583812855857356,-0.341047133314201,0.510370704767204,0.571853724386034,0.565961385038551,-0.00760107014026032,-0.433191909306829,-0.124131470005087,0.0301744771812656,0.308613791282247,0.322016588257989,0.431951152136523,-0.39677062069121,0.375820217488126,0.294056878179001,0.761259381751352,0.38052624787458,0.335160633840537,0.431716061750321,0.0456007709531165,-0.0412412086236132,-0.291707105902751,-0.436250287054125,-0.0209865432606529,0.193800834079634,-0.0165293604236114,-0.184077490636959,0.884196510609291,0.819355610034183,0.184363792717113,0.0171758358652402,0.0869718244047515,-0.223587570423242,0.122102550982983,-0.19922058662666,0.268139850214327,-0.221264624103651,0.161422392087888,0.163408408436898,-0.470065552296346,-0.605984132119088,-0.339687391552283,-0.109975380564631,0.268076911497658,-0.00761506255196126,-0.510599495011601,-0.49480357394933,-0.0892357583289728,-0.0544573464925273,0.114867706634343,-0.12937950961484,-0.368299271025489,0.308438489275568,0.0153195282920108,0.0614846226716829,-0.167941489827066,-0.0172240298717211,0.206304950894604,-0.164932803147632,0.255859533690598,0.365368072718762,0.435544959810205,0.485835683272304,0.373569632681515,0.110296843295949,-0.359822080210668,-0.263897989598165,-0.081426769373502,-0.490898278840097,-0.127682431362609,-0.314846929774997,-0.200902067011456,-0.08252860788702,0.214749944416704,0.460033418965418,0.177292836549207,-0.348300203971288,-0.0157301475670372,0.143057213344401,0.276092265975982,-0.464637483800648,-0.341562472405125,-0.101610169577805,-0.0773333177759117,-0.258145943515878,0.136869332212502,-0.692252157500759,-0.369624977793166,-0.39549663061308,0.280428448735828,-0.267140527480355,0.159129530588587,0.328422697774362,-0.0536507953145611,-0.267719695958054,-0.224210280706746,-0.309973720853713,-0.608050883600562,-0.31478592781558,0.146198987275509,0.0242760240935991,-0.30689848114626,-0.0885321995950094,0.52763211864995,0.621656907262686,0.180548426911799,0.0836926819352148,0.607542794604242,-0.386417118558928,0.167503224881265,-0.044808133357341,-0.253402214262045,0.0478416297785511,0.678112514482387,0.555990327080705,-0.0628195999296645,-0.115889677053517,-0.323012560707922,0.11235621724835,0.0301089619182711,-0.316844773845699,-0.0888257813494095,0.184515991648439,0.188880628556676,0.307205815117409,0.581657846640323,-0.162966444729225,0.0843095362890568,-0.379039676499354,-0.0735618286861839,-0.0464704097473713,0.0679552421905697,0.348214301029288,-0.15831035549306,-0.589201238472434,0.0937294828983645,-0.371705587525406,-0.278145783238983,-0.0923369399181622,-0.170137238887005,0.156453459055798,0.275597946155481,-0.0292175107262426,-0.219972779589201,-0.584703350424235,-0.499788826864794,-0.539803768619453,-0.0154649131638641,0.00592858537646185,-0.134003969917952,-0.0735926121960126,-0.226187726225799,0.0526363921408627,-0.0205500531606348,0.143738091629928,-0.168512759930818,-0.0703314273693069,-0.352594871217283,-0.339048183226421,0.218022646148013,-0.285103206986501,-0.180319421010009,-0.389719008343321,0.345471200361481,0.194015992771844,0.604092431130185,-0.0418247928151928,-0.297714978965487,0.221625555995149,-0.230621957662092,-0.110281526283372,-0.334397525567418,0.182353465013625,0.537442214720534,0.737087523490093,0.301416663511727,0.0339475470341061,-0.312583365931128,0.134875104145594,-0.0350142441476724,-0.0243287556441712,-0.252725086029915,-0.348833228005267,-0.229531819400947,0.58321323416775,0.351438621712777,0.450120469764024,0.103704514628261,-0.498365640950159,-0.0412948109447578,-0.264198144397282,-0.254369059085959,0.284316867697101,0.152882180344923,0.23435923499844,0.604392563087281,0.128498566730618,-0.600401617301441,-0.405824920292778,0.146248245426759,-0.337659738212246,-0.300599751953513,0.176687973254048,-0.0859842805889887,0.34537838548089,-0.102212034753843,-0.389571795907656,-0.336927547607832,-0.226363817503273,-0.478689920277622,-0.190773287602678,0.497516835579223,0.262694881624631,0.1685309462654,0.0325438035814984,-0.209497728168831,-0.714625697051429,-0.708919448440713,-0.409492713765593,0.0603985001110965,-0.733310270477432,-0.717259586401178,-0.347676032727702,-0.334206255487193,0.0599433054856618,0.467714693347507,0.476275358692608,0.0356321762819476,-0.173962331723989,-0.0241386807475371,-0.180049063917862,0.0580371091802706
0.504637781134966,0.361230801035785,0.208702997068265,-0.136362061432207,0.289844972998547,-0.0766309425204022,0.430144692242379,0.0694846488667566,-0.404570445594398,0.419744474000249,0.227709617386605,0.177161421864248,-0.440281467458222,-0.188921080121129,-0.520481329308303,-0.35108939926651,0.244695896477405,0.107379495672261,-0.518176171337038,-0.0584427257597159,0.407505875279812,0.0897627256265732,-0.352318702013214,-0.166516350312873,-0.412734276022586,-0.525189016630851,-0.425665124055776,-0.391079304567887,-0.965562373452413,-0.41378794602322,-0.713193515490207,0.537903558408601,0.374290445789854,-0.00387854731838766,0.139317107164585,-0.37695388417119,-0.678407696587823,-0.570062527360753,-0.655331767155369,-0.478935014782918,-0.187377100564622,-0.317464697572564,0.334489612298635,0.0726352736668944,-0.398451547597844,-0.289808940587551,-0.865935686605812,-0.302363692280383,0.382153404787122,0.180242935300375,-0.597189952953453,0.232238564243929,-0.137072581195882,0.42696368571808,-0.43496839337007,-0.321873242084418,-0.4115825550644,-0.592672563856451,-0.267535621182509,-0.40862861281777,-0.923068308722455,-0.46549976131642,-0.294699613722476,0.153102090379333,-0.245390461289347,-0.653821434645308,-0.00599129476358482,-0.0124825128710509,0.0739470133762066,0.0608612232620631,-0.0188831968063981,0.207200143496581,-0.271439269275266,-0.20033058325725,0.238318266938017,-0.133774005325437,0.196102149331253,0.482957457461908,-0.172200141991427,-0.113258305588001,-0.129385684635107,-0.441170373590029,-0.0496178209130951,-0.016627479104531,0.162848138882679,0.0733418315952588,0.358556969866254,0.2681891670911,-0.106084451191778,0.162625361080116,-1.00462306610916,-0.317927697255805,0.15524884926447,0.617336146904082,0.0399414701543757,0.25741190515306,0.0853366820828192,0.67458332372575,0.320254236426725,-0.1285032096373,0.139922589782315,-0.111057830598275,0.45920601860608,-0.0476552884009208,0.0604174662284382,-0.527625516167942,-0.646995072335296,-0.591443972074029,-0.077653670845755,-0.186135071293306,0.516711276224246,0.363893285489776,-0.214767769839307,-0.225314577712729,0.0508512981316894,0.477990087621687,0.293771005653713,0.179910707095721,0.34267520807867,0.378075323442017,0.603839435680148,0.257488527656897,-0.280623992244869,-0.484334990715629,-0.0511430078100795,0.341295059687341,0.0231006547053505,0.319703771764546,0.196434401153939,0.0559452096964533,-0.997882436421477,0.0573934061829193,-0.180275126423532,0.134078501914708,0.0225278308084044,0.148825820063994,0.256794145873222,0.0242207735166833,-0.314158652082207,-0.4401410237304,-0.396479068783373,-0.652212092641106,-0.668456882396104,-0.0227983189867999,0.475710303835795,-0.276243180631603,-0.450104192058004,-0.0802956249209328,-0.245585377485775,-0.370632067923842,-0.259585388433973,-0.238581793715253,-0.356860176143016,0.122850365402763,0.0674281206307768,0.511292537937591,0.12125097382435,0.0773699299448135,0.225879204324829,-0.32124338180707,0.315896405192389,-0.162287605893675,-0.603930931052778,0.214881353196969,-0.0528341070583015,-0.145219551300008,0.0589603867448946,-0.571805695934366,0.0408417529923564,0.54934154520871,0.252598985615203,0.506722130096732,0.339482076251928,0.537197311216979,0.747146006352961,0.115406668715048,0.167766899577991,0.196604470094085,-0.15154017469942,-0.257687236326309,0.201214622089122,0.168780218193306,0.141183674974885,-0.0601004007121986,-0.141848369158687,-0.0286179564613691,0.232144264413784,-0.235886981181213,0.879018950838968,0.441254087533462,0.631624476564679,-0.0334113313224689,0.00463204033023067,0.545260292022071,0.363296827492579,-0.300342539841108,0.0049637779129232,-0.246811662286563,0.390793752441562,-0.166889877785436,-0.0864486031981006,0.0763352813135742,-0.360823229653002,-0.185416238391612,0.593701789584727,0.135135170248418,0.552806187947204,0.611317358390236,0.136211607956134,-0.0851220546929695,0.197379056597884,-0.558230539409585,-1.01620432244294,-0.523190737324415,-0.504379689377899,-0.0833333653472631,-0.0250246982964311,-0.448609177475964,0.307860168810186,-0.00939389277007703,-0.414956192562217,-0.00131858864616016,-0.0200940371199114,-0.462039632985077,-0.851546252673328,-0.0969737956722156,-0.178114732248113,0.235422167510207,-0.303311474336225,-0.106365830947917,0.135922187928354,0.162337121633159,0.0149538216674229,0.937114947249914,0.175654853531312,-0.273633493794773,-0.27221350834953,-0.526145764126269,-0.795961810796797,-0.828299572484624,-0.324851913090322,-0.212568597785892,0.10325730951875,0.426139846493101,0.644028496219736,0.226460664517416,0.494253919721868,-0.0594726345713747,-0.105196791822031,-0.277501338681186,-0.22595485652634,0.387280811344355,0.419890489539629,-0.0687550935103008,0.114487227244312,-0.0930845077848419,-0.411110794652705,-0.442747614184601,-0.603390908094756,-0.473887937317054,0.358883039589655,0.208836228613088,0.579263320020817,0.443536963418552,-0.121542527110897,0.0692569036504119,0.130165457467309,0.271270807301423,-0.433004173594282,-0.0179024318727645,-1.0639221342227,-0.9944314507812,-0.327646927028849,-0.489369870419361,0.196403886828177,-0.0202995190676014,0.123942770560633,0.457402252925264,0.364610205064922,0.751910469630635,0.327141644921839,0.228638263690456,0.0907793541401843,-0.134970364235718,-0.288964657972843,0.0161386346017254,0.287865417144416,0.211953904312676,-0.306929127401004,-0.490309438697256,-0.587215431896851,0.435864413677979,0.428786657658138,0.450588790234089,0.255448237376508,0.0255382431937562,-0.295364453197901,-0.16435000927315,-0.201478952832293,0.220590780297296,-0.193182698836627,0.0487017025000663,-0.500470520090997,-0.64518695523926,-0.110611985632174,-0.851782812960565,-0.620094482230712,-0.625127643595347,0.16000769980334,-0.359000976720414,-0.368233511641911,-0.0313595368792089,0.0613044725813926,0.415097986439566,-0.38028413140331,-0.401984235232258,-0.265051734218945,-0.0130909060761553,-0.105066515469455,-0.124318425832232,-0.192434780375976,0.264828204347635,0.202641753587555,0.756333117333159,0.757875572501048,0.0605742792221558,0.25601718495463,0.269693497617679,-0.0679925506090221,0.0627753377839038,0.261261258012736,-0.0383582098499895,0.405596632395707,-0.0622110652308076,-0.406875814552918,-0.0286612039965339,-0.400392923448254,-0.386607219682155,-0.224823819445402,0.367923021996018,0.463857068464456,0.122902787645501,-0.0404858353573372,-0.370606053289348,0.220072807632304,0.114425061462672,0.264630700578114,-0.263511638626471,-0.469808553474889,0.124740937854799,0.224471442039863,-0.258144860178479,0.0425053686818108,0.403464710294547,0.631592820911232,0.711131447574316,0.766558723420378,-0.177213858687112,0.355870522726185,-0.147782562523703,0.185722715793433,0.332208522030391,-0.444469823423921,-0.330898632645185,0.0699786426494691,-0.601891911361471,-0.323020464910511,-0.639615459734013,-0.28538027816404,0.220967486109583,-0.0784982997528087,-0.710428730057998,0.166663132674539,0.447348177516616,0.419120164309594,0.02712690525229,-0.214743183984121,0.533657277778196,0.244140213292318,-0.220119659806107,-0.147273312865138,-0.560770495025469,-0.42509706187494,-0.915465147019467,-0.721271986991965,0.210278363134854,0.065374626658768,-0.304751851173434,-0.225274724993153,0.16921760928751,-0.107987059418364,-0.32341999531544,-0.260296143181168,-0.540825874028319,-0.213647752000641,-0.779945550799689,-0.631803965561669,-0.171176540304092,0.145950547502821,0.0775518024856879,-0.243959923688143,-0.327693776742366,-0.0211389357923083,-0.33282959846456,-0.391619212581222,-0.0672342372202667,0.332381667300929,0.321134058457932,0.0531207016758278,-0.363749517358438,-0.767041806690094,-0.482080137051734,-0.209576324610143,0.187102714728547,-0.14620589091656,-0.281334216694968,-0.062833383994827,-0.444305899594212,-0.00168025191802412,0.250094203222454,0.199470800707874,-0.100579518118287,0.597930972829263,-0.114307889084956,0.0855023666441695,0.331555420506018,-0.0937759796802552,0.277977808262956,0.609068744251549,-0.161294768214493,0.467176326102369,0.0797724740479857,-0.162463357093149,-0.33627561205162,-0.21537666658519,0.115477026666491,-0.0929735831405928,-0.00282545518365554,-0.217309667370907,-0.601804799059049,-0.119442862393119,-0.330592701347735,-0.457671760710267,-0.186984716881516,0.186386270780902,0.193778813080297,0.267263829874869,-0.020283657552746,0.0668951025380143,0.319268262295524,-0.618061197504085,-0.284276265037926,-0.385088291898515,-0.111708025662831,0.37873062979203,0.322692491945771,0.480233548046227,0.308848322230123,0.158906576162511,-0.396452155820571,-0.117903025955209,0.196202235897585,-0.174299332659514,0.260547977152587,0.425457750329361,0.678303528147402,0.125935102559519,-0.148470072096512,-0.34740496107619,-0.369092649420769,-0.386772137214135,-0.0315768277483526,-0.157911157972498,0.0564521067102985,0.448920757992508,-0.267937500945642,0.426980374281373,0.241749182139426,0.289124455380827,0.25619784696266,-0.38372047464197,0.18563825343403,-0.314880318070968,-0.0676627298766572,-0.342547310174398,-0.896350901452549,0.761680481161835,0.386863734746155,0.192502323823736,0.0615398110776627,0.341502007795968,0.481945214639741,0.149317230636904,0.543986799544569,0.37466886363891,0.28515541386027,0.317358757090907,0.384317872580123,-0.118971729114162,0.127722580965314,0.300419709111956,0.941117023498924,-0.424815849883668,0.0956561263971132,0.360675247251654,0.248085309641614,-0.437820107679241,0.296045644467958,0.0597948800591702,-0.594431241793735,-0.678672586583668,0.197857648713811,-0.366856281419229,0.189903000634994,-0.178900118776826,-0.0359563606144462,0.0151538204863773,-0.297900633934436,0.131809642948253,0.233194426404584,0.421995628187936,-0.0731127865579753,-0.567448699201502,-0.32587774259584,-0.216759153036243,-0.0653268005669969,0.431893788487585,0.177826724487744,0.29126396879844,0.142914311807699,0.0140884693210272,1.13166467529087,0.278525037585425,-0.48604806952264,-0.255757188577567,0.329289914168243,-0.0921244131665128,0.266837897580819,-0.565320201939279,-0.448420190335076,-0.717177361107119,-0.167060433592811,0.363011312510603,0.29477977398037,-0.150207860819474,-0.43279118211716,-0.394027337036567,-0.604199042828134,0.195099338853694,-0.338107460831672,-0.170576581962512,-0.669603013871828,-0.69117237279793,-0.412182466628578,-0.311700950666817,-0.328370226950384,0.139540385132511,0.488352025228389,0.488174437046569,-0.200916935810005,-0.333714508301369,-0.00491725909138141,0.149309968486507,-1.08034871952252,-0.702180376123516,-0.323205742238111,-0.0240297000299542,-0.0649800861969724,0.320814445475348,-0.24051401022912,0.150185208728235,-0.257441644887926,0.315444826741616,-0.0930048802469346,-0.126660540353965,0.359939273840756,0.662779988095694,0.470624926820109,0.11145609950301,-0.360166684151087,-0.125181265711427,0.443343634719226,0.177443509756303,0.151794723931122,0.181905634311349,-0.328191478209253,0.0636086130150726,0.324584259146518,-0.335446398145695,-0.0304452065016733,0.0502585095896656,0.0363914163499271,0.16389182756718,-0.369935452781404,-0.101791089660542,-0.408908739813366,-0.727721201564471,-0.389110413982316,-0.688797846104783,-0.751485531014788,-0.156963917929222,0.183575415418782,0.10353596453093,0.168571572021683,0.510434533861801,0.318699579808388,-0.0371457393075199,0.279357480750814,-0.115215032651725,-0.00584969636064716,-0.715028301670502,-0.306410340796392,0.552488263197926,0.0458664047666162,-0.0385057309654742,-0.237534086320019,0.432619765803194,0.695213243151745,0.287252477998281,0.275821748613534,0.205097921143111,-0.206400688779489,0.582653486364791,0.426379095602937,0.435785461945709,-0.34173933977166,0.375191996938597,-0.434469328274205,-0.526045008462495,0.143988911977364,0.102386896139084,0.370825550691696,0.630423168514957,0.84267875444547,0.121324880858398,-0.289037584048105,-0.122202140025818,0.379743280629358,0.0216034359219467,-0.709883025578509,-0.65904542375323,-0.120285826426587,-0.17130273155219,-0.590357930073163,0.00467661616526716,-0.145652734470296,0.0126360038339656,0.324700609687285,0.0197082336723686,-0.844089340461992,-0.616606728079645,0.0299461682955819,0.0448785659295448,0.268901723000899,-0.194653242553189,0.0528095109024859,0.339583616314792,0.305502677591125,-0.36965958573907,-0.277466739035245,-0.411975035517256,-0.986687979708579,-0.0257884312586197,-0.051784625039307,0.147232821984737,0.0198960953457291,-0.0267231845503961,-0.114031058009062,-0.192222534364668,0.281680313912982,0.510675214248222,-0.230310017042474,0.640109092872903,0.309556003733005,-0.0785867325811759,0.289389205031164,-0.184064857536227,-0.0476920661893652,0.18432932499472,0.285155793284092,0.700397042475324,0.601855117554405,0.399279788829772,-0.192270046103794,0.0710152255596359,-0.0380338603281554,0.255820067608463,0.297567659249346,-0.050430688475109,0.133284908808104,-0.254258309697579,0.24970981266563,0.28883668196516,0.480467007385136,0.213415949189693,-0.498082083422513,0.0378037116117116,0.396775816238219,0.0143989492367055,-0.648505593322482,-0.292496829197276,-0.646614761880321,0.0982963714480396,0.177826789475391,-0.111656202293755,0.19929734395922,0.241828671125504,0.286577049548875,-0.5353891886065,-0.734365412880593,-0.9592110061232,-0.340998182132614,0.0885721871204665,0.358135428886017,-0.178860779219627,-0.226121184338507,0.1587910313981,0.271580459252473,0.383090530224635,-0.132499520329907,-0.768644241206554,-0.247713301539306,-0.411244825716241,-0.20675446457638,0.484290885508256,0.0659456770900205,-0.0502913833448858,-0.0599343737591802,-0.203017555075582,-0.00971183632680595,-0.251718784560965,-0.356399624535296,-0.309045851522637,0.687551884383589,0.0740351820250497,-0.230419530821525,0.482416848613051,0.373154755745994,-0.0766056877804615,0.169498543532495,-0.0577578782102295,0.0595102345734507,0.507276254952792,0.510624937260003,0.170430093956015,0.70608531520867,0.0217445479218219,-0.436214236600094,-0.0688356001323102,-0.170863660224307,0.219525281088824,0.170486446278851,0.783232189605303,0.608985468266796,0.538842414200188,-0.0266893555398062,0.86325557884146,0.931699946292574,0.255031568602163,0.591921790110109,0.0211989787833762,-0.426258777668271,-0.393488264997257,0.153493636940045,0.0841275464685412,0.156901409404073,0.140856362204809,0.156723137053943
-0.708235258951293,-0.190011875089145,-0.253631544534922,0.319575798495385,-0.40625513632093,0.0117252673359807,-0.588008892418078,-0.316033335765046,0.667393105594479,-0.50064520136009,-0.398252223532476,-0.255949309360073,0.595710084443873,0.293193689147269,0.830438707974782,0.502723295791352,-0.269318170638771,-0.191983724338232,1.04144531012418,-0.113300911993261,-0.383668963280442,-0.188763437977049,0.325643227465225,0.122892185564178,0.559434235483378,0.839584087704877,0.605898541909797,0.435579614737128,1.66733963924843,0.685532842665258,0.789341684879049,-1.03407824209952,-0.825688630854219,0.106376282454336,-0.1872545129872,0.493540343070328,1.43302349855168,0.914557906751573,0.86906739537108,0.985230480607476,0.331160014933113,0.613922884082679,-0.582294282215159,0.182158882861552,0.791988069307425,0.437656176381745,1.26841442961075,0.527872628877874,-0.204634189913955,-0.330165553729493,0.573514944536472,0.010656851006178,0.0821385233546378,-0.415816679619591,0.600337068898574,0.918250469405484,0.865230137403991,1.06863531039546,0.384394917543057,0.590193204033884,1.32146079643984,0.172907846862261,0.391950387501383,0.123505038719611,0.217909816853013,1.08553746024531,-0.232442253654372,0.0827690438650912,-0.229253298196044,-0.139513678472311,0.0392819007291329,-0.378914149407881,0.73566086969102,0.0297074710602199,-0.314415893565959,0.248923630368005,-0.312409014131886,-0.398896974416267,0.183556906315041,0.24814560721505,0.0252608984152155,0.66279940302799,-0.0807241778328358,-0.0597088330691513,-0.3958961371615,-0.0595484750985053,-0.965551315528766,-0.194351118568387,0.216168403083951,-0.190121504163927,1.34851376438077,0.283785918148356,-0.334325856087698,-1.11582464254642,-0.0767102567260307,-0.395719139154,-0.176750464844623,-1.1298655758028,-0.489471380127965,0.480040740349771,0.166215525460281,-0.0838316052214346,-0.456005585049013,-0.18339313605475,0.143424223734871,0.882786207718079,1.0151124563399,1.06613494148597,0.226206315084194,0.42522239128265,-0.530134792369989,-0.835834563755653,0.152634625194154,0.244127739374509,-0.119834833434719,-0.780515924710802,-0.832503941659333,-0.267837890101736,-0.393619685772625,-0.962922165958392,-1.39048682432636,-0.263464382414804,0.463410327058006,0.767727620517862,0.106204454980043,-0.291965535919132,-0.246174702142621,-0.468438710221192,-0.181693138921144,-0.131097313727516,1.30682938928301,-0.24177548513291,0.127813406052047,-0.399589535340268,-0.0150389692764929,-0.524479153455241,-0.341098196472891,-0.115567268369588,0.204372741608732,0.713974202997346,0.793077783806857,1.28741920951467,1.10705680217034,-0.124696759238347,-0.31350863193481,0.158690506535562,0.491115641628718,0.302916085326453,0.296336643107182,0.466740957670046,0.490891673411226,0.102073414444787,0.456344845287421,0.120708068519139,-0.166507459440831,-0.695876708149301,-0.0650335238085428,0.191875222351403,-0.12827199539007,0.344053029344249,-0.0373655137113748,0.370975475051479,0.650190243104961,-0.192179396717039,0.0531724973231113,0.361841956678281,-0.276519004040991,0.762684689221552,-0.127571892207705,-0.724748438981543,-0.24345613537099,-1.02866456816626,-0.58792818954367,-0.958689806836568,-1.09959092121788,0.0690133667568031,-0.523996973643476,0.13775647426378,0.12520437340653,0.518202934909312,-0.382201615808464,-0.320516638113294,-0.240227380525068,0.315280906152488,0.321249706179478,0.0769050622692677,-0.0833525753441509,-0.0685032493853873,-1.09326973710265,-0.683394924283131,-0.660606535275358,-0.254051470645269,-0.0242928814222299,-0.896829387182191,-0.874971953958658,0.481210345620761,0.388410550994055,0.0763472770483877,-0.611461002802797,0.258804773231613,0.00354262624450202,-0.0981401115338682,0.913252369272672,0.204461003294605,-1.19519315847934,-0.227076027549832,-0.834630103309353,-0.980114348454837,-0.212118343079368,-0.0131796614346383,-0.330579154578786,0.839492277918638,1.55956003170866,0.853249095923476,0.941794673397971,0.248860537895196,0.178053401232384,0.529789924207319,-0.106028989967585,-0.130441152436947,0.810719460044517,0.0824508837628399,0.123403918449249,0.863707500318257,1.43510070147022,-0.0072203684497098,0.310470829974331,-0.507895653915408,0.120763910173728,0.461618576348341,-0.272751649938182,-0.14205253279134,0.158296958522806,-1.39884091872836,-0.311149957013615,0.0484209048505751,0.341118284008652,0.618371315637791,1.22944891299654,0.832157897398517,0.628154952684104,0.495298647892777,0.287239086648482,-0.707154889247226,-0.807850371033172,-0.135613584667666,-1.05442938362513,0.000991357723357233,0.192155788575105,0.270591578304155,0.249771908309052,-0.683181904922189,-0.56169887423132,0.197350574848152,-0.145893612892933,0.534571916389708,0.715729899169605,0.903690074848324,0.824705389959656,0.634984069773176,-0.674820669983699,-0.303712549756742,-1.05411073160682,-0.308931515331997,0.252402288473013,-0.014150344711825,-0.213415335479433,-0.147341115282564,0.673976914613098,0.292488732832619,1.67390459822266,1.46627933105046,0.636823445251054,1.06292600980624,-0.169919409838513,0.047316649665251,-0.141745381194321,-0.813644131947436,-0.332606158080563,-1.13214068211589,-0.895410943507239,-0.511249360520469,-0.349522511059305,0.438481548312152,0.367683500659157,0.0357577866589648,-0.407108729243763,0.0843768750171186,0.593059428155514,0.836660029092151,0.676277075843042,-0.884091075007999,-0.628164647847923,-0.961712216174897,-0.682269040142401,-0.0376780037518344,0.829256963996881,0.466745191537974,0.331170918482299,-0.454274055029017,0.647113751620803,0.0161783257119114,0.440093503810468,1.11309665508481,0.0553948696802106,1.64196470544897,0.686748173290986,0.851166786274005,-0.0563822615184664,0.49130430846637,0.397906064550232,-0.105062001809445,-0.123233844014248,-0.559999658250572,0.644853762963606,0.441450705479976,0.716509029106009,0.249065622686867,0.299562636826555,0.29787176313202,0.413391341937324,-0.172144791551782,-0.519997964238103,-1.29860876159251,-0.979202841726811,-0.189300501284574,-0.0112847986001376,-0.15772879924701,0.0858877645139502,0.0303979693655897,-0.459983942476786,0.0169720134562622,-0.71300677861178,0.164751499852143,0.606276400961403,0.104351973077481,0.882586862514532,0.543856922496543,0.390998288689498,-0.396515688925601,-0.735901319109794,-0.0620281447854512,0.383106517106541,0.601671726502154,-0.0771022528062444,-0.334970048546645,-0.240341288919918,0.587254308131288,0.651239576059581,-0.354031824326134,-0.0511848320008636,0.558818427560603,-0.0176601794212401,-0.550564027358594,-1.26276700535822,-1.14134571982412,-1.03544320086994,0.128837145629975,-0.384388863608546,0.00709967299662156,-0.620557033343047,-0.404802769322924,0.927720896385597,0.497033728169513,-0.223907223970199,1.28683339781363,0.397933265571138,0.817443099869288,0.536675215478967,-0.471118405688281,0.191327524923003,0.928711999319197,0.0551257089782875,-0.755232107445028,-0.396207193628436,-0.0522339437740387,0.459572500996286,-0.77605622199406,-0.621161754521169,0.418841503081871,0.273911999944718,0.705646768799927,0.719600571515558,1.47874078679671,0.977717426673258,-0.0103313611840565,-0.0290961412840798,0.442782619000155,0.160874187747101,-0.122233453262837,0.0940743910119133,0.727955090382181,0.325198981626819,0.744582997086283,0.358349990823571,1.34336553049283,1.06475063424209,0.289899232936369,-0.214598984722325,0.108683886089936,0.314135937532273,0.566363804916867,0.0143330762450695,0.526359737959771,0.583985806820833,-0.0549631976063068,-0.63897611049204,-0.249650120695278,-0.126023296979799,0.794793810452236,1.40395193464453,0.922555800462099,0.147838531323635,-0.295491671968251,0.400394963017141,0.27309810721875,0.0937795625234905,0.489792091410781,-0.0237215553284713,-0.144135749485251,-0.363394027328265,-0.0466478175821402,-0.96269285813245,0.237065650920288,-0.303659876489456,-0.520943108714447,-0.310819237985242,-0.386990297837012,-0.968368383800996,0.0306621150165131,-0.744439057966629,-0.00661766245472772,0.455144924880484,0.217966725749234,0.255967486654437,0.0550683292595337,0.132107650146391,-0.235366140764874,0.312780354123761,0.904959924417782,0.156849158459054,0.868005851836651,0.760637596380827,0.356924410851513,-0.150835462885177,-0.671153543761399,-0.480545395392629,0.169269944156094,-0.125351550838479,-0.317082460890272,0.998757928668809,0.24275331062453,0.662778320826068,0.0339494067375164,-0.275679984800982,-0.549104472106973,-0.740684482094713,-0.314486558676648,0.0939071093893559,0.729486755065989,0.379919660914073,-0.322934076463759,0.451016042128227,-0.168325464928404,-0.762010662270738,-1.10958444668367,-0.330133380056872,0.0639796373397326,0.575018324267162,0.55177180323866,0.59072720888117,0.418936214896845,0.267802780791843,0.00748909374675246,-0.64093182520627,0.122620945482155,-0.493732498339614,-0.381360210485441,-0.56095352411811,-0.336353363979286,0.771424149289265,-0.142265086463468,0.0101470875320229,0.544721849238323,0.420373579173138,1.32074421339641,-1.16878878578012,-0.419061754799717,-0.561725154693464,-0.0228572519095327,-0.563831639577593,-0.603541676376721,-0.518531728992837,-0.567014004576105,-0.43648409791239,-0.178999165582708,-0.313132511086283,-0.615675097431794,0.366980680765319,-0.284174277230283,-0.405166625352193,-1.48326786044314,0.426364633100734,-0.117997328393516,-0.533052971478817,-0.454634521200016,0.771954705839399,-0.458214153479912,0.0745302257993566,0.932323654478191,0.854324032128839,-0.076689410279828,0.824692626928484,-0.165442157876479,0.140687814405064,0.014137711320166,-0.2047791202744,0.127782416059099,-0.277628903515839,-0.0163203252597256,-0.374219291804718,0.276643616358943,0.944994066933567,0.784178435489251,0.103677501384461,-0.184322624341434,-0.798053900262605,0.0409914278012562,-0.0921845528818748,0.02545825630044,0.010044344711468,-1.5737170800105,-0.581246542861694,0.741715728879756,0.429643250595536,-0.573618261672622,0.0346631534183033,-0.470091024380359,0.890389766796386,0.851231305783831,0.925925810393043,0.305305807049687,-0.63887216979958,0.0753761571554981,0.371322624435146,0.654469881626551,0.698606732287087,0.914539300455761,-0.302207017824681,0.528908834206038,0.217605943781855,1.03467761643368,1.07028275637298,0.550475964065294,0.710534440876793,0.239813018742247,-0.159079307795957,-0.644284544947503,-0.707094681928821,0.0585911370183843,0.370724199758013,-0.0134521907519671,-0.103015744733676,1.75026740594992,1.37131182201665,0.428593068921419,0.0482324686097305,0.324851054920868,-0.555246982746417,0.24997520955248,-0.228965114496297,0.230243493694309,-0.60604892080424,0.20409391665196,0.352947480609973,-1.28397098854416,-1.07316263351421,-0.425124567971019,0.106870766546263,0.674730181973129,0.146257740173303,-0.762923126367444,-0.83431319806532,-0.188025096815317,-0.326522214122009,0.230815548625412,-0.35321192768478,-0.481491955904843,0.572112550896774,0.122625649821213,-0.137407708848133,-0.152080661471151,-0.10829876447656,0.636600301034663,0.0471193329295295,0.298370201615987,0.916943461391857,1.01193485556699,0.82081805843729,0.790834983952176,0.199750640013876,-0.532788260309902,-0.264967981349945,-0.517176244659014,-0.650700208305892,-0.281869825464171,-0.307443948420269,-0.141717650235294,-0.0715410458925464,-0.0479525547245385,0.850245028232155,0.403675811355077,-0.902808274058749,0.066159383541577,0.0523902001694281,0.284962248267362,-0.923957853085386,-0.987266883960828,-0.298922301767119,-0.44686422662554,-0.579723206114967,-0.047475365493002,-1.11687408146981,-0.375318054112511,-0.95609219810503,0.271483317928736,-0.551944845105658,0.500900271544437,0.568589264311516,-0.0618256207430503,-0.523966994947645,-0.28677229793433,-0.779463892317499,-0.933590040486222,-0.647546711466395,0.533642057111463,0.315094987944833,-0.56705837774317,-0.0266622007810955,1.06468233714734,1.09412455174337,0.176569922585304,0.308029807303682,0.766172369744944,-0.319554013037173,0.431426372683042,-0.214057303289628,-0.381818564873015,-0.0116960793949927,1.27796802924304,0.98308117514606,0.0322977020144027,-0.220736953975636,-0.84874528214788,0.273669425453957,-0.000340106149854365,-0.428422683766669,-0.245588713319457,0.496328230820459,0.519799222337834,0.737738063078964,1.38969569304162,-0.138037050490041,0.290912008033243,-0.44036262556391,-0.031041878754322,0.0687024275602812,0.101357344749702,0.4250245573746,-0.427341435392914,-0.741981695840767,0.180555251266912,-0.792052935444115,-0.6455385355353,0.149135643437981,-0.128835111371535,0.147681137142176,0.367023112286691,-0.499967833607128,-0.547665265957329,-1.00756729287954,-0.806657584923613,-0.65875234096617,0.0437239026978969,-0.0504181040659828,-0.251258912606765,-0.345419715007091,-0.655871946390949,0.0189033857816337,-0.0193653874088347,0.320241244537636,-0.418121004809095,-0.293349888375907,-0.863814179259025,-0.418038379562923,0.195488061953892,-0.147594263004778,-0.613820457082888,-0.583277494756724,0.842089754435866,0.526533595864142,0.778988716646327,-0.3458843798285,-0.332159925943681,0.60372783249872,-0.221431096976617,-0.374145426992266,-0.595985696702473,0.462282693013341,1.10382340059456,1.41694182506866,0.771048108176427,-0.213847096360934,-0.581923286010341,0.118306713672485,0.0804487053143168,-0.263553041934792,-0.195633670470337,-0.57572724064421,0.0997941568906424,1.20254273536034,0.49944188021475,0.558453518428567,0.0132256861625984,-0.837721291014901,-0.127627852472226,0.0259181127262793,-0.21597975245163,0.696221396879502,-0.00330957888262552,0.268534503795061,0.726696816418101,0.306669081633673,-0.933007590887443,-0.476821785021381,0.283453868888487,-0.484972148006682,-0.270047523742279,0.0915068176365321,-0.152061952632252,0.477450745239681,-0.220235634140668,-1.02832369992896,-0.727671716007847,-0.249925434490172,-0.912301741485729,-0.144098452878198,0.96704366000905,0.35197282356291,0.395721486657201,0.0780002589062598,-0.504230053006374,-1.14066070499197,-1.27895176996919,-1.00772307646306,0.196479411578218,-1.18168380884904,-1.33109516116244,-0.752922658643419,-1.01821245813356,0.471126462442416,0.735852131186294,0.788233709900648,-0.114856430901722,-0.0585413708335516,-0.361795367787786,-0.303587173943477,-0.121889364506295
0.0575348930931097,-0.120696490709761,-0.0441388067510975,0.178298395416971,-0.0495750142900569,-0.00601391311243008,0.14532904574244,-0.0856385596456106,-0.0790663438258287,0.119391892552645,-0.140089491392691,-0.00506159520867142,0.0176458736534619,0.0583598566670328,0.0838165788303814,-0.0147448766570971,-0.0190483623558435,-0.0341729434930323,-0.182047670922551,-0.129376410931914,-0.182279587899801,-0.136334472440445,-0.0578175527850698,0.0543130994366347,0.151296649240839,0.00700640170528334,-0.0467064295592373,0.00312189265678958,0.0637901618058421,0.00239074051817731,-0.161213200289263,-0.0185889507848775,-0.0652022962926347,-0.0750166940018894,-0.125917434133047,0.0822553330371214,0.0200663375193138,0.189749564334697,0.1751541745863,-0.0114173621141492,-0.128259738098904,-0.0503294445427734,-0.00377740277010964,-0.0461954684492053,0.140750524821784,-0.056299398474491,0.0880720966246981,0.096235501703126,0.0136298446419049,-0.0808156006986578,-0.108138459181521,-0.0889333809856705,0.120812556066822,0.0219561125577286,-0.00833210397805596,0.436182519903109,0.132289474596943,0.193202853833675,0.103776923172461,0.0469063187701721,0.170173975307944,-0.0054265076273246,0.03459561681705,0.0789669933865479,-0.0823924678194974,0.186230786662203,-0.00256483005082543,-0.00782689693154469,0.066695976275024,0.148366285555853,0.132604406448814,0.0647521801949318,-0.0028772709918895,0.051143514835126,0.115320143546135,0.0358350451089776,-0.0819187200084597,-0.14765440267088,-0.0667881601328193,0.17600411163019,-0.0170157859306918,-0.0530162756592535,0.159553910717565,-0.203309028666355,0.00419647625181219,0.0831873132372928,0.0318149044251799,-0.0165220116710503,0.0768513114907823,-0.127151602346553,0.143489948796056,0.049086591808006,-0.0479483529840594,-0.047364259287396,-0.0407599965643475,-0.0293417426290367,0.18893731144278,-0.184929053630339,-0.184402794407838,-0.0344648013000217,0.0674409287942238,-0.067436095977255,0.0364274145734295,-0.070141024510565,-0.04746068183014,0.0764508234333694,-0.0477648470937607,0.13091436578046,-0.0680968483694912,-0.0132115428466579,-0.0848497765831002,-0.0942920323677258,0.00781646575041922,0.147602208827125,-0.0442051375640464,0.103662941209396,-0.0406701420306644,-0.0629200615219866,-0.12029612856233,-0.0576685754799855,0.00116050190176246,-0.00821663073924723,-0.039812284144489,0.189073890269863,0.00582135377448327,0.0859430270936229,-0.0969656490458102,-0.10574144012839,0.246313454651732,0.155722058333785,-0.00964884921068231,0.0658528703151056,-0.154804280220778,-0.0463197327038495,-0.00952038861392718,0.000730083296175032,0.161469663216736,-0.0741567789674396,-0.00815472790600589,-0.054162152422518,-0.0534233364277035,-0.0189514349746639,0.192074939187921,-0.0923033666881629,-0.173847869078247,-0.00456077614377563,0.00460076585261087,0.073114261080692,0.125905527540571,-0.0755094490772147,0.0102402087178593,0.0677452710051285,0.140713767306863,0.00830682931966366,-0.190894926011728,-0.0475563646912174,0.0501657564738157,-0.0545881590906594,0.135647436694179,-0.0671134707132075,0.0665722137773625,0.0362240601578677,0.0496255225306242,0.0302737017969472,0.0367172889603779,0.217965229024666,0.0276836630546951,0.111909898192886,0.130481160069632,0.191257538881001,0.036294254693215,-0.275084747625164,-0.0844272069258754,0.171106813812487,-0.0782030073082032,0.0170173692078536,0.130730335978721,-0.118004515534011,0.0490185966436106,0.111722511160745,0.0244931705735421,-0.00274098754338893,-0.00199205138313571,-0.0973155157732939,-0.125100499122043,-0.00860617850147938,-0.0380092045664401,0.04062362145004,-0.0375026784562136,-0.15004004040463,-0.152895516444074,-0.0644699867037093,0.167536304562764,0.0476794189360125,0.186697463575061,0.130776963210538,-0.0873619710979628,-0.0225270865095273,-0.135204195379144,-0.0690089957242489,0.180083983385961,0.144463354906741,-0.000433004577190664,-0.18334679583561,-0.0399315936462531,-0.163400046781312,-0.20659169751157,-0.162090508054088,-0.0189710210195242,-0.144120783112028,0.0510978740451498,0.237600582946281,0.0666059223658892,0.135909073634074,0.321959541801356,0.0504358116418242,0.105704534804775,0.124264264635574,0.131594330637975,0.146790659243357,-0.0250691505968231,0.154074170089867,0.0274448914936861,0.0773936691577719,-0.100238364038067,0.0497764741261801,0.00875381436832899,0.0013866070444447,0.05305388971175,-0.241274290693122,0.046624168506165,0.0471641334599672,0.0903246507534388,-0.237754158094328,-0.145035604943123,0.0934706762830402,-0.104927725587295,-0.0495842819924993,0.149553671825389,-0.109436851276467,0.0062092702249739,-0.0401024842208401,-0.0630548994074877,-0.167943816715225,-0.05347463876983,-0.00927032526764181,0.00676607710616789,0.0834349885040285,-0.000995754114809679,0.159156129821879,-0.136592441736896,-0.104466254078406,-0.132596267469344,0.0599801520475285,0.0601948223072086,0.0329410863713524,0.0610035398331333,-0.130792110120247,0.171988665612802,0.164317578546652,-0.0627684798279168,0.0391156333097278,-0.108321249465053,-0.101822686706971,0.33610931010955,-0.029756499955472,0.0142143045826404,-0.00719822770295672,-0.0936390873171932,0.00678490882872912,-0.111013693021075,0.140381710278039,-0.215605860489486,0.0389785764784384,-0.140213418376519,-0.0449539851717083,0.0393126328205552,0.121673439445714,0.0857904222059292,-6.20072183226267e-05,-0.112682633701575,-0.0881166794663986,0.0351799212908631,0.100820619440643,0.118612835136749,-0.0608329733787303,0.0258929623665568,0.0271453316844485,0.260912124889537,0.109364742400724,0.0329295706166824,-0.0992870891476097,-0.0976772075417637,-0.0752165802295746,-0.0474774767143632,-0.0605649121216906,0.0569642146720709,0.0149590522987773,-0.0610019903297419,0.0633862460903936,0.0956527883721722,-0.0677239621911086,0.166600187097825,0.13946864813825,0.0197083044783427,0.255022132560964,-0.0288673432126601,0.0177392282439056,-0.170635375248479,-0.000496477996104631,0.110342894144275,0.120255145560128,-0.0188029207096956,-0.0766760704637719,0.0464217268648107,0.0356821513349541,-0.0326549308869134,0.0334014667026556,-0.0584775450663629,0.0743252495172286,0.0013386820887024,0.0620846347080702,0.0524168266069787,0.0140318836861932,0.0383601011149104,-0.176345436556445,0.0603101529040935,-0.054635611799006,-0.183590984860169,0.0511589533256706,0.0749327234035678,-0.0270000255274964,0.222509712393729,-0.037019248283573,0.070273057172586,0.0260274930602541,0.0729400574514172,-0.0163032868614527,0.0304530587718254,-0.0163622870783934,0.0367288991220596,-0.195176008697462,-0.0854911653486276,0.0957378722701756,0.014248197493081,-0.0951204271079947,-0.138398634801066,-0.0587418455485992,-0.000665558609273413,-0.0221634446331189,-0.207352130803054,0.038375440232702,-0.00793229482725521,0.076110922658063,-0.170498755373512,-0.102105501691269,-0.0607717799259008,-0.144569286294669,0.168781096838513,0.0364899663483117,0.040920435735391,0.125254254700117,-0.0282916827735783,0.204727048437568,0.00214084858902076,-0.00282894444582416,0.00900580296342289,0.0456682445948275,0.0285265526016687,-0.0645329147893217,0.0940620459716083,-0.0351838481436734,-0.219947501436455,0.064556199807614,-0.210944313831113,0.115335596333968,-0.0506553583268256,0.0398446074020748,0.00912612748998409,0.143730893193919,0.0103988915173208,0.0526343824459969,0.0895660226029773,0.120165392743835,0.123988446708604,0.00840296932961126,-0.0830792682240356,0.0352274116551236,0.121713843320131,0.0290033182933899,-0.0293833630287788,-0.0506228474011096,-0.00924367754118215,0.139422375978658,0.18035123726878,0.179843922510927,0.134253338377303,0.114163634450052,0.084654287762867,0.082054697226643,0.0422003012566146,0.0216311157865205,-0.0943742448283992,0.120337663356443,0.0802967644144149,-0.0892892636318614,-0.0464685876012852,-0.141825635228097,0.192990023530823,0.0895577807298245,0.137970019230939,0.0440177959574115,0.0315561428112624,0.0104340746029311,0.0903963334834988,-0.121458167393982,0.0764936654283579,-0.0937047689440606,0.0582016369133848,0.0150080331555553,-0.272999015645737,0.227025396881579,0.0869776458849103,-0.0686394846589714,0.207021734036811,-0.19287121598907,0.0165460746206556,-0.0611114896563019,0.0694985060725496,0.0376877607151218,0.0816542309717936,0.174197625674824,0.11989385164923,-0.117334754649031,0.0263197349558067,-0.0778816098249008,-0.078792891455501,0.141063279892934,-0.123982255613277,0.113177985114415,-0.0406522800444091,0.0414558735565721,0.164511375869941,0.0462723558131852,-0.0184829838564426,-0.0990426062458153,0.0774249691589077,0.0994539951144834,-0.00198415546483395,-0.0590035304242714,-0.0528772582420679,-0.0101463359239,-0.196295209663663,-0.106677855307622,0.106927721832226,-0.0487730971634942,-0.100092243806696,-0.196256429447725,0.0501510600639338,0.152325958375929,0.056365996126707,-0.13341937515915,0.0252673843658523,0.087749828313763,-0.149048892600673,-0.0781919747392096,0.0822271136595808,-0.0451015167219553,-0.0436534089577416,-0.102951936463721,-0.00873725154027384,0.00604173166549309,0.188380181988901,-0.147338198965907,-0.184139560143035,0.121332718954217,-0.0861845414694612,-0.0441095820779304,0.0117686752772456,-0.149995083899071,0.262301491752375,-0.177573000130092,-0.0545570029676005,0.0196941667480238,-0.326774423690022,-0.0414392556223041,-0.125809506667544,-0.0754972485146489,0.0899585533664547,0.159241008867419,0.0871349093485076,0.0135906267412256,0.0284194225329845,0.0794721160611822,-0.224550268374418,-0.0262391731598205,-0.0338672703554219,0.0867956164236065,-0.0189187404224627,-0.0357533870264256,-0.0528521999761414,-0.0235704832875944,-0.0112603015457723,0.0730301861998007,-0.0798799442503568,0.0248298067972162,0.0303344646083769,0.00202519779113368,-0.0565322442244724,0.0830159923932698,0.0616166649585395,0.027538321741991,-0.100880734491503,0.00251202684911522,0.0939131426073065,-0.131344522657545,0.0581733910065706,-0.0199660371049982,-0.0744654640066265,0.104169001189667,-0.0295241853436199,-0.168477547570295,-0.064836529760258,0.0443424018308732,0.079552600991198,0.113815648997424,0.0132923263132255,0.0283483499741552,0.111549782680201,-0.131393048714496,0.273438466920875,-0.14827809124167,0.0553855558449791,-0.00753485417256562,0.111800583235077,-0.0976202551211327,0.0449572168353244,0.0500834743811649,-0.020597398390366,-0.0192651287896906,0.105058304920365,-0.0352941498986507,-0.111383824154736,0.110310454809904,0.124919806755714,0.0662145783762179,0.224577766674205,0.0585828386036834,-0.0881955934766203,0.0716998576990162,-0.113033731794215,-0.0179301845394624,-0.0361833583444011,0.0398681200124107,0.149713202228869,0.0599015233234237,-0.173562771299807,-0.124896799155345,0.214466049800699,0.132033588914771,0.0228842795795936,-0.0978136595118575,-0.0698468270374292,0.0573478710567069,-0.0230074601930975,-0.0980106633336418,0.136915550382831,0.206190882224823,0.0195112977799588,0.0133678371057566,-0.0238303460897008,0.061529641198447,-0.140702483143367,-0.00825514848958914,0.11903353684758,0.0170489148176722,-0.0672468453466725,0.0542379458888344,0.203592214414603,0.160731658471784,-0.122678616424318,-0.0324695274005157,0.106852787997901,-0.033756063903431,0.130050319261655,-0.00861964124829094,0.160700888046343,-0.0938086475548006,0.0649921884933592,-0.0818170028738343,0.0715111356751546,-0.0353712361556371,-0.19133170615393,0.107197525962602,-0.17506697464738,0.173378282987671,0.0702723859200752,0.240690426548128,0.0557778012278054,-0.046847982524226,0.154729499579699,0.0722104194893282,-0.0455990516253007,-0.0615153284528321,-0.288938549383057,0.00438700160500195,0.0606333083118833,-0.0338042664853642,-0.00891167775660008,0.0497260107785388,-0.0122591389360733,0.188058108091136,-0.0970761506815466,0.0748119711962107,-0.063257940474325,0.10217655023218,-0.043456994575014,-0.0692439259091465,-0.0498315292765532,-0.166867973477335,-0.0329172702863152,0.159879599542996,-0.0914549040960856,-0.113555923755578,-0.171154163013074,0.0592781847845466,-0.026715136024849,-0.0625878914912147,0.126849739525471,-0.0424964150987931,0.0528026862268359,-0.126490350113232,0.147885991459429,-0.0984853285627642,-0.0170066325717655,-0.124547856258508,0.0684531552684175,-0.0487613272322296,0.0251752495442354,0.0890442457575316,0.0495847573013563,-0.0849182436260262,0.109165389777318,0.121929271612642,0.00958723537871166,-0.0420146332107827,-0.11050955626405,0.0595127682988375,0.178194041452674,0.0180340897396759,0.170019021367927,0.0681850603531964,-0.000872666845773383,0.0207146646209693,0.0774452317109604,-0.0232234184590174,0.0941938357805927,-0.0273434034430105,0.0738374883566695,0.144065849386989,0.0817770999084428,0.141589792186492,0.153355047981639,-0.0683112991385458,-0.0456248407313577,0.0644896830985732,0.0583264215043743,0.0652651864761099,0.0617186619540928,0.165501098918659,-0.0692281184937666,0.102467032716481,-0.0218969015622182,0.149251597987743,-0.0379524890052985,0.0382891599453867,0.134600818187704,-0.0418494167801153,-0.0906351885740762,-0.107735938787017,-0.14197672970872,-0.179431828737147,0.127684170506743,-0.0910514685490654,0.0488423158009389,0.01464030941562,0.0440300273058261,-0.00997964678095115,0.061315738353023,-0.124366528296059,-0.0114564022910308,0.0213260181813281,0.0270708448946379,-0.111630863004284,0.114985711685467,0.0356572860142768,-0.0981839946525782,-8.54144786378019e-05,-0.212811571618777,0.0975640959042013,0.0641969981276557,-0.147525298303479,0.0455118475152593,0.0944272486305545,0.16191997631449,-0.0751569378928547,0.0100312087066216,0.0363407484112318,0.0559669368921027,0.0720610651004374,-0.0737334665145728,0.245158771408053,-0.0456944672304227,-0.327171783392893,-0.0531277630830371,-0.132313120574767,-0.116396174277706,0.0213534396804051,0.0639238111320021,-0.0724537166642376,0.14428093522482,0.0938285763859362,0.0645263166150456,0.0224408618712875,-0.187601285888459,-0.0024691308940624,-0.0575527784355783,-0.0187308333064721,0.0610463587130389,-0.0381540170565576,0.0429907673652204,0.0697798697354837,0.0699337033715475,-0.16916600948939,-0.0952189864861306,0.18808835994445,-0.0159959942304321,-0.0372807617523148,0.0723887185259203,-0.127116177748681,0.0956791289819049,0.0910510591750406,-0.0814336682050937,0.144597934329808,-0.16193241843568,0.130065299979432,-0.0376137217605399,0.1383715107855,0.00902211688973227,0.105929491640453,0.123237734467707,-0.130763115876051,-0.0989396554485435,-0.11251170942003,-0.0617721450760911,-0.287544290392729,-0.148590193559835,-0.130515835713672,-0.233313563602295,-0.132351222917403,0.0918706741344399,0.0684447205623301,0.225312903193136,0.113144398652499,-0.0963262392647624,-0.0693054282414455,-0.0407943793486017,0.0424627999064748
0.14622922739813,0.0994198716725674,0.0892432233979813,-0.133704295561569,-0.0192955968391071,-0.014043921244097,-0.0163300066957703,0.169949796466378,-0.0346170589232588,0.122481337549924,0.0832366556506288,0.018739591213475,-0.0328552882798883,-0.0135102306016063,-0.034330755900733,0.0898989666325262,0.0246902541162649,0.114140426022731,0.0344302939331866,0.0442218731423632,-0.0503290510139558,0.0950142770568309,0.173790423459159,0.0212850730872484,0.065422616378747,-0.119123266956944,-0.224625557492154,-0.0538232094276387,-0.202626389944728,-0.173754601020852,-0.332494666489167,0.0874259925371443,0.105414012360688,-0.112586236744767,-0.179565226842162,-0.0790616202298856,-0.289846690524159,0.0282605202480823,-0.108164562552263,-0.193917443396052,-0.190371584020781,0.00325480462649977,-0.0137634017646415,0.0714382927638602,-0.134803910143758,0.0604897811771504,-0.0628600154012872,-0.0464052859091408,-0.0115133189981362,-0.0594352557962393,-0.0855695567803292,0.105378964110135,-0.228665596797662,0.0930608190596828,-0.0526916075534191,-0.181456393133537,0.158170507776003,-0.131606411247199,0.0055102603976617,-0.0235567396490911,0.0196969447160315,0.0127537541807802,0.163350782581107,-0.0412198048649737,0.0356261690842663,-0.0767218678084432,0.0811634325728256,0.0397144550010926,0.107057195653883,0.057299019198181,-0.181275683328665,0.0816378899030015,0.0128332621915102,-0.0617763699206006,-0.0169371263418876,0.0638394037946547,0.0398293717732648,0.147394797501711,0.0360726676903357,-0.0329459534876385,-0.0538856864422585,-0.193249004819949,0.130935626656774,-0.0410467415478202,-0.0611706797134762,0.00384137337158609,0.0896174449670622,-0.0482631772875108,-0.0326677288136991,0.0209129520221547,-0.120642044857082,-0.118187277283131,0.0944665616052778,0.254792566234247,0.00552818789809271,0.106806436103872,0.0775309048701172,-0.0713173219523921,-0.0535315114601611,0.0720269844665462,0.00287414198494228,0.0670447603055845,-0.0183951456800067,0.0312511219179772,-0.0967720888976554,-0.172718002140502,-0.0491295575327419,-0.0524958686675329,-0.0600514996691775,-0.149163201014979,0.00197652446924979,0.167207571612991,-0.146251991473708,-0.0601212941907946,0.106243713084411,0.215877503689844,-0.0236058961323234,0.0596326977609098,0.0600127205692043,0.199450459921249,0.0623749298154219,0.0504586382011182,-0.0752781413936842,-0.109209647953115,0.00382567768726377,-0.0854245810009874,0.0767281882616506,-0.0240674887341064,-0.0414479789105253,-0.151794937160414,-0.173670307352307,0.0836753843172203,0.0225241998081687,0.243317268212891,0.041266853063499,0.217801764219093,0.105245202128589,-0.0515515637361476,0.127797112274939,-0.0364968885078355,-0.106049591650049,-0.103848496175485,-0.0314001219631305,0.146131086766449,0.170043642422745,0.087345528676933,-0.0277201109498305,-0.0974932823204346,-0.0164328283989799,0.0124165504917002,-0.0170122925257006,0.149271379614588,0.136717458623996,0.122919050137555,-0.13802118585764,-0.0744747172477248,0.113821236778473,-0.069138942714238,0.124485707192461,-0.146906013233685,0.067622371910959,0.0520240217158648,-0.171482337626658,0.176289086557876,-0.109318829243596,0.0290725916922369,0.0287703198385221,-0.0847780518485807,0.119449263572797,0.187673277175386,0.091578503415805,0.117592287228489,-0.17510302627844,0.00720231439717486,0.165428485219796,-0.00804554211576912,0.283261636968562,-0.0887780018918584,-0.103453742253879,0.120097164585749,0.0988504361291778,0.0692639915921262,0.098027950847844,0.0203523903587911,-0.0577943412782341,0.0573124548622316,-0.0252334574490349,0.0411337230128755,0.0214542731204241,-0.0632150579845247,0.137907102707191,0.0345505792330626,-0.131520295572256,0.286242274125497,0.0256903121816428,-0.0608979500579302,-0.0637309482803813,-0.018042454385706,0.0417559858794393,-0.118109393903426,-0.100657376825915,0.0449638261960196,-0.140364219595896,-0.0159486409587158,0.0734633961532624,0.14858714672735,0.0864486220949963,0.247200901074579,0.03556416080132,0.0603704957310703,0.103592867663187,-0.179335155505717,-0.331751751259054,-0.0197866692285719,-0.145102011850634,-0.0667965768249682,-0.12436100226797,-0.0888864490703858,0.0547452432510316,0.114177700453248,-0.108397733297125,-0.0833757870585413,-0.0940205447949,-0.162600460683789,-0.285493629626246,0.0293412244039706,-0.134608470591135,-0.0155113522906546,0.205156907949744,0.217051534098282,-0.11731459848757,0.0842169272537126,-0.0397681487642469,0.169398316169363,0.10656137842054,-0.0299961412665936,-0.106713856125746,0.216956390149351,-0.0144433732478469,-0.21789649498497,-0.0610192965112482,0.012463411746162,0.0141431467814226,0.0711110529695028,0.274336784625426,-0.131710327351902,0.0115393986271285,0.168860349300133,-0.0111881976906127,-0.162480695085895,0.0473628648914641,-0.0693347967892033,-0.0537140910831162,-0.134865127890826,0.00939808794385165,0.0910682509937405,-0.0202391105616039,-0.0856369035925391,-0.147026089347033,-0.190720873461606,0.100077213315461,0.0326685223213721,0.0136798698119428,0.129414500198165,0.00197522236787911,0.107873474028415,0.110291120676011,0.127842479443014,0.0789698800781508,-0.047596486494839,-0.0315548596368665,-0.062229259223101,-0.0186249879735006,-0.193946578531351,0.00110024753823123,-0.151674974725428,0.0572593370247174,0.143573172513478,-0.0667254888782583,0.0610342091722376,-0.0429226593963679,0.0910864306189282,-0.0756430195083453,-0.0644496201105684,-0.0323570184098774,0.021144459898685,-0.0534515937863864,0.25278633216559,-0.0592292589895134,0.0201181917689648,-0.12540496519858,0.0390898161908727,-0.0487940057548569,0.156079225622248,0.105633257249125,0.0598339301550243,-0.055964264949953,-0.0452143959332987,-0.135720433536308,0.234884865960838,0.0571979035904245,0.0262580375281936,-0.139045659034444,-0.169779730103472,0.0371650352032496,-0.195262488637191,-0.150407308794839,-0.0296466308357403,-0.138061232081778,0.0364477035095447,-0.185166578271189,0.00152408082524649,-0.00967049981022277,0.037191860464674,-0.142300759895381,-0.18893168193066,-0.0286871269948364,-0.0359608907347598,0.0634905254436379,-0.312916805339583,0.0662204396032565,0.0391962698862271,0.0471661341677879,0.13848717913064,-0.0236357661216583,0.00807122852423586,-0.00332850934311123,0.0634400981812266,0.170136300155154,-0.0240127297448928,0.0254935980160935,-0.0228522907671953,0.102792203382328,0.197420932299751,0.116659814157716,-0.0549818319616304,-0.106627182108846,-0.00607312787461181,0.0256433753860047,0.217884241362176,0.140358357587057,0.0410400431222981,-0.0598054616317093,-0.0597310948559715,0.0305956549758296,0.314323766358302,0.0010626556722048,-0.0250001454474515,-0.348971592136751,-0.0773055064624223,0.172342238079849,-0.0740797492767009,0.034146244407823,-0.0176826527839073,0.261245283824489,0.14491913648989,0.0996956730350022,0.106586797739801,0.107170250882835,-0.106716708848595,0.104720878460435,0.106922657551417,-0.00617898387096708,0.0601028532945649,-0.0227754946452321,-0.128789603861899,0.116617305441958,0.00866643550224856,0.0491720111286045,0.109326666191761,-0.0940712395420878,-0.127287352115038,-0.135118790232505,0.0781439318916989,0.0329767275361714,-0.0022038861769638,0.0542492953782836,0.0756572965046171,0.0518796348546967,-0.0818391081276718,-0.0260899992563092,-0.0619260160285806,-0.114658828402077,-0.260546631907766,-0.280782192156543,0.0981074388446067,0.027950243128114,-0.159818599175251,-0.0895012570206179,0.0205881894563174,-0.10399971647971,-0.186862198025677,0.156064423368103,-0.118914714585347,0.00373124659949245,-0.132443445564475,-0.0399789455209338,-0.0757540025675857,0.0851500294760039,0.107776946312761,0.0364021766787019,-0.0153509485706199,-0.0411531253478744,-0.196316544797577,-0.108249339901789,0.0529207359840225,0.0156569118043228,0.178408781945111,0.141725138354852,-0.0742479245407348,-0.195227725725231,0.016268961655539,0.00298665126670585,-0.0795663900604091,-0.122342190434141,-0.0124142944944086,-0.14848578946388,-0.092748350746339,-0.00635046443784532,-0.0431414072388107,-0.064114661342755,0.110146509034032,0.0105784280029816,0.00852123517593071,-0.00953767470044787,0.0111995173932483,-0.142291127574593,-0.111393958433664,0.0480999615701641,-0.0962470335043666,0.13991240298865,-0.193530357622207,-0.04600328221532,-0.00858712430705522,-0.0384386059145337,-0.0253895276282287,0.0435198121421426,0.276871328641864,0.173174369045488,0.0507093254705897,-0.0253114927841197,0.0449933406488989,0.143067902737873,-0.034483036373176,-0.101371750223963,-0.0991856196016854,-0.0496700642690363,-0.227718600830781,0.0542541788432728,-0.114084718384352,-0.0944211330625163,0.0165794608990563,-0.143389391125102,-0.126724097024921,0.05716233662317,0.0784428444819262,0.138361068980359,0.135529557249353,0.282730978214528,0.0261454323322543,0.0361976070988526,0.0196938034399069,0.0980044830811386,0.0886800915094648,0.0319666420308045,0.248215547186756,-0.0859341563830948,-0.147319303464206,-0.137827041817999,0.0320574055035919,-0.175230971557015,0.0777716071280706,-0.344138956525206,0.0258276623333495,0.0299851259493147,0.0142434942825888,0.0879155834128057,-0.0680831028986537,-0.0467765954882721,0.130028126708661,-0.0684833281490359,0.100734672655991,-0.100457328497225,-0.11545843239706,-0.176135244412408,-0.33324755889242,0.174091522960985,-0.0749995024170319,0.0855161969168492,-0.0333835313329252,0.0433694025733929,0.0898455745060741,0.0565065719722647,-0.0954674134302186,0.148338649798634,8.49212541212674e-05,0.0216928868442554,0.176228264162074,0.013866223946258,-0.169048700603923,0.0875375162782517,0.0972106962077168,-0.133088081349528,0.0692643974785533,0.0592240768138394,0.0658394936920321,-0.163900612538592,0.0493194729004042,-0.143956118746629,-0.175148243435958,-0.0671647101001982,0.149053286887579,-0.140873266348571,-0.0133436040035838,0.0632981885343738,0.255894014556109,-0.153803110258879,0.187732009431325,0.0133856205846196,-0.0954984875737222,0.0361385961935941,-0.000973068344375314,-0.0931632129301906,0.177142890924439,0.174521168894942,0.00401946378323308,-0.0496345982773971,-0.0481908635545103,-0.0183643357257179,-0.166587523788142,0.00852213139377809,0.271351645507485,-0.0423666800572553,-0.143460583603126,-0.0310744678542641,0.0305865680116344,-0.0297070229649315,0.0488834400392038,-0.0937730444305884,-0.058415061949307,-0.104146022012952,-0.0749690644257963,0.0168460019966804,0.0604375264094522,0.0343873486456309,0.0656713323126795,-0.270526041947075,-0.197163545459439,0.0445144775535167,-0.0495701047527179,0.157887403112833,0.109287925579764,-0.0949730941960978,-0.0797543360193746,-0.0742152461123197,-0.0707943499914056,-0.0624319735412959,0.0538349269104678,0.0071141502770594,0.0220370339062972,-0.0720807363753599,-0.134843783148591,-0.0164177362615933,-0.311293405058062,-0.187109136802557,-0.118175172016869,0.0180169186605037,-0.184760483950456,-0.0989131938043575,-0.175650112425697,-0.073260792742619,-0.0957897818060667,-0.0309235247421208,0.00707135015119869,-0.0944335781797301,0.128977417399807,0.10621443095159,0.110724201140914,0.20254852464312,-0.226373778774701,-0.0920703119780567,0.030120985358054,0.0859664811477756,0.0665825093178712,-0.0206226522884304,-0.18047854084861,-0.0570117887875719,-0.0303103827542007,-0.0794077797750674,-0.0514820118068945,0.026797479541695,-0.000563163579646159,0.0378714857569063,-0.214369191729449,0.00656379627940793,0.000512496961569249,-0.080442613047,-0.124871210378363,-0.00971317503635466,-0.191187527042188,-0.112006739142181,0.0730278519196703,-0.0683523373791835,-0.14117997716104,0.0308464145952318,-0.0944988077851834,-0.158428945669382,-0.0359834198840745,0.091310932158021,-0.00462221029086635,-0.0336277420291187,-0.123908209736417,0.0191185941284281,0.0995721573101079,0.153883143852238,-0.0737226660478477,0.0231449251798838,0.151631935704399,0.125585788640495,0.11423028375085,0.043212084114048,0.032221071282033,0.0268585518460469,0.0809252657062238,0.173920257793891,-0.00436841728505205,0.203374552506159,-0.145312125650979,0.0374846399947705,-0.0324848509521078,0.0557587781325404,-0.0336809633630286,-0.108324786263197,-0.0507419550547207,0.0394550340323306,-0.199871474822439,0.00509468573258682,0.124312022579976,-0.019576786925675,-0.0869737390504488,-0.232988328997691,-0.030701279613891,0.109720241993388,-0.073048494283896,-0.229625617877935,-0.046610211942414,0.147186691005471,0.145926587792931,-0.00839917951777502,-0.0564780486148233,-0.0473048943345899,-0.00129197897281929,0.149133281106847,0.0895684663084008,-0.0692621081047283,0.168493427504797,-0.0153724633385506,0.0170324921112437,-0.261612957696409,0.0366920346537987,-0.080967247667375,-0.126141440503021,-0.107005664795729,0.0715651212843895,-0.0875863596768439,0.0223529629167335,-0.186270048932308,-0.0589660796763385,-0.0986289596639812,0.0990773699881872,0.148079113005126,-0.019804567576416,0.155151095914866,0.00515449804134491,0.00215855025288438,0.108424040596838,-0.15695126144679,-0.17571518311632,0.0884915593733712,0.045037299549323,0.173262009238994,0.143749261946637,0.13617121622014,-0.0924779735203806,-0.0389399559347487,-0.0611710284135089,0.20277027548778,0.0024406702159131,0.13790266963077,-0.0739701427474579,-0.0721464627517768,0.244594154130204,0.0788021629103515,0.20185185794113,0.153109908650399,0.0189530657505965,0.0102904878256088,0.151920387105471,-0.0139145303944279,0.0685975471174961,-0.0791058683852057,-0.164684650104873,0.131446301624456,-0.0265390362361967,-0.0795625883832672,0.260341303975535,0.298900952073356,0.163419137571316,-0.0559341838031795,-0.131241510298513,-0.170178212620856,-0.0630466861770091,-0.16614235693915,0.184884638179707,-0.193581511534963,0.127006373001383,0.137770432909388,0.0475790695501948,0.0842320033661005,0.0195605289862962,-0.100753471801377,-0.0229650628790566,-0.0326825109986771,-0.00965136966236148,0.321485553066889,0.103400699853811,0.0312818812590312,0.216269715600133,-0.124299678655072,0.162051610220888,-0.0697126642508916,-0.0053194351755512,-0.0223039529724662,0.292483169398251,0.0278473503885844,0.0676729774218947,-0.0828827573241088,0.0860429134372364,0.166820679153488,0.0166359195541366,0.16104222775247,0.0370607669810083,0.070613424314088,-0.123676505872258,-0.075759367401364,0.161378104180977,0.136437505681104,-0.0576525775994992,-0.117927248655107,-0.0756823900234777,0.0961181829017353,-0.0512830703441066,0.0522782994063462,0.0384030674548921,-0.0833533492996686,0.021191159400587,0.180583169681234,0.0563276556698274,0.191270645358381,0.153236457178025,-0.0477517328161852,-0.202187860903924,-0.0504786850182285,-0.027048760337884,0.0676390958237334,0.127647749419919,0.0901331871078717,0.137374428850045
0.192438316938032,-0.133579360025076,-0.0123284236555839,-0.18351149857595,-0.0182609574784665,-0.0192825137186666,0.272745783967661,0.0158074267613205,-0.0732361730824603,0.0747804444135135,0.282013949192313,-0.0296918335455012,-0.0439663019054102,-0.099857259695582,-0.100575302189631,-0.0572995276937995,-0.0280850712974971,-0.0899171282477254,0.0407367776416681,-0.0731382040097633,-0.053474634841133,0.0195054821676348,0.00362748637243718,-0.0879411605756821,-0.11250695587032,-0.232900394009209,-0.155388336247359,-0.145184329443392,-0.220861744197994,-0.10520053800221,-0.102459720878963,0.143092396517421,0.160625342566728,-0.181665520463502,0.016928588763723,-0.259546410741979,-0.187089435418045,-0.0506689409194681,-0.303858617836568,-0.11019875317249,0.0918614670668391,-0.246787349046464,0.109027466637808,0.00992133891375967,-0.275940201918071,-0.19974785372394,-0.332939651442307,0.0841588534399914,-0.159336221871443,0.142588160011955,-0.0803895797440453,-0.00247294495456531,0.135716995050568,0.247900598653926,-0.0611026699998196,-0.317420379902531,-0.20112294475809,-0.253373208842785,-0.0387404200074887,-0.320257949996956,-0.281680949775749,-0.169009726665362,0.0802582637641305,-0.114128148689058,-0.265972548107161,-0.113431384963862,0.208666405851971,-0.0978385267127857,0.0240075692288682,0.158829567252957,0.00432213622650519,-0.108310047196139,-0.0297915210489666,0.102481891395258,0.0572479411794244,-0.034279652271577,-0.0593508376858927,0.114877693475029,-0.121303935007499,0.0154883690643306,0.0926494078820827,-0.291625977891817,-0.14593266589555,0.0249000515783752,0.074322307571431,-0.0262794866629037,-0.0729439283880418,0.156548620529422,-0.0755083763192462,-0.174606059686412,-0.151557525648472,-0.220855171270329,0.0403799701711683,0.23529064345262,0.150524213047838,0.180185877030163,0.0361167123152574,0.132089606457255,0.0351380268953805,-0.159346351884186,-0.0120627227218048,0.0415049923517499,0.159682385889942,0.0253194885934902,-0.0904472812546342,-0.0959873724232996,-0.199565228405691,-0.0663468275047529,0.11410578594582,0.0519922356487105,0.250262344016638,0.232647252106947,-0.0299802910310546,0.096180231602651,0.10504664587841,0.269616139967723,0.263918241610607,-0.0744641301204741,0.0589284083279414,0.118929106720756,0.18843375420542,0.0446117882118389,-0.253608571972104,-0.259867895357647,-0.0830805911898853,0.106149169360554,0.0611496930554194,0.188336102331558,0.0862055864140607,-0.149583977267191,-0.328091007758823,0.198415671866508,-0.00223502226055442,0.100806864934978,0.0762544672572624,0.122109006891931,0.0614108187903479,0.192952537128254,-0.127023324067924,-0.115721881335937,-0.323399472791158,-0.171892882656266,-0.148154662541101,0.0167349327897914,0.0707459039266934,-0.116025330873451,-0.0454543906165755,-0.052599880851133,-0.120685181947493,-0.105379621284645,-0.2402523440892,-0.000876957425106073,-0.054409634802883,0.0753374831573955,0.0571226272548192,0.183184889479719,0.142090836846021,-0.258729052098215,-0.0581861404633514,-0.0723078182832683,-0.0883401554943742,-0.284638475710247,-0.254965652320009,0.00745804957677751,-0.00996293004825715,-0.0909733600522334,-0.100222833881309,-0.136392711078685,-0.0598749493049297,0.0740431598301296,0.150015694940307,0.0719834098424274,0.108993720697822,0.1963313609427,-0.031574513826955,-0.0257562931608284,0.0052525589506302,-0.0525038394687909,0.0525062010762555,-0.125444164847034,0.0273307788154744,-0.0598316095319763,0.221053782007445,-0.070517686396351,-0.0869154998794653,-0.0567444294582401,-0.0440675628682244,0.0921676160018352,0.256151165870619,0.136378887282863,0.303490505731963,0.0370971080734246,0.0810706936405855,0.175639043654374,0.0201769989047499,-0.12256748232201,-0.176310613356822,-0.0295924672469422,0.0242522548944919,0.104771716505078,-0.11672794437226,0.00140458321665842,-0.196158560841603,0.0149124294514661,-0.00237615396779772,0.233427236844603,0.228587097807158,0.344760053149194,0.0201675377903871,0.146998615458374,0.234955036472712,-0.170840854663683,-0.353832110738943,-0.205159934202253,-0.190871334415986,0.0427876013900707,-0.0492271493461121,-0.122883612678849,-0.0421639872184054,0.0732262525998829,-0.229086478655398,0.00218746270580809,0.142227198687953,-0.121579695440746,-0.303278227773636,0.0147675674515678,0.00963192897816859,-0.0365981408629091,-0.0793194639528005,-0.074127770534735,0.148053230397428,-0.105111570864056,0.155560138747327,0.253910473687734,-0.0550027590313016,0.139784957375738,-0.222366383045805,0.0183338911599455,-0.185437922021376,-0.225936740569233,-0.0377700108930951,-0.0347086491902229,0.0696119265728667,0.13164651118524,0.151603675360583,0.131776523482752,0.378311814640481,0.0518764862235932,-0.019145382004015,-0.0560927890504907,0.0619022270952653,0.241929275314654,0.164154460075041,-0.218055716303175,0.0516904744984487,-0.225452297627377,-0.261545591413551,-0.169588886604149,-0.272684725936553,-0.141938514237844,0.231461740123674,-0.0534057297995097,-0.0296419702737712,0.236933703742686,0.0905916528713431,-0.182525226914354,0.0620736738412322,-0.144584504765751,-0.205159392638721,-0.063574514061498,-0.206028661420922,-0.308603476246396,-0.0624826883275842,-0.270608473724358,0.116116601553221,2.92761971632531e-05,0.0585283929063829,0.203433161627524,0.118685006343082,0.226812448940927,0.132511765788754,0.0652624292100799,-0.120781778644193,-0.0514428633605247,-0.14984603161082,-0.173202175387648,0.240264783695409,-0.0788069541888513,-0.173400254700154,-0.106276362409732,-0.128787697927885,0.0909512433375234,0.0230469907889871,0.105466103729585,0.146513761323046,-0.0365237061899747,-0.0974443786401289,-0.20611873488812,-0.104171900069404,0.199381643076353,-0.232382143473144,0.255759094358508,0.129064284138101,-0.143446525281436,-0.0478048597158937,-0.300344943987005,-0.0403649638834873,-0.212178832255893,-0.0860700634974738,0.00220303254516974,-0.0228344073903747,-0.0235355851276192,0.0556772849743024,0.0778140795125951,-0.0633359277082515,-0.12555312838017,-0.292968636540568,-0.0513709285597426,0.0332807371941974,-0.00186719187502424,-0.0637378176167888,-0.0672473233449728,0.0301691320386626,0.267536018214164,0.0840849537276087,0.0671946719910841,-0.156941871607018,0.0824811657096222,-0.137604465243332,-0.0205625826823303,0.141778937064819,-0.0562391282509262,0.187198907740424,-0.204039478987133,-0.070589582020152,-0.0159786391213119,-0.194572308272865,-0.0991708827014728,-0.104337474395079,0.211192929981007,0.106933959818087,-0.0640708903106842,-0.204068751617945,0.0504981289900361,0.155323091942539,0.184542941336509,-0.111017826102725,0.0546313161816098,-0.0154174944082022,0.10555491410211,-0.0652594789099474,-0.070253806959675,0.0946283772635901,0.178878278977968,0.190684830229232,0.0748948262894996,0.277144364743901,-0.0708933178100966,0.106391769747733,-0.0724070381649091,0.200211080516878,0.15639302221976,-0.219492271566815,-0.250624597577743,0.026545111780952,-0.185226995392199,-0.145613478977977,-0.34417373562481,0.035016415847176,0.110009606464665,0.121598537496658,-0.312132757766287,0.0816867705583654,0.0467605224524208,0.0696666585669832,-0.0578406049857411,-0.0352643456102043,0.0577357819784242,0.0344928679002737,-0.0605655746048733,-0.115149918081833,0.00501063905286633,-0.0517233109153689,-0.302938374024569,-0.270988844665771,0.169873625325493,0.0134201904304451,-0.304320612480847,0.0454382904093871,0.081460872685553,0.0509036657824138,-0.13990761421564,-0.176619014308103,-0.0774963492492498,0.0614150985509217,-0.372600500282004,-0.0451628671983675,0.0379184948677868,0.0453073237403698,-0.0613577688220176,-0.163245814497678,-0.111345548417112,0.0915524161383039,-0.255710726472348,-0.241224387021313,0.0202481505874508,0.050873877525302,-0.0511738480108164,0.0423285963828287,-0.25524553454847,-0.354799310015026,-0.0563765447569144,-0.0546789340882421,-0.0236378732636195,0.0258819343563988,-0.0327100531501843,-0.176029579160687,0.030074097632584,-0.0719762638374544,0.0152547730651353,0.180840496734126,-0.0195590613970972,0.195380784763389,-0.131147907404361,0.147684187385962,0.0819089071953759,-0.0396918180665338,0.008644767085921,0.170937687348189,-0.0671140047425696,-0.0162031675898335,-0.0722988832894653,0.031250215576758,0.0602577032478198,-0.0856365439618783,0.0982073473330797,0.122398544071954,0.0859324639679523,0.0666620851482027,-0.17842414609214,-0.136256837265575,-0.177624085248456,0.00126031357989564,-0.168613077380337,-0.0452802481693835,0.159302146367393,0.0796013463733943,0.0644298524296314,-0.129377778153095,0.168205195387654,-0.0668001485560642,-0.0885402715415087,-0.120699940342573,-0.148987749202703,-0.0118292533411646,0.109190694669035,0.0188301884683377,-0.000867620878398756,-0.0797816083807655,-0.0914494052534499,-0.0771455631075544,0.209491590499099,-0.131894791026764,-0.0962538128913538,0.0531723536487318,0.263228710244326,0.0130069164497705,0.0412439307537724,-0.151843880789517,-0.0946081770916253,-0.187130176243962,-0.0655330440544684,-0.0410333526185728,-0.078622059512768,0.0762673966155718,-0.101445637254706,0.164923146841132,-8.81723390536091e-05,0.0909673185494451,0.199168040455702,-0.147178455203027,0.130198375099259,-0.168983850870376,-0.0188268676137618,0.00658987741423539,-0.285955301929838,0.346328583361151,0.0765650508607773,0.0857396804258286,-0.0769252242081338,0.196876572724989,0.162077612202099,0.151513439627548,0.115465920408176,0.159846664732781,0.0318580650776546,0.18817562579409,0.0968622614681059,0.0103476437535517,0.101898605891064,0.0920914777683589,0.247735706293716,-0.320418029683148,0.0524298416718587,0.0924574240823648,-0.0233745408602872,0.0564331463163532,0.0962152596991049,-0.0861242542775932,-0.0895691011727832,-0.0525857876857558,0.0736427777815477,-0.238008827317707,-0.170112196874903,-0.0144440118610884,0.164990389744409,-0.262233273579243,0.0178050492658553,0.0831235970927032,0.194690690317783,-0.0835529045302665,0.193227694686546,-0.330157312782674,-0.325055793647698,0.0649573919367088,-0.113644909163018,-0.0873827544109669,0.0804119769405596,-0.176227363305642,0.0206927395307617,-0.026141326327008,0.445901489361947,0.00270280995886137,-0.12551332685856,-0.00345036130336403,0.241978702234733,0.198543292047559,-0.0209762574872069,-0.146652504886267,-0.17906578777216,-0.136119337195825,0.0556125717510703,0.0683507966565468,0.121585291496737,0.0198723874936299,-0.0814188292228484,-0.162600606506899,-0.0859531489538222,0.145608760030833,-0.0654190636992369,-0.0231442509927046,-0.0617087755447413,-0.274664471217428,-0.223613407959454,-0.188294503667892,-0.211083289947925,0.183409686135294,0.144036229314073,0.0974193019689454,0.109442265784931,-0.2171974914931,-0.153296517151036,-0.0334169718574906,-0.431874793136688,-0.247909471512969,-0.20159131931432,0.0911936739271259,-0.148384316442907,0.00813331985752423,-0.159859463974274,0.00383872205676515,0.0582369058978675,0.0568583381938828,-0.218405035026683,-0.126452607228324,0.21096142878875,0.117244134104603,0.149430307086516,-0.242791703075684,-0.27859772123504,-0.0282003390043874,0.135776569146004,0.129542621196739,0.128461600278619,0.0503857047677218,0.0580279628612439,0.0408898943200717,0.349952537019334,-0.19581584711923,0.0217570997596376,-0.0637243278876893,-0.110206012193241,0.213041053181077,-0.112999354802374,-0.00877611049325436,-0.105082296169595,-0.147456938731759,-0.339723982975237,-0.215921665495829,-0.118280011641395,-0.111341885984761,0.0880760409359501,0.203374585109993,0.152670612400083,0.23576739404429,0.204136517701799,0.0770827394054451,0.0882957493586212,-0.0151793655869036,-0.0409669085402911,-0.152009364838479,-0.0505829612195231,0.0479808269787244,-0.00206859221880177,-0.186594612105337,-0.060419735645131,0.0821867899477305,0.0317010804694137,0.225556515591511,-0.0229993721147845,0.0454065411231471,-0.0291833645730752,0.357173201967542,0.014648960731283,0.203098421873891,0.029310661906838,-0.113509770014782,-0.288470692239452,-0.0786654785092824,0.0635089723988048,-0.00915763496125672,0.214368444473491,0.0977759810513371,0.0917831274917247,0.321018304934692,-0.19133088557837,0.0250525804146359,0.171649503201153,-0.219638050600588,-0.352963274965606,-0.133140087022389,0.126657219146693,-0.121219113257745,-0.288372496977186,-0.0224334078560362,-0.00494811617304199,-0.0323947129724836,0.142365634776417,-0.202208108694406,-0.206806130942797,-0.304203790904421,-0.0160031243790652,-0.282025324344445,0.139384412803354,0.0765816076871953,0.020404866742766,0.140518889674138,-0.0541577500657102,0.0029359596361897,-0.0114741241544615,-0.048083330153,-0.238262245891627,0.0395410385906245,0.0916463594556343,0.0214689883097807,0.0235469203965475,-0.108924690123733,-0.129284627113681,-0.129021057691907,0.0434701508688913,0.139104488386259,-0.0691029063750766,0.10688634962347,-0.0557796431977515,-0.0967998152492937,0.0138244452911031,-0.0778955910896292,-0.107421490738087,0.0663547045604138,0.00307934202194411,0.213343099043503,0.31729650185709,0.0776394329251387,-0.182092326359762,-0.0784801286637699,0.02834440988307,0.165289219585055,0.109476418311515,0.0866408009301219,0.0336662869718141,-0.106806331492477,0.0831914800681885,0.176354099747418,0.108154506677547,0.00406635084621521,-0.20952769412992,0.0813305107065625,0.0410537711285914,-0.0394707524094346,-0.0541050993226229,-0.141299059069834,-0.240224708537745,0.00597994154188786,0.0501651847025541,-0.123341406495216,-0.086758025654358,0.0378656183112296,-0.0238920767496475,-0.14382600276769,-0.226828471689364,-0.202264471973841,-0.197823056251924,0.0900925371250834,0.110862802643796,0.0716583550653593,-0.0854250272195515,0.0736055358673103,0.20110450488981,0.047332000287956,0.289960794626991,-0.0846766563855802,-0.0605648506128541,-0.0495350976254575,-0.0315898508953944,0.116871986853873,-0.0349145933445764,0.0503080975173808,0.0658142312785081,-0.142683505420125,0.146402708558956,-0.18660171187779,-0.330039342618708,-0.168901629685642,0.291793791507762,0.00626817392078102,-0.104877456311772,-0.0664155240597657,0.137550051872504,-0.0228504064689937,-0.05568531921636,-0.0772396021698188,-0.00897030494817869,0.122596180946579,0.189222542202171,0.106770535762974,0.111079219210804,0.110536966499168,-0.0413912965393262,-0.132859036916867,-0.16131456358819,0.0376112853434865,0.0910428702439315,0.408707845863789,0.274787485258792,0.16907863283169,-0.0484753784898578,0.445443314471138,0.185579654341567,-0.00429440865656322,0.0314584555362259,-0.121490973653172,-0.280397514854881,-0.0144026847775932,-0.130740390523665,-0.00904658950748554,0.137982965700404,0.0139151486494411,-0.0216452924379693
-0.217852129079166,-0.137303583438384,0.0347043939640715,0.419701167638047,-0.0302960674151141,-0.030227117305834,-0.331746433275392,-0.252822366925005,0.173411922835676,-0.139323241910843,-0.227291319530256,-0.0148486898875926,0.277065365664435,0.195674252266372,0.638083679966186,0.0755511256653999,-0.147367563213022,-0.127448781848378,0.430681583808752,-0.154390025284764,-0.168262961778653,-0.0972889723923746,0.0440856028863204,-0.0162349307101937,0.283392679223509,0.309018780849285,0.111685193777805,0.188267622276839,0.754344005636186,0.248924909948699,0.294355283146318,-0.505088195030127,-0.250631167309602,-0.134821179266362,0.0463594512514113,0.24685891563756,0.531016562383025,0.200984961993152,0.385125986252782,0.319326636029823,0.120799552343802,0.152806579689453,-0.287267199231568,-0.0874921793073836,0.317885936201354,0.341828426558664,0.520447247807409,0.0561344594071545,-0.0102517130559397,0.00330482383000197,0.231913946115483,-0.130941015920267,0.150942769886125,-0.0604314762125389,0.0422828340827062,0.383667543745847,0.268539570901335,0.565023029511311,0.223462280486696,0.354344143968004,0.413298135275902,0.154424204301099,0.30715138379748,0.0084400415882646,0.0953465814504247,0.327062733448633,-0.0901508712296954,-0.0707574765551028,-0.318762780643392,-0.0667578349193886,0.0102723954055272,-0.22371317491227,0.486241090032523,0.0718170610028334,-0.240705326498796,0.000875015834199563,-0.151733626351661,-0.188161587724403,0.0687010746414059,-0.0194691869036615,0.0272037640445607,0.118711307337707,0.103576685300176,0.0119090159027377,-0.0540201176887824,-0.177789880624513,-0.420741822747234,-0.272311235119745,0.0773022204600569,-0.0286204548072901,0.598412427008518,0.0894734638526582,-0.211447759196838,-0.266587424414824,0.0199826299601985,-0.201601517021027,-0.025302187440261,-0.443562138698328,-0.44378770675686,0.163622380794408,0.128684486931432,-0.0306729048442309,-0.0737598624754943,-0.0671233283486021,0.0802001048812338,0.248604186065696,0.482909638262814,0.417927810129048,0.190971801453108,-0.0159700521363067,-0.315120131538434,-0.388174012146362,-0.109437985918946,0.0689992035852385,-0.0447244056575032,-0.426774496901708,-0.154782212362087,-0.213714843234546,-0.211822508178591,-0.401104992317563,-0.430213854049581,-0.412098410036448,0.171865772983269,0.188229234351476,0.0260863258200764,-0.221588787409263,0.124080315555694,-0.137864502527602,-0.0383522110224613,-0.1614833944266,0.496319770119077,-0.251769593485709,0.138242342454524,-0.133293637272239,-0.105443107268022,-0.219412386408756,-0.205323461722896,-0.0894503428932471,0.0980472537482512,0.32037556062031,0.350172648517732,0.509657491789152,0.393994325356753,0.0774910880242366,0.0320774909895158,0.144363800160974,-0.0196541890490694,0.202432430235388,0.127323133777115,0.240741789694378,0.220106555360988,0.0208478264308338,0.237937812905467,0.16999582498034,0.0394083761023081,-0.355247839890828,0.00764256372225888,0.036741316127575,-0.0715017745957907,0.30012302211061,0.137142054510988,0.273734657779796,0.357075488019949,0.0399174474557124,0.117179824102889,0.118724314589015,-0.0988075447175453,0.356512744167281,0.0612566572614303,-0.392605730744248,-0.0905913988216276,-0.294043985540376,-0.204830981235748,-0.396203612276166,-0.416634739116878,0.170711606114116,-0.189807453451897,-0.0694147827710537,0.332135780207694,0.319498739338635,-0.05400676336269,-0.275254655260191,-0.0882375706893668,-0.0186890086806264,0.217437327466959,-0.158779908064245,-0.245833139547067,0.177486623270566,-0.497561777830821,-0.305627727087934,-0.259073616827124,-0.0284744925749237,0.0617632158958827,-0.367359428242433,-0.315974571483353,0.120410713681003,0.00621072203216293,-0.0621993540598876,-0.15881954020987,0.215643507410865,-0.0368920349175821,0.104492108811224,0.28260659445413,0.177677622496933,-0.447931862649027,-0.0910408806868464,-0.421248122613212,-0.450028218388919,-0.0637418249168502,0.178962686806126,-0.209030531209902,0.317472803980664,0.671070826592538,0.322268496079685,0.347420115988847,0.257658021807521,-0.101806240116436,0.283736993666608,-0.257671298854996,-0.0247774460260078,0.122158313326672,0.142051030886975,0.140992755404091,0.288972976424206,0.541153152059943,0.0925077851801251,0.388654730926007,-0.0824979739807121,0.272681706610984,0.0141761558359268,-0.166036788796548,-0.170564686349268,0.0988876003382977,-0.701379817812972,-0.267682379082486,0.0108972453407454,0.0800946298718617,0.136082089882944,0.646357046330018,0.486830981825641,0.243943299795346,0.247142808708855,-0.189218607359019,-0.151431408726502,-0.396844637294985,-0.117319736360698,-0.522965596092112,0.13392043290786,-0.0473356725286471,0.0268898522524253,-0.0605868474184112,-0.124470999191143,-0.283746078291891,0.135544363509664,0.0716286376228755,0.117427081987863,0.428898030204686,0.378077621879736,0.579913974320949,0.128940960925618,-0.17338879457753,-0.0962572249136671,-0.331968502884622,-0.279142891927187,0.156519540272737,0.0587348636345506,0.0261318152976918,-0.198276735883249,0.121109722113388,0.00161760503409672,0.810737726692512,0.608014141028243,0.272954185651511,0.374204608951694,0.00611777260826263,0.0127097911339034,-0.167160262028922,-0.351212038917677,-0.149572742990841,-0.271032312186066,-0.242945872163313,-0.341027820678599,-0.113113688133973,0.294634570525001,0.355896130164165,0.0682059142621567,-0.225693613696153,-0.115406046678679,0.117085049312635,0.408538094223819,0.420078717493182,-0.376617920558859,-0.204210415997739,-0.171084818904202,-0.298718263951613,0.110529309015574,0.304752355607752,-0.0472960516537197,0.197480756281822,-0.15719512126418,0.382915616059157,0.115749844928224,0.323384763561834,0.380879445157221,-0.189432552992683,0.478304295705365,0.362742121432439,0.220189242846874,-0.164868684951958,0.106744442760851,0.237481101325485,-0.0503226240781109,-0.0466171621304693,-0.159992586726317,0.244822351578783,0.00961188771857457,0.358877681642987,0.100457477041157,0.105563760858327,-0.0912592409769344,0.142327651560138,-0.0299302919121533,-0.0790085396305419,-0.59859637366239,-0.720835511482681,-0.168109342187085,-0.0215512300402453,-0.0261388263553311,0.0814178999386934,-0.227891459769297,-0.172078549462539,-0.0835071119438141,-0.264795804608066,0.131394586353538,0.289233050245884,0.00168330406658472,0.27111066099683,0.251251566173123,0.195516426191673,-0.263518184686748,-0.286634854007138,-0.0755859632137476,0.161450903538695,0.195508788733803,-0.272738870912326,-0.183841304070141,-0.155749267182478,0.268880559668647,0.394358179306674,-0.307535199085407,0.00165455007275671,0.128292266000662,0.00676441897474504,-0.0956793535600328,-0.55873950426788,-0.449961988109466,-0.481846780023282,0.115293914654235,-0.0303269328757389,-0.000221374999323946,-0.342851764146202,-0.0620710359740272,0.390006389623147,0.126327963460111,-0.093728934527068,0.567963584412634,0.233036347509801,0.551035937589217,0.29143966638192,-0.15174744932712,0.085938884251968,0.451429233846359,-0.00978761628889514,-0.295814803308078,-0.0703556759635627,-0.0136805470545117,0.0724328650249037,-0.405331707348544,-0.163575335344558,0.202582538441258,0.0520276966483161,0.192929724566692,0.241343961694377,0.428742540418259,0.207990514172724,-0.00561584534083112,0.107252769441919,0.202549013599631,-0.154030178327645,0.109474372474621,0.269316122438289,0.218330422452778,0.251682886810157,0.27968047512062,0.289939002191324,0.775680298270583,0.395176002842845,0.13735639913684,-0.136039511088902,0.247243598128319,0.0830246903108839,0.209632303968126,0.0912781029664617,0.175692610537999,0.131004118492071,-0.0341573850104182,-0.430344514667436,0.0572045564124088,0.146594294850399,0.290690151046377,0.456569775745104,0.516406102093052,0.043831792317796,-0.149829892745646,0.226335970174761,0.222954611102537,0.263865348250643,0.259939188706724,0.00416319854723716,0.0463026384932529,-0.211184313912642,-0.171508912896682,-0.376319615233559,-0.131522051701572,-0.139302217230295,-0.21996034730417,-0.0742712590974069,-0.334378021866624,-0.403017061179008,-0.0036800345412855,-0.407424217245054,0.050442069574821,0.0726583063298373,-0.214525398180553,0.0597003734589637,0.0954977865314973,0.0185086855469743,-0.159340988820892,0.19236114869311,0.433460013821488,-0.0336896837574493,0.152836296677887,0.342107593273713,0.185504308344115,-0.0114586324237872,-0.213941267481614,-0.334584150782099,0.0291243414335494,0.0760302973879128,0.123973803537305,0.359999035952917,0.248326213846487,0.256101894797101,0.0146479281567054,0.0438079966142624,-0.469572482694115,-0.272071525268969,-0.246918871209626,0.0505736853471467,0.21603529419054,0.303753864325579,-0.133802835496965,0.231222781380658,-0.0377215258684228,-0.196314079102937,-0.413619663557483,0.0357438918058108,0.100633920927826,0.215605652502738,0.190194805431626,0.111802688991214,0.110564934275778,-0.0286254839834661,-0.0406243770694113,-0.175566282147181,-0.165764920127342,-0.353755967577797,-0.0899307100530779,-0.139451276435932,-0.364054736055613,0.245966747399002,-0.318490032010116,0.317288755455567,0.19661846974784,0.160194367712366,0.455070231966592,-0.551157728251183,-0.265889555629229,-0.13970601449017,0.0666555896805804,-0.263753566863617,-0.379320943854621,-0.251451761401832,-0.370974786512583,-0.141308892512993,-0.0902836303228772,-0.217232054977864,-0.101675249492061,0.0925728851393952,-0.10415919668436,-0.311129911225155,-0.38553928037668,0.101213740744589,-0.0293504632651049,-0.156811974171995,-0.254534499373597,0.286875717147562,-0.164914480656442,0.137353609097774,0.489764706568548,0.152769131738334,-0.0823833964164245,0.308859894895483,-0.115535499466015,0.139135152588847,-0.0704399857565658,-0.15174558890812,0.132134448280169,-0.159322110088419,0.0640620832139938,-0.216422877156227,-0.0725659913810066,0.419669264268874,0.368306800789199,-0.0614770522369161,-0.0845439046896101,-0.221534915160232,0.0367732768651964,-0.0175497961639342,-0.00889811642542213,-0.0579371119545566,-0.720529613478931,-0.305521282429549,0.249022459265717,0.259588446230379,-0.166502455744981,-0.0575445680527468,-0.180344627011696,0.45459860038799,0.3058139624762,0.445201234823016,0.240420377862165,-0.372579469128808,0.136281528653696,0.166417851354207,0.393883916818668,0.355948983727156,0.223402842229474,-0.0997443647857792,0.0691178375383396,0.225928701488239,0.321476400124163,0.383468511735777,0.399355996650392,0.352912828497182,0.0901798359279165,-0.110520001963523,-0.113228276039485,-0.343883171690911,-0.110362683472289,0.199385137056166,-0.156551547895083,0.0720043624347389,0.885204969915687,0.472425009847655,0.100799908267548,-0.0481977685741794,0.0999150579886352,-0.188749768687558,0.118327528273201,-0.157042625617598,0.00367713299006099,-0.280111268432312,0.0153859644156878,0.112368850590022,-0.621979038297277,-0.448977720406756,-0.281385345075057,-0.0919163061565506,0.071419527325381,-0.04308556950161,-0.378265950887526,-0.26857370102459,-0.177828507098778,-0.224204835336451,-0.0399898192669934,-0.15194618460791,-0.270182743331325,0.0854822748077361,-0.0445741544948334,0.0292646056465802,-0.227861260087078,-0.154863531818806,0.370317894081345,-0.201012170139157,0.083241590806021,0.367338489723209,0.19842845980318,0.28267430258259,0.391828691841808,0.153348400005295,-0.316789875458511,0.0360681701688835,-0.21865275594853,-0.424621694581333,-0.292331157049227,-0.101903578671179,-0.10384885576942,-0.0102131401265088,0.262936409553821,0.418355188136857,0.128336640921822,-0.348558760386285,-0.0144019668874199,0.0815369687210208,0.0273662174747097,-0.310510860110879,-0.333767432826686,-0.0938293387478689,-0.172134618198246,-0.288705875515934,0.194677936716777,-0.328087454068535,-0.141800798753369,-0.394560282158753,0.23947347265966,-0.331693609974138,0.138737373041393,0.0921431067035497,0.0165477612759787,-0.165206047838788,-0.127735106027345,-0.441266130506909,-0.482476972555604,-0.130943135288781,0.368371768776759,-0.0799166021529828,-0.297193907465072,-0.0933043126489261,0.54266500598563,0.617834528659057,0.0870692244430639,0.162275843684789,0.29940435573441,-0.198880603505413,0.179640559065564,-0.184601733363659,-0.136492591559398,0.045576170916077,0.575177953640937,0.31267633334238,-0.01156477228122,-0.0167279077413426,-0.387614405633917,0.105335441749197,0.0330585527766342,-0.0693197635312266,0.0661945687286728,0.305200776537005,0.123625408580655,0.190939192220135,0.64532475404924,-0.0420157271997784,0.0545821086247542,-0.223834555372945,-0.111248946383452,0.106303007623711,-0.0117258933905847,0.235075517406044,-0.0596358923103167,-0.57730222762911,0.0456453519713296,-0.380597681272835,-0.0783619415639104,-0.00608628091496468,-0.0471907337599275,0.103480661955245,0.304448763050243,-0.0954450735489306,-0.296156095750846,-0.545182239315142,-0.254325356783548,-0.274193580136469,0.0599614060611456,-0.0924675024483422,-0.143688210835256,-0.193644203311264,-0.253807609080809,0.0294806876491914,0.0389444530159632,0.240160996248903,-0.14597794667934,0.0141168463230718,-0.289680548840067,0.0448548994056404,0.162227097230587,-0.236430245320193,-0.265303982073005,0.0113753198259127,0.288971975159203,0.317005597992713,0.317443497524242,0.105887433993052,-0.19289107885564,0.348821432246694,0.00406460348020055,-0.216648316644504,-0.260887986755185,0.317843565545926,0.625226317213009,0.615519273204674,0.364891172986146,-0.124646219626697,-0.534798972959985,0.106402098924661,0.0516527923086989,0.0267242835074739,-0.145613065697407,-0.332876951608931,-0.165538484865014,0.500874345951853,0.328065544485634,0.462454399655469,0.134435800366004,-0.392210702933409,0.0144861184041087,-0.130306390662873,-0.162763552907208,0.224593304868053,0.0680349121450283,0.223200383110319,0.230339371933142,0.10915966055592,-0.497726467185276,-0.208916931547942,0.168642026479028,-0.1634631567758,-0.260822378267955,0.023266657595564,0.102010228863657,0.275771676921082,-0.0812764442002625,-0.182559105965712,-0.345094252757907,-0.1614147506456,-0.576030491485381,-0.202021712584949,0.46155673169307,0.18374259884002,0.183237985222602,-0.100373298758164,-0.255606217653906,-0.493434369327307,-0.186827128322311,-0.243698223134891,0.0366267198476591,-0.476489702580049,-0.739661723500897,-0.374246409381136,-0.397974199289826,0.327040635143308,0.404454887699571,0.254641304252495,0.116166499429049,-0.0251656229045801,-0.209857470669614,0.0112598377264091,-0.169167712787032
-0.342784120092818,-0.0398951436595807,-0.196131353555382,0.181722707457346,0.0570577386250317,-0.0181319846337281,-0.309986637403301,0.0640448410287539,0.110211184168949,-0.0505196572252103,-0.0751642752541795,0.027389648563687,-0.0101450289505355,-0.0294952775859775,0.263104843371622,0.0958832535999724,-0.227624168332823,-0.0190839697163317,0.19275684871452,0.0558676459093053,-0.134045430675318,0.0652892227471421,-0.0251962455866804,0.179762343579737,0.147453727398646,0.269977794592206,0.213049012122163,0.106954745691138,0.301015408382125,0.27634939265406,0.291493861065138,-0.385070400304068,-0.393199631260525,-0.163605226427685,-0.000835932592601625,-0.0294067928181087,0.355460953833264,0.135386974880787,0.362535745307893,0.288515542202551,-0.000516474315597412,0.255702743303771,-0.105091506634578,-0.0397415119699924,-0.0189377224260115,0.0576838988822105,0.187697815959394,0.211947241971425,0.0416613771956361,0.0985805451963756,0.194343345790781,-0.153934538625844,-0.044563067170909,-0.0818250593998075,0.0885253041115184,0.49594880702944,0.0429666469182393,0.456987466388349,-0.00994225942574614,0.14489242926904,0.520253723226298,0.033809385830857,-0.0208472821387433,0.0534734065738346,0.114283284424607,0.236479786250794,0.0878227075119619,-0.108483183824502,0.132981165662006,-0.0530862015601027,-0.0502855810803939,-0.0866993947239138,0.113159432171962,-0.0305472885633845,-0.134378671877963,-0.0658426019464488,-0.188666984447042,-0.141358729139842,0.0647401886763674,0.0907229503415434,0.0235105951206601,0.369133421627319,-0.0174393039336909,-0.00939471111774621,-0.241616974886808,-0.0863733919306087,-0.218837089238032,-0.0275111342326309,0.0642869268398478,-0.062159667617965,0.303131290911217,-0.0567081926757664,-0.250964483139429,-0.331905019997162,-0.120927479245224,-0.168954239858287,0.111138869930245,-0.407584952174536,-0.249429626450484,0.28785243719876,0.0141472685589388,0.067330862384185,-0.189406538064098,-0.104087729808913,0.192995610269521,0.249734425823659,0.273805437214721,0.130902501011189,-0.0350048841491855,0.0444028710792637,-0.0285604491046308,-0.00618469034930474,0.0428631405550107,0.11305665674833,0.0156816239603868,-0.284482521197429,-0.17078315304007,-0.00685326243651481,-0.00215698283225128,-0.40307009647874,-0.358961971034648,0.0264763894715892,0.0332563510861675,0.0213006427182205,-0.0256877655607538,-0.188291454591397,0.0138092738041438,-0.0186625501916959,0.017485750795954,-0.229598896900863,0.475809930180259,-0.0420246249248683,0.0624537911149583,-0.135439174789768,-0.0573916730730526,-0.29742824995888,-0.198964036839,-0.0311069829368381,0.172495096250655,-0.0199170624057148,0.315213480285836,0.218616661470583,0.211006211422342,-0.0998193431869454,-0.126164686291345,0.104166547705556,-0.00691449962145807,0.226222943267756,0.0372097210035992,0.140779621647773,-0.101898577168839,0.216714710019874,0.0698427156910422,-0.182527459481595,0.0671702030821121,-0.0956056418384691,-0.013785119238175,0.104878633865002,-0.145103499749582,0.180271459278875,-0.185531433364069,0.168095241648639,0.146332635383301,-0.112903582546726,0.154049273736312,0.124199786303063,-0.0363518667066843,0.209008877538325,-0.0105734604048238,-0.160177584545208,-0.0160440640963146,-0.218788962373942,-0.257662102009182,-0.407808545844947,-0.195548123288324,0.0960221120545377,-0.149708206579181,0.0483040767967068,0.169381718510396,0.0205487857029221,-0.158138439602028,-0.185593112017055,-0.0938396093244466,-0.120522011335005,0.224824155238498,-0.134295526875676,-0.126653678371481,0.0776591702164611,-0.4144267622519,-0.155168938855245,-0.28551601976658,-0.0495142827625729,0.074404237680712,-0.307020532923262,-0.150704642129556,0.123739351599011,-0.0612142352254761,0.0903149818333142,-0.172816319243935,-0.020950189750678,0.0643207387146696,0.0433648478135854,0.0944601669399075,0.00983388989335094,-0.271392378161728,-0.0289446400577238,-0.0543760571061489,-0.173610007746892,-0.0879566927190872,0.00447831719975926,0.100890826912607,0.0993729574795547,0.337484302240252,0.245068055162258,0.186262356928594,-0.178760081210085,0.131730619976835,0.0420165724186631,0.0442020914075939,-0.0410406583954547,0.235391982094018,0.0342779169219909,-0.0035366945131382,0.256604253681866,0.366140731075212,0.144979099859224,0.198316571895694,-0.247014924593911,0.211524138595062,-0.0474357694266666,0.104026407005556,-0.0321706383922988,-0.0179037111063913,-0.270778080920308,-0.0657725787902209,0.0776935019259319,0.116322963249646,0.0135686399741785,0.245395060062652,0.269127537127193,0.271599756989697,-0.0550116604885782,0.13173922230127,-0.00763828476467512,-0.230803487707284,-0.249338593688881,-0.285655365015808,-0.0220807675912885,0.234863432752605,0.116995359832164,0.010759524340405,-0.172593027475324,-0.00983701728665815,-0.00927634884242655,0.0129029865330914,0.0630807609541764,0.00325282299457488,0.102293269285913,0.241536042018085,0.109116250639887,-0.114203102742946,-0.0322782120482355,-0.0946306566635963,-0.0625349424509381,-0.0621863412418252,0.0977462127901603,-0.0527482970378073,-0.0442330496518713,0.082795550553626,-0.0514921819406543,0.549187645905073,0.435278252024467,0.0186339084615383,0.364914325959454,0.0113558972725722,0.154323785769642,-0.0309361951442806,-0.212140528928523,-0.130248418851655,-0.304707572360793,-0.0655964932229585,-0.270483189166309,-0.0969671369610386,0.249948687964665,0.0859818519420972,-0.114915435449259,-0.142396539530185,-0.0348516784648381,-0.0107510607514088,0.249173850779405,0.195548622525247,-0.12090312652726,-0.216449303136933,-0.230089551529257,-0.205749702128878,-0.0915997195541475,0.351309089232956,0.12945933256058,0.088751020955919,-0.0533502301029602,0.140071697939163,-0.0201630767430041,-0.0468165655068069,0.324598028922947,0.0333344964794527,0.368855305206807,0.188735946234947,0.151045251105941,-0.0447279669926691,0.0403504054563567,0.0213371786240978,0.00151899087273679,0.037255277267924,-0.199685890051938,0.0456043676120544,0.204336563568609,0.252935797727124,0.0525003203271049,0.104956810417126,0.103598375690314,0.0648355138669038,0.0949113545716987,-0.0812317856878444,-0.356633323859965,-0.314075302376274,-0.290143902768146,0.0239112995458685,-0.142684526339903,-0.115774667379508,-0.0957489777283344,-0.117440415291911,-0.0715197153527651,-0.152594292071637,0.140713825369884,0.251886640649409,-0.000515882538235576,0.468979525615747,0.171454640691296,-0.148226657041126,-0.0910488365845718,-0.0895128716453711,-0.0852854124805773,0.215640006877276,-0.00549153113341402,0.013528152389331,0.0910340804824166,-0.0689845184979074,0.123330576462369,0.259111777035298,-0.202926025131005,-0.119776736568164,0.174673507545148,0.0163381248245401,-0.230812834305835,0.010857977442649,-0.227246180080537,-0.412308461167957,-0.126893622601404,-0.308344587993111,-0.0351833956516603,-0.189599101023385,-0.29643995923471,0.263793957322406,0.191460367697619,0.146645520484823,0.416466570557268,0.317863416692019,0.139074111078407,0.0148247996358661,-0.207938230896417,0.0400185611516466,0.213889902656708,-0.0483240526872523,-0.220470756221169,0.0169172309329711,0.00857832635875979,0.0680290498115334,-0.264569614732899,-0.101237026504982,0.136555784021892,0.0591873544236342,0.0996523100552774,-0.0228921419466986,0.353581886987137,0.234929394054733,-0.0814794600417705,-0.0323801029108588,0.337694522565649,0.108829999949891,0.0933867980597984,-0.178472645287658,0.107944978283825,0.156561139174316,0.367444030095637,0.0804433391770344,0.306375525911073,0.281213918765232,0.179828507472717,-0.0630217645417153,0.000998512896436196,0.120336768290272,0.0489248711577862,-0.0714032060674423,0.0784081070938719,0.135219897709667,0.0224395877635969,-0.0768156853444299,0.0124155219696173,0.128942476050931,0.101106039889398,0.243857448781039,0.0799118201424556,0.0971293032117555,-0.15095772215381,-0.0305094440329786,-0.0153391609281915,0.136386849600759,0.0660868575591137,0.0521280101684886,0.000255439624426312,-0.213546451615826,-0.0184492738019977,-0.318794644429318,-0.0627413039347674,-0.00267511089340957,-0.197898263075233,0.148864974988753,-0.118101150403035,-0.181914692836548,-0.0334784508844206,-0.135362124250273,-0.121896592320934,-0.0116168532392239,0.0364209827264462,-0.047860788349568,-0.084751830392249,-0.0363973815457787,-0.092194392995618,0.0706622599864157,0.240230659904283,-0.0205141656899858,0.215189438844425,0.111174467401677,0.0451952038605044,-0.0751614677128055,-0.323000916404114,-0.170351015502148,-0.177358243292555,-0.00678506494234708,-0.109848875209982,0.340266109934759,0.2810079784232,0.158471928217541,0.0318580242007523,0.0318637752868086,-0.0796293827237781,-0.188763573244382,0.0356184019269812,0.00661286713322892,0.20598149679174,0.18181973801892,0.00883594581046541,0.178238124221658,0.0665799637273326,-0.032650420358679,-0.457338824912227,-0.113134347997328,0.133215865134988,0.321122938030353,0.122422260549346,0.141495064018528,0.0800530213953999,0.0848636656351748,-0.0570734908337494,-0.189804042497491,0.135788197495183,-0.125952915453639,-0.206841856073085,-0.305406615673462,-0.393978278956946,0.115157704778332,-0.0350818013410404,0.191799603428285,-0.00522483043389894,0.303886680763087,0.500698238433681,-0.32925077078798,-0.11964081979581,-0.192456068860359,0.0487802460615588,-0.233309480215741,-0.25570593242673,0.0488927468692256,-0.187425764183035,-0.254481336462695,-0.00622170799179528,-0.118204374030862,-0.108397336687903,0.198489689430137,-0.0796986415755987,-0.0240843993121964,-0.41892063123302,0.0828498507965872,-0.0734227122538823,-0.138655019905534,0.037781463510692,0.263869601109114,0.0524073918819965,0.0317402768111166,0.191823250686744,0.30873975936993,-0.142063806051133,0.206870743977388,-0.0625014580617711,0.0375735170995852,-0.14068435421148,-0.20127337905838,-0.0223466155146197,-0.0366678373430158,-0.087509771852386,-0.0472733908426703,0.0759516312633539,0.150465104385207,0.0484898203201121,0.0921725377567782,0.0682138405396717,-0.131485568497766,-0.0893088304652443,0.0411238390203552,-0.05513275904835,-0.105623330998209,-0.399315780065591,-0.126640298598492,0.202536143221931,0.111816060703308,-0.144826900497511,0.10059110722893,0.109374218584203,0.241566385004704,0.245211391957113,0.194542224918397,0.0200625988448679,-0.123827934762371,0.0134584749180195,0.0309417580542104,0.152717207953691,0.122808770108176,-0.0375999044235419,-0.0346384418685005,0.0477967303780037,0.0563051715085634,0.276228082078996,0.37321656594354,0.208113141209341,0.123044816587446,0.10205880727938,-0.166942377369118,0.00363154186525241,-0.301088538827933,-0.0482973681622653,0.0334069785498385,-0.0806845000434849,0.177037317196266,0.444856019693959,0.305191199116288,0.154007878079751,0.151775364185963,0.0819179106984106,-0.190325636501587,0.155043910944253,-0.123640592226476,0.0359002112204842,-0.131264375922378,0.0740080635793796,0.232967920700321,-0.390126154445905,-0.137891501957265,-0.273762326881347,-0.12541970912766,0.045984739653499,-0.0623258639893363,-0.0988159465784876,-0.414483817738411,0.0306444618781437,0.10169676018183,0.101035452393093,0.00778054159169958,-0.0462742212940961,0.201432230709471,0.2474339445708,-0.10927529847293,0.0732112605414101,0.0284273675044066,0.221695553656794,-0.0516662833044246,0.100386978807617,0.0410592715084945,0.200618852371652,0.197716301050809,0.0324225988841677,0.0431670852681444,-0.00726275451533125,-0.0382290487331925,-0.0444323997837847,-0.269404434667427,-0.251624781465968,0.0486433427706194,-0.102000550923864,-0.00138644894907177,-0.0187287182428363,0.335370363607544,0.19658220152677,-0.231476741015094,-0.111618892696919,-0.0246909192340676,0.0487884494940078,-0.29067616146894,-0.220900195064075,-0.192220167020822,-0.139862947222776,-0.190914015194851,-0.100278007820539,-0.181367931184854,-0.291922508586635,-0.170486164298698,0.303313666627466,-0.0158637469366728,0.207205791320721,0.111105476606719,0.11840414099611,-0.0747250164734602,-0.00448080790154545,-0.0615574347684529,-0.0830705104484144,0.0465946572585358,0.263884701509676,0.0667945280500273,-0.0786949315699904,0.0169166481647488,-0.00450749514065368,0.285906422520381,0.0533903851011485,0.325879352767147,0.0866554753470571,-0.181364464315251,0.0931472756085029,0.0542416063861348,0.0135522853348281,-0.013981974070569,0.309850672924015,0.251089400910949,0.13372040901713,-0.170171240020126,-0.0283057890007679,0.140657761986836,0.070715352276873,-0.0938777972190281,-0.0489002653820307,0.273532876917911,0.157845944576422,0.0850280334638215,0.315503628901711,0.0354702689399246,-0.0139816857967712,-0.172406691970557,0.0438358942708011,-0.0652539243837377,0.105662738001468,0.100487737957899,-0.303245358897488,-0.280847596901484,0.113879200686148,-0.0742972966866258,-0.142965532219477,-0.00814815692743986,-0.0291067147561786,0.0453922001366342,-0.00836501102450819,0.188136920992114,-0.0770925119409196,-0.306341331494152,-0.353458018739102,-0.397141100856988,0.224982726998617,0.189485526907597,-0.0628710082527864,-0.383357435476832,-0.156369973130059,0.0226495295379542,-0.0605941270462683,0.1440679869622,-0.0139669519251486,-0.035092036085516,-0.16727905938045,-0.104374862685286,-0.0343414658856126,-0.212059061416924,-0.176215865859786,-0.0272158541203115,0.26602126248073,0.0469671761408754,0.320096055678435,-0.0418975778190635,-0.025198342255067,0.230573485459703,-0.0231311578660087,0.00136945705041637,-0.105389086262518,0.00358362998180123,0.231747851829025,0.34664485976374,0.0622674926712886,-0.171246304753227,-0.247126055973053,0.129333380468499,0.0328051739655084,0.00564468593363898,-0.129575948632141,-0.105595634714116,-0.0200995909911464,0.213382474781493,-0.00126829436444614,0.343986789331795,-0.164571485538552,-0.0211512725703297,-0.0612812689682457,-0.0712590421489521,0.0401272326686916,0.133988655581011,-0.177831565957628,0.107522566504783,0.203818651483312,0.0754931252474304,-0.214549505112785,-0.171830047059267,-0.140247038029499,0.00689057074208313,-0.0761599939020239,-0.0274059235292251,-0.00664958373259711,0.190865752450409,-0.148493870013591,-0.226430113277614,-0.179559975930766,-0.0426586177759683,-0.202489628416028,-0.0154488014306018,0.201594726943358,-0.0798745480451123,0.198106680617188,-0.0144874543646266,-0.141967549798969,-0.448895627341889,-0.152830899546609,-0.202911134301684,0.087122313903501,-0.270925899908717,-0.334825793070094,-0.308438068224302,-0.460684668587006,0.12819556227692,0.126971025701248,0.137329573049177,0.0954986799882774,-0.173359818212817,-0.369017692482038,-0.127579858370275,0.0686449418120972
0.0646355113813585,0.119495764372732,-0.0475562310644012,-0.176574800604996,0.0142058484513085,0.0176418782713292,0.329847406744822,0.121888413301338,-0.0705719683813488,0.0698970214706549,0.0298846937499071,-0.0768580396236427,-0.0625910058499572,0.192831876425443,-0.165466377222407,-0.172808756436357,0.0739503494873258,0.00583932553798432,0.0292144127897712,0.175517496959601,0.178770164021471,0.00380113823918814,0.0574401588067307,-0.117758386997369,0.0649980385693855,-0.163000704041661,-0.208697464067446,-0.0967757713915697,0.0594581749314936,0.0631541388490439,-0.0210952526868115,0.0946404213706716,0.205218529145717,0.175577104803547,-0.020627995818863,-0.0441166423659257,-0.108476861474014,-0.120430253944148,-0.0659722300717932,0.0159313487536302,-0.0875594132042245,-0.0524455214195817,-0.072919373547026,0.0320199538715482,0.00739644847943275,-0.0672143419020873,0.000759091938544787,-0.106149858828991,-0.166524928953813,-0.107416470031083,0.165916872995264,0.0512398070854681,0.0718450922417178,0.129481998633725,-0.252879395596774,0.0762088443277558,0.149486223310636,0.0876435204938085,0.0666476817955403,-0.0158281345564457,-0.156692256636887,-0.075925189667137,-0.056813912577422,-0.0538844344265102,0.0865458133894656,0.000926948275793371,-0.149236096633263,0.00318354329778471,-0.0317884559302706,0.124320116498433,-0.056627131052964,-0.00907621850818053,-0.133754196792035,0.0420625633694622,-0.0444173518593446,-0.0479188273139258,0.127827751491381,0.143370390615481,-0.0964502346300986,-0.070803758918559,0.0571983014310657,-0.019852671434026,0.205738632740842,0.0351496364993012,0.0366975948044114,-0.0817928450938978,0.0419225011622632,-0.0224479467505519,-0.0362207916193699,0.261252571605307,-0.181347081436997,-0.0742219618409182,-0.0595676107519903,0.0231707741886866,0.0273507983696082,0.160324513259665,0.0711500653367354,0.104224514455624,0.0682851834814578,-0.0535312714501018,0.0764446686036418,-0.0988369782909357,-0.0407187803408375,-0.320474973129837,-0.04015202241102,-0.0966798583290944,-0.110949761449053,-0.0562831287731128,-0.0980782645605167,-0.0782138822050329,0.091203611554473,0.136089218968252,-0.206345860815725,0.0577608850876011,0.22278722620491,0.0246829711625233,-0.010054016863098,0.0452954686284327,-0.15782914642551,0.192215365057349,0.0308393140291726,0.0171735030556471,-0.0039631570466291,-0.0645523464226112,0.0609391281697478,-0.230075585818861,0.145515331924995,-0.142057191653574,-0.00101712377272357,-0.0755193803323434,-0.100171698731771,0.13394607307287,-0.0645757972374568,-0.0487869273151721,0.176395724124528,0.0834527877581332,0.0815952452310108,-0.0628665382591658,-0.149914455642808,0.0970997427696244,-0.211372462903723,-0.0548590494019353,-0.151250415400348,0.0129905116908188,-0.0272199755878547,-0.043715756233824,-0.319101412228471,-0.1047849174194,0.161673253682957,0.116245230932492,0.113193736166326,0.0817486079247117,0.078739984997259,-0.120192054298042,-0.0648056490522271,0.114870609063075,0.157700594969371,-0.148882324714857,-0.0685812774355353,-0.209474105740037,0.0681524329146425,-0.118882070113459,-0.0330081299213758,-0.118692511831264,-0.00139771964945773,-0.168884801168012,-0.0418121146988891,-0.109230320993498,0.0644596303699028,0.108962549328064,-0.261765941316447,0.100805104960211,0.0748982783620296,0.0314363676320375,0.252329367458659,0.0680746150869863,0.126345003082368,0.197757264577066,-0.165566948784718,-0.00520283952492662,-0.0504706568713516,0.0754936494153403,-0.0359904264936061,-0.00939208136787196,0.00945726992757255,0.0782278340576114,0.0199225850414715,-0.019472764741702,-0.072308624475603,0.0372908668804487,0.25985659227504,0.147234746368412,0.219896917296335,0.00776555103866425,0.0103976783586338,0.0303443463357645,-0.00665905289392536,0.0937166242804597,0.105877311552659,-0.138431237010255,0.104814550825362,-0.0998388912358585,-0.0407784020305062,0.113007963396072,0.116987383235562,0.11535453199547,0.0654324428794123,0.0842443883890165,0.107105989303082,-0.098055235627915,-0.0335307484627563,-0.0987000528434266,-0.262993164073655,-0.128944239274485,0.107471900702546,-0.0396815413319765,-0.0706680809327249,-0.075144479158033,-0.0166557648625153,-0.138308820528558,-0.118031465783473,-0.123921894041085,-0.08712380826386,-0.0673020704590944,0.0385910471712452,-0.00302251697199071,-0.0872078013066916,-0.103546117973185,-0.219062908591973,-0.00749895814179684,0.0481544646293739,0.0954649272049595,0.138177466764015,0.0628364727430671,0.0548182131090904,-0.0237640675111969,0.190535746688598,-0.15510046870665,-0.117614120581017,-0.157700197388293,-0.0579489754810262,0.0375307244365594,-0.0293667044926951,0.155471528227816,0.120642915608004,-0.111963983369471,0.189823401963982,0.00304759878250171,-0.171814358738023,0.0243630451594586,-0.0111469347103123,0.174986357629765,-0.053719359799954,-0.101206453929136,-0.134022080918705,-0.0888813277006925,-0.0128544795036701,-0.362941451928216,-0.0306601146100273,-0.01339263666096,-0.100351611362124,0.104199281295882,0.00777037870857045,-0.0284622530549403,0.0284768700943245,-0.178922280449884,-0.0246299197172291,0.0506347639509939,0.050565883872967,-0.0219157749002381,-0.143355507444506,-0.243405641757728,-0.174310338415191,-0.0601583273456572,-0.169038249612462,0.0935544535838147,0.0114175043544389,0.166226162931135,0.256025448879028,-0.199994219900776,-0.00887120068283795,-0.0488887842027376,0.0215615776786779,-0.187363290267237,-0.0857093590316599,-0.0792422066067233,0.0286590830954965,-0.0828188094087054,-0.0511132844056935,-0.10091968644308,-0.0958800890604868,0.243751566818809,0.167037283835394,-0.0132295099149207,-0.00555192877916136,-0.0175586474192935,-0.148133577541479,-0.0764145293636784,0.285980795249867,-0.0660299328903285,0.0749913177505547,-0.15382396501054,0.0809921298174421,-0.139057312098355,-0.0724006460204773,0.0948431595394463,-0.19297352320385,-0.222850022756384,0.0147229393023257,-0.124321831353174,-0.00480840407334254,0.0356824400881315,0.149603084796108,0.0344269435782216,0.0613397292613603,-0.0400015384949498,-0.00702172506152965,-0.0351159324884977,0.143843367982913,-0.0212155723535195,0.127031129091603,0.0839845762282419,-0.0223920319057625,-0.0866705588334015,0.127133152063517,-0.0722569197611762,-0.0603825487631532,-0.0812963657254162,0.0425164102653095,0.0453974123187892,0.00460608608703742,0.0570485070334538,-0.0117927115044374,-0.148592791352917,0.0311196775397759,-0.158964973329701,-0.104972398336128,0.0351760362296729,-0.00219565035133237,0.140650489855846,0.074902026623738,-0.103568923805255,0.146503483733754,0.0154957022635733,0.249598134400059,-0.0805097243710878,0.0519821617938512,0.0138159033721861,0.0325621836932119,0.200879643705702,-0.0255813672073643,-0.12170935745932,-0.081525871553565,-0.117797355774167,0.242653054591152,0.203282038079276,0.0410875513475812,-0.120305029258778,0.198120012979584,0.0539591759351275,0.0406826020242837,0.0122549435518019,0.0048240788559174,-0.0346299240384597,-0.0934240563983,-0.112949680157144,-0.00162267481560248,-0.0607900333834797,0.0617151209264233,0.135208242602112,0.0391169958483794,-0.263815269487645,-0.018214320763797,0.0812337608595449,-0.0152066646673426,0.0146642899073518,-0.148819390009968,0.197526687315285,-0.00419787178668114,-0.123615340982059,-0.00160811618966373,-0.200268192254324,-0.122618809282327,-0.106664027041876,-0.116312197648809,0.000411883236413,0.139428174715576,0.0101933017897602,0.0265452304850802,0.0281819812486352,0.0491191542250504,-0.144842089337917,-0.123370253715188,0.0690260714614176,-0.0441107400310389,-0.0649976740708236,0.0151555126977612,-0.0430057142932196,0.0401185897811451,-0.111419607875319,-0.0811484002410144,0.0352674454544867,-0.0686021823901953,0.0564964372422983,0.028531357019831,-0.0924748935863156,0.0536517183674844,0.140688826536277,0.118878715195185,-0.0517583544682887,0.0202236180309608,-0.063509389542469,-0.199912686186111,0.0751059925375027,0.0249899584003391,-0.067333247147821,0.157719078704046,-0.0867632161398056,-0.198256517309163,0.099892404969308,0.10642826737509,-0.104201124364327,0.0851530231053305,-0.123170262748604,0.0684584594285536,-0.0397160518497915,0.0777516382555397,0.162334934265052,0.0407547456506163,-0.13602879863723,0.0917442374092283,-0.10758731353583,0.0756959370370217,-0.0577245342893776,0.102641861779751,-0.149683374606451,0.000484052818089657,0.103562022627845,-0.0937499778331822,-0.140526332494821,-0.106911443952373,-0.114576101924217,-0.201858711764253,-0.0881280823225574,-0.109606330119084,0.0791056014602446,0.047520824232579,-0.0979548837801312,0.132267169834173,0.162718917322492,-0.109997922299524,-0.138126901510924,0.105713124390628,0.0880930121513387,0.0279482512925325,0.148166678735388,0.101811857544162,-0.0482550508606744,-0.022912995156418,-0.156540502144643,-0.262565011777101,0.0330237852496307,-0.118447927420651,0.0942483846067519,-0.00950327483493101,0.105953752542533,-0.0318155221099105,0.132625326199539,-0.0839107366612594,-0.0894647957565597,-0.180717836986206,-0.188850858330672,-0.0490452477077531,0.0542910368196156,-0.0746124854337713,-0.0433837399235893,0.192953863085985,0.121343865697973,0.077562838267274,0.0522011328869812,-0.0404834440936548,0.0174936561721794,-0.0889739195475147,0.0279622345719109,0.0285872667189652,-0.160707440324567,0.113595784214641,-0.109026128106288,-0.00730592293146405,0.072942432885065,0.153011765243185,0.0270087742969871,0.0665710656290013,0.1040453034062,-0.0936482141249471,0.104598513990233,0.169714461501162,-0.0614264109494616,-0.0988534517037777,-0.0965956075465396,-0.0657697967594268,0.0220161848116097,-0.19686972367863,0.155598770366436,0.0874621390731877,0.0339835281069739,0.118733115156877,0.103801223836744,-0.126060774830651,-0.05123401184227,-0.0851261824324501,0.038777261022737,-0.0464250351665955,-0.00941903281494144,-0.0554726318843573,0.0240224114444546,-0.0846397447706361,0.00345092833437917,0.100337573589622,-0.0525319569760863,0.188871863227272,-0.224063334272098,-0.110949246309626,0.115713235039623,-0.0848518573428051,0.0664201935461416,0.115585809829358,-0.341635914303496,0.0698333856569293,-0.0688928424287227,0.0971465827699959,0.195715689149466,0.0290605500356369,-0.00335818197677516,-0.258837605597943,-0.135408406849479,-0.146653997725473,-0.0730324749070203,-0.0159708476463408,-0.0448076340990325,0.0322958305204932,-0.115388999220693,-0.014402221965308,0.0425219338211771,0.0849589828079623,-0.0679020162348904,-0.105146853773557,0.0263954179789364,-0.0565849950744666,-0.125775241936327,0.164824581998947,-0.0281845942330816,-0.199981408647242,-0.110969157731366,0.130049875651655,-0.00862663245674121,-0.173849915147453,0.0312951313335788,-0.0816521804330052,0.0191159892910202,0.0833081324442956,-0.00317014358200716,0.0614664924673823,0.0202947820355885,-0.0298335790282496,-0.0743844040199105,0.00155365797056302,-0.0247075662850925,0.0275908097957857,-0.117353266311743,0.154431032714993,-0.012156058343537,-0.10417258174402,-0.0707502992947264,0.00769592669320763,0.14562220726941,0.220746001990352,0.153570877653892,-0.0437761722713608,-0.0840299204274674,-0.0829960236342101,-0.0444055596001746,0.249788294772563,0.0659447355080865,-0.0691071160708928,0.0169084009010747,0.141986564735056,0.122544881150588,-0.145220693370362,-0.11134994024486,-0.0608521181559019,-0.00770620442877071,-0.0246005695448337,-0.169004383534907,0.158495923942341,-0.0634287332747529,-0.0201701084030883,-0.140289987665517,-0.0372323778405871,0.113007054938815,0.068945034324299,-0.0403446397947441,-0.0662601984313003,0.00830636007705527,0.0120864481947552,-0.0683584657809159,0.125046014722748,0.0448775767647383,-0.0754252716160895,0.00156000293454452,-0.100174016040681,-0.0700466757776377,0.0113807520488599,0.0165882635739026,0.0819715146271332,-0.0448725893904526,0.0942914126864265,0.0604469372702688,-0.124841280196169,-0.154948381010275,0.107338995031253,0.0122884459303925,0.208419483840786,0.0386285104016178,0.150949339329602,-0.0974943674541045,0.0332360403308876,-0.177728500488015,-0.221491390464328,0.146194604655203,0.00634140249282117,0.0680412270014738,0.0136143866983543,0.177193988442966,-0.0311469648975805,-0.0209460310904428,0.133521670273874,0.141086157410266,-0.0539022723932669,-0.0137076452010399,-0.157099748764,0.0178950377778461,0.0652006713993213,-0.102797354175449,0.0613697467488247,0.173672390659133,0.102569268173583,0.078696455558732,-0.157724101363552,0.00541018722575359,0.0309513913706267,-0.028598325216476,-0.0829642958905187,0.0901800268848074,-0.26659378967889,0.0368490918433736,0.0724546798230587,0.00905791276697752,0.0370422893145114,-0.146237119347513,-0.0712106358696431,-0.0444872356469227,-0.0355142690504728,-0.0532049360485229,0.062085976048036,-0.0661427983374337,-0.0623214997928554,-0.0138107236347011,0.0790834224575659,0.0958591061894203,0.140610973965703,-0.218539138797161,0.252546601781904,0.160552724629887,-0.012850142405239,0.127510098462889,0.146795006186312,0.0554502253194562,-0.00771579574357511,-0.0381099150529041,0.0989860254599055,-0.0768223825529339,-0.0368661003188797,-0.14599682419389,0.0956010797458754,0.218586897749979,-0.153828650798189,0.00467387845409067,0.00526167132619778,0.0847502149666684,0.0204260770554266,0.0748518260319073,0.0818348040896489,0.0897425031005847,-0.0791417905759876,-0.170281952667458,0.0506462843559239,0.07301769040323,-0.0690631130605974,-0.0472959771108553,-0.04652580691154,0.0438375118524271,0.201369817253489,0.0673669016659997,-0.102235788884331,0.118648469335872,0.143110660038328,0.0267020030209646,-0.083452972541201,-0.0738245257180509,-0.0165331568035894,-0.0210106778203842,0.153257482736859,0.0449750058336593,-0.00193954325496182,0.0558731020639554,0.0229189298965628,0.0344269946059276,0.0801787191157095,-0.00738243160464731,0.0688343318591108,0.0296931163071811,0.250244377033857,-0.106421980690747,0.0534483505703402,-0.029268635067896,-0.261758410743091,0.0514436328401972,-0.121147449908471,0.0872149830754991,-0.0918223934957739,-0.0650957782949564,-0.097796304027813,-0.0139110008654747,0.0337873311456912,0.103997965260189,0.00651324684699506,0.0238350970095018,0.0985884476379631,0.0598166795647459,-0.0104664435748542,-0.00932810308995819,0.090870903241111,0.127192472770212,-0.115899663141836,-0.0665829129471204,0.0906003759108678,-0.0427265527454518,-0.226110453398184,0.0312450686194825,-0.0961559081239033,0.000944808374230478,0.00915760432435767,0.223826129600107,0.132673655645298,-0.159230595629505,-0.00170084217029232,0.0883366728857915,0.198078377627178,0.192433578503596,-0.0864542196626058,-0.0227889095696755,-0.0139255457665642,0.00838154058091519,0.0185060597380309,0.162968964302861,0.0130147172406077,-0.152758279109824
-0.0209158658210045,-0.00250959660735024,-0.0746874247937153,0.176689414775159,-0.0437279567199458,0.119458013944834,-0.164583197911465,0.00457719092305224,0.0594076478333009,-0.0395174198916812,-0.0138652258566422,-0.0559876306953454,-0.0161209165671281,0.158809147063897,0.159865422243236,0.114540251487242,-0.0359243296947439,0.0629989738321488,0.187908164666924,-0.0454774204100044,-0.0169510614276093,-0.152924558221238,-0.0219576179918788,0.0698837179406171,0.0212103616188921,0.146067937327718,0.029488158001523,-0.0698848170803248,0.211323840029365,0.0710814617043834,0.122781515143059,0.0327684550389636,-0.0323319506578854,0.073788066540564,-0.0340307249124751,0.145413147233372,0.095686905109989,0.128461185597455,0.210449391129196,-0.0665799857804288,0.115690902858693,0.0515699334703505,0.158938514654693,-0.0175537432152518,0.00402203897026876,0.343445603753343,0.201915338160583,-0.0363856890865022,-0.212332711537366,0.0426859464160698,0.247860074760052,-0.14080172448262,0.0266113258663162,0.015261116058217,-0.10067043756082,0.158092869569948,0.180877980616401,0.0232126999288637,0.10609797193503,-0.00523232993350867,0.199070156529003,-0.00169624881512139,0.270589224716853,-0.074175682769332,-0.0161440797736817,0.104297844690906,-0.153299829693232,-0.205617553464968,0.0834890207211639,0.0723378264986717,-0.044843169093884,-0.193867756518862,-0.0360158927918944,-0.196028692649103,-0.0410147612709704,0.0293172382462586,4.42716041799476e-05,0.0726767159874136,0.0572880823487735,-0.050578573053595,0.211515752432634,0.0391120085698279,-0.0400712551766714,0.160604292709824,-0.0715607106623987,-0.173460816707762,-0.00458879174976422,0.00480176078638136,0.157030100929126,0.0477613631639192,0.0212827192803947,0.0850944638115722,-0.114473181799143,-0.114030010478909,0.10106741854696,-0.0818842635701083,0.0561920855556172,-0.176977090161602,0.0870248980123669,0.136733968997655,-0.0425700100174299,0.16101492008054,-0.0442665491073828,-0.18418700549622,-0.121403768505753,-0.014248888366951,0.0655741033612992,-0.02215965420149,-0.0918485706226041,-0.0747373006308277,-0.0955257149000444,-0.029616916999715,0.0559387246920488,-0.142550939234319,-0.0803265266845383,-0.055840308062383,-0.115910612729108,0.144231097283127,0.012367608506384,0.0136519633190012,-0.0494814709023103,-0.028599850211199,0.10444114600855,0.123360856556166,-0.104583879598214,0.0499161919860457,-0.0284176062549947,-0.102349270824782,-0.0316710810300274,-0.177270792962617,-0.0118162355690694,-0.165793491834534,0.0845336460525642,-0.249266604510542,-0.0449808297226045,-0.0196667596783806,0.101726864254584,-0.153458619230459,-0.0732081084317504,-0.0893852057635755,0.25697493095125,0.0392473066846956,0.115177055042537,0.0438634245443801,0.0117587210629909,0.0837146522883477,0.12871549523338,0.17602232330986,-0.0315757739312058,-0.137362465974845,-0.0180199998049503,0.0776726003654148,0.0680833225753308,-0.0448028352591542,-0.0637493738310635,-0.0541236614907176,-0.0296458812511603,-0.116253938556502,0.0471512549008609,-0.0583247054075981,0.109576197627949,0.234550988320172,0.137418741364564,-0.282005931525532,0.0532266417480085,-0.0775754201372652,-0.0675647111276963,0.139986297907741,0.111515261714879,-0.0723906209985349,-0.132434617769299,0.0603793595200795,-0.153832380831655,-0.120614612280363,-0.0414570408194591,-0.0124631687615033,0.0849352514282809,0.0419417504942115,-0.118312930199314,-0.170804173151287,-0.0464164759327026,-0.0345125116570141,0.101376237584449,-0.0397676881700304,-0.00247703042486815,-0.0258245592150323,0.119130361686942,-0.000262580105112999,-0.213811571352469,-0.0538842444262341,-0.174072063947906,0.0727952667219529,-0.107068644889989,-0.0550062574839338,-0.130366253910672,0.00666122927721138,0.116650098011026,-0.0428890761242563,-0.0815897900821127,0.00655508061096896,0.064495666284068,-0.10228198626091,0.0820048863371239,-0.170378345010312,-0.118660295081885,0.0110273464191436,-0.140740296642981,-0.173098145158459,0.0806053307540752,-0.145170541544443,-0.0479720933131139,0.0463539347052464,0.160500065522225,-0.0502605527711995,-0.0778647476108328,0.0503084345183708,-0.119747125457739,0.23200005851214,-0.153973083151701,0.229455957181037,0.0705267925067026,-0.0596591930196702,-0.090516602515201,0.0724635977279854,0.269048327013996,-0.112836555134656,-0.0666483585558072,-0.0845376111791506,-0.0779771619673692,0.1817064880381,-0.0143604606990823,0.116202058725422,-0.118476654893879,0.00473781346182092,0.0476839709368644,-0.113111601519459,-0.00976960063642513,0.0331028066402384,0.084083765404235,0.300176024778226,0.115924112771196,0.237661538515337,0.0421804891793088,0.126482267882045,0.012528646183028,-0.0992287738647469,0.0839581971458239,0.0176025923502454,0.0646195686836274,-0.130449202052756,-0.1154196386967,-0.0268049135394528,-0.157029236545135,0.264673770568501,0.0464234767331317,0.0636252870702873,-0.07450685515136,0.0186996010827436,-0.100188191719853,0.427925174655237,-0.123301702700995,0.0510880448329597,0.0982744043405315,-0.137269502614952,0.00566957619703881,-0.110897706257082,0.0141702913716531,0.130105072152322,0.0333848849934106,0.0839353880843028,0.188552520896148,0.0359403258940699,0.178004436258393,0.116340107599023,0.0466187191090951,0.00872274926268019,0.104393477372932,-0.228122279898053,0.0844075241962775,-0.123375870235398,0.125195514710198,-0.143832738198564,-0.0560745522203516,-0.0033558090825228,0.0411478101987834,0.124139372496851,-0.0658701493822457,-0.135435094524876,-0.177855225999094,0.0503839491286092,-0.027073711575213,0.11086295050488,-0.226679965463242,0.123201331596211,-0.150877396615159,-0.0995136169233264,0.064347542137701,0.328726858296902,-0.151198041184061,0.0754797691793537,-0.022951029664653,-0.0181565286478109,0.0991113067305924,0.105474172639455,0.145605228744577,0.0453013947543482,0.0114304843542796,0.102946958698482,0.125299924919816,0.0652266805154535,0.178331303975038,-0.00368803957231504,-0.149013231347324,-0.00250326765552702,0.173311409433378,0.145528332401882,0.0833890300454721,0.0436673232791097,-0.0381503073910711,0.00996009327469086,-0.0719079697853887,-0.227143062072787,-0.295917229917709,-0.0314576334725259,-0.309388029852919,0.043872662965417,0.104994384991731,-0.0255192502224607,0.0255061789592149,-0.0438098234497459,-0.0548345415410524,0.045934801699019,-0.266048783175706,-0.108806611487914,-0.0436334290257113,0.0239776798069236,0.0727276591605703,0.169809281058386,-0.00102509157321984,0.117910517656023,-0.252006225769152,0.177960738364499,-0.015789495590343,0.0311602632238776,0.0500510737906654,-0.176283379966514,-0.0898685934325436,-0.00217678403956336,0.265554634723295,0.0714420927119853,-0.101786464996347,0.21827073360356,0.0451902614654874,-0.0186458848320826,-0.108576057729383,-0.176543715368222,-0.124198652828998,0.147571776063439,0.0158694451108517,-0.168561865882889,-0.0689135558590226,-0.172084245577946,-0.0639990117156479,-0.0319277940044101,-0.0590000662989164,0.0998235628572636,0.124025441320646,0.0866403617187467,0.0231674585327308,0.0186985562609803,0.0384031153011262,0.154302605549697,-0.152066428675819,-0.195522330573895,-0.1282624379792,-0.000416366627410508,0.0567241927735176,-0.0583961001199658,-0.209632652320073,0.118312902518349,0.121366107599691,0.081615325449627,0.0971973270947798,0.196683299690627,0.00511330107993363,-0.134383463492024,-0.113807187528728,0.0438425555111655,0.0281735813506646,-0.0319004000260182,0.144708669401649,-0.0506302982591105,-0.0240560871692206,-0.105737611966916,-0.0880217351168386,0.0671808647163368,0.127085399555858,0.00474667689631913,0.0315083416966712,0.0895771146627257,0.0305408053878657,-0.0397967324113076,0.0295555141378849,0.133200913831958,0.0859801136631368,-0.141927746520162,-0.0784564945739909,0.127139508091061,0.0338006980534169,-0.0208298622607084,0.0137995766924868,0.0286627564410372,0.0605986723543696,0.0546087182652156,0.178401980661208,0.0492458089780242,0.0592687989753854,0.00512254178622565,0.143394222907534,0.162728151483652,0.0438217141881261,-0.037602128278248,-0.0942105756282139,0.0856799499344044,0.0751611599058663,-0.186222722704217,0.17897959886568,0.0364219543003024,-0.114517916313592,0.0405001084477674,-0.271654158185969,0.0979141298194496,0.0890018916347743,-0.0503369421673414,0.100140937795179,-0.0394267507239531,0.0525721196271409,-0.00180455963479513,0.00150876462822963,0.145761874585757,-0.0434313242042705,-0.00416423619374057,0.144425606555633,0.0884113062364878,-0.0205502358644735,-0.0150936664895796,-0.189808768898385,0.0600748592068848,-0.178950686158805,0.0852625095989387,0.0536595830255856,0.0708209837191636,0.128616896783154,-0.0558757291919289,0.123424475394208,-0.101498591235573,0.0967244341777367,0.0746525475032761,0.00323212538263181,-0.0153143610478504,-0.0865277825414826,0.0713614313836129,0.00404653126918228,-0.0158797025097111,-0.0727786589645532,0.0340400133345366,-0.0986761373705012,0.0797223479178032,0.199321994302239,0.0579142459533236,-0.104479264002759,-0.15134305661754,0.115192806856794,0.090568236559914,-0.0203854220758654,0.230247578896794,-0.0513237261789991,0.0205076100279706,-0.0185971894105678,-0.0865009542996606,0.117165047753467,0.00611984147639207,-0.155071342221296,0.13352882602402,0.151943314872076,0.0689588177698066,0.0568141340601219,0.0736177204071461,-0.00662205795041438,-0.126309415359144,-0.231960246907749,-0.124345515845184,-0.0950467141793776,0.118615687666032,-0.187682772839723,0.0317253430965916,-0.0368271927264318,-0.019327063979071,0.0277886960850039,0.139502675346231,-0.225959136371497,-0.133231325294763,0.0364572477420032,-0.0958336369727937,-0.0601043228105852,-0.00227374603202311,0.0231507363414804,-0.0845488422936307,0.155519308896993,0.050480890843456,0.0646102455918087,-0.0350523527337747,0.171165001061695,-0.00598980958267854,-0.0243147579537959,0.00651971062894171,0.1044861352517,0.172504715176646,-0.218619064281583,0.0159816609457588,0.00808600620273767,-0.0274214938200508,0.0651194377464259,0.00333807047851411,-0.00294418672762042,-0.056271738588268,-0.0992592204541194,0.0549560681665682,-0.0234350363066716,0.124043699962205,-0.011408223593212,-0.236023279121451,-0.0999501747442023,-0.0559838517116355,0.147183443547878,0.0437604904733794,0.0456302543329729,0.0216125960264634,0.0099547620925754,0.230682955951464,0.247039001487221,0.24476928045204,-0.0863856175568287,0.109900608913203,-0.0319629257590981,0.204199504289805,-0.0759870052849565,0.0729582906733753,-0.0177451440633015,-0.052533586358134,0.117755008990372,0.0195401586278062,0.10265413218699,0.19364308375246,0.0938846251526833,0.005309450784168,-0.0197484888579806,-0.0107800163533376,-0.0589821490374724,0.0278183770102355,-0.0815569031895814,0.0626517443817138,-0.112682329090193,0.204463076470114,0.217387784043866,0.127984783131678,0.0144483914326048,-0.0195615012500342,0.25550281259886,0.230952506094906,-0.0875734671046712,0.0289942163546646,-0.126931062753319,0.0283962636305718,0.00325599548570961,-0.229196976918496,-0.152715006005856,0.0629417048429812,-0.121770110307791,0.0219726149637168,-0.128633520403845,-0.0584395971602885,0.0740754847894279,0.0219543180438817,-0.0458746844025256,0.0366615919513768,-0.0232459535762899,-0.169814489465077,-0.0952925574128631,0.0876474916983044,-0.09116901115552,0.126362420526055,0.0325301179660041,0.0757910920663048,-0.0179221838901151,-0.0416526730662202,0.0397474179497575,0.142570020508132,0.192867853646268,0.138424338628986,0.108623082672283,0.00406949446416507,0.0556651875785359,-0.038228643950577,-0.138384374375524,0.0594457373438287,-0.152759789466562,0.0127951355250098,-0.0953160010998395,-0.0541631472033397,0.160655367093109,0.11141456496794,0.0384549759170102,-0.0599566258483553,-0.0599649317326856,0.0895036644753983,0.0250330207105183,-0.0154941955199802,-0.154381566877085,0.112783493582361,-0.0844016668939867,0.15766946293296,-0.322233326259495,-0.0578158287238484,0.0928863144308145,0.0410792395972278,0.0451690233271793,0.053627476471028,0.00491025420662447,-0.0421645032126237,0.0980097193761825,-0.0902533987211982,-0.0659806877893549,0.0636788144731564,-0.0652075973578034,-0.0729765039456438,-0.166394288230901,0.141587668741392,0.199236218035525,-0.136972816110197,0.152523245817291,0.0608092784307428,0.205001085001609,0.127752704121055,0.00830019715006206,0.113468340271141,-0.0820734980513983,-0.096859154484753,-0.162318365616267,0.189093035594972,0.0306060834550485,0.168504981884275,0.00516633953337221,0.0542704936353958,0.0670753939915934,-0.127949837662299,-0.309028872782347,-0.0805782013179132,0.018350210922956,-0.0411002948244086,0.0862574338108732,0.0804035158705265,-0.174481757523753,0.0702086294349131,-0.00183732448063346,-0.0788094857478268,0.0438530248430161,0.0583193030089442,0.00174957667884484,0.100143283752362,0.0493794231674084,-0.168491466551462,0.015816182439807,-0.0643273093273727,0.05424905749972,0.0354760977288811,-0.00953034521793444,-0.00975751801491728,0.141861658993337,0.168796038542421,0.0473960988619218,-0.0343312385163547,-0.00411743206196585,0.0458871938480228,-0.118384611527929,0.113274083907052,0.0189238537233156,0.0673669010369201,-0.0133293870224984,-0.0310645204964005,-0.0502723392685587,-0.210285624590082,-0.0737968280576734,-0.0605516361618853,-0.0632363165431874,-0.0358822030449059,-0.0912501004861601,-0.0280830841955648,0.0536961548841715,0.168704154591983,0.0649413088387941,0.107903786439773,-0.0197702886506941,-0.0883978625776618,-0.234901129676196,-0.0881424088628218,0.0858560547968899,-0.0429544512767173,0.110797012964529,-0.112471049523314,0.0193184746191747,-0.0350677731948818,-0.106131156636272,-0.156371706065135,-0.0385024059964046,0.031504006961485,-0.0162507835819561,-0.0871334503801321,0.0667938953366085,0.0367601411872394,0.0411250565668831,0.0458417523130854,-0.0502620354448398,0.0400043303460298,-0.009103181331075,-0.081604375957376,-0.120371385588302,0.0218300455868814,0.0221707539038734,0.187285407782717,-0.0657555223095939,0.0709177249842013,-0.0325490508216274,-0.0500143495459982,0.0946005562417088,-0.0883214377713836,-0.0579893328217162,-0.0522495957136808,0.047086394386121,-0.0216264824242382,0.0171651985421646,-0.00400357039955234,-0.125974897552186,0.09384612676046,-0.145464993427297,-0.137293792986701,0.0290296284118092,0.0231609257426301,0.0814596216839797,-0.143062084889069,0.0358472811970337,-0.0701526529815028,-0.095617162087405,0.046540326206052,-0.126751484952544,0.108154613097127,-0.0926118777327048,-0.10207617049598,-0.00547515712554963,0.0413077420777891,-0.0531344132541392,0.0151040165912817,-0.0149249405762497,-0.1362709792056,-0.0525814298758003,-0.0919262840490237,0.0627521662862587,0.0786925476430142
0.0328515088414189,0.110183987139635,0.220683447751031,-0.00299720920389066,0.1124864383162,0.0377198552905159,0.141420047165912,-0.109678710739629,-0.209543015169544,0.301326563757813,0.354162232658298,0.0656160411514281,-0.199599148107404,-0.144631628362487,-0.183960608153274,-0.14245623629859,0.0771466879474813,-0.055215080369748,-0.144955643228075,0.00259265947930308,0.0273676170469857,-0.129805166997409,0.0169766202993678,-0.0711121738589198,-0.207488749894042,-0.142078360061842,-0.182054796714774,-0.124284400066134,-0.400056459679685,-0.146924255947908,-0.302757153094531,0.37002974313027,0.00763894802470516,-0.0622855321894557,-0.0384128268968021,-0.0718976243443823,-0.360824482427055,-0.26468057696833,-0.00849175455411938,-0.11068702452288,-0.101253923544279,-0.180694883495559,0.236091035976028,-0.151607240249002,-0.126757378531174,-0.225818613307036,-0.306063212183525,-0.296866679566805,0.0179120833588738,0.0752683396957233,-0.11245020773057,0.128851538015646,-0.0139346070701866,0.163510165411448,-0.0785037516505186,-0.0430453775949245,-0.274241782008431,-0.238984181331854,-0.182039447597023,-0.062682402722261,-0.248812399859933,-0.126086147635129,-0.224162282441894,-0.0413712086998638,-0.0287539178328718,-0.276684277769522,0.0874025518586965,0.0474806848725573,0.0640022557409697,0.102746852615414,0.0649591197799785,0.110424663302084,-0.0930147904952746,-0.253616929099869,-0.00871212692337757,-0.0491204236222111,-0.125412341695382,0.119770119056758,-0.0549093717655488,-0.0699245684187976,-0.218488235134145,-0.323199838115713,0.0204163692261283,-0.0853790483277572,0.0728207513887588,0.0173696082470103,0.371777138723656,0.0640989469263167,-0.202151348300722,0.20580409813929,-0.404226713599697,-0.0349032235089259,0.142646530343123,0.28533605491368,0.0942502834813949,0.0881266950664931,-0.170713653385635,0.369835005625948,0.188339704545381,0.0150644491236581,-0.044677644870661,-0.0656848528209411,0.0305726208611501,-0.171091171543295,-0.0297288323204475,-0.27018680564435,-0.178673509992225,-0.366921533212057,-0.210772209622768,-0.341965695630038,0.146237686216256,0.248033653091864,-0.195876897230468,-0.205511653753284,0.0507837482020619,0.196895953244476,0.121914079697602,0.181058132522923,0.140483339898695,0.343439029510098,0.274363225944066,0.104396175497028,-0.0307253315240794,-0.323386717340485,-0.0789511342385157,0.114091229304105,0.0770793049524713,0.191887596378876,-0.0607136315787544,0.173357047361102,-0.286109782024802,0.0833569454802662,-0.219468177593032,0.0894671569155455,-0.0618410618870919,-0.103386847012299,0.0133368387401593,0.0911365897220545,-0.0178193780203943,-0.126824748660961,-0.253271509142966,-0.207079253729757,-0.38175576711579,0.0685891908344501,0.0722154909498156,-0.170363078323225,-0.0597062202344283,-0.124012988624658,-0.157237583481447,-0.250794406407664,-0.210884309183225,-0.0369500629961071,-0.14397522412967,-0.037574827657446,0.0729124973369507,-0.0777168377621991,-0.00826900336330933,0.110108121775969,-0.0258027957343881,-0.0245610127290003,0.0266419825461103,0.0656155238123348,-0.134574644197221,0.0606363028725992,0.100555700738406,0.00321056994864545,0.0649065220800102,-0.316626184604217,0.0258481070495851,0.122066515146172,-0.0082153820572696,0.204084362204847,0.127167295355983,0.0105600460384624,0.318633633616768,0.111655185934579,0.194799513873675,5.58091020575373e-05,-0.19797117999935,-0.213128176503117,0.0656471263003265,0.203774820511401,0.1818816071216,0.199354232399476,-0.129928311316359,-0.221450654684407,0.0658492366705306,0.103924529988684,0.198851545493622,0.0988222116111541,0.217524448938125,0.132782271215723,-0.116862145849839,0.15480261748852,0.161642933026092,-0.159988892666386,-0.0263607051226906,0.0755309132261405,0.224070447820365,-0.0800628235456083,0.0822347050798743,0.228707287437116,-0.0884379160700857,-0.0048299427321068,0.297676110462501,0.00799623597806086,0.234418536592437,0.323388565665567,0.0879970756808668,-0.129817571081489,-0.0210960374098329,0.134965681424019,-0.327407479606564,-0.124887903783063,-0.128904477439503,0.0432201651147686,-0.104572932495043,0.0718869013120438,-0.00883817397300579,0.071307982088896,-0.33626106810338,-0.0106417516142149,0.116650456310685,-0.219678203246854,-0.353296391674552,-0.122522651016994,-0.0992988625678167,0.101203933691851,-0.119053627617911,-0.204056166812642,0.0343219052576712,-0.137834711468671,0.00954507846487039,0.374982023805492,-0.076650799012238,0.0142350634344619,-0.0182969719861035,-0.056781336663252,-0.359670507471617,-0.297538747863179,-0.246935155970759,-0.0765366925860633,-0.100335436242212,0.0801078110095245,0.0782042383348323,0.066435813318931,0.234117923628941,-0.096821591458508,0.145427836750275,0.00539534309074868,0.0904171940268773,0.065703429863509,0.038347498046512,-0.0826222805105636,-0.260321983985635,-0.241907737997281,-0.0354304126134594,-0.135511238956522,-0.102066130671813,-0.193218975290698,0.0778383981064645,0.126552274486144,0.161445982663407,0.190534879055859,-0.0476380881855799,-0.164260790265352,0.00192055010272398,0.0968458106934158,-0.198198851803365,0.0208770174287057,-0.461036033778514,-0.461290410020432,-0.208714632980213,-0.262530201029142,-0.152862630795921,0.123706363736197,0.0502786388481301,0.157858668464699,0.0619404451129944,0.352598444996267,0.368658913760846,0.0384696038436336,-0.0525197814445663,-0.0482270773933744,-0.212779509505003,0.0662801950533115,0.123309733109306,0.126080727202431,0.0794008642195534,-0.144076161726378,-0.187432216164379,0.194327047796612,0.246859566647552,0.106075286947784,-0.072612302762852,0.0879856729275731,-0.222134182158903,-0.0734262811995262,0.0660141153447261,0.190334369724231,-0.0928027382801995,-0.000151631313045228,-0.242559886265456,-0.165925888023728,-0.257418969256844,-0.279617797691863,-0.252278030064053,-0.222050153769843,-0.250506053669733,-0.318601411003877,-0.0190744897070615,0.123999563368847,-0.0216345937540236,0.178035184708234,-0.148031360989059,-0.0565702676361758,-0.152854556322248,-0.0288893930752673,-0.00284984197067086,0.0952785900460721,-0.0272065278709198,0.224194375101567,0.0188660478700306,0.286000348546601,0.245490745448098,-0.0498715116915855,-0.11765545300882,0.132061407343685,-0.0391230803714212,-0.0228041927604656,0.0838154147957527,0.0628848441243182,0.181452057209969,0.0549075858463277,-0.292998661401912,-0.105572499121428,-0.195929919276452,-0.177792981052472,-0.186296475935339,0.202337142476077,0.0310028494486715,0.0351655600371981,-0.264438914142458,-0.116332881107996,0.0113268044231803,-0.090217751704111,0.111336869058321,-0.136191808334884,-0.234198340085243,-0.044102197669359,0.192325248217162,-0.120694202726338,-0.0311713959247115,0.0315742796126525,0.282421303981729,0.157108234001727,0.245682599424964,-0.0279109893721071,-0.103481132030679,-0.00752757212140673,0.153313891718754,0.180706723285308,-0.166668322272102,-0.136732112535813,0.224365273304146,-0.252795628349167,-0.0658049983009375,-0.351393810160737,-0.21928987580512,0.262683189973509,0.0902328523008054,-0.173274202438253,0.0829804100200738,0.125420579904687,0.211466175437189,-0.0492259845197632,-0.0232904566864359,0.422510201067567,-0.105221333816514,-0.177438262177901,-0.181938910568488,-0.0352719060997335,-0.151485905211983,-0.320082059822587,-0.0829689744356097,-0.0677832814597779,-0.170509422946061,-0.148497242772982,-0.0575777820074252,-0.0897260485447393,-0.144208050403147,-0.115019373282916,-0.0888571350192872,-0.217061833130252,-0.0760259652033926,-0.283870298341013,-0.249118865499531,-0.190138515246765,-0.147266212718979,-0.0166332078611296,-0.181654447913792,-0.0893581666285699,0.0463367827481138,-0.156035847153682,-0.0375475378345003,-0.0173806280079123,0.1853992787111,0.0191528555093197,0.141082684339415,-0.173181062813206,-0.356537895246358,-0.278763639030279,-0.151084532028736,-0.0552757796560482,0.124623436659547,-0.0411218657765408,-0.120964730278394,-0.225462044973003,-0.0160475605111747,0.129833260179687,0.116515118990881,0.0502431587518779,0.305908209389593,-0.0671249783103348,-0.109237555823878,0.24729934612982,-0.000887854218657488,-0.0256630191705211,0.182946581280861,-0.137785694303879,0.20864214744875,-0.1209736862839,0.0336941613056667,0.00120393601914057,-0.0445043244339155,-0.0622222390872942,-0.038160403313516,0.124256714100153,-0.00197137365447483,-0.235760743538006,-0.171872879318894,-0.176300218704475,-0.111916692122754,0.0437597368362259,-0.106020400837766,0.130766870024423,-0.0285156159292276,0.161840495810763,-0.0800885675960982,0.0148454370093322,-0.216659450739807,-0.041264232290903,-0.197142591046119,0.0353120585642094,0.279207919897494,0.259976142135149,0.119295411739671,0.329259815988211,-0.045512538088639,-0.392566946088221,0.0847896064001702,0.0381066147347215,0.000126822462688789,0.0710525392559483,0.260141614123979,0.247986347530587,0.124996580159899,0.0176283394795332,-0.310679536796044,-0.16004482712208,-0.338467613776868,-0.00128644780497299,-0.104233887523965,0.0171026410695686,0.123838637323845,0.00928521405991377,0.103446524664977,0.0361430827345259,0.176776656655251,0.0800940869105558,-0.207845710608093,-0.0305237851693544,-0.110203442984394,0.0723583221436149,0.0773118180482902,-0.426133445846038,0.271420516736773,0.18888533933108,0.162114120481961,0.183846441790814,0.0554797266185302,0.248776311012117,0.0926183327790939,0.0496409555132324,0.0315026280988059,0.231316972502201,-0.102214665269019,0.200645155239542,0.185086286070692,-0.0721856983832463,-0.0668472387876253,0.173205325519537,-0.0521280089953207,-0.0512326732493928,0.0430503734950891,0.0833787488537906,-0.349254002367018,0.129858918075999,-0.0858188675020889,-0.223529802419452,-0.145517449676983,0.0895535828992108,-0.172767984337639,0.241522315449162,-0.139079367882845,-0.183443616009395,0.159866023367768,-0.0598292164188347,0.188091036626615,-0.171431255008182,-0.0782700547235095,-0.0928273034091271,-0.276475518576794,-0.0532529257928508,0.00872577933050663,0.0577559943467451,0.134046567089967,0.0320771757859123,-0.176102932469706,0.187128880816129,-0.130977534259647,0.568628922787052,0.0417989204212358,-0.2071525795973,0.0213477114987786,0.238156371258994,-0.0168613099533406,-0.061318435390637,-0.266692609632234,-0.0521655859797313,-0.353626035587875,-0.0675913879616032,-0.0217872369153806,0.148663973860502,0.00316365789366124,-0.140890642258286,-0.114472585028565,-0.166768143060036,-0.0200525187099694,0.0988909052451702,-0.0875700444765722,-0.12793081241819,-0.265758491683576,-0.126057800745675,-0.179994817698343,-0.139377621737639,-0.119441806065089,0.0921098743069263,0.282829794390633,0.0994001339489922,-0.0409905817535352,0.126470254178878,-0.125293947721911,-0.313736888166432,-0.417727796166377,-0.113289577334616,-0.0213430960451769,0.06686655786101,0.0891787412640285,-0.198197898981489,0.184438239256985,-0.0558629787917827,0.31067404060034,-0.0709581725254784,0.115835297088028,0.142936568632521,0.150663691045729,-0.0453178995639417,-0.1150630656768,-0.24582526911784,-0.212683706541986,0.254659847833048,0.0634451805639546,0.0347136958184305,-0.0569612486100146,-0.140146403163478,-0.0458137568073693,0.215570014277002,-0.0768376927633308,-0.106603439523044,0.106255118347592,0.201652064097791,-0.0269412980742697,-0.221227794202421,0.0393105377500199,-0.070003290952273,-0.28119929586094,-0.149030881340302,-0.144958793080467,-0.186895133236782,-0.0876787312236953,0.114575491794002,-0.0266169245300316,0.254150011455635,0.295778013439911,0.0993001194352404,0.234301969471155,0.0149821112261192,-0.0248160414174838,0.0287742641144814,-0.300393784797011,-0.00402916379259706,0.170120019134007,0.029655556546902,-0.0162602979735053,-0.0684165858361609,0.349725730961088,0.238244078912153,0.203018347971943,0.0327566510968431,0.124966270636854,0.0109385948406213,0.327308216616212,0.177002177031997,0.150503464313618,0.154810121813633,0.29297987683901,-0.192364049539731,-0.163889705834215,-0.0596826156926494,0.295418377473485,0.217213425105444,0.246888608568061,0.331868805853665,0.06008596608089,-0.15500021326146,-0.0518393748946338,0.0608726567876265,0.0863282933270676,-0.262743132218296,-0.112280441016369,-0.16347000005004,-0.132461453782081,-0.0966757473975928,0.0283884942441218,-0.200109173636191,-0.154410776722541,0.146075664189302,-0.00600935581871863,-0.165854279153796,-0.198861611860339,0.103197996907952,0.0227402780154129,0.224059061947353,0.0678855496925566,0.114059139599316,0.0292138751498074,0.157445960217817,-0.16269840921032,-0.0212734386832805,-0.175299606407559,-0.239880616665863,-0.0191643244713491,-0.287137609885051,0.236825165067316,0.0474598509767711,0.00296391814059267,-0.0882958245069317,-0.0361376845459224,0.16835006841406,0.0670145637083515,-0.0678920577740851,0.311293741629154,0.0354062951811812,-0.096059827988158,-0.0200627721200413,-0.0372463963813485,0.0721796362961169,0.250253477007912,0.0775751720750281,0.0732943161958096,0.218815544179842,0.0975803827697242,-0.156863752303046,-0.125543668882572,0.078408581763531,0.0418774627363641,0.169142219013482,0.0167839551445255,0.0512436102534415,-0.135814749425148,0.08965294111172,-0.0386168426874253,-0.0834371669702937,0.21933532144622,-0.020249497370332,0.139270579414466,0.0256487192942764,0.204970192839976,-0.181425988487305,0.00410814659338174,-0.129169089296948,0.0838306250211334,0.229039255001821,-0.0452356874012479,0.0318133111358177,-0.0336377136915075,0.202895149182645,0.0104702576868267,-0.284143447135447,-0.295290276070042,-0.0207111813101766,0.104333287112099,0.161642776867591,-0.0656111578648256,0.0790744666919887,-0.0211410253797299,0.0989877558202775,0.194755192648625,-0.144473363079476,-0.646395308461613,0.0933779989271817,-0.139411901896753,-0.0654784940352128,0.112860703786942,-0.0494375173247767,-0.137582746805664,0.104496460481479,-0.165215706485462,0.0942957454629103,-0.124263753844999,-0.163538797045816,0.00934712853790845,0.131617439251756,-0.00643152256605527,0.0422080299270639,0.274828108359815,0.112536465550377,0.0196261981997827,0.0341635704700893,-0.235506352694365,0.0616978279529711,0.170281490516364,0.138573598691158,0.0541255948268828,0.303315572795362,0.084347346984302,-0.240927853453856,-0.171053674922946,-0.0324588018262225,-0.0343686497999097,0.0870703174827909,0.429627505078034,0.110760374896991,0.217478193272748,-0.18719964037157,0.242107351034557,0.27263168299183,0.135412161692944,0.309564426268653,-0.0383964085941814,-0.175340879194626,-0.0987424157904918,0.0234292845830944,0.0231484480641092,-0.00253582229497087,0.070867794530156,-0.0210503518725201
0.0945238329640693,0.145384992346584,0.141873889968843,-0.317952798807205,0.107675065121022,0.166826839924619,0.353114970820947,0.108602413254519,-0.247437626188311,0.0646793428486465,0.230173000221915,-0.0231190152601084,-0.278497559968905,-0.163916979698731,-0.326149231115965,-0.0867156040599702,0.0677390757015112,0.0526598291968602,-0.297102143440169,0.00880953687381587,0.154419111878553,-0.135819295637107,-0.0839072741413809,-0.2462482329704,-0.335008711762046,-0.258401886737923,-0.108715647163957,-0.276033771882105,-0.814144759662041,-0.327456250382717,-0.273308551381138,0.557960394608292,0.256076994639357,-0.0907881097285365,0.145405562569867,-0.316475255488203,-0.679197456205231,-0.341238861150791,-0.399544439105544,-0.447643726732317,-0.358184030698311,-0.394401168089319,0.375168035499941,0.0701369739389419,-0.490649197406584,-0.0959472699856372,-0.619165385858472,-0.280179793007122,-0.0200549175974588,0.157002047645774,-0.32035940471944,0.0885560021362053,0.0718175400021175,0.343812745255495,-0.161466387116015,-0.383963891984266,-0.362593151161141,-0.46316476352556,-0.244298392724811,-0.266000297839852,-0.674226365272469,-0.33461672912126,-0.27938241160801,-0.050410223678345,-0.131534561557304,-0.576289647270539,-0.00406342499063565,0.0161320459547085,-0.0306144356596989,0.153340343302357,0.00808454923610759,0.42346490585199,-0.314577820164257,0.0610673421160873,0.198218535606548,-0.125235849318454,0.0326309901026633,0.225609540893228,0.218279308596691,-0.0919484708384774,-0.0161686478515679,-0.258572601042448,-0.0785666118048815,0.00164203054901898,0.243096061986253,0.170835697256484,0.388032884656523,0.218137262923188,-0.135879961327516,0.0646063702114455,-0.522196936683535,-0.316718412343428,0.122610969007294,0.536869242753784,0.132146889139673,0.0679263970691272,-0.129624583010497,0.361463182072397,-0.022856762959241,-0.289073076259739,0.0297815598836836,-0.115144262936667,0.346731324707538,0.242524311448617,-0.171152348722424,-0.338570183927004,-0.281405101616912,-0.541363186223932,-0.202849990988115,-0.135892692383296,0.36154793390635,0.318431305480715,-0.0289832513415243,-0.275717057048135,0.127592679308956,0.472826692293589,0.460544929804138,0.225617521446445,0.173041211380071,0.337887627308889,0.653772048343543,0.158898813921218,-0.175311689248184,-0.373096192791124,-0.0738851916583962,0.270664545792083,-0.0634726895688891,0.217187608305693,0.0556927520003398,-0.0463086333539628,-0.583484866859979,0.0615341164651494,-0.102326109133666,0.205440554831972,0.0209475961788797,0.179053939369684,0.288391743450525,-0.142556576574675,-0.245084894738691,-0.194791905716052,-0.30145586567065,-0.525992694593818,-0.335851410612238,0.12241202077159,0.269569373852603,-0.266452028450661,-0.343203431373472,-0.150156758356212,-0.429505466750287,-0.171645994372563,-0.176847318503313,-0.0661881512469456,0.140630405834717,0.301795947091381,-0.130414362371979,0.290546803011294,0.0655992643069221,-0.025488757807113,0.0382539849418517,-0.25617443352787,0.046934276661292,-0.140466812794248,-0.299520117975437,-0.0864896492572241,-0.0478583310924386,-0.15318969862742,0.150990310745401,-0.227170321221951,0.0893280909667702,0.423725216302936,0.161029728082401,0.441725365810953,0.289923438194068,0.387366860224536,0.436128738706544,-0.183350604845542,0.212329230701384,0.0284210205220121,-0.309515590459139,-0.257516940486759,0.236414862083942,0.348452765211753,0.155743915514551,-0.128144796741669,-0.0364912404227404,-0.0494247698145194,0.0194195273445916,0.0236948401860178,0.631952055925982,0.325692562809698,0.24790436812624,0.0965414868159957,-0.047048138924619,0.520954118521848,0.372750720780143,-0.25683829231423,0.103680867197419,0.115473292146866,0.00842499893896109,-0.0538835171866013,-0.104683592972382,-0.0878257626830898,-0.3102638053998,-0.161751464297583,0.523505928530583,0.108797396710521,0.354408922692019,0.548692756482706,0.0286304326977157,-0.173761047450152,0.127099218064259,-0.410825565792063,-0.716396681215044,-0.485779626565983,-0.401253804236176,-0.1951416068672,-0.184324998385167,-0.289421888380263,-0.0777066422686996,0.0615742940807699,-0.409686220374611,0.0991145957943851,-0.038315597339778,-0.434448932550272,-0.604000731298097,-0.149072097877483,-0.239513681158376,0.317027217364914,-0.317328905651414,-0.297614042415571,0.0982841643613072,0.0388405123050606,-0.13505701709533,0.760090547586158,0.0811226148689279,-0.11323563564099,-0.196059254151263,-0.237679323741446,-0.585607767361229,-0.492095891263674,-0.0832863425526405,-0.0989078392039743,-0.251444979948904,0.207487986119663,0.46186729855082,0.169565169323134,0.604784920770879,-0.00473154427619754,-0.0703617267118188,-0.148559880766965,-0.114109318816711,0.423600134269908,0.233684462768908,-0.26051867095625,0.131083805048479,-0.0521236114892206,-0.0863148591200779,-0.36233587147683,-0.346208359754226,-0.262364604071359,0.207173143326092,0.105295399276527,0.388718205038406,0.153957533731159,-0.114461523624,0.12798053503469,0.0546746275422238,-0.166046773387454,-0.393328573939845,-0.0360282819425431,-0.659239277286902,-0.647400439587913,-0.220076670626769,-0.460165404506801,0.0107535078272503,0.00989884387035521,0.0948222960672209,0.322713666113383,0.00859885021919871,0.38588442506481,0.326873480181373,0.421468708292386,0.149875007661254,-0.301701228663314,-0.287891844661636,0.0171228288694285,0.111436591648213,-0.0099749009312992,-0.237769814411645,-0.354851752192295,-0.377874226954653,0.337518093521184,0.168593190614703,0.363873510322189,0.0874471927156558,0.110870259826285,-0.390694389074746,-0.175080011191756,-0.113429639817976,0.0200179444459913,-0.166887479903273,-0.0596483503935243,-0.22131932941568,-0.627240482242051,-0.0899505074616434,-0.635975857302238,-0.345217227459085,-0.358984638634231,-0.0939357905623883,-0.37517057510974,-0.181593190094524,-0.117075877551321,0.15879370359882,0.147360618292781,-0.236338546109333,-0.235538706238804,-0.336737606548336,0.166012345081269,0.0659130887753095,0.0744651820132059,-0.171064360328957,0.0542047096832734,0.247103192318989,0.686253757516875,0.502565275944488,0.00359179050349698,0.163461859737931,0.19498652272104,0.0228815072072983,0.184971365957444,0.423790949190355,-0.0218381553000936,0.318026835949269,-0.159878476616769,-0.247529627454973,0.12484820967121,-0.25926014256307,-0.25900939199028,-0.3015132178497,0.25995782328545,0.549800064473226,0.040459417822491,0.000258438797313659,-0.245306390862505,0.108061941884001,0.110616934203375,0.147105910768675,-0.115019293831025,-0.269407303881909,0.0236654478511068,0.0261836435382875,-0.240062512422754,-0.00698018340254151,0.21632555857429,0.354415207584708,0.416593887535447,0.626803718930879,-0.134090190403977,0.113883258357082,0.025088301624059,0.403525617007972,0.0663107678126637,-0.534378020653196,-0.209636455699343,-0.000640692583796371,-0.44807292040477,-0.253742298151394,-0.154733899789424,-0.245672535903293,0.255559667678491,-0.0298315364018224,-0.288343124026116,0.152031735583183,0.312214752165886,0.417510500977102,-0.243616214896272,-0.0283283107584715,0.391219529875912,0.254195572650113,-0.242265091239081,-0.286437154609103,-0.395225378620553,-0.48958034221854,-0.67206026470476,-0.481792729017391,0.0139408176129486,-0.213244209281642,-0.390124815636054,-0.104850690461143,0.291046322292278,0.0259558248370441,-0.228589568839878,-0.356054377663118,-0.359295887709779,-0.331635414558516,-0.757250959229764,-0.477030079055418,-0.167396362937261,-0.135230902356237,0.0246536566118908,-0.286832735802404,-0.364633967932253,0.050711958195749,-0.19081494262797,-0.0564094824256807,0.0252772309035439,0.166142461841208,0.00853153758556587,0.134385155430071,-0.485122153017052,-0.562888209649725,-0.61088550385548,-0.119506178434114,0.133713597948884,0.0247458491864723,-0.198169397579812,-0.141873149456866,-0.12157419769534,-0.177203764653149,0.0560427413727225,0.277883276667253,0.137714660902846,0.516194814596102,-0.104902104502695,0.240637451343396,0.202545139218984,0.152487298105245,-0.0774632643592952,0.550014169478563,-0.205709248671886,0.227172024163984,0.166611552200051,0.0484054009673062,-0.0564681050499472,-0.1840430597028,-0.0693596957195939,0.0308954617954893,0.150079468700779,-0.108418927847879,-0.255947816691973,0.0842917680793934,-0.433142104926515,-0.335536202555134,-0.0759063129800942,-0.0809585402851787,0.382137930063233,0.141929558636821,0.115982862358306,-0.0857790484053673,0.242823296832707,-0.445448350091595,-0.132593858106,-0.269730241526599,0.0377860716268578,0.0202830468940097,0.264887863598376,0.445115763122633,0.120401060095192,-0.0150841390325862,-0.276304052145992,-0.295768289840246,0.102708743881203,-0.15930773874922,0.277699624651198,0.419757365814144,0.567867511135482,0.00728787315072841,-0.180453655054877,-0.31943127811955,-0.343195168425924,-0.141445976240488,-0.114428204562727,-0.204610353295127,0.0671457443652379,0.497816885763342,-0.262990234727616,0.518974227463041,0.00829211192573301,0.378970734398584,0.272425342680928,-0.0391774773452139,0.0572875751469499,-0.133951118329134,-0.240702185909332,-0.31769141133468,-0.708620681877454,0.595397178945973,0.144282914864599,0.241376262514687,0.0771892014514932,0.218589925740135,0.368919657771565,0.187483709792248,0.299292253676938,0.218885641352837,0.169864531405331,0.355061505360962,0.382584878749701,0.0537922529645442,0.183216858515732,0.136383999112151,0.629652419054383,-0.31360191319559,0.0472481735277286,0.116999868500725,0.0721496633673943,-0.181867426399172,0.146040938483617,-0.00865404349937067,-0.398442565489093,-0.384063138218492,0.287465538320593,-0.0744760515337476,0.132280304970548,-0.22896930773881,-0.0142374299276054,-0.00271666763685907,-0.292291901917271,0.00333925084715778,-0.131631702875224,0.180033494530975,-0.0760453533567774,-0.387653027741177,-0.224633825001025,0.0127947730908719,-0.140961774633207,0.279073728955915,-0.13139022473063,-0.0484229818821673,0.0898315036895117,0.0865984852987368,0.726756905070293,0.165235923439583,-0.179476000008696,-0.337052115635816,0.263835697413974,0.163894571389536,0.174021040025995,-0.43010309634497,-0.52483991541715,-0.646009877734403,-0.0876683022858565,0.340583959448852,0.00844817522018015,0.0479515994923273,-0.177012878852041,-0.323398257275502,-0.290242106507153,0.129418073216804,-0.224450533460564,-0.282209533730062,-0.4347392031201,-0.439385423816375,-0.232247381548206,-0.209757386376753,-0.0727439376221942,0.152180669023014,0.351256510168214,0.388373923870523,-0.12704257565558,-0.134625770486256,0.0526311897511735,-0.172082937915737,-0.845434683591169,-0.514660678236459,-0.339063356346795,-0.0127010915563331,-0.105902304132319,0.0925928374019506,-0.143516208897002,-0.0959542627769448,0.022036761121434,0.298395353115829,-0.0963615082942614,-0.340475414601862,0.463245758373812,0.38681890273933,0.396896648011876,-0.0368569829095065,-0.235201547624933,-0.142238516124616,0.387541172940947,0.321361594058056,0.0965357930361792,-0.0758745966474687,-0.26682791847656,0.125161705141696,0.0756208238654251,-0.084393241248627,0.0193726586582075,0.1304545885544,-0.00424271892083487,-0.0755767821852791,-0.245148006307215,0.209252178745009,-0.272179024087279,-0.429254765597279,-0.399447671693649,-0.256012015221268,-0.470744988723882,-0.31347414949655,0.287198321673673,0.258435105409276,0.18343719352667,0.246690990050449,0.358358951415492,0.0982428439384955,0.110541120928637,0.0870630125614279,-0.110486492877203,-0.515747396347715,-0.315358914384643,0.336643847286586,-0.128880337355608,-0.0508558549389234,-0.291261168056846,0.402967465126026,0.308074004613044,0.218515055296739,0.190686687797692,0.177976557739702,-0.0890512197980933,0.437612891633147,0.126887087462326,0.262866512621405,-0.0652569800990982,0.0918589874509886,-0.189739931649401,-0.249516959940727,0.077729179150019,0.153031982862924,0.180458015627696,0.318617036495745,0.356697253271617,0.322391307478582,-0.222403180022956,-0.214418078357394,0.0882825854894692,-0.106250088026672,-0.636977154220307,-0.694869553193768,-0.176813183873127,-0.198409337224456,-0.32402116831496,0.0323997506246912,-0.119470082235381,0.0537670486914264,0.138628627776508,-0.119991420282836,-0.564459779282284,-0.463475067491809,0.0993899046452492,0.078653263207826,0.232110726833574,-0.0969193091585639,0.0850735817411229,0.267422133042319,0.0837879229063187,-0.334145443006367,-0.14493553560043,-0.34720006303839,-0.453261306237545,0.149439140451991,-0.185149515364126,0.110792184760543,-0.0252901370645731,0.0226221459850726,-0.163799419786831,-0.108218311234994,0.287376218040894,0.288162121217799,-0.126596653015928,0.451064420079424,0.422611024451968,0.0170071225076862,-0.0766167771522572,0.107418998165471,-0.356279311402274,0.199701439905456,0.335413429393408,0.297567182818437,0.398796805782715,0.199607951447224,-0.230712964946238,0.0645520897917912,0.111827100730571,0.176112867243684,0.366325463493954,-0.162939770995334,0.138428549350119,-0.198554150175406,0.0861277752142568,0.304508949082498,0.231208240616687,0.079903369721202,-0.370580347311862,0.0890823004206217,0.209882984045882,0.113286954351054,-0.2144270409894,-0.267671633849032,-0.285956856564643,0.0949265968921626,0.139749113873047,-0.0754253088302391,0.125233338810219,0.199762427349128,0.356880838337885,-0.509465213153725,-0.613603051164423,-0.480752091544571,-0.188035216875179,-0.0187203136903465,0.281646402106206,-0.220219442641318,-0.0036791296979084,0.0252436996955454,0.408649138772781,0.126772877419976,0.0142668654050211,-0.423113701471245,-0.296945697360799,-0.455536965313727,-0.26763519150809,0.196317239470194,0.119122356822155,0.0162816220204334,0.234017764487203,-0.350113627886396,-0.123891344955845,-0.0502077761881245,-0.266923337812468,-0.251621099306044,0.425156324735544,0.169717539397543,0.0146611822063211,0.194495363816187,0.36409633402717,0.0630644779659717,0.100953679640586,0.0210910958178432,-0.0942301168843874,0.457699641485467,0.416933946687935,0.185111983121521,0.241853507099643,0.203683627263555,-0.228493996808852,0.0878052606907231,-0.0971579759363315,0.1025891391015,0.204490046230165,0.427266930981838,0.406974347759469,0.541678262646769,0.0517440019005488,0.459570427261602,0.754770048190581,0.259611599763052,0.341548523590646,-0.0393079315110258,-0.391959735832004,-0.463171692790515,-0.0214531685326644,0.0964030659109416,0.192029427409653,0.0481386293941164,0.221149315349784
-0.0549656612520825,0.0584709478398466,0.207159744458176,-0.0540860971825914,0.115408360975289,0.050823107972265,-0.0652937049188203,0.0195368818301515,0.0991255002078684,-0.175015554071506,-0.142104203061905,0.0427445612587503,0.282113185629914,0.0263364886357585,0.0900025225967268,-0.0109257427878909,-0.0433212635925462,0.000171374586530167,0.0557025159977044,-0.00926877507504037,0.049060057220015,-0.0373282070295177,0.11167277965381,0.141356731536353,0.0647447364326644,0.0964766271647152,-0.00358046472234964,0.161416590473352,0.00497372395251372,0.0806412039409334,0.128932945018659,-0.131294447240028,0.0416327783582427,0.0537305149135249,-0.104917009046296,0.0428585970784061,0.0285801588620681,0.0325576071212218,-0.0146297271794067,0.101248739726807,0.0819900182369461,-0.0521750838636348,-0.144794028541251,0.0582748855355059,0.00711128080501709,-0.0526855354920609,0.20063437515951,0.0995733991224008,-0.0982402191496322,0.0717367551070704,0.0910930630454159,0.103383130033483,0.078222071493397,0.0413709965562977,0.260132107332931,0.199920689532926,0.0975881690003607,-0.224303490488449,0.184286222158073,-0.0653595456801351,-0.0532220950925807,-0.181705134620703,-0.00420320898599044,0.0839188551485176,-0.0479909784444507,0.19148768624444,-0.0814386407390224,0.124578107218687,0.00941996244739587,-0.0131600972699861,0.0911217891745672,-0.117880162950265,0.0460012616065126,-0.0025797499008408,-0.109360527853747,-0.0622601978635423,-0.0452735892514094,0.00725306956204017,-0.160029359624195,-0.0363203315898616,-0.0755682434514882,0.0234744102265664,0.155169293257529,-0.101153926882454,-0.0381171253115334,0.228501340938056,-0.0106302170008448,0.108786897317717,0.00308549076412261,-0.0278420455192669,0.0115330191466717,0.0999332719581142,-0.00853847200842994,-0.0287866690396118,0.0831751563405642,-0.00401137813879497,-0.210527044331656,0.069081828790256,0.0848492116591028,0.0493850177760463,-0.115636153997665,0.141523515353925,-0.036618625761746,0.0677522325571365,-0.0357934208335921,-0.0757375751458329,0.186035590310557,0.0685811643618179,0.0274953947165977,-0.156701775608175,-0.0692085730529045,-0.0621453393089968,0.101266210544286,0.0275640296283119,-0.0412369901262745,-0.0459356699652349,-0.0865046300385142,-0.092303788828579,-0.217453723556442,-0.0048991045511657,0.000801821922085361,-0.191311943565261,-0.136767898044141,0.0225968375872627,0.0627400891746058,-0.102361630404256,-0.0728307274612211,-0.0725048341199063,0.143306453876647,0.0127267420559923,0.151323055615378,-0.0682713164972344,0.0590237957053707,-0.15669590157565,0.0967245190976364,0.000354526195619903,0.0782429207356107,0.0837236746768304,0.124886893641416,0.0418089024305642,-0.0109066738075037,0.282055510880068,0.184696859690317,0.0213160514067473,-0.0231514080518197,0.244537488182043,0.0223776052474874,0.106709414172262,-0.0114371995909828,-0.0645676873807268,0.0709150285025437,-0.0377624588565392,0.0851979420744215,-0.0958801812140067,-0.128530513228697,0.0268448606876437,0.129736021130488,0.030839822885811,0.0169446096745542,-0.00261282597659547,-0.0446709519437454,0.063289394481519,0.104970133075015,0.143040794862655,0.0737958502871451,0.0612317689105342,0.0899070899863498,0.0267768662140287,0.071851480658855,0.0789854685276394,-0.183798393735341,-0.100732266031281,-0.0276856576261032,-0.118188868123261,0.0328295938953534,0.0292473837804209,-0.0406351746585731,-0.0328752626554065,0.0201879730651165,0.0181571176199121,0.154093493430763,-0.103412522276036,-0.0747500500114987,-0.0551417616730816,0.127413733418784,-0.0348549971765948,0.152011736642137,0.150116136150896,-0.136209827952259,-0.289735422250381,-0.207702415960614,0.00672876132818563,-0.0364061910164345,-0.0850189938291589,-0.0845085865515731,0.0765594989871257,-0.0849278262742621,0.0415526981086624,0.0806574865529476,-0.033874440278258,0.0239184157331236,0.011534464541739,0.104963737905964,0.181884714343067,-0.0202390842152758,-0.140207662238019,-0.205862719947925,-0.0801762244661157,-0.00259552981446899,0.0873371346090443,-0.0628089723853973,0.0849592536035794,0.0591864514148439,0.0827871176384544,0.025423700103437,-0.0129839161095999,0.0322715060065493,0.0965115599912872,-0.128643944228416,-0.0928203145117945,0.129899999394828,0.00132381192657475,-0.0326985863814424,0.0902629030365086,0.140710020185725,-0.281579182976138,-0.00782553843494412,-0.00444313945479682,0.264878062428562,-0.0143022815738931,0.128821024344967,-0.0121043044225221,-0.0306663240182636,-0.0172213628798763,0.0881953054812286,-0.185844403025122,0.0469036013135686,0.344854057106422,0.0747483411505421,0.193295202799722,0.0234401835170059,0.107011979097307,-0.0245975288146848,0.0702174218671001,-0.164538912848181,-0.091816815450163,-0.0808414142243337,0.0146926977632491,0.164214210090629,-0.0897274202373382,-0.0145745098835701,-0.0471957869056683,0.135316771375251,0.00634887789067835,-0.0839770794180999,-0.0911424992702874,0.0993667775947502,-0.112854767618834,0.119990821873489,0.0431799721419451,-0.153560951103492,-0.0253350498604056,-0.104268641945667,0.0167128000277991,0.057189081427784,-0.0259051687798985,0.102208934891816,-0.169243889718981,0.153034214664751,0.0744829065834757,0.0136803479373887,0.325170822093473,0.214520207779181,0.233620389694376,0.190174175035318,-0.200095883926613,0.0313248582024611,-0.0368458609067352,-0.151469548572752,-0.22160331471521,-0.00743077593217219,0.0025667979194809,-0.0687932719230682,0.297124946920134,-0.0783476618182365,0.093794430367995,0.0533852381901568,0.197105673420849,-0.119123363083371,0.12337947139619,-0.180825581015168,-0.0621227628140273,-0.0177247439462931,-0.0464856648028452,-0.0280534383852457,0.0154448025054563,0.0642802469237819,-0.173949735469474,0.0647887079948156,0.0249726297168894,0.0468893078534767,0.0219185370148032,0.0465147217914779,0.127181995718487,-0.013096274798112,-0.0679110979729693,0.0972088417279227,0.206327399454179,0.000895012930014183,0.00389036370762914,0.140684973362911,0.148852062563216,0.0338420883864762,-0.0051202819338713,0.0713962265196722,0.185458954731362,0.056010003379371,0.0791453304422849,-0.00420463058632214,0.0473217299664531,0.0474228813099078,0.0791675793581666,-0.0247151158783226,-0.0931628400335277,-0.0385321380967136,0.0172635087638355,-0.138229452929422,-0.062505317981704,0.104729172496692,-0.101399698429645,-0.0474614616213826,0.0496382187836154,0.0911742281521805,0.0560986052324402,0.16941575745266,0.139634077856412,0.110644691329469,0.0654848513716057,-0.0127038830441017,-0.11940562885929,-0.116674567412252,0.108327972402969,0.0586238670779412,-0.0886318585955834,0.0742489536050341,-0.0353877721703092,-0.00663715243842352,-0.00117726801675918,0.0893884367363214,-0.139327040627389,0.0975637250712663,0.0122194444538974,-0.237524220884895,0.0348467213178472,-0.214236037354152,-0.0432384265742556,-0.0937067869319447,-0.0913834525511504,-0.0839050666291112,0.0864535675943712,-0.26781878001408,0.179905336844364,0.0955433349168698,0.0856003493304157,-0.11275792222467,-0.00636409433701221,-0.0228134440598958,0.0630184000477445,0.0761168107143855,0.128295934821522,0.088371561753034,0.0511908963286781,0.151389518769619,-0.162610403915077,0.0760385328656355,0.0378005187250719,0.0713863792145345,-0.157645800294808,-0.129710119112462,0.320316578837032,0.187503013478599,0.259455856465607,0.0844934450711336,0.164177579371385,0.086822070332835,0.178867102955395,0.0128823974536406,0.158914391986696,-0.0187444069613561,-0.0914148289158573,0.0585442818467026,0.0669450579853617,-0.154811682408436,0.0963883453632966,0.0529309736609267,0.267977225395362,-0.0591808305894617,-0.0791555812134838,-0.0579339415114613,-0.125189312074133,-0.215049840968115,0.059792306142891,0.0466635511306169,0.0244877540130173,0.19051460553274,-0.0597563268854447,0.116684484791715,-0.130322313801911,-0.0795152083171662,0.115917562470572,-0.0357882942008349,-0.0110079276514569,0.0564526172992953,-0.205466849476399,0.0203645302171524,0.138099283437559,-0.0927615615098133,0.019664992662142,-0.125363053749987,0.236879841997976,0.0588501494378116,0.182861111563198,-0.0881424213413053,0.00984037209409408,-0.0544039927936912,-0.092486513431915,0.0184743837150034,-0.0842481561454923,-0.113434648884353,0.103947369475385,-0.0265143575058684,-0.170122283618568,0.112268923998609,-0.143798321175156,0.0694525790154759,-0.116721820692879,0.025460625178215,-0.0391264844691259,-0.0654707493720416,0.158451581192637,-0.0686774116197061,-0.0248525927755079,-0.059163605142365,0.066675880190843,-0.0167873930139917,-0.338078719612508,0.111311656874744,-0.0179602329328179,0.0931318479062356,-0.0585587127350438,-0.085221549520729,-0.0110509364357674,-0.0217138312198841,-0.126488695796159,-0.203422503478055,-0.157134384171447,-0.186479095343716,-0.240614166307144,-0.119225261360343,0.0546516061723552,0.168429939790479,-0.0964832567009874,-0.204157285650975,0.0729588074057486,-0.214303616908481,-0.167091910746514,0.057384635241119,-0.216172450765102,0.0742169379359246,0.154204553366345,-0.0615532461255855,-0.0477718380104332,-0.063586776370913,-0.0215096704842865,-0.0815637833090447,-0.0907985359853546,-0.225707046061764,-0.167297386058572,0.0159505787866308,-0.0967188662159166,0.135615273643595,-0.0407851354242434,0.0158987849261701,-0.00660653441119512,-0.0205214211008053,-0.0703020116429456,-0.14577173366734,-0.0389195095364536,-0.174038326046699,-0.212986427741126,-0.194857455613036,0.0466426076171459,0.0760934317909915,-0.0230329007864555,-0.138848771996719,-0.20226597019753,0.102468291856702,0.0905223517426654,-0.0131375582226073,0.0402350497590995,-0.227459049945262,-0.023762330437449,0.0969637150532789,-0.0504277566528115,-0.0528137384746905,-0.00502803754378042,0.140492611975956,0.0500856882062176,0.12991839662109,0.218758325163675,0.246534085283906,0.116220276556303,0.0443399455914898,-0.0092872868654268,0.0321138612084762,-0.0906034574889392,-0.0284401072433596,-0.0793294286422708,-0.0789012491520314,-0.0198092928619505,-0.079338474167172,0.0764658936362417,0.235933676806862,-0.102436851752876,-0.0466396922112463,-0.0551363867928261,-0.0073063734228144,-0.181632188256525,0.0300579736611507,-0.157901176657312,-0.0298299576314406,-0.212588930636798,-0.137327192926349,-0.153329551493142,-0.0578715976118055,-0.162536849109729,0.108235929479173,0.148102341066727,0.186309676807188,0.0160510057690989,-0.0217609606146702,0.0920763256351785,-0.163068989296675,-0.0321665609542047,-0.0121325593633751,-0.025454413735534,0.22703797796104,0.106533645730347,-0.0311083356435482,0.119239667961301,0.079573694758537,0.348975725898097,0.110595630624894,0.114961016682667,0.0596658257074891,0.0907194338740656,-0.164643447188024,0.0444772528140114,-0.0348573862628803,0.0127717804006623,0.160170994382308,0.0160689237216917,-0.140399996130012,0.0997053997632268,0.176948331742417,0.0841364693717156,0.251951319603955,0.061976644039816,-0.19285895823692,0.0505441133359549,0.0650130003905058,-0.286255298312155,0.0875452780042061,0.104686199705201,0.0154419436857408,0.00596701194971601,-0.143845933662536,-0.214265541479134,-0.277873588197158,0.0814412501967072,-0.111109625595416,-0.21584274230978,0.0131756954503899,0.0143218207150547,0.17470330496335,-0.186630549594634,0.0485474186856109,-0.0644787233050677,0.00407071749454997,0.00344521883828152,-0.0942264388346267,0.187906063317476,0.0757572006417872,0.16081097547352,0.0407917451555726,0.136881924683506,-0.115221159241657,0.130772157102467,0.0420936682600544,-0.0101048661666597,0.127539573768969,0.00245219966219142,-0.00642173260124734,-0.00928777157111006,-0.0436915131949771,-0.154473926980843,-0.0537132475517903,0.00430136819324077,0.0235373726519968,0.0836506672444944,-0.0891032804250437,0.0505922357252747,-0.139276872761994,-0.0630506517713576,0.107492053467165,-0.017804804974873,-0.156613598486986,-0.130223842685313,-0.114197478315192,0.00235313761372085,-0.160207392182394,0.115807900059039,0.0917888388069083,0.0568283249096591,-0.164149781454468,0.248099609695953,-0.153328247871933,-0.173876152239445,0.0778292698962178,0.220112410296212,0.0891102115074438,-0.108183197213804,0.000909497047024657,-0.119098821840264,-0.221049342885987,-0.019224014606342,0.0125894881331341,-0.161944271384678,-0.14459790258188,0.191545788374728,-0.0279918826082242,0.0199220249434363,-0.0229960549990526,0.344117481166157,0.0854051414515042,0.0368894828503827,-0.0722654470099855,-0.0954271604699364,-0.0901596384168829,0.322980007771089,-0.0200206496246396,0.0260436126558659,0.167481813266494,-0.0149618025891935,-0.0760109253023174,0.0685816482994232,0.00489683258654629,-0.125733056929431,0.0177853433523464,-0.0614631003848761,0.0308608210228064,0.083025735941251,-0.15800285980404,0.0428617323251742,-0.0941937102451477,-0.115739932426064,0.0654745286069605,-0.0720240093350759,-0.0423087478384824,-0.141085961150315,0.0221695872292813,0.0889238518533746,-0.141252038465759,-0.0602988330439504,0.166300713735474,0.112870123751813,0.122087019764423,0.192888375345357,-0.0370183399072203,0.163560209774305,-0.0941602378706101,-0.154001905843245,-0.160445579779651,0.131554220312292,0.134725188736241,-0.0751165802214054,-0.160833280024064,-0.0376076509839269,0.0380870550568297,-0.170087573521114,-0.0563150067755377,-0.0841815066022734,0.043932834675459,0.0862744582260561,0.00311247334741377,0.230919300932132,-0.00170677261966365,0.0448871642717494,-0.0479016503468646,0.140779571514868,0.0187753499066435,-0.0089133236020406,-0.0691137313435326,-0.0393338889616966,0.118588504326001,0.0447849305785347,0.0253602451788344,-0.0277163771208754,0.0144622866333543,0.173925435153567,0.278904684525424,-0.0272202996937307,-0.0577834528798297,-0.208655078664053,-0.0509517134603133,0.0612998739526899,0.0504749677600302,0.011637442222502,-0.0289112346327064,0.0644974686283534,0.176026832776032,0.067347652956657,0.0865092048040308,-0.00424891590644419,0.0817605772916648,0.0366314829730032,-0.1271961671053,0.098666078637543,0.0144035405508866,0.0363596825808716,-0.0764619060518562,0.00362234952484748,0.273286477474598,0.033087507948619,-0.0309931526155486,0.0425887596621275,0.0923420056797338,-0.213188246409451,-0.12764186710024,0.140368414683118,-0.086604007925639,-0.000702672657467008,0.0453083820797892,-0.0409017780980565,-0.094645706672347,-0.14369855229299,-0.102348725101844,0.269318936054599,0.0581220935424468,-0.237353651974148,0.117993043453507,-0.0112371219675829,-0.0231704002071853,-0.111983345027687,0.146471937609521,-0.00751251908758779,-0.0874989097668458,0.0746122869945084,-0.10053037318041,-0.0327101603640106,0.0527431002322708,0.105392928885857,0.14850959812186,0.0750817753828642,0.0427157635585312,0.00384075556809767,0.00617747352485936,0.216648792597658
-0.317591230076653,-0.246100723739355,-0.109011390157087,-0.0793686019874888,-0.0818430001358574,-0.0405691707551351,-0.238991092722392,-0.274465441021378,0.241748379419089,-0.109156564377189,0.0128652038320205,-0.211270000371646,0.079786667581885,-0.0816786320526157,0.435397116144589,0.281283947393312,-0.25511312775453,-0.140977339393826,0.408806933700831,-0.190288253800048,0.0365821492207474,0.00557232746138957,0.230849363421343,0.0449562169087904,0.253588892783859,0.235273767323038,0.252185120254077,0.226252341329385,0.555822130943597,0.182159373957706,0.361401602212357,-0.267787246289216,-0.289199159825044,0.05945076599762,-0.0290929651578579,0.0594044030964152,0.567030584014723,0.241343317174329,0.395157756056843,0.205256351185159,-0.082201051760256,0.251598292066876,-0.366887231701567,0.082298995211662,0.168008061146582,0.172786823457267,0.419701983291765,0.121164538653901,0.130006024919517,0.0345085219595,0.271309860502408,-0.0229795403640136,0.0449922364353161,-0.117638076410457,0.129947768019226,0.544613164277971,0.249346662911094,0.466597066543384,0.233527864470253,0.280970338401251,0.400141573106111,0.227516565120631,-0.0307984324418306,-0.00298969395634964,0.116677446903166,0.292177289598698,-0.18177873164141,-0.0987536093476487,0.0362491843864997,-0.20471189372854,0.0491527065616313,-0.17426649689105,0.207378140458373,-0.0650816511994438,-0.20558002892155,0.145667385418387,-0.218568133742565,-0.262974987121722,0.0929644901234504,0.114688515421685,0.13636799445504,0.40066214077676,0.0684298264910642,-0.013492957804908,-0.0869535454977103,-0.112422326404529,-0.384216407810828,-0.0905241007995121,-0.00685602797187586,0.0738524357645496,0.45045208485489,0.126667188692412,-0.360187172315049,-0.265189534362351,-0.00494940456336898,-0.23829869030406,-0.0808109083499172,-0.356506959185244,-0.325270765441021,0.0402185030354623,0.135655305919449,0.159528082977333,-0.16923041107587,-0.0606688526874951,-0.058164162187631,0.365307065624976,0.405840594064789,0.199685529426899,0.126525711146766,0.0156386841326713,-0.241382889463957,-0.151771462157752,0.108839683013605,0.196080467121832,-0.0379264017564484,-0.11674110426173,-0.138686870638377,-0.0954069801158417,-0.0855441509080699,-0.327830645519085,-0.66644569563323,0.0377636878052141,0.0592432351193305,0.159805663565887,0.0141218796854542,0.0808112057664301,0.0158133585679772,-0.158067945642133,0.00843499632140055,0.162552064231787,0.446911398692138,-0.127556008815746,0.128858820075335,-0.134660061220199,-0.0184210141743436,-0.0713052456511655,-0.280322886132847,0.211073256753125,0.189393600197293,0.338457529867212,0.478426694171068,0.44664645679473,0.287875160348167,-0.0458285933985038,-0.347974706522002,0.204205833578231,0.150770844173711,0.0587488396683694,0.123699496231638,0.141002960235068,0.107205616638614,0.200317477431484,0.0955637304400979,-0.194242816453429,0.119053893250827,-0.0895404012879247,-0.0472671546630582,0.142099417404913,-0.071957462114686,0.140063634987815,0.0145261370799791,0.189945501794435,0.194096199572571,0.229083183986275,-0.132519644851882,0.186612169133818,-0.0993519102545749,0.392816673231608,-0.185974109095586,-0.4582214257302,-0.0669874198332287,-0.560335287557231,-0.16089120462068,-0.219256179968889,-0.386423652765906,0.129218348278833,-0.0489995586539666,0.0369702223001764,-0.00711793539072032,0.325186328524209,-0.128381164638493,-0.175490732987963,-0.0773320110486715,0.0313268590952701,0.137388349096216,0.261578736560118,-0.0183536962053077,-0.0222282241935949,-0.445548019868859,-0.289419413806766,-0.255546155417033,-0.193358172599829,-0.130670198054719,-0.179593381607781,-0.402055543983693,0.143521817698029,-0.0394137264813013,0.162159040237267,-0.144919263202671,0.0311422147078389,0.183056800483236,-0.301502912556634,0.177028396681141,0.126586512759965,-0.282094648012027,-0.308891489870222,-0.338498491007066,-0.339080391794112,0.00541990163240127,0.0911029668086469,0.0491012845704619,0.111890771801274,0.636681993526902,0.226408208103241,0.274364412979633,0.0314555609419073,-0.0186769994719652,0.0522206891870753,0.0270652864641235,-0.00197899714527057,0.254560473310944,-0.0244421020285453,0.00112556882059002,0.428559161723832,0.427323454818888,0.116646761246828,0.218501087661385,-0.112591195118056,0.0813709743093781,0.0781742958782741,-0.0168457291964439,-0.218536175245031,0.144483344828975,-0.640328565365831,-0.113237870029174,0.0817777919112771,0.217751797905504,0.14633666579519,0.56464430968467,0.551836860788448,0.28696368831847,0.30415793311468,0.0370503905810509,-0.10706703417516,-0.255510137232664,0.0108082207881336,-0.323599410047041,0.132716104082592,0.106736231067369,0.0764698816086616,0.250146495431151,-0.167421096512527,-0.298742290419579,0.302872163488806,0.0163925041595547,0.14572477782277,0.219457315828142,0.319315304249409,0.335034623845347,0.112813810963256,-0.04568131822733,-0.0671472075642358,-0.266110081073892,-0.0545688716558749,0.108562578203715,-0.00453144067204462,-0.0422708031806305,-0.176791661704637,0.385865501659069,-0.179152468799349,0.753128033312692,0.712592191932859,0.262556125017189,0.391521152892697,-0.00547165603746261,0.0754280883925853,0.0576963571704453,-0.156008062578656,-0.0540557018740384,-0.337776972596794,-0.26253999882059,-0.102428594462044,0.0405386238539065,0.236001858923189,0.102743329991762,0.0323719406462183,0.049700417903477,-0.0652758401752287,0.282857539581511,0.337651641866022,0.38498934728884,-0.177535629276168,-0.312946697535277,-0.283249334928281,-0.234516832805156,-0.132370905974975,0.0580336004873692,0.0875089841037979,0.0996576789537923,-0.0624853256740684,0.133492430707841,0.0244340387522281,0.402346172473166,0.423403144231818,-0.0279615495148401,0.572049343802346,0.309189148751924,0.244746042391122,-0.241612299747713,0.191949359189858,0.163154175084882,0.0307968621271852,-0.130293327296664,0.00958216887279481,0.198902079868784,0.166149670492764,0.205359813368369,-0.00295462769374691,-0.060757882830759,0.134087338843629,0.162896323952951,-0.282142466424659,-0.172858663438092,-0.296237472537989,-0.509286632843987,-0.117970037005198,-0.08855119159372,0.0982676565094168,-0.0373060732474227,-0.0854319386526458,0.0749020896338191,0.0199244492930434,-0.233540260523201,-0.132290898092032,0.181236159372028,0.000477718908247538,0.114708000631126,0.11587350349888,-0.0546977452905327,-0.147170166814219,-0.377794856637065,-0.0978647954755448,0.00728665245546038,0.154004830119192,0.00179914703245149,-0.0762263924108389,-0.051050919617362,0.150569486278557,0.281686356077372,-0.110057484513318,0.0997834191484876,0.143085347116527,0.017064956668758,-0.0622165783392896,-0.459655966622387,-0.326992934583922,-0.329123550029571,0.0310691231800175,-0.0244283365427234,0.132204669046405,-0.088290550813964,-0.0944202192233869,0.474091838222361,0.129594341710769,-0.157493332268135,0.378315218046722,0.214560270601641,0.287009555691504,0.274291833662467,-0.135193283689708,-0.0108535082071271,0.334889765413797,-0.00507778733719399,-0.317351166332731,-0.12900758871155,-0.0652753134215455,0.151941177110674,-0.386700585983194,-0.0682023895137005,0.237810991744687,0.105673371553039,0.30355222843988,0.177897825132941,0.56366872090354,0.516297176099595,0.0440165847066605,0.0369885682571616,0.170282732512934,0.0348274102848095,0.0686838632105369,0.0882577937881695,0.483921372214246,0.208622806295328,0.122458938881109,0.205845668102916,0.503846972759355,0.372717220399173,-0.0578756839590392,-0.122602849884096,0.055707524989504,0.388280873711583,0.192385414122758,0.00459928048399271,0.256395278394191,0.112225360209922,0.0994299228576525,-0.325417524340492,-0.00989427234428818,-0.114116678145025,0.310952396614724,0.390420119784704,0.420669843712291,0.117311697060007,-0.0726521174870173,-0.190832731940646,0.101710080860677,0.0179637277308651,0.232585321164385,0.00463064662183835,-0.137383201331457,-0.0989546018255628,-0.109836784370633,-0.222854405236744,0.113073282420158,-0.107061365179555,-0.188393612035367,-0.0571015641657918,-0.111676551631752,-0.181304287308069,0.0384273269633242,-0.199194754627399,-0.0491059733163431,-0.113538117999588,-0.0380831714829239,0.129091843564907,0.00112859843201691,-0.00931386779306403,-0.0597884015770522,0.182299755383348,0.411959616535253,0.0840533432357193,0.395073167421201,0.309066583578868,0.12709548942603,-0.0275739499093427,-0.257551160740998,-0.0810545083173571,-0.0362752508798752,0.0984979439969209,-0.217493056620744,0.587630087159293,0.243602088748701,0.282263090338022,-0.0779474651000062,-0.0615302520580179,-0.348399749612012,-0.298016549638365,-0.0610478039695258,-0.00817762752695733,0.387189513018058,0.0691353483444603,-0.277076189622087,0.027865217764152,-0.240148802518786,-0.240481639729987,-0.351948414943517,0.0518194200908618,-0.0225696423792064,0.230015411011127,0.310445759554754,0.281070394361277,-0.105623344089622,0.0767365058927516,0.023956306919034,-0.251846060915015,0.119233786232511,-0.270672727906602,-0.148523081992108,-0.306392429197893,-0.271844068428833,0.0884358847982816,-0.0838660345142939,0.149893460250461,0.277861388379821,0.153718679033108,0.326686094055395,-0.442347451542713,-0.0754493428534967,-0.148361993314927,0.0720324283414468,-0.26795995993387,-0.493309305932972,-0.12443497274233,-0.125722818438251,-0.181380468694695,-0.173324761356925,-0.0620097780731494,-0.284018206204354,0.0366060934582655,-0.0515546494144112,-0.210884236053037,-0.499879292149148,0.0155402132848639,-0.0216184000660704,-0.221127946052892,-0.149335625742164,0.0805954404990891,-0.139243486157039,0.118985731749183,0.373073884679945,0.376540727988417,-0.0536551216499243,0.319462820988671,-0.131658623121912,0.0677671047388355,-0.0384395054793626,0.026234150989802,0.0490862212936234,-0.119238665829204,0.24090875721635,-0.116129343644257,0.118729204464852,0.163089629519685,0.316357103214478,0.0666979139555654,-0.0111075713419958,-0.342562707185454,-0.222018592927418,-0.109801353356684,-0.0335220236257224,0.0461261338328114,-0.740101602358559,-0.0305141951374905,0.14384823643256,0.26980570028653,-0.192120923333602,0.27022958450244,-0.0966019474143763,0.185727700880989,0.318150430491538,0.42194145087065,-0.0627027155066791,0.127357973349224,-0.00179049020132943,0.1108056797679,0.357366057849432,0.200274421507929,0.406411459656743,-0.338587118108062,0.14703822061104,0.168782407068471,0.326046776118406,0.485954887722373,-0.00833556030549717,0.244633501895,0.129286253904609,-0.02065671577686,-0.122908784442878,-0.165175984059233,0.0168660496766273,0.0857333746632891,0.0657444449760443,-0.0703279883642594,0.585019942353791,0.457975963333203,0.0177805641892916,0.0417004756936023,0.0860925063681297,-0.277860875869862,0.0791889982518126,-0.106751203492432,0.0595590436282599,-0.116042466787138,0.0390672411288293,0.0887508681494873,-0.414953417879482,-0.327189685505346,-0.0685618467500369,0.0550611928196827,0.066653474276739,0.109879248042657,-0.348609984005367,-0.131469630939024,-0.115896985902096,-0.171057172074333,0.13547565158863,0.0818324826992881,-0.0784527592777797,0.115271141310029,0.0663115727539289,0.0344761485125809,-0.162418994507159,-0.0271679454278696,-0.0108807866651748,-0.0419656204000835,0.098078175455194,0.415847390294721,0.270702071643964,0.186424290124158,0.389962927492844,0.0296658503642892,-0.0844462374367677,-0.215443161984966,-0.320192603374838,-0.324534140276766,-0.215792204763949,-0.277781472412578,0.0150327040987944,-0.00251956316593947,0.0529943426226713,0.177380810355204,0.0189548452615359,-0.238505528794292,-0.00433374171062769,0.0406276113306242,0.0364164582373817,-0.274877839393253,-0.23940159456503,-0.0354576471641065,-0.180425149528164,-0.298202565264072,0.0398454801266532,-0.30350264798939,-0.290145421443924,-0.27884437715673,0.268659022085898,-0.0351735430377135,0.153691839919694,0.403526756970136,0.00377993860979986,-0.0684102522929252,-0.0703447139398197,-0.260224113649633,-0.36730699125975,-0.305177882427877,0.332960746018922,-0.0393688878298028,-0.234703767622209,0.0103979392074839,0.369230422398652,0.4592985347143,0.0902155397013888,0.0947284494498451,0.190827887956709,-0.089862098336736,0.112321086074415,-0.146013451318682,-0.0612214368101707,-0.0208249417038107,0.41664948068982,0.37644022362592,0.173286375542333,0.0957385584285244,-0.259247288927307,0.264907247305912,0.0103046704778721,-0.289900570690078,-0.0833520195545427,0.188864213536811,0.126199549899443,0.256156581019417,0.72624827190512,-0.0579881004094743,0.0427435788435215,-0.0211135742626484,0.0352663898464928,-0.0806820886651697,0.125409172472984,0.296628137130671,-0.0842022645321388,-0.124424329032061,0.0439984711506331,-0.266770895305796,-0.189882011434607,-0.00443272175535392,-0.250740964676065,0.0755729284721327,0.11613815603567,-0.234913949714672,-0.147638012546043,-0.444595983628552,-0.358308904736464,-0.329645009646441,0.112929980436626,-0.00811003785817377,-0.129108992058906,-0.233807541658703,-0.124663475060113,-0.109631832623779,-0.140610933030516,0.202971432084392,-0.256429334269195,0.0322941360701471,-0.226084171515478,-0.043979137392806,0.2845217855327,-0.104247359142737,-0.0457411850932498,-0.129742561105644,0.194628454236127,-0.107807839740441,0.323998438728509,-0.0864386528113146,-0.248280185346091,0.173560791169021,-0.100792838504216,0.114769204344498,-0.299622050808044,0.139530536684214,0.252133942495429,0.45227520092988,0.15320922785023,-0.225561094557407,-0.194998931350357,0.0328768653342602,0.0996467095447096,-0.143643545318799,-0.17955772033395,-0.148993072743144,0.107237862304877,0.37102212964437,0.412971164603225,0.283379341699893,0.189411860462885,-0.195172838023431,0.0760181948866046,-0.12712051690836,-0.204394287885087,0.314721924825271,-0.264464122583188,0.343840415280254,0.272541540291482,0.114623517216012,-0.270683925493165,-0.0779941549503042,0.135361194661812,-0.105489706168872,-0.197024517438206,-0.0839904802684255,-0.0237219685643872,0.0976361889122072,0.0589865726544095,-0.247625604561765,-0.210107075670381,-0.102728669959936,-0.466151577521045,0.00896388763220077,0.417169067126357,0.0277783963726995,0.178941942692664,-0.0157460970416015,-0.263433758218635,-0.349494997612961,-0.456575911562334,-0.467290411639976,0.0340460791704169,-0.662090384216835,-0.624688172345282,-0.224909797612732,-0.136906552926193,0.123272935488378,0.237064371399567,0.119618370364597,-0.18976608794129,-0.0850272885684849,-0.208733857984237,-0.16901756321069,0.145942603635539
0.11885892539737,0.191471261198178,0.044915374926574,0.107725189737501,-0.0496159488159234,0.158295830678937,0.356300359763328,0.121879032094262,-0.0171025478917533,0.0589046735770219,-0.111439757090309,0.0691755784984993,-0.0973459474709193,-0.138428295941232,-0.0651232042421672,-0.00348614675124384,-0.0775464533436905,-0.0619078490669376,-0.349638788383413,0.008242317286489,0.18178201477064,-0.0290410661434116,-0.0255042570587149,-0.205879835737701,-0.282064531108654,-0.173200720512707,-0.112697755792401,0.0341738854719185,-0.367395906818117,-0.309125221751741,-0.156646600044833,0.249783504204,-0.0154199774892487,-0.173550250278227,-0.123865385769212,-0.133542145049396,-0.415900661536712,-0.0909704518705606,0.0596593692387809,-0.301494472901708,-0.354953379726876,-0.0387641679151616,0.060326001022001,-0.0034245941465589,-0.245562043962659,-0.198265786050514,-0.384336380919212,0.0143198740157594,-0.171851517185296,0.083967221966041,-0.183018440946379,-0.210633007619854,0.0456350964083241,0.108615326108786,-0.0695874959364696,-0.294924859717216,-0.107873013262466,-0.180051535669443,0.125433679092632,-0.12849492713353,-0.196477515278417,-0.138591335799308,-0.17566531076961,0.031081043909017,-0.0908147845739122,-0.200699267535235,-0.00466643379961918,-0.129989417433539,-0.0170080327690359,0.150448659003362,0.0153489736124681,0.291172583908209,-0.0330188627540172,-0.0143026698943727,-0.138576402101946,-0.0652372637169357,0.0630115708276903,0.149865308768152,0.0305157026200303,-0.0391480564369086,-0.314989985203586,-0.108401247758813,-0.0976227822580513,0.0316969283329859,0.115261559494511,-0.110310137459365,0.0417781033713388,-0.00125261120871777,0.337066796331727,0.00828850789028064,-0.299834121985098,-0.0826152159618284,-0.0151476033608759,0.185372749676043,-0.0387960757038959,0.0073734526204268,0.118402768430084,0.296159724171646,0.246854440800719,-0.0874882504657741,-0.0364938555595137,-0.0127370343232602,0.0863234720388251,0.0638083719822672,-0.107119283403039,-0.0565615439371485,-0.0277026150271653,-0.195812983769674,-0.0450188595007496,-0.0993037116268365,0.224547869796844,0.114239560719625,-0.184522676195544,-0.0224961146694955,0.0350628473631232,0.174040765692925,0.143745126968697,-0.0385149683831354,0.159525960275506,0.13441513507623,0.0959858356182881,0.0224981958351491,0.0120324306885858,-0.0941743676165668,-0.0552122591804275,0.0209674098744928,-0.0763353501982653,0.105457188999136,-0.0345984287690088,0.0463893998817162,-0.339598778836562,0.101152714249447,-0.0627663304566687,-0.0972132476920384,-0.126496825046677,0.0903897347968742,-0.074298581709185,-0.00588093075267647,-0.227402716028417,-0.326448416159655,-0.0818082113198997,0.0613696689663485,-0.28555985231122,0.0771427835459274,0.249931562929391,0.0864063795854551,-0.0938725647331816,0.0622370545860943,0.0900959852975369,-0.148615182448387,-0.0943924957259473,0.0589669373252534,-0.110101054176717,0.195609282888169,0.084349440929669,-0.15855262588393,-0.120542655734626,0.0618540893274497,0.0821871656881719,-0.202045804032173,0.0489551627364329,-0.0968334017782077,-0.174491987990258,0.00755301750716188,0.0210400575035669,0.0832014259644104,0.180996801020869,-0.236165544559186,0.134623399339344,0.127184459784079,-0.000185349924376459,0.232982559368188,0.221076321841521,0.272617472627658,-0.0207866453831883,0.0227958515159372,-0.0141902453068002,-0.0121607767589026,0.0315711785359407,-0.302420652927126,0.0130576171483112,0.0641048400166723,0.0884986271806145,0.0823204184452415,0.0946802567554368,-0.00908274059622307,0.0617245154494084,0.179520937615803,0.0602004065197867,0.101321716125134,0.188215201606665,0.167885293565872,-0.208818098475852,0.104158737257945,0.117261890937321,-0.156414052638432,-0.129118010806681,0.0266510619301005,0.151392731496786,0.0331297228343583,0.0250379147379378,0.0296109584002986,-0.296546827470172,-0.0310002175638657,0.297176725849081,-0.0580307078534312,0.169807689771744,0.294323384124507,0.0554254794233201,0.0639078871165915,-0.0143864081312744,-0.16396643660603,-0.099579203576826,-0.0258236328427505,-0.176594265988759,-0.16736170393877,0.0905698604807053,-0.0718418843324496,0.0533999068441975,-0.0103252774677264,-0.00901248790545153,-0.105577939269527,-0.177234086999612,-0.10401668655183,-0.273466428858591,-0.0966067245244918,-0.0395979958079454,0.132453397503511,0.0100537302389663,-0.111543443997271,0.0987684308313104,0.0455460572885661,-0.0698514509607275,0.288323523244392,-0.0586498533121038,-0.0480396321863693,-0.0283709334872746,-0.15384006930409,-0.469623261456004,-0.263299130798875,-0.139780706662349,0.0607510736113891,-0.222964355938547,0.176674572532549,0.34692856853087,0.0119976349243013,0.174178929736089,-0.141615940204867,-0.187206764749972,-0.209329951271868,-0.0342003058278338,-0.017761013412571,0.0032721240368155,-0.0510617786468295,0.0828867651995507,-0.325817957617983,-0.300892392627621,0.0261051589944293,-0.0916885291808644,-0.129175187352951,0.12152343863653,0.0195003651514397,0.240390519443114,0.178485233722105,0.0176304437059729,-0.0845092631681543,-0.00778351194961,0.238982599662992,-0.140811454291068,-0.0454151957077046,-0.44507628282831,-0.333684400348723,0.0845393509825621,-0.181226129695537,-0.169435167732649,-0.020482828086825,0.173036928159616,0.132503477515005,-0.0197580797094515,0.113928372995126,0.168986923026466,0.0434854118205425,-0.101617206724073,-0.219556588263994,-0.109518415710307,0.164595118299512,0.0721726460187135,0.14224846078223,-0.202924913892457,-0.149163992865943,-0.187070489228334,0.0863061531603689,-0.0770200362694383,0.0837501798639253,0.113530440789946,-0.156801875340987,-0.0774728466131988,-0.104327588126431,-0.165092724819722,-0.121944993731802,-0.109437303081769,0.185379661944733,-0.139810555492092,-0.201022781915545,-0.0344794377573916,-0.17589216371911,-0.198213196326013,-0.049991253365546,-0.00195230332422261,-0.139669153464555,-0.142193533271771,-0.100816850841222,-0.0846507329019055,0.24553632227659,-0.26871569206336,-0.205846662659793,-0.319088979184434,-0.222468378206179,-0.191284939184727,-0.101818262265702,0.194628613991973,-0.0459719170195149,0.146933666447262,0.131318164129696,0.0354168650103629,0.0318718866892447,0.15429746526092,0.0194436095727641,0.0794751741455925,0.0100669761708838,-0.0822185922433217,0.00120126622801576,0.0556295011947151,0.0156282665036159,-0.00392519384741272,-0.0155246023784194,-0.11920221619341,-0.11491202726821,-0.128269663067247,-0.015362842853544,0.187690631634508,-0.0806001898335852,-0.0121033845764679,-0.0147665707236119,0.0602978188883915,0.126388752914337,-0.0340610545031502,0.0859046153701602,-0.251225850709159,0.0218504908077304,-0.0391214939648837,-0.164457969241545,0.168045550997429,-0.112304409739712,0.193758129833087,0.395099417236801,0.218057569754126,0.0152825687975038,0.0248879952120077,-0.181392679459919,0.144015055200156,0.00780052736248995,-0.161100780457635,-0.0411657719229181,-0.00584652617728976,0.0285269526330277,-0.131274537175198,-0.253814051533441,-0.156289357884864,0.122781391203248,-0.104774448151608,-0.0986442706942791,0.128630450090034,0.254617178424046,0.0488489083503309,-0.0169197520690624,-0.0257303378300147,0.0617785233761059,-0.0896800089714384,-0.0651468871545527,0.00513479701640293,-0.200360771754122,-0.0700949950427325,-0.141032574026263,-0.0681853172280792,-0.015370560856539,0.0522305295415749,-0.101634514116293,-0.0125884960158879,-0.0774112393322424,-0.253051680683427,0.00952669456367065,-0.00310972420462398,-0.0536793277490622,-0.0990150387354038,-0.386528579305992,-0.269565151471862,0.00530173539043941,0.153547339152762,-0.186084468980964,-0.261035926814783,0.108114007667257,-0.118905762818921,-0.320811020664793,-0.12787611882824,-0.0384236946217671,0.0885656783433931,0.0155676444567315,-0.0196896159198367,-0.116362867039725,-0.325929833926558,-0.186589096883742,-0.0606408395745471,0.0362507989227087,-0.0706245187476268,-0.191257002377074,-0.0244384794621019,-0.0412237075396108,0.0335807307933306,-0.0108517617381016,0.083836277304485,0.157809121142353,0.0845088794695869,-0.0137018190622707,0.137101191746379,0.057474602422444,0.207422685289136,0.108784039801812,0.311565944359951,-0.0185384778810593,-0.0253162833210376,-0.0969652120191922,-0.0237974606218361,0.0945142374603647,-0.11932121378867,0.141434862146828,-0.10776317482957,-0.0416912578276739,-0.104730379296638,-0.436741757477825,-0.0631885157121539,-0.226404744948003,-0.0152889083209466,-0.0740661333460425,0.0169728648906724,0.10035347095703,0.164599480225459,0.068093276503958,-0.0533209511179685,0.0730704052061696,-0.140315757967503,-0.0929366465343511,-0.137538231957089,-0.0424601288125081,0.156112794449016,0.285007704209451,0.182776920502525,-0.0537207335477951,0.0329747593754086,-0.106160666461666,0.124827375237806,0.0269412251003607,-0.063056261929112,0.242702779196577,0.218405718649809,0.15668880151422,-0.0487261554326742,0.0610591910803691,-0.0762918423439862,-0.172284375653986,-0.0672766668016462,-0.0555242245315701,-0.0518110717231567,0.0402845757340376,0.2173678264649,0.133395032730073,0.199070743020848,-0.0328973755497486,0.0947366844194046,-0.157228025207245,-0.103025539215461,0.0869142329604232,0.0389580649023784,-0.0343869898689786,-0.0634593504188149,-0.426762068216171,0.252263496090559,0.0802742819082075,0.137763646683585,-0.055596035355694,0.102518718010327,0.0831619285249511,0.0975733890950047,0.308931077135024,0.0264907872557207,0.0144056501816162,0.256906961649682,0.115786215488163,-0.0419768680694373,0.144021330534886,0.121724370124388,0.161357580725137,0.00440570750481344,-0.21421195816794,0.011273494477588,0.164419555716561,-0.319703362421728,0.196977063651144,0.0552451146381819,-0.277912954227205,0.0242797684311011,0.008569667940151,-0.287472078171628,0.0675177507257139,-0.162305323999766,0.0869510141410435,0.0839376469450818,0.00129235343698199,0.0235497633469751,0.00478591738069509,-0.0480213322991999,0.0250248971411567,-0.0456674543000504,-0.197479997565614,-0.0804782973749425,0.023222055000655,-0.00638782343576788,0.0721508815248354,0.0841792349949467,0.0461556478578038,-0.0377162015576004,0.386227495443449,-0.0718060768456349,-0.246222341850842,-0.0570907174361943,0.0601324480201907,-0.091598479047495,-0.0661506952786033,-0.230536080024699,-0.228017861558839,-0.471112532624311,0.0876635151092451,0.150159298931016,0.0744707431869368,-0.0557310891811237,-0.0664539981164649,-0.167232998295507,-0.0800759409919898,0.0642264023248642,-0.0314493035608187,-0.157693960530098,-0.177601868618989,-0.284947012950019,0.0343965143708023,-0.120289273908152,0.0939606648506734,0.0379266412401988,0.354562334264073,0.0560322090381172,0.0265154177345084,-0.291323544474342,0.176208153760157,-0.204769518015324,-0.195222137674087,-0.0238568139508416,-0.0336763416318904,0.0604451359459624,-0.124070042407822,0.0126490276637243,-0.0679179778252089,0.135434406596525,-0.0413034317019946,0.024959532626221,-0.105806404259852,-0.125816650246197,0.206689149662608,0.13346269575017,-0.0451868534039587,-0.0710591714884097,0.0611433971678555,0.167510881913061,0.218359013616283,0.121868630093844,0.0688015994318197,0.0259141914882254,-0.0532311070445877,0.0782427903959338,0.270929282784542,-0.214906338409544,0.0600058365846344,0.0588819437160014,0.0039830395578537,-0.101443766379666,-0.102927387267529,0.019005112193016,-0.1784356020836,-0.402048194664818,-0.191790205851655,-0.232543457705373,-0.119670740194514,-0.00743457846535016,0.155479016617586,0.239583039295983,0.17270507600216,0.171068409645347,0.0662586610962873,-0.277163237408069,0.0272164472082232,-0.00134602530965655,0.133823871142008,-0.215232776293546,-0.133691113282415,0.0710175234656197,-0.021061783967524,-0.0376486403927383,-0.100908506606564,0.0173214924712015,0.107806788597152,-0.0376424765578085,0.0902889921777074,-0.0158010552262493,0.0992515913256419,0.173826541673835,0.0907642742671019,0.160382215308294,-0.149548249969641,0.0146580984723098,-0.0117535260626292,-0.134416275248324,-0.00628009895528867,0.0128798205775352,-0.0454405591973299,0.106162200315113,0.195705483580073,0.238021306648162,-0.211823664759147,0.150280639968467,-0.1233181314438,0.0666554295394657,-0.0643552574640436,0.0236652487965228,-0.0405524895998008,-0.132364312464951,-0.189917009058153,0.0644595519169667,0.0620782618155364,-0.0488731391334097,-0.0272741647318424,-0.13760814099849,-0.135852782835969,-0.238467473726035,0.070995590158578,-0.100279057130825,0.126701292374719,-0.128756154301613,0.127900069332496,0.310089081443733,0.0148396131064559,-0.183481561490232,-0.107842138115826,-0.00842043281175585,-0.0775940643663095,0.0680340581727534,0.0378803689202097,0.0479260025811199,0.150084274897481,0.144151028838844,-0.205859149450925,-0.164948182275022,-0.0192459866105314,0.151104514017879,0.0725414523916538,0.164247462852197,0.231806747017705,-0.0617046725688113,-0.0183719496996915,0.0990547184516539,0.0709333099215185,0.0905100540167786,0.227311095643033,0.181501962324438,0.407687452494412,0.0569765552931251,0.0279519446937305,-0.00252737487267677,-0.120348065696677,-0.00037830624650162,0.236487834173855,0.0705332220109941,-0.00842924425675517,-0.0917735235733077,0.063553776625967,0.080865650011842,0.0223676176247451,0.160605898298331,-0.102832234899078,0.189178331339842,0.220605396864532,0.116847736522731,-0.0997033097108392,-0.143794888007652,-0.0660877242339576,0.137594138034685,-0.0565463371710807,-0.13979657816437,0.214355741175475,-0.0234403366246282,0.0809997072205151,-0.100427129903268,-0.303254547395674,-0.358291750222767,0.140286710027064,-0.0200260746076229,0.0706282080874044,-0.0814001182228133,0.0167225153925192,-0.101467645314471,-0.0336388530688231,0.080314906307344,0.0368831457259776,-0.25307400353532,0.0607441045728277,-0.0501106397109654,-0.0701625101783282,0.121999043483779,0.16621192086645,0.0651558339356589,0.0935902100914706,-0.209711272996091,0.0581146092762011,0.0527340765618657,-0.229997769957461,-0.235403504900602,0.240884558979925,0.159727343328958,-0.0578512584849289,0.0643017051242487,0.181116263051985,0.0150323424077322,0.11343473231859,-0.360593914465733,0.133813379369455,0.161966784324497,0.203578032298263,0.311846164279849,0.314755807468436,0.246820960448741,-0.189272491440666,-0.0151000908534977,-0.17716136034699,-0.102557190278477,0.0445163086659965,0.16767728198473,0.192226630619297,0.166443207392034,-0.0893713506324808,0.275954168922139,0.432987942620431,0.225818541967959,0.168945766591592,-0.0409719590966221,-0.145871817595533,-0.155335390390177,0.0830892115558392,0.171760981496831,-0.0557765559235782,0.0782750240880877,-0.233251250575918
-0.0935156463108554,-0.239993194647155,-0.0796390203147963,0.0288422307873858,0.0757178099376245,-0.0313997745267166,-0.0519234119804883,-0.0498422298559199,0.28607026606519,-0.146286546989589,-0.191794274940412,0.0582834046507574,-0.0255906152741524,-0.0629870316993613,0.154609539317939,-0.0110736923632603,-0.0431120483138609,0.114317184818254,0.24701137242025,0.00797874770089219,-0.0346222310726862,-0.101274745646747,0.00564947402415512,0.143360312524385,-0.194264883130519,-0.0338140392786132,0.134778295692702,0.0323511379174657,0.0529210481799806,-0.0531426353728385,0.183402168829873,-0.139843196221366,-0.0727800419446671,0.0368926189939371,-0.0394768570735581,0.164129529169847,0.239248698895538,0.217223791050593,0.0741811913797389,-0.0129267077207924,0.0781360787566482,0.0459046231675869,-0.0859710567228358,-0.117019374409397,0.0947624949284296,0.142752765773261,0.27238891592132,0.142222878002149,-0.059000484781746,-0.12101783510654,-0.163928141624856,-0.133190649936729,0.142056300382481,-0.164775920375368,0.191056480360234,0.228108379494659,0.0240402131584386,0.0808268505984809,0.0614450726851505,0.0615075172268327,0.0249194860360746,0.0650580662114446,0.0721539979447687,0.126331519282211,0.170857398945604,-0.00525783457509996,0.034736289001433,0.0117647408484467,-0.0808977784885524,0.0696453697097214,-0.0715216298145077,0.0379533345821936,-0.0831643584253416,0.0724689108633952,-0.0699529994128792,-0.0238648511228954,-0.0274921638341286,0.0873375287372923,-0.122528100845728,-0.0422451922913512,0.174429998815911,-0.0566617669723692,0.0324167043350264,-0.276437945022977,-0.102636047885544,-0.0489528113051627,0.00995810832586411,0.0213015547685459,0.141081822884824,0.0137635823541152,0.243836077347741,0.108537398728582,-0.107113676601448,-0.114530496503051,0.118761373376155,0.0260705291978157,-0.120163832621413,-0.176175450406769,-0.0317979104770607,-0.0833867251391351,0.123685493401501,0.129335638575611,-0.0293271315525814,-0.0474531901173847,-0.0133805480139987,0.244869143673128,-0.000918713310860603,0.153568923186657,-0.0204225481290135,0.00696600643460999,-0.0105866049603439,-0.0482895651118837,0.048798941196278,0.014691537398685,-0.149812809970761,-0.080374269220496,-0.160212981786541,-0.0115044170855599,0.0221958745316621,-0.104847337725184,-0.198899396121334,-0.0437101814366062,-0.0549892773149586,0.128277830221836,-0.0220314443127178,0.0504037143016993,0.0133293675066172,0.0668328403831612,-0.165750381711981,-0.000461108853443238,0.221375766856153,-0.150096427534899,-0.127287529603968,-0.120502951977524,-0.0419289504949208,0.0443857880563233,-0.0228110644570902,0.0595824928641233,0.00324136724859195,-0.0310120888014422,0.213465473111626,0.209471719474868,0.186074379524555,0.0789862593284229,-0.0576336829945245,-0.115914971980381,0.137451765738096,0.127399435242338,0.140375194411684,0.101060031238739,0.204737962120256,-0.150412429436439,0.241887610422367,0.0401379971887566,-0.0982165113261351,0.00669800502651258,-0.0822607291268856,0.033902933029146,-0.0458977119350791,0.0161724560477696,-0.116599944860984,0.0205502200093241,0.0218900933168325,-0.0290862154212308,-0.0279155102918921,0.00233297570907457,0.0577240700209332,0.0926893368535586,0.14633857521876,-0.207357991838491,-0.0135700894440833,-0.252058395884173,-0.0727859502800925,-0.033008062203713,-0.0828683388878373,-0.0272883678790865,-0.157957635908651,0.014488717118977,-0.0140717684424303,-0.140407391659246,-0.000903937557389642,-0.0614172477789952,-0.0263416476199751,0.102320327708549,-0.0675555586496233,0.00833729112887196,-0.0235741248000919,-0.241302451361102,-0.0735797895324974,-0.00558805566140047,-0.00174972133788363,-0.187953886180453,0.185015734649065,-0.0135860472003441,-0.0467527620849554,0.133476043194844,-0.0457818844263744,-0.0779263033418104,-0.0790662588270694,-0.0122259868779158,-0.115529274117543,-0.0813361248367424,0.153154410048729,-0.0580832412380509,-0.0697523736752001,-0.0848987403012569,-0.0422506296673211,-0.181219940734873,0.22875098448008,-0.154830278843866,0.0527400551809997,0.0591125845705925,0.140472827511654,0.197252618128389,-0.0543425384723061,-0.00662030340465514,0.045772033145321,0.179296170552126,-0.0953237180139148,0.174209510746918,0.294521339340449,0.130676163087868,-0.0692167408980809,0.0128001584793498,0.226992112450124,0.127049417145649,0.127011102130949,-0.29660963479428,-0.00314930635172159,0.0290582501809147,-0.0310537202294256,-0.131051040967123,-0.0840717368717517,-0.185146481256464,0.0648085624678857,0.272106583112225,0.146573202218812,-0.0230773154115938,0.238001786601395,-0.0509454136919032,0.138218466352212,-0.14252776838915,-0.0290649379611216,-0.101177905617349,-0.147885552395775,-0.10070220348451,-0.346356883534739,0.0869084898616537,0.129217396451851,0.203601539074161,0.0221030703409477,0.00274750251737169,-0.180166010353215,0.00330146496902824,-0.00906217190062698,0.0346085982923772,0.231202502887883,-0.023157793942233,0.0397101027165283,0.0633357595105064,-0.119571560488709,-0.0681813408049363,-0.092527576496373,0.0882465446021245,-0.222954684500336,0.010020437207712,-0.132611819580279,0.0171176333647464,-0.0392073313645562,0.097480317599418,0.220228510258554,0.165571780816632,0.0450912226124125,0.205655098653279,0.0944531010044409,0.0934800475366237,-0.0195425370269295,-0.0352793474956329,-0.130169061386064,-0.0105234535847588,-0.249247072342614,-0.0247517170646516,-0.144213314429899,0.181018597148675,0.0563115428940694,-0.0430675068819869,-0.00294735659960418,-0.221870730795209,0.0870557290552395,0.181486745219664,0.194582974086816,-0.235213628921979,0.180143763530269,0.0606429334921474,0.00384403943877168,-0.0423845620878988,0.0816140127092362,0.165765948565701,-0.00792323225807541,-0.187368712450993,0.116222035412726,-0.0802668612949698,0.0742091271749928,0.0232441115484742,0.118144628773066,0.320377894935713,0.0967616815695023,0.196127762069642,-0.138557143398358,0.112809037144867,0.0855253135336649,-0.0848820529727605,-0.0865463952845651,-0.0926380810018491,0.104427647964541,0.0513295575021136,-0.00748938014845148,0.0961131654150507,0.0719270653413938,-0.0519224060518995,0.096081102574337,-0.142623693248646,-0.177936700855342,-0.179206676134292,-0.0986454525426501,-0.166489083057974,0.0156559670155673,-0.0780909736481141,0.021967805551704,0.0560420889813105,-0.26443492632195,-0.0121708267579875,-0.115097813005086,0.0217036644986171,0.0511715303983605,-0.00711620996014452,0.124633979019226,0.275198340098448,-0.0241295438333269,0.0108436509817646,0.0627662622492196,0.0431371038076784,-0.0415403483172232,0.113055115429113,-0.214727539911593,-0.140761319273823,-0.0634205804113578,0.169986690437827,0.116083727521933,0.0548733717213644,-0.0738686443141096,0.0490382600044393,-0.00841576199305169,0.0170377501803278,-0.026997192666531,-0.0149961015093457,-0.164613103646853,0.246016001296981,-0.0268185089973486,0.0515946301654308,-0.245548567242741,0.0432901488574325,-0.0853007801792549,0.121444740002169,-0.164160872796344,0.193467292619501,-0.067728256891032,0.144720554734761,-0.0928194276514472,-0.0415453624697751,0.0135010021347552,0.281087590242369,0.0393178447333897,0.144483510622434,-0.0171631920324164,0.116288982978809,0.0786643616492194,-0.1218298288331,0.0422118842140633,-0.0426802758534575,0.0266590805100922,0.156893560333949,0.0894287084702948,0.302452019580594,0.262306106591351,-0.180539233613635,0.0850096619905398,0.0442176108570363,-0.154098265620629,0.0545314108506606,-0.0365761505781834,0.119098324065923,0.0280827158311579,0.197521470142772,-0.0691097888665529,0.204135394977243,0.206511959740855,0.244149606211926,-0.0336110024651393,-0.0840311623066144,0.0731760139640508,-0.0313509267611906,-0.0981914069850921,-0.0819983336596661,0.0849057837044763,0.00445021213211788,-0.211415339318199,-0.192483260492771,-0.256852003291138,0.124862994404556,0.170558120522739,0.0790047371450815,0.122249620887464,-0.0870325298304634,0.0967205675537102,0.0347855256772532,0.0992129029229354,0.0214059817787606,-0.0295004957296395,-0.00220277562394958,0.0331004606620124,0.0670151819903829,-0.294145227074285,-0.0780130327632642,-0.0499426473258499,-0.0405418906434675,-0.0424819878924914,0.0755464249162736,-0.129604206724861,-0.042385509627718,-0.100169149820634,-0.08798673092199,0.0672054285001438,0.00362967526975497,-0.0218527809583251,0.0288545432063087,0.0820405851402277,-0.151125586998443,-0.149234672426933,0.136045626268096,0.0101905151531349,0.0756674296976721,0.212156440338366,-0.00823252822347827,0.0890585910695979,-0.288223292750106,-0.0359213830678768,0.325148674375456,-0.0655458186693896,0.0535716055411794,0.119598940924884,0.0474319998136973,0.199116326241767,-0.0253199554959557,-0.0936555133224635,0.116179196968373,-0.00786455065746838,-0.0232669317404233,-0.0872440385566002,0.12000489741414,0.159472508604682,-0.0279548626259765,0.0281557977751233,-0.0342784216398522,-0.174328937193491,-0.172193165792348,-0.196370127439134,0.0431655517267308,0.206765051920503,0.029328134597137,-0.00510941052750512,-0.0459907280048125,0.0790322355135041,0.109598188906928,-0.131189394863451,0.0776619278767655,-0.171554032458447,0.0807442213437444,-0.114738818949627,-0.140515961330073,0.205186743775291,-0.109586801153651,0.245808722797596,0.0037886258441144,-0.140473839669794,0.16542096209248,-0.124704823175113,-0.0347640065297665,-0.136739448674641,-0.125400021010846,0.0307382896171511,0.048123214821273,-0.0346415032763805,-0.0498267498548413,-0.0635641453853663,-0.0715598063486487,-0.0390499407514541,0.202772220580146,0.131867332089884,0.107292443166567,0.179970759168969,-0.268203740529294,0.103181365355347,0.0745267297772848,0.119903575194972,-0.193524465709351,-0.0363692955939972,-0.0588902781823313,-0.0582807248000111,0.263947301722551,0.0976289762482159,0.0270592552504589,0.161170355314797,-0.0644015373439065,0.0761965859612687,0.0155087900670175,-0.0536187923671453,-0.0935889587701353,0.0609312244919194,-0.108682700531691,0.125946849740304,0.0555552623030206,0.202890199447584,0.0208142758442845,-0.221543442163059,0.0261588760471016,0.0822419802123653,-0.0516904459211015,-0.0514844472257085,0.0488239228496331,-0.202352422698801,-0.0255934155223949,-0.0703794790379765,-8.50252382090799e-05,-0.151219231547163,-0.0609271528678252,-0.150387423809307,-0.0584732648596644,0.106144737287054,0.0228527826572583,0.322989038905799,0.0391225232135831,0.101023585006543,0.0786067131823954,-0.0077225570020738,0.174064704664254,0.105542375713707,0.0959403140499997,-0.0915691473092738,0.0656853424889248,0.0713920184355996,-0.0779713395211278,0.0538200993084399,-0.0692050769250238,-0.0778605890031675,-0.0327464806754517,0.0112518416469105,-0.152714136836055,-0.0308792844417506,0.0913690106767177,-0.00976202884597797,0.0431518299994986,-0.0816329967420347,0.319104227856829,0.0395935857182274,0.0101049556185784,-0.17362856366256,-0.0374449762652566,-0.17160668951751,-0.0309190376576811,0.0398243530782258,0.0864244377694633,-0.11291873701666,-0.174828202812345,-0.100310345039486,0.0205024620317027,-0.29642061603793,-0.0951913733278904,0.0645855869638102,0.0726171183218414,0.00261878522495899,-0.089578406364167,0.0207393349343493,0.0724909811250112,-0.0440224223904396,0.0332320446498907,0.0918234464692233,0.020765824493339,-0.0943768082891869,0.0396059727023249,-0.139047666788284,-0.154333363757231,-0.163724073126519,0.101110420622131,-0.117687454399578,0.261047767871216,0.166959839162578,0.173879199637207,-0.0281000709053553,-0.036515799826108,-0.117212246383879,-0.234609694571986,0.03406618835351,0.0158095475655287,-0.122194465722495,-0.186067722980732,0.182653020921082,-0.0122341882924022,-0.0500926749699147,0.185128000556841,0.0470946697433181,-0.0403006477149575,-0.240141822076649,-0.0018814218976468,0.112340464170331,0.0136018422860331,0.0725746982726234,-0.050569188823459,-0.0697881457042742,-0.0879045483516606,-0.058574598782423,0.108419364733164,-0.287846043028,-0.128572113514446,-0.0483279785173889,-0.00292381009896236,-0.116069854240941,0.0864603984011869,-0.0338024355502556,-0.0424343176257305,-0.0674671639678348,-0.0324902063378819,-0.105373934025739,-0.0801090512519295,-0.19747396739714,-0.00608638149382651,0.0562733245506768,0.125819684129114,0.126129261794968,0.356294019969613,0.044462317099026,0.0171540531885218,-0.062177997166839,0.17588090936301,-0.154387746856304,-0.0463884777874867,0.0773865618497451,-0.00642648156410139,0.150027634486017,0.162170157554672,0.0954395035375074,-0.190844989363997,-0.0427358769267349,-0.0799106052924277,0.13542303173161,-0.00420305228711234,-0.0257678505856539,-0.121403519212081,0.0108214836048176,-0.102687870130619,-0.123616800199146,0.0564145445256531,0.0246702585074343,-0.0312236237876774,-0.228715441976028,0.0760414743711113,-0.0858700048304452,-0.00313788973721758,0.00573239418001953,0.0640771879108701,-0.183365188503208,-0.033074759553323,-0.0726485480079627,-0.0880984767736857,0.0668788987525739,-0.0692554329903599,-0.014700959608452,0.0862505952679124,-0.0919128052872995,-0.0494816281756671,-0.0230204012080741,0.0788242572160517,-0.178043523325917,-0.0187308928577078,0.0133383328204417,-0.0855202089472062,-0.0186818024183302,-0.0930365081960876,-0.238314054998043,-0.0735653252208532,0.0246208903199811,-0.0105523475970415,0.221155963963241,0.0254575941331359,0.0895252895573319,0.000649787479505864,0.103595690085883,-0.334588869868127,-0.165894992330899,0.136977458622477,0.0241587536960479,0.0987570903312453,-0.0630673948161655,0.14979915346319,0.0539028011869453,0.049166252838416,-0.17854124305479,-0.209170894775769,-0.112263632232981,0.0832384686772747,0.132392478194899,-0.19823623552688,0.119031958487077,0.104840789639,-0.0182944250398527,-0.0555375321251761,-0.0210167913369519,0.045535486962915,-0.116563895849042,0.0216946202583614,-0.118079390465622,0.0799449161253968,0.0715846601544903,0.147808283816498,-0.0643829373983895,-0.0270427236201928,0.0499960956496718,-0.0594042038176086,0.0503283487600752,-0.0637735102230545,0.173664732094992,0.0083833811534853,0.109019724778018,-0.139657549713033,-0.145053370986488,-0.106927933346549,0.114367136817164,0.046686191168499,-0.0955812838253397,0.110149536811128,0.0599801621010868,-0.0227808970833239,-0.099536402425656,-0.193714999798132,0.105787005493313,-0.0217358493253132,-0.0278169111655784,0.128865872346302,0.0581413179257994,-0.148204958181128,-0.00205060670351665,-0.189383991754981,-0.0160894429597399,-0.150047066122557,0.0424444371485617,0.0898800954169535,0.0267343003091242,-0.0974658104105858,0.00805191145068763,-0.272331849360929,0.13490813843607,-0.116201237104833,0.0967479086803954,0.116740319986734,-0.133346719111808,-0.111288603797875,-0.0263755488689563,0.0525818799055979
0.0372243737326513,0.199790402621504,0.14424994398,-0.0907750877072564,0.137539201558431,0.0834263601958454,0.0176989393609833,0.108203199151056,-0.26455259556222,0.0355628583973161,0.0973557572765958,0.110061324776902,-0.25175032535103,-0.187022975114603,-0.291337661456037,-0.207054481245538,-0.0298958977482716,-0.0834756529975974,-0.174644638893392,0.0631853558468086,0.0598813524281885,0.0274338005452511,-0.135877403317916,-0.0429161867970376,-0.174800778440489,-0.373468908819507,-0.149735532257393,-0.184624223095587,-0.496965898099235,-0.381998172346187,-0.24898069147628,0.308051698755603,0.166268442080715,-0.0330168631967028,-0.0664494150309072,-0.214935474506836,-0.406316381094118,-0.284529972299259,-0.180165615365412,-0.118317786899364,-0.136508219210498,-0.0746508270691869,0.174951585512827,0.00645102567284336,-0.201672466705007,-0.118089296146837,-0.672664097741153,0.0959490670153908,-0.017148143679886,0.16702420427877,-0.241561038280698,-0.0334033565088981,-0.119487792937963,0.228156364597778,-0.191856657701567,-0.386770337241281,-0.224312716397313,-0.181158363202046,-0.220634052803178,-0.210505121992526,-0.339525495007194,-0.0922243611377776,-0.260681380132188,0.164083143210962,-0.166409491410657,-0.355663850035611,0.138914390567967,-0.0450591885999475,0.177202819332915,0.0217872511894734,0.0371149093202761,0.147093180770241,-0.0888897300487295,-0.0865136240288016,0.161041916767767,0.0085929249243679,0.0660699478557699,0.247101893905194,-0.281882586400552,-0.145373844427807,0.0360399992983843,-0.1943346308142,0.10089186097272,-0.0701620406670008,0.136073118125429,0.00835115946035852,0.379364049849136,0.295316184607414,-0.260585725425674,-0.041424932192077,-0.503207676697663,0.0476411392789718,0.100196891665211,0.314824819835555,-0.0148183438915116,-0.0151860555068312,-0.127229750064977,0.32606411433084,0.205733291702031,-0.263205836037013,-0.214611152508306,-0.184399911180409,0.171537974744702,0.099187804178166,0.209864026332007,-0.000279892927580294,-0.137946213630338,-0.30484920090313,-0.0325113021487546,-0.258945257617108,0.170216821952752,0.257530438726525,0.0184366855721984,0.0282493420821756,0.0495616500738006,0.359717804693679,0.260859284814916,0.132052558887011,0.0731902712703176,0.455466282181201,0.195083647602258,-0.029089566977369,-0.033247570819551,-0.138328630956631,-0.169746567969856,0.0947402193156544,-0.151481316595806,0.108614282027129,0.0273931005538988,-0.0267621741208364,-0.447674126884607,0.074298619498372,0.00955466866934815,0.11145556008046,-0.133177291217214,0.0626117225426448,0.049116393289758,0.116099556430755,-0.158411362881282,-0.0352066499961434,-0.170448809686136,-0.31922932961086,-0.387573303993176,0.0719719168886225,0.233277548333713,-0.137388748975639,-0.16791690281645,-0.199201313824931,-0.188831154038116,-0.243968574387166,-0.374561886318514,-0.0594154142948248,-0.265081693946551,-0.0478481302891661,0.0358516812876423,0.368283896599478,-0.0389599243010288,0.0678644629594494,0.135831529935737,-0.170437867460235,-0.0208355265792583,-0.181390713996617,-0.231200775431267,-0.0408515485576236,-0.00993217141820566,-0.143555747639419,-0.0342717165284541,-0.205119807721124,-0.120688138243452,0.347823812257652,0.0773350356525546,0.312442015967686,0.350276719725507,0.391462089105278,0.408175482051454,0.0822918010814507,0.215279303780747,0.036538632002063,-0.028561670602443,-0.068327143710129,0.21854240723043,0.164171546991796,0.228892924415272,-0.128283997258806,-0.287388628061395,0.113152733897651,-0.211660838421587,-0.13025227602747,0.237682444709866,0.331328428823991,0.123661347258494,-0.019781776158454,-0.0485390093270976,0.386035661287161,0.298059304418043,-0.175558366703393,0.0465800599591513,-0.282015161191322,0.0646985459809483,0.03557051073137,-0.00429938055456819,0.0421285892196228,-0.134577382239667,0.0743906767924121,0.511816966440114,0.196973610347115,0.319265293116212,0.354119808561053,-0.0644704288737945,-0.187648589052916,0.0229429261525206,-0.337671226687993,-0.497870182535174,-0.300114297529751,-0.126310737239692,0.0396198803247402,-0.0443874683207417,-0.304876175253547,0.103849652727624,-0.141451942360958,-0.193410018708321,0.0282034158617644,0.125545220753697,-0.365718568432984,-0.368012364682429,-0.108877301303547,-0.184338390247695,0.318185268329187,-0.130604859059719,-0.124868143008227,-0.0570513285584357,0.168693572419877,-0.0168939168870108,0.61815715788585,0.19374780621684,0.0845391750214789,-0.210688276370088,-0.29843536972726,-0.456040028892461,-0.423008207562022,-0.156135387517725,-0.335477747378293,-0.0935375481273965,0.216270635111216,0.41868565233917,0.0604093766352651,0.288631902168791,0.0600732003617761,-0.1172308817414,0.119913388756482,-0.070053330394973,0.392517938571393,-0.122864088741595,0.0616040403616435,-0.0770348081598225,-0.349662173467434,-0.259921514874617,-0.137055311419477,-0.36214269243648,-0.398286861056347,0.088501577069578,-0.00392024093275772,0.457117617736467,0.162595029155085,-0.0542595610581692,0.0777498160814685,0.131143532070953,0.223607575676443,-0.210229077881549,-0.0103667318098419,-0.640220498056314,-0.306778171516521,-0.253581288426293,-0.257958110825529,0.00370455197454339,0.147686699226833,-0.0930806029847147,0.34123842649835,0.0896364727338772,0.311227041729548,0.379140455023189,0.544385484595671,0.0960159402853132,-0.241077476820909,-0.143352499846066,-0.0120538384218321,0.232786513807474,-0.0226341010756334,-0.0678370389293956,-0.248019300430658,-0.223954657245453,0.325927107052641,-0.0496743209418959,0.425422546923389,0.303425403661287,-0.0409543353448108,-0.203455255878062,0.0740510840909092,-0.0961799801188955,0.0658339908271926,-0.209693394943991,0.0688739071384779,-0.249789400365768,-0.3308488886798,-0.206484735518738,-0.560557183584131,-0.272854377777241,-0.190485564736566,0.0436608115071796,-0.0745138197006968,-0.225300648791831,0.1914716568969,0.0385671045999304,-0.0340885251342652,-0.219823246296535,-0.191293861957706,-0.29513636236319,-0.104507939489095,-0.0549086797563835,-0.162038321219574,0.145877380367135,0.0605610992171916,0.275450959946323,0.37748989199163,0.521752327385187,0.140435721594,0.184766672355373,0.0120383701005022,0.115770272272934,0.250128467179466,0.27531319452327,0.329478968591121,0.0832359813664215,-0.0628121789296111,-0.0477241119894786,-0.0203464158062303,-0.123001511627408,-0.269089991472032,-0.0280873155210588,0.0999057322132413,0.24178827565089,-0.0132768230366001,-0.05131972492523,0.0126735768871159,0.180195728105494,0.0501550888829936,0.184132712460614,-0.0267559948327264,-0.339470993240694,0.147655728597875,0.081469962438857,-0.150430015679536,-0.129627036996645,0.164529302018077,0.187755946514211,0.387380791228716,0.355588365334437,0.0844463897248893,0.0403079441518382,-0.0730453844793917,0.251773443777454,0.226748221018626,-0.381503575605893,0.0162658918441395,0.0997263928443177,-0.386780240905548,-0.271704502483056,-0.374943123637838,-0.198557807732063,0.0181916404362926,0.0649918739049773,-0.356214796823617,-0.0876186547482228,0.226775571860743,0.221274467147128,0.0997547217956898,-0.202260704641139,0.28251751117505,0.0704107922047252,-0.0442692687831305,-0.0355341845573579,-0.304521409704173,-0.197234104991315,-0.369847686635523,-0.146062418648148,0.013756678570564,-0.0298697785256591,-0.122819549390352,-0.0607045742171504,0.0710636314694351,0.119853243188118,-0.164243407113433,-0.131366843263979,-0.342414562092239,-0.0307240755871993,-0.348919534489516,-0.421973644373096,0.120523943083867,-0.0540661457993237,-0.0778585029201932,-0.169185005490434,-0.185056853714716,0.0524879194690824,-0.230491840765383,-0.212182770233054,-0.105130769388009,0.313690326410999,-0.151461775849427,0.0678684504415767,-0.094446950512031,-0.438121649152664,-0.0281526845110569,0.0995606372701125,0.1199566193514,-0.016953385713471,-0.215992583076017,0.0473726480930906,-0.316731403388436,0.188438507580593,0.115238802903501,0.221952599800196,-0.0374167153926727,0.337150911203689,-0.20982771736721,0.0505923430431035,0.158920962484716,0.176310546208728,0.0963270282585469,0.397005014816361,-0.129440747886777,0.234843160406385,0.0116739518809944,0.100874607938376,0.225573627107476,-0.0738919414230488,0.0671376609657334,-0.103772797394382,-0.0500572770204153,-0.0703291415574845,-0.356241764839134,-0.180990414608839,-0.109836473893631,-0.205342200565089,-0.0942951094326776,0.128030645149476,0.230376201056137,0.0751001694585106,-0.154564889061211,0.0528862215317693,0.0445581453606209,-0.523159688188873,-0.274089962858321,-0.401502120948468,0.0263497162919974,0.244219974571829,0.190584435101908,0.331473088855565,-0.0670766254687214,0.0958915524794186,-0.431214070537928,-0.0990938840620474,0.0185007686711084,0.0932030852929538,-0.0225413021955105,0.0896048677562572,0.460420495795381,0.126685803836291,-0.0653038852975822,-0.0788848370846687,-0.0188468734463424,-0.159888498152673,-0.0403656055075469,0.0321290826131143,0.2368444952544,0.261619899125842,-0.00861272966113666,0.188290223146562,0.0472247333725824,-0.00622965486590582,0.159968293415691,-0.385480596493831,0.0446141590222707,-0.156089048203938,-0.110373686062566,-0.190287298528916,-0.307066606862617,0.460229280157528,0.187569835485959,0.210013076139836,-0.0716343598963478,0.103809103309797,0.178705060349099,0.0716313074663175,0.316818402878059,0.121752441344622,-0.00245169660099855,0.0975904847575905,0.338225982688734,0.0278882101065075,0.00520942710290917,0.0805524687084458,0.521161982768083,-0.153139356218133,0.0280709475824292,0.163463708424069,0.155135378521884,-0.0952697658841268,0.284730120445823,-0.115323770377909,-0.288636862676605,-0.216846551820305,0.0250366985864347,-0.288964063530827,0.0101480963392947,-0.113526975599465,0.00950676079006518,0.0724004112776695,-0.00958060006908729,0.291558819553801,0.0329049163685455,0.0649629834358018,-0.0643960500683185,-0.28410467471463,-0.318998413602451,-0.0169228654040021,0.157219405255056,0.158329549548675,0.0910170730068455,0.110810743171619,0.0225847516143174,0.0785432466846839,0.502892496137705,0.0886654589599002,-0.00115247807830149,0.0185875657832326,0.196271166173598,-0.00830725217088069,0.0501746252360319,-0.261919858177524,-0.230171590123331,-0.403889103780252,-0.167473525033215,0.439721050373284,0.166745562168377,0.114195654386949,-0.088648035131564,-0.333077836748848,-0.25940188409373,0.116951116291094,-0.164511848454989,0.0730008997296458,-0.396752417648341,-0.160946754220146,-0.319138351997734,-0.127551785142212,-0.0987663500158847,-0.0636667422532302,0.180451776523296,0.238974867012346,-0.177945596243072,-0.0543143947366797,-0.0859588422114973,-0.0925913643017238,-0.678981754424713,-0.373815144540931,-0.317029745738478,-0.158638490354763,0.0605879884327447,0.0990198005747085,-0.23130977017674,0.326926671982078,-0.0439782659266527,0.0880347793198616,0.0548940110334581,-0.0353466698277121,0.361746239554313,0.220581720333567,0.339261810893632,-0.231999333466178,-0.380543597256932,-0.0552545198979345,0.0532749709169417,0.0106415154528695,0.0847323204976539,0.106286543206788,-0.135098935691955,0.0093816536740281,0.224336786890838,-0.0995375807609885,-0.0966318506324252,0.0323989351554032,0.182214191263384,0.083716228386753,-0.174919792192511,-0.0889138698274169,-0.276041172299892,-0.281440370387315,-0.173027510065222,-0.30377260374144,-0.228581023962325,-0.240442986361638,0.213033398426408,0.0890882638280829,0.158750781343298,0.141551418850058,0.231904518350739,0.0387052178374153,0.20309305733205,0.0592663914651995,-0.127541701539787,-0.248088069804237,-0.203814330553165,0.376902807786309,-0.164438062246173,-0.0768356246116447,-0.0423381175685791,0.253566637785067,0.281530957654363,0.139425691114928,0.0988682041567204,0.17421381992828,0.0566416247281801,0.489914970039565,0.104097618738059,0.0967394718088396,-0.137479637955928,0.305224903552427,-0.0847175277251393,-0.278485246764419,0.124412209420374,0.0296898662811242,0.333640635880414,0.123468801510907,0.331480037008785,0.249632332455696,-0.233665135413912,0.0154609371569555,0.331520411989968,-0.0159430346036422,-0.246498995843595,-0.321393534295007,0.12626336640919,-0.0494112383839301,-0.229233311577477,0.0560547325303489,-0.0992335067777396,0.0408536737141648,0.186888793011422,-0.119385174766507,-0.461544874199275,-0.2799623502592,0.10179768288886,0.10254621677977,0.220285387797996,-0.177181436837369,-0.160741397805758,0.187033836737748,0.0722442524358666,-0.110929516509028,-0.18052184053783,-0.105732932460563,-0.623301050221932,0.0531119959994453,-0.0377799060547974,0.0392815045154677,0.208567578189539,-0.202042993757889,-0.0991486650423577,-0.0617184906479855,0.116254704477186,0.150239461058489,-0.188112973432525,0.36464274051422,0.184567441739738,-0.17123077197211,0.190101904325984,-0.0343127330660265,-0.242392575324789,0.191863400724,0.0621203810790615,0.312080198891325,0.317327911098594,0.196649608670364,0.0462050021831713,0.0438678805693432,-0.0100803968437523,-0.0648358289386027,0.21252772101944,0.063135797337779,-0.048670267252238,0.0184903428612914,0.0899326503046895,0.114868698445281,0.214333737435673,0.290217871692271,-0.203602520662623,0.0125258399372734,0.189320023973335,0.191813819158442,-0.253951966345755,-0.371446158668104,-0.268067888705857,0.0833637535840129,0.323326545147656,-0.0680288756228979,-0.0203152759068227,0.241312697966758,0.0374129815623544,-0.116676925342426,-0.48073512628366,-0.598934190668687,-0.187692359640776,0.160521134560104,0.230231149486594,-0.155873787133555,-0.28358093797546,0.101089673440633,0.197674467756876,0.224653962997848,0.0129665412233824,-0.546396363304272,-0.302539565855585,-0.170142085696108,-0.170352902695869,0.310508416879064,-0.055069390250461,0.136283874049636,-0.0556451868531936,-0.282445333254813,0.0526957255904653,-0.255248168581742,-0.180378341152235,-0.253657278118271,0.328270786592172,0.180302651511129,-0.161098776024133,0.0886656202144356,0.315016723613598,0.223543816038209,0.158050126236946,-0.0780047721068263,0.030642164435485,0.425022031089662,0.223624453324137,0.0404221154479835,0.460942933880747,-0.0229291297470387,-0.213319062603408,-0.105834824514176,-0.147959276388369,-0.00087938953521431,0.00746617181857467,0.401203144613156,0.424191720988004,0.348503634651763,0.0532371073113573,0.377051486103149,0.566134612530763,0.1501608021254,0.422043074931315,-0.00820025866256055,-0.35768706504388,-0.183839415184639,-0.00446929670583478,0.0225573403551552,0.166408100491178,0.106312131958842,0.00419662334600258
0.37854483151663,-0.0902169904270922,0.200017519202643,-0.14191532384948,0.201495818970455,-0.167145936021978,0.305539491091049,0.00882409668420368,0.0632748127376534,0.0531538192882677,0.167818088581665,0.024049990690061,-0.153869953756994,-0.23193750167407,-0.249203652648256,0.0366285758147222,0.198583618466162,-0.0467298439518569,-0.364589752161522,0.0484840737115904,0.215552647562589,0.128193088608858,0.0206974099934026,-0.0496976376630473,-0.295623541552427,-0.204356262863673,-0.276382217291864,-0.157185064264098,-0.633876299579611,-0.190267919340753,-0.300845638299437,0.185164060230145,0.348350975946209,0.124872203938704,0.160001708591072,-0.223114759364818,-0.58575355901244,-0.173072623101787,-0.412488155749121,-0.459761834918792,-0.104347741238949,-0.199772089137705,0.1810440119049,-0.155610618099187,-0.220272230153595,-0.272046139375458,-0.633190820615261,-0.0627356618823179,0.0686714144582662,0.347794796508824,-0.331408165833986,-0.149312283080311,0.00784041716304009,0.279939051685291,-0.143128913064876,-0.29954765870844,-0.176421755623107,-0.216760849096242,-0.25979855740172,-0.173158383142998,-0.506783399498886,-0.200192445054698,-0.114566077407833,0.0897293486691517,-0.134854043578692,-0.328521662455509,0.0366013628982789,0.0455455410403784,0.119625118977606,0.0145044482028608,-0.0186858494727152,0.241899262490173,-0.363235442239691,0.116545095441259,0.111217802319967,-0.131425683767026,-0.0915594647696971,0.079300311665943,0.0114775177905874,-0.167456224380603,-0.151004046905139,-0.306792943705701,-0.154246175371028,-0.0392339782970054,0.150044872755872,0.142348629224794,0.300026466222933,0.275012996217964,-0.132451441870996,0.244971261762503,-0.550464130036551,-0.0596424573360695,0.00194062255285868,0.292773140384025,0.132023092794187,0.0969965969588678,0.0531359711782253,0.306038352643048,0.295527795615108,-0.244657936008074,-0.22194699940443,-0.0470835826237682,0.0184566479861036,-0.0850220646235066,-0.00753162234467955,-0.267631168130366,-0.382260078378178,-0.333548158302912,-0.205166806660194,0.0582592650435711,0.233164536054475,0.1656528034937,-0.0427468644518521,-0.0149825386286241,-0.0861772319943448,0.460072098774122,0.390635536255387,0.158609397789947,0.139687128900615,0.513788062376179,0.535127298177213,0.0360305927737654,-0.0451163585191857,-0.333482020866998,0.0562304752727548,0.283322009053118,0.260433072980395,0.235717282652377,-0.0279530100239897,0.163799477856589,-0.678289568281464,0.188741704279542,-0.284144919467561,0.25973389788841,-0.15169058699973,0.0163729977918446,0.204320395321286,0.0142480693616941,-0.151165751697547,-0.181587458869244,-0.145169731394709,-0.384142921102202,-0.467408854193166,-0.0198297112673426,0.0819207339448476,-0.126535983128989,-0.0437706466692058,-0.261765021864409,-0.312427564910636,-0.181158705987932,-0.30139158847647,-0.158688092863031,-0.0279452747360789,-0.0209371475760698,0.237124742876823,0.175624137226978,-0.191866166579124,-0.121129435432179,0.00566136505389239,-0.242535212782126,-0.0639835941285772,-0.116400316864817,-0.331190893708029,-0.109682443106104,0.160200219971288,0.00914421580768443,0.188003316593406,-0.374731418752861,0.0939765910314238,0.257885289594096,-0.0105141490192372,0.292528746217072,0.254690881405005,0.123542240129996,0.396774400723855,0.0751171622773015,0.103790114819795,-0.0311163430101303,0.0180712198354549,0.0494757907580299,-0.0469984544513054,0.178072694794424,0.0726216859454574,-0.426566591617397,-0.15072607807824,-0.0628417832305839,0.10815369747453,-0.062939125212274,0.230398512076711,0.414026992677927,0.33951160187027,0.205461245614945,0.0905263803657994,0.265407054577037,0.332648012196832,-0.241903096393639,-0.216998742563792,-0.0313072463411744,0.304583714511401,0.0600172941440897,-0.0890842812298985,0.119436349131033,-0.169013648325297,-0.234441728752022,0.430774387011204,-0.0095879190049542,0.285798436626461,0.428075900214301,0.0342604052129382,-0.0129518821433855,0.173763332887163,-0.347024797792961,-0.541021139644799,-0.472817323851362,-0.311542759472517,-0.0639885756946632,-0.0271326688607578,-0.162160095180741,0.064818525416741,0.249028050146021,-0.406883903148714,-0.0997837249638586,0.00335695884787726,-0.307763401993199,-0.486122478837276,0.0414713399452196,-0.0980745963129555,0.139545039118057,-0.0899813085206183,0.0185611817253525,0.104358213730129,0.126645946827236,-0.118742581490415,0.482717006002719,0.0700607290659466,-0.2296627658823,-0.0180067768063416,-0.189677993412373,-0.700007695013997,-0.369455749834623,-0.294507548164244,-0.082883780304126,-0.0625460068937228,0.180493625685881,0.277419714419933,0.163705528717108,0.566963882241785,-0.121371844207858,0.0738733020088415,-0.00436436501426925,-0.0125553253416011,0.325953865800523,0.18756305877268,-0.188591007533389,-0.0252798636338829,-0.402517416486851,-0.307422301970281,-0.132384357499839,-0.366971866701595,-0.44202226023774,0.128265786405653,0.00441811106622816,0.208322503725765,0.100873102552079,-0.0024481126474577,0.248458389890633,0.178278511144746,0.0635510325394145,-0.189688116398788,0.192019039355783,-0.439088559440292,-0.551682353916214,-0.386597509626867,-0.302680031696156,-0.0176560023168273,0.209390472930509,0.124795556392398,0.255715096813212,0.157428585744853,0.471164996371721,0.385300222513484,0.194809772782983,-0.012195455750269,-0.178305285903306,-0.0190481754564676,0.0732896004751767,0.362244326861741,0.119702105312661,-0.322344699174271,-0.374623119431558,-0.254822983507279,0.288985958176327,0.308697018389019,0.374373337630186,0.307869371420788,-0.0546308989686286,-0.226368629757091,-0.176728643527482,-0.218480523419454,0.096065683090969,-0.130134049861323,-0.0734460959083707,-0.274586612806885,-0.30773951878931,-0.0654620320503812,-0.393961008621462,-0.45023207641418,-0.365350256395353,-0.0282310126759442,-0.11489607559867,-0.20762836345132,-0.143623712510545,0.00229361248422343,0.128030555459636,-0.119787155025732,-0.143758938426411,-0.112683290070399,-0.0428211644460486,-0.00405829212473172,-0.0565823985285711,-0.0266138184123574,0.0941347438711331,0.169636454621627,0.315169327900488,0.3840862442353,0.202320640503639,0.0639654991195423,-0.0540354081873522,-0.0750852035154716,0.132588814426225,0.261442907473831,0.0259941876688868,0.364955513192556,-0.134231594361867,-0.130933801899814,0.0205376629002541,-0.358292226667546,-0.368726605411929,-0.316020513666178,0.244700107992648,0.138891486250395,0.0835381871933235,-0.0705614410114582,-0.13540635647564,0.134447469929695,0.0789298309843322,0.201775620337744,-0.190208712830865,-0.270346869649771,0.0375394474046208,-0.0394181580097463,-0.0434290176264418,-0.0613297437803701,0.202913149667789,0.413567168613014,0.620270027716384,0.44600941723344,-0.119402306429178,-0.0430219776606381,0.0283021832249486,0.276491929470081,0.121515261989889,-0.532029908325174,-0.362254924215881,0.0239180404416517,-0.511484472882699,-0.154388152401442,-0.325909362419701,-0.338745582585926,0.0571593393458426,0.0783921998328881,-0.432663856067943,-0.0226619764352065,0.22444442003521,0.093983466104934,-0.00893351040200172,-0.188217679898088,0.370757868239683,0.288977263733299,-0.20460238375611,-0.241713225677448,-0.318076545808064,-0.27031408437153,-0.437323267032613,-0.277909534578219,0.0653830540059046,-0.12481037554917,-0.335292578433139,0.00735538314983358,0.0812062579024992,-0.0660643036342002,-0.214167597857163,-0.265104565375761,-0.370578226051868,-0.0775184452890527,-0.549619279763798,-0.263106747174755,-0.043912197418197,0.14403103627602,-3.76068941026347e-05,-0.290804627604746,-0.326538175120605,-0.175621926157161,-0.29626148965521,-0.153257008212301,-0.147212191964548,0.159005717153592,0.086580034866418,-0.0285199101692054,-0.44613212915361,-0.685306265059316,-0.389302078977853,-0.0309240849761621,0.199799034578976,-0.22177324344649,-0.101836394307439,-0.0170122929890515,-0.152250760662289,0.122564778625659,0.0387781360588304,0.0245478767653197,0.109723573470347,0.4198906640938,-0.115681987860614,0.0966474124111224,0.120663464658523,0.0230645779727995,0.199794417378262,0.329485102909749,-0.0967986549109429,0.48384470471501,0.0596971368354117,0.0761350912722787,-0.00184698408706163,-0.113688288038239,0.114341480142027,-0.147746510442896,0.214093157004793,-0.0652329499051577,-0.307272099395795,-0.160309052887453,-0.203619255963973,-0.265008080637305,-0.256729301077902,0.191679419574613,0.12555422921525,0.339930765607616,-0.261836812837189,-0.0658802147876488,0.110498558919876,-0.306192853238831,-0.153797641575447,-0.186312297245983,-0.0932198057474759,0.0682106490917219,0.253855513594907,0.312351962797465,0.117077423343507,-0.164955029459293,-0.269562552196218,0.0223932568934685,0.359357754746648,-0.12854794031531,0.265584403171954,0.20313631290135,0.388207145376565,0.152984693241111,-0.114305017553122,-0.272769400084178,-0.290788269872887,-0.219046147251609,-0.0844774148804392,-0.0709431480095872,0.122065806810238,0.0574630430630196,-0.176478204150843,0.339806907823635,0.395443239121966,0.113827667933303,0.179754162420235,-0.280587569668939,0.0659886444864303,-0.103980632645852,0.0202484238006947,-0.037132135095855,-0.54849894844096,0.550963298290296,0.128251770909847,0.152191267707744,-0.045020944386352,0.218765161992741,0.403526824976272,0.106728054122503,0.17059364554731,0.232955903245589,0.196653220630898,0.150404947795997,0.401789463694715,-0.191681909291861,0.274349314217745,0.0959111220685027,0.551689926152127,-0.338526202478995,0.0201144662809465,0.153646406605201,0.0526001530751936,-0.132079926076367,0.228921918421318,-0.18501195387997,-0.543040249356015,-0.274588058434409,0.0859976728736069,-0.320520295380831,0.121463929068319,-0.110773423388952,-0.0519476937456458,0.335082090917876,-0.148818090812916,0.322026218953819,0.184841442515321,0.10912424073374,0.0940691543994969,-0.251438278141101,-0.264364776393645,-0.0929948645873207,0.0324742929989833,0.332231934007371,-0.148744062760284,0.0327906489554648,0.0546488433824555,-0.0446868571408304,0.587060348832811,0.158554334354888,-0.194284030642168,-0.070748782997874,0.294312007881845,-0.024748787819415,0.215016153026319,-0.14806745847873,-0.204473411634959,-0.230216583252834,-0.00558500620790725,0.166292143232255,0.169495643641132,-0.235777730123854,-0.284599903112201,-0.341039711260618,-0.277142428673248,0.209972087392571,-0.16794970593185,-0.130392222418258,-0.419643267684217,-0.55519528021509,-0.400203602272064,-0.190817738675796,0.0449335949391076,0.20712739775167,0.404781594706373,0.32034419556963,-0.017759346927935,-0.170841936655696,0.0673567709529444,-0.0520910457818453,-0.703343463819176,-0.349024811888929,-0.121538341695449,-0.132851083502023,-0.221101977720786,0.136365903417546,-0.174191538978386,0.160625004611135,0.129755538458014,0.0549339788923655,0.0195340434320598,-0.0492838098724945,0.295395053124179,0.371432718663884,0.363008485636745,-0.16394749282884,-0.445053868560459,0.0658987560997061,0.335180541945615,0.20848252682087,-0.00555533693750841,-0.055020459114612,-0.191020362110261,0.00159110767819767,0.188810367454236,0.0419200695187409,0.00404409405457816,0.0410968185950951,0.152014531532552,0.151676296901683,-0.292726981323937,-0.0405620328845128,-0.141647148609833,-0.457053593907682,-0.348426569511835,-0.119052081769133,-0.28579189180144,-0.151103213855801,-0.0809808998692048,0.0335186199056901,0.113684023745493,0.333508834184837,0.245966350638478,0.201082501948503,0.10421532105325,-0.00754637606624142,-0.10328955241368,-0.216921563951426,-0.103387918068669,0.338003680418638,0.133718125278377,0.0423017270628642,0.0068314424273961,0.337995343336131,0.19554561037347,0.028032032734412,0.127454469570875,0.193196253738218,-0.00927902284160474,0.194887611050616,0.0256808612258297,0.231007154454181,-0.0394631789273618,0.0065106226956359,-0.181225793953777,-0.283932410503586,0.21626460995421,0.130716379398626,0.119837004820113,0.299187201294035,0.38321704443888,0.204649150554801,-0.377284732145947,-0.0674466004974727,0.267734631993071,0.112118991028382,-0.45089236231381,-0.403827766569185,-0.180577303834661,-0.0685489468698793,-0.395707717882476,0.217216475934587,-0.29420059908672,-0.0271891608003086,-0.0857712570590757,-0.00228188516961487,-0.340706423448854,-0.575298282595562,0.149624346204669,-0.00303315808634125,0.460226053072589,-0.0263240416283593,-0.132878952864945,0.210822772823018,0.0238795890179783,-0.172938139269601,-0.0442102994533294,-0.127992215843999,-0.634134061407855,-0.0139950907353574,0.0476707026499009,0.139134461426818,0.111659288536012,0.0561322329837056,-0.198062954664859,-0.102543904654589,0.249431470319302,0.204878302594334,-0.0961314133597867,0.237430484470683,0.255473318862443,-0.0505442294059432,-0.00312185987715932,-0.160462959890052,0.136935156465242,0.189502092052323,0.0375137826911328,0.221306255910294,0.263622745946338,0.441106230163043,-0.108271973383834,-0.00784548095262605,-0.15518110530372,0.0669471229209387,0.308544347522489,0.00687339295912924,-0.15455759969453,-0.141415186630632,0.153712891999544,0.11397315048933,0.310694283859911,0.0841631958480947,-0.159205929289866,0.0892388080891175,0.291662835334401,0.0400747341827456,-0.287520659066661,-0.21511450585313,-0.341956513976799,0.103590918692322,0.0372205124070203,-0.177454266917675,-0.0835720043304021,0.20441788148491,0.340906444674877,-0.176874061524971,-0.455391993191881,-0.399174905728823,-0.314717382164074,-0.0447191756013563,0.113684051875039,-0.195821072506819,0.0693132765458139,0.064784819504711,0.120724776106221,0.149538884676489,-0.09617501763812,-0.487912974419983,-0.434555401591334,-0.23516191423849,-0.143936823515259,0.338411310768968,-0.0832411939992749,0.0389719857743105,0.258180947989205,-0.426096364416739,-0.113809989555249,-0.198319078992866,-0.230189597976533,-0.05328959056629,0.307048205118437,0.30049789642259,-0.138821380240333,0.0918592018282144,0.182711903677929,-0.169416732375007,0.142076543488058,-0.0589929191405707,0.27921897940954,0.27588258850009,0.252386131207675,0.177607638247193,0.298174662465398,0.0820281829382946,-0.420445536408021,0.00957256746592479,-0.0545221207169793,-0.0484974183599361,0.190825187479075,0.55398779578355,0.628612759700578,0.397564790496976,0.0322909707071446,0.309364219184848,0.686548521358951,0.414385469338161,0.363678285902704,-0.0450999273969059,-0.209820204792877,-0.14576943606257,0.0786652314741753,-0.0116955691346776,0.145912132799811,0.132809038247605,0.166360786840777
-0.202783361479584,-0.17006243791811,-0.0463692130383092,0.203568730888775,-0.206689341637887,-0.102734220094792,-0.0756013078022554,0.0112089287598981,0.095778105515236,-0.0185800302260517,0.0645800066660945,0.0520229058442003,-0.254584635728115,0.062465875031672,0.0400591488455184,-0.139011082479849,0.0933490734681262,0.0859262974363369,-0.0164047248564896,-0.00625712693436276,0.0491642858259911,-0.0329653669894199,0.0311916486834885,0.0655377409583172,0.0142293896755273,0.062151109251661,-0.125052163509235,0.0110020388885544,0.0616859370585672,0.0663171238785361,-0.0537819521211819,-0.0904976324924747,-0.154254225398713,-0.0647869699614993,0.133265936422468,-0.0537188329259556,-0.114855760996476,-0.0928322374643707,0.0135774766754193,-0.0185613652426515,-0.0378675035687698,0.161921229717909,-0.0407194530179526,0.125369335167345,-0.100323991913612,0.015829807372097,-0.208436327947522,-0.0401175317323969,0.0859741441102966,0.14211464966427,-0.0357432442240989,0.162857895502941,0.0721107346467667,0.0776608280080337,0.0717790495374075,-0.021281573830454,-0.0432020936906425,0.079699929269104,-0.11101257464232,0.0852581877983157,-0.0245676602896911,0.00630705549994635,-0.0797613278996051,0.0371692315195286,-0.0465197727541369,-0.0233088171983216,-0.0223116301948666,0.150375644387694,0.109364736603024,-0.104301706077579,0.013398712523135,0.140502153344872,0.145921243372774,-0.000698837369979474,0.0382640742088631,-0.00289151841028256,-0.0088176919815885,-0.106865228417746,0.105663467007953,0.100022964120291,0.0321601289002105,-0.0751002126426645,-0.00319321823502056,-0.0637690909817495,0.0957147196909054,-0.104570643394073,0.0260023703060985,-0.0678526696601534,0.148588875436671,-0.0222218609169674,-0.126505150078769,0.257577403115286,-0.148025649658448,0.235504813695307,-0.008537600873176,0.126961113607791,-0.00823868308511127,-0.0051574724064508,-0.0920531240163392,-0.0206557210227033,-0.171988994106972,0.00469768283006109,0.0324575430781819,0.212463154114267,-0.106855580570072,0.10206493848165,-0.20896326325473,-0.0394649735582879,-0.0119861603443198,-0.11053880195343,-0.191969142666626,-0.111677700042814,-0.0882878911644863,-0.0429749459152354,-0.0262781274366031,0.119603778709442,0.0422071260779506,0.0770673851470059,-0.0395481099750498,0.0431097915178716,0.00688641472088934,-0.033073013219392,-0.0540859920296787,-0.0527848212989756,0.0343939828929486,0.0270822322450303,0.103161915212773,0.108379936797636,-0.0527225085004737,-0.0727236409609612,0.017020791198456,0.0441958939767865,-0.0959311891585711,0.136320893573153,0.115662803649156,-0.081216088727698,-0.00121996871816154,0.0813269714518493,0.170362295815041,-0.0920661149591888,-0.0800460807878486,-0.132609070219794,-0.0618347984422189,-0.0858946940155026,0.0152863015897224,0.03734717370801,-0.0454020221750421,0.000758838777399837,-0.0104889463605401,-0.062292401599949,0.153685543197664,0.0691948680660551,0.132437517079121,-0.108095301712974,-0.066651381957806,-0.0912726340952326,0.0622019770727287,-0.147304840944211,0.12427192246167,-0.135042740797843,0.115047181610835,-0.097398737402863,-0.0825510687403684,-0.0265155631981749,-0.112820199517447,-0.0101918157671426,0.0530231204356513,-0.0478183369752884,0.0306636785476133,-0.000615186046389399,-0.136571004258215,0.381810049816744,0.0687124000792802,-0.0783321560119049,0.0901012728892929,-0.0300397071056799,0.0553766884073338,0.0521984234471207,0.256134412620297,0.0777487894053196,-0.0189498666853478,0.101874930974029,0.0817067956499886,-0.0319773902152866,-0.0882305422211752,-0.120180605848169,0.0705071212886498,0.113392029225559,-0.0681011357985271,0.0780197314574772,-0.0365923214188101,-0.0178915676769159,-0.0893121319243564,0.102286929126361,0.0136386476315272,0.116382053529059,0.0027243085543587,-0.0694965485725609,-0.0115360488539023,-0.125624586356855,0.0737153264934859,-0.137062625621843,0.0210145756345695,-0.125476626262195,0.181169812867872,0.125129505212725,-0.0381874541926893,0.0202278724330848,0.222132073759791,0.0195650338660902,-0.0966615379256746,0.0627217254308407,0.0244684411601585,0.0482346391301297,-0.0930529722974791,0.0369430763404401,-0.123754718855732,-0.0643358271852776,0.113087136446974,0.155299457109257,-0.154167574143017,-0.19505944858368,-0.154489006850736,-0.0482975502245967,-0.125636377857547,0.0504714113780251,0.272934263822578,-0.0393364589313358,-0.0331821344479098,-0.00303507718261363,0.0241091364463422,-0.0199683879753277,-0.0230672956584179,-0.00143669975701491,-0.107403942746529,-0.15462429312569,-0.0179348998508119,0.170211120775055,-0.207806145905743,-0.256107016493102,0.0203564327903766,-0.121852654314714,0.0608600836901672,0.026681924273635,-0.128557823467785,-0.0114133685627607,0.0838512519339484,0.0972801198160277,0.0628059070063576,-0.0600589922257615,-0.0354675766881893,-0.0707271950118677,0.217928997216418,0.0563759399445036,0.0420835180885882,0.100174682183296,-0.0822043067608606,-0.0642160117368864,-0.0711116203346273,-0.11115117413644,0.0399000003563853,-0.0957165233661186,0.0316778501303892,0.0701974348880985,-0.0574105269321412,-0.0484856965370327,0.0639823595439602,-0.138272350014932,0.0489332474015926,-0.18176019316012,0.0434540869851156,-0.0285749776596499,-0.175303602562863,-0.0330121646144078,0.15967357886941,-0.0370935313531675,-0.11500251940392,0.138669455411947,0.0898792735692874,0.0987452508765539,0.0182121821744167,-0.0319746638313102,0.10111081514922,-0.124066824936222,0.0469732909584068,-0.145760190361662,0.182250337167207,-0.142168837083137,-0.0212803977783083,-0.092408070027343,0.205231521227366,-0.0814001702974851,0.0667325460599165,0.247999043562492,-0.108634377978429,-0.174237191505486,0.142976627951728,0.0555845727486642,0.0570409170137976,-0.014223666424003,-0.0471655786327971,-0.0797495263956264,0.0999863043592278,0.0245864103294375,-0.0238450795010762,-0.0877661295262039,0.103244225292431,0.0166509580581223,-0.131923645060176,0.0849860791803517,-0.147456010013725,-0.0608129568882834,0.0997331161862485,-0.0242729272567724,0.0779213266032619,0.114501329989014,-0.0287450679705606,-0.000670216943271693,-0.115108242129489,-0.0652415330901178,0.0472276930030316,-0.0124788178938578,0.00689080713962377,0.155354002197791,-0.0602382819530628,-0.0362466889584678,0.0468756079895672,0.0129541226197659,-0.203361670007898,0.0268876487643928,0.0918206860521152,0.065331178714264,0.201926391053235,-0.0286559543502693,0.0907242087544979,0.0599334013742852,-0.140693240990718,-0.139387869283893,0.0787264948291205,-0.00219922268133474,0.132769561774654,0.051134561142408,0.168506586249758,0.0248290398386632,-0.196752501745209,0.0968072320950029,0.00944638445165853,-0.0280232938766882,-0.156120538984498,-0.0782292016104191,-0.123346159696839,0.0521898333803637,0.124164551553808,0.0419328402195157,-0.00997869690318916,0.0499579871842272,-0.0100076524562405,0.150822407461094,0.0775544280241068,-0.0321377228415652,0.111414718764376,-0.0341654909423683,0.110893792407925,-0.0364916708904137,0.153784408309241,0.0399652519914532,-0.0746082432033157,0.108641540784457,0.0222589099470738,-0.26702058180249,0.210216294122653,-0.106373383938575,-0.0979513547739396,0.00455945300748738,0.105112856731815,-0.0461001119445813,0.102229143156666,0.0658442565374723,-0.104748473357429,0.0881175598990873,-0.0812336018809943,0.0860140086853669,-0.0721922613472307,-0.0235304785754586,-0.155528766994162,0.0481859320344961,-0.107202158275249,-0.0678398729774655,-0.0310559968450226,-0.103822146037324,0.0871438754000931,0.0797339210601185,-0.0339687616135523,0.27871670636534,0.0345163193152021,-0.158528180127159,-0.229700021376376,0.158080568410404,0.0881096067084709,0.090262529499539,-0.053524553824895,-0.208246785211507,-0.00215551295186749,-0.0606339841636273,-0.0419490383651836,-0.138329348323332,-0.100145144521802,0.0484155107427027,-0.0359343608966028,0.245141319876145,0.0393772283073897,-0.176741256344849,-0.0732435697410961,-0.10428362585831,-0.0210486293238349,-0.0301777916000406,0.00259615381720982,0.028936980536635,-0.00504217428219767,0.0584279005190722,0.144470348748423,-0.153697161737966,0.0901498266997443,-0.0965796305687382,0.0854003242683206,0.203558440223894,-0.00358899923421356,-0.176484875097943,0.0200679198212493,0.0375063291778318,-0.0694556389231684,-0.0919113645812732,0.122435376629191,-0.156816189979429,-0.162466805445603,-0.021095615168637,0.0514384975261384,-0.0753338783531467,0.0710919427049638,0.135663164033289,0.0406266837340751,0.0808845137898355,-0.0156144133753883,0.0622790042374477,-0.0184849684889208,0.0167176938471534,-0.155693789142239,0.0879918883044054,-0.257003369304548,-0.00186249998732966,0.0173983140598383,-0.112631455337306,-0.0940607422426486,0.231756257499311,0.058153002207574,-0.00680648475587179,-0.0697238909360533,-0.133314501088291,0.0581482565934418,-0.0027687201971673,0.0308947977316042,0.22774381669629,0.230176796554743,-0.0218099305228298,-0.0936692564808641,-0.0305223624338051,0.0634321145038285,-0.122008272296346,-0.0706976380407799,-0.160921826454276,-0.0111881975577731,-0.133221758375145,-0.026264252588581,0.0598053050499727,0.111508143056762,-0.138869603429516,0.0663932834201735,0.0565830461766796,-0.0755637951729885,0.0518950257876419,-0.211280695068162,-0.0672316657339812,-0.0551015530007184,-0.110074545259639,-0.0997402262680431,-0.100859549043519,-0.0913590982480738,0.156174628322128,0.0325710286932158,-0.0325071689918527,0.00742896240675548,0.225975980590719,-0.0594696556279699,-0.0353578370746023,0.00139715647486363,0.129578779672922,0.178190590238587,0.163994192816327,0.245479159323518,0.194966686677369,-0.0117274732144636,-0.222331603652215,0.0270322236550059,-0.131330167096313,-0.0881441244111789,-0.0604362431860236,0.134980237101105,-0.19023528928521,-0.0887224719041879,-0.0490889866663654,0.0886813195133004,-0.0390573459600256,-0.153422209245204,-0.0921551998666906,-0.0581946629689264,-0.012522792757281,-0.0243075148085693,-0.112946740604755,-0.0864785719501824,0.122588640887664,-0.124988426051637,-0.0908996270618147,-0.0648952703051711,-0.0760253880605295,0.115131644746323,-0.0390647020180623,-0.150372684264591,-0.0614426558022413,-0.000602271697365133,-0.194477076811591,-0.00937486495001714,0.0341722980878413,-0.0653636551704137,-0.0919590709128656,0.00112082704865235,0.0768007565166756,-0.0348756649875907,-0.049798291903638,0.0122771244494234,-0.0258298327852653,-0.068945367638326,0.24293191415464,0.132464308122746,-0.0774503224020601,0.139321454440162,0.130477596896645,-0.172974775834248,0.110913910092217,-0.0108976039713869,-0.0356584565490677,0.0328447198871814,-0.0590170179931599,-0.00474920229152202,-0.0603260241191118,-0.0160458357848823,-0.123397810508107,-0.0993793910889345,0.046704562120909,0.037399877491895,-0.0814373221333727,-0.112408690088072,0.0878097772175882,-0.108936255646779,0.0741189937234038,-0.246206202324834,0.0269936127072881,0.0423130164833819,-0.0823019029921369,0.0652850754687122,-0.25199341669921,-0.0985878133985428,-0.124957194495597,0.101210563077879,-0.0134189988227158,0.00108653684084511,-0.107842332504925,0.0445545874181537,-0.00370887462480989,0.150315563808537,-0.12662408064431,0.0822414740830543,-0.196142677182168,-0.103810316692285,-0.0789970026466326,-0.181872340837477,-0.0349721420774326,-0.102916799082113,-0.242442595997043,-0.0362143794998022,-0.00636988754874492,0.0611220004366286,-0.0305388169172563,-0.0576064690889291,0.131486902105808,0.0923655864981931,0.0122061854048375,-0.0278718504855994,0.126881801080955,-0.0152315463323404,-0.0108717359080488,-0.0700445319103946,0.097288769457109,0.0978189206775176,0.175298313359587,0.0412071427186418,-0.111505201971916,-0.0216128139827806,0.237865830997498,0.0680174354075959,0.0695387196744355,-0.0679693599115821,-0.0192357634735517,-0.0224107695973185,0.0224856786786869,0.0481138694774712,0.118744779598514,0.0115422215318847,0.0111778785656432,-0.0364249478974957,-0.130893955376709,0.186819521235836,-0.096490323504561,-0.021837882836052,-0.0599099981014503,-0.202029690989668,0.0250800724839309,0.0406319224978849,-0.00622150338949036,-0.142794986013724,0.123765972747166,0.0752706021838464,-0.0498245062263873,-0.0217212314702597,0.10225149971702,-0.00826193953692771,0.0396719694904492,-0.0541122488321537,-0.23435355400818,-0.0601859382621958,0.174345976844774,-0.00758254131410186,0.0185462482047496,-0.124435460302837,0.100254898583783,0.0924584359837391,-0.0373077864281398,-0.166408711672892,0.0435884360320295,-0.0550505863625357,-0.0626810047179267,-0.0962991229121747,0.162693115438495,-0.0116606205593103,-0.15164486903297,-0.0766644534581953,-0.093209657327506,0.114588756253003,-0.0464507281052211,-0.211238578957276,0.062087356020584,-0.101703320299064,0.111154946175324,0.0593363693051011,-0.123167304502797,-0.131591162926879,-0.0694542941390131,-0.0353386618157826,-0.0708591263426975,-0.109844890204048,0.00862605883905173,-0.0123441456288302,-0.0718983346376567,0.192952729414037,0.119879369733239,0.0504619943013365,-0.00203811777213886,0.0493674505982285,-0.120930411827774,0.128065889087958,-0.0941102900489738,0.0273603208435579,0.0668543313719701,0.200440773652756,-0.105338089289489,0.0537520421322068,-0.104302013574307,0.00267389452657938,-0.0609899441089001,0.133254120953316,0.021535467166067,-0.0963929359892284,-0.0282395660449501,0.0384802395002045,0.0320328839316587,0.229102257208667,0.0140046001980777,0.00659930958402499,0.00674321957479954,0.157047815125245,-0.116711617205317,0.0854927296542336,-0.00613843369033881,-0.0873892915348314,-0.077025209631807,0.0477240213804094,0.0720840402914091,-0.0632410849237106,0.024312024623396,0.0645601887676742,-0.0560994725109537,0.0298255160604559,-0.146216794174693,0.0969097046560687,-0.233231315554373,0.154449576004662,0.115155758600372,-0.0440220167635174,0.0555324358880311,-0.0400816419612844,-0.0348391297697453,0.0418230798867239,-0.0488421174819353,0.0754198448786825,-0.296087576113115,0.181899373314682,0.0516289471253309,0.0615583336331487,-0.111236060927742,-0.0612439569513492,-0.0202542134198863,-0.0440512648745966,-0.172150550667324,0.00315984427551729,0.0174200721416255,0.0904957086123785,-0.0149494024030381,0.0603823437059695,0.331940421402618,0.0292534514308277,-0.0922079076366777,0.153277583450189,-0.00338445849870195,0.219295107196269,0.045344417403825,-0.0163211617762039,0.113391852869096,-0.0412755742628467,0.0572954099470326,-0.137182490761476,-0.144438068011468,-0.127174416439903,0.0431374712921998,0.179316726303905,-0.124030428601318,0.1420675223752,-0.0729438250958955,0.0659116915184961,0.0754678117985007,0.0577645368932847,0.00724699940304981,0.124776641403724,0.0198166187278065,-0.010904507460135,0.131326947948718,-0.0754234261905634,0.133558713940796,-0.0902243884144667,0.183324046683371
-0.450320481173841,-0.145587101477927,-0.190576893770677,0.156845492580957,-0.162673288566465,-0.0220041578202224,-0.455060315642498,-0.00527329352748113,0.426899975677488,-0.1775918548017,-0.298147356091746,0.0223604511737299,0.313054510008663,0.137437400318611,0.384517002134403,0.300412701613925,-0.290475784681509,-0.162265612292637,0.569101262537158,0.00593690484753212,-0.189412750025076,-0.0565197762413166,0.256089932749767,0.175461359273841,0.113693349933833,0.459769362945,0.291943107012479,0.254688487889583,1.11142158885913,0.398627125677731,0.476164864149715,-0.590050024214063,-0.329455009677165,0.0751107528118105,-0.0654320322049151,0.472753354593444,0.896032801162326,0.417412596287334,0.243707598653048,0.564196067076823,0.186351158230821,0.406809534590207,-0.399969547563627,0.218803500617498,0.365719531052094,0.375180726625936,0.669628264273166,0.351333193577316,-0.0686596883857749,-0.332813797616317,0.485289695609801,0.0482833089162632,0.00638723073115414,-0.0987205052185385,0.304867010356506,0.619783420471949,0.435250979671342,0.793976053845071,0.342548587606675,0.580813518235727,0.80144287578952,0.346590153171892,0.26280702853012,0.00503855994953081,0.138522318033245,0.653715664230452,0.0428487382279497,0.058401491521119,0.0289058964304597,0.122911551582219,-0.0317684794012782,-0.276683977643247,0.410070500007142,0.122682358390936,-0.207841714204508,0.258966771281144,-0.371052613118119,-0.341452347117027,0.210707147149128,0.138133953530936,0.167971083338864,0.535020401437672,0.0607081570933014,-0.0876412139484814,-0.430022978502888,0.145498345584467,-0.517839522966703,-0.210706637900617,0.18015958043433,-0.179695034564128,1.04927661779407,0.283690869008715,-0.145141297612457,-0.671283116347314,-0.0215498588129755,-0.0844605014035728,0.113238815786172,-0.58938137842584,-0.463733737537418,0.268231945003051,0.131585183812013,-0.0143188169591055,-0.380914591940355,-0.138554483214826,-0.0520563097070885,0.608257102406613,0.598006577528985,0.514069698780781,0.119084500606016,0.262813865426877,-0.34260957993231,-0.384473455018293,0.0917609577741644,0.0757709684916229,-0.137780732001437,-0.61131568961754,-0.352937837313825,-0.324447333722418,-0.215934769648853,-0.557206079062124,-0.795249196422578,-0.0478745128512961,0.230982496667341,0.475621827341165,0.0787442232611718,-0.376439868547503,-0.154974070233842,-0.366850974160205,-0.12381215257868,-0.139883408958605,0.765173334629885,-0.0532288649056842,0.445999228995754,-0.244409273489979,-0.185388228760099,-0.188389750911124,-0.331344429626216,-0.0224750619955354,0.284466602851992,0.461349204210496,0.547965184289829,0.813018537720539,0.634679496944556,-0.0427907962994394,-0.428155601728488,0.132574920858547,0.407814567698453,0.303616076944662,0.120517954779364,0.196136116422048,0.147706189030412,0.202067616773982,0.286687754444943,0.00158102730904794,0.0519656428504439,-0.279884467050798,-0.300581843448265,0.197883375336614,-0.141317205648188,0.0202305727202944,0.0115274611615929,0.25104029052141,0.447544475731805,-0.00848592758745295,0.0457748960326191,0.279437485786084,-0.0386725952610864,0.578157436214294,0.148796831411983,-0.508424054692786,-0.270116458966424,-0.605980009494747,-0.418974396567366,-0.565739743743102,-0.547151329437393,0.178920664580114,-0.284204765392589,0.0259680564677792,0.26887471068501,0.29673604990318,-0.122286274802085,-0.369786610398325,-0.204635797963625,0.115406409281305,0.120170598492379,0.0725808223637826,-0.0764170874710832,0.245672159122991,-0.787070258462062,-0.453794462194492,-0.422597558664438,-0.176823862594972,0.101432594666845,-0.682319107310817,-0.32006496417971,0.374915665984735,-0.00628889352185914,0.0728338282325128,-0.195352490391142,0.163332770874172,0.255716477189436,-0.0666396738171336,0.414718073545099,-0.050254515280351,-0.873006457806878,-0.359825362207486,-0.441124149392203,-0.574917153521456,0.140260198497469,0.149906576761437,-0.261445022643204,0.665446683196264,0.93976027675494,0.482946923148835,0.704676146955799,0.243311109736356,0.194284623167164,0.0905644954795019,-0.0962816302529375,-0.0623107147998693,0.39260005527537,0.255557729865196,-0.107084494433511,0.534877088475088,0.787621725604899,0.112688095126382,0.185680699999492,-0.308940855948689,0.460140911952713,0.176756699398129,-0.17820197920802,0.0582746392550337,0.0511940741044933,-0.856518315062171,-0.341937843357369,0.192767609009113,0.25023122925016,0.345090692343454,0.867408198593026,0.587395508946682,0.378914661924925,0.125668119360954,0.0230962859451143,-0.292595876164686,-0.354877103279028,-0.287709542777801,-0.852196144009519,0.282862831371546,0.329488682971395,0.25202804734413,0.00377930504848632,-0.514398114983925,-0.627292204947329,0.19797002642648,-0.191196053907665,0.242450359596806,0.426152757999909,0.495337565922329,0.545498952458776,0.244932061458201,-0.182285461150649,-0.134112443613136,-0.472479748613692,-0.310335636170342,0.124273019467968,0.057337604576435,-0.169763210604305,-0.171326808677058,0.495567759506717,0.130561173608054,1.01053470236855,0.939471795441957,0.37757916203969,0.463628768702838,-0.168640630482536,-0.124620321889269,-0.139434642268658,-0.504651893020566,-0.366141120657921,-0.670029145860391,-0.675176406058942,-0.181504423219693,0.0504122266361585,0.422099432114854,0.302740986902002,-0.0174524577519832,-0.346537395115966,0.0370559949492136,0.272749909835573,0.371141704248903,0.43265941323857,-0.378275478766666,-0.503124174297287,-0.371152710643146,-0.406661939500091,-0.00638650775339783,0.23138581329067,-0.000780254382348716,-0.00493551033014897,-0.28433689933519,0.411936991734711,-0.0648851534587226,0.432801261421407,0.708443709784887,0.117438736046475,0.910973111096454,0.612614813814134,0.492122803476806,-0.189060347175608,0.29347444862677,0.256648302019918,-0.0529369147072913,-0.0619168376546584,-0.262090326619195,0.378138375050997,0.222977337628863,0.296473236125417,-0.0713091718402138,0.00756955715106807,0.021656854275444,0.167458953657863,-0.0433480240227122,-0.263503757649132,-0.831507835308612,-0.758624796017075,-0.312884377139458,-0.183627767428607,-0.226415292300742,-0.0547591542061674,-0.0156398244730163,-0.2287994739472,-0.0343994794446849,-0.249441256137061,0.104037031668618,0.246075188117576,0.11405825130383,0.440807751419381,0.273763060120395,0.363118468385253,-0.355956823360805,-0.442501147615949,-0.0558008759413894,0.282372732754687,0.594380748408175,-0.155733404559362,-0.115495834321918,-0.224920729804323,0.37123736415119,0.543784250998325,-0.0409006243647277,0.0497792551170756,0.489389736755971,-0.0690986489064333,-0.363468033362778,-0.662661853875761,-0.559641756021171,-0.759434669391155,0.0686004631645383,-0.0807443179254451,-0.292052824789107,-0.605205643730777,-0.165761544108554,0.544600907469536,0.408569763856151,-0.0599309668105087,0.597272929157985,0.436995207303625,0.649044691984289,0.352982534689731,-0.327592182028902,0.0135212105311166,0.676985353745734,0.136147656453335,-0.330814787589203,-0.183319081706752,-0.107169234242551,0.220427003786267,-0.606730305038826,-0.137431262730914,0.213816350567102,0.208188655452656,0.452271665862503,0.377576447429222,0.716535835690633,0.571629424848856,-0.017347306408676,-0.138243906152882,0.353755524239549,0.0967637912627125,-0.0205777840974185,-0.0185639303842191,0.419587976186671,0.339055293841378,0.327438150248331,0.317935978037873,0.725323379677282,0.474305512710752,0.0162754475611194,-0.207293342804019,-0.00610883835686087,0.240308355443384,0.177363272446815,0.0109530324718836,0.224188186885599,0.308917332683266,-0.097445770845604,-0.492281391531767,-0.112480797256179,-0.0361786565596638,0.412752622992926,1.01012920617311,0.465570248696066,0.134870063157198,-0.262482026936043,0.247942287274215,0.340370629833595,0.198957160136954,0.39143555310347,-0.026434849173854,-0.1676866918717,-0.31480791358092,-0.163449225413057,-0.647224415260635,0.187998836619517,-0.0860243258538228,-0.444419108934998,-0.09681863360688,-0.226335623094576,-0.571548757790095,0.226062353379385,-0.407509002753278,-0.0722355539950524,0.181911086107022,0.189146646759221,0.167897877899773,-0.143789176761359,-0.0374642886368334,-0.156469714589007,-0.0301720019324316,0.674748439303318,0.178001737649646,0.451781612571164,0.330485760969314,0.156510487929143,-0.159169759121283,-0.584007184296034,-0.226293392554889,0.0590643677470957,-0.0824827535694091,-0.298058872523281,0.70926036720442,0.219781030548336,0.207629260580896,0.13427068647427,-0.0958546262211114,-0.228248504587657,-0.398108239155458,-0.201691135156518,-0.0737077211882243,0.477690775020133,-0.00238733279955977,-0.182532274420226,-0.0955711402464632,0.0687768663088141,-0.352560954781971,-0.69110752382627,0.0710404302526971,0.0692351880197813,0.40451102389656,0.224255327224859,0.281259413631442,0.19430392320565,0.176426478651434,-0.089349701137093,-0.250824332418551,0.102463076030515,-0.147229833063231,-0.247824310107667,-0.404639253249101,-0.261216371111824,0.37301671900425,-0.242494695476135,0.26198848812909,0.181818257916077,0.388001447042888,0.892044947870212,-0.759116123195573,-0.279110618823791,-0.105568698532094,0.0479024717312375,-0.197675669002254,-0.454793505403963,-0.170130188928807,-0.605515378217425,-0.371248341558076,-0.156568333362122,-0.362457207810151,-0.301698633795494,0.0786480869001619,-0.245382445826625,-0.249372577791359,-0.785186718459495,0.40332137180131,-0.242461745606151,-0.459528200602124,-0.0970682495823653,0.309365532509423,-0.26162732261528,0.00352054051156578,0.521485784858032,0.619012836994795,-0.143243495626377,0.591108483222582,-0.208704452082561,0.25371062658292,-0.0663426300143745,-0.0950309027157876,0.0830991611042911,-0.146053774128219,-0.195077903202654,-0.222853801061869,-0.0460366062859604,0.552672251937202,0.491778054109145,0.0101369863435679,-0.096480505292531,-0.503838832524942,-0.00313738511668716,0.080420740400847,0.0972839041582809,0.0406183705704799,-1.12058123041305,-0.403100901555769,0.419519285188153,0.346070009045073,-0.308153348712912,-0.145697600632733,-0.0772635795296905,0.753730136269875,0.451366757392556,0.597848650194913,0.149128188037503,-0.191409494958374,0.0165082309138653,0.224034945373097,0.429702186658037,0.548060252118,0.637670014058162,-0.134720775528673,0.227252278617613,0.258490974597139,0.697909684535328,0.737448179082982,0.399239485336986,0.204384350615749,-0.0870213369316936,-0.188548588015395,-0.396932468669543,-0.50875576634311,-0.000639756348472319,0.115201714759106,-0.212735384157337,0.0503688618063755,0.997054224542361,0.753085255482285,0.253456375631871,0.0709949119150586,0.0952418444125457,-0.4140533010528,0.257847423239065,-0.0931119068534154,0.34811696667167,-0.380949225956655,0.221345697851788,0.146170681715408,-0.754319577973984,-0.457012465990286,-0.437333234308192,-0.0794067572531195,0.437918280152936,0.135634043499232,-0.517686990556205,-0.412641644584757,-0.116567760518415,-0.212744626914724,0.0696443600490879,-0.23258473047493,-0.316663460622681,0.214894550243092,0.265948647144382,0.0199365605834996,-0.0751865045757225,-0.0615562239543553,0.328151966119235,0.161115774148408,0.113349632625416,0.569898094133533,0.628796093499493,0.43258098802042,0.575031778689985,0.310811329074428,-0.120064658828728,-0.128365045415201,-0.275296921995624,-0.564930548240928,-0.424055579091952,-0.221042288971326,-0.103390591794288,0.102555123464536,0.199333435044835,0.472910606888248,0.460904570354805,-0.356059595491386,-0.0954024558636141,0.0713212275543209,0.0249984626532077,-0.582184448480844,-0.491247816827699,-0.302818425979057,-0.199126604935209,-0.314160002233062,0.212893580728054,-0.761308176232307,-0.313372284254002,-0.578416428284607,0.201420237585394,-0.478672613310006,0.404381814783045,0.548014238113893,-0.265149472162104,-0.229050837047302,-0.365707058575549,-0.53331369235605,-0.672946034747556,-0.114615033189887,0.348436956320421,0.0129518628815802,-0.587766906447908,-0.0290691849174098,0.770836824545317,0.655844305338542,0.19557129758118,0.0600778683817975,0.313908640782052,-0.143275996620014,0.233054650751457,-0.224141778610661,-0.435149289610928,-0.0997538025201755,0.937471555072989,0.556437361722618,-0.0957043742528613,0.0954665770210579,-0.315097630464452,0.267091198060128,0.00781838738222627,-0.321307908489292,-0.184775078492352,0.337935742439567,0.430435815924052,0.448321850050192,0.900689216368478,0.023313994933692,-0.0899517856858,-0.361632164792421,0.0848736513718232,-0.0967999413487449,-0.0840408943701368,0.170426407102155,-0.245211474741931,-0.409973157267985,0.358122794517954,-0.449165204218632,-0.437384636059239,-0.0411681704809437,-0.197164342030286,0.0851735291081625,0.10308425543877,-0.123931958003499,-0.282230266428295,-0.502636671837303,-0.62596647475036,-0.499901901637037,-0.0520403526910497,-0.0916871303740368,-0.171551358389629,-0.206470448012683,-0.410465758750223,0.199491890509713,-0.0352067858587225,0.161168003539733,-0.202892871250454,-0.148469471485863,-0.665551406073088,-0.166132308818366,0.334746104264725,-0.126308598516419,-0.229048080837626,-0.407854711865302,0.520296784159568,0.237639295230159,0.40472343422921,-0.15485854617643,-0.23388003879232,0.449446499193272,-0.0783960551646264,-0.286999508308252,-0.603176042177759,0.34270052636147,0.71913127092056,0.798487501428045,0.41291744953724,-0.211860609040141,-0.430427322664695,0.0256554726842815,0.0345694125247552,0.000348831276390543,-0.176582096042227,-0.418408181781867,-0.0663462334666608,0.881443223662389,0.292937947825428,0.355800806498848,0.034502394601305,-0.582404643456754,0.0302483831385016,-0.0526674806458555,-0.1240135592703,0.416883069705975,0.241907668501161,0.0468587846553114,0.560437157917966,0.12405285389012,-0.416908745938886,-0.255469159860103,0.238377728344527,-0.238270670040887,-0.234856890097283,0.192535279525025,-0.0603989824373868,0.366408824296098,-0.177570458792158,-0.284370775126961,-0.635854221919497,-0.391061921316893,-0.573634188267156,-0.150811147837592,0.542504878710251,0.267051207722439,0.301482009082565,0.141872117945524,-0.313557552312467,-0.781308191291245,-0.663664684076508,-0.525002539913442,0.194716903248318,-0.630457591174478,-0.995838558677359,-0.126609211085918,-0.563039898861581,0.150830342409178,0.404359295477919,0.692804005591998,-0.142239396700705,-0.0394816539225611,-0.25939915603283,-0.152466516020017,-0.104092126897743
0.249412949965157,0.0328177899256732,0.0691453198846226,-0.125837404626717,-0.0333958517512297,0.0744345505743661,0.0967769089044157,0.0793676432338963,0.10082923454911,0.105666935470285,-0.204110315456831,-0.0242331755480388,-0.0142160882669819,0.0992757446089395,-0.117813933761249,-0.0230578392427008,-0.10255206772447,-0.0734227692174856,-0.131098594767305,0.0406828835540761,0.2205748500176,-0.0310807850418562,0.0353226160515804,0.086733918989567,-0.0681076688075924,-0.0656269021325203,-0.112884901687092,0.0470991854797204,-0.0225878119988238,-0.135057695071888,-0.195945407602565,-0.000296654092160509,0.25763747030113,-0.0411120659315374,0.124002408945864,0.168620239762527,-0.284848143256565,-0.120613368372539,0.0176288000194936,-0.0596237371189741,-0.166282450866253,-0.123265523687258,0.0732713193247118,0.0220321611824219,-0.0277586143474564,-0.0822957560308009,-0.318570348395609,-0.187314822383143,0.0426467085744532,0.211073897309882,-0.153750060460906,-0.0879352571288273,0.172435189264852,-0.0266362570071504,-0.153435858706808,0.0766065157881549,0.0450442731994889,0.0048250845131711,-0.0527932310757541,-0.286048671989726,-0.253716047807912,-0.0977657746395236,-0.119294826762191,0.079985972031965,0.00496150993084801,-0.0675194547603554,0.0258868360684765,-0.161246624754097,0.121398364395287,-0.112136851501349,-0.0316420662941253,0.0808084600784629,-0.172316771305161,-0.0829416452751461,0.0453458724239426,-0.13334234426105,-0.0387354422777764,-0.0249385786471015,0.151301607541338,0.111602655527825,-0.0416210465055329,-0.179454927166962,0.0372906172093194,0.129797644037804,0.0133953545579363,0.0800804204815522,0.0405925244610664,-0.0336185606587824,0.0821819899239742,0.0253544657029354,-0.211578912244309,0.0265093426735225,0.111608756579199,0.116646970938639,0.0629613237290413,0.0396467945635661,-0.084650451817602,0.105726457724667,-0.094307197251297,0.139202893643799,-0.0165089015000883,0.120413529648823,-0.0660902322787056,-0.0540582450119129,-0.0573158049122418,-0.135620169728466,-0.178645206207491,-0.0694143627556314,0.109424338674311,0.0488541200704309,0.0442017404234802,0.123455993325746,0.00438369559808977,-0.0919815345164209,0.0929762706160598,0.0844246545376022,0.0973185740780868,0.106206617644957,0.101404539133622,0.0886047715996258,0.241064010292856,0.15007050859304,0.0395347839890684,0.0901364405340524,0.00570710197707734,0.148073919756685,0.0498739956736975,0.095088556634324,-0.0170287044650313,0.0723651376543836,-0.230891606395132,0.0975908682506069,0.00353724126066801,-0.0376949545686238,0.0377137235579207,0.122849713147111,-0.163415474157901,0.170829349963137,-0.243542629042334,0.0742284902288864,-0.0582193883317152,-0.269930178435656,-0.270090597032242,-0.277634162892146,0.0880359825837357,-0.143436916711751,-0.130318856157981,0.160590440330529,0.0195549516877255,-0.0816138401246415,-0.188654235555614,-0.177216144021842,0.031489142895709,0.0991933990836722,-0.144696176064006,0.0808534948000418,0.09859255325124,-0.0259319294688692,-0.000524177929118692,0.175798598812512,-0.0517610870077599,-0.123997678989501,-0.0404665001524422,0.0988602844943236,0.0960511315497562,-0.108983429546373,0.100554055760112,-0.0610586082020511,0.0815491806675689,-0.051397018622674,-0.0586560344835575,0.146981952284878,0.058851129259846,0.252098583775643,0.0605511501987069,-0.165126927036554,0.0154888094878344,-0.0054905544508081,-0.0439484717543081,0.0788384567389315,0.104311275084741,-0.0173659893043433,0.191379340762273,0.00104806443492919,0.0759773159269922,0.0732649693750294,-0.175094080895434,0.145291736719466,-0.027415704786993,0.0233867929967285,0.167425355114868,-0.0397266898069723,-0.077217440602035,0.0876694147788388,0.0226384555406198,-0.069542052055317,-0.174646436332147,-0.091750686613401,0.138422780385982,-0.166867698966153,0.030369857077946,0.121921626791766,0.119134676600109,-0.0630274827833994,0.0542350024306709,-0.044091551525369,0.10634463160375,-0.0297646403766611,-0.0723294292016479,0.059842493979331,-0.0281098721870121,-0.0767547978650329,-0.205632200851935,0.0854980080186074,-0.179425652685955,-0.10322164482834,-0.112356140417239,0.0732380235187905,0.0723885989822586,0.107020743149931,-0.190140836903612,-0.153639934475086,0.0286981037012677,-0.0894185411093016,0.0535043269849444,0.120496560553094,-0.100411160599515,0.201805414121086,0.0522056710690849,0.132014458457479,-0.140688521678628,-0.0433034089284503,-0.162374971665891,0.183530161157798,-0.140132729308907,0.00167967475068484,0.101555561546974,0.117788036577016,-0.21597472950147,-0.101457921911298,-0.063205556771636,-0.220743355400131,0.07504961689626,0.297000628424776,-0.0292140073380225,0.071241691890235,0.00759918153079778,0.0508717363336247,0.167019894275475,-0.181136812176534,0.0352202556593319,0.0210668113810393,-0.0150535343235297,-0.0939028900630071,0.0921690790540636,0.117961374476109,-0.0158705613199426,-0.28153713674855,-0.134539289273933,0.0269889057167476,0.198038432428212,-0.0587664337170387,0.0254462470175963,-0.00349128456960203,-0.0711619937504886,-0.0248067140203691,-0.135046975223218,0.106376113543997,-0.182232160176851,0.0771767399686853,-0.169125550318556,-0.389570983445326,-0.170992263843813,0.0540798943804142,-0.0243915086634222,-0.0669066015234726,0.110033966770492,-0.0739145317205859,0.00263942695661821,0.237921804746079,0.0441558746503112,-0.0806778014302252,-0.0167798103937686,0.0668285328410821,-0.0196969570621141,0.0597661723141437,-0.0318144949532702,-0.0660101396668972,0.0343214304122632,-0.233476559546497,0.09571087286239,-0.0460392005529454,0.0216979386714419,-0.0791296137403038,0.0924047587896363,0.0508588507940857,-0.143300041812811,-0.178792029197921,-0.0228871467216991,0.011913106318479,0.034363641366899,0.00430469608488843,-0.143147982944532,-0.218866920502755,0.011956651575604,-0.180057973645405,-0.136752200991553,-0.0710656024704856,-0.0260660374917997,-0.131791147898624,-0.0949209766701881,0.107334048455078,0.160266480449513,0.137769162085102,-0.0227627935470711,-0.0454948280632653,-0.120738051894638,0.00213645452174781,-0.0165242678778916,-0.247991614145285,-0.0464882903234954,0.00528319927981732,0.0888958223035465,0.273273934560082,0.123574123957143,0.0491735619850247,-0.0634665641667542,-0.0995649055086474,0.0190553928689783,0.134330360518391,0.0211712585745111,-0.149985956999214,0.00148431778407529,0.0507536905059939,-0.0964751040199423,-0.074909676510292,-0.0598175264438228,-0.208285023479325,-0.0968054665089632,0.106291538002667,0.0715031955016568,0.0201071331702979,-0.182730258409329,-0.0402277793587517,0.0137563119064552,-0.0874160573125756,0.207463603321901,-0.0554723043555628,-0.13389221465665,-0.189329026693517,0.00320497037151881,-0.00549819363246896,0.324040103054709,-0.0209255607131602,0.120818438869319,-0.00558317077620943,0.0968871965220765,-0.0813417673489723,0.195724442477278,0.0893132487280623,0.14542214586922,0.0668722779581933,-0.197288990035783,0.0152193894720166,-0.0752677236009233,-0.0399858416788781,-0.172787592930036,-0.0434002446022219,-0.0112423376060288,0.202161411858659,-0.118406401842073,-0.0767327692973354,-0.146177920370389,0.0612415542808031,0.101709492784145,-0.0274957133598728,0.0672825165404821,0.194577690911082,-0.00832104975836887,0.0115747025205421,-0.201607856283708,-0.312501787623481,0.0725332163094285,-0.215027903291706,-0.0239124714332594,0.103832796419276,-0.0204773441263586,0.0441789591971725,-0.0393709326226506,0.0182772307906899,-0.0168147093956896,-0.111038855163216,0.0111744825609496,-0.121434589006633,-0.155721899518059,-0.0626460049937942,-0.0889277169360613,-0.0178107500171804,0.139063157673631,-0.126066817291951,-0.135538602355109,0.0561456751963806,0.174607403713589,0.0881773003403476,0.107326010200446,0.0729438168113683,0.079803324751113,0.117469461860061,0.180339451086639,-0.0182280270274188,-0.0674485902963739,-0.319964033318159,0.0145581975850449,0.256933964023458,0.0217787598130116,-0.178555944813091,-0.0974178268653612,-0.0660489692905305,0.0318088828938157,-0.00399168433969979,0.22992560855133,-0.0585109506754834,-0.0025270377185779,0.0117853949770614,0.192765818850307,-0.0413608110644695,-0.00413483453568484,-0.0829707678657564,0.267575683440043,-0.135866752611759,0.0630483948772337,-0.0631807198597196,-0.216436065213335,0.110749824562902,-0.183607913710978,0.14826425977085,-0.209693928974246,-0.0706756256789035,0.126026715293553,-0.0917340168064116,-0.110840737262934,-0.0029133817765727,0.00272047415302405,-0.0612089310655034,-0.0466463224383026,-0.0617817024428048,-0.0793477605876265,-0.0294929341831666,-0.0313002894064149,-0.0824423446572724,-0.173958768406404,-0.105699457482018,0.00907201429648391,0.0542343112208677,-0.0432238651234444,-0.00158465913188942,0.16817834199619,-0.0994387782221973,-0.171669259792741,-0.151210371480432,-0.0851649697412389,0.160044173756746,0.075063188465362,0.0515077585097847,0.025864081743055,0.289130556087707,0.0737634694129825,0.0127820743004558,-0.270364758795254,-0.0574072348460544,0.086655239905252,-0.0861234247608042,-0.0969181955447341,-0.0696752211738114,0.0824941250156259,-0.136224433893377,0.0785577460867113,-0.103320479935522,0.0743987395386135,-0.0373121634325747,0.0627115030055873,-0.121075623093433,-0.0967161184589188,0.0482415016652542,0.0363593223043383,0.0106881870965352,0.095459501254832,0.29132731322847,0.168418286524563,-0.0303187063986197,-0.0199921736470065,0.01496193511308,-0.0111370793993121,-0.0378674858424463,-0.0290538759043052,0.0518448535815857,0.125525151618909,0.0322447415901511,-0.101084335338217,-0.0718509060350813,-0.026638404281455,0.218905987626642,-0.205206166391632,0.0155213120374226,0.262159370502082,0.0169517194183733,-0.207415393839315,0.0573581305841029,-0.137982806402676,-0.218204468448662,-0.06202481293591,-0.19527540499373,-0.1590424822934,-0.0680758898803695,0.0467481661944713,0.0386185598990315,0.0716877039264662,0.0734384558147888,-0.129095198633085,-0.0294275049218374,0.187921653627123,-0.0779399367874066,-0.238757500325309,-0.129886295127859,0.056418607589453,-0.0443536721842313,0.0881946993182586,-0.0940893250833442,0.0242174457042937,-0.0722066549267836,-0.0948480424310335,0.24372406402,-0.112650184749458,5.6289682569502e-05,-0.0191941554666616,-0.000529798713780574,-0.0515637653400225,0.159793876921679,-0.0462433565019399,-0.157074597244795,-0.0326344883038091,-0.103263984046668,0.0992131449887903,-0.218524876365402,0.136388171191078,0.0192646385337468,-0.138407840284909,-0.15118727502664,-0.00750722887861369,-0.163463906187227,-0.0252590958279698,0.118048944363193,-0.14539713817189,-0.0460400639059448,-0.184452321935368,-0.0553851616371683,0.0871212391627631,0.0822149227637922,-0.129377996899951,-0.207772516305964,0.0639134122560292,-0.0512985106653015,-0.155180173194177,-0.206151067108414,-0.111573597643774,-0.122566962290486,0.0787444616721061,0.105884808808181,0.169822515881586,0.00175321664677715,-0.0725441482176812,0.0539122105031701,0.0784122381605971,-0.0852594476466292,-0.113529369087812,0.0700978580657081,0.181813721218853,-0.0109922658900414,0.0138659570930908,-0.0316583227034318,-0.0400297874815638,-0.13896885725993,0.0324812078070007,0.0162852080861603,0.203701910542341,0.0457860095540857,-0.103566312052837,0.0177585948529173,0.0492266033068045,0.0390034185292444,0.0295983762694777,0.0228340000862422,-0.0531660367729795,0.166010628840106,0.0179197934154547,-0.0498815955324788,-0.105248533427228,-0.151150958780261,-0.225911909941119,-0.128013592588385,-0.160771735400231,0.0880796423115316,0.181400037831767,-0.0361212117082346,0.152438806938453,-0.00611707861076365,0.070730120841856,0.103587687413937,-0.000514826883183916,-0.136406584721961,-0.0930461393374467,-0.0190471012390327,-0.0190887180793453,0.137682876459935,-0.12128711981486,0.0462508288607402,0.0154764084470077,0.144717265894679,-0.0921202668774073,0.00429468916382255,0.147378280322435,0.186406180316492,-0.00621855705109221,-0.08068887181662,0.0923581261498843,-0.0670523651785849,0.0745223259027657,0.0749091715521045,-0.0812922551966577,-0.0547616132485272,0.232868103800641,-0.00758159610942111,0.0250342916500268,0.105647263347984,0.244069277358147,-0.0924274020755428,0.0495828804750788,0.0176198494588842,0.00521795081472701,-0.0911751533145317,-0.118444636442667,-0.119838888282435,-0.00881772641393436,0.0565293316951366,-0.0513211104792661,-0.235364719972178,-0.110372918921072,-0.110702058260372,-0.0873591750757676,-0.144599553888171,-0.0141715399585247,-0.00708536587225886,0.00490134715663945,0.0932138041753849,0.0254929540050521,0.0292073449483906,0.0282682928514231,0.0935878653896399,-0.0502654255788133,-0.150199751275684,-0.0139035708641984,-0.163804828089268,-0.169224365629599,-0.0125128035407767,0.0898867152740137,-0.055827713943508,-0.00641328875445493,-0.0380194572434102,0.028597308249166,0.0244744792195488,0.144274824432109,-0.105016906396711,0.288904250418569,-0.00266632275805753,-0.101950779022758,-0.0527273627362241,-0.13989174637473,0.0459267692587486,0.00631442082706629,0.148613624996134,0.116401149303034,0.157106707315462,0.0858725185713297,-0.087493643307806,-0.0977350951225117,-0.103147563121208,0.108690364912247,0.195171363507751,-0.125004600228373,0.0331989823786787,-0.00101234403149223,-0.16055819011657,0.0145283783838061,0.00227218079694723,0.0265243370189143,0.0125932773053105,-0.0559870236777559,-0.149190342175793,0.132632068318807,0.0141553576873975,-0.0552559442193494,-0.185258520652545,0.162447625772591,-0.0780395487558369,-0.0162572222251873,0.160813188187754,0.0764296669825644,-0.0253755906135735,0.0686499892575583,-0.059236489449185,-0.191594084603643,0.0114885279791111,-0.116539639453822,0.110005697584095,-0.0472632164941192,-0.0280704640090909,0.0267939962174705,0.0470140384571514,0.250696610307193,0.115022327425172,-0.00316214241218987,-0.133934979664495,-0.252364226015642,-0.104804785802684,0.0266449346807779,0.164512812164257,0.121291546493308,-0.0170086048023886,-0.0984921012911181,0.0779687409323178,-0.129072643443798,-0.144836269991032,0.0198689840832485,0.089940180256478,-0.0893527252540146,-0.15835783465596,0.118030933472742,0.0865473826286623,-0.126642339629394,0.194961135462617,-0.037850999102423,0.00793537136562165,0.127785329646823,0.00405580102045193,0.00432152828271954,0.0444921456895994,0.141495507289123,-0.129094202468292,-0.133599427922815,-0.0633324592325853,-0.140034359962271,0.143992701810424,0.132223586610066,0.1041004813736,0.108589035869248,-0.0626303651087618,0.308350498591022,0.0546083777432319,-0.135737993846299,0.245605507896959,0.0144542489817198,-0.117057765575192,-0.0947151230741359,-0.000329068749889205,-0.0540965201367189,0.13791077466304,-0.0616955013066179,-0.0365906915854254
0.21928625140223,0.119731008829692,0.137589942707989,-0.108952551714397,0.14866357641446,-0.0140781296524881,0.0168717161771075,0.0531273634061881,-0.0163339925614856,0.0667740553652761,0.061612024859408,0.0882500940499422,-0.171962361849788,-0.260090612386218,-0.332643871886324,-0.184450075236748,0.068441526326197,0.0870174630335043,-0.300982838453583,0.0916026074158016,0.301107081312708,-0.0587375473658078,0.00251861014146962,0.0710819597844696,-0.100390628937538,-0.165739705208506,-0.122122926945966,-0.032007988634889,-0.470961603178403,0.0545930144040992,-0.225506130788775,0.222286528081998,0.283058664740073,-0.058828639371503,0.1730976797237,-0.0277955934614845,-0.424830459738356,-0.324853407840874,-0.335663517809688,-0.0883175665132525,0.00317015836297765,-0.127198506431924,0.163653790001839,-0.137928025755591,-0.185750293156878,-0.170262192937217,-0.195026450917898,-0.042172294411076,0.124298020580935,-0.0200626153312339,-0.193963527870353,-0.175778626478872,-0.0148427977879413,0.0870147822411015,-0.426921465999491,-0.207993913127818,-0.351465488693463,-0.150062776298637,-0.237888913430682,-0.162949043203885,-0.404202425316904,-0.14765669455875,-0.105552993177439,0.0267568962835126,-0.0236514620234303,-0.36364771383141,0.00639425825822684,-0.0828042788576822,-0.0134214359137638,-0.0543875288241338,-0.0379695386792598,0.0810590981978922,-0.171760001223916,0.0649437244128812,-0.0240728769555761,0.0553737226078101,0.0353856377410918,0.163535484147191,-0.0403276412318832,-0.0655710582436834,0.160093134625701,-0.157192234595918,-0.268138679282279,0.0701251087853443,0.106727879237147,-0.111149110714309,0.200444053502132,-0.010620999006784,-0.0740706297013283,0.0100805016127429,-0.380810345167554,-0.0216401749604327,0.300205175966502,0.142736147670104,0.0766610825008616,-0.0454605695337086,0.0805590879497852,0.267285446947148,0.298682332440493,-0.134605827435385,-0.103563106767537,0.0068369837134777,-0.0346719094402299,0.0867209542397782,-0.0815804128176006,-0.29700604484233,-0.192430918947863,-0.12874066919544,-0.0500993698473853,-0.226359010905309,0.152651954794774,0.0741206248426352,0.0587315073202521,-0.153130470910998,0.168773650140968,0.148263266303315,0.0621549183619563,0.0181827882282727,0.0845109808729357,0.270413197875942,0.324852208712203,0.229598154490278,0.0817239746112063,-0.179651912377464,0.155208992110534,0.195668917434337,-0.0208870256326727,0.184767695133844,0.0939570410884064,0.169329604280837,-0.503237987644106,-0.0609051449839357,-0.0319258425560888,0.206612211131783,-0.0277318743994699,0.0685096146036882,0.129218671802203,-0.114360798934082,-0.140451070944176,-0.157180844622913,-0.219104398679144,-0.443682275247459,-0.284165036544242,0.00543563069013605,0.153369317051932,-0.0615085613546816,-0.227446245679405,0.169431420287883,-0.256868891008307,-0.262600399762848,-0.183074346142609,-0.0391311681266589,0.0638651839255439,0.0954254688660205,-0.0834697323110257,0.183110757320543,-0.0956491409577841,-0.147129271881117,-0.00185898229963666,-0.078643790639213,0.0293306483726615,-0.192734978250928,-0.0363522812062476,-0.097598330941338,-0.163499435317365,-0.00711566089365277,0.165727750411459,-0.304936209148087,0.128268234541409,0.119972224194763,0.174488980077712,0.114192480735148,0.0566672281477768,0.218675383794526,0.525479046588036,-0.0600352381423444,0.139890049099148,-0.000352592394287306,-0.0242016435044812,-0.142007293684646,0.131726895349523,0.0251824324355805,0.10338259901461,-0.0983138063212999,-0.0502890674961553,0.0193291803826918,0.125660277377225,-0.215975516503113,0.242798531411286,0.124599939253609,0.358150175880934,0.110589894726739,0.0305138424300553,0.191315631688609,0.270590868802831,-0.230626166925445,0.0557283300626545,-0.307087519541141,0.0907837342286586,-0.030628528898365,-0.217223871957267,0.0298341956946125,-0.240254409589296,-0.098490241623089,0.222411166504961,-0.0637514327221234,0.469610133170569,0.168074229873107,0.0406723766824997,-0.0612280099267675,0.0305997953670444,-0.187551649157139,-0.570806767814586,-0.409095418351887,-0.359908157520039,-0.154322237247491,0.0431950773931992,-0.178529212592216,-0.0276020290047442,0.148371179999285,-0.250228963055274,0.00914944789668155,0.00894645840415154,-0.0887670355391846,-0.365646780875824,0.0501518187340421,-0.230768904540353,0.0541831278473573,-0.222456100511541,-0.201169990051488,0.0687178215512649,0.113999601446144,0.168669077184042,0.25277818779538,0.208051202267284,-0.0525526288622234,-0.0560330093150635,-0.221517839433428,-0.268448232264584,-0.134920986880802,-0.21321119974717,0.0556869328659163,0.0495293492661337,-0.0468637181667129,0.227017317091095,-0.00209570733066868,0.326205639635952,0.0929492794701932,-0.225657536971204,-0.034144282130033,0.00269200640718215,0.117460084086388,0.192181844124261,-0.218937793830998,0.0117831220886548,-0.121027808320734,-0.147928374041939,-0.179204682590277,-0.228030747867147,-0.258056590845547,0.108268342933569,0.238918605323856,0.273918868311021,0.0614901662122951,-0.0222865927940986,0.0790265706633637,0.173294514914749,0.00947543594420264,-0.0985461552556206,-0.0225154509973435,-0.358382991469126,-0.427646984621129,-0.176562279864511,-0.327029931103644,0.0911022078641443,-0.213847048232272,-0.27223688814547,0.290819080330896,0.0820999443392467,0.457716509758366,0.384403533615735,0.0599218331757141,0.00584239734202699,0.00552038653841749,-0.0955231569125767,0.000314214550053628,0.146559132950873,0.0251143647122299,0.0301863201781023,-0.302245040757528,-0.130681006012357,0.265019870655625,0.300364369383313,0.129161535348833,0.156837303202847,-0.152047284728475,-0.0964144543551504,-0.126312129537658,-0.0734898325415761,0.00475740049587275,-0.0488899627146011,0.103507747687701,-0.0186778474929938,-0.280019057329312,-0.0574496716526756,-0.454683322815931,-0.155567646996175,-0.342854202102412,-0.0525093107983722,-0.166686808513765,-0.108095952623745,0.0607165904755765,-0.0866094126508175,0.131265330103707,-0.130688708929849,-0.256067144023891,-0.238810634786835,-0.0376472255678164,-0.224441720320133,-0.200747583879996,0.0645847046916701,0.114155081589396,0.164440618921474,0.354113699920147,0.400115906395193,0.195039291174082,0.0781243470243349,0.0868608481910911,-0.069814886540788,0.0543612333952227,0.182486787751414,0.0940374104031927,0.0371379710249618,-0.0819272057822552,-0.268595355589671,6.05742726062231e-05,0.016036919677593,-0.0215469409894067,-0.0202089056492876,0.158229040688445,0.104729247953325,0.109396633839233,-0.163758294897193,-0.230056334084362,-0.00499611177514472,0.044759588307459,-0.0376713502403309,-0.226493123653972,-0.274979377190914,0.112324765524398,-0.0821090487125749,-0.178783888774084,0.019204878601891,0.167651596602955,0.319141211125341,0.348966823137819,0.055880124738962,-0.0337549126539531,0.109654129486459,-0.0145517475884729,0.126148461971766,0.283859283412296,-0.290978014486752,0.0270037051189044,-0.0815159007866375,-0.301567010696762,-0.0316158566589381,-0.206393366753626,-0.0687997289013479,0.126876863859048,-0.127939749130564,-0.336908857689941,0.0733970142736327,-0.00553475999036082,0.0870327231237086,-0.0286641863966878,-0.226415198175411,0.344231747944566,-0.0218808947865193,-0.209474682068203,0.0076024998771783,-0.0534153990271418,-0.182832817425571,-0.376224760160296,-0.292438213723953,0.16194733968467,0.103317871785394,-0.234641501672075,0.0900532745836219,0.0444359447736178,0.0159738893556188,-0.141381953750255,-0.0909350827877175,-0.167127420056442,-0.0287601915762504,-0.367977789098498,-0.179968845237856,-0.0798916277263816,0.0490453156919079,0.0156793035083831,-0.16658233309965,-0.0891074337367413,0.0628441637937181,-0.0593037156527506,-0.0221854524865077,0.175860833864764,0.314980259368272,-0.115179233983712,0.161058566035211,-0.157091006182384,-0.352006467362503,-0.087938402747442,-0.115723172081754,0.176702064827535,-0.0976620026033775,0.0861849867076142,-0.0395808475105385,-0.162263998506073,-0.030016651023943,0.0134655673463459,0.0514326750733698,0.208093434868151,0.232467208438095,-0.00505263624859822,0.187344389028855,0.109086535265058,0.0533437036904939,0.112737680093051,0.145051773094865,0.114702613562983,-0.123358585403399,0.0511528668340918,-0.152464665767318,-0.0664525570852346,-0.00937319831255266,0.0837125960222697,-0.108193418549617,-0.0150165166416609,0.0174087171492508,-0.320460452228562,-0.0505544784305572,-0.260510501454745,-0.164712783874139,-0.0797444867899147,-0.021411911302439,0.260352574689659,-0.0480806786195903,-0.153950046988784,-0.0770304545526835,0.0240153160436379,-0.40291026658218,-0.0450195697257523,-0.0433889836050201,0.040312190891004,0.0741949037762343,0.304221630508324,0.257523836431779,0.243592183346793,-0.0123050384896189,-0.325596047433307,-0.0416694015795172,0.0318027421187269,-0.0387922167626829,0.0901359387142133,-0.041344855584664,0.467989320331882,0.0322319820628848,-0.126898804466489,-0.139416599953912,-0.0997840026731454,-0.255447993540929,-0.132765486582423,-0.0825763553946527,-0.0289545618342256,0.0733031170642599,-0.0840729497691441,0.171545587005178,0.190886417663776,0.153403289137294,0.297497282939817,-0.0878966125682872,0.0750552958916343,-0.256169517382929,-0.0796770130539828,0.0205726101484141,-0.46649798011376,0.268585070965395,0.0334128592993204,0.11428806604647,0.0131345025913891,0.21637549831195,0.225372602718824,0.0834109248533401,0.0989017279460743,0.204707973739654,0.107228879792172,0.244694299780161,0.0898816648451633,-0.00134505734773284,0.0443272074591985,0.131984367965304,0.481772253875092,-0.050481097111515,-0.0820887732857899,0.00811016886839547,0.0510111044232047,-0.191124235822404,0.103114051529483,0.114947852478867,-0.208647204056946,-0.0926478213584974,0.0991900862970952,-0.282539126606235,0.18035439700935,-0.288068840203994,-0.162017137810389,0.0845118108956194,-0.107810204374969,0.103773923458888,0.0353609510674293,0.0686731187308262,-0.170384660834663,-0.126797112427018,-0.203684128461755,-0.00727326246320924,-0.0152687317939245,0.295978774112386,-0.0695582310253099,0.110796423556078,-0.124788915804964,-0.148229959443112,0.331333865016368,0.175093820477148,-0.170491724782179,-0.0741514405634744,0.149641444548176,-0.0593517682004157,0.0014314764167332,-0.290881043233627,-0.390422029978861,-0.266972881787908,-0.10455543732349,-0.0232647615456161,-0.000727509927087096,-0.0407312102776028,-0.080769453932477,-0.109649070300474,-0.203927786877671,0.202674547945148,-0.132166442885909,-0.099423629602284,-0.327293593414166,-0.505631177133015,-0.09068062582592,0.0137105486132336,0.0670983530996819,0.0841959652362116,0.166152684372392,0.141950750942491,0.119229561959701,-0.151883744677014,-0.123351019361057,0.0697570276495309,-0.542545252208343,-0.404017448352804,-0.17620076458079,-0.00672669058468861,-0.0821537959062791,0.300676971403083,-0.104043429240776,0.132223704309566,-0.105444265965232,0.014148993735431,-0.221517732014555,-0.000538054838558427,0.338578060880799,0.0489139039436576,0.354725132673932,-0.0855221864530347,-0.123417421390812,-0.0129885578607146,0.249291949167456,0.212050723250647,-0.02845828498283,0.166814099351552,-0.0361658767883528,-0.00493549743291592,0.177748105084669,-0.0463976671530921,0.0322102066885104,0.103177582481893,0.000519835348522249,-0.0175492380598279,-0.0305682712440893,-0.0429733592913971,-0.306823947700281,-0.256433291405659,-0.275970949156584,-0.189476481993628,-0.301966776663479,0.0792828886563116,0.216258817756154,0.0914942302396354,0.187841433551102,0.287759628739829,0.15213932229386,0.0324147189641108,0.197548025231844,-0.128644398039258,0.11306480922657,-0.262260873274711,-0.314853664244101,0.224831125795658,-0.132783611013395,0.00749326747395077,0.0979596400047979,0.2154045599151,0.0851091334803709,-0.0161511627308836,-0.109766071037608,0.103424399179845,-0.156954116527641,0.262260601734328,0.1090205610304,0.20895237975082,-0.044843612004612,0.0128582318685234,-0.246263073298515,-0.156088949194948,-0.109880150044958,0.194692970290596,0.106049215319008,0.191907617135144,0.281390382457975,0.340344191168757,-0.24266427095759,-0.0636043623079003,0.157358225503688,0.299427328081429,-0.190360478930438,-0.263049264037138,0.0257906989512426,-0.292536059812427,-0.272382437356065,0.148214344810055,-0.165997028458386,0.0963212708758391,0.130604938907412,0.0804764562550606,-0.320240642787377,-0.251995961842286,-0.209736206740505,0.177653420756608,0.148139599208266,-0.273087197474344,-0.0219215863973713,0.0482164133467159,-0.0592519584464425,-0.209541515147099,-0.00448541085136611,-0.0833916333396794,-0.572240087591032,0.0927185050136206,-0.141493698648346,0.224631420848559,0.0850817794278055,-0.201939432330362,0.0108597570112216,-0.266620868578751,0.0510688312519487,0.206210748878335,-0.0223990101897611,0.157738035027676,0.0520803702349376,0.070416174444529,0.080319750903912,-0.111388873947073,-0.1408198225905,0.2148058634798,0.160173382598893,0.18670711860759,0.224583785248591,0.197469941903863,-0.140799791153233,0.180834919896051,0.361915273090162,0.0915050682851255,0.148477678669403,-0.138932437852806,0.0259525387176592,-0.0547896140947,-0.0206095690685229,0.127789109157613,0.251137472125362,0.12739663416871,-0.283872010247312,0.249478308859229,0.0406154751606775,0.14345302764542,-0.272842569267089,-0.0334273436779896,0.0166367116926643,0.134297079424598,0.124005734752154,-0.183107024186301,0.133028870897797,0.15961601779518,0.179635741541702,-0.160434911040994,-0.364661667795086,-0.226828941483773,0.0908966244044969,0.0936713965341446,0.131184061623448,0.0268783216860373,-0.163954423719629,0.133669857364547,0.0966508440044165,0.0839329147417922,-0.0467229818801956,-0.230174121184145,-0.102987044814453,-0.0949580330280677,-0.271633734457462,0.150086920643986,-0.121789534825553,-0.0528730527640426,0.0731025548219999,-0.131767926517563,-0.114976935015945,-0.155945428136949,-0.0852374522048336,-0.0120332293478088,0.0197709526789215,0.13754925180582,0.00524917665113428,0.33492795350121,0.0488618367586121,-0.108297582791894,-0.142376197749298,-0.00332215755773085,-0.0384646137767668,0.111233540846377,0.147480315796362,0.0155263411636586,0.417127959556208,0.071148976587012,-0.401204408066018,-0.088829282120685,-0.169559447759011,0.150586055523421,-0.00314648463713668,0.272240726047303,0.314754204002115,0.208383936588908,-0.0256477789509848,0.0830751356021816,0.451275009764529,-0.0106925607484265,0.166102658765846,0.0570589034999379,-0.257911270681315,-0.103147754834723,-0.0605963613441414,-0.0267966296959599,0.118950351145606,0.161897587886676,0.266758426748428
0.632829015967827,0.301572883874089,0.365824306123198,-0.450292147752454,0.201250539601094,0.12794548960758,0.322779152345053,0.108562510164256,-0.30637070215617,0.271092016613601,0.0284936925645171,0.103676061883152,-0.421507189609955,-0.119712537401954,-0.679837117554353,-0.343703218984536,0.169015502783223,-0.0685588980407626,-0.750181233267414,0.138435378498368,0.354510249802778,0.151783100128168,-0.150040229955476,-0.321535927616878,-0.566853247017944,-0.556611745802048,-0.427730944888718,-0.480486161823774,-1.19447380825327,-0.559192386729811,-0.578889017749838,0.723063581532647,0.573224486347905,-0.290368024174006,0.0623384161970796,-0.13053471763047,-0.996611740644864,-0.54071251646238,-0.455981200179565,-0.394900865465415,-0.148988595827733,-0.410602242061015,0.455604586297061,-0.184876853804012,-0.44649758678379,-0.395366352977903,-0.951860251492392,-0.272789609926676,0.0703032578104877,0.163910123007252,-0.425653188683656,0.132525822988184,0.0109234191563349,0.226321577772139,-0.480118626355941,-0.645784195843742,-0.619675718171315,-0.601696207100645,-0.19196974905412,-0.507002791705964,-0.911152996791647,-0.34444644044433,-0.219339456503818,0.168354483870533,-0.190071655797508,-0.676235540501188,-0.0929586753605329,0.0150973393745852,0.37463585172436,0.173940134021831,-0.120777608818167,0.244273766412884,-0.482841013503938,-0.0462742958514477,0.293597151568962,-0.0146964050881921,0.378414823636397,0.307982461481861,-0.216366165775092,-0.113095670549467,-0.190657328832757,-0.63236940884464,-0.0577644883084453,0.0868735495384656,0.261474707731144,0.11913264926555,0.592953671213851,0.450235518362062,-0.179065987824853,0.0616836056859557,-0.895761766475583,-0.22974471177619,0.319576082226716,0.671509552106787,0.0203433028325718,0.121637064531184,0.231200544016644,0.680345104789622,0.410904494574317,-0.369833627753949,-0.184488903758227,-0.0816412750511956,0.307923378307593,0.0423816690613088,-0.116813524870856,-0.600255631852394,-0.563757680232449,-0.69513428639179,-0.199106566193787,-0.342919128542321,0.36676380574718,0.631045943275678,-0.0762868488371944,0.0327433407150868,0.0150297831723743,0.667643513085419,0.441909251883653,0.133799663787569,0.373163084482816,0.758757042776755,0.804548726385214,0.220354825286585,-0.0716637287947404,-0.633246429618369,-0.175684496819328,0.101247369421139,0.0805386007913195,0.373244449611936,0.174897272400321,0.0900441999747765,-0.893669169507568,0.316809884650293,0.0745365518683408,0.156185600292718,0.0633058597478543,0.193077225776675,0.273059531996268,0.12118739271733,-0.288910876748965,-0.466008318252896,-0.680764529763159,-0.869511927625396,-0.716829817390085,0.112535143922927,0.41598680980084,-0.243617286696102,-0.323595067077969,-0.262057850521503,-0.341265076908257,-0.276011657666596,-0.337619246164081,-0.168136251652445,-0.194040565059446,0.0785356367511663,0.0496797495733468,0.559732129375378,-0.0886010282114674,-0.298760919182595,-0.0404838732318446,-0.212022408690164,-0.0412877696261002,-0.391104103745564,-0.465511723303608,-0.00583600843497744,0.0289692218899405,-0.370459172910594,0.110097029011273,-0.733955604189587,0.0540410169769962,0.540853610767199,0.265779885862026,0.532992728695567,0.511778780579569,0.640723756830291,0.653219548187338,0.0573156722257522,0.0985848071107977,0.0251835410644944,-0.0557205237703463,-0.0045128146491373,0.187611387745851,0.289780665764557,0.152655454948459,-0.314499751534646,-0.20618958860403,-0.159538487429453,0.0214738577489193,0.0530178516373675,0.938038712676979,0.551167479700237,0.532078747451407,0.207760101513665,-0.0957362947996667,0.754129707865711,0.526079813080568,-0.397914274773827,-0.0633626480347012,0.0167912713128719,0.432518430579902,0.00789227162081237,-0.0312441987805828,0.0837763800628024,-0.584316443372318,-0.0587970158523937,0.770047314628346,0.318725590767912,0.537311379243538,0.522524987615587,0.0113135575692653,0.0356766041255375,0.28979380525534,-0.541797208718274,-1.0598429702273,-0.646051791204905,-0.656829950492288,0.0267773808038452,-0.0316324781307581,-0.284531412459269,0.120253681531619,-0.0453626485403139,-0.430326235570933,-0.111471141457372,0.0269165732864802,-0.726282801827647,-0.840015699334094,-0.0868919180739276,-0.163698152683026,0.385044582880032,-0.499609379601446,-0.0218103663376837,0.205178358273645,0.209561093195328,0.0303923921448183,1.04272341805664,0.309707830091247,-0.103832016192164,-0.171859878182562,-0.382197479723177,-0.995168324599594,-0.955966484804781,-0.338968841806556,-0.271491270217184,-0.0200878546817552,0.488263504863333,0.520746873721469,0.287587765554119,0.848323808588138,-0.231441218559582,-0.129640944988287,-0.0895874726607862,-0.0608060932667115,0.540306211540616,0.487171430950544,-0.301637466264012,0.241333481951352,-0.264083458505621,-0.6219137756265,-0.486439623157885,-0.811278210706713,-0.421892456528792,0.513906180692629,0.0270183422001856,0.757289192970504,0.206261606780436,-0.0666362084946165,0.00530733585582184,0.124819812991715,0.348722028264898,-0.454364303402683,-0.0744604511426736,-1.21253422402573,-1.04748505826505,-0.432520912340241,-0.74981942393992,-0.178619126521733,-0.0461713732011366,0.0996963472562305,0.422802455557671,0.148680248384162,0.730164239161724,0.479295331918708,0.487338237079395,0.13201755171684,-0.23991619229137,-0.520466753423339,0.0720526636855839,0.451776465038698,0.0887103714120961,-0.49671376788769,-0.535758154384457,-0.515845153747031,0.407594556490669,0.52103942938352,0.65530790954798,0.409968695218675,0.133293598621063,-0.501768320036339,-0.201549992150522,0.0114322863238513,0.115248786580369,-0.186714174286626,-0.0349195343707535,-0.439079983089262,-0.820805091022645,-0.108717595199742,-1.27703968664708,-0.550090968702156,-0.606324226213415,0.104127327995026,-0.35380618984917,-0.276247150187813,0.101690800357048,0.20963762986397,0.284676153303373,-0.474455484867972,-0.285593451414537,-0.414781876688822,0.00492664132571176,-0.0491723504506453,-0.192847745135186,-0.0627285902848061,0.333467798892581,0.32036552892689,0.828288912166351,0.848854426480253,0.18126460614855,0.151515186465943,0.13807852444086,0.0503556109649783,0.144578949163912,0.383153683481889,0.0614354578581768,0.524668282377923,0.0210188811177285,-0.411531950733896,0.0725096422245385,-0.311974203520522,-0.55836038396402,-0.288369921574484,0.34044564362354,0.439395492886869,-0.0115279934697299,-0.20760922811949,-0.295894181739942,0.301664303214052,0.212327591324805,0.0523771299663885,-0.4022424626572,-0.647637351304442,0.156112177186873,0.112692060434386,-0.391856326738954,0.103950182874652,0.405136474235906,0.743011863254762,0.859383040600448,0.720233594333518,-0.122631136952673,0.189614874326924,-0.241879793359839,0.554057981949777,0.27953412857261,-0.782159556562353,-0.421684355127626,-0.120752661777403,-0.908414394380746,-0.33949160150866,-0.37029721662653,-0.510272574836153,0.474417476512083,0.102993334296409,-0.714043683241588,0.0183338168901626,0.585751705627313,0.334854758198842,-0.0708240220349367,-0.291312110986284,0.721032981707829,0.426202110256948,-0.213065883719538,-0.131868196340192,-0.284411773986557,-0.504639753064769,-0.981258924690047,-0.800948510201319,0.00307888698612934,0.0973228195153066,-0.363525070833378,0.0121388910125839,-0.0290960103221323,-0.161185850114527,-0.521088238014321,-0.155849371616897,-0.466263243039714,-0.371504767421148,-0.907127578104013,-0.76187245239278,-0.148716809188359,0.00455716537541145,0.0173881184420996,-0.29503451373754,-0.320087329111929,0.0692390912034526,-0.406816327895324,-0.357417553868105,-0.0513024434120151,0.335393381161968,0.0256958824445552,0.08342800747173,-0.789861601439496,-0.948857330224149,-0.476576743509334,-0.273072829100036,0.353186612091698,-0.139927978358818,-0.33003255709142,-0.0404676555351728,-0.51658456298487,0.207365204165622,0.257204396867507,0.312770312171993,-0.00210421318103364,0.631431538108127,-0.0343019584162111,0.0479135885717237,0.466805023645324,0.122445117925689,0.287487638418087,0.513747028702101,-0.220290067600394,0.682808156782499,0.106190662357023,-0.220303417779836,-0.0604014506870402,-0.395331113499992,0.0686181154756508,-0.0825947288994131,0.170434593786365,-0.0762492832493225,-0.695510608804235,-0.0273355918271456,-0.722286476310381,-0.550146794835712,-0.104150873268107,0.176121258144485,0.465541394640083,0.289067321752615,0.0238506918214954,-0.120980420865558,0.136779263936586,-0.87994078091502,-0.518829699030727,-0.38346886438263,-0.0225706283282056,0.192906102630968,0.415563447654813,0.498783000754596,0.137026081687377,0.239072301424597,-0.433409841601,-0.354733471050798,0.224222985407823,-0.342010525587599,0.0203138861669759,0.442537835236797,0.75672030585463,0.0883599287089742,-0.156694440137412,-0.201142512194621,-0.318358424390835,-0.465246959860065,-0.124476484540161,-0.279557551215878,-0.0147578231518275,0.16388409017938,-0.119751405720871,0.425610728863003,0.287176850972607,0.357079934605743,0.560542530895352,-0.580679162566887,0.210629773467508,-0.416932453019174,-0.271182305951963,-0.226750732162423,-0.841059340333262,0.915061169096852,0.245671126525572,0.370465314961276,0.010741615422428,0.459026464872884,0.557714436575347,0.352869538880758,0.67288789862432,0.338229590822961,0.280276374191595,0.179612803268217,0.280882797968151,-0.129729643058293,0.249428849480031,0.298233340040475,0.858325377391206,-0.305881527476247,0.155754596165308,0.258200431140005,0.158158375232371,-0.500129220966178,0.243594051767047,-0.255618028994489,-0.740244953707151,-0.474904929222518,0.0812808716661015,-0.572375907183095,0.182441650847618,-0.11663975907357,0.11987810402636,0.174105886445235,-0.168325811018821,0.327190601030569,0.089595809569262,0.290776817944114,-0.173259862213829,-0.888384530721888,-0.574735329683871,0.0217557022740966,0.0630766650059451,0.514300544522472,0.203223600057333,0.140938453954272,-0.125303400254934,-0.148941059189551,1.19204266863178,0.283460995536409,-0.60615713868323,-0.308245232507968,0.567805110760967,0.103159075072566,0.31319557619926,-0.60677661705207,-0.694180217214251,-0.696900025603225,-0.240852388308724,0.477995469821267,-0.0746997728477533,0.0155721060953017,-0.445689143767073,-0.651072480925089,-0.588728884541635,0.345883949522905,-0.397228221325681,-0.107275412952764,-0.685274506441837,-0.712021251908137,-0.492591045088745,-0.313669453641431,-0.218753814525095,0.223059646496985,0.561759958360272,0.615111266992724,-0.0842751098033246,-0.265425844142351,0.146302598880637,-0.11045496462258,-1.07971155962469,-0.755609775356102,-0.292101221809522,-0.0710020066967795,0.0094791182868374,0.197980547475516,-0.426787512987382,0.15225603255139,-0.349883336364111,0.305963814976149,0.0476315512379061,-0.323977325977889,0.54807889757599,0.854562574143903,0.364540862604755,0.0595001181138372,-0.553938679575915,-0.0593522360668149,0.570882992419709,0.43088825995005,0.221311780133343,0.124385035895418,-0.262653078890048,0.223809650785192,0.279657993144685,-0.493771337534558,0.0269592798825401,0.0950310676711429,0.128225322108545,-0.111647896169591,-0.349489511314872,-0.0130261889083064,-0.407596915429672,-0.709565624838379,-0.406003531982922,-0.598834856603986,-0.512681998623484,-0.317392113175453,0.486142208929475,0.0920091680412671,0.380750638380193,0.538692636385504,0.522621726153704,0.306202470515842,0.114990873920591,0.188512640610761,0.0281725952076316,-0.757875207062201,-0.224109687226541,0.511771092662395,0.0427327838813804,-0.105675666112063,-0.0850360376306097,0.804588540630653,0.581468840805612,0.308613041036386,0.119482395473,0.419053367657575,-0.10764224751327,0.812242334992321,0.320234343146807,0.625830465015373,-0.197156351767331,0.371246558345054,-0.376583316117161,-0.374730904745445,0.0490660193233645,0.0954611385982428,0.322101416771783,0.657584638716477,0.620721405006799,0.396820248858971,-0.484164399263757,-0.117418807736912,0.44908918299401,-0.134651824199572,-0.719500833975699,-0.841034073093689,-0.218744823133612,-0.124742989779799,-0.383732208411302,0.0188406880447282,-0.199008670637194,-0.00743744227478862,0.206038858092375,0.00945856024387899,-0.874860900554924,-0.845253202747728,0.231352329295086,-0.012405432491748,0.639214658494676,-0.0874938167637521,-0.10626952209192,0.304602485391483,0.243288536962648,-0.40229319636121,-0.170085208891149,-0.308511272153353,-0.919261423108374,-0.0732075894129842,-0.0793541363825959,0.221285097565436,-0.104304328193794,-0.0473311466731623,-0.145181719026126,-0.339700697065071,0.385144655975965,0.501442264812731,-0.155372928058354,0.424084110644204,0.653351427867207,0.0819157386041316,0.203912813088207,-0.213906648416306,-0.330174584029502,0.253556994200586,0.354554487739238,0.508963549553736,0.54446637965249,0.744092584273768,0.0329516033321737,0.131093352490256,0.130209718549715,0.286678278028917,0.2561054485682,-0.0932178829822273,0.0755392093363137,-0.234095928276005,0.378569843206044,0.0341580084877042,0.447354591956793,0.272191946793827,-0.19311893805223,0.00162848524048492,0.498751642107903,0.143326379793283,-0.654492806780202,-0.40663886097543,-0.548633756347232,0.0152739845265624,0.352379878995463,-0.175983017035987,0.129498139492381,0.402941379585323,0.293632503950176,-0.305966338959593,-0.548573925854843,-0.71309470372532,-0.459490879524428,-0.0138401012882562,0.400349636626601,-0.0224196296730401,-0.185908326229673,0.211783653779795,0.233769508375274,0.496386562174181,-0.0978178845577038,-0.854743698196372,-0.235829908312999,-0.563053863685514,-0.113276450909331,0.676148153446576,-0.227992072065728,-0.0621863277438456,0.118330533490394,-0.58213003550746,0.011114340873925,-0.449727134763289,-0.401818681490065,-0.263231415370222,0.86635143173732,0.336220905017239,-0.2414555658054,0.322744868024744,0.429643121502065,-0.148008642427572,0.184390931991139,-0.26442184060587,0.329399750702393,0.431168181768807,0.324729483800235,0.289800288664905,0.694329574260832,0.12276273239363,-0.755380267055656,-0.238313992550537,-0.276305009545988,-0.0702215759704375,0.379132413659729,0.762276033618564,0.826476279896416,0.674406315665299,-0.127681224530638,0.665793109714406,0.944521992443021,0.532899450539017,0.635771675221018,-0.245173572854067,-0.414262672968827,-0.529977161535244,0.0719216103363686,0.147924649586852,0.330258093485826,0.0926607966490367,0.0177484759464571
0.402948941203872,0.00978363386015066,0.0434127266654999,-0.224707626483405,0.253442355344942,-0.0288828756016899,0.241062067128065,0.273886475588037,-0.259032990567816,0.374928787797498,0.162501537013728,0.0173179564834708,-0.217687712698906,-0.107272558723143,-0.532241677638406,-0.295045666273716,0.229986004438135,-0.0403205297778697,-0.217843937908589,-0.0436849534219722,0.378400215345926,0.105814433628417,-0.178241235302428,-0.111618300817572,-0.312872322900601,-0.34119331712567,-0.302980408042206,-0.456592313038346,-0.907582564104749,-0.492961590539951,-0.482488892333404,0.570237892428376,0.487625735359267,0.143615971666598,0.115981928338312,0.00797413830863553,-0.795533255161656,-0.425448518379857,-0.397949595794187,-0.496159281657576,-0.230648903266949,-0.327688149149246,0.243190024561958,-0.0794122528218689,-0.410219654164086,-0.230557685529518,-0.601295476926695,-0.284549616260201,0.0599710406453427,0.268153299228013,-0.293213851237548,0.11708663358543,-0.00955835049575694,0.237194439922431,-0.210880483772753,-0.368821235359462,-0.329269458644435,-0.528017499828109,-0.0691338733249853,-0.404541775360862,-0.702344404522625,-0.143449708321914,-0.154796145075897,0.0348900982676858,-0.311465155168658,-0.482756715101424,0.215860083295815,-0.220846399495318,-0.0402240888405792,0.11277781657535,-0.0307184301062128,0.353377332204944,-0.334877254267786,-0.103912842340874,0.110011241598841,-0.201561713615547,0.0632137741216089,0.23175820106546,-0.231446757297705,-0.102592799936323,-0.0577874373473139,-0.291382226599773,0.0226273832293852,0.178647600310922,0.240916267991073,0.138538577746393,0.276017219023969,8.96662300703399e-05,-0.0131271198885955,0.135594988623101,-0.81979819354194,-0.12131653236155,0.188107103944372,0.484762226128024,0.154157134821146,0.200680743741814,0.0154746387490913,0.576391681792696,0.306787284578131,-0.248617880351095,-0.0551534881522037,-0.0502876585378036,0.221042375399995,0.182635903557141,0.224074693831045,-0.468886871951708,-0.42698317610349,-0.619308400165577,-0.0853680611193023,-0.205502792959802,0.28120997004755,0.4677826920287,-0.0228493707249728,-0.181732104449867,0.00747370455116185,0.343167294714203,0.416171576236986,0.118247813665043,0.0529469090175387,0.57926793592914,0.52250318985068,0.220300294558131,-0.0620302752250913,-0.319586155262429,0.0641191484976223,0.186319734859492,0.00790896023345185,0.110578933959695,0.286707168823224,0.153599876349133,-0.731083200450085,0.14005217203492,0.00395557798998375,0.102402494008911,-0.0061717448347582,0.0212380728364082,0.109215491029832,0.0915069174953267,-0.0851430388228422,-0.257340050054761,-0.224390134580861,-0.681372819318737,-0.438915274666658,-0.0351491790880347,0.373721845486367,-0.115359318904764,-0.215462104973919,-0.295601639404547,-0.202784465463117,-0.596827177569027,-0.172571787506897,-0.00392406874544227,-0.274755021744723,0.0568951531023101,-0.113667387576828,0.268967127171074,0.123347720029893,-0.113074106002165,0.0383384478573871,-0.280472199432441,0.0430812021928653,-0.399519955594989,-0.207604436285617,0.188880017208839,0.0349452269393879,-0.211567562908943,0.15563832347136,-0.290007291296563,-0.0793186912883603,0.483838445838296,0.0899545507172403,0.591299801689433,0.305838648296422,0.438827132362253,0.590750037913537,0.0419319106898333,0.364591202688369,0.122637705966606,-0.0901383992407809,-0.0120145047955086,0.158650516226236,0.202776999189015,0.207815432214739,-0.255096545126475,-0.338799048770835,-0.0512831876685657,-0.147229490125133,-0.0302689195122104,0.604778710291429,0.247812679691593,0.33545454708635,0.103166857897941,-0.141237873904568,0.519864161015317,0.478221098113083,-0.0700191577788268,-0.0798071887232823,-0.03657208097284,0.127029380542216,-0.0617846107631096,0.0886546669472586,0.193583862159561,-0.223197306485128,-0.0757342755586274,0.628828490452373,0.287212540413381,0.457771192379776,0.444275510604028,0.162512343790545,0.0352485993136507,0.287018652414655,-0.272126441787563,-0.726008797753721,-0.389637418042435,-0.342451099428907,-0.235692537469216,-0.160971364900742,-0.415749582968622,0.234405020704717,0.00129149959206327,-0.413639596734467,-0.064017640771412,0.0201908864929852,-0.314591446000084,-0.611812823923916,-0.133951070897239,-0.214081477636824,0.183770579905746,-0.372829465250952,-0.146954699882029,0.224645217278707,0.112080720120786,-0.106904033101409,0.828433084561089,0.0991070713121102,-0.0245884785704866,-0.190457957292259,-0.227938029721076,-0.745527156882611,-0.465169685462062,-0.362819487126863,-0.226683603004359,-0.0402281631623282,0.346578802318306,0.22311930427454,0.0858762983475615,0.452747475561784,-0.101991413839498,-0.142904802206103,-0.112434195772317,0.00634961767770828,0.268331966363198,0.247079255130795,-0.213037393831871,0.067626090129614,-0.223845194716989,-0.211084595153211,-0.386460954368287,-0.397971734146578,-0.483407676562034,0.23128065095885,0.0563276953426852,0.655165727358773,0.241248367999335,0.0698230897269849,-0.0665211466443819,0.103897407205367,0.110117212848423,-0.246077660550632,-0.0972777866544585,-0.856363658236603,-0.864305674286134,-0.118313948373363,-0.454043871310635,-0.176896017236324,-0.106142668719164,-0.0274460764002849,0.144063476561548,0.0952679413339954,0.519271988845225,0.517188660867246,0.203269878726259,0.240746743691227,-0.318921846824013,-0.305485326102447,-0.0128837496285129,-0.018162157040549,0.0202066195454377,-0.419404320393988,-0.575295807195148,-0.519205209535049,0.468907936171907,0.374787635962915,0.381341468509981,0.207556721060169,0.141520074770838,-0.53751486180283,-0.345008604742479,-0.0312308302771682,0.276541189000699,-0.293138035235855,0.00290051695345853,-0.0781337557635059,-0.595428073925762,0.0337190002184822,-0.997036285010057,-0.452950090340995,-0.394178693850055,-0.0661049067774011,-0.231928349281173,-0.141725714520744,0.0255363381242051,-0.0415508331161204,0.221714080435503,-0.368644110261719,-0.197184166024863,-0.280739064789151,0.181648548957144,-0.141313800516331,-0.153783873853538,0.0157728245167637,0.167037173792888,0.350917435491087,0.868089276424958,0.509993772656679,0.265213150410967,0.335999320297759,-0.0469939743094654,0.0367063918932056,0.104037399649697,0.211271773113135,-0.168577248460649,0.415539854296345,0.10990258658541,-0.423705927088117,-0.237174973621872,-0.32952904087557,-0.364457589081644,-0.13464795821047,0.209265002111781,0.309703268308987,-0.0234509973919556,-0.222725568926765,-0.218615642817458,0.208724164503112,0.0539552952312025,0.143393812333223,-0.198669288722827,-0.587064801574227,0.166548586678791,0.144893080620274,-0.194111705259012,0.0612094603927603,0.0877196884828275,0.50614160741865,0.654281412578622,0.615365973872009,-0.134440919630787,0.112104824896505,-0.187175051965985,0.420513624572875,0.23987879028685,-0.586217406091119,-0.397867770922891,0.00544120868579986,-0.571639566656723,-0.428301476233186,-0.415709024570493,-0.285099855021538,0.163865803960403,0.0954871798073258,-0.519445986514662,0.334790541621022,0.420157467443044,0.236254755700016,0.0341795937649509,-0.20727268049125,0.416786933370269,0.11559258988934,0.0149585807135208,-0.223986928123602,-0.1943242775082,-0.254888323115431,-0.554387433517458,-0.693444125657615,0.0059136219377391,-0.0671927292947471,-0.217193158232715,0.126541319471298,-0.0125299609606577,-0.217079171624527,-0.217236473400673,-0.120356087138605,-0.477022818655909,-0.206938964624437,-0.725300388195336,-0.535156646299851,-0.174749960124399,0.0459035421454172,0.106470740817248,-0.223895087883595,-0.3305044035663,-0.0605778502653617,-0.251496428386083,-0.30700959837736,0.0525030404882958,0.239348714038589,0.30855613248615,0.0949368040034051,-0.500748126325374,-0.543970712495981,-0.492766057043429,-0.0947397260141635,0.179455148624744,-0.116473835022732,-0.271491383934195,-0.206549853131171,-0.267307448807828,0.0998786697613523,0.0361631614945792,0.236969779148586,-0.00376324853458299,0.523952195420085,-0.0693839389628195,0.155489798740973,0.192647316629365,-0.128755345085749,0.230917806555793,0.358730009410006,-0.0353774318495979,0.326808667784212,-0.0319127006738761,-0.071148871105216,0.0501456257069006,-0.0209050674171562,-0.00872793475530453,-0.255176486347784,-0.201985971168571,-0.00237126048927638,-0.445299084151873,0.0386422171178796,-0.436862192327831,-0.343751911310019,-0.0690561535449046,0.169865752475198,0.394633411202911,0.148844459225546,-0.0815714271955267,0.168412610260332,0.220067468514158,-0.495550206210145,-0.376107263541173,-0.328551970042758,-0.0394516490058729,0.208625006052124,0.21110240679285,0.510831367885187,0.191195721549879,-0.0346680830986272,-0.355771846403182,-0.0929518641131849,-0.1115531423056,-0.0958143441712896,0.136695909981373,0.442713712855517,0.578216244115187,0.185158723140531,-0.115479159494474,-0.165463410065677,-0.21064776218445,-0.370321696254338,-0.0106805760726302,-0.150247456939798,0.134429022641016,0.134658426180465,-0.0150626244055717,0.307932352282714,0.107581941465797,0.227235493406293,0.186460100079017,-0.271041715497485,-0.0130510762315645,-0.341305189171644,-0.117783276778909,-0.227661273836483,-0.761043340744316,0.667044423053357,0.265735644746074,0.17496018463762,-0.0277958925616998,0.411449925912826,0.436466083002474,0.327585981015402,0.394971844447062,0.29271879771179,0.131167841820111,0.182667057028349,0.33319809953719,-0.224893920061544,0.318573048120481,0.235159931085348,0.650701279429516,-0.268696891972389,0.116234073414625,0.354965885779745,0.180320378843997,-0.372401866379538,0.105662954305208,-0.0553313231606964,-0.223405037714196,-0.38979862200488,0.133002799240689,-0.270007346352605,0.121253794207139,-0.0634369322472165,-0.178320839158683,0.067867019061732,-0.11470333468771,0.110721447773095,0.087011829476042,0.172537238047039,-0.0589711032996088,-0.433392599248197,-0.289142512437157,-0.0749037981204259,-0.0567732547310805,0.322413142367537,-0.198013679959629,0.109868587543761,0.130633516199646,-0.0232615906568881,0.736960932420666,0.326474228578926,-0.298532813779123,-0.321534523793768,0.390026133510532,-0.0561374831966227,0.258418298608618,-0.223480812533508,-0.49002394140843,-0.483661983926189,-0.219470567455404,0.318040053595108,0.0256484738603725,-0.0183155526181057,-0.129749331171866,-0.30686299587238,-0.443073433710247,0.117181080198764,-0.358541384009535,-0.0352092566861067,-0.567979952549428,-0.468280158598295,-0.360196706565474,-0.210303182894354,-0.138852816748296,0.0255430445888811,0.254644780506827,0.46769947634418,-0.0298837062090989,-0.0127233438817148,0.0388546166649466,-0.022624953838629,-0.877230730630459,-0.659021285353381,-0.29847601162147,0.0864522730232688,-0.180308344825294,0.260880088856541,-0.0443818488573622,0.00601504240192077,-0.2952493537623,0.402833012024605,-0.120966772414279,-0.0709954067426162,0.473741208312005,0.592168403804055,0.0480767901748908,0.0611664601333955,-0.178061159848438,-0.119207442149052,0.306672755891081,0.133579305409671,0.162543768759872,-0.0479552342309902,-0.0904132821026531,0.0959850109181035,0.239484569652326,-0.14094230294075,0.113786444204707,-0.0405872568365162,0.100368539410275,-0.0264353443956368,-0.199780172952114,-0.00897187829282812,-0.100568843108055,-0.518052050311344,-0.341821496569107,-0.518816096670638,-0.386797400125753,-0.204974605871609,0.185308980526045,0.0616117917451766,0.30548252337671,0.174042633565529,0.269950248427237,0.053960985444005,0.0371756951323109,-0.104434282825239,0.0785406213146735,-0.318115148298732,-0.430976439088979,0.172370943940885,-0.0565434200714218,-0.00270924102777662,-0.188936122473362,0.438791578336084,0.570011628042196,0.0680516918510763,0.180253535949576,0.388843033339436,-0.248553825806051,0.448871544460529,0.00726261558930813,0.367492343784415,-0.0947650478314409,0.167902301380818,-0.350125388491237,-0.370454751848961,-0.00874150327904408,0.126657578725567,0.264392574858636,0.476128916353301,0.467086250217751,0.254817231473932,-0.19663956748812,-0.0483352128250157,0.407183528557169,0.124679293247464,-0.699090752404418,-0.644375233643839,-0.107639257683906,-0.275232762886114,-0.210323617525018,-0.0372071442954381,-0.288768293096549,0.193125226808098,0.215225740699508,-0.0242246971942189,-0.596551971275101,-0.551629887695127,0.0280754067841502,0.273338275198807,0.254148066352889,-0.315364963274177,0.0182542790844129,0.21200888180033,0.194476862431364,-0.0443968993887147,-0.186230494863406,-0.272285213934258,-0.920484190930812,0.214423111134453,-0.0371214395365382,0.242263914544,0.110003796165169,-0.04724418426899,-0.0285203109400671,-0.151933333334997,0.292866608517634,0.499484666276321,-0.315820044126924,0.234197031774006,0.222349545238358,-0.0462255488523341,0.259626698759598,-0.32955221972577,-0.189425276102769,0.0572533533537762,0.249009752800074,0.494525289219038,0.518323096787072,0.430932108472456,-0.0625580234095719,0.0887735733222915,-0.0327443345795274,0.145279339590562,0.366881971042168,-0.0776151612954519,0.0692632588165926,-0.0157774193144034,0.289608690891061,0.0365767339907814,0.528176970609577,0.0765749461174636,-0.303566270761693,0.0897391396217337,0.320031931694163,0.380558087566204,-0.315357043007623,0.00118450960263633,-0.313276919327701,-0.0502314060492945,0.17742004117519,-0.340605275747543,0.07271835864192,0.283866400886786,0.247926520564175,-0.158315758006455,-0.570428659828613,-0.706374456869848,-0.274250442510797,0.0905476354550995,0.545908654908686,-0.0660436097571965,-0.10865769678959,-0.0911401860680862,0.051011598509815,0.334220307433547,0.223795867717157,-0.600047979850542,-0.387425452372922,-0.261422923580387,-0.196801188941129,0.350822077818562,0.0205612645496384,0.258087495698598,0.00459998276625491,-0.213393720075492,-0.130460491931584,-0.325943565115184,-0.347140585316,-0.299292824321641,0.489726404639959,0.130305645190082,-0.195438265601055,-0.0191995645531232,0.213997382349775,-0.0561956124524533,0.0895345863472505,-0.108814290794769,0.0337289887115435,0.294977486214631,0.231571948525231,0.110430515704686,0.567681960789222,0.0199048157224589,-0.451817847328034,-0.164667948428072,-0.0948614076711222,-0.0347026512603383,0.199300002130702,0.331662172641575,0.521769232970033,0.427461619730791,0.0445202330537448,0.543637523275429,0.718318948051073,0.309365822947267,0.528286734598824,0.0274719749612206,-0.263579163512865,-0.0871981025240841,0.187133915515697,-0.0117360572443172,0.162349229911461,0.275626127980212,-0.0583985214572447
0.322930884257277,0.44202920870985,0.209679967163031,-0.0216624726355287,0.271944522495381,0.0258934309961171,0.342507324599111,0.068122347185166,-0.260724218622215,0.209408770189734,0.168469404977568,0.00966386741519242,-0.372712433425586,-0.0616072347202606,-0.511776131745929,-0.3559272062898,0.0622413730999606,0.200421656409605,-0.49362748123424,0.026166712338344,0.367034472993443,0.125159402353147,-0.159178201417984,-0.161672294167189,-0.399020067090157,-0.558778691822205,-0.393046584484963,-0.270262210057795,-1.11699922151867,-0.324248011012901,-0.606760626056752,0.672840548618476,0.544060452195227,-0.103862355495525,0.124450521610126,-0.369914997011624,-1.15173910559697,-0.59718769001254,-0.528988754166512,-0.530668846074829,-0.289560556238938,-0.293601553238682,0.215304960816355,0.201561247083647,-0.642463101665186,-0.281643849848459,-0.824221715634522,-0.346345576321419,0.0457223739892519,0.166060708195668,-0.54560418256587,0.342879156835839,0.0569563504432469,0.212093657727261,-0.357065486310041,-0.663046830311313,-0.329666236336513,-0.507247393713467,-0.256619118068482,-0.333611877469812,-0.841466751379272,-0.456767534331048,-0.469180646038739,0.0183477656290449,-0.128088427437845,-0.594573641408818,0.116815028555534,-0.0345798034262121,-0.0512633209649532,0.0127358873945082,0.150189117881554,0.485218812965217,-0.423584133212631,-0.217227540271123,0.279466814915716,-0.270412112990422,0.15508413044236,0.146073865822427,-0.162131762167902,-0.232069456730112,-0.111263390852364,-0.223905699983395,-0.0286221039039667,-0.224459399545619,0.238511559573741,0.0528028501104916,0.338369529055737,0.225090035646884,-0.383027375412864,0.0599991241541857,-0.755370826627933,-0.123123848884634,0.11581666303167,0.629938650649797,0.189221464222711,0.17254604670694,0.0108694223295035,0.613510175175416,0.288960828844701,-0.225192252249875,-0.118502572794743,-0.010308976716057,0.258079458915505,0.0511983000212582,-0.195301978489994,-0.418984245653266,-0.699563919406244,-0.579435824484495,-0.185078580767388,-0.290132545003769,0.217819935447003,0.427578216228096,-0.105413286060528,-0.221375567681678,0.0277976929525895,0.672548378969868,0.381865206375033,0.0924967588882627,0.200186791752269,0.657412401851917,0.685785003736134,0.0128379793213411,-0.292784554013739,-0.4432659699343,0.127716133394433,0.331078750639708,-0.0100269293171997,0.361800732663009,0.143760178682191,0.122876391929821,-0.953723806001838,0.219555475754465,-0.173939217803597,0.349531813039401,0.13442112850619,0.283037316222692,0.310539602935696,0.123819797476098,-0.198490195919322,-0.437300506410591,-0.507380283078509,-0.66216419609821,-0.759418466807713,0.0867090619317441,0.355175118913381,-0.0551028501038937,-0.367227510254603,-0.269695563225422,-0.260656490335318,-0.0484799258014402,-0.323213642057047,-0.0977472128226275,-0.190484764109177,0.267962672921657,0.000627397937505894,0.390067096001653,0.133406495227021,-0.0668260596496987,-0.0260080626099628,-0.350859142084415,-0.184649056762473,-0.269439720231871,-0.44132981957247,-0.0449496087373094,0.0737447711739287,-0.247157869713537,0.177136407242027,-0.570987381585792,-0.0863498554560567,0.352434275253172,0.406069960693953,0.372366382780614,0.533232893948112,0.515619413077595,0.748705616045048,0.0672082639300227,0.179262434974306,0.0534136663381016,-0.336597911681747,-0.200000388079145,0.140221414379459,0.299970092718523,0.105586560927052,-0.196787079993895,0.0213959069814638,-0.088279600820179,0.133560406468684,-0.112101752404932,0.986790392513403,0.280500869299608,0.612774377843579,0.169466200463397,-0.108501498944995,0.584725920519449,0.616422081277275,-0.444296605768992,-0.177044187723326,0.00510611308133342,0.241104810795678,-0.2185923184523,-0.307046489845572,0.308355794247609,-0.172036212863058,-0.195857962560333,0.664565504785926,0.287812853856247,0.616843373130812,0.44841089241397,0.230402736954729,-0.0557529705527307,0.242532270991507,-0.421120204798542,-0.899844169154485,-0.468263179251396,-0.421832283083798,-0.0204875910220241,-0.247061598252862,-0.361053628011787,0.118268610317144,0.102679836591172,-0.46753141579741,0.0303716345587291,-0.0490488640937589,-0.596997118808351,-0.896815121852692,-0.19167809413303,-0.210698278845035,0.499173543147368,-0.19379058142852,-0.233838459075238,0.190930289360946,0.249430722063503,0.0650347648361466,0.847952813908208,0.289121424469286,-0.050221695120404,-0.244011040231832,-0.37877565835083,-0.772834326284753,-0.545856048224391,-0.410762439111786,-0.269907244640992,-0.0585795961179039,0.347825561275374,0.499568390890066,0.0148026541400975,0.762189636371287,-0.0536830343637292,-0.0868373796598725,-0.0670815194834639,-0.158955574809187,0.3516569262613,0.508122648248038,-0.179406539679449,0.00179057442881546,-0.460036730199906,-0.49241210685167,-0.448318413812607,-0.658875967441032,-0.230880591980416,0.266410755128068,-0.0348619250516776,0.833548022970234,0.149555187730732,-0.0778347210955527,0.0658894160186537,0.0024732111867482,0.104929811514755,-0.397071700494898,0.0819561257365358,-1.02281299323538,-1.12235401017335,-0.388938140044014,-0.687423259280081,-0.0315465002648013,0.17597621807145,0.0282942052364203,0.568543107159082,0.240222597731378,0.773717499774339,0.306463656465411,0.386578178430277,0.037014971655872,-0.240427053476327,-0.235569078708643,-0.0238196535082805,0.345836549127058,0.00776935085586648,-0.344858818140172,-0.684957480578605,-0.534283239408035,0.548656637519309,0.353314692057413,0.681378464994236,0.377402475964439,-0.0369838000088719,-0.385904988445472,-0.323028139766978,-0.261837623928753,0.356329677613718,-0.300278182739122,0.0280006665616298,-0.285215152236125,-0.738584176028255,0.084216196218619,-0.897326051883302,-0.648788419470343,-0.584982358182927,0.132269696888198,-0.161090608227663,-0.264059830952838,0.0831740070691423,0.043460658555016,0.174854128885803,-0.512976862764158,-0.170364975467967,-0.204134198524086,0.00515067076714358,-0.0342425505097409,0.0697971606252635,-0.18288662605162,0.0531915520037221,0.490792483799366,0.847165938690468,0.692479716418958,0.151019977866753,0.0507586601889835,0.213674713244928,-0.194192325511795,0.222713881345852,0.0955714466746863,-0.164784950287071,0.446673308119518,0.0461951447645855,-0.415850469382926,-0.0318584388373032,-0.437028260171753,-0.638827686883311,-0.189310573174851,0.13576666790759,0.163485891770564,0.0403876750710624,-0.231207455340481,-0.237593133195899,0.163558916113131,0.139297384837574,0.109156921966641,-0.249847352352388,-0.578395302423557,0.228106785070436,-0.0112219951216893,-0.535101837522896,0.0509070960119606,0.500185395655847,0.735570922088511,0.812281205798716,0.428561369701873,-0.21487566243951,0.2346049681031,-0.0179734820107718,0.406939361339563,0.360940703019587,-0.442723123937657,-0.308237221808228,0.0141513940424521,-0.714907697953234,-0.686917625505601,-0.65996247286808,-0.410994585642881,0.389158208598917,0.0628929884297177,-0.521080735076549,-0.0498396675076677,0.530117621554825,0.234766504425863,0.0195046836992295,-0.26301901564209,0.479910503885948,0.175119185717401,-0.247363044210244,-0.0720688174803457,-0.438631653298245,-0.443853075077576,-1.00189679699699,-0.686205480377991,0.147267263090438,0.177999491135954,-0.363584515749523,-0.168551870014789,-0.0187993326365274,-0.0843936415674719,-0.187696382390792,-0.0525573593648722,-0.495879755950403,-0.207129222936247,-0.86500892071962,-0.62366104134609,-0.18588630522505,0.119875838454494,0.137972033295005,-0.536146811672754,-0.216019445101834,-0.0453909236580501,-0.197400389924426,-0.433624409207361,0.011440134758689,0.218890284775806,0.209376609297508,-0.0155044512542875,-0.693273074246684,-0.884088758604454,-0.508657129850264,-0.153698840349648,0.252351570360925,-0.264866133070797,-0.222214209954236,-0.163007187000999,-0.138426172545754,0.0399991642082061,0.229390021568014,0.332395171376587,0.0359473050112624,0.566718598335954,-0.179712338058334,0.32620426118456,0.259097769634555,0.267824879421891,0.0741286482241252,0.481245128707643,-0.170327002234899,0.269482763059441,0.0108211808532183,-0.198159952592623,-0.200006823667771,-0.154217399595809,0.0761993610192539,-0.13549586158478,0.355228838453603,-0.183004284281592,-0.58759807687477,-0.213716288656957,-0.524224192165951,-0.353621632075855,0.0196310279984414,0.0389373815222457,0.587408163047771,0.308846910327691,-0.139745538305667,0.0755008965771833,0.310534932215534,-0.758042361018152,-0.237547546824777,-0.31349324371474,-0.250001715358445,0.0672707036811525,0.545180611045635,0.331527693937082,0.065889533590484,-0.0684221699553701,-0.599775310617337,-0.0848355653153814,0.101707749403419,-0.272348016912947,0.147935189527591,0.384415634053079,0.589896302117204,-0.0194767223204521,0.0185873151132025,-0.406339316521431,-0.321162940298657,-0.267954827646192,-0.102722192162509,-0.100624969385642,-0.0215888230658727,0.412330923688115,0.00928301217193872,0.261660270209211,0.0671732698463094,0.137167970889804,0.301683644670356,-0.379157297426006,0.181862564182096,-0.311152656379325,-0.00315772449568161,-0.269515233256165,-0.869372866558573,0.828427711336564,0.277513998472318,0.23006582315547,-0.0363224575571813,0.427340644806925,0.601025215335548,0.262116190598267,0.369424651213738,0.246430117893563,0.142806343238421,0.211020149154896,0.54636942568185,-0.0189663032963188,0.125669420838789,0.27713060312918,0.861221705843543,-0.314741141891823,0.0380157830131042,0.385213133741769,0.224890944750098,-0.610808460453924,0.326056354709527,-0.133289547664115,-0.583428896471623,-0.547802091327459,0.0379207850181014,-0.464243987370479,0.131951705796803,-0.173146176636006,-0.152499153962892,0.0963795087478052,-0.0987800616509764,0.419062188942051,-0.113412321513445,0.198732062856564,-0.287482130584206,-0.784781036012777,-0.593629874179771,0.0764509181839839,-0.152127976624535,0.533453551942402,-0.236240438415805,0.217655337499865,-0.0828869602993395,-0.0673475967023798,1.05468910134693,0.32299455663792,-0.37360558588194,-0.325594195689559,0.384809445603183,-0.139896529192978,0.249160857112163,-0.393686176228333,-0.408007316339108,-0.692227882410704,-0.109344109333922,0.394402314424285,0.114717503670739,0.0790522078720857,-0.359282018626969,-0.447201023509711,-0.612428924051053,0.400694970980083,-0.372532251693132,-0.153616800729201,-0.503603897298576,-0.634592888678669,-0.407953722639806,-0.298962919734464,-0.126118939071052,0.135596642601677,0.421845312204025,0.25358614758012,-0.00231570377401413,-0.266749402521986,-0.0495325830154344,-0.0268603466719822,-1.04685102984216,-0.708010773160064,-0.183927711646041,0.0833297358349812,-0.166802922841578,0.151608395142549,-0.223326546956216,0.0323687909862662,-0.344392992358737,0.460397396000608,-0.091986106460821,-0.217819597330835,0.648688973088842,0.511579644000104,0.364263943720422,0.0597416762801605,-0.201878342213912,-0.0180085648610087,0.265042156869513,0.517276059225698,0.0923180397126107,0.00272841434124876,-0.274635743172291,0.13658152986054,0.283804467289535,-0.205478800551337,-0.0297777342257379,0.0503885323117497,0.207277511823147,0.218315493886657,-0.528800206521448,-0.0326796044078913,-0.267257613620065,-0.554790919295796,-0.515949273386619,-0.699359420059605,-0.610744925157658,-0.333824785464578,0.258969944916081,0.0424558049114093,0.266894598907399,0.485513501640608,0.33155812125263,0.0429239832605794,0.0893254778309935,0.0555039787554522,-0.0526955161744729,-0.556751294809536,-0.398457972433863,0.357208601098312,-0.0102844181780327,-0.0631570266999551,-0.242026994753682,0.494294782403322,0.552898813640065,0.183535075076624,0.214128581571458,0.365964845800294,-0.298060113873299,0.646299799882893,0.214026565884904,0.566881170259669,-0.384878133486996,0.270036275304557,-0.425037334664993,-0.358347378657616,0.0332424325694299,0.257297243044917,0.42421732405019,0.546025642184119,0.717645531113744,0.310140722091955,-0.488751475704924,-0.0412533466554791,0.335197571799556,-0.0480349947802931,-0.949250390558849,-0.813362360425934,-0.197364048672282,-0.0776609640106697,-0.345338848897901,0.207293719639333,-0.145281613883485,0.221627114955392,0.0826762917399602,0.0181760196646145,-0.701071961492833,-0.60479044380624,0.160114313797327,-0.0136162208464588,0.297545215292774,-0.365873970670864,-0.155537465881617,0.157809730395035,0.00897156464489041,-0.294315162598509,-0.196939986516574,-0.225576743659907,-0.816915806151163,0.145361165393924,-0.0672693517564531,0.382874295252058,0.201081480100985,0.0999875579271655,-0.0284838098570826,-0.338335077380535,0.220643606291762,0.549281057242005,-0.131827984021157,0.451644007147003,0.547440974907483,0.0944715473872803,0.10631255787662,-0.256460541059737,-0.354496415115632,0.238860301333636,0.172089978632486,0.725185844978467,0.491816991294061,0.405151682286146,-0.207862316147847,0.191424402786208,0.136279154653414,0.243878136670838,0.427807277922011,-0.144803806082605,0.0352479145728193,-0.35992648722314,0.237761514135128,0.176609492075719,0.530495605363151,0.297745821887495,-0.18937394548891,0.0117520831605301,0.413146584676651,0.194354613541868,-0.548178311046899,-0.282879975634839,-0.540499858815395,0.128915996643215,0.236397625174935,-0.352556012935087,0.0505771829291071,0.255135525454697,0.159332479701675,-0.154099025697628,-0.954396459682941,-0.698666949144506,-0.393631718629945,0.119478057036781,0.380063433732961,0.0722631002744994,-0.0030955716559869,0.1063367254572,0.200821528579517,0.372327264806258,-0.100010260111761,-0.85303227700772,-0.275563545420827,-0.399363889228625,-0.11400784078849,0.608861654084324,-0.0600966109257965,-0.0912443920013234,0.269056066000039,-0.278692245776104,-0.189472683263951,-0.26749246001793,-0.469888850796607,-0.258514965745025,0.679945551793903,0.343877217719463,-0.204293019125692,0.207134237524522,0.112205704890874,0.0574703898045375,0.1513193573092,-0.166498222170506,0.104705514463141,0.484597226725305,0.496520250368959,0.198927681412927,0.720244066022655,0.0498200988676443,-0.520152204799142,-0.233247650188546,-0.354797890322294,0.102584259205607,-0.0030161314401706,0.711688306711513,0.801008490461429,0.531571166271984,-0.190974356821933,0.793791578084087,0.962933126393754,0.308605072896034,0.691194166588642,-0.0568155581482881,-0.393835870844615,-0.471986955889862,0.120561419755852,0.0371259747814708,0.284613023995089,0.161326507401424,-0.10624322830879
0.272384972163329,0.161075390126732,-0.0229480180650327,-0.147309029184966,0.00571826785955071,-0.00378775104002918,-0.114868325693606,0.21982367101637,-0.165255049641851,0.0605219702682156,0.0397699579451668,-0.0210158388693908,-0.227237609732677,-0.140126080782248,-0.468516250690346,-0.231483596091454,0.127351498661385,-0.116530663771811,-0.358738178962559,0.0402002779098693,0.296101439383823,0.0134965285550755,-0.105315819174879,-0.105768838181285,-0.160993377194469,-0.235892451366889,-0.0469348009834309,-0.407171314156473,-0.501334032208868,-0.26231946926108,-0.453667935918939,0.402752203697096,0.244217309672928,0.0338800295425032,0.0395689237176908,-0.171743017452169,-0.540019373527775,-0.235835447835162,-0.255217274199041,-0.35554659939415,-0.190924099810856,-0.362514058137665,0.288722599160674,0.0413190581297379,-0.251096863480291,-0.30945989720252,-0.489089010773276,-0.330514467519423,0.0822824576532133,-0.164084593591452,-0.392071424283731,0.117957726734884,0.032025195486468,0.00137031269026805,-0.264390995262134,-0.508697477652872,-0.450986274350979,-0.305144159198279,-0.0611291432979126,-0.00827049838714722,-0.455993250662172,-0.259857596718035,-0.138881967746416,0.07573281860189,-0.00419831013575417,-0.432108156494491,0.0423842619370317,-0.091477929677878,-0.021159438761465,-0.0164910890583517,-0.223496169961455,0.186445117375455,-0.422914012706017,0.105418274054624,0.197987466234231,-0.0464851803730993,0.265575667500968,0.379580947637896,-0.0993882467621773,-0.0854290624236768,-0.0696781434259332,-0.206475459015461,-0.166949845285769,-0.0889357294481155,0.221258187033226,-0.0311963680086536,0.193471698410826,0.29106424785558,-0.0102610447874298,0.0307420257334893,-0.556683523319371,-0.0739953213115653,0.286303237204232,0.532391755335862,0.0641910089315932,0.0663176787923732,0.0500441893203821,0.443561941754179,0.16769132189237,-0.182574582496351,-0.18632724745322,-0.084256492293701,0.21096657988614,-0.00233370233345748,-0.0622259663542925,-0.350784901564924,-0.36297120307554,-0.385465601969497,-0.0264519676908622,-0.164536650697255,0.170336276001682,0.423408514915832,-0.043756281953329,-0.00197098435864346,-0.0213864759642706,0.393924625913451,0.160215674950633,0.101374212947949,0.216606868058723,0.435002915625467,0.703300512469501,0.0767056130426171,-0.252345826382183,-0.341467555982565,0.19525305418652,0.0763344943596511,0.0700967518389004,0.184067451541234,0.177667189291073,-0.078259257094905,-0.415726996934384,0.0824462017466483,0.12824745651017,0.111890772259514,0.0597645079367945,0.20616836759207,0.0335981086045574,0.137568849584172,-0.0746811581043336,-0.193890658147568,-0.17836869713999,-0.573371934144336,-0.466600048337245,0.0163850129630495,0.284281926912337,-0.0620297307316152,-0.0763900964481296,-0.156055933955837,-0.310422474138296,-0.422238757908856,-0.281170689927413,-0.131735261103723,-0.0461887238973537,0.273412581217313,-0.0560529349376901,0.304021843544432,-0.0204768902693686,-0.110591658566704,-0.0346784486671745,-0.0828351224589084,-0.121924260540988,-0.150585161706517,-0.155350515639896,0.116485792765537,0.0313580950965334,-0.0807012438074368,-0.00594573292789036,-0.496294846846779,-0.0139470613691706,0.442737677158675,0.231930753099342,0.391762876646311,0.136578038177279,0.29842375786378,0.457808070071504,0.0904050875059342,-0.0277702436724886,-0.0981084265586971,-0.226219109018769,0.0683604594906493,0.0869514173695448,0.243443023602183,0.20054578799853,0.0193564474681085,-0.159740118254215,0.0837308810035665,0.0240601461753597,-0.0756726534178443,0.534969039588025,0.267351749602958,0.381268124660666,0.0699726366955638,0.0150288743307794,0.323719155660085,0.287014893268147,-0.237571349912146,-0.0479585714661485,0.00700587557006661,0.0768115564371664,-0.147244749136811,-0.111775076879619,0.128631119711438,-0.254900695737353,-0.0456181218126704,0.545198010957183,0.244493527283634,0.169502852630153,0.397094097043024,0.190494331098051,0.0141926539259988,0.181967145805611,-0.262628584476719,-0.465008619049731,-0.249109374946442,-0.355436503163312,-0.164259683280498,-0.154850227640692,-0.29671567472269,0.0705623174900563,-0.00362382529904372,-0.173493189712047,-0.215651471886072,-0.00751668606582763,-0.341978662342225,-0.456612848173348,-0.168961542889333,-0.153779933976731,0.165554893607979,-0.262296816582026,-0.139547247070863,0.164410040355956,-0.00309789430983658,0.0255279580536187,0.675681226373983,0.1112808321343,0.00607297398638462,-0.121275028296587,-0.32579178621939,-0.55485582375201,-0.47874696251279,-0.28293832326088,-0.238149772766215,0.0136022567812898,0.224871376635252,0.156762563725868,0.196896754408449,0.521476707782984,-0.318884166914215,-0.116206902800238,-0.0624965421470129,-0.136236969772343,0.324560500827768,0.263160168826806,-0.122131506772746,-0.0808357289109047,-0.258663123374653,-0.220272835137165,-0.266200992196827,-0.38437074807035,-0.373561794371482,0.345886277580432,-0.0678750287092829,0.264871281683222,0.190410825600498,-0.0954298510970442,-0.00509539340678755,0.0588202280694537,0.234325683212603,-0.275784118445281,0.165173052657036,-0.687290681017094,-0.687147658111046,-0.436548643392161,-0.44926388413974,-0.07231337902927,-0.109023947202909,-0.0941638263261134,0.371456778009731,0.0803295025652793,0.432409747468866,0.294106756797362,0.278296043403459,0.0129523888273252,-0.415909749015562,-0.354109819894169,-0.0469947060673757,0.128916614775245,-0.0414285955242477,-0.029974945916301,-0.41750076543523,-0.361701604241259,0.512808934378526,0.188997231588816,0.371667469153957,0.221939973538541,0.159356325025749,-0.334855946863652,-0.178205760846348,0.00600085045572989,0.02759760731087,-0.218238364845296,0.0935664245536617,-0.296918230995333,-0.216303166174283,-0.0756607638982739,-0.480195434541292,-0.43528342923668,-0.528596050652539,0.190206218620561,-0.406988384342467,-0.199646145393344,0.0498479109920275,-0.175246772064024,0.19990289747259,-0.376690228077087,-0.270811345366989,-0.153270528519218,0.0845193651786166,-0.140036423227827,0.204254967023349,-0.0699799130210175,0.141150453776562,0.0225712626236702,0.509359112497455,0.498856160009456,0.178279222398417,0.0862737610435391,-0.144838146591456,-0.000764287016863256,0.0694741063515691,0.153599799426734,-0.0506306584008322,0.245530883300767,0.0402346444932768,-0.419258900760827,-0.0779307598428216,-0.370572383066959,-0.185752078995028,-0.108040634968514,0.0521537197932003,0.432101817400048,0.0428602822622269,-0.0390304312943542,-0.0398465460506792,-0.0913458868746319,0.252855457199364,0.123430628680092,-0.107665293679978,-0.471495099955559,0.174977269225297,0.0238645868316484,-0.295641652170893,0.0453157922482789,0.129106562820667,0.507656432698186,0.363226970212099,0.498071733936121,-0.0916399424916905,0.245185084769064,-0.167565519472071,0.366430091764652,0.184516357474898,-0.276047340140874,-0.102062222398937,-0.00532534209782366,-0.475599919536185,-0.200157550308457,-0.344625746367273,-0.225059665797531,0.0854660275198858,0.120048552546413,-0.243323565136218,-0.0743837370510362,0.31959252518276,0.0989275466655366,0.0540741656725053,0.0253782660207142,0.348171316444832,0.190516613132993,-0.298420687747302,0.0390907049126003,-0.130053804518719,-0.397189128274357,-0.82680778331188,-0.392742930913533,0.0958985333374661,-0.0219181944489287,-0.266732340884182,-0.140180435191627,-0.0855858567653802,-0.0569465155185197,-0.226244472346919,-0.0976830855524816,-0.294415874929307,-0.170532147294346,-0.541266722051104,-0.345777193233668,-0.0980035071358724,0.095213118368884,-0.182697839105117,-0.252985017369791,-0.264457099805463,0.0380228411269086,-0.318888469320425,-0.319996506548025,-0.0524173393407602,0.135938372793937,0.125149998710593,0.132879961445584,-0.206562657084864,-0.377554864665473,-0.353175919924243,0.0179656564691789,0.00613895117718827,0.0877899607912823,0.0341706380822268,-0.133619733620252,-0.130992701261925,0.158351979381424,0.230343988100244,0.121530932743337,0.0885186080070617,0.383934364879586,0.0644682759059325,0.157149703629843,0.175957671948588,0.00957302086804669,0.120649481072756,0.426687111832377,0.0804838310495203,0.402511922474676,-0.0210618077126999,0.0509492501774158,-0.115581094995759,-0.0652149702837876,0.0286158586399766,0.0804956236258794,0.0727520151275213,0.0354680479286179,-0.577390191768207,0.0565444749116025,-0.11162116144874,-0.293582897983986,-0.177054236686191,-0.0270498802813718,0.257658828902856,0.221270814804783,-0.152167552915725,0.0246545594039567,0.0788722641071367,-0.555003472572006,-0.122036317367799,-0.396516453714933,-0.00830486509742549,0.177036156136082,0.18269186347927,0.224295763411912,0.236668898731473,-0.00774627485571979,-0.138371909746342,-0.120665880268468,-0.00670096216203675,-0.0106168426589433,-0.0247974560571222,0.188975598202244,0.376302419114328,0.0290548312487812,0.00612687763761501,-0.207277212578243,-0.301987964551802,-0.0980010512732134,-0.338780056269886,0.184343351103347,0.00239933791083938,0.0646086101222565,-0.116963601961951,0.126320523709623,-0.00996794022439523,0.187315005959933,0.215463623474573,-0.309994660697586,0.201188220156354,-0.243153511793334,-0.118206001348047,-0.0314888643649038,-0.375631557500474,0.423146775959165,0.136650050250529,-0.0524294243702229,0.00364635481046974,0.281057194968356,0.366044396700746,-0.000353229483262135,0.285006743034213,0.016051866270769,0.282859661629805,0.274978602326714,0.358281023812676,-0.1530249607539,0.112303703745645,0.0130713813682957,0.587082385981428,-0.260066593009298,0.0923279341578193,0.368521112239563,0.0808382225372219,-0.385547815299197,0.186622097712708,0.0372130494274094,-0.284856625534828,-0.363835103779089,0.146384438478168,-0.381976576756284,0.161343991056385,-0.0501985406028776,-0.17583733672126,0.0421242172429633,-0.158918655460847,0.0639377319927076,-0.0549611936488029,0.332654607866077,-0.0786886624517883,-0.37446088927587,-0.303572509374795,-0.0326260081200203,-0.0228135358808486,0.396082836664468,-0.168043277332979,0.0816916269306312,0.179594622830229,-0.0443759046442581,0.540776621767207,0.170083542555928,-0.236150295783672,0.0256239803850088,0.479989382582372,0.0331266670691965,0.132673379295187,-0.336584033810802,-0.478112626849748,-0.369041486741738,-0.250444838997802,0.26310331482572,-0.0197333186018109,-0.0009726375541875,-0.436328255325003,-0.417532301245166,-0.461553150213406,0.375798901877986,-0.121347973138756,-0.123620152909979,-0.279402488609123,-0.370448454856222,-0.202013219427802,-0.220945190979661,-0.0630312786075247,0.112851237302006,0.270215342910238,0.325145149514519,-0.105907094032935,-0.108727092407125,0.19578990025739,0.0222689943232793,-0.710016175107166,-0.457983528494373,-0.277883949773975,0.145139418334913,0.0400564389445591,0.227576335094444,-0.180169808851659,0.136353405709631,-0.105704413908064,0.397038176566373,-0.0485997289009174,-0.00475426606121043,0.363821531899341,0.400818347325678,0.152791445314809,0.0568496382120566,-0.10524880740844,0.0265185600679465,0.243769578527039,0.131121223161165,0.123633819670083,0.0586693559770423,-0.225426297906018,0.097325780656096,0.206943408845778,-0.246364254754109,-0.127784890270056,-0.13225306251226,0.12215455927751,0.147141020934009,-0.211595670104842,-0.0681846359469951,-0.265608425868064,-0.294163376494432,-0.244225707361999,-0.310855932892578,-0.144651020302966,-0.121319355768084,0.227527166884459,0.0615102861576625,0.127765285737206,0.431136627030989,0.204397479710098,0.17903584303234,0.0783951967122046,0.100611344049255,0.0166311848288015,-0.514178208052509,-0.165319860378593,0.372123649403236,0.00914807384648864,-0.0570873453586949,0.023884897740042,0.500910723179972,0.411035821434959,0.336674154406679,0.278053129411463,0.101109030335545,-0.0692080166460792,0.378326778587123,0.130564984550911,0.242789771858701,-0.316047300052968,0.181555589902914,-0.215401622557148,-0.17093770076101,0.184132292580638,0.151151567029091,0.147249732340783,0.26318113674898,0.246690169947258,0.141160014776581,-0.237505240208396,0.0509426038542511,0.413595788617914,-0.0046894666307027,-0.420648470378641,-0.50524436230532,0.0614011589928323,-0.243227163460315,-0.331757246074843,0.160333869313767,-0.196365255938883,0.131408805826226,0.247834730127929,-0.105243685935955,-0.485438084854278,-0.535204254799103,0.0198174852085602,-0.00418985357623999,0.220081549154154,-0.20782001363488,0.0584096467114662,0.192420909038095,0.0361764763031215,-0.237169208094596,-0.171891595459364,-0.315469375627926,-0.463784016124077,-0.00575123395904704,-0.173147180509079,0.137050611881751,-0.014623873516501,0.00733394031570438,0.0545145853925832,0.0624589768969115,0.291042823883427,0.338430347534835,-0.170640394941218,0.320401054528491,0.294233008774951,-0.0494683829057497,-0.00155081239250067,-0.239066862473379,-0.237326847772975,0.130417008459671,0.214123687066899,0.28193198610808,0.342920338181052,0.272048451479676,-0.0154005406082989,-0.0906291556549786,0.193043595129649,0.224243054612453,0.188050674318978,0.0802596815167126,-0.069375261642247,-0.132927288944963,0.144290109412544,0.12869794546675,0.427113220320772,0.119148556843588,-0.236054762564272,-0.0228879680004082,0.295333609549353,0.0547646958226693,-0.171535812764575,-0.267275663591076,-0.413525816228017,0.125288644939426,0.2065395833229,-0.172134126055704,0.123084666001441,-0.0969844480937493,0.26063394829394,-0.215714703345791,-0.352069880745672,-0.412949672209544,-0.392435518761022,0.106541805356713,0.386255194428564,-0.00797371838137256,-0.0520248738459939,-0.00717596723123454,0.289194175631375,0.0151425192285887,0.0610345707592971,-0.485361249429832,-0.329576894935501,-0.151211141000567,-0.170363804215805,0.0983221842666144,0.0974943856573391,-0.0286994252575257,-0.11967352301451,-0.433120863743783,0.0710945936243436,-0.125491014543739,-0.399869128160806,-0.112390506739421,0.307773697449607,0.0559230045364966,0.0802017044520734,0.219003362720664,0.282658182085323,-0.0247223146933604,0.0089500660921374,-0.132794917954366,0.162208096137354,0.405607039753805,0.335084603009067,0.0537189361436357,0.511352047935197,-0.0247169070086202,-0.460483726953791,-0.077114788931725,-0.353667726518464,0.134649136133173,0.146446883559508,0.552322533410749,0.245842545618772,0.451639922016461,-0.00169117878118488,0.597428998463064,0.577724809268964,0.297180494568471,0.532646607539322,-0.127081712432071,-0.35229065994779,-0.452051808830575,0.0733451123137876,-0.13045488373019,-0.0801948231334227,-0.165851914871251,0.10887247274853
0.323458384780377,0.246659824703135,0.139583827307029,-0.142891051181117,0.244937929636315,-0.0212951607985013,0.316490297561773,0.0935873783751688,-0.305571977558844,0.218085268609343,0.322502328088293,0.160196719098443,-0.317713816078051,-0.287255803055078,-0.433092294182132,-0.190989662152682,0.0452669659037029,0.133027114039459,-0.571284523430519,-0.0579918127706354,0.26114796808642,0.0527480227318849,-0.244441392855997,-0.116716784376032,-0.394853124273926,-0.386698332169124,-0.394698951938816,-0.446263454965156,-1.02383856764283,-0.387635413587333,-0.50911527110556,0.576534637027914,0.475743483546037,-0.0735400521284207,-0.0122790225255725,-0.320771575631138,-0.704932509159825,-0.373773891804637,-0.23192428845769,-0.445727615396371,-0.0442805841373038,-0.374345270139015,0.17321804387176,0.0965387847729541,-0.420888790070463,-0.409585784179573,-0.685610402322002,-0.444473707049089,0.00175570734038856,0.110716076810125,-0.327210428626078,0.198832018046494,0.164291441071464,-0.00263383612111123,-0.432054403289537,-0.678176266206392,-0.373579134039536,-0.685629513627025,-0.0408278749993781,-0.323958833435469,-0.67594950019416,-0.20607716624682,-0.261714074390392,-0.0815593703137122,-0.0554575717553457,-0.542073443165273,-0.244401411259769,0.0406547890907324,0.0244422450488287,0.100793017755887,-0.0669089149608699,0.206904515265415,-0.430181572663064,0.0981540375363007,-0.00412802680445054,-0.0261656149678958,0.0965359549025979,0.248051317421598,-0.167589246105705,0.114171419838137,-0.182165821039095,-0.384009642828365,-0.139161759602111,0.0271805399247216,0.064427134464502,-0.0173121894876007,0.399059314848676,0.00598828773101853,-0.0813477790629632,0.176713211837668,-0.686065638069076,-0.221260655413026,0.201887872524101,0.498426467630285,0.182209306227728,0.241869449592921,0.0581517015295585,0.594659318716744,0.288849436804056,-0.0362605162543963,-0.127004636808346,-0.107786543743119,0.318337844493469,-0.0161403756255294,0.0415666545199868,-0.338211300229298,-0.613317759758675,-0.682892552738541,-0.144244326899871,-0.261312600346057,0.407555692777048,0.378356836614088,0.15744694002558,-0.156241063557989,0.0439632817810599,0.523411775818888,0.471799763079802,0.135869183843761,0.322349819730969,0.650546682359029,0.729657905690661,0.104608553675325,-0.282669128645073,-0.361285220676737,-0.236856314527094,0.380484170939871,0.249046841694156,0.201057812329893,0.252573205300612,0.239687835168984,-0.804092406287441,0.244962053618272,-0.00691531017136934,0.0358556715478347,0.0242776337882407,0.161604257945923,0.228841886621208,0.0834171466836769,-0.198492438423461,-0.429751523583386,-0.480379680445964,-0.685314958297699,-0.714822114122311,0.115719906614695,0.337551875134713,-0.203931835123534,-0.307976634911051,-0.183459403179015,-0.354458343238533,-0.255584516016056,-0.369945160547795,-0.21481994921997,-0.252096338127413,0.043604705804749,-0.0694881285632483,0.469421884567069,0.137046835450156,0.0245770312537804,0.0809564641490156,-0.288948683445006,-0.0856754831513215,-0.243519067516003,-0.544358007686696,0.0282685361360972,-0.00765422917985559,-0.199464161115473,0.196955428288757,-0.468858432596733,-0.178176348294394,0.532525160053387,0.0765692464918528,0.585077963822197,0.50634369090014,0.529262483224019,0.647428580604339,-0.142873590652255,0.195041545027041,0.12747733253936,-0.221310827462188,-0.0925895679519885,0.324047089699535,0.195683829208868,-0.0368977658882913,-0.143079887044068,-0.0320807495389046,-0.119347891687967,-0.0261387524210907,-0.132169511854651,0.660639572796201,0.230057316760085,0.521268541624404,-0.0388520763071647,0.0389398647376947,0.593159633681057,0.40106960856109,-0.362737493015629,0.0264011978300646,-0.308600539771477,0.221175505048933,-0.0513433830228316,-0.0884129306063123,0.0750661411886582,-0.142486337927583,-0.274117740755306,0.68083762984533,0.331292371207716,0.596801429018349,0.593376528508281,0.116503825190901,-0.105728910495305,0.0974009414911485,-0.52892764043342,-0.869281133969475,-0.364579780005459,-0.46994413738136,0.0299835654342198,0.0587826500715557,-0.394427484101177,0.134036396298342,0.185282764654377,-0.361302215464694,-0.0600821540653744,-0.00351573131029625,-0.533020559844391,-0.706376614871851,-0.00895359048329092,-0.335903699111233,0.37998214420645,-0.19168667651601,-0.121512375240458,-0.0551914848967029,0.372161357954188,0.0145698888538217,0.751179007002431,0.294484701461812,-0.178592185413194,-0.251358545893529,-0.5196194620452,-0.669856718803362,-0.512947281321391,-0.302990747757917,-0.429308054028676,0.0752186548864515,0.249576056408153,0.316459678088243,0.173649953954717,0.613017462479231,-0.0845066147983092,-0.0637647545768102,-0.165845233350226,-0.0448588024894498,0.201393413477626,0.321178242977601,-0.313225383832707,-0.0648552272619405,-0.208238801337845,-0.528077503025103,-0.477396546194142,-0.46269259826156,-0.345536666113652,0.390559066928907,0.118965592798864,0.563108755147923,0.29121839068341,-0.240616902295861,-0.150187780873042,0.222454406421232,0.184756319321295,-0.408762958483788,0.0831274644064594,-0.789923191763501,-0.782507291795618,-0.0366845275733598,-0.545246278142036,0.0162013484767431,0.062643363211962,0.0760559305848781,0.454769118927209,-0.0120626804208796,0.658187663851814,0.384930233030745,0.199480558246685,0.231038193109177,-0.314143652738129,-0.182317943540628,0.107636711817021,0.239671346724273,0.0250437600284956,-0.289583139367298,-0.597201666761524,-0.362859991771264,0.401383533730887,0.540861285364876,0.355019613389408,0.207368851113751,-0.127875169269061,-0.227483945188479,-0.180061052213677,-0.10218799967096,0.268854205999299,-0.0581596096980624,-0.110775493815126,-0.382725316747167,-0.419515950184732,-0.188990995580317,-0.801850253671769,-0.392530157730754,-0.429812439023979,0.210534408016587,-0.197580929113434,-0.258246813560573,-0.13691830423748,0.105873676758774,0.211712819452089,-0.203588144527719,-0.314369949947776,-0.190704286341277,0.0784558629401268,-0.121727464974271,-0.239145341880261,-0.0784512125887095,0.0183882888486722,0.108242791380651,0.74627608523447,0.54241295548944,0.0633774994976441,0.179841908846186,0.211731256937656,0.0685698990017148,0.0930140034462841,0.300958004989829,-0.0231071545254904,0.257790815267881,-0.0606671696112887,-0.313894510280575,-0.123670357541475,-0.346722630823995,-0.171009558888395,-0.251873157061272,0.259199536239271,0.388840324592911,0.0263841593656532,-0.198574135267107,-0.255873679392029,0.310182334410779,0.237744792885022,0.133033153882341,-0.311653818918386,-0.403939059712816,-0.082063804528885,0.0960988367260079,-0.280523730616371,0.157938199798768,0.280808572899656,0.677480968131026,0.762988137645875,0.658076373874273,-0.0980588997835902,0.265123430305564,-0.194876453931483,0.302267467908423,0.288610342921665,-0.408392932005377,-0.399908643366435,-0.0441069341214264,-0.709257726186843,-0.293692843097237,-0.430253802392005,-0.366389475924776,0.330156374821515,-0.184821352429755,-0.501278212472083,-0.0535507209543318,0.394166137643166,0.255439318341231,0.062825063515929,-0.306509708360174,0.533763799501902,0.254628076846295,-0.107239345839951,-0.0584269608540067,-0.181494464325302,-0.270755359570998,-0.750457691478666,-0.577650795213998,0.0337974786994566,-0.0634224923640547,-0.350513624120899,-0.0410164223372467,0.173769189693015,-0.123873032293521,-0.286451198273023,-0.0544536796502612,-0.598378990012483,-0.356204449634552,-0.439880519673659,-0.623142029917973,-0.233826048165864,0.118753337816523,-0.0580063305947187,-0.407639273785214,-0.216942457743601,0.151965690840751,-0.480906985525397,-0.333973015157332,-0.0146436868789381,0.123224745144269,0.0183155065020994,0.0994160619530885,-0.523845245530787,-0.737311743699846,-0.445050709746554,-0.0520031349190723,-0.166897386442373,-0.179466310488615,0.0275158382400788,-0.123071432484213,-0.162240641459918,-0.00726178430283959,0.129181125939368,0.189917098015119,0.264392687730899,0.445542965037913,0.0898734552083671,0.179175602195297,0.203888371928082,-0.191140346414716,0.185078103862963,0.417430943196038,-0.0241190464687207,0.295543599258992,0.0206918156290028,-0.143871658447215,-0.206257112018142,-0.225125378708962,-0.0804903350523287,0.0089389440860268,0.125939365929589,-0.0813344481355324,-0.504137338444284,-0.02348003833702,-0.349737531991288,-0.414303469084929,-0.337583450429026,0.00145962186427841,0.401174182168926,0.150712707124851,-0.0702887825959114,0.028415459188262,0.192330719811037,-0.390080002938233,-0.328379838477981,-0.29846617308734,-0.0547607159133381,0.246530745983175,0.293772456929456,0.36055652122999,0.191011448912045,0.173909597969457,-0.308400932754708,-0.0378588527768681,0.316325504992847,-0.0342029409857778,0.037150420025381,0.207080659810792,0.452430080178971,-0.0958180169310855,-0.0557648525464846,-0.327464607154153,-0.243595833005611,-0.350897581004253,-0.26222234429376,-0.247203197801614,0.139808769873558,0.308649292824549,-0.128321106429608,0.463361872564739,0.401057989221103,0.169036757019446,0.16822834444939,-0.346881824781859,0.166126825806681,-0.249548685465053,-0.0977300669594298,-0.262463722057563,-0.561146380334675,0.816548766785276,0.127048895747868,0.0933075936567692,0.00566080216315145,0.355222739276746,0.462493690752557,0.12329106071967,0.235661594516095,0.238119396946704,0.179982341596393,0.30523957208954,0.399292343037664,-0.221230715097505,0.0696262127707078,0.28087918369535,0.853363125307058,-0.264792618505638,0.17003683747808,0.304646347643457,0.257362807479208,-0.318954348525268,0.215597619669433,-0.262601483985612,-0.293405626128977,-0.549877937342497,0.111999990403768,-0.373169889558973,0.0939079838796246,-0.268200455016235,-0.0813680772348908,-0.0786874543420581,-0.192703831307214,0.331178675810781,-0.106771960357546,0.217090671688979,-0.113624480949054,-0.638291607888255,-0.303945584864224,-0.0500248480276835,0.026804869607551,0.353281281119918,-0.0727927219801418,0.0211976767088066,0.0587560889040335,0.023426792293105,0.910328470671505,0.243095570458506,-0.336565974404383,-0.156117896250558,0.258812967923596,-0.109177983693162,0.472747594957926,-0.507719957417162,-0.491162334367343,-0.452716407170279,-0.162834058096127,0.429263976367897,0.0742204033103301,0.0154695061726385,-0.482211668123635,-0.423224926568714,-0.485428592960767,0.285395341603252,-0.210072004766613,-0.278271826480192,-0.573337742041355,-0.658299439583393,-0.283917182078505,-0.434026328110772,-0.218119430947751,0.0794026729504754,0.483712296878654,0.444531599829325,0.103179975816628,-0.158638671294836,0.00244778276241179,-0.064953369483179,-0.942969052948012,-0.932641936192046,-0.3974761105409,0.06977159113481,-0.0678134020295859,0.310064670101779,-0.167871601697598,0.00869608418021925,-0.0728562279361828,0.425716856626877,-0.25731046457481,-0.32638185805892,0.483117459676518,0.481962350508499,0.256394620727807,0.0203121906658363,-0.254335534630819,-0.0162708363997085,0.435133356557271,0.458579871150822,0.0740132293410474,0.120361669735417,-0.00608985099712681,0.0142231126577102,0.237785290979761,-0.287636242012975,0.0120951418699849,0.0491498147899653,0.122563362492742,-0.0192205909900618,-0.395529335784787,0.140104743563008,-0.290512504866286,-0.45680625379444,-0.417400195285198,-0.506151728525501,-0.554013488831374,-0.316625763934717,0.242677775794681,0.0605012953459571,0.360492601066069,0.404634707799064,0.586082295259929,0.179514915746662,0.278294043691499,0.0920009059093149,0.129737028934104,-0.386043888878792,-0.244686130045537,0.339895332095375,-0.0195982814125968,-0.0272148483458346,-0.0346287916245609,0.411938940188502,0.43130467184591,0.232415123114861,-0.00876765382892061,0.350360264029047,-0.146403642675461,0.399532460197876,0.248672768140986,0.338255750235334,-0.0107118680441345,0.313080183738284,-0.325270909378762,-0.114945520273491,0.0476541710568231,0.317322317495189,0.272413830919143,0.630461309983307,0.494526449430753,0.184281893393868,-0.330762762350322,-0.0272193469850032,0.173847565006959,-0.0732188147671744,-0.728405147214754,-0.77331395281775,-0.0149160440898381,-0.139278919828913,-0.494844196048983,0.194744065619517,-0.209885971900033,0.0967419514311345,-0.0316640724340668,-0.0142400281057515,-0.562801200229906,-0.618672312582674,0.0347614372681417,-0.0363460398749657,0.483837281965671,-0.16381071558691,-0.225977328710331,0.187872552985477,0.153597022637892,-0.158864148565766,-0.287575885389073,-0.362665718304354,-0.653397637396513,0.0636969108054189,0.00308378479902842,0.135977064750093,-0.0147454646921051,0.0658064434006103,-0.185465171651039,-0.35912516493932,0.156095902034689,0.490672592730492,-0.274908743432766,0.390098938579076,0.0956665215784375,-0.131331637632431,0.177243499729794,-0.140246151089673,-0.328813128101229,0.203203045677379,0.417825228677878,0.649712719518845,0.250842067435294,0.395717388312714,-0.371847375035836,0.170185275159822,-0.0110006449029431,0.203467142658917,0.243051050228269,0.02705311268364,0.242362477187333,-0.209747199826446,0.180890956516583,0.0340718138345407,0.382401907433614,0.296534108975283,-0.266180875569657,0.166680221461852,0.225939045785797,0.196509439200129,-0.352334798219901,-0.182370615083555,-0.247437624000238,0.109609371277404,0.421238557141376,-0.204373791085418,0.112437628296006,0.0878439991248017,0.377504007663523,-0.198194998959858,-0.690740827795359,-0.809835494897851,-0.245060391807297,0.110487680780588,0.375782681921543,-0.0675529337114459,-0.163113642125714,0.0382013359112618,0.408753152999206,0.287580353860879,-0.0400853248038193,-0.581183917835362,-0.135578285775182,-0.307445560562242,-0.0668600461204943,0.556694388580014,-0.00746491099282573,0.129999161281094,0.00806641377896009,-0.423657290102603,0.00214224960653885,-0.198775944204021,-0.330553441658072,-0.318383659620838,0.571036095929368,0.158828891912715,-0.16707424113861,0.266514257707445,0.22839956658577,-0.0213689398966134,-0.121272384588796,-0.247970889411196,0.0335628167493953,0.527253258694125,0.446133041824551,0.23858481147857,0.480839103155173,0.0667974699105458,-0.249410964842733,-0.18122349357814,-0.0872949289456761,0.0969341791611744,0.26624913252572,0.436334116847397,0.578398890298477,0.492055902839589,-0.0440262352586928,0.782264697224433,0.750942971535788,0.375217147520771,0.490762749953455,-0.232814513276094,-0.387882671789695,-0.438800566668106,0.213101128466449,-0.0119740723696023,0.205391931817139,0.053974178442005,-0.092921002256612
-0.0422383599064841,-0.103911857627947,-0.271295243501769,-0.151248413215664,0.0676823057156001,-0.0914855154533553,-0.227939383988015,-0.0216987200171636,0.0870246468887967,0.00308352677046064,0.0177164482495308,-0.18304034556352,0.0474436343615736,0.0318417084127726,0.156445785912289,-0.0303426746099371,0.0167104406840728,-0.1418316229482,0.254105074742393,0.0236799938710007,-0.0664025506312252,0.125680731468362,-0.0711747544911853,0.367535504124038,0.146586713934631,0.0143281274943584,0.23364285682775,0.202276972699205,0.154003546077714,0.0885797672125883,-0.00556221078373653,-0.0770939655276526,-0.287802185064187,0.035020692774177,-0.00500111278489655,0.130238337563986,0.181160326749049,0.0648280891713685,0.145088872725486,0.167111503300662,0.11183167203599,0.015070692148156,-0.0607411841734421,0.0720765113024752,0.193173582374098,0.0195443437924546,0.191647822852379,-0.0753843141792591,0.0694106158494937,-0.0836239637609516,0.113499865524615,0.0275523598821271,-0.0816131193571114,-0.117572367309446,0.17028600847245,0.260573929821173,0.361784364026488,0.252682113451824,0.0918955707398233,-0.101860138150067,0.223347762394504,0.236826117487196,0.114281184308991,0.0471410191701001,0.0937211776720556,0.203059543129503,0.110548623516094,-0.0263388925219064,-0.0209202547296793,0.121110708812479,0.12514393814725,0.10534949141335,-0.0423303544605541,-0.032065968182686,-0.0777343709112383,0.103509302095934,-0.0163286407489838,0.0550685701960304,0.148562304829215,-0.0330937068625102,0.156570015257592,0.0251942917086003,0.177317759102997,0.141634938279123,-0.0115729970796649,0.046108585029902,-0.0210274191854658,-0.124451554535112,-0.0607231598354177,0.157386226411643,0.446848886441888,0.0471659761312815,0.0340738153362287,-0.201433134005307,0.0563473061908686,-0.0255386906968642,-0.103131584782618,-0.103914870940144,-0.24599871948219,0.0458920858693888,-0.0971509584020054,0.0719394568038257,-0.00441688154592638,-0.0411172634016476,-0.0360522820370238,0.0904237044276001,0.0829921038217472,0.145006942244925,-0.0668890133769627,-0.0887790943227001,-0.156168887387012,-0.137906673619932,0.0958153560780846,0.0166795027831277,-0.195836451371571,-0.0658358132357614,-0.0978752125901862,-0.0930265148096343,-0.0295586446272229,-0.141619929667253,-0.294659187341695,-0.051717501233186,0.0494524592692423,0.1105515943299,0.127474129518837,0.00108075540878089,-0.0187100750387712,-0.06263012217183,-0.0742039634078879,0.0438913371756312,0.290818153733953,-0.269127549968959,0.0196907049729411,-0.0813810123470334,0.133018191232605,-0.174384037688527,-0.135594192516785,0.0979649231888425,0.0748137284466673,0.123341324179869,0.173531364878788,0.215586725697109,0.183699056130711,-0.0616852575608991,-0.214840497999229,-0.094263848620579,0.0194738996289444,0.0344465608181115,0.0522648408202353,0.043099575559867,0.157818159705142,-0.135169478639198,0.018278687401677,0.0767677711642679,-0.102253452467127,-0.13797527498833,-0.1554514194136,0.166530999753679,-0.0218481094881574,0.154166687726973,0.0401885986278602,-0.00201409419049593,0.0587945833593882,-0.0816061817326996,-0.116568148531915,-0.0169938231857311,0.0241037099206401,0.258397657072799,0.0350909714509809,-0.150205899468461,-0.254325604548741,-0.309557704589521,-0.0795036280244112,-0.155794517831837,-0.174459097014917,0.0454657624932255,-0.178465884705546,0.14526286885734,0.0159761170230706,0.180160282375716,-0.0571908467920023,0.00459895910250126,-0.197018642314693,-0.0315384482138382,0.090949682375611,-0.100310573080111,-0.0303471131155192,-0.0468913742762504,-0.15988863848734,-0.298570788520752,-0.139584901991674,-0.0974449253153407,0.190729562637651,-0.061299183645034,-0.288153326390755,-0.0186501676362605,0.0260643236787201,0.136167678248867,0.0787643302315656,-0.00817678744479356,-0.0158702777873303,0.0400634692298789,0.127710026427793,0.00741810812725975,-0.245311274302245,-0.108429718843606,-0.209416388071648,-0.222460541687235,0.0419363660892267,0.0782351202344694,0.0867901279234229,0.0226955482751593,0.378064254733305,0.180340712947196,0.216255056785092,0.132065052752431,-0.100800770586087,0.14562606695387,-0.188375152974996,-0.0546543912331991,0.143130575737802,0.0736504537282263,-0.0796790584286918,0.113281922799495,0.352530196215625,0.0799362284903286,0.157389537951236,-0.196455825333679,-0.0260766659137047,0.0914688289685767,-0.19239282622419,-0.0867634235013599,0.0768112582325143,-0.319466181980795,0.0259809645777944,0.128481477411915,0.00654863080233171,-0.0498546370607336,0.0881181150536181,0.280816464269316,0.0299867952603527,-0.0559246512813595,0.0633225444373556,-0.211670859018118,-0.056500921756329,-0.0246991281379979,-0.326732977025505,-0.0526166526307151,0.0760156302913076,-0.0687713798531286,0.163069641332231,-0.375571058693841,0.0311426267114607,0.00729202780903852,-0.0973085221819646,0.127045218179594,0.0049097849118088,0.129041743833649,0.0946400277119725,0.187937598697129,-0.0682277271846806,-0.134572587845606,-0.238219189378047,-0.0279420124323472,0.0428173154076605,-0.0511006655410261,-0.0909285708225977,0.040201367018815,0.102278477024885,-0.0352059350981048,0.265190683835209,0.307173688920861,0.0850466021013301,0.0249898080406287,0.128820697887465,-0.0152732855135965,-0.110313099128823,-0.100347773288856,-0.212667903253654,-0.372178668935034,-0.0805025882883122,-0.148050326230244,0.0266690622723811,-0.209259480104992,0.165983580884136,-0.0795392701196482,-0.247378097935408,-0.0526338258987911,0.12408799644206,0.219429047321956,0.106048401501172,-0.0516046545288874,-0.172869032217499,-0.091542658694177,-0.0680168428560204,-0.151259460932513,0.0314047828190075,0.231978162682624,0.100642318050731,-0.163942906560477,0.0769199184820177,-0.0450463849027194,-0.00982528763750934,0.0470558081962793,0.0178490063414542,0.386743475865714,0.0918620832916404,0.0333353829490613,-0.0733537237537682,0.1735916326852,0.0599804649322952,0.00668182078626477,-0.0870427123931306,-0.136961733240407,-0.0291909529497753,0.0761504575077868,0.0741090780645501,-0.108185667956793,-0.14066247532685,0.128308082440185,-0.049895048928202,-0.00400310904337391,-0.135968370285061,-0.405848304513011,-0.323265502511714,-0.130952631064377,0.0563950431286301,-0.0755507296307639,-0.033279185455531,-0.127791149297908,-0.180654541455127,0.0733779647678548,-0.0438082108509825,-0.0704095337225389,0.216173496419968,0.00892089156985209,0.186647948164809,-0.060597174273807,-0.000124428040923177,0.130338851710994,-0.00700067733143173,-0.138122461052316,0.181310587971841,0.170880474468185,0.137967706206638,-0.114063631367682,-0.0375909194210177,0.180189247676931,0.2407797046278,-0.00690891598766558,0.0197327954579454,-0.0838901776189582,0.0458747416136221,0.0321632009585813,-0.0965833036073378,-0.327086005696063,-0.0535615462714223,0.108805887692073,-0.105001770900105,0.0892486670361888,-0.186652512541837,-0.0937347236006607,0.0762730780414002,0.120936060179089,-0.0627336862652849,0.154380433159709,0.106084127925904,0.33172811193849,0.149909833426343,-0.00774040153974158,-0.0584241467861078,0.220140982359705,0.00900843803073738,-0.0859053978063917,-0.102497541213427,0.0925983231124618,-0.0469461409096193,-0.0915984204069492,-0.0525283653324811,0.171618641869843,0.095306783524941,0.0362653964240305,0.171609305348156,0.424927314090613,0.0997196893514543,-0.155703948180296,0.17647245163145,0.165707190551282,0.101192065661443,-0.127889974293372,0.124840307173688,0.25809265059906,0.0320593561663575,0.323561740461488,0.0432068057083716,0.129851602254518,0.25215434584619,-0.00248067166124148,-0.0686242414867737,0.0591942422493132,0.193710730620783,-0.0755132166381711,-0.102103129792093,0.0296744459422674,0.0956227744540304,-0.0550420955725257,-0.210240282701712,0.00117341010767157,0.0432115561783977,0.265928843193549,0.0960837357573769,0.113927941627306,0.0445400644380322,-0.182355725993955,0.0156821757247643,0.183078956093217,-0.0251783129273124,0.30324973661832,0.128269368586822,-0.113185869027474,-0.277848593584475,-0.158754652376007,-0.165302383038472,0.163700498499114,0.00854464183789944,-0.0186493052756855,-0.0269138882254428,-0.0800447419878072,-0.404082942782262,-0.00140030736691647,-0.144797087098065,-0.0760791133298041,-0.16772434330011,0.0500205509441536,-0.0352110298180756,-0.0400094367889733,-0.0448269331679247,-0.142597752031183,-0.166234590656065,0.424161226515297,-0.0799629602809331,0.0940421428332424,-0.0923022740623402,0.0864494945160475,0.0336729208878084,-0.392344634460005,-0.196574092417894,0.0156123775112389,-0.100804413319097,-0.0380921345521133,0.201507669698779,0.170371619569611,0.204824812564105,0.127873518887905,0.0609311688184059,-0.0937320396088054,-0.190865542462771,0.00587247680674088,-0.159036733015677,0.19318286930429,-0.0305310899395939,0.0383455582192284,0.0268245886173041,-0.0182871476188908,-0.113276617916258,-0.138792418384223,-0.0166478059100084,-0.183127989566078,0.109988702288215,0.178536474231754,0.0581597099047331,0.085592892927971,0.102689793899774,-0.0162748596340426,-0.228961849165078,0.0023593026922854,-0.201593109188459,-0.0822768536450532,-0.0266461642145084,0.0480533811115808,0.123841941117577,0.0492455280154144,0.128514011653634,0.036982281228313,0.242451046652954,0.241509295365453,-0.0778032716324581,0.0202714157722959,-0.0181093221916102,-0.0685269710791221,-0.175761918414104,-0.0865117063842125,-0.102662992466682,-0.266528145913404,-0.172235230351325,-0.0857613077389849,-0.177627750744082,-0.115107390874992,0.00473762456045754,-0.0415131651921069,-0.0981014493596237,-0.307559317928365,-0.00768755640994029,-0.171704536070575,-0.270348357729558,0.0502982470758369,-0.0559316303377182,0.0351849142290378,0.0612281078245317,0.30295960224398,0.214907450596132,-0.00695983886863486,-0.017968671276257,-0.314241364864049,-0.241159728984647,0.120182771743032,-0.116873303566195,0.124007883383131,0.156926926255294,-0.0696196976331845,-0.137698390518066,-0.103282464028187,0.127522266879079,0.230925250425967,-0.146751294929617,-0.0911509244758421,-0.265668803067596,0.0572125759489639,0.17979527144025,0.150489434291403,-0.054233472424043,-0.356839793616219,-0.327220601991203,0.230739571086225,0.214738501215446,-0.075675581328391,0.056616821072784,-0.127419035129909,0.0382682183845798,0.28228831418181,0.110491186425671,0.131786693297313,-0.0473542941991838,-0.144863412360329,0.0306027579039726,0.133946693713364,-0.00165310243897285,0.252441189543653,-0.0725781290139034,-0.00255764536558567,-0.0349331722872935,0.121387573335941,-0.0121390717659232,0.129117017946174,0.147613102195501,-0.0592577666779679,-0.150890495210026,-0.106142993546074,-0.179142451803745,0.0542068714173118,-0.0663807151592566,0.0436679434084535,-0.0399143030846446,0.275927092988789,0.308603857233173,0.218041844212559,-0.0641424686337424,0.0394626813541926,0.100425944148155,-0.133631681278075,-0.186968535302724,-0.026404231647299,-0.0931087580789645,0.108350677930717,-0.208163641115065,-0.335585272087016,-0.201528077732661,-0.0783978436852131,0.0492086903309837,0.151135025887185,0.00350880753059495,-0.217552340009591,-0.367491285753796,0.000401674205212317,0.0681951907320421,0.060446361261506,0.013892768546536,-0.0990121471881097,0.287439840550709,0.0427316481584961,-0.0512579990270076,-0.0245833137934806,-0.119676717661341,0.189748308428,0.0959908839399987,0.0657725674140443,0.191155369448371,0.190902794416414,-0.0536369453311003,0.214768668970105,0.0950282076982474,0.0113317086439989,0.0238492230061958,-0.0868031404942684,-0.11922501971972,-0.27392295141207,-0.10901653707097,-0.125257303852588,0.159078297795281,0.0471191919265702,0.149615840749712,0.0838994238621532,-0.0825371969661134,0.200738854888184,0.139225938701309,-0.0823605717750472,-0.140442537819599,-0.283292319883042,0.149704527688168,-0.0283500510100214,-0.0517367942145441,-0.0462338207968837,-0.208518695926444,-0.0284214786439187,-0.0415995758710253,0.0111390979049574,0.195762535774513,-0.0135723537836664,0.187751977239199,-0.119466518761997,-0.094017073137761,-0.167021862017036,-0.234024505634279,-0.207683045578642,-0.079221431975138,-0.104049232487928,0.101776124370077,0.00679023270987368,-0.0576544004539154,0.48747579865817,0.284850884118231,0.207247637227539,0.0820345716645152,0.0668202295326133,-0.097264449761011,0.187298752492558,-0.175907005513086,-0.0144981831857425,0.0393397860122273,0.27079860384251,0.228009469800769,-0.293612544788179,0.0396392159587556,-0.00294024961691329,0.0674830319800161,-0.0859456225243189,-0.0159015176505649,0.0104441910614855,0.105735140205513,0.107640426052491,-0.0871003239972374,0.290209958018473,0.0281784488283758,0.0772644303489228,0.169621494615134,0.0481335742223854,0.0685435044564395,-0.121962509639514,0.260281821615914,-0.134868194208476,-0.0845048312099632,-0.0263259798377668,-0.0130483677673239,-0.184898987153474,-0.0185647829025252,-0.0675051531020582,0.107535618718289,0.16949146541178,-0.0979066027371038,-0.101029419961618,-0.158433072828246,-0.208907177687965,-0.198729535780487,-0.128517224286318,0.0235425373662915,0.0384513108189646,-0.0455086234752361,-0.124077932608557,0.129064847781571,0.0406618460392951,0.0275397988812903,-0.0226979304736383,-0.0409352558648242,-0.172110351594193,-0.102049397029331,0.0330027385015371,-0.00986116893278676,0.015285673340171,-0.203459653754609,0.31325677311449,0.147458416261864,0.153370709820172,-0.11319977877272,-0.04899302913042,0.0684701827278094,-0.0479019613852946,-0.184478312507259,-0.0915787371317303,0.257983103830699,0.206302438519462,0.334981924721494,0.238900804627719,-0.064282849566301,-0.208164846337388,-0.039289630943798,-0.0124694235442289,-0.224526436780761,0.0822038415472769,0.189015500869486,0.102894137011526,0.0480804019563855,0.192502940850945,0.0975178024135336,0.0376393043031971,-0.202432898791936,0.0616468821729864,0.205020926028079,-0.188602144363155,-0.0880038374602634,-0.00748277225464173,0.240658138325246,0.166209142764559,0.0584208511861843,-0.219334858900807,-0.0688861082678294,0.108607816075143,0.263144168562559,0.0053191862753048,0.0026644686142646,0.0245008083174812,0.0458470678465636,0.0277831899711186,-0.114049701676478,-0.0315475649860722,0.0502026350560914,-0.128088171611183,0.0150982521407846,0.190243056965059,0.127750063898119,0.215657871038692,-0.0925506551603671,-0.187899849045604,-0.148974812274327,-0.215763059640159,-0.113157971689903,0.0108735481420713,-0.0543199257414075,-0.217413577590204,-0.0810263049345444,-0.261297551765163,0.05332018354397,0.180982690828046,0.0579546682940077,-0.134730396925803,0.156422718778732,-0.0159825660207769,-0.0982701551369019,-0.00159978902067901
0.0775206095651105,0.005349378372503,0.015374741235171,0.0529574892922923,-0.0794118026925542,-0.0646533773994588,-0.10798360355277,0.0455930534173518,-0.108497125926006,-0.0167187227832816,-0.0863158342044922,0.0697314618732467,-0.0941892861585673,0.101125675801917,-0.143839963207406,0.0332593070804995,0.016283683437329,-0.0863011558837302,-0.0830946609528692,0.0208452101967574,0.165138418769008,0.13881526373428,-0.0405860296038869,-0.0848433591905471,-0.275757094889173,-0.213899306113659,0.0528538618137499,-0.121612072143534,-0.197479845855199,-0.156612081126744,-0.251244246186825,0.251509049987951,0.240359851374322,-0.00924263819814485,0.0848807803749696,0.0948723678823289,-0.217627580174485,-0.0102325823440887,0.0808903122257079,-0.0586819200985092,-0.0214318644606342,-0.167430134053732,0.0541339540807003,0.0309693378100123,-0.101238047807481,-0.0461126049194781,-0.0681704160694775,0.0242134675263943,0.0410530760066749,-0.112142084752216,-0.133558607544445,-0.138513522772212,0.0328333962414971,-0.0178464095908923,-0.256309832604599,-0.0186350848908152,0.0995794802979899,-0.125190331660655,-0.041673283162653,-0.189088461499782,-0.0291721685138707,0.0529510236259978,-0.0452237993475739,-0.0197828119720229,-0.145392324132585,-0.20502665156297,-0.298621635669636,-0.0982080480354628,0.103317120901982,-0.0645875513121864,-0.0838469252279121,0.0486999153190114,-0.232849575144684,-0.14225099489816,0.104997155128511,0.0498999579417981,0.110986584505647,-0.0797407052085487,-0.165998002974335,-0.0475769061391369,0.120913030853798,-0.153176028897068,-0.0388019314500284,-0.156485530652854,0.142579065123536,0.0939486582836317,0.126672619233054,0.0653796305099178,0.159395926621927,-0.114257180213814,-0.105080243146277,-0.03500334693386,0.0313211639426942,0.110349720596521,-0.0376945093933928,0.0678337426747314,0.187963231067607,0.106388462545403,0.00328967037157747,0.00876833005977264,-0.0705715165174125,0.131812710064675,0.0800089306552613,-0.062418651653794,-0.0700044076680211,-0.068941435285176,0.00722717825313168,0.0437685544415325,0.18312364332784,0.00578889644929399,-0.0829898348564504,0.0970491057394873,0.0194572422131469,-0.0406494189158004,-0.176014050390121,0.117410906785501,0.129690511036312,0.0658282746349969,-0.0657227222302003,0.149824117651203,-0.07811687108043,0.120205178957466,-0.143645391517325,-0.227128729215344,-0.055895444444252,0.0223946178639494,0.03229266865356,0.0951456826531348,-0.283707736472591,-0.0775115268489268,-0.234291058026645,0.0397638607546869,-0.0783403937505341,0.0470877387697775,-0.0593833078196057,0.251556798499491,0.127131136662152,0.0061021461904866,0.065991692609469,-0.00723976894352036,0.0680381678633928,-0.0905494046529654,-0.278951573797675,-0.177219125024756,-0.0714301388015992,0.0420799293993557,-0.211596473139779,0.0178494581724987,-0.0451146989134871,-0.0842849727775427,-0.0701506316370055,-0.0592498609725785,-0.0454843444259065,0.0190950944481481,0.16920226369775,0.0168766108769314,-0.173026015572621,-0.0227899716318107,0.00318410877111251,0.140074062959769,0.0290108541387242,-0.00659753404425844,-0.00233539964171788,0.0681387494125188,0.193597524541145,-0.0707537050064,0.0729056966035194,-0.00874951167094472,-0.119678898874954,0.335682475646708,-0.0414674458948741,0.0384104812507774,0.00167681345204053,0.0797598842276946,0.100613715188904,0.123589249028007,0.093791801214034,-0.0642861488688159,0.0285553012690166,-0.130235078325652,0.257347206454132,-0.0836251203226208,0.0829121717133453,-0.0504368606814788,-0.0519410044538184,-0.0423252936213694,-0.112754146559217,-0.0227299346433308,0.072759338852695,0.179658107147864,0.193355455489585,0.0367833760628663,-0.011683890592131,0.038318433672741,0.244986267918139,0.00338404744621313,-0.0393073770583257,0.272267888034904,0.150118192807791,-0.0377702007594923,-0.0945535086729966,0.0199033410398626,-0.0891630429755101,-0.0990591022153113,0.0697899387910139,-0.00778598405625523,0.211598618027944,-0.127815283945344,0.0879664757045871,-0.264524997415937,0.0223512865854173,-0.150517889047677,0.123253395703312,-0.322951246237142,-0.104092311785555,0.166823507997865,-0.0400029290477549,0.0513143882527154,0.0547485690106378,-0.0316394306344707,-0.0639636851396167,0.0247733099654053,0.114258030350432,-0.231573356163931,-0.315561219608988,-0.013525318567875,-0.0517601219791422,0.0703661137029938,0.0269684570365239,-0.0367462074899925,-0.0744378417229377,-0.161466313768473,-0.053493876853581,0.278417134813998,-0.0562185021232142,0.0415641787675255,0.187109512964784,-0.107604493833747,-0.225340053743161,-0.0127160354534238,-0.0255280870965912,0.0940415369907623,-0.0634131105307404,0.236235922963668,-0.077288372220274,-0.0680041442557633,-0.0464699647806565,0.128021739620335,-0.199015420387218,-0.0286118216313958,-0.0748359254342877,0.0541132718689666,0.130660692430473,-0.124928316181893,-0.0556483131242378,0.0400756824403972,-0.0122091842753287,-0.0402746445294768,-0.149083829445332,-0.0844989104744013,0.139811930392828,0.0146603752656137,0.0792487110733798,-0.0143444424005981,0.0504006761471907,0.115704154420892,0.00188312661504427,-0.105232437170717,-0.155529456094189,-0.113995479291175,-0.0687391836961323,-0.162833894558885,-0.0803633018088718,0.0231740044217488,0.177505201534162,-0.174342652709107,0.197224760332684,0.252343332988948,0.133535569320477,0.0614232826430436,0.16081323106428,-0.0276298691732873,0.139519492300789,-0.118825666258242,0.0297819713934861,0.0172898581299857,0.0502617466483692,0.0693502665747327,-0.0532315548538915,-0.10410646629952,0.0137701337563571,0.100897326978103,0.0234604796978994,-0.053786503367004,0.158838891279694,-0.0776681001884102,0.148599662968071,-0.134007693120889,0.0332117128961155,0.0330548710777485,0.106789361834948,0.0347012769142785,-0.127722453130519,-0.200494859923885,-0.0968425725421291,-0.0735438753963625,0.00732358392430386,-0.107817755525634,0.042232595775609,-0.221365885415565,-0.0983905765254107,0.335822057406758,-0.0699092238640343,-0.105142455876274,-0.024598853893499,-0.124467694334663,-0.0804751294078869,-0.0851787611468202,-0.0458327514096059,-0.180090923522157,-0.150451074931387,-0.0282137597610674,0.0949396367514754,0.0622278425652076,0.211877732479051,-0.0637741235860761,-0.160223473508688,-0.0979058506883066,-0.0927199259629529,0.108266871529006,0.00451655804017239,-0.0626993274086642,0.103078323759323,0.0713424900965296,0.0132051933465131,-0.125423173920264,-0.199592616608919,0.21386953074421,-0.0848557287377039,0.0682413603764065,0.211859681265829,0.109567822993811,0.0144064475608369,-0.104551958960541,0.218513783910898,0.0948311469920583,-0.228082354126758,-0.125124211005574,-0.0929162622146851,0.0193999439132561,0.211954029330979,0.211645414659088,0.121253265026914,0.0553941666792395,0.173104744394474,0.296689841199133,0.0100606537730191,-0.0347914571601115,0.030448656539902,0.0401770243187698,0.0809063031951044,0.0778453818798974,-0.217682054685616,-0.106481801482766,-0.0291778194116441,0.00428303679000749,-0.0681811746076483,-0.00137754021100048,-0.11330160012032,-0.0173825937390462,0.233691761928487,-0.205884273083005,0.0163085216309831,0.088083282842693,-0.0885371743670179,0.205646583289042,-0.0697908661914886,0.013465709754979,0.02318750827019,0.0620877961593032,-0.014551730629508,-0.066899176627771,-0.154208664088224,-0.206421708659486,-0.05875713792823,-0.0819313526798952,0.0640209114331753,-0.198837909590108,-0.0850379122527323,0.0375196235925888,-0.170936020939837,-0.00403812948717898,-0.0276913960846744,-0.12668711703591,0.0119002741862112,-0.128997221169603,-0.0647004302237414,0.125653188874354,0.1174728941926,0.0237955298338518,-0.0909617766893586,-0.0301787836533501,0.0747767052969936,-0.047964118791686,-0.067257759756462,0.0166949851302245,0.19631203669647,-0.0511893923564912,-0.155592608447375,-0.101204675996801,-0.22364266428981,-0.0889157093795181,-0.0586624329656275,-0.0801405915348696,-0.0168629199332744,-0.166670886477052,0.0211763488727594,-0.219857401540068,-0.0144020001915942,0.126573946908884,0.0377327799890793,0.0635984185770103,0.113145873991426,0.0120650644937549,0.0138116136294854,0.125364923901413,-0.119276586901355,0.0479470177643285,0.0499300124515451,-0.0792163397634249,-0.0718313979085334,-0.0520764217532882,-0.136800574170685,-0.162239926658044,0.0464509931910858,0.029045215484671,-0.106513565041309,0.127567165319032,-0.0407326816169529,-0.0947537616917355,0.0625676316993682,0.126115878918369,-0.110042085592136,-0.0659007579530319,0.0326842461268947,0.0507721545164189,-0.0433029698772319,0.0683866415002768,-0.0473797565040207,0.00870055517600869,-0.0650719857224999,-0.0327366237094213,-0.145382397176813,-0.195047927458361,0.0798934814648865,0.066598067372658,0.143154167347422,0.121059686885557,-0.0523633512885985,-0.13388845667492,-0.173335435818357,0.162438279162091,0.21939002978342,0.0968809223670526,-0.0507481623210019,0.0833510729155888,0.0363504412811172,-0.0872983274045532,0.0161460036893283,-0.138857773105937,0.00976019043321542,-0.106294959654419,0.0165684195201769,0.0625371092429298,-0.0305331167122811,0.0773162465015471,0.0691146575519802,0.0398877684147124,0.191412137304732,0.0677042129718587,-0.199032496356726,0.103851012336299,-0.0721559430886625,0.0426120163331949,0.0447829645788196,-0.029993613041369,0.0740585958024354,0.21485905823704,0.0749302416379309,-0.0242043180262996,0.197255934135478,0.0558554375484552,-0.056241490093849,0.0504433005930219,0.0950870551598579,-0.0361280816582988,0.0425394550593367,0.0101010074938848,0.00880762556391152,-0.017030806622785,0.0253391200793766,0.121683884530594,-0.0359279552725211,-0.054958532774892,0.11297674749745,0.181626155707071,0.0397977452008478,0.122576312639456,-0.129552404846631,-0.11500637419924,-0.163735282011656,0.180325165496453,0.0250105935996788,-0.080455714398663,-0.0138715254890899,-0.00636520566985948,0.0694079908866934,0.103454593754532,0.0421484891012995,0.0854688471921053,0.143197389927468,-0.0659315545068597,-0.16410608862022,-0.290875754894712,-0.01348759527029,0.0459818541312984,0.108902374023171,0.0979966036816906,0.0839726179961023,0.0754628947025413,-0.0033079512002236,0.0985307983458848,0.285271045359308,-0.0205716003947374,0.0554670970311805,0.020685055810964,-0.111926717978168,-0.0153983346367263,-0.212973169229246,0.0450993128972019,-0.0863678906273434,-0.22316282894698,0.1689024971383,0.107795694489475,0.0367057618802668,0.0849308009579512,0.0177211967983499,0.0335634209278742,0.0507257554743843,-0.119072380315795,-0.20276669409316,-0.299138974318382,-0.0827390080267033,-0.292416362043612,0.0296005055587267,-0.10082296477652,-0.101875242644105,0.0537036160875725,0.0548514217061403,0.0422898810406312,-0.0525140299629541,0.0604067015049439,-0.0402459255737512,-0.272807832911007,-0.203146032986025,-0.0634225348315751,0.0946138138450584,0.0762043339841488,0.0685277876644595,-0.228699466524897,0.0969623833398396,-0.038765698668303,0.193954167320635,-0.0680629906802371,0.0338765703377032,-0.0304632522408076,0.220828429110219,0.0437039156254585,-0.139158288793813,0.0622947797330269,0.11011287452951,0.0824180349269076,-0.0915245483490217,-0.032126873545631,0.0803981415184735,-0.0931965457975709,0.0417788861970816,0.0436808563888093,-0.0902157416434796,-0.119887179931415,0.143205806164366,-0.0705097996731802,0.209379741294706,-0.198820543776539,0.190772039257967,-0.0824066795727952,-0.0985976916107478,-0.109603141442546,-0.238327675031873,-0.294523817620943,0.0795311382492611,0.314288973170064,-0.117961730211975,0.236344457393218,0.141998488019103,0.0590360289598405,-0.0569653744382531,0.06427369513885,-0.131142292941792,0.0753788627490739,-0.119673076827656,-0.00485776435851244,0.0955963351360159,0.0219858877158667,-0.0595029694671032,-0.0716985698747396,0.172887213255695,0.177489251742834,0.0209862390478757,-0.242167610690307,-0.0411688202459518,-0.0300004724819584,0.120996483196941,-0.0852669503449052,0.293488339914134,-0.00401714025713206,0.079977098533338,-0.0201039263638502,0.0343253991934968,0.167976045682256,-0.0115816696563708,0.175255699214804,0.0725644457379274,0.133004710640504,0.175006957794891,-0.0525293817518642,-0.0220449749023395,0.168229646522514,0.0313967236729685,-0.175563580848933,-0.0975732601699161,-0.0535408442953011,0.0157526045072598,-0.124865927258772,0.0735790293047832,0.100451122435743,-0.0808153819284617,0.0635993225538842,0.0541255542465829,-0.243307480311552,-0.0150586892055818,-0.0580974409064135,0.0187432069684845,-0.0149084199048097,0.10692978406807,-0.0253690104492005,0.0501905153899536,0.158640109370292,-0.117336298441461,0.0553506183860848,0.0186834853422229,-0.314095220716703,-0.0514621851660246,-0.0937418098018451,0.081933967113664,-0.0506547774756507,0.197566832497062,-0.122638022436858,0.137405330216691,0.191203598112964,0.0316158928751119,-0.0252056114856538,0.0492493147697582,-0.00670737944805259,0.0903395318342118,0.0218353664753983,-0.03795340064513,0.070611579712067,-0.197507922180614,0.141649881545249,0.312624766241583,-0.0130671406700603,0.0096249209896099,0.103771523375307,-0.0770519498121997,-0.105608885118223,0.044844850546174,0.0570087967729636,-0.0395781821745076,-0.00996661369512319,-0.105722618320605,0.109375295531845,0.064064752618698,-0.0727356585797849,-0.172908382469031,-0.102028894315358,-0.0406302517646434,-0.0190944395455773,0.176557751919926,-0.137275129005089,-0.146440346183119,-0.0922409322121431,-0.0145828386094862,-0.0455630622125319,-0.121908865104618,0.0702884894842697,0.014238714473593,0.120226315060777,-0.190411202066503,-0.244020513236895,-0.169319557012205,-0.17293159173937,0.26174216667401,0.197079960455713,-0.0142461054479495,0.100716867061409,-0.0686173093861353,0.209520549656708,0.0808897375925416,-0.085332742019803,-0.124145081589584,0.139591535253988,-0.131564304594114,0.0588957186360394,0.0895481261133012,0.02483717935753,-0.114448088279353,-0.0513254051104247,-0.155078839776222,0.104688014852055,-0.00877254929959222,-0.242876095744317,-0.0318022021876581,-0.00276370034778368,0.070681609094259,0.0063556102818907,0.0105190975659957,0.0143279328163551,-0.0434992551836407,-0.130225054515153,-0.0911757881251008,-0.0236823189756156,0.0926369005914575,-0.124644419273756,0.221078424479774,0.0796782829131524,-0.0395475424691135,-0.024229895418865,-0.0306460170409827,-0.0869111351096613,0.187286348581912,0.084817343157181,0.166770106666196,0.172589513036109,0.0888202043604783,-0.193074479985759,0.116597938762366,0.200253763143142,0.0111907032255768,0.0311321607741597,0.0106935141667115,-0.175531580874718,0.0298307452575543,0.174103668534662,0.0478773238497758,-0.0522363207174655,0.031354025224375,-0.138254363703572
0.31646559781271,0.195551482416878,0.227850837057949,-0.161894657496682,0.167704068580718,-0.109041307613232,0.343831749040476,0.131217516062765,-0.307635270910686,0.0947893530435548,0.135584081843507,0.0257635205007853,-0.231172262705887,-0.304483309791581,-0.548758019642153,-0.25663249915813,0.160599849346513,0.0919375061027398,-0.603137679042006,0.0583567436304486,0.316275975488223,0.0121960007560763,-0.158907209904777,-0.201518880311343,-0.370353971230751,-0.57091657576828,-0.219545199119983,-0.273282599484357,-0.981872862594503,-0.417738559809284,-0.511739066649349,0.603498643203291,0.349878333521402,-0.153266940159159,0.0901198986945017,-0.267111379371119,-0.948193567317595,-0.541611989174731,-0.581761794703764,-0.496957610465883,-0.0796747152375772,-0.400301595954705,0.386102086505712,-0.0900320025786688,-0.388362872122856,-0.379325063414906,-0.778309197139209,-0.441275444007733,0.0141185984603941,0.0773867118509034,-0.555891308908502,0.014435792769508,0.000693953251142847,0.19341121087665,-0.374034082498406,-0.542181891307717,-0.478317173282043,-0.654317530559607,-0.244259336641521,-0.567280710051469,-0.775432825796018,-0.200033046976356,-0.229074156378683,-0.0997216208225527,-0.122235364284029,-0.664689477511179,-0.137059861072743,-0.100650956126721,-0.0600259788199218,0.0912522675838184,0.0625514541802537,0.474924902147413,-0.259465599413031,0.0407418815229962,0.347710776330152,-0.0913889883953489,0.28552006650798,0.249163829141392,-0.262069532635483,-0.173441182340915,-0.0303915924445621,-0.379790276281671,-0.264855305848903,0.0399466559765932,0.292237160526692,-0.123989950409247,0.431845355961943,0.264473100125979,-0.108765066955676,0.142021311442003,-1.02031206202248,-0.312655785755304,0.43603290799345,0.545452742168959,-0.0331687854408461,0.362011638045806,0.175305034712143,0.674226524990821,0.481085266586993,-0.165275482954554,-0.1105571308998,-0.0754824589385668,0.376296535394314,0.1803497956866,-0.149167623292294,-0.642860804575256,-0.386942385033316,-0.725490914754589,-0.0564100014512275,-0.194090764088862,0.431640034635012,0.190070975007068,-0.0499647295528527,-0.0392959457809247,0.170671021755068,0.328255573834703,0.444086663055116,0.139346670317135,0.0178443928562005,0.577744251935962,0.777302617680143,0.109973654306262,-0.109552001933477,-0.493089250770175,-0.174213504966407,0.170491248497694,-0.00580898367770174,0.259077308584715,0.202969484411843,0.135995719758364,-0.809449568238186,0.196459854970447,-0.109650370186814,0.234928562773482,-0.0978864350680103,0.217099734199383,0.157004352535641,0.239351373210931,-0.311478668847077,-0.425872454627043,-0.389320877368962,-0.672712223755189,-0.717259652571,0.0993229717242207,0.528488579459311,-0.237862391438472,-0.308593595980866,-0.381740130992365,-0.299332310868132,-0.142700680262446,-0.412977937653512,-0.273786680831518,-0.0232424079719181,0.14646386706865,0.0693093392128196,0.13413358297992,0.0898757706413481,-0.111977257996093,0.0689581269025217,-0.290068119288347,-0.00537335357412834,-0.245454461576803,-0.38421843053648,-0.11454917669675,0.0745778556306589,-0.212548441803402,0.0192531157290476,-0.436921587883761,-0.0685273486366528,0.555241750292472,0.181941400710346,0.652059215045592,0.338942129531494,0.534688195928974,0.517255080775772,-0.224577316747059,0.0644191262998096,-0.306701839602623,-0.186658738777297,-0.406090701653902,0.31431829919287,0.144124679247822,0.258849727429434,-0.246420265765922,-0.137283218951933,-0.0498223064838897,0.227017476594955,-0.10551681688113,0.665857001158962,0.300459117452572,0.515606905019802,0.186285177866558,-0.0411629659138926,0.522167525823352,0.648434076026373,-0.243413070339373,-0.19857228546338,-0.0452756162273766,0.379550236885732,-0.149796515378519,-0.229237218395785,-0.188323200766322,-0.525068864418582,-0.169284049758315,0.712479489060396,0.284380127161741,0.525441010639995,0.536631884145493,-0.0376295267167337,-0.0078202145940664,0.164916689884864,-0.6432046855032,-0.935473850000823,-0.604466696582186,-0.539376553017145,-0.173095153638765,0.0583464402567028,-0.415443870234079,0.205003247424539,0.036825118345674,-0.358816127670417,-0.0367845717115218,0.0351420475288671,-0.701994553044456,-0.940347517293498,-0.13468971871094,-0.149205483036456,0.57233636860782,-0.284071679544474,-0.27973958441045,0.192600690630014,0.105079709059607,-0.0631518836255587,0.853766082422544,0.375839208889788,-0.267515507970145,-0.123946269925884,-0.347849088994493,-0.72720932182899,-0.753610708706253,-0.219915807439868,-0.235015228175218,0.0345499757181925,0.302025629818592,0.349172187302529,0.292625236075833,0.601425339647449,-0.156740283247324,-0.108040622559721,-0.201894442433737,-0.203990366645587,0.459282604936299,0.140595837200334,-0.129521716224679,0.0291375275780256,-0.200291896612722,-0.322796198952976,-0.477917052059812,-0.580025581238564,-0.462013963892869,0.252393777731165,0.012664644934409,0.587669423931944,0.346816276412818,-0.282785813945149,-0.123005412009232,0.179543072748368,0.269139858311539,-0.545874508717958,-0.102899240173458,-0.874347309844824,-0.866454619457701,-0.503110417113197,-0.549819290907878,-0.148158747195608,-0.0972753445669762,0.0491646162668115,0.595995552679402,0.165570818775444,0.536046691397928,0.637764246870316,0.501707047605852,0.13644792357772,-0.304643033710077,-0.371921525219868,-0.0276368748042237,0.281222351967943,-0.106282822382368,-0.27991974101198,-0.61805221354776,-0.456801992702669,0.414766408141931,0.287732374713474,0.466598279309239,0.327199769237549,0.0479313522639024,-0.472047906560798,-0.405972379370118,-0.00288462040278711,0.0519204712441471,-0.229704092600671,0.0550815074171634,-0.342033733403471,-0.672376262447698,0.0150769436732151,-0.758850944757978,-0.561788874553348,-0.406940618764629,-0.0290445463542088,-0.282730260797131,-0.32426369226596,0.0830373239789492,0.0507635223258717,0.354098063746922,-0.413389245588271,-0.280035757225987,-0.444877117318928,0.160116685957349,0.0824193092984013,-0.141966396399357,-0.0906147702799748,0.117765953923462,0.390761413741757,0.796497566346718,0.678466259061979,0.18080769441077,0.131317117648937,-0.0432871116120412,-0.182550489044882,0.145035593460897,0.0566724329798867,0.0865311925426952,0.312489007334123,0.0231670009627047,-0.304322464774203,0.031217665182654,-0.417289196756411,-0.446249105037102,-0.0458231079554274,0.235068007055684,0.496655372615128,-0.0137238984931511,-0.241293063990731,-0.376768418852074,0.230965368009319,0.154705525455181,0.0650228064277908,-0.379676996442652,-0.751768808156728,0.431177944370449,-0.124467086692049,-0.484785187710258,0.214526154540679,0.296357637294709,0.58431589751448,0.818264761879091,0.656790501892799,-0.0357417250970246,0.196714928692168,-0.0337007018762636,0.380582564273177,0.10284266019959,-0.602031278972715,-0.38738769280178,0.0483438384420537,-0.601841850545761,-0.320347881542367,-0.579600967508636,-0.272862630110129,0.428495168546352,-0.134402254142674,-0.685385054928266,0.0718868863838108,0.421058373634722,0.419414289816792,-0.0813277023802022,-0.153668829161233,0.618641807232788,0.360773746255591,-0.314097611619188,-0.0689989394499029,-0.330126556682356,-0.480139846848756,-0.745611659142151,-0.620066704883455,0.102403206090962,-0.168489581731014,-0.344808747021125,0.0191546408661442,-0.103251263986062,-0.0461835973430823,-0.44114380627278,-0.230155687367189,-0.41899832993263,-0.0803082267320444,-0.753884560499584,-0.572405532427047,-0.110701224133649,0.175535384553822,-0.0254746633120176,-0.300699849201601,-0.365358787703977,0.0930144522383452,-0.468946541346035,-0.306605964787014,-0.238113943836328,0.489659783956777,0.17069357718682,0.0738092399519598,-0.603020749344636,-0.782892416805301,-0.409778532158653,0.114890672137681,0.201678037388375,-0.199535872399106,-0.2918020048349,-0.146732958831722,-0.208313824078687,0.0588080542434348,0.103925732900727,0.244048787774179,0.0370779807486223,0.659422966716653,-0.18270072229999,0.154504814233576,0.402823135079888,-0.0104466920393005,0.115607108941941,0.582586109390925,-0.195876507205254,0.432669758819555,-0.0208317034450956,-0.249698289422768,-0.0805217309714375,-0.296323424203973,0.114359351342722,-0.0282463573805909,0.107624391880674,-0.0181257667426381,-0.753757353704111,-0.0326485520977191,-0.446165172338922,-0.348762074310198,-0.275719037928273,-0.0449633199381715,0.495565066758343,0.0667123658878868,-0.0518164694858348,0.0543320016494194,0.151327194151331,-0.577739024546449,-0.285838543508792,-0.308109571005287,-0.0913034429882457,0.319688223929129,0.541458744129756,0.495074036880235,0.2930115069889,-0.13582019173784,-0.492240135792799,-0.311700204023848,0.289647524602402,-0.150675264260768,0.169990773340167,0.282162545207308,0.759738914640595,-0.0691729744895031,-0.116049420451808,-0.405937419944914,-0.27364558546769,-0.420241219462224,-0.153650690931784,-0.120494276624431,-0.0544038740088453,0.420457911614304,0.109137453951001,0.4172536524421,0.284636682042334,0.274188589055678,0.139958834659129,-0.299003025608808,0.236021142730013,-0.325320073134683,-0.212003052257541,-0.387917686094969,-0.877476973411443,0.795011718593948,0.222004451659177,0.317705353929617,0.0115894421404046,0.437780543363084,0.39786240466895,0.184659617606698,0.375429966662396,0.39834218658256,0.0415858422204603,0.199831908008796,0.490092438125849,-0.108642443117303,0.0182788668252491,0.276472212320856,0.960074353658257,-0.271486823086477,0.044240647276941,0.238771970595126,0.0713370514767431,-0.537943131182864,0.351099730860332,-0.066934555063094,-0.672789833995978,-0.535570636461882,0.104428712930375,-0.365721321233467,0.00621033990624997,-0.187388809039212,0.250526109938668,-0.0460669436206028,-0.172207631776245,0.301606839511287,-0.277748014638887,0.234362761266329,-0.0940984470742602,-0.423906152446354,-0.482337292660482,-0.0657591964805025,-0.113908333027602,0.624332120485651,-0.0989255842026401,0.183513919592846,-0.188295348826705,-0.0569972258397666,0.876067649434115,0.160006935652575,-0.247438608917269,-0.406865937207921,0.338803489519995,-0.114499616758996,0.219930570321941,-0.266439868865667,-0.432881871442032,-0.438845512697423,-0.21035856821012,0.200827162878819,-0.126394372384891,-0.112025418576196,-0.328988209253876,-0.400633457982148,-0.514050703638289,0.329187545411262,-0.317315939603571,-0.240966781398122,-0.688731913158201,-0.669487382024252,-0.553916170702842,-0.506316249422262,-0.335464497643256,0.163972601949869,0.556400332871849,0.36342910306437,0.0707308959516531,-0.211693020156719,-0.0250624803441176,-0.0730114183324958,-1.15461794579208,-0.721390687236275,-0.401669293964989,-0.0833384240731157,-0.0266258923165569,0.175048169457775,-0.206888887673309,-0.0531603099947471,-0.200699208400573,0.206063197761404,-0.302824142451784,-0.255435321402046,0.748489073339632,0.448118671074262,0.394965634595225,-0.142700078191453,-0.309106797040269,-0.118997878412657,0.433206743952459,0.657399359970845,-0.0278373689329935,0.0881074059072574,-0.182816026405668,0.311525847242999,0.169901189373484,-0.307294168616099,-0.166999287514032,0.0146601917718105,0.0706965910881611,0.0816199552018971,-0.378758057838645,0.14380742029108,-0.209278056264169,-0.465058564344468,-0.474691024683211,-0.330001342347503,-0.610495164081328,-0.148082850595872,0.10538847143536,-0.0419718315453925,0.141408009598709,0.33677884485318,0.450070410862844,0.0690259339800871,0.0648418829201765,-0.0186972008596466,-0.00445324760227258,-0.59630310215143,-0.268645649129124,0.332396434186014,-0.0772607339190118,-0.221510020430181,-0.150627212058416,0.487260797394626,0.583475619898706,0.172491856580488,0.227105249913173,0.409252720598854,-0.145237120716852,0.5126104348437,0.133464242922171,0.445860345765714,0.0348914020894222,0.247846318733902,-0.270061442015614,-0.340696676448045,0.189054313464288,0.357035282004415,0.279998791892766,0.806342101678818,0.697646451787668,0.089273576031307,-0.424918042723269,0.102437791208671,0.173076799907966,0.0635966948959856,-0.796700015175652,-0.715530278814893,-0.00594399169974785,-0.315401025390243,-0.238458117594029,0.108383895130103,-0.204725113652157,0.138763449263724,0.214285920566333,0.0717621575055565,-0.881269564445719,-0.851681206758311,0.183976699301685,0.0153312515776664,0.234900611658254,-0.476272080199001,-0.0586901136803033,0.149895591451919,0.232110086434884,-0.15680060205317,-0.230805160764269,-0.233160235307181,-0.929194583353692,0.070511204588417,-0.234859798692039,0.150360434555505,0.0338513898173123,0.10492026138792,-0.120912689237512,-0.144669852431993,0.245551709181658,0.503386013651849,-0.164096493004282,0.448410479857263,0.556140369881725,-0.0356047731823768,0.0824694578057201,-0.247963869610423,-0.0810920762563501,0.141405311785952,0.328425611796984,0.614162543746392,0.543943636358091,0.469401448657631,-0.222968518034056,0.115379686742945,0.159963897633663,0.0884794929261303,0.296623422448355,-0.0357027648906505,-0.0775501103663451,-0.366047401999036,0.161968016130026,0.281671066845446,0.448728830926769,0.210903913725822,-0.102029863020552,0.154982469055887,0.562077409273749,0.200800658057741,-0.499990674609591,-0.247103172479768,-0.542955021899979,0.133427338563728,0.334302332047762,-0.165085641204164,0.137366486887169,0.292956541647284,0.460155270628774,-0.493383884540017,-0.694084201410466,-0.937440301382668,-0.472068521760605,0.0885844541547259,0.561612530803399,-0.105397991329402,-0.0963892689230279,0.13251092473414,0.184331638580001,0.455747355021241,0.0420946944681566,-0.890242676757427,-0.249338846659733,-0.407356823800828,-0.264021426695324,0.474738764547198,-0.00666087299900371,0.0994841577202273,-0.0173418932541712,-0.390202508325952,0.108386766542972,-0.167407536082776,-0.568682833482174,-0.0644506364133632,0.587634557610459,0.314131118414852,-0.154571829446359,0.122204195688534,0.299780819184559,-0.0657920169906538,0.0973908209707846,-0.366034930171703,0.0062613587516597,0.393432374065979,0.408227120269881,-0.0217626248971866,0.77077928227273,0.059343005712758,-0.419594458129358,-0.205300761455644,-0.184513757216884,0.146696826821948,0.279435499873021,0.592956321945192,0.713853758174332,0.776719736120327,-0.0189899833844946,0.887514826095676,0.610557032953583,0.282626570425346,0.680696997347247,-0.109827451242689,-0.481411423252826,-0.405166285861081,0.184799041272429,0.0867914343419091,0.316603129737966,0.0273434690744859,0.110337555073372
0.265131921212475,-0.174859380525494,0.28125407008513,-0.235627719703715,0.218490034384477,-0.075841855445379,0.329358198445561,0.0923569743379677,-0.173803206440987,0.312527585802846,0.0968152787077106,-0.0396706999722125,-0.313891792038505,-0.0106136254212679,-0.340419439896763,-0.000668076376617588,0.0445683061703014,0.0623316128677245,-0.346675619258853,0.0469306620495374,0.274207695757604,0.077804292639447,-0.0921180681602317,-0.113186415596379,-0.246088686113698,-0.46586968858618,-0.217831367866134,-0.178903735254776,-0.575833557666674,-0.186301404605255,-0.308572922448219,0.457919960480428,0.250156659703635,0.0550022883947647,0.20755882926681,-0.276784060575467,-0.442160307835611,-0.320357595673677,-0.209880637496114,-0.139358407731416,-0.264430857698584,-0.206949052723665,0.326787051575602,-0.102616960445795,-0.300246151184624,-0.176258739361499,-0.286630268146349,-0.161752761144203,0.0754259577153471,0.0459692069843126,-0.310374895035148,0.107127291475689,0.0378952134484126,0.0239665867790587,-0.0763515699448979,-0.360999755313812,-0.287007399439113,-0.418460608888442,-0.0950775162059476,-0.297731720984344,-0.433590979001889,-0.243128574236846,-0.192362354116753,0.0436425475963401,-0.230761152164552,-0.342704819764238,0.103316673549066,-0.151583564043144,-0.0114120766361548,0.185630709875002,0.111544923864416,0.227316765212116,-0.276552591180038,0.051086095625753,0.282490231516367,-0.118733974298553,0.100912863696377,0.0254858215185033,0.0888664982899257,-0.0975629035325482,-0.0389849978153263,-0.235578645089669,-0.190008428122054,0.0374093940575487,0.21508957303026,-0.0381859242966799,0.255572867653796,0.0346484398513995,-0.192531628563099,-0.0742625557119705,-0.439523415957307,-0.141168480023096,0.177726421572127,0.19553449410579,0.0709634292132266,0.0654825741796983,-0.0147906747149067,0.34840951011174,0.254286175296055,-0.13980353329411,-0.0791568613086193,-0.00452763824023723,0.0632773497392756,0.0554234331852947,-0.15067605406413,-0.34025230046854,-0.564398612390532,-0.475322869013935,-0.0499916300378726,-0.14294048589802,0.356676508827358,0.398658391284746,-0.108598426332729,-0.0502029600338214,-0.0895284438439321,0.304982582956243,0.272121422866607,0.203049274065612,0.243787035402556,0.376529713981436,0.373621497284326,0.0376661691546582,-0.125836331391528,-0.0556530581271159,-0.223927480800024,0.12844351010923,-0.100464182949805,0.12217023373546,0.196732405354166,-0.0533242424353806,-0.56239099671611,0.075390439140235,-0.125360662605662,0.0694564956857078,-0.120458621357578,0.254149205576508,0.14269709143836,0.204155347574057,-0.146387602374517,-0.233197699008523,-0.26334301875025,-0.431732358765775,-0.373154508476585,0.0479254334828696,0.219582981428164,0.0257438308672348,-0.227258272129085,-0.0346793998972632,-0.0784755084281455,-0.157482179624676,-0.165987259955154,-0.0739610655142305,-0.138736219516178,0.100235453528505,0.00245306291854777,0.025817900536038,-0.203878711675275,-0.131353953928835,0.212587003950273,-0.278436658957302,0.07943495313725,-0.0647117395298344,-0.346712931588122,0.115586531524952,-0.180373479661164,-0.0389819452283658,-0.0120120814135394,-0.434971190958555,-0.0100330696916763,0.315833927027905,-0.0412254827689174,0.354298640360728,0.179451252025509,0.255436044221709,0.326941809227227,-0.0663857145560869,0.0888401347926689,-0.0320827766262363,0.0472472693225704,-0.129219287090193,0.117884260413653,0.257045313510403,0.0668436710007151,-0.0848966890839865,-0.0133334797218851,-0.185902691275796,0.103753864497041,0.120832284332983,0.567847316381398,0.100040304392004,0.446026394781203,0.0366199452798223,0.000755791963270726,0.32578065293347,0.281296504749293,-0.178139548251216,0.0368207131742015,0.166475088398302,0.138171850931734,-0.134858845646367,0.0202665718422574,0.113728260499981,-0.2988321611983,0.0680820335722633,0.615657773325371,0.159654285000313,0.383759042603231,0.513448918561322,0.0810858926830199,-0.0707293659758081,0.0721119211571419,-0.213594025055179,-0.687098227961364,-0.343733045711886,-0.247619205641413,-0.0628671192055566,-0.0852378021846663,-0.175868132294034,0.0435437573546785,-0.0488718511339033,-0.11240031945627,-0.146741633238314,0.0999229586556269,-0.473852005652511,-0.491003381765961,0.0331261103825507,-0.173750205190264,0.200671802744686,-0.196475287721496,-0.154003243798357,-0.115988966745739,0.020845725730057,-0.0457793378306033,0.695376473495766,0.168795903509604,0.0591882024423934,-0.160132961750909,-0.208840152373488,-0.431850733563648,-0.278790879139727,-0.229132114228544,-0.122629220554568,0.0787719455899299,0.278854876719257,0.352597908463639,0.170538307902634,0.390780642185197,-0.237606442726936,-0.121138741135968,-0.117603087196659,-0.120563829366109,0.309005941408162,0.198032592710371,0.132918933014487,-0.0476915106637619,-0.199143145455919,-0.225132432251714,-0.231570341692875,-0.335395981806702,-0.228655196926867,0.298661937509962,0.249428895881373,0.442260984822485,0.077852898645504,0.0360254848813923,-0.183970593358578,0.0527447194038013,0.0993987697171559,-0.229164003452756,0.084384773305045,-0.647979122164773,-0.521177413001875,-0.323044153150924,-0.320982176830311,0.0349692294369975,-0.0418324748307933,-0.0598947322522104,0.116518650100182,0.065635410727822,0.484136275375497,0.377208340114459,0.186355917160774,0.19209418855071,-0.155126175365399,-0.152245372841533,0.109422263149016,0.0765399946032847,-0.0533459776695053,-0.250658986392374,-0.284711884806696,-0.260553554386477,0.152728982192805,0.373729457189519,0.530429783596403,0.0712531664370305,-0.131337829152791,-0.22575250534943,-0.16257055539321,0.0675597270401224,0.0770372362212055,-0.185509443520115,0.0137071994295064,-0.26463520825655,-0.376235383745261,0.0765908443980179,-0.576374167806709,-0.510820268687523,-0.260223803865625,0.0870980916627746,-0.214451263846673,-0.163490132980534,-0.0181320525518136,0.0275141691573312,0.0792451166382418,-0.220185100855946,-0.204146838425963,-0.317242058155739,-0.140933670754082,0.0148391065049245,-0.120445375046583,-0.141394348967908,0.0444712411461654,0.256134885797451,0.733433527820849,0.42761089050496,0.13801543477736,0.103993858491692,0.0678944848548064,-0.0509905317070235,-0.0283827414601125,0.124997095291573,-0.0836159490397571,0.189529239583304,-0.0931856842927671,-0.282976215445724,-0.0997330312025438,-0.279175430053924,-0.24838412061425,-0.187193118350285,0.160128523242036,0.0842073223026705,0.0511196604260035,-0.225567570150463,-0.288750873541887,0.203338461022596,0.137645531902198,-0.0914365769307688,-0.210712659447486,-0.499066953236499,0.329516997056048,0.0934669237198462,-0.261668688375112,0.00106629722139381,0.417478135351186,0.42480777629867,0.50859882037849,0.550847782744614,-0.109202767501816,0.175366390574827,-0.155357912284369,0.126241265855127,-0.0115992291475341,-0.29779468152747,-0.554453438040887,0.25084419730463,-0.43227516395654,-0.196306713062808,-0.171021562788138,-0.2024632651675,0.190693875856401,0.0996690481588455,-0.299774769739634,-0.13560086496523,0.14798210892391,0.197241874899568,0.0066709254031524,-0.180741165994895,0.309435733253838,0.0100095683697651,-0.10954302928436,-0.0429269612235827,-0.376578362505951,-0.0408516285780439,-0.450561951483329,-0.458872664457988,-0.0156168019062621,-0.0702994101464922,-0.199850446937754,-0.114660197266457,-0.160628914630792,-0.07193638508368,-0.30493659235405,0.0395545028706041,-0.18791899689172,-0.060098041247536,-0.534566365107634,-0.395897264290301,-0.0754798023764432,0.0796815048478527,-0.0557091345640011,-0.233493497291989,-0.21696663087058,-0.0302272293862903,-0.334906191972682,-0.292757339399842,-0.0913827763064445,0.0651241641277828,0.147149677168967,0.0605957906954878,-0.19774924168451,-0.522566388945581,-0.187010546783942,-0.0179484293499827,0.0255111630395934,-0.233441710095689,-0.0218782315812345,-0.264084790637316,-0.281709743061251,-0.0129656587399795,0.145243483480407,0.340284644374686,0.0733644281639157,0.547268686362576,-0.0601357213463289,0.217653196300445,0.1401690480159,0.0474972847431268,0.227713334584497,0.438228853649515,0.00265165510202181,0.333853327374774,0.14334271747519,-0.090940361446975,-0.0999792855904773,-0.31609803844467,0.168018359398979,-0.116512300058516,0.18998450079545,-0.207198825647885,-0.464548389396145,-0.0947904185295774,-0.40480253365975,-0.240530932520768,-0.104960810190649,0.016214679095625,0.563742042256593,0.113336708290204,0.00768642249754051,-0.187998334166708,0.122993257013161,-0.420746408183448,-0.328448713618279,-0.465321970313865,-0.0780702232652388,0.116728298308194,0.252982931679968,0.394943207051113,0.0585384875108557,-0.000449745910759644,-0.228020636286186,-0.0838562332514782,0.111528967793048,-0.117258408018785,0.206078333990448,0.0991247038158072,0.288925269326627,0.0394205394773883,-0.0188051991200352,-0.340930379990768,-0.256956503734295,-0.176779947928156,-0.140244009749503,-0.0893874065971118,-0.139564758050726,0.124628255387401,-0.000941292626385239,0.352890470672393,-0.0668626364248463,0.385474331801894,0.0348868359915552,-0.26259944346104,0.19975148141232,-0.201287703306304,-0.325741497768619,-0.344125477896262,-0.482657672104313,0.448502065175139,0.0592533864675874,0.211723930468047,-0.0663703279129869,0.221467469067616,0.231244370808649,-0.0344725649732723,0.266743266307924,0.330481025541137,0.0845396118240202,0.380935824032203,0.192078036166289,0.0163718448700778,-0.0367095619001009,0.267233504488018,0.803145805322995,-0.165278614187581,-0.0737583239536883,0.262274849306935,0.136894405977035,-0.130341816752964,0.13825756069895,-0.229463327427025,-0.458821271800572,-0.235875189906405,0.104250785892668,-0.119305102378706,-0.0849708117670756,0.0515932669160115,0.0300112053642312,-0.0433618969119931,0.052878348344742,0.082759196623531,-0.146088621765722,0.214158528711015,-0.224467180443987,-0.270305725108549,-0.0277263541327177,-0.0508549652377703,0.01356388150062,0.160400783822504,-0.0138283124637264,-0.0490589760726464,0.108329075302148,-0.119603812142634,0.827474057077786,0.32775550619784,-0.398510491739565,-0.052282131352486,0.289969525199562,0.0916048467167059,0.127982415868431,-0.197728444318805,-0.319954579555629,-0.498164236279811,-0.282020689066809,0.320428069723793,0.0548472518731629,-0.0990497913269151,-0.175472212184002,-0.317079897834965,-0.540421715625775,0.10452261756704,-0.297202972663063,-0.0772796314469726,-0.428536364047466,-0.411682606945443,-0.292324110023571,-0.159525463012931,-0.232926888783371,0.0613478484584182,0.460474201280819,0.291286687430849,0.131290356321615,-0.226267769188245,0.0819711991809482,0.0105742269147004,-0.615517214337654,-0.415168660324384,-0.249371416888055,-0.135136196807375,-0.0280161267801032,0.317405764106455,-0.196208611085058,0.204086322202078,-0.0024303238005309,0.064711308023769,-0.0169151373335785,-0.0714043663605104,0.244453155410284,0.315543789858195,0.151886375657214,-0.0450951825789829,-0.188890291245274,0.0742866409357901,0.298982920714718,0.291153101978971,0.100698615906772,0.0971019758427102,-0.1371487655136,-0.0644090512597489,0.185464374111255,-0.282544449243207,0.0600998740813386,0.0662770974785553,0.262989623754246,0.105531395937917,-0.286403301799398,0.0282169955201841,-0.144823346554415,-0.281540403023449,-0.219697638157756,-0.362093961952278,-0.423382613123772,-0.0764591412788964,0.147712891639093,0.151917066822511,0.202629955622759,0.30620662782213,0.292005433510228,0.241686707009176,0.0289233255372387,-0.261140513599966,-0.125159062955734,-0.375142621076484,-0.25464971815389,0.241193532521053,-0.198737937294715,-0.0220770336293653,-0.115158966883296,0.497942696459494,0.229252263667381,0.274227885028358,0.146679284437669,0.274635499010432,-0.129941721049043,0.478412152410358,0.229544781837169,0.234995639814556,-0.201151743903308,0.264968490458926,-0.223803643236992,-0.153363877959326,0.00471131727469185,0.277363870430642,0.315472166968872,0.498567159027364,0.481532317805496,0.299913093377152,-0.189143992448222,-0.0625427969903267,0.193684279161864,-0.184559455351777,-0.505160040946284,-0.571697826719125,0.0845420679122309,-0.103659097413709,-0.135266899064025,0.122628119864414,-0.0053421345012564,-0.164118351051395,-0.179618964974298,0.159363200866303,-0.403368256889468,-0.330550143440334,0.0278324158301138,0.233167311886729,0.293066323329125,-0.192104936882762,-0.0617341025178552,0.158841490498139,0.0994193874428357,-0.309113441089506,-0.253318440296446,-0.294732928109879,-0.302281756388695,-0.040016490563714,0.0352460365392649,0.14251168110108,-0.0450324501692502,0.16664823551492,-0.0607902706994118,-0.235598183203288,0.137828760207097,0.367776745263944,-0.208720045269114,0.409439110938743,0.194700888071347,-0.0775298858937127,0.193947436780337,-0.129918322325961,-0.12855168053976,0.18859235936392,0.077893321598411,0.345933295841782,0.285831216719052,0.376116558267393,-0.184346867175054,-0.0146588081239412,0.136219200942533,0.114171142295983,0.246536920542851,0.0526187692384959,0.0755268096045559,-0.317051834580778,0.181101851879342,0.267440725434553,0.263259518338087,0.122815295854322,0.0209560410889496,0.0839162709795783,0.108855219574717,0.17387038918687,-0.381587729382857,-0.0903716776333852,-0.250913963350546,-0.121641030312127,0.114207493417371,-0.264959332115499,0.0733703233122062,0.172768629723961,0.127587592583218,-0.115615708601971,-0.354510587071105,-0.446835714233109,-0.24402890086712,0.157689899828482,0.215028623062762,-0.101449466386396,-0.0269615853380905,0.0527923649410532,0.0597848680249803,0.237452329986424,-0.117427475294692,-0.421032477789069,-0.268592707514018,-0.316897467410708,-0.170090446834174,0.283216179207262,-0.0918494153503244,0.0746990431163238,0.0323392147926575,-0.286442761412364,0.0458003336680833,-0.0511648189948591,-0.223047921078816,-0.0707242153475675,0.453181528134743,0.0111782053126373,-0.115138812741892,0.341970070454168,0.402380993701556,-0.1255220617746,-0.0570819005783554,-0.205477548258871,0.0597930701095958,0.157717299974665,0.260932040436055,0.13983923925929,0.475234572946167,-0.0336472555370749,-0.156370002262075,-0.184116155182422,-0.173986434397146,-0.0328294828400311,0.130039521622255,0.660010539807073,0.588233056259672,0.417261955014636,-0.169428160079735,0.624676895248058,0.413787188921141,0.0804754539548609,0.465447599957637,-0.149826764452134,-0.171438992941238,-0.271561113280287,0.13715678667949,-0.168968058183838,0.0561309122406098,0.0309840358901927,0.143062617310213
0.0294555187356761,-0.011296640642539,0.0253866706665046,0.0541641647191721,-0.0256613280655316,-0.0597245376366669,-0.0696281053381692,-0.151232447211385,0.139633935046855,0.00952756624721176,-0.013884589063243,-0.0902280382503445,0.00847003178348344,-0.0627223157362163,0.125689785103298,0.239360398766328,-0.142775797729101,0.0420221064304445,-0.00179650770772992,0.181533997821208,-0.104815674163122,-0.148200186002777,-0.0203420937565773,0.123621717026388,0.0386879807917133,-0.0104522323406442,0.0517311129967489,0.238674947161224,0.0280017506954825,0.0225723269400521,0.104227722724548,0.240265169097782,-0.0214979925087455,0.148471191935092,0.0382503767195225,0.0487166122180822,0.0845805392541997,0.316221268309511,0.104922135270551,0.0724971250999507,-0.0497804696897584,-0.0185877670213137,0.0708396272420043,0.0991716599313573,0.121872339250725,-0.154042831461272,0.165308976101859,0.0933338749363892,0.229365548803322,-0.0751163960216423,0.04599766702844,-0.0976613462341904,0.0024095556668413,0.0493720403554269,0.265366324104951,0.0392082614676963,0.0299470255303548,0.00800531777353437,0.143301397337713,0.129852090582941,0.35429539546883,-0.0255867814544162,-0.0832343278379397,0.188051425221533,-0.0604167726530816,0.176507285801078,0.0754526888740213,0.0890162220352887,0.0728872012200022,-0.00600990459601369,-0.143819127618734,0.109928175167535,0.0834260201389791,0.0180012041044994,0.0778608989619472,0.0143149898920071,-0.07338870425408,0.0441431400062257,0.101382907652855,0.037393079764386,-0.0534319616419456,-0.00796216826338538,0.106653231178652,-0.0104812971174917,0.0209398378028052,0.110547011872302,0.036969357871301,-0.0593929511181352,-0.0724143462215863,0.00786670740407455,0.188089564918504,-0.00741783296492111,0.0897981481789819,-0.12245993140041,-0.0304984826742445,0.147498345678481,-0.0360857414223356,-0.144738278859642,-0.092372167565623,0.0397526415018905,-0.00499653549056483,0.186309368035293,-0.0685828352141854,-0.0502549215452521,-0.0800829866893599,-0.0100801443072951,0.156992124519271,0.0807674391461,0.0471982101344772,-0.0481490757069699,0.121946720850074,-0.0468810925670732,0.0203768985979086,0.030004836745238,0.0342056863704241,-0.0396751030875655,-0.132721550286293,0.0414422046503436,-0.0812418999434174,-0.136526171963344,-0.0860160977152382,-0.109609057645917,0.0693275004448919,0.215426541447477,0.131319377989658,-0.204237825090725,-0.0721265137241245,-0.0781827914533357,0.0120527603184081,-0.0203336092796098,0.113450306191217,-0.0428705633734379,-0.0465793477550403,0.00947112844604267,-0.0457033966682592,-0.0937291666910232,-0.0444483644657463,-0.019799471168548,-0.000860263713214612,-0.0840899305639835,-0.0284723521480876,0.100481713064324,0.0639122495974484,0.0891880644460747,-0.15377374146187,0.0346965187710589,0.0434428770906337,0.0493531384317008,0.0177320275385583,-0.0756850389368481,-0.0115159421998618,0.161758774242664,-0.0319258625408356,0.012122651098729,-0.0857897682898721,-0.148571256750544,-0.145400661506326,-0.18660683612159,-0.107290791166981,-0.126454239720211,0.0212509911116568,0.0932997400601344,-0.0187861115724209,0.152173736597333,0.202955096176985,0.213971277501923,0.137029446723802,-0.0166502235562938,0.0461013982015394,-0.0395436741815152,-0.335114273561793,-0.00398813511331068,-0.168656635604992,0.0022791666888673,-0.0732953490187309,0.0671542313108686,0.107693545518006,-0.0809829041185401,-0.000567328791129909,0.129793394813787,0.0333468848104503,-0.134293843108439,0.159429522540301,0.0175812100756826,0.0250007867177904,0.0896520941706856,-0.130848971186855,0.00843406964012421,-0.0131746463535897,0.0923825536937224,-0.0676728134286724,-0.208675280764129,-0.061223435277361,-0.00397027576956274,-0.0285585040527701,0.103360737555404,-0.0908110065008883,-0.0527476554125206,-0.0791698409246396,-0.0601817647748036,0.0728924291211088,-0.133821708400979,0.0913922652225911,-0.0259478108838453,-0.145155540392131,-0.000687996759237242,-0.134290731682558,-0.0856447498055005,-0.0421303151212951,-0.126890241657867,-0.0226845580994609,0.118385406599408,0.321329857087494,-0.132641595649909,-0.00978204790221664,-0.0301947772595687,-0.0765073005903164,-0.207599660735991,0.106990099996295,-0.180146325216749,0.0135304301468791,-0.0706129914268732,-0.0372705336572257,-0.0121365732661255,0.129221296560042,0.0418269761104321,-0.0598951049005982,0.0156425771235042,0.208460781551227,-0.0551846537136382,0.0291639823701761,-0.0302477261489118,0.00478714632735451,0.0203780353540148,0.00602973966428941,-0.00349829480444624,0.113499014087235,0.0496133688134641,0.0778865293213639,0.0344518126369277,0.0517598020104948,0.051666506061827,0.186751122035178,-0.0236295479114762,-0.06243217253465,-0.0974677401397981,-0.130308106342709,0.0168148618595174,-0.0879864096996567,0.0575685479046644,-0.0783259167529417,0.0376845708909128,-0.138687860568282,-0.0417255254754952,0.0518207258643758,0.0240424851272541,0.168148892374657,-0.00459113157406578,0.0670872593022029,-0.0236003493571867,-0.0196893353921484,0.0763514919059591,-0.128675524453347,-0.0166959628791902,-0.245712709473759,0.129072182567005,0.0813818275440122,-0.123653164268311,0.0618133903894651,-0.05390299585963,0.137323906615664,0.178841765517375,0.0941701661424549,0.0466216913030115,0.0521953360182897,-0.0167719786793466,0.214536304834178,0.0164766816680018,-0.223071413862544,-0.0844806008534977,0.166885346377117,-0.0752580901101246,0.0124636823167499,-0.162414573686321,0.246444711401131,0.101390916958071,0.042625151811683,-0.0401216225118748,0.197398983035573,0.125924307589264,0.0688514931713488,0.0430578637585133,-0.103149923853618,-0.0615283507117109,0.150658323042228,0.0828101818476518,-0.0107081711072223,-0.00718906504140229,-0.0557816430784491,0.0692183645165855,0.0726721383474023,-0.0154927259097269,0.072255894377564,-0.206009073370355,0.0763869355981894,0.0997993576711938,-0.0238491820443443,-0.148046267530575,-0.0237619640308471,-0.0276246688446683,0.144985593337039,0.0813243541396256,0.183227882367568,0.0733962327856411,-0.105491280714688,-0.0644612687994455,-0.048915233399571,0.113467280452608,-0.0518213608131429,0.0315489052553831,0.0801462583597056,-0.0920426654803941,0.0548599529594915,-0.297045249060904,-0.0591495926514986,0.0415811211414838,0.0652254413044055,-0.0124697248985874,-0.00477161105937996,-0.0856007575875349,-0.0337660912610132,-0.0442539525089659,-0.0505852019871988,0.0853042261940745,0.101276982831806,0.0619717096321107,0.010640287938583,0.0281871832421418,0.0543951514820041,-0.144044179325211,0.0171125514955107,-0.121606943637053,-0.112427516602527,-0.108256133626196,0.211325519509763,-0.155071050364195,-0.00699325179125516,-0.122132955484642,0.130653976052089,0.109597076632626,-0.0447240855775409,0.167733862120951,-0.0262976634081267,0.0339150845176655,-0.00581442812515252,-0.263062700394592,0.0584859164894213,-0.0472097757536551,-0.16492546178298,0.0727734978390306,-0.0394404569390805,0.0409300928122145,0.111565011270071,0.107155595758048,0.0145776105719951,0.115965890432474,0.0800689879908196,0.138132756103395,-0.0999378147978412,-0.200965956740212,-0.000121374627607181,0.134013201132139,-0.0680284128859369,-0.0442077327642367,-0.0452513639665115,-0.0175998293575912,-0.0975591688450249,0.0870745696291404,-0.224628238216676,0.0278789436036316,-0.198525568634482,0.110004901951463,0.205606520254948,0.0886777212320729,-0.103006847230974,0.0132254837102721,-0.153064387437269,0.147241652551547,0.156085671848049,-0.0169133008222108,0.00425687743763438,0.0955413897613579,-0.150808787205266,0.110590796182433,-0.0600696452560092,-0.142851505665554,0.110812842120128,0.0939091729039695,-0.0030574534161312,-0.194317198051346,0.229468000000318,0.0507306557808672,-0.0704726176530254,0.0578358705801475,-0.0486444159409245,-0.158835350315449,-0.0672543327639489,-0.0410765198342994,0.077520826529008,0.0591902124130921,0.0573352014429993,0.106377948512049,0.146667748336613,-0.0807976381352091,0.0695275208160006,0.166697108556846,-0.10095364196316,0.025000993935135,-0.0530898065022205,0.220240724967483,0.107548859450029,-0.126146633607727,-0.134947909197026,-0.0420551301786744,0.0926311539099845,0.0815232156062918,0.0986908142445859,0.00594694540463549,0.0621371801606084,0.0160126678763446,-0.151492457458301,-0.197479713881029,-0.111427898549402,-0.15519648513746,0.134593822773777,0.0453732366218309,0.0924296804355446,-0.0509595865832875,-0.0197499119078888,0.160344140329203,0.0165190418411315,0.039348937700502,0.013664744908147,-0.0331743400376121,0.0216615659885179,-0.137174227941866,0.0377346445601239,0.131443481318934,0.123896368366343,0.0180342052703119,0.215036093003646,-0.0226961199150917,0.138113273427372,0.0954582546639833,0.00790743087341421,-0.088767497172563,0.063233051183975,-0.078085218928114,-0.0350395211626685,0.0416901618879063,0.210690925520733,-0.00755842761077823,0.223750521188744,-0.148281405160956,0.101113492211512,-0.0884404485986333,-0.101674689979844,0.0608467821993468,-0.10881726349293,-0.0494092419931045,0.0465029122322014,-0.0647044105447866,0.15073902908172,-0.0192843988707194,0.0801096209863434,-0.143293470039458,0.0934440172404422,-0.12596932780463,-0.0533471698204459,0.0326565842359064,-0.0304987267202201,-0.0477371864234439,0.15176574600501,0.149040071942723,-0.0801345202699206,0.102048215115679,0.0597364497805785,0.0234475825133655,-0.180270442397642,-0.0263745162553651,-0.093477232659559,0.00299207035097342,0.1186425842882,0.126751850815075,-0.159310327728235,-0.168852354022674,-0.0734129692779436,-0.0215935160629106,0.145800383709956,-0.0783616795359577,-0.0406526603190223,0.0463256376975546,0.140799462320862,0.0763350448434231,0.0720253116162038,0.00819256964482943,-0.0118150279261095,-0.00264722930791835,0.13482138193517,0.00579141209905341,-0.00338824245181646,0.177449829410106,0.0603871939604927,0.15024787347734,0.0680496014092153,-0.0762766032409859,0.0268341293329598,-0.0311737281872076,0.0436582839992634,0.0145009607964043,-0.0737255381135044,0.221690519889149,0.0269942235107613,0.0400797256244764,-0.0106940046829008,-0.016217003977538,-0.0437829760113461,0.116306043048942,0.115904368372282,0.0756569603667191,-0.133525772802718,-0.124176818860833,0.0353965618648149,0.031428559864343,0.183306969200035,0.100255411889304,0.161990525388617,0.0542433168700815,0.103719430919586,-0.0326384780866402,-0.0397458741133598,-0.123176961396446,-0.0885117155100389,-0.0612299497180291,0.18157404403038,0.0385447320826095,-0.164132335313979,0.196570476551795,-0.217640327032456,0.308889702392387,-0.0375333889656418,-0.0200805414148529,0.21695265354012,0.0309514442942428,0.156173087804577,-0.0505028104980732,-0.00331757429730626,0.0326855730168586,-0.116883353977575,-0.0554732241266594,-0.196255701394577,-0.141163237699204,0.0412355126321014,0.106548431834523,0.230134044220961,0.110783336716802,0.0185654851529353,-0.0148558078610228,-0.145818482292849,0.0888316710176528,-0.055623801452452,-0.00344613506545807,0.0771840785887565,0.0178514823031155,0.0845832335042286,-0.0777057029634932,-0.116129872441049,-0.131401343845181,0.185962211514755,-0.0394498790437571,0.0356620467486986,0.0492586998022375,-0.241319240246094,-0.0494513172621188,-0.00681062123258046,0.0568200197239785,-0.183497648923702,-0.0408378570387462,0.0642916350854825,0.0591788520122463,0.146330184041535,-0.0625956003184462,0.0037566982189954,0.0983627623252889,-0.046597188182162,0.0230244929299011,-0.0718067200565521,0.020389038060601,0.123857232927255,0.0180495533391207,0.110069933260304,-0.0838947958280265,0.18000196539941,0.0773926028007604,-0.0579827817607769,-0.023059298418834,-0.128135111780502,-0.0845387490864585,-0.0657358805512509,-0.0123743808883122,0.0768550079598472,-0.0622159622772995,-0.0820175918719625,-0.104354493487303,0.0144472898880884,-0.0305130360503413,-0.0594345668560426,-0.194019458770292,-0.0104195833758733,-0.126792385386992,0.166956732093761,0.267566990619712,-0.102963988758247,0.0189576273847058,-0.226888042966628,0.0165854750948409,0.140503784930649,0.172239495376301,0.0181597282479037,0.0308453094293286,0.112916484834056,-0.0784616183579465,-0.0739437319915736,0.0448778894012207,0.0527848532486715,0.0129988290526105,0.0599974712108756,0.0812383112101081,-0.0695656369197702,0.0187048772824741,0.0630816350521774,0.00921927622492334,0.0855938288574982,0.187874273714119,-0.137313660525171,-0.011208481106813,-0.167886265030051,-0.145955389041675,0.108995879849802,0.166286904344528,-0.00618426554177527,0.0251785421956867,-0.279738746305098,-0.0849181683832818,-0.0822336331363298,0.0186595656975301,-0.233723338803477,-0.0996349375750806,0.214916082082949,-0.0252223705896769,0.106239328673121,0.0459154376072527,0.03601597103164,-0.0698713500285418,0.0854188085599174,0.108788969448578,0.125076504258352,-0.052930093660818,-0.172383917821797,-0.0375968585147104,-0.218705837596971,0.052647023096092,0.0927628410194278,0.0884559305187369,-0.00744993056284958,0.0868695429511825,0.144589346398568,0.0715118655902935,0.175707063905903,-0.301566714118608,-0.04250786748054,-0.0164638547532473,-0.0526924663499178,0.118529785579192,-0.0125435572227572,-0.0100813397199813,0.025362614303621,-0.0109509445273692,-0.0198036986161738,0.102286434683421,0.0513065235795696,-0.224297522324933,-0.021941343116016,-0.0779566554459563,0.0080592414226277,0.051949449837557,0.0784722256190203,-0.0135222377221512,0.0694574695153629,0.156802927283702,-0.0402219216624724,0.00810229085519663,-0.0494274309684417,-0.00838336740362258,0.0992297557503797,0.00775686993961772,-0.0117289170754717,-0.0233453882661279,0.0204913777950814,-0.0840937657995034,0.220529558821122,0.0982042070146361,-0.0574338795500294,-0.0688341969768401,0.00999666647251138,-0.0360433728444359,0.165712002623217,0.0426408394024981,0.0928844171125419,0.0552299029818619,0.368942512803348,0.00752567860711281,-0.0641818452466748,0.0469371024242096,-0.0449665990705105,-0.0161197639348194,-0.0285796214456379,0.0197555322931017,0.124816856383417,-0.165417083149174,0.185884621550563,0.0504072919475875,0.00463062070352393,-0.129001264963419,-0.117104540660423,0.125415853108148,-0.193017541161365,-0.153096577244012,0.126412581912627,0.016927351087488,0.0669526034883262,0.0404472547014459,-0.0288514800630177,-0.117277275559209,-0.063817013486407,-0.154190615550525,0.0413720827764984,0.0254773840514396,0.139202730919182,0.147466733501472,0.0106712005878088,-0.0823559365140852,-0.0147026764957839,-0.22480904185592,-0.0164805915881957,0.0701425091302014,-0.117970338588814,-0.187401260293342,0.0332766053237539,-0.0907168206971288,0.0896512558051523,-0.0944988058757606,0.159473474239837,0.0815519588139895,0.115130074894466,0.000582462064890394,-0.197739981573903,0.0520790330130213
-0.269684341599773,0.0701536907280588,-0.0789681701328495,0.29495863962015,-0.137343183273312,-0.00684033872100202,-0.0744571870210864,-0.139202152379247,0.302291050009308,-0.0966230274080171,-0.25420958156539,-0.209284059494241,0.0552297144694297,0.0603017455506857,0.211925466175817,0.200836066151968,0.00743506679352626,0.0105804724347423,0.409960299331903,-0.178073054758894,0.0313409044348414,-0.190395634715325,-0.00560790067854877,0.0401914472581116,0.0638298801065042,0.242624173357768,0.232385467118888,0.354843821731508,0.491525596923321,0.223851886571554,0.380632452869613,-0.355185139178217,-0.310555418449404,-0.0492011548116162,-0.114709861249603,0.170501247183628,0.421088881964707,0.35968337199712,0.262761407068396,0.326244689066802,0.0477739415240903,0.0685572494509464,-0.238131058638221,0.05915641201799,0.156407611445653,0.175934617099881,0.356520080988139,0.0635805879407071,-0.17112335912603,-0.130700500207354,0.117118486789451,0.0495841808158801,-0.0264777453973178,-0.296235681055264,0.130047919245115,0.467641766159531,0.27237381145709,0.288838337002221,0.153763099125316,0.195760029848681,0.465002235847051,0.0290962611525647,-0.0549377762173479,0.114996936236442,0.0473711424470864,0.32539918439193,-0.218816949170282,0.0306728093946069,-0.00426240232627044,-0.137606709247815,-0.0581946079030214,-0.285794027870996,0.347713167091562,-0.0331086496168065,-0.113878513395606,0.114035427106623,-0.0463310986990485,-0.136235137918529,-0.0382075353382961,0.172666837081535,0.00284252272230755,0.243900005745185,0.227917822113674,0.170218089848248,-0.0678269395739267,-0.131067857374434,-0.21460638700496,-0.358305463977497,-0.108992622112782,0.0460280300409652,0.606767997274639,0.305537776227775,0.0158290626605357,-0.446946593053915,-0.0828325321113758,-0.330403083484753,0.119904793382047,-0.230953916558252,-0.0842321836612047,0.221257542858389,-0.0584516784730703,-0.109018562227885,-0.167583195067883,-0.139449786510067,-0.0336797124713691,0.208474579238383,0.269764804553573,0.364584229067419,0.0717449564270007,0.217072681264259,-0.198236152101386,-0.102975723279431,-0.0871963361707956,-0.0406392066221515,-0.0213509290641845,-0.277312656591651,-0.0781794679352575,-0.032810601702713,-0.235751490002253,-0.11198791116535,-0.170029921723695,0.0411707257613173,0.152470390292483,0.0441618096255327,-0.0245308567445499,-0.207402797281301,-0.0248785027155495,-0.202944790393518,-0.164337040608607,0.0779652394519153,0.199526618306368,-0.0864321846490399,-0.0857642596791857,-0.259577972527648,-0.0226989919475043,-0.0163805044186659,-0.146319511853513,-0.0306143959197032,0.0771513113637254,0.205267887169709,0.429235987723398,0.568360530222514,0.493721824959359,0.147360127840416,-0.00704264719521414,0.103639201113123,0.299872785092527,0.0658077293163769,0.207265390430398,0.251969176193012,0.129657072399837,0.05267126906159,-0.182690478699843,0.0542510362539507,-0.197580672128973,-0.123810588553409,0.0177109815291742,0.0437335145013734,0.174911290695792,0.230372305684161,0.136874260932358,0.220876591417782,0.27254814062807,-0.0721308860631244,-0.0354057186850411,0.0463812964117762,-0.0527920595201501,0.219917397784917,-0.0101540986841323,-0.286550759042819,-0.0203739181477922,-0.323186863002787,-0.254154661024595,-0.165803078044478,-0.317854702689243,-0.0136923462561646,0.00701710495390322,0.00586916107480289,-0.0577430615792034,0.180377032138251,0.0284252111371653,-0.202262483989648,-0.0928122380132956,0.0592702152733386,0.177536903663325,0.0149151275424775,-0.0883667560020387,-0.058850241243966,-0.362462879349108,-0.222009712777143,-0.190746652358818,-0.111867306929141,-0.0229573921825954,-0.398891720955889,-0.221361822509117,0.239680364240873,0.071381138257534,-0.0464980010947545,0.0232213863984164,0.0870393125316054,0.0289522736940449,0.012981560633176,0.224565286520482,0.295715461574523,-0.138712180064094,-0.11843496372304,-0.208987531190251,-0.389638917091118,0.013754825637397,-0.0195766670405469,-0.232833372471726,0.193825941828796,0.460496100593249,0.438083668611738,-0.0154319894896074,0.256950581372546,0.0699140760830343,0.142497211496943,-0.127849355266787,0.00507102925421805,0.115854853974583,0.121397210806694,0.0942341011475662,0.510615195133718,0.327573520206273,0.124877651501423,0.0749302627471687,0.109809138005675,0.127643116188003,0.101640891923142,-0.220685653085514,-0.12714500414191,0.0807518433043997,-0.409888717887421,-0.268786755952612,0.0560119152139538,0.24024543164365,0.279610478704229,0.306744221896437,0.207238634339003,0.172302496965367,0.05641803747729,0.0820688176869022,-0.112976415444742,-0.151308636620346,0.0327362041904993,-0.366297169747484,0.0210698901128734,0.167757947440167,-0.0420319781946223,0.0151331276378546,-0.291999082855707,-0.0633099958717913,0.00738905527012125,0.0265082734883632,-0.0352498360008713,0.0399286867996309,0.231525267654091,0.183104796053931,0.174280486200561,-0.247150513022238,-0.0675906356182907,-0.235553999669287,-0.123879668607673,0.102190990932158,-0.0123001702654846,-0.227654530625842,-0.156823093393596,0.243163093378954,0.173291664887604,0.352140591682798,0.417253922630144,0.0103270428242451,0.521842145697282,-0.106992710119625,0.0520594288252566,-0.110515884184464,-0.355800741924528,-0.194880272707429,-0.336374589533252,-0.184251121555986,-0.0937473311342531,-0.152540755234898,0.139345674326752,0.176882018519831,0.0444014422269925,-0.382652507945535,0.114242500037659,0.0486709844190547,0.0713401542727875,0.183443264773372,-0.203403882556143,-0.203680218253591,-0.174585018788427,-0.185423008998054,-0.0260417444714388,0.40070465172987,0.106479871707312,0.182827178150887,0.0308086144057144,0.029427279611047,-0.0843571916798505,0.102877118374899,0.261852302213065,0.1442631668111,0.433635375380707,0.179572859125254,0.193916988679123,-0.0650109113733834,0.355560663688761,0.0308967340855345,0.0270604957020466,-0.0802563457300153,-0.0853296063532395,0.196365476712183,0.199746135384499,0.248957623568144,0.118168536332333,0.0706547778836723,-0.0992595209819908,0.105461015970563,-0.138486538032291,-0.107726857846142,-0.369616561206688,-0.164141439792038,0.0111102069584829,-0.196700960349865,-0.106542735301185,-0.111102249865063,0.0356907651751599,-0.128518245175976,-0.0662014195140769,-0.162409814279848,0.206298826969655,-0.0252596060590746,0.225810951813434,0.178807009659271,0.294299932193863,0.0478125462255926,-0.136600689262644,-0.344174855406109,-0.0554094143979216,-0.115564036848529,0.108228227805177,-0.0153380032373051,-0.117148496045354,-0.0609843985448156,0.111361231367659,0.205705872609309,-0.0959446369242542,-0.0446196876447973,0.1783714479763,0.0835488949069373,-0.212277657846366,-0.272652864186303,-0.470450688756483,-0.29052088589201,0.0608928492405289,-0.239595927256638,-0.0254587964073772,-0.240707778678013,0.0088412444608801,0.170819642950394,0.327755401195905,-0.122682502125523,0.376862497533304,0.264132433820099,0.314432718302704,-0.0538834183410914,-0.209940554011929,-0.130564749080187,0.438104797892669,0.118383313503017,-0.239879381166768,0.0460885742654631,0.00709647591753084,0.1098116461136,-0.343511277430197,-0.155234643968776,0.073288758349748,0.0311131504830022,0.176779154971425,0.232754725258021,0.378016497582096,0.314363725598776,0.0187623603275206,-0.0190879840775099,0.0860777574386432,0.0271689286590743,0.169160442944406,0.177800887669988,0.189548087040252,0.134654244208233,0.307680478432366,-0.0154077328050382,0.301972503838095,0.401384543636286,-0.0253646225234959,0.308464138733759,-0.0871364030588891,0.14416915261991,0.285187340613104,-0.128789797155228,0.050401249710249,0.125284319279036,0.143702802333969,-0.254284398519498,-0.111612470001894,0.0318563028966182,0.207557008630878,0.302696149688524,0.298630759307011,-0.0399079609920952,-0.0509683272461309,0.149840688421119,0.148652586990057,0.0049651248130583,0.1310778452578,0.160665807284151,-0.342118886715765,-0.235155214962884,-0.0344249482823115,-0.22068925200045,0.0132357835660282,0.23858593678102,-0.152728489581673,-0.0582479797106189,-0.136079009843227,-0.275428128504456,-0.0963908212042028,-0.145417983530806,0.134831162103939,-0.0696452952601346,-0.00497838311831572,0.102733451972264,-0.240843173020238,0.244960967085481,-0.069328603400429,0.109105501766027,0.331919051934189,0.249161998967369,0.294321679326636,0.223096734446206,0.019021243098557,-0.0712094099507995,-0.372309692658503,-0.0282526764046814,0.114988100247472,-0.0846074214878487,-0.277181900236701,0.27079342078485,0.0840441286733483,0.0710959434060755,0.0656612158364653,-0.0292686661294378,-0.15694953603298,-0.245029264179924,-0.133042562079241,-0.0527791073475903,0.174211974802735,0.176123032426277,-0.0690746046574556,-0.016374203098094,0.0342447968848708,-0.250802163694423,-0.41169424380765,0.00485862654572065,0.0480519166245341,0.145817274309177,0.163767318186573,0.164890901144888,0.0398307803398076,0.0877104672582519,0.0417178925563523,-0.230566976898907,0.0644630786296594,-0.144255023377649,-0.185081390958081,-0.0923995982128845,-0.156337944546853,0.292303288980212,0.0299876425302247,0.0299578061323491,0.067942197067561,0.20809913688534,0.512236867169017,-0.421780346173741,-0.23159579067045,0.0209162940171425,0.00882351255527512,-0.202765641765818,-0.146550503209409,-0.137279884961483,-0.21001008385828,-0.208239406469074,-0.306975747252674,-0.210584906876698,-0.104956870910413,0.0358238439687742,-0.0139199995216518,-0.147246909248212,-0.344307637762159,0.104851573535654,-0.00281421949135019,-0.193336169236896,-0.0330634325595479,0.229736944684129,-0.172234573244746,0.0343747390901991,0.234389242037978,0.165308482687855,0.0238865769947141,0.273734435521119,-0.0983183224256722,0.0725507772541656,-0.0277081443688334,-0.195033551293973,0.0968364658241209,-0.112129463220584,-0.0572528034952439,-0.198953412243607,0.0303266581205378,0.218668159471373,0.18095846713016,0.055105989109394,0.027144109711332,-0.281049389744511,0.0850412916083006,-0.31136282247753,-0.077315025445588,-0.0506749333968168,-0.351985111029326,-0.115065240328995,0.0144334773690329,0.0887308935000041,-0.384758578954918,-0.130906109598866,-0.0763347256773019,0.24404172230253,0.183854906847125,0.373582883720091,-0.143735103609567,-0.192944326516781,-0.171187176712198,0.150757715620517,-0.0117650613329117,0.25956619677508,0.435693553294821,-0.162205444283549,0.130123008739549,0.178877688799966,0.217854744156719,0.222688520717553,0.258518990759132,0.199182467963177,-0.0381179705030353,-0.162741550644974,-0.345427428277518,-0.340514914553051,-0.011750678044764,0.0999953605511319,0.128596334863503,0.046553042768275,0.548722412722594,0.444412536304698,0.359218664371748,-0.0384455662546462,-0.0696745881758912,-0.346460355264059,0.124827438144366,0.0989404192972403,0.224653408830507,-0.232156933246699,0.0574334957911422,0.142953886371457,-0.425187389904489,-0.393610745066881,-0.12064223698901,0.00693406525695493,0.4104760600819,0.0907946260782721,-0.322681249016628,-0.176260031672477,-0.137604958702999,-0.23251014145267,-0.0861631913716942,-0.30907918740805,-0.161888240681485,0.165964245788495,0.0698350654747563,-0.206109930159653,-0.125270161783586,-0.0574644244946269,0.226354404415748,-0.038678138020842,0.0258330337171478,0.175038761596663,0.198718392127954,0.221811394345117,0.460191095008623,-0.0602577746374602,-0.100483694653499,-0.169497552286952,-0.118859005753518,-0.225531130830668,-0.156425075102707,-0.0638035649209587,0.114501069893029,-0.0408529987682527,0.0569399322083751,0.247087105573476,0.250730340495008,-0.193152942177482,0.0415101120445115,0.0449128237262483,0.176981978339643,-0.10406034145152,-0.266698157436479,-0.112267929598851,-0.134022890564197,-0.0539875982172619,-0.00888454247373417,-0.140946847842868,-0.242706486199493,-0.279106888006371,0.10832787864804,-0.135686679212426,0.0306065743671198,0.142791408206255,0.0528380783834289,-0.24584914174755,-0.29036721129572,-0.334791820858283,-0.292048594813271,-0.00365404283477838,-0.0641780715187144,0.0755947833103453,-0.191864739828812,-0.035211292630952,0.418801094689607,0.354634888442788,-0.00369892689494306,0.157530229141702,0.0457034325357706,-0.165979021308127,0.208528035856249,-0.138227776254371,-0.068958067211814,-0.0689587618853787,0.358595501637973,0.509481073536028,-0.0149711553098669,0.252332904030519,-0.336579448302945,0.117227091807524,0.0964697080391578,-0.1886586010242,-0.115984448205228,0.0664421905150925,-0.00702966306853905,0.0474338353826247,0.450211714612538,0.134528230524359,-0.0179289957349615,-0.144099503163868,0.104219415227876,-0.144101343101945,-0.0356218985010229,0.101160410545063,-0.242231428653601,-0.235719190771269,0.0881168117382213,-0.332501917596695,-0.246049897621031,0.0832058065575729,-0.158557662469957,-0.101982824800343,-0.0529711154621076,-0.0501563090118571,-0.137532375175838,-0.484513865333966,-0.289528281446455,-0.355581313117272,0.0711408936389696,0.06799606813619,0.149100172452365,0.0206954750704564,-0.0669445212619662,0.0968413130738372,-0.0038478987812507,0.0510693679195355,0.0393608658064377,-0.0737361040036228,-0.145524969239094,-0.0445572790411391,0.257876421951381,0.0139011722017381,-0.244310313893074,-0.256107747532987,0.283397698572651,0.1431825671594,0.392510612641278,-0.104312346034163,-0.364004362121488,0.0420997657184314,-0.113204031262624,-0.0988898596360866,-0.104977528496127,0.166328790193475,0.336771884245083,0.385345327023918,0.000880502795032378,-0.0543683460418679,-0.217485215379361,0.100311015121279,0.193591669824625,-0.212360090494302,-0.0250603787054644,-0.390984930959141,0.163058000848502,0.409445538890132,0.215256604530074,0.0321703998723506,-0.00407453121692482,-0.31299247200787,-0.0186974284557919,0.0753959275106966,-0.14304623463429,0.234480795736272,-0.0477286804278098,0.217872255452974,0.114417555124445,0.179864710601118,-0.26125826103677,-0.117683810635118,-0.00982293159968625,-0.333249102512519,-0.0167798203957575,-0.112310432024098,-0.301400742483269,0.113924613001955,-0.254373888772582,-0.125385289746977,-0.100221355707438,0.0531535877650909,-0.17094130778158,-0.174901234387648,0.19705384810584,0.177904482784563,0.0114870179485499,0.114176334852199,0.0157250967256351,-0.322019362502247,-0.261405518192318,-0.343437427940873,-0.0538954377831414,-0.357387786564405,-0.337869093391757,-0.249892226803288,-0.355416449972921,0.194170979762818,0.0786741462541264,0.100070755303188,-0.0633925435048596,-0.225904036837851,-0.171805434627278,-0.102734457989792,-0.114020120806057
-0.218668074366847,-0.165341017228517,-0.0676075622053376,0.045097019443229,-0.0684569450161166,-0.112091495791038,-0.302264000846417,-0.240469808269434,0.311391962094351,-0.0383016251204634,-0.217738743760262,-0.128345423532794,0.329813461040598,0.188855296183396,0.222311312148217,0.535405879986675,-0.197250669500526,-0.0012617755225654,0.1833232375204,0.0417315996806816,-0.0529164812750705,-0.285081101860013,0.111913955882804,0.1889938704061,-0.0326325814017569,0.16768457174106,0.108790158482535,0.446182310465159,0.578758977076248,0.184474277451643,0.183413315639709,-0.107873552753373,-0.287483632608964,0.0896795981983742,0.0471245523432085,0.35631163856591,0.472895041412516,0.212162511633192,0.289340331657641,0.384250115942456,0.105449016291988,0.142980322339163,-0.28665247900026,-0.02057721069321,0.182249971781406,0.199920515780258,0.370843881766608,0.225045609489942,0.0533235493286605,-0.0896069739057083,0.0903944664930658,-0.198699614484313,0.133401843781755,-0.198167182565724,0.223702431860906,0.140542678842324,0.312409037009572,0.324058057108073,0.186189341577216,0.218901560700692,0.182311901319144,0.117516534136482,0.0200042154082608,0.117918433494445,0.00417782534131446,0.251765766128192,-0.12691868501969,0.14278657512053,0.0884483651973438,-0.0580445781070398,0.116087631348944,0.018645808099541,0.341598748832636,-0.0976673539368734,-0.113854532076214,0.0732320905344907,-0.0506299706518303,-0.186466906974842,0.0383970121223286,0.201197325361735,0.0393874065672847,0.326084407485914,0.0504667572848744,-0.0592835299245891,-0.166729552240661,0.0400935097475204,-0.32232100036706,-0.0831229332708986,7.38272986979954e-05,0.0434510206973262,0.597737433782264,0.00878489634284406,-0.0733022874110566,-0.527353343846311,0.0160187058827322,0.108219013801951,0.115748561434141,-0.275781999647735,0.0929319012014057,0.192666941542219,0.156930026769515,-0.125744107115229,-0.285208340384498,0.155748836399642,0.238824937393574,0.5200474689759,0.149941670386542,0.179270337026751,-0.0220490460830553,0.187050374359682,-0.219837434884507,-0.245999880080548,0.0210832767273979,0.0824326521776126,-0.0130104099553777,-0.267461271750793,-0.271492133165877,-0.0133734977384509,-0.212326268126263,-0.576412823902526,-0.371950489045342,-0.00113539138924956,0.206991223776648,0.146426029553354,-0.0124536929030663,0.0438866059273272,-0.114964012467062,-0.272937689953294,-0.237728785908219,-0.0380360735564238,0.29823147522087,-0.063380067324875,0.303027758141456,-0.0190919971114024,-0.181551874727437,-0.0549261154229595,-0.334527307637542,0.0264907629966504,0.0989638646536255,0.188621293366252,0.0950833247139938,0.556481304648772,0.484033097041603,-0.100189105556006,-0.0456336843576226,0.263986930286024,0.17537428030948,0.210981955588758,0.130372067500954,0.0693286868530317,0.0822180335604402,0.132377729060827,0.0485566652897927,-0.0729612739755646,-0.0673160344697797,-0.068742782451838,0.0542949848522721,0.0117574626316647,-0.0465954183757311,0.16268922794888,0.0640002265520197,0.0430028931014477,0.177443529231412,0.0524039792561775,0.123338395378078,0.0209670917064744,-0.164780888662897,0.291622045746683,-0.0643262558457168,-0.260620590762435,-0.0535181135224536,-0.376016516116743,-0.238158641579748,-0.28378652724445,-0.163267022542728,0.162064541259586,-0.0236418303135121,-0.153258417962176,0.00103483178886551,0.299549745824527,0.0634005628140881,0.0676610471595882,-0.11962373568073,0.103566665475555,0.16995889107465,0.000115274696494246,0.0320208098385482,0.0855930248558293,-0.424704198048372,-0.0721282011801626,-0.259251108781995,0.100594480451469,-0.0178218597175361,-0.426186657717048,-0.279025509247926,0.102640787947481,0.0954544806692799,0.10377516729176,-0.0687388762423824,0.345513052405442,0.0445217988075825,-0.0193856875509266,0.406049780975249,0.138839154454423,-0.342190884495255,0.00222624380694889,-0.366506483896981,-0.16694808833948,-0.0676599554359175,0.0298843459283328,-0.229391583559099,0.342086508655572,0.596235602353872,0.219326774814165,0.306619887647623,0.20598219146811,-0.0499559766479725,0.0405393421201595,-0.0146512741639133,0.161299893732315,0.0681282544247904,0.0830811667466267,-0.0584218770467449,0.346834259553721,0.370959048078445,-0.0146418684798959,0.176038200768585,-0.295377859735029,0.0907180695632456,0.211833668407767,-0.325769395487529,-0.0564641111294446,0.035852778142714,-0.425555534281447,-0.189338243899705,-0.00852298521995003,0.276174455658616,0.0476663627557097,0.33810361755807,0.464153272655357,0.273575249168093,0.338282532005475,0.163246744211836,-0.197643729833317,-0.246588700911339,-0.0459310118292604,-0.365870011291118,0.01076398974241,0.177400456633462,0.196755607754284,0.0327537160606079,-0.381934708105827,-0.0891865244363167,0.117014738907258,-0.189261142866351,0.0797095043703119,0.330566323386832,0.285851337890921,0.450985446390898,0.15343108471535,-0.10760895915043,-0.0179522000899478,-0.28286456670756,-0.219657857854742,-0.0347733132164411,-0.0296459549159009,-0.0307326745568347,-0.0884099989912414,0.242867112542422,-0.0609047183165317,0.631804859827403,0.38168921044236,0.405814880922487,0.237064759780109,0.0800690196728418,-0.0850923033922142,-0.0967091346803759,-0.106756680097066,0.0010427751172932,-0.392231950881182,-0.231675720847148,-0.0741579114870413,-0.143807022280347,0.0689762200157404,0.199428373526071,0.0723949903929561,-0.173002700467985,-0.0221193098344706,0.0701594085860232,0.288894654398527,0.345814692206049,-0.439881338897604,-0.353067230423259,-0.42844275299897,-0.170913261209681,0.096556386040314,0.428073566232242,0.0721557070931591,0.102036295727944,-0.0366718815990571,0.217847764338285,-0.149594701509388,0.217061775905943,0.445531182507594,0.0550812702592977,0.565356575480209,0.370870755430432,0.230687296265447,0.022047765957694,0.0989273006600341,0.178708572297265,0.140163614261133,-0.0769000904496369,0.00584309060428982,0.385072014656508,0.338738409602349,0.145338237300312,-0.119988964500754,0.162727661125687,0.120208540503847,0.160746766457962,-0.154649206531797,-0.160986738564039,-0.32106049665044,-0.579012133042309,-0.1569350082455,-0.200023866698631,-0.063521340666016,-0.0120624100537818,0.120417037273503,-0.220912198414406,0.0522066575557971,-0.0963560016824316,-0.112983893697391,0.18863023858021,0.0582542218537846,0.100071570114948,0.267109278283962,-0.00821645489977368,-0.106620597888867,-0.321640931957364,-0.0907299127166044,0.274481853030722,0.0986937571319649,-0.167087657889038,-0.137921210220976,-0.0665801189125905,0.201172189330944,0.334048213254516,-0.269053471198525,-0.0886552194987576,0.220258634709216,-0.133893050048409,-0.141414595708499,-0.346717068386077,-0.474703409102867,-0.439498493628619,0.138173442071413,-0.0963181622975547,0.0419831118436579,-0.17539419434157,-0.14060678474104,0.272160187061234,0.267571506313599,-0.145687641715744,0.331189408062253,0.208620365582468,0.345966335331486,0.0477943305457997,-0.299064683896605,-0.0778900261600471,0.247482335600701,0.115460146244386,-0.135998262415582,-0.369405528700057,-0.0910190629853342,0.0166783259386423,-0.157625971059013,-0.0969360301657769,0.100618783693166,0.251933640341865,0.172323344277521,0.206777264754652,0.441145710304441,0.379581962361665,-0.0808137684553256,0.0927447529952793,0.227318192703826,0.0532271301379167,-0.0659695425936622,0.160937916858121,0.114204045873041,0.118335017763127,0.164894164542993,0.0102778504902454,0.486586807028858,0.257872414634841,0.140116805159982,-0.139095196427962,-0.00932841036614209,-0.0347201516624657,0.13104745928368,0.0524606732916973,0.115993120798945,0.283944467661649,-0.00631760573188064,-0.323810475947967,0.160835047452606,0.252857157488193,0.379099787167714,0.36346171588481,0.210684073031707,0.0407779215253086,-0.0873269306845011,0.151418560349674,0.0125475721206336,0.0137231765605325,0.0598306702126094,0.0717938969078187,-0.286335147028376,-0.061869127813253,-0.0649051125381466,-0.608355993281852,0.137948269079813,0.0279735778367191,-0.300568160459444,0.152388603512115,-0.0629949654341375,-0.320290993872898,0.256041519724558,-0.229199242723403,-0.132210734187703,0.0470981505689788,0.188677979614884,0.0201271517213264,-0.060344152762546,0.181984663315091,-0.0612444479562415,0.0565709969382892,0.344502841327245,0.117599268764189,0.366527917298543,0.387256673510639,0.0390996562170644,-0.0450027258695979,-0.269491135670692,-0.142121314743429,-0.0140945676655887,-0.0875455428793912,-0.230921277157799,0.557376766817629,0.215848761036855,0.250610511846281,-0.0458428598328696,-0.195094099028852,-0.245385389387606,-0.388337846002771,0.0851684387745645,0.101000362914157,0.0133487774999419,0.16309060897492,-0.0455035756652621,0.0724906713508937,0.0790223684861311,-0.185784525694421,-0.466160752232925,-0.270042078991175,-0.0101779053705917,0.108640736188851,0.197052321836948,0.168201690477739,0.0813683670358337,-0.149673962516343,-0.159992589867003,0.0529987894911378,-0.0662407541762477,-0.115258539205849,-0.146282785158239,-0.10469489329128,-0.180346446907875,0.265451501322479,-0.0549173119978023,0.146452108765897,0.379469574296689,0.202592790650121,0.549442982142426,-0.658112659208765,-0.0621244891570806,-0.108962808791248,0.119323949884504,0.0290750741418269,-0.30405453450943,-0.21738360817347,-0.231803165626299,-0.321195109232961,-0.050610077875081,-0.11686564934076,-0.220065660002754,0.1979891461235,-0.0119306754107188,-0.0750531748299575,-0.426351149176408,0.288085490604973,-0.0523774709647857,-0.288281289263956,-0.136981329235805,0.330134565186359,-0.141340949404807,0.142741844760004,0.298611838355252,0.395256771442683,-0.104063267774244,0.311127988427176,-0.156758999718959,0.0827338119320752,-0.0759243780117236,-0.194295298113851,-0.0159728980369366,-0.153693212252821,0.0832104491180582,-0.180226230175657,0.166365295965887,0.321463433519524,0.29795181662601,-0.0884130612612391,-0.0107324402342641,-0.220900768099888,-0.19354330371638,-0.036620749701604,0.0569600991899679,-0.0610134303774261,-0.457995889311761,-0.21145349415139,0.410329019120386,0.153812556072246,-0.00557324289903363,-0.00686101414173224,0.118935216050314,0.294038773417981,0.182415000692389,0.155526631728362,-0.0343394400846979,-0.0435018905527403,-0.0975147860821314,0.115628458527272,0.220666454977116,0.304241982168416,0.379721445886324,-0.0688299262808311,0.28278762078336,0.0239183832346185,0.254341948163724,0.326263315114104,0.182185040437559,0.352949246901711,0.136931167829872,-0.0456709650146445,-0.084793163581071,-0.191397437945681,-0.0527311583192745,0.059901264763307,0.0564215060186107,0.00607688599115245,0.653854075418188,0.363700710933923,0.184071151695468,0.073683587469797,0.094358193751614,-0.218267549209272,0.281495447304238,-0.272332560388214,0.118542094730889,-0.269354407459271,0.104427262424279,-0.00212958727255809,-0.311642520249411,-0.284409521878049,-0.221455725965784,0.0133793310019077,0.223849035553872,-0.116951077800107,-0.0648330695996799,-0.166638766625446,-0.0832137584279931,-0.104489224333534,0.120592963743683,-0.317367234549709,-0.271964394145617,0.155929775547022,0.0539636569134282,0.119630101177756,0.00755212613046898,0.0483309410288592,0.0885113438254268,0.0521978249551143,0.0934636779594856,0.253202793444048,0.291704768127545,0.29385432567539,0.20562168973805,0.163005710542346,0.0374416680003397,-0.154626532146581,-0.099651900742761,-0.229738874570064,-0.310222353457276,-0.124634437139029,-0.0436688009787291,-0.0589954513279695,0.0430194524346775,0.391666752639087,0.337421598988512,-0.296868004032697,-0.154859718444131,0.154291636563432,0.162307787090682,-0.339614873737336,-0.223169387655389,-0.0696848934256211,-0.158888963129616,-0.192538978201328,0.0374651074078585,-0.391129618771583,-0.317723860170087,-0.246499136280344,0.15624421022813,-0.339631726324468,0.111712343304252,0.25177109220053,0.0973250358261026,-0.055720492433225,-0.374560325476003,-0.217655867403463,-0.469043691233349,-0.0898329636847846,0.231331624994699,-0.124035954118171,0.0916589803648264,-0.0565201453121347,0.205513747672106,0.371127908439014,0.243891433374603,0.298248262253569,0.285521582653842,-0.226861376745646,0.0246408154030956,0.00797440786559217,-0.0800739477872249,0.0748658170116893,0.099804780289842,0.379525575541877,-0.0639068587885758,0.0310180802112615,-0.25206134541902,0.0658905604287437,-0.02447567806095,-0.257628103311218,-0.107138155030599,0.176967090984002,0.0118412860277204,0.190779515340669,0.462188365460155,0.167444114729616,-0.181714276398593,-0.167229084497412,-0.00662638365111815,-0.0829480578411399,-0.20937945910371,0.206222882111092,-0.130845570649573,-0.265801119463872,0.114855721229893,0.0394430338466766,-0.182297010294593,0.00640754963100857,0.0197584235481945,0.126429321695185,0.113146992402505,-0.142117859581402,0.111503986989379,-0.363344064717152,-0.166304986070234,-0.0869658823970247,0.0537718932297134,-0.0963716993579568,0.0240142933722752,-0.212952025071801,-0.105947351138031,0.149620211902,-0.0120867205547295,0.0387926502086988,-0.141205254743975,-0.154710649844624,-0.306676554743957,-0.258688101575148,0.106799641441777,-0.101168497635686,-0.234188746246674,-0.290333524212331,0.128421224276677,0.150426780464602,0.234850219588125,-0.28736856368059,-0.149226248353773,0.0423284489696765,-0.120345483502164,-0.111918292361965,-0.257667873527142,0.110834006477414,0.400488792485015,0.649278116217413,0.0999859180692466,-0.0862396325664387,-0.351627568062302,0.0721513440068411,0.032398977391548,-0.122850251789022,-0.0612193112046102,-0.236271172232786,-0.00267050610950394,0.471276181334927,0.211567904820817,0.38246440510079,0.0221184708645042,-0.431145484205142,-0.02772601237263,-0.00484839592351747,-0.0597603830470494,-0.0250515190096979,-0.00334660653521002,0.160449801450282,0.197415766948434,0.225943957267845,-0.301205010311779,-0.233636526354901,0.0164110402717462,0.0474278554805002,-0.1397244603403,-0.0521518602866452,-0.243067610810873,0.00736120020015658,-0.134277152530591,-0.139049120202018,-0.27379556042834,-0.116606212758935,-0.424662148259044,-0.114607435406489,0.168356878968457,0.0357915640539962,0.216123546614788,-0.0470121622272034,-0.00764031867043788,-0.440835219024416,-0.442305814225251,-0.353720122840133,0.00220529600704608,-0.371045993038334,-0.415366512859326,-0.25854977573139,-0.421511707901571,0.17745248740862,0.290331533106014,0.331126295939654,-0.0913026087575551,-0.05606783460852,-0.0296565679072986,-0.0960856319477466,0.0882927148521115
-0.167795999060503,0.143621106072499,0.121161321501102,-0.148199918472023,-0.130760902805753,0.00138491250990869,0.0130295869196158,0.00395129516120212,0.015242391260357,0.105969972230905,-0.0741682423621374,-0.0859391140606918,-0.0699143291092363,-0.0168233876655725,-0.189390242634752,-0.0249877191278341,-0.0789901373518978,0.00896623868858861,-0.00368541358473579,-0.0398158660984373,0.0586877422679014,-0.0166216215459915,-0.130909069706619,0.0925653597842701,-0.171232589162802,0.131353462888537,-0.129039511213792,-0.143554787650384,-0.0498472813211043,-0.0463345845273809,-0.0519296338750324,0.166571123552539,-0.0309902117043745,0.0802135563119958,0.0262936486477599,0.140505019479834,0.0178203012772375,-0.0456450172376468,0.0590424271448408,-0.118320264173825,0.018070351472135,-0.101180808271724,0.0518322106366498,0.0203859918930815,0.0626231636052028,0.0380764835405101,-0.168239831811063,0.00420940760937105,0.0393794937036787,-0.0230500064617834,-0.00977221830007943,-0.224933853159072,-0.0804264811497689,-0.0510090725819721,0.0337351737762958,0.043935431394362,-0.106007334761467,-0.0988825229816929,0.0848307596274042,0.128341975894084,0.0540234818627414,-0.047126503965988,0.0950767053093709,-0.0451792200496477,-0.0174380418789004,0.0843051789018279,0.193615448411704,-0.0664336264418241,-0.0170525957257377,0.189665210038721,-0.181293707150172,-0.0697523459263886,0.0784089914441155,0.177684334041389,-0.040321410225685,0.0727839503423118,0.050684792238489,-0.082306416203195,-0.030389699883322,0.068241402322344,-0.0516485513227552,-0.102105133428962,-0.0889296927126756,-0.0994960144392869,0.0840523754843682,0.0591525362770055,0.161067452831031,0.0734699371049634,-0.0575155900907909,0.015619006543152,-0.131335070505328,-0.0988540299185716,-0.0549518765984985,0.0973261518559131,0.153469528781546,-0.145158558365618,-0.0915976921239021,0.150768257786948,0.0408226628529039,-0.0923617583832692,-0.0608664168091159,0.0602926853943032,0.142726221191739,-0.0926599782967237,-0.187279686045297,-0.0261804475215282,-0.1980713524338,-0.189939815845834,-0.130748050815695,-0.0120862991115852,0.119990251836625,-0.0467030575859844,0.161398408913142,0.0178338121108238,0.0503386396924272,-0.0532529718843206,0.12042598859911,-0.0445118363061118,-0.0976282308670927,0.043573109750526,-0.0989243858009615,0.0093301120621487,0.0587285301357964,-0.0126396492339545,0.022684518780507,-0.0325392443858152,0.150972257054781,0.0017356174392685,0.0336419171386391,-0.074856314066825,-0.0504017435287299,-0.00133670133503477,0.0838304626848528,0.307060721555553,-0.0121067399606115,0.114105022654257,0.020220934479941,-0.042225915199702,0.0682012358392548,0.0112700272668869,0.188223413840201,-0.0209639344815609,-0.0495426995036667,-0.154175059561247,-0.0461919865363457,-0.0639202780053811,0.0160170853722984,0.0727726408864082,-0.069898840488305,0.0217242940911203,-0.125341099498726,0.107310385911938,-0.126531252583364,0.0524924627336139,0.0184427004549594,-0.109037972872689,-0.0650485053247844,0.065747145448993,-0.00920741849767989,-0.128008943704921,0.028604491656142,-0.0850276282573462,0.0625523739201629,-0.191104012239415,-0.0254020963703341,0.226543842964799,-0.14888459786524,-0.0978997104333022,-0.0550017885817914,0.16223049451793,-0.0620814675697527,0.139814583391099,-0.136449370108877,0.00881513888475557,0.223419733730835,-0.116735855817272,-0.0578651001635735,0.128962580163764,-0.0118674607102806,-0.00942473138895999,0.0753392428756956,0.105937820745335,-0.00948921707106259,-0.0526212159570918,-0.0727310128091816,-0.043639897582757,0.039011578829666,0.02452713564589,0.0501811678865966,-0.0240190380502267,-0.0271632351954093,-0.0382751842696138,-0.292727363015497,0.08453070860821,-0.0577217791872872,-0.0775638159588392,-0.215403464195712,-0.0709355850771824,0.0615571311997543,0.000762292454478954,0.0352591789689567,-0.00864269578482913,0.0533751237959178,-0.289555581614274,-0.0819375633788968,0.0534261315836094,0.0741202278014013,-0.0375656816239445,0.16004161399677,0.0571193682403266,0.141511123154957,-0.0961951427790845,-0.00600221176409722,-0.0975180659953572,0.00789698828295099,0.0806569391788605,0.166530253039833,0.0580433572086478,0.00683928542596231,-0.00174025821367964,0.00607217968360165,-0.0829787228253678,-0.142000716141102,0.0548354624667194,-0.160628206179877,-0.115262974726853,0.00401345767769213,-0.216798440736665,-0.00725017582625852,-0.0659697556331622,-0.0427580465647628,-0.129168566264201,-0.0414929814626296,-0.0252576061277397,0.0439022633150428,-0.0441666906017584,0.0881781313527838,0.113593703241256,0.121195556737069,-0.130286268155594,-0.149498929192258,-0.0581228085793744,0.0180122220706041,0.00805339153148286,0.041989232983825,0.026439255978318,-0.0750940508599837,0.00282284819213723,-0.0281197116675273,0.0609697806894972,0.0411134180804321,-0.0376225990362166,-0.0971314405641608,-0.0276033548523644,-0.0439855317478812,0.139601161201457,-0.0937121832144034,0.00749461351387386,-0.204728740429487,0.0438582841848216,-0.0994157463182884,-0.303682147904665,0.0162205339570175,0.208816935694662,0.0090985585456216,-0.236833831348253,-0.13996778840941,-0.090104008599218,-0.0457496933992885,-0.00271221057628733,0.0425909951894394,0.032485126140058,-0.188425589031016,-0.105053208534832,-0.0932765383025291,-0.135801957671685,-0.174707203292951,0.0706749363457891,-0.0566809901762209,0.105878782392804,-0.165439365494621,0.0602611605070009,0.143098039671911,0.110268442717142,-0.185739581821037,0.0828053809054064,0.120542175513483,0.163713608512786,0.043584076691666,-0.0917866912021533,0.0442434581566144,-0.0258902450487341,-0.0873929534620347,-0.0587645624569555,-0.0273306958928613,0.0167310808989456,0.0701483113896824,-0.102021595491735,0.0290789220888566,0.112396059902634,-0.14644667686677,0.112181801275472,-0.0389839444686796,-0.170721805650105,-0.112292227473048,-0.145085428416254,-0.103466370085221,-0.049351470703054,-0.0421093122217168,-0.10724083219204,0.116949544601135,-0.0398851957003188,0.00455599238612238,-0.11842502189423,-0.0644693684791429,-0.0401990414990418,-0.00509536315156715,-0.0676446713255616,-0.0295087686514399,-0.032842443773366,0.00939998535938744,0.0478018589976432,0.0117383202306277,0.110115433780785,-0.209063589560129,0.351264269388863,-0.0683680209301541,-0.0272535799529293,0.284008613694229,0.118378194843096,-0.113440850456924,-0.220553215220818,-0.179915638090133,-0.128280202683578,-0.190574186114621,-0.0192679183931796,-0.110847853091376,-0.00842722426251863,0.274144909425441,0.114133034281198,-0.0196289045598866,0.0892110087581976,-0.0102782713425997,-0.200243545677634,-0.0559961931703591,0.0282111725400642,-0.0684490556415256,0.0396649720201066,0.00114094346439622,0.0564983471848366,0.191140232030241,0.077378703498436,0.112092874637041,0.0300351269030964,-0.0906085888909095,0.0378181062319718,0.133224144184048,-0.155061399133213,0.0669580014573883,-0.078838251854625,0.012776040038035,-0.252870028803978,0.0206571873252039,0.00356265978079746,0.0517421095579341,0.0163750689855484,0.0618684679574097,-0.0802769159932136,-0.0712555031187581,0.149051339716653,0.103723635078199,0.0270134623357741,0.0719542302012584,0.0930800295961807,0.182413320677119,-0.137230660790911,-0.190466704147538,0.147811625046576,0.133079316720927,0.176142363879258,-0.0564691803227074,0.279995209830303,-0.0621456096796322,0.0255307219209046,0.115070712322024,0.109433454964153,-0.0859476274409033,0.117736107035204,0.00945247103796931,0.0202752817159614,0.00477370490472248,-0.0717726711194263,-0.0536040035667752,0.164400764389447,-0.0529374059846727,-0.00110292357514859,-0.129964556282191,-0.164059926154803,-0.0985470940839045,-0.104576679216125,0.0590798794918427,-0.0315985433029909,0.0775432946561388,-0.1184655921774,0.217677142385476,0.0155489510103608,-0.0271156548200453,0.14565732512686,-0.0958965797468246,0.108524591720987,0.182075573878145,-0.0403176750960944,-0.112036369392788,-0.0661027119168104,-0.0777311478241236,0.0486841066330487,-0.113143638961103,-0.180539765646704,-0.0340486014724363,-0.00211525814035179,-0.0425010410759582,0.0319646352232059,0.0139107647626496,0.00953797398301416,0.0622118626809173,0.0160814099021347,0.131323467484341,0.00103559977708883,-0.0390525507718783,0.0430026074616275,-0.103077995685206,-0.137106754407731,-0.0294102379153844,-0.00140003457614328,-0.125158982435152,0.0713902401428234,0.0585868022546202,0.0460583132399055,-0.0909716846462777,0.0125293315109729,0.108661406087162,0.0208679138817506,0.150135272166178,0.2071905198114,0.154784221556702,-0.0307049159786674,-0.0359557556845708,0.185024894330036,-0.177797836649247,0.0422584406883412,0.0071325879457538,-0.106925073307349,-0.116257184658709,0.200257745906239,-0.165990021599911,-0.141617412285157,0.0289122607452402,5.88631732319159e-05,0.0278546827816952,0.0423514206447938,-0.13882631504206,0.231724416639424,0.0825180659921726,-0.00425747439049465,-0.108344886953667,0.0175065888204452,-0.0974323790708685,0.00220929052280884,-0.0174110825949695,-0.06009595963201,-0.0576084375078445,0.0378830423899297,-0.0651207320379591,0.103616579135751,0.0959959630079796,-0.254768975658295,-0.0413838444543619,-0.048558120597569,-0.197843104080513,0.100201529312515,0.0708664968211198,0.0423779739097968,0.0386624362218014,-0.0403589842332763,-0.0480136455683346,-0.321790660642919,0.0123852351189735,-0.0572795756723854,-0.00739828278379084,0.0594872701233764,0.0820411550053994,-0.0222415203416053,0.0625057678466589,-0.124861605928963,-0.11389145424907,0.0241603727152924,-0.0717834270500435,0.0154877975824327,0.0432336924762035,0.0543023199121848,0.124398501152973,-0.00209346323996381,0.0167000081996447,0.115812944483885,0.0663076592601114,0.0009944617604989,0.136131322008557,0.0411201891547358,-0.053943727493431,-0.156208491955851,-0.18521642636854,0.206092146703253,0.09146355599114,0.0983819622215415,0.0985340580492697,0.0234082492114698,0.190933848060731,0.0591359614133619,-0.0233295563451473,-0.285702967569431,0.0263367838495778,0.165911191056016,-0.0323947636368367,-0.0404545781010404,0.262707207341408,0.0364717103870902,-0.255852623994117,-0.0696995111871149,0.118629105572537,0.0400694675576042,0.105752360701609,0.208059987723958,-0.0215436634495561,-0.0431014861348231,-0.194003150854399,-0.0160306150638158,0.0673484669949903,0.048983339235734,-0.0846078279834077,0.214693108874633,0.0371072966017227,-0.0183750616129529,-0.158951742775929,-0.0919494887630048,0.00589126770767973,-0.139625423752757,0.149633720265507,0.0398181142122684,0.0201468438564196,-0.0706462832883454,0.146564124511223,0.0735098295172453,0.00315966503762031,-0.0455145404216595,0.0128140116540677,-0.0416132596739807,-0.23325414191239,-0.0636705541500469,0.0200439738388054,-0.0631967714821779,-0.0543809116001049,0.0735812573482038,-0.16480288588299,-0.115014073371487,-0.010888080455411,0.277381024795028,-0.0774004003427481,-0.0634149373644729,0.0632682346896389,0.000707826354155105,0.0471312183756988,-0.00625566727305137,-0.039613799256151,0.144419952183457,0.116988556461287,0.0823491946957426,-0.0587749033379275,0.152460817726162,0.097491500581011,-0.130920972058486,-0.0210653046757764,0.113568370995871,-0.0177145295145006,-0.15601795979636,0.199022887558048,0.0760990835556802,-0.122585460696923,-0.0372676161309446,0.00920958731646431,0.227663796900059,-0.0224799851180324,-0.0370326893601099,0.141527845601813,0.12146354777242,0.00773032832471682,-0.011851501658894,-0.00377232113851168,0.156701011141524,-0.0445289186901232,0.174810710698289,0.0190773976789077,-0.0661370980390242,-0.0519363229207931,0.0982071555063776,-0.13428462616002,0.22468049117058,0.141587088445979,0.0403943905739419,-0.112558601512507,-0.0433382394675847,0.0834978284638887,-0.0858185623117379,0.0930115108348479,-0.0182600011753021,0.0688317514065508,-0.0891212977255899,0.271161767307085,0.00122012098351172,-0.00201286700179928,0.0646744867901923,-0.104476221687024,-0.0143307765052249,0.109952502999819,-0.170351364542123,-0.0507703522181287,-0.182692727871289,0.0310297111680642,-0.0422613733980245,0.0459113291617475,-0.0741811281602094,0.0760037674033033,0.0280873329458762,-0.0103166366838697,0.0767747283398898,-0.13477524936341,0.15149226729903,0.0148726385364026,0.0681116519979897,0.0732504462021543,-0.0732755005086158,-0.0787301253838816,-0.0297281989316321,-0.0368869089979637,-0.0585808268214248,0.0330092250227074,-0.0159324218852101,0.0453723947149758,-0.0955961046336546,-0.0484127522751049,-0.0362764615055265,-0.0251887306754695,0.0391923898600998,0.126696770818579,-0.0108602289828286,0.0250813280323407,-0.258267198160167,-0.0823256140824106,0.108544690130934,-0.122024356627265,-0.0565254539803432,0.0653914369381308,0.0164220572314307,0.0684592716218446,0.10065572361743,0.124933524801066,-0.0145024081905819,-0.0211513547397345,0.078834070356958,-0.0748340020629432,0.0177099552405075,-0.0325477802282101,0.0614340339387128,-0.0712407940878489,0.118635161687414,0.140129335236883,0.00839483454338695,0.0865575053539881,0.168018299399696,0.0474188063178355,-0.0526262582440213,-0.021455152856863,-0.0940193381738051,-0.0290872456880946,0.118995873294689,-0.0607379009181642,-0.200252857390261,0.0672395184825098,-0.156607252052818,-0.00918791710719343,0.0239067666830155,-0.0822456372872221,0.0227630384367891,-0.0512587625455001,0.0749291943578046,0.102968409111833,0.217386255376145,0.00716839783340321,-0.0918008740384251,0.0421865908281239,0.0726584613276566,-0.0627548337767054,0.0494846659401654,0.0731928370937861,0.0328091916032828,0.0144816407389941,0.0303264285035202,0.0557828133887386,-0.0477541162643021,0.166995866097939,-0.0655088894445669,0.0306356597332066,0.28534826040379,0.0919480382537238,0.052307237346755,-0.0211432741383354,0.167610374041883,0.00858050769444868,-0.081707252565879,-0.0920182795382502,-0.0763835185815287,-0.0396255482617374,-0.180933157094824,-0.0647530950519932,0.0181972956370296,0.119431316668309,0.145006016569623,-0.0180206385515069,0.0502649187032487,-0.0036433451366433,0.234984580404505,0.213494411518738,-0.0818915282686491,-0.0395171110174362,0.070147768091025,-0.00987311979204851,-0.0539271769385777,0.0126460473145964,0.0978244184108948,-0.108600373183957,0.143527224333471,-0.117989192153897,-0.056385117004774,-0.0173576997123368,0.0390562523422664,0.0454932472394325,0.141105989775676,-0.185910780374153,-0.0892637749135503,-0.0561907701240792,0.0463613919164893,-0.0774162936954104,-0.0229349751431509,0.00280373997670172,-0.0718350810448609,-0.0879585568674538,0.0599807191338941,-0.167894011190084,0.0533651761384348,0.012226775498936,-0.115342769639881,-0.0152790190847704,0.017416420697598,0.0324159772169471,0.046983060723998,-0.0066695524787042,0.136354809693278,-0.0440118609691847,0.0511177679917658
-0.63719894382829,-0.330243775424737,-0.313305982832393,0.281749633502616,-0.546712563105112,-0.0319501328810994,-0.537323375329029,-0.470792294015816,0.663931243552753,-0.588986847692376,-0.397612755103229,-0.23258556912687,0.511666367698356,0.449334806188068,0.878785745220845,0.681569098219004,-0.367525138364183,-0.188318620286414,0.84011444638719,-0.155445878588091,-0.481345236137169,-0.191434611238763,0.223073986829887,0.460824016801125,0.575667644461648,0.921403105325099,0.685448949607534,0.658199827590844,1.83572476848373,1.0134880082572,1.04080347556982,-1.15629711159474,-0.790354361597809,-0.089288192762929,-0.299678459997979,0.571307741049505,1.82719452950709,0.883748054739038,0.883752406603961,0.82253495263778,0.178577953474332,0.738387046945244,-0.534842861701508,0.0649059017919962,0.764402324463235,0.562150597739799,1.50901609571148,0.633715833518472,-0.11974435296414,-0.292462656142782,0.575208105347975,-0.436412692460024,0.214630877285041,-0.390571645713121,0.69625967072364,1.05169348263366,0.824994368192796,1.16922969907548,0.424363435644727,0.627027886292694,1.50983114941799,0.697623722822922,0.33709297647435,0.15390316271656,0.397937149603823,1.06604546575141,-0.0939155862835856,-0.0711718511178583,-0.222931529626147,-0.361969122544776,-0.147659144123008,-0.508955888960935,0.929259981422978,0.162725446786396,-0.112390687214573,0.176864659447293,-0.285242981535812,-0.515655157155419,0.224158338342838,0.0896484958911224,0.168552719353155,0.847504652066606,0.354478732135709,0.14036424120784,-0.384861876827227,-0.130270005417161,-0.728571447560337,-0.412689412765904,0.341818490307143,-0.315897513765492,1.60281302286744,0.390536571782252,-0.357952956658739,-1.33724424598185,-0.0934176386359115,-0.386600063977401,-0.139243267826584,-1.21690839868612,-0.664106267897913,0.383070033457362,0.359925224464602,0.0627430472111134,-0.536751181076164,-0.190389497230404,0.0644441803920762,0.887346945419194,0.800635079970233,1.338469228434,0.0784781641215705,0.344866576291989,-0.686730275932095,-0.786421905689178,0.170615079389131,0.371209985575525,-0.138843041968341,-0.953183466067891,-0.945660963136537,-0.502878658555117,-0.326444027894989,-1.17715860788215,-1.39242281084977,-0.333397868448571,0.276232163440834,0.905527633717222,0.220751263631193,-0.558684203486688,-0.108498830222913,-0.637733371081206,-0.223297030000606,-0.241241971729265,1.53403371214505,-0.461530852793868,0.184592266034012,-0.421405373233876,-0.144591620464252,-0.458430680465434,-0.308149739708285,-0.24158707527498,0.292255528687678,0.702198144276372,0.867573312544694,1.39672404388398,1.33208691708043,-0.0253098243637353,-0.756600534860562,0.259129969829704,0.441370470854408,0.216015360080503,0.473341073003828,0.598972882020479,0.631924538330157,0.514552956236928,0.416295915606209,-0.153428642994718,-0.178842416631988,-0.575611610087181,-0.0120129592087602,0.382357991183452,-0.195109841406324,0.583547256507072,0.135396185609626,0.536381656133933,0.891980413970939,-0.0336008551867588,0.0417569115979571,0.278172924754947,-0.273014968161344,1.0766298728424,-0.0137660301271074,-0.943463479935399,-0.495407022548828,-1.29213675026468,-0.676860889260773,-0.90626684575902,-1.08959572819073,-0.0568900461660967,-0.430414500701604,0.145377922073915,0.0828960671681968,0.427901043438299,-0.232280007565831,-0.413808846605463,-0.251639917025571,0.363385777659759,0.271329888980526,-0.127191037844726,-0.214219848697664,0.166189598933132,-1.41012366096367,-0.790096948788549,-0.754390263582793,-0.272094780782073,0.0962332413600191,-1.3841834281942,-0.896236804192074,0.671801631215422,0.206841361367461,0.265818604336106,-0.471132654150455,0.252870653094441,0.31230528645424,-0.267503680641401,0.729484670006585,0.431390758421901,-1.32433327695129,-0.578469291929218,-0.960493600890197,-0.997467472387229,-0.26438439735551,0.120999347806349,-0.280030197645834,0.948089332113903,1.58126110177592,0.872711117550137,1.0544576957351,0.252734362398567,0.363257175303312,0.441652815417277,-0.224578410537234,-0.109806621153093,0.725933804236529,0.316866650414563,-0.12783284458994,1.12932178784632,1.59789177508505,0.263820759343667,0.301944463983129,-0.484274420145492,0.405148001646052,0.356965857584367,-0.249141284731941,-0.240053689205995,0.0261010222763903,-1.52591906393473,-0.276841252447297,0.452458739642739,0.266720287671426,0.854929848359614,1.45083046466069,1.40491881716222,0.718780965841963,0.55071037251012,0.0714559404976147,-0.620042014937842,-0.851541052272983,-0.306820585503685,-1.2510492229271,0.0766010624847282,0.215865869151538,0.197683192604456,0.0519834080866888,-0.668999797749805,-0.69322262276534,0.165520707547356,-0.187880273038208,0.409826053195657,0.870288911198425,0.791075082899565,1.24334547052205,0.474367279972461,-0.764051853472083,-0.227024455745954,-1.06093303084156,-0.417244744806161,0.27830232063342,-0.105934676614345,-0.170143674823485,-0.407848758036134,0.844836889589615,0.00822823017267116,1.9101436404285,1.73842008204794,0.777238267966039,0.876372000240768,0.0394496172917842,-0.0788958866703361,-0.184253633377014,-0.779152394075383,-0.453938146931746,-1.19568622578593,-0.937387214638758,-0.664810837955047,-0.14741457451964,0.597798409387057,0.696123044125299,0.0258713114913695,-0.411412108523568,-0.0470720217548523,0.533841726100361,0.98554227482616,0.875060425343016,-0.983024225635859,-0.672160330226164,-0.858677881735888,-0.605905834359835,-0.0698983584733312,0.538359194626209,0.37848124924145,0.228837262541412,-0.375237851417436,0.462317463116944,0.0255439345980215,0.558557376376502,1.37792623520237,0.227384117301268,1.60069894855978,0.926296119642858,1.06782441181423,0.0590164856858759,0.662850636780088,0.36776955753347,0.033565263811651,-0.287570485075421,-0.458706329874947,0.796633865329053,0.541391788859104,0.668981202299995,-0.0776973313885017,0.116116202813459,0.12313540292265,0.428939287251369,-0.214316778562463,-0.291087877002656,-1.3298499258171,-1.15144240405651,-0.601957749713641,-0.295135832170217,-0.157108410902012,0.201363753724152,-0.108135883340241,-0.249955889481268,0.154383953089449,-0.730707163276583,0.0102311683663153,0.489795871513952,0.178684009657308,0.718421744380791,0.880849578572498,0.452398049781051,-0.550865956524026,-0.73428223358819,-0.135923234817886,0.385228457661109,0.531098605350478,-0.169426058238864,-0.567305685394709,-0.0642344695800134,0.478545245918775,1.06518143308449,-0.637390664890959,-0.138401523771909,0.856471622983286,-0.255414860813416,-0.569239521209556,-1.18163593766934,-1.27292706019832,-1.22710762448273,0.368020509446281,-0.433976357516261,-0.0178473716029638,-0.614234438909166,-0.504385753556372,1.02404978158952,0.696609021529303,-0.12616481786528,1.3335612362096,0.666203727228742,1.10316038312615,0.600180905288447,-0.49206848794184,0.0909119183353099,1.04551391081888,-0.0295198367725318,-0.783031941763578,-0.667058400255873,-0.126363280415765,0.493661486471492,-1.08668624261261,-0.563568791319659,0.523381044602741,0.400447906321252,0.732644063440883,0.816639227877228,1.53533791732442,1.17518194062484,0.0455511118661705,-0.0394684918515263,0.602550231281264,0.163032816019512,0.0790991045509217,0.293712984742487,0.815660479703632,0.397310297349364,0.947507166866032,0.482096025200297,1.44667201771276,0.959162683373993,0.331521850377096,-0.158232666026051,0.110564013818483,0.778069312149379,0.424487363187804,-0.0601627791304162,0.526924759508536,0.633414362219919,0.137058840804935,-0.483134804301702,-0.297394176185763,-0.219629456031071,0.929409204332112,1.65803656026797,0.97221751393262,0.44303935504361,-0.140233781316608,0.317778584396498,0.556314338517983,0.383735806559032,0.568392603450094,0.143142551476913,-0.169068066306543,-0.413028596317491,-0.151453709856035,-1.11345712845374,0.256269131182786,-0.261902135289451,-0.586708708800692,-0.160270237663497,-0.387776760145384,-1.01252094240077,-0.0200040577151658,-0.809018279031477,-0.0643191416710913,0.100582172449727,0.285656372382561,0.543824485193514,-0.202171449422658,0.18914258811889,-0.215372672943148,0.141130786803994,1.27977765952401,0.231909004207162,0.923240478077277,0.682150117576097,0.286719363387329,0.0160949650942086,-0.910284210270549,-0.32923297161742,0.0437830356390508,-0.126776899833374,-0.400135873566342,0.964884665426029,0.64353175344852,0.828031756778937,0.123770946425739,-0.15802095643982,-0.682407485071438,-0.911105875883885,-0.184592042512452,-0.093245968861342,0.973285101511152,0.271183086425001,-0.343752004526141,0.193722102265828,-0.322492675987885,-0.648275917000293,-0.980321643061574,-0.114764055512532,-0.0517831814634656,0.463551375748948,0.658924656298815,0.5647728064739,0.495702037165871,0.351779068449291,-0.0150676764122086,-0.771873928503342,0.296448964642457,-0.733144226596699,-0.42324712462437,-0.533927060944771,-0.663284449942694,0.911959001206121,-0.148043509273327,0.490962067139255,0.342108743911917,0.563584213398781,1.66771826792532,-1.44304194708141,-0.439071492155437,-0.47624631766573,0.0484040049511687,-0.650406418116407,-0.779278269408991,-0.431039093159812,-0.771059202429062,-0.528149371377692,-0.379620757267171,-0.467904845435291,-0.865246770520425,0.23008511202557,-0.326262419937201,-0.536899067691992,-1.28841646195906,0.649586236409489,-0.25880148579411,-0.50542283350449,-0.28428142040499,0.871723847631063,-0.585003488214364,0.077409787682086,1.00724817742211,1.05732535886844,-0.284982396492958,0.68281580379864,-0.261263492308185,0.329073062430467,0.00467641136008309,-0.176553497436127,0.321340910179042,-0.341224129014314,-0.02176128665726,-0.527509196002813,0.397631136490818,1.11146181385873,0.607863525524554,0.189632821906829,0.0804192050066355,-0.871081037113429,0.00222819492278906,-0.195219373185022,-0.017084999142824,0.154213387339908,-1.79027476592925,-0.670025303982882,0.690803643402987,0.479980020589546,-0.663307216958228,0.116952413062848,-0.515539451659991,0.964117500198153,1.11388766876696,0.999375637438645,0.445477670489079,-0.544992878093835,0.0626142609752732,0.150974403605878,0.709830238326984,0.883522411837635,0.888312059104807,-0.595905636540797,0.650274431770834,0.255059568114551,1.02300686676645,1.41683308292617,0.652195468416398,0.550302030138492,0.327694891662678,-0.198433041704925,-0.955915260531324,-0.925842254445806,-0.162150109518526,0.297691069916782,0.00130122174397646,0.00234290637248564,2.19241856319583,1.43211172943992,0.552877994396852,0.00200230304721473,0.240938557143519,-0.436988295189039,0.304805768588917,-0.152359686365133,0.218100922011189,-0.817300800063435,0.145658478683967,0.289003920382695,-1.41893924935519,-0.939905511276436,-0.606805844198584,-0.00268353948027029,0.827303426198038,-0.112547412375525,-0.907563628839226,-0.684044571825985,-0.0941100685091366,-0.272877683238212,0.2805179022624,-0.402890173259625,-0.426891962974665,0.499870585298276,0.0917936899539646,-0.00561729975097906,-0.270570346853258,-0.0280305882162439,0.686002304056045,-0.138279245415634,0.40235303111423,1.01914989941635,1.05619416577913,1.19851277654293,1.11067376586988,0.568355239433677,-0.487501852123253,-0.298070727562969,-0.545938122430457,-0.924815696385026,-0.656665290128703,-0.395584800087782,-0.156689382539371,-0.0379712636843054,0.101175622028588,1.01529314475148,0.601554207837069,-0.715690227200381,0.14027914582523,0.372100085577219,0.375804916762147,-0.872320927355158,-1.01897448089443,-0.246429460138249,-0.279762038776772,-0.557128097360798,0.274548381238604,-1.30021244344058,-0.474369916654692,-0.89032932163563,0.220021721196466,-0.74341157306031,0.596366565045624,0.711482551001279,-0.157183589896823,-0.599726232882117,-0.6630388815713,-1.09820636675942,-1.16375063155788,-0.432047698672652,0.720939145479382,0.150526053198777,-0.641898379311485,0.0356548237011157,1.29805642381611,1.32404287674615,0.299721051418807,0.48499730616777,0.957842225624647,-0.373452103055187,0.280432202362859,-0.261856646744918,-0.369113325550947,-0.0128830701827746,1.43286722142413,1.31714943123845,-0.0376477720239258,-0.202495883806765,-0.610834886119074,0.414087639498916,0.102200038567327,-0.377234106167509,-0.136919617995753,0.579444615852842,0.580203650418663,0.632670406755416,1.55026288542066,-0.00277253421513896,0.120516244853735,-0.474208761384917,0.0082860310425433,-0.0668698908436558,0.274724551608447,0.556668997495735,-0.320527904709044,-0.847605467833823,0.330605383059508,-0.947385658556388,-0.524973565892838,-0.110586099703874,-0.326196350802085,0.295390261055928,0.288727856835759,-0.456015640640238,-0.488856734357505,-1.11917388802186,-0.724982588372502,-0.892453517850628,0.200316993756581,-0.0689179925022836,-0.335076744729817,-0.320505716450367,-0.857941080497272,-0.00908471734682724,-0.182207434126721,0.236512492139074,-0.547543103878718,-0.215002162720616,-1.02815734182915,-0.384714906933511,0.312177781332661,-0.270594221036533,-0.702747265495592,-0.327761216109235,0.993225262139355,0.648864878434508,0.879822773110196,-0.391352193366812,-0.442907116235645,0.460518582684198,-0.205425615035801,-0.35132354092779,-0.627150905791396,0.469953709427165,1.23954893800811,1.49329183951497,0.486646082426828,-0.126244540125535,-0.626572689329529,0.045101843232602,0.10903115608535,-0.355632070413508,-0.25197593723839,-0.529205017386904,-0.0863779416695321,1.34491954932473,0.59430758563424,0.669963509119995,0.348558718631623,-0.843071307815829,0.077663042397136,-0.0506949321541908,-0.341526866944097,0.875501774653741,-0.219679237608135,0.38468173580115,0.884544120412817,0.563691479413125,-1.26765635112016,-0.557281606403577,0.302141072345819,-0.529564329144211,-0.729348424994479,0.0274555297783679,-0.166477563551781,0.349254191949783,-0.17595612307209,-0.922344501243691,-0.805904058365784,-0.276211046766326,-0.981283282784654,-0.194521647992599,1.15339414186322,0.28981074366338,0.369199048162321,0.0903448011506276,-0.427882043067112,-1.33296718624595,-1.25135813611883,-0.944734517660142,0.307959325907475,-1.35077541927908,-1.55770499472085,-0.794501800946566,-1.0197559468423,0.344283814852405,0.651898097638766,0.787582755729141,-0.0289283423485496,-0.0891002217559527,-0.493812400785458,-0.157284308846145,-0.17058900018609
0.269535154192795,0.171271988168944,0.114806830629717,-0.0147043914595565,0.11288864239269,-0.0772428307184348,0.107146741931389,-0.0269550051271041,-0.402557720055962,0.209929565308759,0.220235095166578,-0.00342034223957004,-0.0512578295940514,-0.209887346383128,-0.31414690430736,-0.26629385520453,-0.0570048096373718,-0.0577921897985215,-0.38589003147145,-0.0510737868263569,0.167161090982077,0.0362930742980627,-0.0556699363057877,-0.0729568747851251,-0.124706092346592,-0.226811045300494,-0.0454860219996693,-0.218690991297497,-0.510062317921819,-0.127560655924408,-0.233226181205013,0.544258527196404,0.376642906698939,0.09708229484687,0.0941418178248393,-0.199152820018364,-0.304417890343724,-0.307433366485954,-0.26018577415767,-0.163841262572861,-0.158667930462721,-0.0972648501019509,0.157110556196348,0.0095103551974409,-0.16521159911109,-0.0127369596062524,-0.372172934698424,-0.202248331030321,0.104544546342197,0.0937111979953753,-0.136308824937881,-0.0170651575492836,0.0546539786885993,0.104367390499695,-0.176055899913504,-0.368222445192594,-0.104233641939886,-0.214780226366868,-0.143717482231802,-0.325137575214503,-0.437021382647029,-0.321516997566306,-0.261466072900255,-0.0910254821696585,-0.0650357534564402,-0.172952439611116,0.0262734342258075,0.00639316417110684,-0.0989225383482184,0.134381211288136,-0.0288697192551789,0.193521110976452,-0.212489223569748,0.0970307438711048,0.225803817552487,-0.0619696160542223,0.233949940854358,0.0315351617821884,0.00147133773999169,0.00113952808379875,0.00488906456628339,-0.161392520852572,-0.118662480621979,0.0464967399372252,0.182977123113798,0.134633134069232,-0.0763866472072824,-0.0519298356050357,-0.235407070059752,0.037883528875891,-0.242807922844527,-0.257961130405308,0.0751679033173086,0.371586124243953,-0.0281325145060238,0.0493533581956937,-0.0357822484821063,0.340636188691126,0.15764585256608,-0.216869967853638,-0.0835474237772469,0.00382311585804927,0.204592602225613,0.0940114014019659,-0.177802163603381,-0.166267380485057,-0.222790946024119,-0.243407441096587,-0.0581384561526713,-0.215874608003033,0.108460913634407,0.259996491681339,0.0168801075720355,-0.0432840313886213,0.154945008710759,0.311553789649174,0.0269666977703413,-0.0655373146812094,0.105753346388043,0.167631527561766,0.344773342910952,0.117914689462169,-0.237031505011035,-0.0800462860847495,-0.191054994283297,0.127096620900374,0.085427466223026,0.232249940851338,0.118619632542724,-0.0766916691003293,-0.444146246461497,-0.0500117116232419,-0.0725969808937221,0.0552170680028969,0.0277601088915394,0.119681977612967,0.28227728424662,0.0678914319804271,-0.0301166067890774,-0.115086907109921,-0.161673284712363,-0.300737930867817,-0.259973882046047,-0.114254118854921,0.161061933709775,-0.0234560307375833,-0.127471011436894,-0.0144296648431048,-0.0155426206752255,-0.228602980421195,-0.109528294277898,-0.323490627275187,-0.0649436638743451,0.136227232644939,-0.112481253221021,0.278675955130007,0.170211012382127,-0.0229228939485967,0.0544799417243313,-0.0876906054060731,-0.0169680283158213,-0.243386672355258,-0.254993407010511,0.11353797396224,-0.111363193621156,-0.115275086604753,0.125549005211216,-0.397331674220109,0.0816423866422683,0.30134380672097,-0.0542973771374269,0.35940949841824,0.16531726198339,0.361933362663374,0.233265286142417,-0.0202906340473265,-0.029650851319281,-0.0478974465199014,0.0871116673109444,-0.0955430943104448,0.0626112911204919,0.126378646832258,0.157937515144354,-0.104566715859591,0.0143990523559368,0.0128292165459021,0.102990195892381,0.0212291294988599,0.217347101202093,0.317641296582016,0.0356138236068486,0.0606793788580617,0.0463522866038982,0.208419495415336,0.0863198318369471,-0.072102932043356,-0.176118615148428,0.0354171197378043,0.0298905231950426,0.0323369846126506,0.0498015440649746,0.10260602501763,-0.337813427368114,-0.0534271504612251,0.316111856693249,0.120845851532411,0.316667525422714,0.12737880860984,0.16976798787564,0.00210713531004112,0.0809266613710958,-0.29102580794491,-0.410275274864578,-0.316878802542538,-0.321431586733974,0.062067810806445,-0.270107861087478,-0.0320899646819897,0.229155004584757,0.102917555859873,-0.127323755466128,-0.0271289565128548,0.114949479040806,-0.264434558299238,-0.287916151962686,0.114952428664114,-0.179840675548139,0.207266224446616,-0.028985470400669,0.00740680137693213,0.00361038583061181,0.0724377253818707,-0.110937448518333,0.472274833393374,0.141978920992756,-0.0199324684602603,-0.137593099283088,-0.326422653010661,-0.428603237086122,-0.213106674352249,-0.252606637568861,-0.198385551124966,-0.0332915522232602,0.10000271880679,0.183052336758834,0.0201681829549993,0.488315640568218,-0.0218042170801237,0.00504526647096014,0.0892548606849071,-0.176248742589877,0.0595966481687773,0.281315030117599,0.0612793535268148,0.0473765453399005,-0.225753447230316,-0.114668296062151,-0.215518012794188,-0.432587144266,-0.0650383924966151,0.0277634901768553,0.113016398841998,0.338225984161957,0.219038614701845,-0.193782953300448,0.106407175776295,0.12638987318612,0.15883143308863,-0.124304500875627,-0.163383045500818,-0.54091929154093,-0.475791658427911,0.00304541462545208,-0.302798930433011,0.0723116436381051,-0.140557665837258,0.00404567969549115,0.123345981380904,-0.00314437586570521,0.192137801040515,0.127801994587081,0.127558384180853,0.236702270501475,-0.101524818758511,-0.326481818602258,0.0303922408780462,0.0996829301064323,-0.141052072020481,-0.240856053877093,-0.198031587364204,-0.266325271845589,0.281065279962725,0.383330668385065,0.307419827457287,0.0965971310182455,0.210240769869159,-0.221583571918803,-0.296754011186001,-0.0587524356582634,0.140262698038036,-0.174312250901982,0.0152902572118444,-0.221983212899822,-0.459379702108011,0.189322256389056,-0.310589582021313,-0.360380827898214,-0.234221782261979,-0.0453103961571315,-0.0350406166633164,-0.372632357798925,0.140806571571804,-0.0893098156987733,0.203753749690115,-0.336060337639302,-0.0348732351769592,-0.0744798090313424,0.0926954068184399,-0.040615146000561,-0.20261113253059,-0.171904426241125,0.152346990988762,0.0424289316918982,0.413426051165961,0.416715145800204,0.00561959017054443,0.0192662136438302,-0.00153226866470615,0.0238915137497811,-0.135429774994065,0.0316969671516032,-0.0318896572217767,0.113430499470669,-0.00421749367218937,-0.0183747829007746,-0.0644642942528623,-0.291827950916295,-0.211459675839993,-0.123934166206326,0.179603627855018,0.116016057969785,0.112102361467206,-0.017895838937294,-0.166080768161803,0.229805776259842,-0.0686205452592729,0.0706136545781646,-0.0736772430638788,-0.268808484390552,0.09951419698063,-0.185892412396212,-0.349636477113967,-0.033064990614408,0.0553419379898481,0.290384846865633,0.26539249166866,0.255429330367147,-0.137666477565837,0.109875881188485,-0.114671489269202,0.23775359107932,-0.0265849577804326,-0.116952153476867,-0.160894575473323,0.176062151598181,-0.362482545110731,-0.26894902974801,-0.0478795491496371,-0.149134609794909,0.052959833537808,-0.1588490630804,-0.343106204966286,-0.0746764021468838,0.173686339844224,-0.0703852923268469,0.0537363862394291,-0.174567421035545,0.219001601864041,0.119282095825691,-0.163290744016158,-0.0232937121364128,-0.0909749448641871,-0.150231436019812,-0.38512404305869,-0.326003152283892,0.0535743607119382,-0.0313259304821944,-0.204365895682511,-0.0475395012501226,0.0615633914896979,-0.0518537684919397,-0.215292300191543,-0.0397132678373788,-0.325115891214442,-0.192448332425585,-0.311664006165194,-0.186366045816781,-0.090158942099114,0.0851456201312716,-0.0563476550344844,-0.256509095787441,-0.0265744133336155,0.149442030116356,-0.279480177682785,-0.31843968804531,0.0484360066378503,0.322807982995709,-0.0120188607477095,0.027411179546547,-0.302317136260587,-0.325048095767225,-0.272171799674233,-0.0784116911078191,0.132134417866969,0.0373530337140276,0.035752680459511,-0.105044828807545,-0.208432509072515,0.0521170312894999,-0.0412625249354143,0.128635982351938,0.129179093248596,0.311669305620593,-0.134414665348466,0.137060843550598,0.124279327727948,0.139274654849827,0.161102462893995,0.224480800337335,-0.101834365961159,0.150146224115787,-0.0101881359078196,-0.173615568462398,-0.259560345372924,0.0957506704835197,0.0768080556517973,-0.0137553926226326,0.189833963419809,-0.0149678497081008,-0.236858029022183,0.0869823135650397,-0.361215529341861,-0.300552163741253,-0.278124435753737,-0.0138113855680879,0.327267704133678,0.107861506641879,-0.147929539919039,0.200339834565818,-0.0136582943384852,-0.398674464010119,-0.0593647406874536,-0.156937788404889,-0.0817284631921803,0.180007235766588,0.108107738618788,0.167257367741539,0.118789024221268,-0.0794607024521989,-0.0133311592015319,-0.214985324232615,0.00772205042617573,-0.0534419647282662,0.0567318021070545,0.219513451853235,0.316000718514116,0.118218889789317,-0.0425723989189466,-0.199209388271738,-0.239258242957572,-0.146749294481949,0.0333731362027889,0.0256319428698051,-0.13784024012329,0.275048236634105,-0.0244143254628609,0.0372070932268492,-0.0211791622040013,0.281348846594694,0.095277238255438,-0.439901717124248,0.0477517077990124,0.0678831918463215,-0.300169906588363,-0.250443536187885,-0.30537798872006,0.35903249880849,0.159981171798127,-0.0294684893388319,0.0400329760024149,0.0611704762473357,0.349189403582082,0.0787678312734434,0.13928631367517,0.0518709358622617,0.174886763648853,0.20019324644376,0.26961563394727,-0.0944856376998225,-0.148329985896914,0.207084836885283,0.464831519790954,-0.109009950589947,0.196703227091671,0.125346286693159,0.151486481124247,-0.103917784620636,-0.0357580850014373,-0.00797740634600689,-0.246143508684942,-0.272372335075775,0.0980038999274859,-0.165970963203445,0.190870150719578,-0.0833633547899807,0.0867679180099513,0.175751361722215,-0.162608044269749,0.0692833992929333,0.140677694097594,0.25926649418864,-0.138593853690435,-0.0774515043971244,-0.0886885787865566,0.114976237053597,-0.285081520473395,0.0701375553074844,-0.0585554484470742,0.00986381393693195,-0.0473461086835335,0.0295877960064821,0.411880044110053,-0.0548323767470477,-0.145892285581194,-0.153005980140769,0.184359551166159,-0.127503777541738,0.0983107641713661,-0.188475950722223,-0.216359918887261,-0.155150122002807,-0.0786325809912732,0.11126985320753,0.182453271493916,-0.164140632698441,-0.183788049522582,-0.353778013938078,-0.12555106777562,0.138675368875595,-0.361809433824761,-0.123886286464365,-0.409190585493825,-0.456549056001518,-0.144959115719073,-0.217367545420639,0.0408171378134636,-0.10680264809991,0.185335869609638,0.210056608915236,0.0173450710151985,0.159727329601693,-0.0727953713939193,-0.0453830607424481,-0.582101201530687,-0.217212011221782,-0.117413981681341,-0.122879885125658,-0.192047863374854,0.136001258819256,0.143523862181884,0.0896809336077219,0.0866846115604685,0.173755140021907,0.0425915213154911,-0.116655919818721,0.28113252907424,0.323355471142235,0.205235530402888,0.0153127314041743,-0.0413739449547101,-0.0520799193029203,0.0694329376113636,0.206017695397119,0.0533369081946816,-0.030271521258303,-0.0306957280404203,0.0748687441677933,-0.109594624206226,-0.117771918383633,0.127254430167201,0.0681077869871772,0.144071077199301,-0.114583282181167,-0.00259714749201032,0.0290564742775603,-0.158034522810705,-0.339521702334433,-0.0844061699958733,-0.0911870356324731,-0.0962565940801218,-0.217258128457293,0.0806486233449087,0.044832902561813,0.0754171592776551,0.22618682503876,0.138478567472522,0.0398961484289313,0.043169406299007,0.0395961076502381,-0.12500006964909,-0.281495541752239,-0.198714476923967,0.27313942305469,-0.132516078251366,-0.0329753992258445,-0.0937014168096289,0.191553942061499,0.216779062838902,0.0558901418676223,0.106544807860276,0.101676323074014,-0.0292265798559431,0.265898688988343,0.0771580532430483,0.213591306521192,-0.0853387810827633,0.0747409980526711,-0.117819026145537,-0.100848524178952,-0.163482694026301,0.199047606721437,0.0266608903193083,0.388107238390651,0.315046140493948,0.243483953846192,-0.210830600202694,0.1786040022479,0.203512907345266,-0.282937654097324,-0.243012300705369,-0.524924122273122,0.128552577649438,0.00168025369364862,-0.0614141169775846,0.0486682208754701,0.041611906291423,0.00118750317210288,-0.024383389836808,0.017360199606305,-0.347905248321639,-0.318889864870174,0.0496876932173552,-0.176413968786937,0.225056319551186,-0.0455381549185601,-0.00434827323785713,0.0580582941392604,-0.115750818777409,-0.0455351513894716,-0.165589086817116,-0.101196906586125,-0.484271708646447,0.0342317858694046,-0.0279277818889703,-0.105233423650741,0.00294544169750101,-0.0756098086618664,0.009446229356925,-0.203155809943979,0.142076621201,0.230844996447016,-0.176502058455238,0.112199005109961,0.129989419790062,-0.0375520216462719,0.153798239459359,-0.150588499854393,0.168478759892421,-0.00753834506875725,0.262554884738048,0.243565741515053,0.329720215265247,0.427529486123079,-0.0222789112168695,-0.0623843398593603,-0.0243740510955402,0.207964424127496,0.265924424321986,-0.0279356346868807,0.103140103989882,-0.117460687961274,0.120284270578795,0.146155422103839,0.326750700533295,0.131772641760092,-0.0589332050832143,0.0354614486245661,0.217809561413811,0.0052075771779185,-0.319348253057124,-0.202133886148041,-0.134437979373034,0.188551399385832,0.121089919302626,-0.0379468666290064,0.0693042490092342,0.0879538475626878,0.19512586790759,-0.132347750710447,-0.296026457480828,-0.381304054554632,-0.0233862597987415,-0.0311335560965671,0.163505538754194,-0.0282075004215773,0.0465241048724293,0.178961257540845,0.163691588192437,0.19139160383725,-0.00179580184987677,-0.523181801684291,-0.249695555637529,-0.218839806482294,0.018192702550738,0.193638842622052,0.0508222909794137,0.0462082634514611,0.0983494083017124,-0.104024701902369,0.112492138292168,-0.235418255319018,-0.0780350390252162,-0.132775872528449,0.326941376634769,0.0952854245817564,-0.107476394054842,0.286564625240474,0.15963065348385,-0.075023713431254,-0.136574819987281,0.0415700355869227,-0.132142253835997,0.343716593055128,-0.00680757007497046,0.0759335721241905,0.342773493987237,0.113847915088094,-0.0718529995228254,-0.162998369291285,-0.0429012721130415,-0.152831160307793,0.19523618299553,0.180371276567657,0.413548826758486,0.240817501388513,-0.0538412513273343,0.444147162332148,0.50299052176332,0.309004350058193,0.242424114756078,-0.115828113081304,-0.0318578501448114,-0.234083043828939,-0.00851794245131102,0.0993765020439297,0.194527405797989,-0.00250612846857292,0.00412922356608401
-0.331669828055427,-0.242262889658879,-0.186916637413652,0.0750112366939882,-0.126914641647799,0.0133651318179917,-0.22959557416461,-0.238571284479496,0.379828329918708,-0.219513515939381,-0.00829481447382441,-0.0386853075393205,0.195486116182625,0.254583499988917,0.456266143776697,0.350387925309986,-0.0846660901837945,-0.153278885640117,0.264688793622078,0.0720141274835379,-0.11154645970338,-0.115190410651024,0.0237163980654911,0.191864324304673,0.398653490336578,0.328287812201548,0.312182064962457,0.244462701006927,0.692748271279395,0.261714180995561,0.426938940585679,-0.418050159806397,-0.151478756314807,0.0536762059661948,-0.0145818523103314,0.253335099718694,0.7374887251477,0.0968379176998331,0.441074959689656,0.392964954827028,0.16857800856189,0.286403365994203,-0.217954924203744,0.155956125163756,0.435271187409632,0.174921359260364,0.745789688124792,0.130632071743962,-0.104275365249749,-0.237348121362439,0.142746909537822,-0.0268918728077468,0.183958212416397,-0.199636255425202,0.221151391908869,0.323654385355104,0.301452797186027,0.39954681809825,0.241132831295542,0.135607122715108,0.685926960149632,0.0816404359276673,0.379967631111177,0.121091447813503,0.182674399523604,0.634382445630739,0.145237467877248,0.0100322354960325,-0.0279400380658063,-0.317080605641587,0.149694235061151,-0.16119187347802,0.290828597560122,0.193619204891055,-0.0309576611426669,-0.0163951357525494,0.0489460982716766,-0.167713734398412,0.0720096041896256,0.084301464740534,-0.0370289841047754,0.296055818181651,-0.0128742480682209,0.0111415866922265,-0.144551816212048,-0.1349490900542,-0.30970325147682,-0.203944210530443,0.273735872599599,-0.135940436892127,0.567107259510513,0.0214231108630964,-0.0629693198885351,-0.537356535484496,-0.0814292982713279,-0.142432963929399,-0.0519733897683908,-0.525602195679919,-0.377161764411869,0.199486832040302,0.177026321194156,0.0440204356579566,-0.105670533759485,-0.166649902676231,0.149560984554613,0.355800627574116,0.49249638555225,0.592193288457921,0.037607298366453,0.0503082174686555,-0.396898724901982,-0.397009458004381,-0.0337736670458287,0.071362650918278,-0.304632058197869,-0.345655020021207,-0.16440371751621,-0.34427410192403,-0.0430096472735352,-0.315529177322049,-0.581022309264002,-0.133762319650595,0.155199850711103,0.198524300950886,0.0138807809672357,-0.0777008225504756,-0.0377349202457152,-0.253265273536909,-0.162937784824347,-0.0103203384699059,0.601862883554309,-0.00575433905988662,0.0747570902296947,-0.00373394613742517,0.0315702843601567,-0.334606703576276,-0.0406252484744768,-0.0259223269430832,0.0529011754409036,0.112387873737578,0.374951649899852,0.625632962709493,0.569618520581631,0.124063964351246,-0.431974246616347,0.108130951046831,0.24875215888101,0.178651207735432,0.292766300663745,0.199827933170409,0.140812479680598,-0.0241603503332371,0.191250261367947,0.0809724085985364,-0.0849471194063672,-0.399575938858518,-0.121449970753286,0.204661639943295,0.0228449600285764,0.390760986078532,-0.0135953763485737,0.126181564570469,0.692664668383415,-0.00981523200320033,0.105353477881368,0.0570503400531849,0.0536952582804451,0.527006456750607,-0.00981438660917195,-0.510228159943441,-0.27316122797088,-0.514056982777257,-0.317841683661762,-0.363121928769516,-0.407760043303354,-0.0390832516500867,0.0338996798183345,0.0311664457862723,0.222869969714025,0.210303762004791,-0.102378217958621,-0.401551237397038,0.0712970577459039,-0.0232673649292647,0.0604776009401539,0.0965760404806756,-0.153191961535883,-0.161706562643806,-0.604165830711834,-0.28742821431722,-0.333095439327796,-0.0226052374568884,-0.110834336940976,-0.488849730711634,-0.327319466441491,0.314947850976487,0.217278726980677,-0.13374886030432,-0.241622075319371,-0.0653440595870245,0.128832846053764,0.0459712914023649,0.19634798952289,0.0150417969273656,-0.390555763820464,-0.0139379049449355,-0.187587807271094,-0.533705205484446,0.0484219039376741,-0.0994836862687191,-0.281009107871352,0.319824686255323,0.704680030312646,0.414457583036711,0.419418040503934,0.0861709491216364,-0.00695192733092423,0.145607059901459,-0.000162133097014849,-0.0592983355766524,0.359791565791255,-0.0435838720227885,0.0861344183205267,0.280983899815363,0.500775877148913,0.0463127099109339,0.329465816090027,-0.22231724249206,0.342386525404157,-0.0555094105997133,-0.112692032851145,-0.100538117094295,-0.231212111971789,-0.833661804812847,-0.00928855741123563,0.0731530730507624,0.00884544050151717,0.418768022138527,0.612212044042494,0.545059245224362,0.46870086767505,0.200144749339432,-0.0633492839619738,-0.571238991451745,-0.33889854834362,-0.116881813843418,-0.647996450273649,-0.0345679895518078,0.203221461905777,0.20427861504971,0.236018706002018,-0.377925628242484,-0.245213533065999,0.0644085885252023,-0.184942039843512,0.104627127045707,0.341717732469153,0.438541299846356,0.25585765650858,0.403842171907561,-0.354848202213254,-0.0721511803158801,-0.571047796483215,-0.249263265609804,0.0366008017552423,0.121673935590068,-0.0765093533876939,0.0114566349243846,0.217827462917112,0.145530932444802,0.823504494193921,0.681113205025859,0.37083583729341,0.507569664540992,0.0219250978221075,0.0356501298745289,-0.171882356937701,-0.381805985714232,-0.263908183133279,-0.316345526680504,-0.315878846130093,-0.25038782623997,-0.0677759234343663,0.0175024336301131,0.0689953000020544,-0.0904215455737049,-0.137365441100823,0.185448278604032,0.283139416973384,0.448201195197654,0.355336627632301,-0.390539416131487,-0.258345744712245,-0.546001191662276,-0.12458941809045,-0.0101661189089872,0.134576517141719,0.147359178002603,0.20055324078834,-0.00191825242829366,0.204507492278654,0.0422635754109231,0.299188772488019,0.49958974953487,-0.0140680731626959,0.645863363420327,0.319563432602252,0.298144847965688,-0.0802478474117775,0.25522360116963,0.0559580318144761,-0.079817790002182,-0.145733894364052,-0.0648495295708314,0.247434157444415,0.20065868787034,0.408477019364702,0.0519832757317269,0.0430886436414344,0.0174614913793135,0.0458039369226746,-0.143117270861766,-0.0711053208931119,-0.456746772549807,-0.665193192035777,-0.246315538973338,-0.0805532586293674,0.0466549684647649,0.0570543095246494,0.0721894530980511,-0.086524250708412,0.16997400319545,-0.321401089833115,-0.0032972796651527,0.311867677575579,0.0269160745964149,0.34666917891081,0.115032626312284,0.121554816401426,-0.215667081798683,-0.346866269443257,-0.109517282461074,-0.0155395877669914,0.248641947578644,0.0297248522568199,-0.0311075661429641,-0.136382256241732,0.036066263924604,0.351730672261385,-0.0895253573974441,-0.101789682587085,0.269787132566662,-0.117506950185042,-0.130959928788974,-0.460942107075122,-0.505176943933276,-0.414399234006201,0.1548326635792,-0.154459155335984,0.142230547415774,-0.404057607497096,-0.137822792689777,0.398449836006335,0.279087622019232,-0.0535974167309049,0.55687807549787,0.236188841158611,0.33475800103244,0.267447900149394,-0.0858690486687546,0.0466131490739626,0.404336580694666,-0.103745937205379,-0.374643543746024,-0.307246317967134,0.0299348745313301,0.18564228501543,-0.448212230938442,-0.229379661557422,0.249330772409408,0.0747127175630024,0.1657859103574,0.252703677364945,0.55374578418244,0.525286452113074,-0.11771203885942,0.163240214896621,0.327827817369959,0.135690023434859,0.0132453670479634,0.227624785602343,0.552346376463424,0.129806888281689,0.237740290519668,0.187970060004033,0.458850334585051,0.486445789351032,0.127515689655501,-0.0113590246998762,0.0759163386906396,0.3140739141224,0.310560962533124,0.00906838818846683,0.14605208291587,0.18285802937486,-0.116533171123908,-0.178067569550158,0.0970485929907573,0.0490420032208431,0.422088072955779,0.838591799942437,0.348148966906908,0.223590991816218,0.030365289912164,0.0880894844522996,0.11428108328305,0.0699154942930962,0.304822057739145,0.0447147541414637,-0.196138608978163,-0.193042020321953,-0.02331338591365,-0.466311500272351,0.0477299014106498,-0.0510975643804639,-0.229875017157599,-0.134972396742179,0.0278899137811719,-0.250728233933401,0.142216487430042,-0.382924587163537,0.0156028945336756,0.199500894047701,0.189208240410296,0.0713746496819661,0.0205329532684149,-0.0287350824667059,-0.177691813060393,0.0841203808972129,0.586359817360202,0.0287679699870946,0.370831926549003,0.490775162407106,-0.117198569628026,-0.0721288424299707,-0.363578744323962,-0.3283711016944,0.0916962934335304,-0.0817102203748304,-0.184297360674181,0.503436918880292,0.327570351211594,0.158344523463417,0.276549102479998,-0.161251280201901,-0.384931336190953,-0.258723484163503,-0.184957799260048,0.15150777894303,0.127089849563256,0.232006985502105,-0.0946124196520666,0.139906033673615,-0.0711466581107549,-0.363880289850297,-0.489468601280339,0.0534116793484285,0.0961116880242898,0.273569678370617,0.337922060707849,0.307575906823636,0.241370184650152,0.141869579645407,-0.00997728467771982,-0.226448055349253,0.0345691502603883,-0.133850706785275,-0.016435133867349,-0.277372074449466,-0.313476455019881,0.310558674002791,-0.0609844783913391,0.0332312180459387,-0.0462411822151854,-0.0156281326457649,0.638983796874769,-0.485721453733983,-0.178267071749165,-0.226283873502505,-0.0891961093086232,-0.340927160942178,-0.40162187006814,-0.0691150398441192,-0.287989510522811,-0.190600864094676,-0.18810374822105,-0.266695643523794,-0.345798130966869,0.0518626447525599,-0.220844594778187,-0.404868252616141,-0.533778041351357,0.128957480144272,-0.11934898721372,-0.187223277593348,-0.0703639140092552,0.381892028237915,-0.168051489860545,0.173306899059802,0.501469954820127,0.509702139545391,0.00766997278700703,0.452452994321122,-0.175297014758359,0.337773493030135,0.0531415081022823,-0.0482264661296266,-0.01414221199627,-0.111701796775642,-0.266392943952562,-0.319932019640453,0.00494734526484807,0.396155731255874,0.125473800867309,0.0882606861511153,0.0298098084516564,-0.548670289123735,0.0369577310604,-0.136135646042592,0.0820785450922694,-0.0172552192286399,-0.853481094479929,-0.140337659216738,0.384189825580444,0.180748653149532,-0.27501453888222,-0.178423562005718,-0.232605190291357,0.323626295353906,0.169687156219427,0.561722628012595,0.135218273234654,-0.214262196316019,0.0287790505073856,-0.0711918677284982,0.333077779539349,0.307483878667609,0.622078233317448,-0.0919578773500471,0.399642215621545,0.131952209371762,0.462059020840166,0.474521364931741,0.165371934068306,0.323561157056116,0.0204135505056761,0.0272572598055521,-0.36727479279926,-0.321220624748226,0.0120911097870224,0.0450444071031046,0.119863524628849,0.166757030360511,0.834009396713567,0.504388144536845,0.231811611193505,0.039244760465066,0.0924813017032588,-0.301709245661467,0.0199393662604948,-0.259877126770144,0.2188498338075,-0.267188629573115,-0.0271135756152947,0.126316802290797,-0.417177464436635,-0.495001681591216,-0.364781237930547,-0.0546013348494896,0.148753565146611,-0.00333716887339928,-0.32331636263309,-0.365820005540916,-0.180621072658307,-0.12693370238835,0.00625839431423938,-0.0748456905377947,-0.12044752961466,0.267354655623987,0.124413368261559,-0.0703050810614858,-0.067299342504027,-0.00458377340403961,0.401103089862272,0.01898575229112,0.255877494194707,0.464083057992292,0.431698727377954,0.46945652013024,0.393520281860895,0.196396581109248,-0.14157280820157,-0.132808911087874,-0.27846983844438,-0.410434258248963,-0.349987264934393,-0.103994043183719,0.0196006482908049,0.115335926431536,0.0555325945708907,0.557802716597127,0.0432586526768054,-0.190340200982515,0.00408226718019305,0.0193840433452492,-0.0280407758727806,-0.360783493054566,-0.384945608365708,-0.19341291734761,-0.268780483251207,0.00842045667533356,0.0154921175959642,-0.509709995617529,-0.1568393042007,-0.290300786162091,0.160663904580894,-0.259750269974002,0.322850406911016,0.10537176976619,-0.023909758626346,-0.341137952608232,-0.0616726263469877,-0.285813200945908,-0.697901142788692,-0.24588194634249,0.242597499910394,-0.0798478759948018,-0.214677855993896,-0.165346174036404,0.740085279087928,0.553309249129977,0.107935524323769,0.145153814495048,0.235170185096328,-0.205764005441291,0.295232980643,-0.0553835408055535,-0.307755399703412,0.0744168253934434,0.515338410444751,0.44204930678597,-0.00355189485265885,0.0982043977010365,-0.372897061841494,0.132130608786032,-0.0738008399881776,-0.280054863241753,0.0527824969014118,0.169470893294265,0.312919113540521,0.242267738054628,0.525189277550659,-0.148601819038064,0.110594916977333,-0.224335610948095,-0.0941454170337073,-0.0655485243395309,0.085276306874157,0.0600899757694782,-0.169335453780092,-0.650821890898514,0.211613486236937,-0.566906038231548,-0.265357268124791,0.0676536462557862,-0.0864776774339731,0.151275159263012,0.231577371488183,-0.130156953171565,-0.207156522052521,-0.579162238049665,-0.268291095607376,-0.399512194342827,0.0367098244461756,0.0139212218235918,0.143345996053422,-0.155654712021731,-0.149744491346606,0.0248064250327567,0.00897693367793169,0.182494365020152,-0.102119201901282,-0.289940146439172,-0.466751705846715,-0.205655944055825,0.028025528449643,-0.0714329033309618,-0.327128316526274,-0.0837179639275834,0.366197967332757,0.337168515659906,0.367550196822513,-0.0928045369200501,-0.313080795136389,0.0551861154215173,-0.210097864573962,0.0310375942519659,-0.334257894686239,0.257314151606216,0.404524478368288,0.625644611096048,0.367907628995195,0.0428234142587041,-0.296522035105978,0.117682809261177,0.185378649021226,-0.135072674310974,-0.115176569206398,-0.304041265010151,0.0360692249790042,0.433586400986052,0.335591209609025,0.191522625616236,0.277877790745509,-0.419097044583865,-0.120439726835178,0.070513426099699,-0.18382767494988,0.243947980178448,0.0787039146536171,0.272875075993837,0.399600270475026,0.258948481881947,-0.437818449382876,-0.222333620582631,0.121243302863017,-0.176236014567064,-0.274180557183759,-0.164356994015106,0.0758747244017047,-0.0487224911227112,-0.226692324811576,-0.400640658877433,-0.26070538909365,0.0143676600814047,-0.521174526139339,-0.0406528370823467,0.250659047659943,0.14043088917145,0.144675044372492,0.00826418633126486,-0.212612088187336,-0.509610886755393,-0.494713315349623,-0.552592574370221,0.183124222803801,-0.433815829085312,-0.584743388058052,-0.315625006826312,-0.312949555278254,0.109647099551405,0.164996939782727,0.26294543082142,0.151954088369982,-0.001470700221622,-0.359912765534033,-0.133957944172944,-0.0233086642417653
0.174262288726195,0.0171875573496097,0.143992386843471,-0.081542182610051,0.145029797226738,-0.11818619142256,0.18902363784681,0.0135786386657191,-0.0368700989186689,0.233954687379183,0.0667990774180216,-0.0672984980799286,-0.0104060485859808,-0.259093444864432,0.0457926995828046,-0.111630321376914,0.107146613733943,-0.205567359384075,0.0122239094554352,-0.0370726647209406,0.0140267501839652,0.243574235724733,-0.11645821430031,-0.107692621525288,-0.222459621527853,-0.0810748158575953,-0.0340370680882608,-0.0643910896467838,-0.194111473902571,-0.110509529288577,-0.254922325180956,0.114817437726087,0.0198210225490855,-0.0663243428077342,0.0255060061547103,0.00716780064502506,-0.313737088709263,-0.264260910704359,-0.109497035385654,-0.276768454604306,-0.0362212692422117,-0.128729213973359,0.112790082785061,0.00903102995112726,-0.0676090662014311,-0.00568680986401199,-0.195219352700271,-0.135108269259522,0.217434089800566,-0.0391379285065129,-0.122220938629621,-0.0531225608489037,-0.203220707881604,0.116357856071817,0.0415749582881809,0.0160512130723548,0.0241296324708237,-0.297992672384447,0.216204087036739,-0.112106116735226,-0.209801385598201,-0.18775238864717,-0.081801169393121,0.19212994755701,0.0294319998290986,-0.188068437416204,-0.0727262335912079,0.0156443933903969,0.12638099354836,-0.112524592992856,-0.0624733846798237,-0.061476743764419,-0.11248625092901,0.0340226759876597,0.0920349238434919,0.0248449950188972,0.0059045548038954,0.183465976834468,0.0745142168358435,-0.103630737703921,0.0538970684745746,-0.0649832138704097,0.0510194349043619,0.0112065618348941,0.0708742806905049,0.0473092020020958,-0.055730341645685,0.0817580197737565,-0.0712687546521998,0.141101100160637,-0.13188675472491,0.00937162892668644,-0.166185978494322,0.194329240190124,-0.048378168869826,0.10579621496421,0.0364432960457111,0.141764696894735,0.0460585770118796,-0.0391580791636482,-0.093561905625868,-0.15016855743728,0.251166200310362,-0.205141434714403,-0.0167502478556208,-0.246478092867204,-0.0712277880862975,-0.0702933015015447,-0.169979790150117,0.129668885814466,0.0104513635362432,0.233735406838472,0.041480898994685,-0.251995681364888,-0.00291033538759999,0.0605412051839062,-0.0960952064141577,0.00173440962406839,0.171512753277779,-0.0185063579217388,0.00683859786698476,0.172449151213262,-0.0523864307937168,-0.105154127353972,0.0184485528733655,-0.0316057950285332,0.0477449060081486,-0.0387421135029549,-0.0207741107244168,0.0473318886078034,-0.275639751669676,0.126838693182001,0.0371278660881575,-0.0467280769293586,0.049560385374531,-0.0772778889249456,0.197752253872191,0.0367666900638558,-0.0663549547326732,-0.297689412455335,-0.0198072629239064,-0.0446950513274179,-0.345072047297305,-0.0508750354018468,0.201072630923973,-0.00654243087519188,-0.00113935766156416,-0.116667786185485,0.0970287942961964,-0.0491289974357019,0.00753862882603451,0.0212723944103557,0.0623060620778531,-0.124117391016785,0.0371584846278225,0.249197807366196,0.166996359412465,0.0981387436598785,0.0544920624043518,-0.0599122303156015,-0.0831158324965951,-0.00399829036552961,0.0402688183334607,0.0353869277018946,0.0476580231642119,-0.126869738970289,0.229429117909128,-0.193445936791395,-0.140749639542429,0.0743360704974605,0.15028934887341,0.237937482632444,-0.0382905771880295,0.300295971917648,0.0749593072500634,0.123772649996382,0.214521206186612,-0.0117632553206396,-0.047016613082356,-0.0736003161710036,0.0600134150092836,-0.118262001105764,-0.0547108208548125,0.021107767115373,0.0637405774268195,-0.116487710694216,0.00454242035348439,0.0439538377036851,-0.201050114867136,0.15998809895106,0.1231956094766,0.136393843377701,0.0579992840082505,0.272418068627044,0.0687575965683555,-0.134938645986485,-0.0302966568292719,0.0104030695639852,-0.0977251787107508,0.0658524374386652,-0.0683492341403421,0.00310674449412512,-0.0684968030850566,0.0187812160765065,0.0568868873760059,-0.0124910363006864,0.157993182933896,0.334856430447503,-0.145938302734482,-0.0973155873128981,0.0581823140066189,-0.147818419477839,-0.0454414843112889,0.0502280082244896,-0.0779265544252811,0.0644904376823677,-0.149455401520162,-0.118006930911417,0.0990040587939867,0.0950705413381511,-0.227433335023654,-0.0219971017138227,0.250350411703893,-0.126909247894227,-0.161071885797341,-0.0938535173695035,-0.0746911425175667,-0.127996461388528,-0.0560467344116697,-0.0826379434521774,0.0420312649702467,0.0239129747869112,-0.149945645995028,0.338780732296303,0.071507005363816,0.0297230413209706,0.00140249855500693,-0.0300901122139079,0.0725269398313408,-0.0886423453534827,-0.208375814384058,-0.0691029181945362,-0.259889082523818,-0.0369125112855847,0.167856768622492,-0.0519311930509166,0.125315160909471,-0.0843848570325565,-0.0385046449859603,0.0499293606893944,-0.0561882503923733,0.063487607201729,-0.0657042388929297,-0.241072718476861,-0.0551715637053675,-0.00495452359811815,-0.127076876298572,0.090345261097223,-0.0564396880497703,-0.0662258000082264,0.0784800359672164,0.135058086024913,0.0577886970538721,-0.00530499824868513,0.106512079838344,0.164856818788297,0.086179047784194,0.174338104684338,-0.278125628596779,0.0732249440297333,-0.214456142709822,-0.17385013296472,-0.0688159206996086,-0.209828988486745,-0.148150960869823,0.00431349580625806,0.0111381407004037,0.0256277437202295,-0.0544720082210315,0.185011698565839,-0.0562912937130083,-0.105084419239109,0.125541250047128,0.105609290575646,-0.0809032672506376,-0.012386348123361,0.0987247402871377,-0.107569232759756,-0.0154738776316669,-0.0538705623738264,-0.183596337620636,0.0935671243398415,0.094479675807724,0.149866095259305,0.163785196319553,0.0971670133550035,-0.0874498906811344,-0.0712253665383512,0.121850989843196,0.142242607725888,0.110683506108292,0.0563744975573248,-0.0928391880493342,-0.00759904505359366,-0.0733810189375886,-0.200733483795616,-0.0732892043630035,-0.127457788286994,0.0504803529977354,0.0475628014735664,-0.252492512304542,-0.202764042615528,0.0566208333689741,0.0999874261424431,0.131724193096232,0.0853827480512271,-0.0979483933791425,-0.0214423308885709,-0.0858853608228822,-0.167204836182056,-0.108622719932065,0.0156173725464145,0.0403698323980829,0.26323692744592,0.0215708861566032,0.0834811620564015,0.0423324160315622,-0.00118139614471767,0.0126808384864835,0.187536427796612,-0.0595695375840592,-0.0461726442227411,-0.111303003177748,0.068091104259322,-0.241378111389112,-0.0932583383103661,0.0195298949903854,-0.201114848451609,-0.112502480579933,0.183892415944044,-0.00279510746078553,0.116078703276317,-0.0855868281785597,-0.179220912520118,0.0311860942690396,-0.0800581223743146,0.0911578833126469,-0.0413972202521287,-0.183717299789972,-0.101392786716171,0.127685237022704,0.155598573954477,0.00732621869144525,0.169678348622403,0.117864087269876,0.107455268482165,-0.00486523596296151,-0.147094042564844,0.0992300871717649,0.00492634901809292,0.00669463091977672,0.219064837531823,-0.137590360246748,-0.191059076249256,0.0957510683337301,-0.217028129222561,0.0784571855564266,-0.0433561572398995,-0.206413629703095,-0.0179088830670086,-0.049741769381403,-0.100868531136372,-0.0340160259640992,0.107741399081358,0.196758415385888,0.0608895284319512,-0.173757220704384,0.202165039925765,-0.0742979685718851,-0.0677064348402363,-0.00163473587312617,-0.234712255682547,-0.245904241422408,-0.151348100400407,-0.178404955696278,0.116707963203637,-0.0410479955202956,-0.242914396996148,0.0232851726073536,-0.110801202925996,-0.0146233309885913,-0.163940017238149,-0.0518981636752697,-0.259837634084389,-0.0967923718499699,-0.138729169059393,-0.172624862710601,-0.141702231523812,-0.144962530513218,-0.0552972194479904,0.133034498248971,-0.035390902364852,0.0856381977968438,-0.194933245098328,-0.037214416536333,0.148015661772051,0.353374675482816,-0.0951495473245421,0.164982599068395,-0.156075521821325,-0.139849082592451,0.052479341330693,-0.0174404561455442,-0.0723184913786085,0.0976714690946925,-0.179009559506052,-0.140570563805511,0.00962091877336914,0.0258138950667415,0.19869389396727,0.216611943034478,-0.0103035652643457,0.10430357003406,0.0244991326108635,0.110092684489229,0.269577985268388,-0.0800336919775663,-0.0519443498834907,0.0899731225937395,0.027378967506266,0.143492962061427,-0.0756580067983614,0.0948989974671128,-0.0282130456981024,0.141554160773361,0.0674981288915179,-0.0120681792073807,-0.122831985616053,-0.309575931019151,-0.0316402078066393,-0.241762471662013,0.167635891664552,-0.0765619504041907,-0.153639653055564,-0.163388953222623,0.166929928269893,0.0549157104790171,-0.0295704718275763,0.00966387031432372,-0.0839659866471035,-0.19792390798422,-0.106550762284546,-0.159321494444453,-0.138939379317461,0.0344394457429655,0.131704279703979,0.0286885347551702,0.0459257917228271,-0.0783893260578311,-0.0782996222139991,-0.137852783738767,0.000389234388214962,0.0361744846403017,0.117586740420674,0.2474010370751,0.209784271939623,0.130382373666671,-0.00811439468630461,-0.132137328799589,-0.0177151513723298,0.0337249445660504,0.110024675214983,-0.097376635186233,-0.20314873263612,0.131998324064989,-0.166479894102815,-0.0050046006177028,0.11701296464175,0.129569575487829,0.0693141618620548,-0.0361581949479274,0.0322753952471637,-0.0526721862246964,-0.0549250127362828,-0.1215648017323,-0.151673148917991,0.158589934964469,0.187087901863706,0.0543959780093351,0.134655001961729,0.0537409980514592,0.164991525983909,0.144425749671189,0.0663743953363944,0.0303830918530004,0.054319518368683,0.187962851883788,0.108237941887393,-0.226648694234688,0.0441528343450573,0.210953918017025,0.226770883399723,-0.120036728435883,-0.0579406036846609,0.160360711821731,0.135490831279082,-0.197639449258621,0.178098158762375,-0.117658511562501,0.00160112221247127,-0.112671453274577,0.0887062969542302,-0.209123685349645,-0.0762179273305987,-0.0770650977115917,0.0889666555932429,0.0940416677299253,-0.0451653994460148,0.0184917086939033,0.117356661201747,0.0512425649577447,-0.020119421860192,-0.133753610976453,-0.0527031304438056,-0.0128294314180649,-0.13756474133567,-0.0518926786361326,-0.0368481936569611,0.0779048850239487,0.0767317296057234,0.0283235214663867,0.11109546766089,0.00899328727201874,0.114393298768489,-0.132975070515783,0.033477773043211,0.0299313959271184,0.0656290402568142,-0.154025409301352,-0.0440058891176458,-0.0662643427560734,-0.0216556839230027,0.15200586604772,-0.113919040631134,-0.0765575596961705,-0.0872830750425135,-0.0777766629371532,-0.177758057411979,0.11445674038401,0.0240521746541567,0.105109262198512,-0.145833594511133,0.0110841539942419,0.0773292182289495,0.0530483924673693,-0.103214575612196,-0.013255844196908,-0.0202673018926945,0.112075676859577,-0.114890940581747,-0.0449597496124852,0.150061064013597,0.0572558845487547,-0.234060838993897,-0.0896025786934887,-0.090636698883278,-0.0479249070224287,-0.118716895520493,0.164659723295852,0.058794408429606,0.0344101059998681,0.102405511171201,0.106596835852969,-0.0689249803262297,-0.0206018708840225,0.0805725350649455,0.297359094014501,0.0868930591520533,-0.110384249260551,-0.130239313845147,0.0607087847941008,-0.0856600990447201,-0.0375040199340168,-0.0366658030873552,0.281213102184163,-0.081327346629506,0.0679521533787417,0.213117667852973,-0.220576500152159,0.149335290736995,0.0915392365951876,0.0894596341658778,0.0404030842586444,-0.18831248695144,0.0715147572548122,0.0902770698091108,-0.140006262917135,-0.0562256004490705,-0.000827940266303159,-0.308806031961417,-0.130661284988287,-0.00741801401762002,0.0655170087769173,0.0146031523718684,0.0533404975990811,0.152472993269951,-0.051834702888876,0.027303572863919,-0.00659146215719176,-0.131654139065109,0.00494793169231639,0.0866455339153526,-0.0866884953630405,0.0652525305119844,0.139581242353458,0.0264792051669377,0.180429067760609,-0.0093955202958918,0.0752044539103831,0.00733139154123051,0.18233740002396,0.132056309181125,0.17353097392449,0.0288968919779593,0.273804372668024,-0.055710429597927,0.281495780389653,-0.0622372894426613,0.0526826928285384,0.0290251038135893,0.0109093883736971,-0.11700507462693,0.172272617116778,0.156656083102699,0.00575594916115917,-0.0815618892614012,-0.190473339518838,-0.0285432153143889,-0.0102763156980857,0.0573053364307266,-0.130385534986683,0.0669495366809866,-0.0242293938782521,-0.346835871260171,0.10186618032193,0.127648592947501,0.113900956530012,0.0449658488088794,0.129180058306648,-0.238457437029733,-0.300407956937394,0.0147799004380382,0.077446190065733,0.186489802229858,-0.0788546314473251,-0.141045205133557,0.21654108694937,0.176176364004488,-0.0758763758579328,-0.135905917412252,0.010450218730243,-0.116394230918466,-0.160967670706743,-0.0659493115174988,0.126177501050811,0.00579447472932761,0.00320819219470187,-0.058693493034421,-0.163136913725468,0.0524058564901689,-0.0693828657084868,-0.0564949922504191,0.222701397168906,0.15591046054864,0.164576866778278,-0.0177421260999931,-0.128489342558378,-0.0301907809428711,0.0528443379736889,0.116750094128174,0.126051856871017,-0.0139952133843554,0.141983636682933,-0.16744312533576,0.00988414497011325,-0.0474104097483047,0.0302935744818239,-0.158115302877837,-0.0184139533555905,-0.0147148727773284,-0.028776400413656,0.247829845576114,-0.0300633667728303,-0.0102621905744319,0.0318190848712496,0.0196250523731601,-0.0168588478978848,-0.0552733648767679,-0.0843879220983307,-0.0691642167230093,-0.0499702190029863,-0.0903147402727216,-0.0859929514780629,0.289081233592114,-0.0946214203717121,-0.0249717996656679,0.0423280401062381,0.053085751612415,0.043779025160632,-0.160356335113681,-0.113166773816886,0.0250237978068897,0.0935220782243615,0.00873352127911187,-0.0347817704578985,-0.0533271276548041,0.00811593115156333,-0.0429812538679274,0.0270507085868565,-0.0566942646435601,-0.232695533794149,-0.0741673988394661,0.0680435993318152,-0.0386021388979335,0.0575749006884499,-0.0254042788990691,-0.0114457158643584,0.0811984598487737,-0.216823572873537,-0.0309716743863063,0.0243292726871969,-0.208351981572522,-0.14272609718236,0.151292811617243,0.12102363695013,-0.0852289952109398,0.119187367430699,0.14476193207662,-0.26262808210229,0.0922668608272961,-0.192261369186776,-0.0910257190636996,0.0241626810909051,0.158743026227068,0.17006952266739,0.0176683801443044,0.0683336369451252,-0.0221457561257014,0.120314685494014,-0.268856926057315,0.0065066221132014,0.258477361899571,0.207183342927191,0.0782822886964867,0.0518682438451407,-0.171303639165464,0.0767553376873169,0.0333764865194916,-0.0443506324917028,0.180622462932017,-0.17383954696077,-0.175905055608381,-0.0899472585981154,0.105203765963479,-0.085316216165771,0.0785262027913892,0.0557889311820532,0.163074302099012
-0.30696492962725,-0.183193587538725,-0.0362348240513706,0.0880379204087383,-0.0568763773916306,0.113139729556991,-0.168943030371519,0.134421002715451,0.152567446367483,-0.0358618118670857,-0.10791008731586,-0.0455672000588246,-0.00456478054056658,0.0787484235980659,0.310957364209888,0.0521036430208884,0.00658832707693571,0.220957567815569,0.186335198162381,-0.138380371861945,-0.218716860703754,-0.0140183332223263,0.175369026797737,0.0909845421080553,0.222285533932905,0.173278368361182,0.0195640125446747,0.438111780657466,0.512552979096799,0.390772810344673,0.246127397896957,-0.23137586874831,-0.331085664112072,0.0897247996198652,-0.151342891584014,0.187860848906188,0.408152485899403,0.313974819447847,0.331260063556239,0.150261343271447,0.275817484772982,0.11515153875479,-0.0902402066585867,-0.0388210170650095,0.0658499522297677,0.271571733394584,0.545228193799324,0.307775668265838,-0.00417510588832486,-0.140696331767508,0.163378148122536,-0.0928569586381561,0.0623558340708669,-0.0362828927361979,0.0196014886043948,0.0965956018456069,0.390329142758125,0.47145998668662,0.150961677514894,0.244342399875428,0.406522183889487,-0.0116593631634659,0.18319434586282,-0.015378077855627,-0.000134329506956146,0.411158860287522,0.00849906924216655,-0.0908009009179333,-0.00889934040971851,-0.0505415775500774,0.188075001928478,-0.248717667567649,0.358125465130909,-0.00827218960000509,0.0821586216334553,0.144169261708675,-0.135607591495044,-0.182689483451188,-0.00638395751480822,0.00394058915384292,-0.111805624223639,0.217442006049432,-0.10216154765074,-0.00479158578630716,-0.152002209470834,0.0564874380084524,-0.0773779348889399,-0.0446211125117869,0.0482681044491051,0.158910821447678,0.616509719203561,0.143303686863685,-0.252386162669995,-0.393485246478431,0.0260098359882067,-0.0196786489561115,-0.145392996811143,-0.619993368926976,-0.349125661213526,0.0852282248065247,0.13377699044058,0.049333462590518,-0.0595649765082613,-0.0302046266766703,-0.0249848296734667,0.357218527630379,0.164180023695147,0.310503776706839,0.100108024990285,0.176191402489065,-0.264373221228523,-0.401462392702238,0.0718185647495716,0.00322412228604409,0.0774300141167118,-0.368288943289313,-0.235854514556051,-0.0524711073140069,-0.0935980712149742,-0.354932701744406,-0.349038107616148,-0.145671817012752,0.145974500884519,0.3795633818307,-0.0305056095625529,-0.141176697747382,-0.0209697962431795,-0.13061741119556,-0.0858013058717171,0.089104291345227,0.256274254468908,-0.061077424456679,-0.0551958723776327,-0.0459847275862722,-0.0715776535219851,-0.365012795014832,-0.259358538943645,0.0266990102276658,0.0498145243704348,0.106618082921388,0.30038398359194,0.471666458830538,0.372842367929485,-0.097308025021541,-0.183071985865393,0.0404340347291675,0.0998192131341682,0.138673654482145,0.241859993826419,0.210690235180091,0.24384581655195,0.159780681377833,0.103036856180669,0.00992067874352253,-0.0322478375135111,-0.185647025872478,0.0369593221238795,0.0477468478705187,0.0321079652599018,0.266393489648633,0.0203924226693152,0.232612268802138,0.36713792472218,0.194784324962392,0.00701620325426473,0.0843720764255022,-0.22653231393707,0.362735593096595,-0.0492704431447443,-0.275291240233845,-0.233717368553897,-0.269952307324866,-0.244444511622453,-0.316004071059964,-0.345691649183817,0.0331846742345498,-0.148743180485354,0.0366172307466289,0.0705876277520565,0.0411967065913538,0.066381858915303,-0.224521581976406,-0.11082984286052,0.0668409657567451,0.0981871158299816,-0.0131901658205133,-0.156684185644927,0.0650462834663426,-0.456863291480358,-0.268107829674751,-0.179059562337947,-0.0487479159608933,-0.120477731578133,-0.333905201351095,-0.427303828754624,0.291424453555925,0.143618431198237,0.0222221147971431,-0.0451876391954177,0.144071736967281,0.133243435329221,-0.0153678939101085,0.157407629792887,-0.0128928539510795,-0.24584569755968,-0.242107508197263,-0.407111090819002,-0.182652222155307,0.0558640189203047,-0.0818577481946808,0.0133237097232786,0.211204645211843,0.555000171294775,0.335431709698433,0.42957158098847,0.0834404519303436,-0.0908384488092773,0.225855954531305,-0.0462312460098972,0.128265364520773,0.183946313312606,0.0313569402137936,0.231231859330422,0.513705481113685,0.518587568570982,0.0150882732211843,0.208231502677716,-0.124927572562227,0.222016668891246,0.0400009501800817,0.0926415441126296,-0.156986636605607,0.0765523134661571,-0.499273059921446,-0.128841944963186,0.101448530017378,0.126135685102032,0.0686856447568497,0.406287904796706,0.324896161677345,0.199747297951847,-0.181258836963008,0.120326828692216,-0.2593662238936,-0.286904584452745,-0.188990708324086,-0.323851979127548,0.00646147796063034,0.0389311387436899,0.176605785054237,0.0601365685168602,-0.288084462083967,-0.284314812933231,0.0406841200833412,0.0944381895256124,0.256089000873901,0.242024026968501,0.307224697925068,0.387872968057845,0.130906678340845,-0.101547351076178,0.0592407483772405,-0.297489870599881,-0.0863953932667484,-0.0184001588125806,-0.156590080066123,-0.133533985755736,0.00921372343953603,0.097415126596728,0.181070210027402,0.533232237689789,0.533635729796631,0.140040904178949,0.218569240573071,0.0693608180707635,-0.0509576979751891,-0.147346015297476,-0.413077068701365,-0.0883691439040526,-0.342658282595534,-0.0767040055406538,-0.219367582259167,0.0849491144364561,0.121554919959981,0.150193710661292,-0.00429130193503138,-0.0974622624646291,-0.0195869391315064,0.193851986789189,0.22059227739534,0.347475205633652,-0.325425929963531,-0.313535733252985,-0.163047127961188,-0.272059247605147,0.00483488045034631,0.22385064003125,0.00934757550060203,0.139421090506678,0.0144403148051543,0.203703856483874,0.0092858633886463,0.0570625181580653,0.376973834915003,-0.0112836037949291,0.552267531846021,0.261991995649687,0.204474178296658,-0.0381605850304291,0.202212874335483,0.25753113238733,0.0923849829984572,-0.114050347691937,-0.19020344349614,0.22703487248011,0.154697933875998,0.267800090404459,0.171580556561956,0.154277227004687,-0.00555201005923105,-0.0111747074146533,-0.207109265083263,-0.271140988932689,-0.387942074923666,-0.384411689806561,-0.167831206826471,-0.0959262117695121,-0.11822581673618,-0.0136505597944641,-0.10181562418253,-0.124490334218873,0.041020445867931,-0.315673419409545,-0.0268398203846001,0.0677716358310356,0.00347836611170255,0.289834526937349,0.161064921598912,0.15307600021549,-0.0437577080630032,-0.237453027517414,-0.073505636347899,0.143791559842206,0.0978710502873225,-0.280802738975359,-0.30479979194349,-0.0763619613820448,0.24565548478905,0.310169597442846,-0.0490317212035137,-0.0363064044114706,0.359502571887448,0.107631615977506,-0.320573906733796,-0.314030962695821,-0.47530225032578,-0.35393846097771,0.141486740686864,-0.027290845169234,0.261001164290529,-0.0916927877600062,-0.0342940446335919,0.171720256575034,0.192112812518638,-0.015695936250467,0.272753681786905,0.0337570384499875,0.407478363214674,0.0857174948447775,-0.0704102781391348,-0.00552258523732322,0.239327105358414,-0.00738399609528741,-0.207672676217204,-0.0808645497140728,-0.16433647533074,0.109095672997594,-0.314870355646251,-0.0570841904892955,0.187198070506028,0.177094811911981,0.269215147846573,0.108259894273796,0.572000395419509,0.319873584333999,0.015433392934575,0.0890434901997971,0.292697913710157,0.10908629867463,0.0946105381466533,-0.071802004930575,0.291762021238852,0.0695508602486534,0.347370183494165,0.175941712746414,0.147031777540318,0.295444740804046,-0.0935274225358091,-0.0950238520594415,0.0890945116473187,0.220055474202757,0.295207956511175,0.0305143001706553,0.129562651112645,0.170394939327676,0.116591901097105,-0.228406700638107,0.0397352378655648,-0.164143085088996,0.188677362351882,0.538245031189502,0.219448474276901,0.162588485968519,0.0373063851911668,0.110872641350882,0.0361841202435302,0.115989301147037,0.218350549136853,0.0838907944169399,-0.0596613512232442,-0.2267030422415,-0.0959277403834656,-0.341370931068913,-0.0850182322797122,0.139605152072886,-0.272260728284802,-0.185339853277103,-0.0673703727606074,0.0254909377789201,0.0555934855907644,-0.159985517756068,-0.0822683810773186,-0.103568142165411,-0.0292121422487502,-0.0597123437808106,0.0222342912523018,-0.1516014890467,0.0649307591570744,-0.017896877164105,0.223750061518234,0.121363662741873,0.361306201336648,0.152933783165477,0.264499147935742,0.0366832926022162,-0.00582293723409888,-0.227074738207476,-0.0977869593383145,-0.0316594807472938,-0.236767133982641,0.301405644700857,0.0832534027507289,0.358230781418781,0.161040099244151,0.00334660878812765,-0.00479562702841574,-0.178549409211418,0.0422102866164956,-0.168465896240433,0.195914387362098,0.142277559649545,-0.0993092451515941,0.0105000929149147,-0.02385999433242,-0.191466366711736,-0.3003113284452,-0.0704876711256557,0.193764460884953,0.158139898555417,0.335729165736248,0.162204808048625,-0.0371783805747073,0.269119384357739,0.0315160254680751,-0.205708105810488,0.00473740702909824,-0.290440941119052,0.176106132040794,-0.0782011825570963,0.02817131362225,0.247453264871065,-0.102483856853457,0.036202661439956,0.185906098039215,0.2980831884496,0.491868407133701,-0.402667722821167,-0.00262833973923812,-0.200068232579013,-0.130756382660337,-0.266543620673514,-0.190799937433184,-0.0536783838675783,-0.237572526635952,-0.116411488803114,0.106419958336528,-0.252271273513246,-0.2927360375594,0.166587384202588,-0.121416841039011,-0.245114496683555,-0.250363167867913,0.193390796352786,0.0293118924669201,-0.276334736046244,-0.0115721669247899,0.445307104441278,-0.164250828719765,0.293935780376025,0.255676178511414,0.214052552060496,-0.159465809750781,0.192813338234445,-0.023747814105364,0.0478272583474106,0.0728251826183034,0.066195639656707,0.0446182887672792,-0.239238217709582,0.0327590773350255,-0.183840714602734,0.0330123067179026,0.167606921633271,0.189834688664551,0.0211951848618382,-0.168346346485028,-0.162200291621367,-0.0660991153785622,0.00500896420241934,-0.10811900265271,0.0109449900202881,-0.516874983040514,-0.263893768854107,0.365947466552113,0.13933113571984,-0.271096177308902,0.105701990179563,-0.087545236353647,0.330194772280493,0.304664144438591,0.274355267088917,-0.102308671140451,-0.0615704864275362,-0.00366959221477791,0.128433901307632,0.342692869774455,0.441918955742201,0.461011071832062,0.051421404958925,0.195953265689968,0.177892727792684,0.554503904370637,0.303343392227526,0.419227792490663,0.20038428879052,0.184431975570305,-0.172363356028727,-0.157859496625668,-0.362139421475822,0.146918941455558,0.0873355661920046,0.181720232022231,0.0803276580404777,0.620057492255003,0.361412996321709,0.0147010236235974,0.0537426714832466,0.0513243151411305,-0.14147528936102,0.193498621208199,-0.072028471255647,-0.0831667234956439,-0.139247250372306,-0.367682974596127,0.196063533160246,-0.45136670115,-0.376199206764157,-0.271582769970592,-0.00624959999260081,0.187786424094019,-0.041788156134009,-0.379157598465278,-0.381016850766606,-0.114182462132766,-0.101338282900483,0.23800071376167,0.0514557531492796,-0.263297322371241,0.150245327483316,-0.0166309716793588,-0.0852367390673001,-0.0672366848984915,0.0570370895914448,0.0603892972903111,-0.145402332313711,0.188501209327588,0.458670312911625,0.197645276661878,0.269863849461072,0.122261975977253,0.314052303855588,0.0274628538986197,-0.0158901304626774,-0.201999088202683,-0.39761182758874,-0.0976142892819309,0.0305939863168003,-0.0450853322043818,0.0940542545263788,-0.108918906503964,0.308630104070943,0.1865894262743,-0.174382544231352,0.0482488945544594,-0.0409890188399568,0.0454578218866525,-0.522670954495693,-0.256774503466566,-0.175177076990029,-0.173679969922998,-0.0938814613591522,0.17964787810307,-0.409711426331991,-0.178437130436528,-0.211969360934189,-0.0104334848622784,-0.223293420500515,0.156296710929272,0.232601413404981,-0.151679977071501,-0.0335926942673793,-0.163284387760781,-0.298448530613831,-0.388182814569068,-0.199417389983044,0.0953906840895523,-0.0965349149038916,-0.0570772975632428,-0.201893373812787,0.260647421547332,0.649879880858468,0.0486453073109233,0.122719040001816,0.36390989382536,0.173246428427557,0.164285425648178,0.00344894465225412,-0.210479685850915,-0.0674177770445886,0.199702995658603,0.457706887138956,0.0793897321256969,0.122517129371429,-0.257916571220983,0.0796982860888754,0.092745366920729,-0.0777959084782351,-0.111677520367628,0.186614435971016,0.142998388819707,0.184126500456182,0.371118496206601,-0.0124118025241788,-0.122722234331808,-0.149321258361238,-0.0225219349833718,-0.0136094478100853,-0.0329677476523993,0.28749270954683,-0.0444160221940848,-0.405056334824602,0.028611803703583,-0.26474970026763,-0.173975811108697,-0.00972671285114368,-0.122993799644747,0.121894793001593,0.160455224095381,-0.0791656644956063,-0.346624208649141,-0.20434315995973,-0.177045875459512,-0.316618175867808,0.12255576776495,-0.0395764551015511,0.0218681506228308,-0.199688763896738,-0.173814331554639,0.0472840283450869,0.0914323743575895,0.256528016970785,-0.152751911356004,-0.0429656408059471,-0.251862221139955,-0.0662951281966794,0.201789278153818,-0.0246939761100712,-0.0637548393898552,-0.18136586442409,0.0988513386451528,-0.0592489636060477,0.2009556402465,-0.12871365960635,-0.0272422099924276,0.0571113501594113,0.0226119216839035,-0.126968649125097,-0.230674689918076,0.227972134479629,0.37561379762595,0.230408253022591,0.264160741388401,-0.109094837506639,-0.285489174079353,0.109635187792409,-0.0466365561465281,0.0153304406417408,-0.180390174720806,-0.214366768721549,0.143572765170951,0.41259196907287,0.301697276610382,0.13406885181182,0.0892009729747495,-0.318548127602029,-0.0407462095194734,-0.0338508131881428,-0.0634683003251096,0.233765340190052,-0.0205796852083718,0.0866601438195346,0.286294854488599,0.103777182201258,-0.324980715956335,0.0233200694249551,0.0184119828321213,-0.259081263821958,-0.0816639710992076,0.0240566026204866,0.0117052084724348,0.131323124847869,-0.00985404262872815,-0.311702790708131,-0.27202856728336,-0.292028851632159,-0.483748149168542,-0.0260196089577714,0.114362429828253,0.0803923599046078,-0.067476092029623,0.0267107286328784,-0.171179635318582,-0.336833667139904,-0.293824451689861,-0.468050027497843,0.0541724181637857,-0.345311397126103,-0.332571358121894,-0.290988062091886,-0.433749759800561,-0.0225587589016258,-0.0421517162385214,0.381156258658873,-0.0417003224899631,-0.151756455427948,-0.0890646475850245,-0.00127985611980545,0.138502047729325
-0.0864384681750787,-0.0136737281956475,0.134277550248428,0.0478379607322455,0.00230081234848049,0.114627719281417,0.0554838510881157,-0.0226388299630816,0.117167273188155,-0.147503091796277,-0.0382393167798389,0.229392635847547,-0.00130162188263915,-0.118143572678594,-0.164906089195695,0.0636289971980104,0.0706792650040645,-0.0422305707273118,0.15511935065007,0.072275948068689,-0.117231017680134,5.26805179774971e-05,0.211875746175231,-0.0952780617377714,0.00329917391410622,-0.0184788939127334,-0.158300267435675,0.103912113388891,-0.178452910333601,0.109103641314229,-0.026284953238474,0.144231620546334,0.108146839051101,-0.0570493110054582,0.105006840780226,-0.0918764178782933,-0.164145899498218,-0.139994272537355,-0.00645873536713129,-0.0771620852561194,-0.0116401544433094,-0.000523223060932478,-0.0877912700064425,-0.115556175721683,-0.310693955231935,-0.0339345666936114,-0.239906171178842,-0.0163356020139486,0.0948253901078112,0.214198716750268,0.123146958289221,0.0954005274685846,0.0796087476486252,0.120145750238445,0.0588020932375166,-0.229181049287426,-0.0574503977167463,0.0466568242465535,-0.013056928434117,-0.139443386437844,0.129898256993128,-0.0726537205961433,0.0105306892746248,-0.10356673655886,-0.000782532164229046,0.0236768673613094,-0.18441619510334,-0.0878947103696466,-0.010447214431248,0.0591801841432394,-0.0682694050264293,-0.0753858820475287,-0.222196271193901,-0.0525066250809878,-0.0297880312735539,-0.133095356704335,-0.0349012398650681,-0.211881988902251,-0.161206111119353,-0.166757444125514,-0.215050134501322,-0.00520348440609011,0.0962866186872785,-0.103551670168925,0.0332360349872546,-0.138255274778449,0.0243668067569826,0.0321210603351351,-0.0376062062034406,-0.0137247242843374,-0.00163034344682841,0.00758483162592227,0.0476229276400352,-0.0243481521420449,0.0723438128658841,0.00901678232272407,-0.0354479187338996,-0.0952674647021306,0.149397374716287,0.0418596311314429,-0.0913671756428426,-0.0671904208328959,0.0114566005819389,-0.11220201467332,0.0144109455546333,-0.0124438346234454,-0.155870088560868,-0.0380527396749717,0.127906504293879,-0.035753046246204,-0.0892180228148097,-0.115886901406879,0.213402504032828,-0.14127962175092,-0.095069428068687,-0.19715084291289,0.0320215033317408,-0.164438176950968,0.0630950700324667,0.0417505570198035,0.0831845194285172,0.211158893870627,-0.0705020284586541,-0.0715652105351813,-0.0127296527495555,-0.112674751828876,0.176753365763125,-0.0103621167984521,-0.00879435005995826,-0.108936423034692,-0.164026244862867,0.165154642886647,-0.0174989532331859,-0.0316213103511961,0.0850041624502127,0.0966744792793837,-0.0278998114314869,0.0111324365674206,0.0301881846341397,0.00788494343780859,-0.0894544169748108,0.0883336174156887,0.148064452560316,-0.0646190477656778,-0.0529871012347806,0.0318007508869243,-0.140248012039625,-0.154280455226489,0.00182895323252772,-0.0534393041307088,-0.00637889071647966,-0.183049876462912,0.00300834523266128,-0.0790035025066923,0.000305100330174434,0.0986775914497718,0.0335705685109779,0.0907663491563975,-0.0461108363280672,0.0384019826487257,-0.101914969964614,-0.0709241912867133,-0.106543435147327,-0.0619223588100437,0.115249485297643,0.0562896553929984,0.0495068825643636,-0.0565667001495699,0.0789901990301335,-0.0654894375593715,0.236525448886137,0.038810948114013,0.0758656254544464,0.05403970272423,0.0582803169846057,0.0303076814362764,0.0538376570429023,0.00781376440205833,0.08918632055564,-0.0308093276416795,0.142582551681118,-0.0650447159868719,-0.0655456127016535,-0.0167193335051911,0.174727569826951,-0.0057598968460668,-0.0242257049533665,-0.129272107088406,-0.0225526864181905,0.0733847950877436,-0.133381595017062,-0.0401094591540495,-0.0683214201216668,0.16747352521728,-0.0669760352611363,-0.0973937627967571,0.155642642974831,0.0404226684879798,-0.0313834892004784,0.0803304575707166,-0.147205824077025,-0.111763355707894,0.0813514384579444,0.0701419670521082,0.133692968965724,0.0245302457538381,0.0954152678616254,0.0923992079626747,0.0843761754075387,-0.0389424475566191,0.112871931152704,-0.0236190540046552,0.0143527675222047,-0.0597290053317214,0.0276026609734674,-0.0207775101998313,-0.0126938082913175,-6.81890806686694e-06,-0.115536698061512,-0.121492672856576,-0.0937854100052541,0.0817976409428019,0.0124668819093473,-0.192326222948073,-0.0504108321417475,0.0435142667379345,-0.0164348663152075,0.182997138022733,-0.156585509056827,0.113004730227051,0.0485022198647661,-0.0596462492011111,-0.0521583451463773,0.0423578396342003,0.0242203201537855,-0.0742082318007212,0.0183864329123794,0.0103120163895575,-0.201969485806917,-0.0411426407635353,0.0764179526972396,0.0997996229337847,0.00884407752859195,0.080851346745812,-0.0361426875442173,-0.0129232948364721,0.0145520550065702,-0.0356551831525908,0.0375758146295096,0.07911860362935,0.0881825473267097,-0.120774994800443,0.172031280206616,-0.163649906089759,-0.266639710940618,-0.0216435696294032,-0.0493190295171993,0.125735511834342,-0.0930865329606857,0.0491758927894789,-0.076593448004776,0.123044060354647,-0.12630282946064,0.0099614294780661,-0.229053810067339,0.000216716000733406,-0.221442310332018,0.04792180417591,-0.0804098325261823,0.0620419669940178,-0.157489736527653,-0.0353839165506081,0.156730001287524,-0.0535290910985874,0.0549155511903412,-0.0617007317924782,-0.0776571588741048,-0.102198950959704,0.0603886483547001,0.0683840008772802,0.119797768646691,0.079816106015324,0.0161684976642761,-0.100775577408229,-0.162066752674763,0.0224764538308305,-0.0496805807293436,0.127707517521247,0.115655285037949,-0.112156214577847,0.119594655297069,0.0989231264556874,-0.0186756954696491,0.22315512858092,-0.00969316848587108,-0.00204516194152623,0.00501467191187424,-0.0468425548690736,-0.195848821352754,-0.110372908513786,-0.157825304608914,0.217157198098169,-0.050823075489313,-0.210274980508884,0.0884472031218508,-0.0740506169357718,-0.0348844318817712,0.00621201231699443,0.0955027660874673,-0.031019529884651,0.150910404025568,0.0672326113599265,-0.0760185887706083,-0.144797726739863,0.172798503954021,-0.0635330425685803,0.0348882323150868,0.0692296856824415,-0.0488322590941583,-0.050881565746954,0.0759498873667931,0.096495855927751,0.011245421268106,0.20890729983015,-0.086974617694044,0.130281023303719,-0.105765938994949,-0.00167302222315621,0.0109885832680536,0.0106293248008865,0.00191369512009229,-0.0763040500226211,-0.10860065443786,-0.0912864786680009,-0.0144211880572705,-0.0173595596716722,-0.1341852441544,0.00492698413438557,-0.117385810570731,-0.0852602978868554,0.0875438866319942,-0.00635870135329085,0.0320444704795787,0.132711677117389,-0.0766858828687376,-0.0545667311159851,-0.150220162829103,0.121859171724495,0.0121744757735171,0.123154755035318,-0.22538376242589,-0.0942181223747529,-0.0916987419755013,-0.0732394982471462,0.0771993400524937,0.0718966944815455,0.0977210684396318,-0.107927055986137,0.216506116193917,-0.0236539711961501,-0.0735052877920331,-0.0225760314015103,-0.019251329478718,0.116593782892263,-0.109302822412696,-0.148143508061172,-0.0336572709988639,-0.213862878765605,-0.0312622014137059,-0.18261915331706,-0.0722530890086712,-0.177517698000527,0.102443574268837,0.215849644983807,-0.0234901143619473,0.0273916119246374,0.0393720674335996,0.228219958840441,-0.00563607792040978,0.0119149635445626,-0.100091829851569,-0.10184443605258,-0.126364373574187,-0.0926934742662617,-0.129802019350898,0.0510423376438986,-0.0663524673420991,-0.0840568408897369,-0.0450682781867552,0.0424234904637301,-0.152066766638387,-0.0752255790981898,0.0724508275437966,-0.00402876813279358,0.105568376764347,-0.231081855981931,0.0779933081904605,-0.133275740300742,0.0579587179174776,-0.0535660820119973,-0.143382039381653,-0.0125507151539455,-0.0561918679624859,0.0655897616635813,-0.104106235979764,0.0983872702762705,0.237281877602159,0.241661485089111,-0.0927007756356271,0.137944974028279,-0.107543957262237,-0.173769878407527,-0.0487532874763165,0.0376317580229938,0.0519672197101983,0.031968276579484,0.211783596395325,0.131388012974661,-0.00372449174287913,0.104453497281174,-0.00313627396772659,-0.11526794188984,-0.0610808555688063,-0.0783492323778067,0.0376410804094299,-0.0923737658985745,0.0613486732803939,-0.0114311298060706,0.114080957125335,-0.109123905530265,0.0947055433577461,-0.016758287751492,0.06079037757029,0.0807538782177566,-0.101062112147278,-0.0516419424504113,-0.00706484522431709,0.0399193851444811,-0.0552542734993107,-0.0568174555415846,-0.287694635573074,0.053068073581531,-0.0656875236904321,-0.0286043112545669,0.140896925401863,-0.00124768184254935,-0.041639562757743,-0.164298390607788,0.109637616936878,0.141612694083542,0.0747602094292556,-0.0507918060584598,-0.0216137455165726,0.0870423569482173,0.0313524459907472,-0.0702212960213645,0.208760784782039,0.0593391503378531,0.0557489110147984,-0.1610465064684,-0.113758939250998,0.0638758065860466,0.0143870270722168,-0.00793752015919917,0.0710452610321389,0.102123838560614,-0.0416296980348394,-0.0950232250850553,-0.158927427312869,-0.0882620659361805,-0.138029959220395,-0.0774239097465867,-0.0534877467461014,0.0919898644518828,0.236729498317019,-0.192470552429747,0.0253006705060262,0.0311086799103197,0.290502578545253,-0.125978559435432,-0.195039626519812,-0.0905988688980619,-0.0613202683068106,-0.00372599495227022,-0.099689043433186,-0.107215545296473,0.100566937848275,0.136661912607939,0.172539363962292,-0.0441717539097492,0.0634110104568887,0.0611310344219978,-0.0896212348513973,-0.159986989171583,0.00417172076026662,-0.114735221323063,0.0597306798219025,0.0601460427777666,-0.058588504892315,-0.143519413132842,-0.0159541410527859,0.366569290513367,-0.0338692434280808,0.0395410980213229,-0.0611735689474551,-0.0423223898676822,-0.0359928677213714,0.16984702304583,-0.0824022640904491,-0.0332315519179516,-0.289830280652604,-0.10810464661996,-0.158610937974419,-0.0699833669436442,0.0300900511475185,0.0251325059891928,0.0567372546635007,0.129103907456704,0.0323295708501108,0.0962311906141935,0.0202166189379842,0.227072397795932,-0.17515894305911,0.139637406394029,-0.0228134845220752,-0.148004801475096,-0.173967528122101,-0.0575923796105208,-0.0283181890550579,0.0533925099408896,0.0777387374142293,0.0940082789416609,0.199336186738705,0.00901237099636326,-0.0519022164013566,-0.0552099523993363,0.0655784212958083,0.15098080689834,-0.0471093160301546,-0.0421000776537812,-0.183146339316518,0.0183792035326011,0.0871883419042325,-0.0596848465375559,0.0420391092399379,-0.131652323762789,-0.124079032116727,-0.145221739063413,0.043738258988959,-0.141146188562338,-0.103580347433097,-0.0937445938556283,-0.0407213562838729,-0.115318468119792,-0.102322775284996,-0.0256311087560028,0.000948030621008603,0.00941226624960114,-0.0954754470325563,-0.0120285156147275,-0.0404898109995056,0.0699595141137654,-0.0685472984135597,-0.317868202853792,0.0527142451819763,0.09505516991913,-0.0457195068627393,0.170628847325145,0.0259506907958447,-0.0148475095284547,-0.00964137779061583,-0.0416301981507309,-0.0317779489966261,0.0864467280280208,-0.134545730457257,0.0349880825657468,-0.0173076714697181,0.0533126145804152,0.00876819999583039,-0.0362884869810392,-0.0159152168866597,0.18565273359935,-0.141044222440457,-0.0944619101467724,0.03843653182481,-0.0384680051057963,0.140254371275947,0.169963141618229,-0.0780867233497451,0.084774114209756,-0.0350506427617247,0.122918020719146,0.0663759155496531,-0.0396712836340388,0.0858620725237951,0.167017935527034,0.000607552658818476,-0.157081526902708,-0.136611470108536,0.0897825265124495,-0.123960822653521,0.231232620964297,0.0773530565222385,-0.0369210465358898,0.0298966962855763,-0.0202040498418014,0.0500385795222094,0.0647591000201634,-0.25092715706852,-0.0179999353998943,-0.190937028424522,-0.0941968422200662,0.00884572607170483,0.0264500520867829,-0.269881895440814,0.102692346453429,-0.104193532226312,0.0952086058819015,-0.0457660974410821,0.116829391279985,0.110588579623282,0.0510133214062742,0.144066193079866,0.0929245516911327,-0.0182052622674711,0.0140426777141513,0.00973203967202798,-0.0539961824948474,0.0727454284659196,0.0439086192465595,-0.12432213229268,0.107464957731425,0.0728399583086297,0.0935218226424932,0.132530957412682,0.0355670663735645,0.109184136837112,0.0557549574486237,-0.088130155369032,-0.0710192354123642,-0.121943406046116,-0.103977349872461,-0.0552241846236465,-0.209217157467005,0.0971822945959616,0.00493735636911627,0.0501895813344314,0.00386526351267207,-0.195073899925747,-0.112173247631989,0.00393070414042245,-0.132934092826494,0.0254146206454229,-0.0274783812547887,-0.212404435365294,0.0621304975365105,0.0270121060206623,0.0518650915309771,0.146471239835484,0.0440080266602948,-0.0613284347638735,0.0875740584853032,0.00863713561376959,-0.0152801794875923,-0.00994927009258829,0.0998317102325056,0.221124979907947,-0.0532319661625035,0.161689524432119,-0.00731769120890391,-0.0679050488153163,-0.0255163816477655,0.0632429428906029,-0.0704290750011718,0.183826471838729,0.0526414637772019,-0.0187883499338458,-0.185407080590063,0.14081994776624,-0.114967335027851,0.140067348500415,0.0119180689727939,0.0508199976068948,0.0831856874227716,0.12015453274095,-0.0396141850308454,0.00214468508367106,0.0149844905609081,-0.0503995358926901,0.137474635455673,-0.219192054964625,0.0185311595524679,0.072127482433497,0.0592373419064119,0.02880231648669,-0.0629915795672788,-0.0803891171772217,-0.0318855022691876,-0.0193551362095337,0.0907419132345899,0.0623989277107883,-0.0843953708628075,0.00603076160496953,-0.0129244908222289,-0.144407078748532,0.202811539641544,-0.0106961722777282,0.0147731303844435,-0.0823361464951002,-0.075076248252691,-0.0029584387730332,-0.0673328955073909,0.118596813410749,0.0164206989054934,0.109591927444068,-0.176473001313264,-0.104134475694801,0.121108213029764,-0.0929313143112575,-0.141972475404087,0.0240141391126585,0.0890398834987304,0.0441900477302108,-0.0268348407504434,0.0284415653561962,0.0195962948092148,0.0348118046913297,-0.0441113117531648,-0.0500771686789856,-0.157695561244841,-0.0808991134599951,0.15029223917465,0.108938310431416,0.149196665784009,0.0193522044621379,-0.0556138924675324,-0.0105802009172399,-0.146820461519719,0.03160433066619,0.134682315115375,-0.00932442127062615,0.0136746149333954,0.0358355573041164,-0.136848348980319,-0.024588505057702,0.207431259779348,0.0664750544824609,0.00919851384728627,-0.102392047588441,-0.0898966986567934,-0.146677451057673,0.052405286496831,0.152501656989783,-0.197745696208398,0.0566775473435061,0.0462317604405143,0.0612126516704112,0.26628890390431,-0.162322152083417,0.224149382882828,0.0624569844104061,-0.104806777620549,0.0504913393228341,-0.0516260953858996,0.0720129066234198,-0.0086609960325385,0.0397072133568625,0.0867769995827089
0.332834322021667,0.0713005273365206,0.0809881895930284,-0.149172870696966,0.0342593419468391,0.044388658236943,0.0843259794595339,0.132716021069092,0.0311995076461847,0.0297978093760477,0.127672631737102,0.143831968928853,-0.232869823199297,-0.0899695370824678,-0.0594844791596349,-0.160827238047862,-0.0710052829987314,0.135979668644303,0.00982967468035884,-0.0162898648813321,-0.10065388999384,-0.00967127804579224,-0.258301033119771,0.0150452361011751,0.0460367889380509,-0.0572252269245551,-0.00608723379265558,-0.154391699340106,-0.189946282315565,-0.231130020163021,-0.179701194538793,0.141171287028253,0.271093868809564,0.0914044343648828,-0.0514520309874979,-0.0549457044914502,-0.0618448685309062,-0.332487920094833,-0.362802137509446,0.0106106360551156,-0.0948623361403991,-0.170367185463333,0.0997490388749099,-0.0981002170910929,-0.0964680804262802,-0.0591572885375311,-0.106583349233101,-0.0206977815258078,-0.025332033801102,0.135051793482192,-0.138807273076837,0.0611317507763556,-0.0772229039500565,0.203030196459034,-0.164369236605187,-0.118095145603127,-0.105184097628943,-0.316841413677599,-0.185755090443885,-0.190384446843627,-0.197421745709479,-0.203106686659066,0.0206943324801908,0.0441191488350469,-0.0853751737706157,-0.174180097220868,-0.225061924480715,-0.0650151819354691,0.0608015996193554,0.243820068742827,-0.144979989564444,0.0602133543266223,-0.308061157612591,-0.205875728414839,0.104422408025507,-0.113949466987544,0.0186241914065063,0.091057436357355,0.0694369221687867,-0.0913171449147631,-0.133867332471017,-0.146418161254394,-0.0738720560763525,0.173013748394631,-0.0138251685805232,0.105174199324274,0.149641211708321,0.109998128935343,0.178908277347219,-0.106703644782243,-0.250668840581523,-0.0559266769914151,0.162672953052026,0.143940613659897,-0.0376379606996961,-0.120279816443339,-0.0218883613391011,0.170178701316708,0.125445058614567,-0.348863557381864,-0.0823121915358,-0.124507715300353,0.0631468887928564,0.100520772337246,0.105675768887379,0.0352846205618071,-0.160398183814577,-0.224143141493047,0.0719317404066924,0.0837166512132954,0.357422148951242,0.0317721506428239,-0.0616068453997768,-0.0616823573070662,-0.0949614069446534,0.16004877534829,0.3136959513526,-0.0588513919670644,0.099196570943438,0.116413465854954,0.311261332711792,0.00218115072830872,-0.287321565960618,-0.18381294706185,0.032432205682534,0.210563859087062,0.0810840982422789,0.135906841757148,0.0431574498742432,-0.0123468993903113,-0.292761181472175,0.108125568270517,-0.0224030283942302,0.0110018572055139,0.258489393566229,-0.0450584423689952,0.0750613758767411,0.217375286281262,-0.19132842530413,-0.274729475422989,-0.0160139559218599,-0.291189608235474,-0.192075510235564,0.128067355631238,0.0916529492291319,-0.0708994604690047,-0.105524186378899,-0.179746866679731,-0.042692714860411,-0.214432730442073,-0.0479342255581701,-0.0858360194060558,0.0698700317137601,0.00863380904216887,-0.0283429494496727,0.193902758113084,0.170206508652135,0.104618245060873,0.0304492421484242,-0.299172001440264,0.150121890971022,-0.0968807832981219,-0.129904586741271,-0.11010009984833,0.0943095478962907,-0.127721631483341,0.0919528604225119,0.0496148753586698,0.086195514897311,0.0514707995394097,0.0723380505058795,0.303143324504528,0.108425760101333,0.0734982378080419,0.126388442839148,-0.108732045798753,-0.035937925974268,0.0986204197870687,-0.116276683047522,-0.167595246926805,-0.0400518393357521,0.0628079939223828,-0.102950063486865,0.0248635571403298,-0.132325604746982,0.00390696474539565,0.109410506421955,-0.00830913386786375,0.0885502549815227,0.212387493549766,0.239389868032295,0.0332534769143094,-0.0916774712642443,0.0645551581658546,0.137384618483684,-0.164536895921432,-0.153685510689356,-0.062625580455336,0.14183853137491,-0.0250641483346145,0.0140080928163609,0.0924365191620026,-0.201829198639385,-0.146546497877155,0.271656431133873,-0.0624346022045427,0.201180533614676,-0.0128716198065142,0.266294429615463,0.0186912963902428,0.16343055243959,-0.0429868688611992,-0.555191615986966,-0.0613220595851457,-0.170543763659877,0.000504532418363065,0.0113421963488255,-0.117559853960735,0.0116986317206232,-0.27041786911179,-0.0889541816886814,-0.261080605975958,-0.0215755332790606,-0.109866491437759,-0.0882175877119739,-0.181721316014781,-0.0891193052735783,0.00680499819777201,-0.0412922451523179,-0.00915086168994617,-0.0670198300879377,-0.163839002292543,-0.0466351195942712,0.422281637752286,0.167339471764576,-0.030701303239692,-0.0409859031323593,0.0455171447964335,-0.230643788569993,-0.244010209551904,0.0757702718582862,-0.0343391327259726,0.0378831702059906,-0.0762768341396786,0.122409352372264,-0.0473953366802903,0.221932317015639,0.0550756859237304,-0.0865994481425249,-0.0493768187129416,-0.130645046040493,0.0442673079436958,-0.143315538662945,-0.0669690428151003,0.144435731396788,-0.0448023435702762,-0.0373435277839898,-0.117068243139539,-0.0558916166407765,-0.108147452204232,0.196883613463567,0.118580914148987,0.209713692718417,0.112947195706292,-0.018905644314753,0.080247592720673,-0.0224727666319145,0.0476056036129894,-0.013033122093635,-0.0827942596767866,-0.29304960527989,-0.31661750978484,-0.165758681449357,0.0432721365921455,0.010687599847369,-0.158946276527242,-0.0102665196467334,0.103512983352585,0.0351270589061302,0.07971056436542,0.12706934309609,0.216181549688614,0.0414142854578915,-0.158896074214818,-0.100063928427666,0.047325236611293,0.129776023576384,-0.0289650347914355,0.0349552774102176,-0.119903374112509,-0.23480146692016,0.266038641335498,0.078406521010138,0.132678281502773,0.056018315019364,0.0388121119681696,-0.0433810940800588,0.0814939771547995,0.0131162617885948,0.0785555164298381,-0.0939497250576178,0.0269054748717189,-0.214864935315439,-0.219550860099217,0.00176631920142492,-0.402292932327242,-0.301117868547417,-0.131848806568675,0.148060511060088,-0.177259710074337,-0.0247460619641896,0.0210816774214422,-0.0369328058193877,-0.049155238557037,-0.151754407383868,-0.177113458905505,-0.145116929048102,0.0123564017629503,-0.0181996718731992,-0.216402860557056,-0.148081655070537,-0.148201293262109,0.177203032837009,0.134355660179511,0.355303388286023,0.0144828756625823,-0.0832817446665398,0.128615537281103,0.145221535285365,-0.141503324654236,0.0514766960382754,-0.0508155772760834,0.268759939132662,0.253704840678975,0.0412751807341101,0.050367980748829,-0.169966008516833,-0.105329971708657,0.0860282368181913,0.0514485489803873,0.0758249690980809,0.173005246724273,-0.122748241002887,-0.189718193359655,0.00146457159931255,0.135597024864738,0.150289456278468,-0.140858191433283,-0.0677206166708416,0.0852418370534634,0.0217235405061416,-0.037240974270161,-0.0292487607909125,0.157618114812478,0.140250446671083,0.223717247091239,0.231460641662386,-0.168696284644721,-0.058888767681994,-0.0888762161512598,0.0851579880499641,0.0223649839154641,0.0921681732067041,-0.0612004052549778,0.00634370035040872,-0.136105477107554,-0.08306367957332,-0.241001863889525,-0.00095377239330198,0.295363869173585,-0.0840742218030393,-0.259878179280333,0.0460878581823888,0.241874363874891,0.0137150428761831,0.0393636818425185,-0.231741953313568,0.214072326856357,0.192538794412984,-0.167523448600776,0.0930269270703233,-0.200516806449864,-0.12849185938512,-0.142391464110769,-0.124846158567132,-0.012662723925791,0.117900301171084,-0.00987159840650542,-0.0453064032735977,0.00641382666160211,0.0659028450422566,-0.130927040649118,-0.0377124788740351,-0.160930727727035,-0.212435146541959,-0.104616502104575,-0.151159648779866,-0.0888408688248131,0.127246589684798,-0.0448154124774997,0.124833157385174,-0.0699014443035173,-0.0308705391973319,-0.192176296147031,0.0512543424283198,0.040354558430768,0.141672647211921,-0.0734120005833566,0.107806771544604,-0.0257673361353687,-0.153684834179519,-0.221611635025936,-0.0317580460247804,0.00703994594664948,-0.0128675049855206,-0.0403737650141171,-0.000788843762004429,-0.14163039769149,-0.00934651824862501,0.151891048352276,0.284279488672614,0.0197093253139786,-0.0205093730511754,-0.114165844839756,0.188296903386611,0.0188381433954426,0.0648090902182564,-0.211651355871503,0.0833144727304315,0.0780796568657558,0.0115702760236917,0.0624915791314686,0.00815006774805376,0.0412705514821217,-0.0569006319324487,0.0694516401993771,-0.148071465015929,0.0628027170884585,0.0298440775221145,-0.225786639189482,-0.111269513802183,-0.112857586470928,0.0747332133703411,0.040760894928599,0.0949137244842751,0.0899555452295845,0.0466798640562237,-0.215034192536109,-0.128619834424148,0.240344070977967,0.00487856336321965,-0.0986412332378904,-0.136508096856105,-0.112737883374894,0.245715175116106,0.219044519338225,-0.0683269045957609,-0.113710393323931,0.0207779945035795,-0.058022618246795,-0.301558770265836,-0.0890217875469277,0.0291003542478717,0.062316676393386,0.119365081938786,0.108881560714556,-0.15583529304934,-0.218094857297852,0.0855554476007706,-0.143678998249497,-0.155209834307924,-0.103814328214658,-0.0599154411264005,-0.143047465375038,-0.0139389121235472,-0.171704955513198,0.037124403748282,-0.125492162457745,0.109089999535343,0.122307319580489,0.0241946203380454,0.0725399155451657,-0.12467946960189,-0.0131966443684495,-0.136165968377945,-0.171749680579171,0.200976547879006,0.0576151852511778,0.034487584872189,-0.0308617245191775,0.024710969788598,0.132514715834053,0.140198800850383,0.045016157259294,-0.0511559187610804,0.101412894252531,0.0875126865211136,0.171866649389908,0.175081677564179,0.0487602405476962,0.0304438275702474,0.323587835712149,-0.270548702793853,0.00893492847510411,0.0453319917031756,0.00600738924321306,-0.304238441012907,0.0431256639494194,-0.0725458898978088,-0.0632246127417502,-0.302694375110413,0.0361753125666228,-0.0410071730552082,-0.0031489147357343,-0.055198877508763,-0.0266185802661319,-0.0244825127724041,-0.000344444193835579,-0.0550800563951059,-0.0392453329840486,0.159168761500858,0.151442046931855,-0.0849039643052765,-0.225398244624893,-0.0470101633050472,-0.113311943168735,0.158116621744191,-0.0956793448355798,0.0642503104502818,0.0941323325573173,-0.172694515738672,0.229653432618241,-0.123832516622564,-0.0771087148935603,0.0279521512825047,0.142593359825978,-0.142942294053689,0.116299574284352,-0.116285549525095,-0.0334182823920609,-0.356211532115726,0.00745607938381638,-0.0117340124297593,0.0143516102084322,-0.065841088760568,-0.28240457360725,-0.128053014682827,-0.242282235192774,0.0290309142588603,-0.0274908079431592,-0.106289788771542,-0.13186987729662,-0.199658069893369,-0.271234497946497,-0.187879961129095,0.089218734499792,-0.0193859307206093,0.0174901151930094,-0.01669266978913,0.0305134627805339,-0.0489116213243545,-0.0758872794212911,0.0164532908084425,-0.223090887166886,-0.191523396785543,-0.122827671882976,-0.00257772196769645,-0.326696893550125,0.145300850236893,-0.0347769153517397,-0.116726477807999,-0.0606041019032766,0.041215866617917,-0.104001065170357,-0.0104027062449178,0.0345203859710127,0.267306648751886,0.241027036711894,0.00327027548494977,-0.0926873587691034,0.00308868794452044,0.11233828706615,0.447595006726481,0.113577723941239,-0.0982574459911307,0.115696782145016,-0.0130118943847526,0.0118818024399464,-0.071654388841107,0.0555443467840812,0.101347674128855,0.124868136161827,0.0416028965615482,-0.182854299582461,0.0801887296821885,0.039084620625369,-0.129440247825429,-0.202128074946541,-0.077339300106228,0.03331826573232,-0.13279441509917,0.0790988469040085,-0.0485623342412836,0.154880795688955,-0.0196998231868218,-0.120532191609395,0.0962719488910407,0.0669382604461871,0.0100565832675109,0.0292411934876233,-0.165134675751587,-0.0584336561706648,0.141571250190982,-0.00608859404603309,0.124750847364372,-0.0999124566423492,-0.0206843204242499,0.308260153846545,0.0257928435124958,0.0841235567012557,0.232923060396575,-0.233695592334124,0.270223742855203,0.0975098665822698,0.0292881565671195,-0.0269131240948536,0.0879203196520659,0.106602434426197,-0.221618448784404,-0.0805932893288572,0.13961760800747,0.0787249547609576,0.08608293040409,0.222361736696242,-0.0537080513179118,-0.128061340260199,-0.0316609818286409,0.145882122783366,0.0251089411952313,-0.247599659154037,-0.315412092251081,0.0440053653263771,-0.00920817127057883,0.0320950367114442,0.036809862870575,0.0615661823848715,0.132649194293113,0.241877147393648,-0.0330978354488676,-0.289142519683663,-0.40974352785037,-0.0582732683272591,-0.0583475746451299,0.0480943230550469,0.00871484984679206,0.0479712056926422,0.0227398845748517,0.061754382307383,-0.202701422265886,-0.095724208740837,0.12557713313739,-0.0375951738101089,-0.00184316636351703,-0.0812966084319655,0.0769366463449712,0.0497217388614943,0.124334360239874,0.121400325072277,-0.0283540481362481,0.00809346764605479,0.0926684496237909,-0.123308486336081,0.230139193213087,0.0478430483681952,-0.00185186573748225,-0.106398518144405,0.029707169077687,-0.0416861285486878,-0.024191785301226,0.186574997477176,0.118199578085577,0.0748840071602924,0.181211292112533,-0.145098701709882,-0.0469319127605509,-0.005346680048421,0.137722388299145,0.090170682705357,0.13331689416621,0.0957650537255484,-0.0963036490651827,0.20673699594983,0.119297439284266,0.0603942043199808,0.131067461393625,0.0890047090773701,-0.0277053129598889,0.188892218996584,0.115308197002656,-0.253480996961265,-0.154993527560256,-0.158588449862064,-0.00222098362147986,0.204737191570298,-0.174013834029196,0.0529017720645841,0.161719468393401,-0.00834001690528481,-0.115882251007731,-0.276337167444006,-0.293262841507938,-0.127646343938862,-0.0397721662435949,-0.0247736028438788,-0.293376967633863,-0.125174258809792,0.128599527828511,-0.0416898141779322,0.0617446785414616,0.0720650411617223,-0.244427348650931,-0.0113973907937469,-0.0481556331931186,0.103441187446425,0.209659538155982,0.0788248489823835,-0.127495405915676,-0.0200118741899231,0.092657814763625,0.00061007605068558,-0.0965715464576067,-0.297151588908735,0.043827576202004,0.270387337246684,0.0499857866800586,-0.00762670232088401,0.0122230435328683,0.0411165622616713,-0.0377547198617737,-0.0896455892622061,0.0254466991921916,-0.072060935014367,0.229974452172206,0.290069994118165,0.0931166692508503,0.193398981969354,-0.117958613339371,-0.0385175546880543,-0.0707851311044574,-0.135519769360668,-0.109966150344302,-0.00797728802345944,0.28221246957436,0.269103544214632,0.0839500485168332,-0.111880762958823,0.219597065293536,0.235351150139565,0.114470680388195,0.171361668346351,0.00277933053472869,-0.0182088468837989,-0.127093029966695,-0.0956068325928972,-0.0673077026129062,-0.0737754855300635,-0.0282170582440997,0.0927898229607597
0.19732354415509,0.0971880928715222,0.0250176101142489,0.140752867558737,-0.0482530704391812,0.0320324019366059,-0.101921320754022,0.0475584116948057,0.128371102915588,0.0533193487108092,0.261902638249909,-0.0761991832635477,0.0992364261150393,-0.0151873303611782,0.0172867293591848,-0.112180637347522,0.175128481783647,0.0641801989312051,0.0644757693603679,-0.0864580563202445,-0.100603412462118,-0.0289051713348797,-0.0574888885723706,-0.0125152885012669,-0.0702318101342621,0.145765259283445,-0.0839972467951278,0.0568754014786907,-0.199757006076849,0.0188084977426508,0.0778111147546324,-0.0627380758649473,0.0437999384039073,0.113699709502152,0.0443826291277028,0.0892403591211317,-0.248737132992037,-0.0701476402520286,0.111839275535756,-0.0557758656750898,0.0870708702616819,-0.0296104238505556,-0.034009004735864,-0.00880808830795105,-0.0968444907265321,-0.0628842881831068,0.0687612847967031,-0.0550341834156371,0.20155722317336,0.158520601932045,-0.0428350321122313,-0.0458212065194619,-0.0571617564816983,-0.181848453571993,-0.182348776040432,0.0915750733612006,-0.0773163913424524,-0.132346341212446,0.0366092757521448,-0.082571648159222,-0.14188595252889,0.10413487158654,-0.0534609946888303,-0.291766612469961,0.119804823122562,-0.0724882244032297,-0.0636695587704473,0.106588804448514,0.0274017081468693,-0.231602823334709,0.0278657875117591,0.023474373825207,-0.138893000348253,0.127817310186322,-0.123169630830958,-0.00486218659346246,0.0670059050508749,-0.0863133944340812,0.0168826667018037,0.0442358548689833,-0.00421712768905554,-0.0292712629545889,-0.0832226293479586,-0.0336704695473393,0.00458555473531898,0.0122914417819743,0.183535025813574,0.144152121650274,0.0910302332109269,-0.026900219039877,-0.037766031295727,0.039639624104245,-0.0647774562588696,-0.00357221740217335,0.195196773392494,0.128435307145879,0.0109382163850524,-0.18767788794424,-0.0329980336645898,0.0340266809414593,-0.0820923622354853,-0.0260288645545817,-0.0100358289200422,-0.0156374768312956,-0.152626253548095,-0.223470749525465,-0.0942975607809956,-0.14453887140153,0.0588760171549713,0.0564300460982171,-0.102480437130542,0.108894667435841,0.0285191158370205,0.0883275114770654,-0.246124444176186,-0.00384802816383266,0.0142169749965921,-0.0812265109076814,0.0341234328461593,0.0144946772848579,0.178212643255141,0.0098630487734463,-0.279780383906368,-0.146786515593597,-0.030660087205966,-0.0157294366321124,-0.0763333308258402,-0.0129114444722338,-0.0462725870084585,0.0168911760862761,-0.126349679977851,-0.0173347437228487,-0.15745940949292,-0.00704329317522893,-0.0615812896705619,0.0598002057309711,0.0554664149209132,0.02487416874448,-0.016785993921136,-0.1953680614565,-0.126314225550983,0.131817447714926,-0.123999375650079,-0.199526966267206,0.197092194239473,0.0536352812544896,0.16565936658242,0.000517252253347308,-0.126709408334065,-0.0276477064542256,-0.0583730036563004,-0.0265459477523699,0.0977223434745545,-0.00537889102982957,0.017034958595133,0.0756055331289783,0.00198434605615949,-0.00123658437686487,-0.120721879454161,-0.128672415679702,0.162241370784971,0.154757097421674,0.0462907278359175,0.115871577609373,-0.0431452678908894,-0.0855000616289562,-0.0622931638208589,-0.0603334957380536,0.00447449471597185,0.0745539762434863,0.0355521105959744,0.0367748221418522,0.041508964893067,0.00823609084448509,0.266540304090027,0.0374785771046838,0.0422123933466236,0.193393048952344,-0.043936501833183,-0.29346860342182,-0.0387813550429537,-0.0617823658193696,0.00733559818710164,0.102125750606672,-0.0569817632212536,-0.0595908759883663,-0.007006452547882,-0.0186040663328493,-0.069094304505765,0.0361671130822252,0.0071641908409828,0.0798611730680802,0.135281179381787,0.0101425565645192,0.0967789451428567,0.0258943867908352,-0.11888655614239,0.159245058247498,0.0561296662523986,-0.136156359829681,0.0467505338379381,-0.0360425800167924,-0.0817420907420835,-0.126003305741147,-0.0402018185612604,-0.0477312879744545,0.0589737076887105,0.137046462604865,-0.0868987683022561,-0.0262599224655693,-0.165136704216288,-0.0646815227779348,0.0484527179509668,-0.0813181901495039,-0.0538634002749161,0.0389182301702387,-0.0363704536032831,0.100134724459428,-0.153720000828462,-0.0607446964355982,0.0207296812510148,-0.00280396530626659,0.0868967002315609,-0.0808543022724149,0.0262858054299603,0.109689256660862,-0.105459485179748,0.039285789478543,-0.00751895905869301,-0.00979730236300733,-0.0797136325602106,0.00226335827913088,-0.24096910246639,0.0807623966102801,0.0305103525611888,-0.0525189846788121,-0.14353397493646,-0.000496035922558404,-0.194414650718194,-0.0324991774405785,0.2084707418546,0.0325878246683989,0.00455164104577166,0.141503230862762,0.119626160229719,0.0936616295554532,0.0490481500450791,0.00292371695239344,-0.0223102227620021,0.00462916473819242,0.091160359767033,0.18962771923449,-0.0628633507359204,-0.0895707110705831,0.0423981109987224,-0.215449166410997,-0.0345951330298022,0.144503891161442,-0.00758648924384182,-0.121300289957945,-0.062395484747318,0.0531677876774007,0.0106375883416271,-0.0738564838530039,-0.00279486086842737,0.0381680701375772,-0.127165611415367,0.0208952284700821,0.124499251136229,0.184457474156746,-0.1788734924548,-0.0910990283673035,0.0766641229453891,-0.104657007336837,-0.122610601585198,0.0311167353804384,-0.00854430703960192,0.112334733356293,-0.0348399254030129,0.126037312654502,0.0591087830393891,0.0207889944061019,0.0743953910199883,0.0842513807616693,0.103489081664059,0.0338536968513857,0.136475497420098,-0.119316907530803,-0.0578281566546491,-0.0686200683342055,-0.213976047003898,0.10852324063836,0.0414315426754625,0.0737350630802883,-0.0616437285729212,-0.337382695643175,-0.02442793801742,0.108752992635146,0.00188710259641515,-0.0907834302267096,0.0412366647475601,-0.0250715447434001,-0.0161963412670676,-0.178090482759049,-0.00187265596109378,-0.233895582488922,0.00142798537631025,0.0704720591059219,-0.0258890048340239,-0.0419953281119102,0.108962465675692,-0.0198667322659898,-0.0332951917395597,0.0894562365634517,-0.207609275968556,-0.00275462354689735,-0.0359923937873562,-0.228640836968324,0.124194289615027,-0.0769231367693959,-0.0305417500767091,0.020787921547476,0.0223202107736828,0.0403636047297805,-0.109540998861775,-0.0156130840864912,-0.205185932866011,-0.0942379247311153,0.170360575332112,-0.151251173040541,0.0489435754633434,-0.130265504486266,0.0566299883617915,-0.0150200019296764,-0.112931629388594,0.171998583256609,-0.0510125959407747,0.0846818447194727,-0.0255298452114461,0.037093415586593,0.0578276925399502,0.027950624283234,-0.00970262609615507,-0.0363086403206761,-0.212699581458558,0.121660064754644,0.057301583381247,-0.0729581751486598,-0.0672370752852656,0.0508342352884331,-0.0270999378836774,-0.062353121952924,-0.0272634458223725,-0.00720416264401631,-0.0948919393472608,0.0408893679278606,0.00840556511288802,0.0151690871287193,0.00308880969950166,-0.0641550883240236,-0.0232009413692834,0.0170573967234574,0.237621198964166,-0.0593089217093675,0.0983726490017068,0.0293288765190826,0.0737966759921746,-0.0835017631329739,0.064537555999937,0.0248567989443759,0.127371548524102,-0.221536366050051,0.144104089739353,0.132810885512483,0.0583612474218389,-0.0478723518086066,0.0610414914666165,0.23044575206236,0.0646588701009025,-0.135549731772367,-0.00844776757622245,-0.120612397716857,0.0449985314550712,-0.0692582715482265,0.0786527726372066,-0.0452862322457296,-0.0915128802346125,-0.0781734495610451,-0.0161387817187701,0.115711576201095,-0.0930622059772621,-0.149798294391723,-0.0289411700465896,0.0127650638898165,0.206704489723868,0.0786706693500522,-0.12791165160696,-0.102958662646603,0.104874562321502,-0.266359402259517,-0.040721363795523,0.0695571730738081,-0.0220237602368364,-0.103303213814045,-0.022715768225763,-0.0241038830943772,0.0192268852591276,-0.0417714809971983,-0.0872020974575001,-0.0805674683040883,-0.0995863263345658,-0.0786902777599588,0.0499828218336193,0.127755616327632,-0.0626961099836805,-0.0765491371498938,-0.10540347896504,0.0361294011869291,0.0306063182638261,0.104419663858664,0.0676916514632243,-0.0302725044674476,0.0570406744231537,-0.0205795747806686,0.117289652238936,0.131169971324583,0.103323876379964,-0.0707112341774765,0.0168374187810129,-0.0646676006000427,0.153876104901162,-0.162448246695972,-0.0475306333945327,-0.0375997814439482,0.152470253945213,0.0226128830821726,-0.0670024271008712,0.142827016485849,0.0403303841855269,-0.148037371581282,0.0643545594804966,-0.0771443414142029,0.141674643551664,-0.0437691140908845,0.0447431733377109,0.0816357253956262,0.0977767609682002,-0.140103610516915,0.022393935743624,0.0091499965231327,-0.0959867911947117,-0.0269892440815015,0.0288502621065648,-0.242121992406265,0.0360120914764536,-0.0975691075646663,0.0172912826936593,-0.0541755198612529,-0.0376059189374197,0.067876280939214,0.0425691274267383,0.0401133482597943,-0.056512016346627,-0.211598379084743,0.0688582011413451,0.167388042891559,-0.0857232445318183,0.0309395448076461,0.137524329516767,0.136279106077393,0.0276016059577262,0.025096071341929,-0.031417903741989,0.0340491477355367,0.12192284675526,-0.0782943818019888,0.100536989606295,-0.0580310709588555,-0.00475080891512632,0.0769067000917733,-0.0893924353025316,-0.00784064870116297,0.0197319577452003,-0.0445804304543966,-0.0634964405558509,0.0255130323802909,0.0167526419658885,0.123866142901551,0.0754526190341555,-0.0570816385852677,0.127931565471286,-0.0190292878468424,0.0143246252655476,-0.0293559433293998,0.0528712623435249,-0.0275393179915102,0.070082860483241,0.238833496060626,-0.0135532159643885,0.0351834027289478,0.199107553157057,0.122183194110595,0.129949535482118,-0.21069850640191,0.155306117229759,0.0391545488480444,-0.145050319305674,-0.17011518364177,0.0794890671251507,-0.0618150419280332,0.00363207868589129,0.185162765707534,0.0551940923439822,-0.0448431084444734,0.0111614122515633,0.0290955479221321,0.188215657366417,0.0764965763907491,-0.0161295053299672,0.09015310438232,0.160434266856457,0.0206680971847781,0.00405809905235624,-0.0206236213960792,-0.041279340805268,0.255750142397114,0.0269351959347314,0.125748686749383,-0.0154004598243414,-0.0267060189067364,-0.056642385661483,-0.0032873577675829,-0.162163544093363,-0.150094368234159,-0.0380696893358417,-0.108435793967722,0.094591954153642,-0.0809383057805923,-0.0327146452027126,-0.037633262588721,-0.10159090481693,-0.0584855426337775,-0.0266931077251796,0.00542810388342214,0.0183405621011615,-0.0873802391489566,-0.0439549893032762,-0.144408850556693,-0.0917568311471061,-0.107311995913646,0.219859053377587,-0.071328113793678,-0.204012383732272,-0.050513746683058,0.0182512321319607,-0.126708002115691,0.0200130538722396,0.189907386349596,0.000940478084492151,0.0754753229630476,0.000133751269187795,-0.192381630340926,0.0549876355416551,0.102250813052442,0.037260425738225,-0.113610034696442,-0.00870957056378631,0.0501964373111304,0.0370205931717165,-0.215525588528262,-0.146260876125893,-0.158173929450505,0.00497824276957432,0.0242362158056336,-0.0486478761169846,0.156078844243241,-0.213668420453953,-0.238135232423725,0.0566279516078795,0.0150247531942084,0.0342052644939181,-0.0859255561023338,0.0776971035023042,0.122974231588024,0.1885494019693,-0.201638824354862,-0.0610132190635398,0.0159825610588311,-0.0329591285169296,-0.0120097365181259,0.0516169961633844,-0.0681574787006758,-0.110049829040424,0.069938128010067,0.0111043186277751,0.0827316801267368,-0.0623332269631316,0.0178734610913097,0.110934534617866,-0.161102351124091,-0.124109348455443,-0.0619563226885851,0.113810008945566,-0.00640693434613731,0.0639126803569249,-0.0851668208860439,-0.155204018637152,0.00859630784547652,0.0444630566404861,0.102238002934534,0.12418852878188,-0.108478662440656,-0.0237325317830197,-0.105468426522707,-0.0177617060148268,-0.0352839591218542,-0.0404862797531435,0.0914603059633762,0.1630600717317,0.1716237915667,0.0854889532497424,0.0433732941188907,-0.00799797879875559,-0.0111698587385855,-0.0770977495591663,-0.0193965951834974,-0.00330099328621588,0.049542762932341,0.0484825390127381,0.00580811984066106,-0.0308259076797244,0.0782795620183769,0.102800702386005,-0.0279396155570249,0.0172533042354909,-0.0664155217697565,0.0547551886704256,0.0422913198592811,0.160164894395436,-0.119622282921846,-0.232695907990354,-0.00883484806133484,0.0399859323461858,-0.0573678576136402,0.0470064493082299,-0.123177673811386,0.0393250012637494,0.141159377080826,0.165070500530301,-0.0983492114771768,-0.0796351691538593,0.0253046297795796,0.0319561097779542,-0.0367134223155863,-0.200375976201855,-0.0384628451549088,-0.107918700346731,0.0153134513766982,-0.164661880868765,-0.0208770446272424,-0.0947544284582765,-0.122107066030868,0.227998073817891,0.166459570852534,-0.00220154042245447,-0.128713121828392,-0.15227083680487,-0.143598788575587,0.0386725885155957,0.129811169559201,0.114192534946545,0.00629233705457432,0.242889224354866,0.0513768162831702,-0.142694227892266,0.0219225285055335,0.0137712406988586,-0.00577742013239958,-0.00468199926811205,0.0332970141274309,0.177628409154273,-0.117925673961902,-0.0213179108243276,0.0297627234048508,0.118682048357312,-0.112404442072672,0.0676999577569886,-0.00884222399654293,-0.243538000678505,-0.0222703962090235,0.072817532771508,0.125565858393351,0.0521726741100767,0.129800811325965,0.00560699904477563,-0.116824244371186,-0.0665954704229591,-0.0802226503156776,0.114219519364742,-0.0247521292682796,-0.0691757352791991,-0.158045763913457,-0.0569136375671221,0.169966801395482,0.0885893821093509,0.0227475889732262,-0.0424733311688502,-0.00533515482679864,0.138271233981549,-0.115879018207446,0.0701484495007255,0.0647604575586798,-0.0651336656722483,0.185059953073822,0.20880088561964,-0.129126164681788,0.0539727108856772,-0.226603737592024,0.0101466251204769,-0.0674389184468452,0.0446048808127057,-0.0733843102325761,-0.187211791093438,-0.0837033546282146,0.0718232402526738,-0.0990688919187232,-0.0164125089003472,-0.00945427544433928,-0.129817468536719,0.163077913616507,-0.176645746373063,0.0238737332569588,0.00753452228435717,-0.0163565943224774,0.00507795351574275,-0.09063807569508,0.109910992803652,-0.178900599714407,-0.0344929101040277,-0.231201005334563,0.0357450832315778,0.0449662290797588,0.0902263498671064,0.138900093700882,0.0377337543189222,-0.0240121590392375,-0.100347078631074,-0.0567980568453576,-0.0222622665954664,-0.0359015898649625,-0.0100710765650014,0.187946138744965,-0.00734927536513643,0.0777197644371598,0.210732905941555,0.0187361364767896,-0.0780635973517446,0.0466894817099541,0.0444839813350463,0.0586150625656799,0.10734989495257,0.0312134115856271,0.057964172856926,0.192777467392926,-0.00220871669916514,0.16546136654245,0.0379942878907931,0.0492640874866865
0.00565007011611948,0.026517498765103,-0.00745947399233218,-0.0219627826586821,0.0173913402879294,0.0315015345648076,0.111548577760252,-0.190325160888769,0.117220315674166,-0.0161931876387176,-0.160364821248664,-0.0509259286997213,-0.0922317398035404,-0.0596479997822935,0.0589113589540145,-0.0214079266732108,0.00396229108682625,-0.123906256809549,0.0221783544197473,-0.0130520798152628,-0.150685585015968,-0.0467975098333691,0.145561023512941,0.0645469604344075,0.0491350375856194,0.202106769432282,0.0537943074490581,0.00743421994211285,0.0151222756251582,0.0477434674971473,0.0541779920212427,0.0215124485840866,-0.111923420435449,-0.0210479006870422,-0.209218695773129,0.146790856017065,-0.008777258239859,-0.126333022119827,0.0531985454174334,-0.0639620037630707,0.131165000957119,-0.174247489012563,-0.12652510002811,0.161777139333838,-0.0391526824838078,0.0245574869942405,-0.030991126063474,-0.0173648833459095,0.0131843276511568,0.0147715881087705,0.142425333567831,0.0658414670789777,0.0188355129680677,0.0669571716322475,0.0740003448148082,-0.156879694719462,0.0970466070314316,0.197414741984806,-0.185633382358716,-0.0591083491455323,-0.160001441039542,-0.0616961242281398,0.226539150450688,0.144496810829095,0.0275153517953789,-0.103700564778113,0.0226425222629801,0.0832858641138448,0.0476561129454537,0.125875646277351,-0.243037769368693,0.069564248075177,0.0224879951261203,0.172659046174081,0.133930916981295,-0.110773943253848,-0.145510520295128,-0.0931534098045816,0.122420847265079,0.0017088834987709,-0.0514879903076799,-0.00823602909236264,0.0990385933818645,-0.0777437480284322,0.00733900057865621,0.0298349782360124,-0.11337091811982,0.145344904304657,0.0167939638752037,0.0190701091606982,-0.00614228971555731,-0.0513055201914347,-0.0511732684373439,0.0647932176843499,0.213991075569927,-0.101805971526512,-0.0143974241569559,0.0840648568527262,0.146173760035593,-0.0422771462171647,0.0432577374190125,0.0453213517812549,0.0540323025447614,0.125468897563882,0.115109254037189,-0.109616631696465,-0.00574361534648179,-0.207345499350786,0.133791739055552,0.158117090644218,0.108538038539036,-0.0548153948360802,0.0284130069770237,0.0840238813897774,-0.0414242131752862,0.000318709197994833,-0.105131204842418,-0.0542930469920777,0.179899133251134,-0.16299309387704,0.0879646923604893,0.0805139327459608,0.0770666498714617,-0.104576483859473,-0.0126502838791575,-0.306530679767679,0.0879419395050514,0.0175758094759265,-0.0792071282224863,0.0205883345772892,-0.0229271173659987,0.186433961772786,-0.169331068297749,-0.0502912710121175,-0.242511244201693,-0.108256920514626,-0.0121422776385797,-0.0251362904573059,0.0717730374285286,0.00431945234510651,0.0822570013413237,-0.000159351506216675,0.0621699006626821,0.0955313755476317,-0.0586549992843024,0.11181856012431,0.10069734647899,0.0967537007803559,0.168930898926757,0.110392866681405,-0.134863200700505,0.0330255309490327,-0.0177763243197034,0.222644512825429,-0.0102074893216195,-0.0634676461902516,0.0374228779614522,0.213102025071089,-0.189422522944532,0.0159744134056522,0.110322275845113,0.0116703926161585,0.0126420538783108,-0.0832035353419478,-0.0255191701025218,0.0188657277919715,0.112259472352485,-0.00067488891768647,-0.0124191502033706,0.022656954483083,0.100125455646157,0.0920432945954179,-0.126194578121302,0.0160558311713739,-0.173036737712277,0.0531076533688375,-0.139167509101991,0.180303741769431,0.129229122127832,0.0929905713815547,0.0415978638174056,-0.00824715934910312,0.0628322167887485,-0.0176409533522384,0.0347200028937271,0.14566539670695,0.0396693683362786,-0.0282529816098533,-0.0137789210745623,-0.14508631253219,0.0608867676924745,-0.0723176186160034,-0.0818837432949862,-0.0281741987008469,0.0565530770894787,-0.124834153448847,0.069268759312867,0.0725267539593955,-0.0401530001626077,0.103453401135312,-0.087264635783436,-0.0444759999010616,0.118081948577261,0.0225731581086714,-0.209222979908497,0.0632673776780861,0.104238488573038,0.0886524507107818,0.125376653299409,-0.0752291772964199,-0.149304800176141,0.174051211206808,0.0055076704555848,-0.0737980095437625,-0.00213984529769304,0.102910736203517,-0.0594184798104806,-0.108148446361007,0.087621174372999,0.135258337363288,0.188921736174976,0.0214080244617949,-0.0772422548565452,0.0547419713686631,-0.0386054090801773,0.0918965854346891,0.00141675767197917,-0.0121644654482374,-0.0622009630028759,0.0618730576701522,0.188484736581069,-0.0351175123954108,0.0202658318892034,-0.114621524700795,-0.0431406086094573,-0.0903520289930775,-0.0250631082242332,-0.0309701102724483,-0.00256776710672914,0.0438003247529695,0.120996857338643,-0.0341005100369868,0.0771473111981595,-0.102825031808472,0.072255616483305,-0.0459170150525725,-0.100655014938687,0.0545263438341969,0.0682813681411037,0.0439069724912129,0.105188671726343,0.0919533141512555,-0.0481534976420758,0.00132258342490835,0.05070724036476,-0.138515458531471,0.0901117741160198,0.0253320933241958,0.0307291117307329,-0.180049564387356,-0.0485682372452933,-0.203468559545211,-0.100550768754406,-0.0400094009236949,-0.0660594651574181,0.0814681854623433,0.0343574813885295,-0.0294623159775375,-0.0392108753331138,-0.0378284370080851,-0.0277587830471115,0.0797717442894467,0.0178056971398574,0.0485449378061138,0.114899422075338,-0.0421664321316506,-0.00124752154765184,0.0302608686814496,0.0872385629283795,0.0880132820165677,0.0515491170666029,-0.111709301529879,-0.033532499243593,-0.0419477025066389,0.189621144679865,0.00948078487231298,0.238412944661746,0.0261495399793697,0.0944114344479103,0.0741218704711565,0.0135820023165972,0.158602944785358,-0.10239270759733,0.0146392608439364,-0.322775565705553,0.222860531163726,-0.0462838258510143,-0.144260120215363,0.074222529363281,-0.127168858174505,0.138985809993782,-0.151513881069127,0.0925138842024514,0.0809727916507349,-0.0643521764411627,-0.0429106789962739,-0.240393004206411,0.0234444528540057,0.18894374401177,-0.109978893740349,0.0776631294614772,0.0680145833824669,-0.116580352072473,-0.112307818211777,-0.197901616088755,-0.146486431388808,0.09672657739717,0.0460861009497377,-0.0660847230168944,0.10886268508129,-0.0487312157176193,-0.0507775603598853,-0.0255991973595234,0.0712029473031423,-0.101187477454571,0.0743070102635228,0.0847521049546182,-0.180019870876281,-0.176001754408532,-0.131131949920381,-0.0310858475835809,0.125307068440039,0.0893213034531069,0.0190657061700361,0.153480282815511,0.126669378284023,-0.0275159731373996,-0.138388727379417,0.173233029321597,0.0106938331506048,-0.0287973873339595,-0.116811257929673,-0.0907539249019371,0.108415940804299,-0.0945329736954608,-0.0507863753905667,0.086215110762037,5.64314023646338e-05,0.0856481846931388,0.0727631442083844,0.1259407159791,0.0381601711925817,-0.1879005734582,-0.0948950575001557,-0.0193930844549818,0.00951121597649725,-0.0538293800664338,-0.0907309175883928,0.0467008318231694,0.0872913022826353,-0.24256778296745,-0.0664279547463906,-0.192394435741173,-0.0397466537493255,0.00134654672363013,0.0574335051046143,-0.105646677329129,-0.197221793235036,-0.1334588815084,0.0513903078109652,-0.103303592718469,0.0187018312358335,-0.0215517364926491,-0.128669937640527,-0.0787095830195767,-0.208255478428623,-0.107188179836892,0.0156696104405175,-0.104549482435023,0.111823822966136,0.0746506847025219,-0.0289391027289448,-0.162477724897006,0.0004953782061753,0.0507481847120699,-0.021675218710762,-0.116066135600728,-0.0422531596808236,-0.0407725561240868,0.170128847188278,-0.0345082448391987,-0.0694202638081805,0.0738509941491483,0.0968241400043031,-0.00031079034956325,0.0732598622566641,-0.0243572038249489,-0.012914376065285,0.0394089454748848,-0.0636498425445772,-0.0260360624967627,-0.125805581289333,0.10022219854497,0.118543554407494,0.10134494108139,0.213432936363821,0.0114059784330339,0.0128998655382796,-0.126874972227976,-0.0505491588642217,0.150365003036169,0.0981871910846834,0.139496297609752,-0.125272245899869,0.161173633507805,-0.0684050398630442,0.135076430357484,-0.00111878390420043,-0.163494581055297,0.12945264243102,-0.0235882703301292,-0.0364360445607252,0.177338735186704,0.127439839864649,-0.135246321273009,-0.212531559965313,0.0554671428958572,-0.0410075074316943,0.0404240252687673,0.137282959930134,-0.0221810002616177,-0.0863470024822942,0.143468875089536,-0.0503881547215029,0.0237924673014387,-0.0173121588919591,-0.111406791887089,0.075579841295174,-0.199593488436799,-0.02337439501268,0.0019005879381562,-0.0262269938677495,0.117343338855415,-0.053493651793548,0.0400156900736154,-0.075748239091033,0.0962880300017563,0.166219178935448,0.114084800981027,0.220431483029759,-0.0489026090921088,-0.0270135058678704,0.00245957228384967,-0.0501682943264226,-0.103648528260339,0.146288436948251,-0.074976628380979,-0.0131537626856063,-0.0155959318451454,-0.0504562585877813,0.00727508829176699,0.0149490400284389,0.167924180858725,-0.0260959002710142,-0.0582407723260841,0.0476300695805836,0.0514137403602179,0.0996198829945752,0.178969113884378,-0.0213302362257099,-0.00696733104289769,-0.0604955724396459,-0.0188713076624722,0.108405030586886,0.0698401905029032,0.0982559949364954,0.0249861646165663,-0.244046133127833,0.0477612292995924,-0.257768128857137,0.0155380718606069,-0.322485212116221,0.00379706917380133,0.121771342782736,0.0860268365217073,0.13475862490747,-0.0361347654463638,-0.0922409595938265,0.0620367826655264,-0.0655581495950456,-0.106845217897777,0.0292809961172603,0.123703438330917,-0.0367826438713348,0.0700007685002877,-0.214683800125476,0.100839998015026,-0.00404634765914051,-0.143288823444629,-0.000212221045901908,0.0578554982754989,-0.0944947209378764,0.11563283831818,-0.0764063499997497,-0.0163312448586856,-0.182417234833151,0.125743422690909,0.112313458700949,-0.0126121439206819,0.14796236744475,0.172945871184874,-0.042187186737891,-0.0987973130081643,-0.0794432597568123,-0.0897441936570319,-0.136961406527577,0.0909536384987147,0.141062121157041,-0.0436365376129322,0.0531939865287538,-0.0415931971562354,0.0127691945424002,-0.031032207171787,0.150374042504138,-0.0039531907539724,-0.00887799540449627,-0.143510372988149,0.00684085887867909,0.166027381815942,0.0517812683597125,-0.136116788678767,0.005935752341105,0.0991321753601569,0.149136674519236,0.143647732856543,0.0247710984197819,-0.263304812675187,-0.00394007454725179,0.0594432425045894,-0.109089696039352,-0.109169508759468,0.0675216404648717,0.112868609823961,0.0239246443450277,-0.196109648005763,-0.0124715864151257,-0.0209745190153316,0.124034213462536,0.0378722947801672,-0.0226065259432074,0.1264938148784,0.178763467438299,-0.10193190462447,-0.0892571277633775,-0.00786552550421251,0.177747735455561,-0.0851031417299433,0.0634615276319583,-0.00308141315515791,-0.130075779726278,-0.00153771570193253,-0.151802538875083,0.055906824228838,0.290471343449179,0.0266174157318126,-0.124002261244704,-0.0976133823786784,0.0410996322107718,0.143360828934577,-0.00263747007383062,-0.0190887377189396,-0.112375820273638,-0.0885030709492749,-0.130865413930461,0.06203228994839,0.0255033992553796,0.156461250984715,0.0625103818255958,0.0633994341270152,-0.0414436605865139,-0.0892444466046432,-0.02456404692113,-0.125675164499805,0.0486413284824239,-0.0832872032890802,0.0659777759926315,0.0152127072041463,-0.0736996701644544,-0.0377762325863846,-0.00238977830792677,-0.00445800831530319,-0.0443763285512824,-0.163811859937771,0.0136975287592235,-0.118732501033561,0.0546402065579124,0.0175457907244654,-0.0898324560664543,-0.100910535880415,0.151192485503937,0.0419374820883562,-0.174098844898777,0.0984373483468403,-0.197844604709305,0.0235703623459168,0.0733472575455773,-0.147172316675078,0.123960357809802,-0.158567521790852,0.0656522069163131,0.0157526456787142,0.052507640133861,-0.154941218848592,0.185742551095617,0.0883552376599337,0.0131039678997811,0.118342440518671,-0.0492849540663404,-0.24590900932156,-0.173936861701542,0.136015098737926,0.094584147814218,-0.0480103005458502,-0.0520845309435178,0.058423691983736,0.0806626771517216,-0.226316311243193,0.0133390609575388,-0.107616515050536,-0.0299610798184924,-0.093540815963943,-0.00241408425123216,0.132856499754581,-0.0456832204607357,0.100744875198605,0.117926727981559,0.145337219144075,-0.0671953816787289,0.0218702917261488,0.0937382617190812,0.0231761407569765,-0.0247029223303659,-0.0557785110743197,0.0525498610451986,-0.0521951967692448,-0.0275279188998025,0.0241821211173974,-0.00485789864188145,-0.0109918333383034,-0.0449774620533705,-0.00851800582372505,0.0347305440145624,0.0125257498673403,0.121127546427278,-0.00386111910017711,0.0912700406028571,-0.210478483862579,-0.0632863180674951,-0.0542881524000187,0.0213572356983141,0.0146288406187602,-0.0801368954284444,0.0153885715773994,-0.0239798337779191,-0.0309844578469881,0.109647195654391,0.0481624491097866,0.010184378832445,0.0150681391029005,0.182953566946614,0.0253111737829981,0.10038156430297,0.0332591894697558,-0.0184836339974621,-0.190293669765523,-0.0997330938154706,-0.0895349464209149,0.107641819722863,0.0235822010850527,-0.12686651378764,0.123288788619681,-0.0212662122267766,-0.0232226888963661,0.0341310219928798,0.0337178415753194,-0.0512351984277625,0.0200613137487816,0.211633947467687,0.0355624397125152,-0.0456153319680364,0.0205238166375607,0.0409762545656942,-0.0126982406136876,0.164556333659576,-0.103291055631801,0.0313279744716362,-0.0261579094427071,0.107241150103877,0.114301590716237,0.0114336987850115,-0.0406763499251366,-0.0150681876909764,0.0619045036224155,0.287196051397996,-0.130707780215943,-0.00813155824243209,-0.165078199334009,-0.0689443777382408,-0.110780994991815,0.168633305364585,-0.0222005509958526,0.0320273796744745,-0.0733072543471466,-0.0172356993475912,-0.0890692640896087,-0.0406616437960764,-0.104576912140057,-0.034570246559142,0.199361744675664,0.0988374657229765,0.0175548065281391,-0.0104509455619942,-0.150915942632773,-0.0621446191494745,-0.133511335071397,-0.0334234048999858,0.0433755524602924,-0.105128913135915,-0.0862557449335482,0.0158610469456751,0.181651107017591,0.0637242192197196,-0.000600773138161981,-0.0625793984932729,-0.0240715616231995,-0.0467901738733315,0.0374209748779659,-0.211490981555572,-0.0239960638498046,-0.082430276963632,-0.0854442733641999,-0.0463333371773208,0.100672505158705,0.117736165080714,0.0760958200179329,-0.0880377595001048,0.117213520135874,0.0470129298961633,0.0319504110211465,-0.120338740114501,0.0282196142618624,0.0537444855486951,-0.222244430079129,-0.0172616822214788,-0.0761939310801213,0.213855332863197,-0.174695440890853,-0.0207335435180796,-0.163821232141271,0.185641741445162,0.0232054402459854,0.00815195696448389,0.146761252060464,-0.0937427458583274,-0.120624513801454,-0.0155717954658618,0.00762456690661488,0.139862194444881
0.691813687370061,0.313413114467147,0.157853143473216,-0.21429127812926,0.512172116114493,-0.0750602508301562,0.465762173560475,0.137045447502669,-0.501669998787045,0.209667651112229,0.25243185889456,0.11628393309369,-0.396452796710984,-0.219139810957793,-0.595651967907253,-0.406095262648275,0.340871325660916,-0.128018892803552,-0.589623589177315,-0.00948146355219001,0.548585653293112,0.300998153897923,-0.123883987692488,-0.0607565305057915,-0.473830120257763,-0.70555434648695,-0.508067586923627,-0.496158182534425,-1.38856150969693,-0.625551685380593,-0.721951535501168,0.754708956667911,0.532053212778851,-0.168023885639376,0.117993825972382,-0.285701250369625,-1.40761133115931,-0.669960739785538,-0.751266372357091,-0.734157419535713,-0.10601895159277,-0.488615859925173,0.357735894034648,-0.296535182363541,-0.545873729268097,-0.356850894624406,-1.04974927477242,-0.326501521464546,-0.103588175867553,0.140888283546975,-0.715411224076375,0.323102588796108,0.049896713108703,0.19472520550565,-0.55775344471757,-0.619530716969546,-0.617895708438002,-0.820450452872693,-0.451213438000488,-0.583237855664008,-0.866389110797141,-0.090369743938534,-0.225805689513566,0.0177951947297002,-0.437973616706506,-0.88717100649841,-0.0315320785603431,-0.09434015938613,-0.0519693672366511,0.251640878496161,0.00731767483531327,0.482125352678126,-0.606362664394733,0.112059845536007,0.218843444689511,-0.0650197907832382,0.112503667091119,0.357781384593932,-0.0819231543216137,-0.141602658722114,-0.0402322446692374,-0.547589498867484,-0.22637743130019,0.0830635536624924,0.23924938425389,0.188649694345087,0.560505143112696,0.268739063583274,-0.35048270743068,0.148918815514613,-1.05438553693095,-0.234067420820604,0.580173903647024,0.842061031424197,-0.062014832833076,0.192380180533552,0.261216175198673,0.901844334106976,0.563233847855352,-0.563181473727866,-0.361888599329495,-0.138818467027018,0.206759121589344,0.196278388022991,-0.0638590046891699,-0.612001687491547,-0.891180186303173,-0.90496450727276,-0.21176329826005,0.0036573723512941,0.414447798264707,0.653501462942543,-0.053154617431794,-0.130934005735255,0.160916283301065,0.6419662558894,0.476415740545661,0.245511212481644,0.285204281541357,0.694328476481423,0.840766971402463,0.163172065065524,-0.244053767241552,-0.479174958411794,-0.240741537513082,0.463134258325238,-0.00600158527526941,0.430324330245558,0.198720531585524,0.133857356790247,-1.18660699398398,0.0785650621637269,-0.0887251794258172,0.207969426846458,0.0321240415106876,0.438625871841687,0.449943757467997,0.260810579743164,-0.137955541369546,-0.401553711176844,-0.518397161655033,-0.991637070476884,-0.927101929648455,-0.0435901344533181,0.508267261631378,-0.269222939001975,-0.373895071599661,-0.367712805048003,-0.398034729490361,-0.566682927326777,-0.305605056518867,-0.343455404356233,-0.491824188025432,0.104471607723752,0.103381649104654,0.609229998352139,0.0318899045031612,-0.149252768636104,0.112709390270087,-0.353166283410143,0.0823813337797656,-0.259772127560122,-0.475305287558806,0.0887138731442011,0.134973741257434,0.00481048095183947,0.254596942006217,-0.65811271074177,-0.114237954020877,0.691652186839078,0.311379046670615,0.820138473795475,0.650340230514156,0.628485695272495,0.876619471200702,-0.157562466430728,0.275504723023265,0.00144831686304294,0.051103279315507,-0.0875100615932475,0.321497881949119,0.316590136882757,0.106650772117376,-0.263185023689753,-0.284368537663403,0.0587570009807845,0.204406935543653,-0.0834401864496417,0.952479874461592,0.686439960078625,0.484505694433804,0.12712661067058,-0.0930231488182454,0.718612003172257,0.601316154871919,-0.487572512874011,-0.164669390175925,-0.0815053936222451,0.409359072675085,-0.331734286167726,-0.0932686924088451,0.160293990445871,-0.484093412752005,-0.234007163219729,1.04255189097985,0.493560351358097,0.591346396617919,0.974884609859088,0.009932205619785,-0.000438467255961361,0.16516589300603,-0.73170825707279,-1.38620671404042,-0.879964191236195,-0.597255985234724,-0.186690448677997,-0.124971986912005,-0.389116366059125,0.0415606436900983,-0.0244654228809245,-0.449709945076123,-0.231617738050244,0.122947260612936,-0.607890279231484,-0.878673106594363,-0.106389075641849,-0.298000943558213,0.564082356912446,-0.28076536503268,-0.322731546770165,0.252480519458294,0.110919853014299,-0.154316874013798,1.32042436293217,0.441958844470881,0.0228977318543759,-0.315856542104474,-0.467415709674334,-1.27786788554441,-1.05348402948171,-0.551335084776343,-0.14468508651467,-0.0990440894407987,0.525791877900448,0.476985787599085,0.153282936206268,0.925424835094554,-0.0723858456812679,-0.276386498133037,-0.263176135347132,-0.092655543231171,0.776936500722311,0.477494977674282,-0.20981387340355,0.171914025904563,-0.315440607697592,-0.591189018709294,-0.672193618490998,-0.569850051686786,-0.386414226830406,0.430789129090939,0.00771806296027389,0.819551128287045,0.438614210905224,0.0543626998764464,0.142761677543484,0.171358173078899,0.221667407886367,-0.579027363373588,-0.0494700201864596,-1.44265861917652,-1.09876058339418,-0.718092029680026,-0.754151787393069,-0.0570603404596655,0.102206637915686,0.141260976192537,0.772288518354895,0.167896847182475,0.828691412248101,0.834013889121784,0.363996574421796,0.218535295479117,-0.237680880269155,-0.392024505797551,0.0360029976393051,0.370259688291204,0.0157541029055475,-0.11569983888659,-0.822578536874373,-0.663768686447049,0.794823411460454,0.679481844870899,0.716317594071372,0.619341679465173,0.114143193852625,-0.597184524225263,-0.411629971419915,-0.242036476167334,0.407344129763149,-0.466522352215122,0.00333556607358828,-0.373189662545548,-0.889024104242846,-0.278266003123058,-1.16720346865392,-0.79949537924253,-0.705329363138629,0.0707848205487693,-0.441127449077677,-0.408387207180772,-0.0147604496126937,0.16017589816996,0.32455895137496,-0.730764559792651,-0.274355551920288,-0.574156004941991,-0.387669365058379,-0.107317165853041,0.0396144829181122,-0.268360505206355,0.151562604857825,0.478488956052564,1.06701106745208,0.961478867184882,0.25812729224439,0.290727169707283,0.018463340536263,-0.0236494458810064,0.0358105055077197,0.189845340926817,-0.0932980772681008,0.448780425834078,-0.0311191942777732,-0.50306790334899,-0.225387251479824,-0.636585104644547,-0.500795950124342,-0.416215571557009,0.416277271142954,0.590261863785526,0.176751566643961,-0.163364155615109,-0.455392964879327,0.361621507549046,0.244078943895444,0.149736100399306,-0.329742917642799,-0.754237626190389,0.249672303309791,0.225070603528713,-0.61786029474964,0.270506110128746,0.562160977312948,0.875986612263608,1.04639292437079,0.872629937531265,-0.36088831709186,0.173906416795531,-0.128295129401848,0.491738398286835,0.170424285122863,-0.758746036112216,-0.593429899625357,0.304373004029984,-1.01777472181102,-0.520139616734298,-0.658020761719874,-0.466475217392907,0.282994977203475,-0.0171887681968775,-0.711664552200357,0.079687088402686,0.481777844515167,0.423817253704447,-0.0945020668464016,-0.270894032338566,0.690842662233079,0.459341884389727,-0.493705012549966,-0.160547642724208,-0.683481996573624,-0.542814807027999,-1.10688544652227,-0.768033921518302,0.13383843103867,-0.0700631512332309,-0.262668183282616,-0.0673550876217195,-0.0618697371882509,0.02958667254767,-0.538675191585805,-0.290291510241303,-0.760370129504217,-0.213702015946002,-1.06334033232453,-0.842652706010697,-0.182991649384195,-0.00253800993083703,-0.227076411797865,-0.409561238571043,-0.36727634060785,0.106269996196596,-0.430801205890053,-0.371226902697285,-0.206316270752681,0.767307305170291,0.167680445998369,0.0413195934641517,-0.763818253896132,-0.917311041016497,-0.733645726515117,-0.316185553980468,0.0653553200570601,-0.279708599234334,-0.140666716339083,-0.226159147028325,-0.357938709452338,-0.110414290097767,0.164177331862095,0.174852827110924,0.153768701601236,0.997047476608205,-0.121795795864428,0.0985618188897905,0.642697144586952,0.0188232621180576,0.325985832103816,0.718659343413339,-0.178979018978658,0.671046766189326,0.0489346168146748,-0.267720420708538,-0.179467807753084,-0.225988381699987,0.0394408312705039,-0.101114637079493,0.262572224075084,-0.246453358188704,-0.731002387568282,-0.00178006465632552,-0.597216708845787,-0.470875529065865,-0.279829793977953,0.0712781991156555,0.713418883332521,0.2971704837786,-0.132317003740918,0.192736732112485,0.241606167807331,-0.789499103837392,-0.514973834271035,-0.39827219106713,-0.19466860674623,0.196898070203984,0.718652304583898,0.78285140341996,0.224959073729361,-0.0422671042212442,-0.720203396992357,-0.360813347503701,0.277467063153485,-0.228339174659249,0.352747430324326,0.477355320726187,1.06041309858057,0.0806790197795982,-0.0156999832857036,-0.310287147994056,-0.52552659296408,-0.492547371321257,-0.375154332987109,-0.332956931689535,-0.190155155289698,0.441835021244598,-0.0970624635561925,0.30675594067869,0.36159070261754,0.498829706959264,0.308343140331156,-0.533960769949284,0.100251746855091,-0.404762414957672,-0.233984760565124,-0.514136879256641,-1.25227556471329,1.11272725039472,0.427911733837177,0.364947473566925,0.1281183865424,0.531011177776511,0.729391197265049,0.287341563382045,0.524478500364559,0.427380301358535,0.229967112778283,0.183383129159135,0.471195576252451,-0.215328160581993,0.278572630967701,0.237181732768276,1.24968658062389,-0.386062127542814,0.120307419734044,0.449625025671026,0.403355368223379,-0.651653820381596,0.480017678450409,-0.226776874236449,-0.749491335847508,-0.617193266703813,0.0350922344495428,-0.509578316513588,0.212050914575143,-0.215122158755679,-0.111422335835371,0.173094089669683,-0.0210685592689045,0.28961034754953,0.141485225447577,0.352521993740464,-0.0355635294771196,-0.648213135499801,-0.444287778635504,0.159335912477428,0.000179654670338822,0.53448802427308,-0.115730038246194,-0.0156827756305404,-0.0636034046749701,0.0591526313306773,1.16791876411618,0.450763264676418,-0.534113414900914,-0.321092910221233,0.430982157502139,-0.165027524106335,0.509708856749704,-0.530287650132559,-0.778035054832884,-0.801859729314711,-0.23397866032183,0.427731499640095,-0.045874561099451,-0.180164207175313,-0.664299217163686,-0.71716300345985,-0.85282887172992,0.327701261160601,-0.367098269236302,-0.445268379357859,-0.809142368271929,-0.87713248709497,-0.342708668187514,-0.555159702992985,-0.284170109204622,0.291411460147949,0.610097131371889,0.62174440093546,0.0331626742147976,-0.171262762266717,-0.139268502134259,-0.0970988192579549,-1.37098088223131,-1.03687158896128,-0.551192610229621,-0.122053985386778,-0.139708052614075,0.650400628362398,-0.263272232040402,0.202495998980294,-0.32017511230368,0.551700835197412,-0.120949771844683,-0.177681820965763,1.09204491011665,0.811641948874818,0.479296044316591,-0.0586052810212548,-0.460091616141384,0.112565585715549,0.633966262117724,0.667639299884794,-0.0346071845953676,0.120596073240286,-0.323256372476796,0.333800240332731,0.32761353825771,-0.465746644212393,-0.0478757365720199,0.0913787518971136,0.195532375408928,0.0948721034147153,-0.27268628123005,-0.00180711818624499,-0.385791888896142,-0.741140703612324,-0.814270367031628,-0.669103651139634,-0.850937307209229,-0.283706136606956,0.485550275858832,0.219431677641267,0.377216033489168,0.568092821884234,0.597918585130195,0.197590457060658,0.234815005337162,-0.0189607024273881,-0.0428837832947059,-0.82847901089182,-0.505872208461329,0.497167074276076,-0.0121202959562364,-0.1125790289952,-0.396849527052693,0.803509248207905,0.799373217680203,0.284859567394591,0.18521427306491,0.495634171724862,-0.200890968535796,0.667808456377436,0.429324532532852,0.45537077459621,-0.226996187309012,0.51869247555917,-0.370239675749667,-0.442388310964409,0.0303968538519696,0.377378419302564,0.386520974392807,0.818134908966493,0.861991222202024,0.212176541959039,-0.53194347988722,0.020549442118668,0.584784359057321,-0.00930477324033175,-0.903300387561072,-1.1462349728686,-0.344443965784696,-0.345199735791505,-0.676967650080798,0.131873980819457,-0.309578736860168,0.201136944579825,0.153667419815239,0.0557840628703993,-1.00454294262991,-0.860489036502629,-0.0336882779064447,-0.0567520955258699,0.450684770939769,-0.195009280394358,0.0254665061948339,0.398710810920749,0.284406382321267,-0.369738919930161,-0.569723845891787,-0.361009382112935,-1.24555198294798,0.0954957108178195,0.0405468604947931,0.383340330431464,0.132236754315009,0.0370525271105815,-0.0804228963801389,-0.334378528057298,0.387188619992509,0.799551312663436,-0.377345447912526,0.579471401975888,0.494966262847035,-0.00305612344584527,0.0365670806463566,-0.183673420596722,-0.216755521741952,0.209062177185367,0.443260890224192,0.685034628587624,0.799147523182889,0.784041696980478,-0.284794076211297,-0.0558517179018548,0.365451433148902,0.461611140203602,0.407425288727281,-0.0621010441593733,-0.065275914490975,-0.21345124096688,0.41949596001829,0.188171339017473,0.717344173392734,0.211388384566639,-0.306387048576786,0.207660171803431,0.545313511603676,0.323410186095971,-0.598669240652707,-0.443425343771474,-0.704179691081847,0.155028253799425,0.389970889042063,-0.312082850897385,0.270249897989866,0.312130553659177,0.453970305878487,-0.312198169747865,-0.887965212809267,-1.19182174447251,-0.344786685152098,-0.0632696502798098,0.446184358616979,-0.0613693372102549,-0.127576301052795,0.119554478704216,0.158280065109137,0.545619249488807,0.16903811354865,-1.09221146648857,-0.36097005307972,-0.651218272985717,-0.184855359698872,1.00130751172905,0.0316621498003712,-0.056789046619399,0.338125850945316,-0.562360001124671,0.0801301558932497,-0.463527424006949,-0.627988253175318,-0.480185410575833,1.01022708193759,0.64147330038889,-0.058445211756476,0.436691865500703,0.445342479419223,-0.182070654909859,0.00351622464388843,-0.0297651629548685,0.0984386658528718,0.703910438416422,0.525823589124261,0.169417195514158,0.927747899656676,-0.0204688732830336,-0.810503035619408,-0.302989256620848,-0.370243148750571,-0.0639877971212492,0.384928772392702,1.09377469798667,1.15729241230107,0.714398575777905,-0.256792208420963,0.993823190030965,1.20785239137685,0.342765326718796,0.825939122649753,-0.193535025291382,-0.62948297503109,-0.739592493854214,0.183258924362529,0.117068154678962,0.363900960544263,-0.0667437183310711,0.147526156258323
-0.617171097907885,-0.235550924381818,-0.236626849223169,0.153321614123304,-0.277781442535463,-0.0340217115364175,-0.496036376828642,-0.0783837042046131,0.42937802833268,-0.353447853636952,-0.133962955935965,-0.182399604363472,0.267756328763534,0.293440369439121,0.653881663285663,0.446415505292935,-0.0723861838639734,-0.0658919687723094,0.573638182184893,-0.126449667496745,-0.312121415315653,-0.0278507618950777,0.110694095437193,0.0577570443489741,0.452635775554194,0.532771269192595,0.500951757819798,0.39948050879823,1.34420821576173,0.334038707949985,0.533283702868195,-0.804959675851848,-0.71997630376364,-0.0695278517526879,-0.141716492621662,0.432261306867937,1.00786021915656,0.568495342756433,0.559625576200891,0.493666234625159,0.280076732423198,0.394084564429168,-0.323890974788866,0.120658950638819,0.75047079509283,0.443616008608696,0.813719197128227,0.490142769335895,-0.0227262607898399,-0.301553444260743,0.654687722663425,-0.123327376494426,-0.0851135334077557,-0.36330672588444,0.344332878510055,0.623676387413799,0.452620850494183,0.656437846343982,0.382616291146907,0.648612651372469,0.975775918165075,0.276318858226658,0.29460793697136,0.0642521223877793,0.29690374811772,0.836205424436771,0.0649659055627418,0.02019672198849,-0.0746296585229316,-0.116360223320744,-0.0490610830378646,-0.29602710331297,0.44109499308095,0.180856970046896,-0.228011728895037,0.172849684946022,-0.0262076421468193,-0.343887661858496,0.0856037920423426,0.0481602066534143,0.0647400393496757,0.448118819200934,0.156106638397928,-0.0563356040667533,-0.253226201924149,-0.240482737592061,-0.606334508046494,-0.301247846187206,0.0472000380122043,-0.219125209191057,1.05042977597223,0.448816494256112,-0.275369128681035,-0.747376647038761,-0.0922333634815153,-0.2774492352115,0.0584876247626286,-0.886769930287219,-0.386956737817616,0.511430835877599,0.235711747683957,-0.0329600237882846,-0.46971579854271,-0.200996680906374,0.0351254639340954,0.583138931696284,0.753577177945014,0.925395414055692,0.140603377966216,0.178054368932046,-0.48671478055117,-0.483460726362244,0.245850364416556,0.242542439724699,0.111057639463929,-0.615180134524978,-0.439063150264599,-0.154546689548496,-0.540335836385854,-0.635519960181376,-0.940867392001268,-0.332097122389652,0.139061762860781,0.477840457891074,-0.0911097239004765,-0.245605788056702,-0.157306034675676,-0.234017992872533,-0.285429080569841,-0.0606418186963176,1.15902235309199,-0.206010885718034,0.232763137741303,-0.290650394872054,-0.14123196810264,-0.213624148157265,-0.352157126314246,0.0816792750820074,0.193727020595978,0.529194836859041,0.625165899895073,0.938341574607423,0.757966849987832,-0.0463541574134523,-0.57620012079159,0.256639563144904,0.407590394598068,0.142999316305163,0.434709174278248,0.258618712612393,0.202348786534525,0.022846868730094,0.405906349289767,-0.010604183210588,-0.0669223962999515,-0.516720754427618,-0.0883571166700612,0.117561584194982,-0.105006506840607,0.349879852775086,0.0912391195189788,0.473308969829609,0.688207820108984,0.00726516825632529,-0.10085981718897,0.153905261759644,-0.129382794445159,0.589905307851183,-0.232845865946031,-0.645342433209605,-0.326691842252122,-0.919382744737825,-0.424846526486045,-0.591186330691867,-0.880295988591154,0.00910306462564223,-0.267142553455489,-0.125275207962127,0.252095147424175,0.323431819506941,0.0249730073022368,-0.177643789990626,-0.279240803548419,0.205892012672208,0.11690882520663,0.0115774442689531,-0.157597926295723,-0.0380402287376806,-0.990075575351785,-0.45468912183624,-0.646185475909545,-0.226980293318374,0.0155644842016114,-0.717115511318044,-0.674322488920496,0.380777855924609,0.0340955194973573,0.164927809811514,-0.413991291994066,0.00705093716706022,0.0692676770915673,-0.105167497704159,0.192530122674694,0.341802034032996,-0.871392968490219,-0.26207398743194,-0.54900991167958,-0.822878178661393,-0.176609065964454,0.0927846266004356,-0.143687488868844,0.580691410005441,1.15328042601482,0.631158554205052,0.57483928490436,0.187936302004453,0.191416027177645,0.403559535021148,-0.222496133485978,0.00765728237904065,0.594658106681909,0.226752110397802,0.0591794625773265,0.737175294575068,0.871708913221279,0.108644911981014,0.0820201084637029,-0.458006948463026,0.23669395323481,0.28361104346967,-0.20888209401045,-0.263064474491136,0.103913987293034,-1.21973024726643,-0.177079211105138,0.229170464653761,0.202024166553069,0.556260732719692,0.913227871476602,0.790211929571943,0.307389475165308,0.350256601138763,-0.0635381657550567,-0.546848996527418,-0.534196636365904,-0.37963850509132,-0.944393382970744,0.118186923859529,0.0475391104046411,0.318568038679715,0.249323146067386,-0.572092964239013,-0.361472974309801,-0.0413209137559716,-0.154504583310961,0.479621833245798,0.440250685257303,0.447409795505063,0.753867139817398,0.457674463597052,-0.399568458237077,0.0673662752228672,-0.740923014437211,-0.346113546801655,-0.0573815518326906,0.000570255736496642,-0.184486519482941,-0.229393192046394,0.302728022879453,0.026132139668108,1.39890002826431,1.23029587277715,0.545262334030847,0.801868496893782,0.108964414533639,0.199673055354897,0.0722695284148828,-0.534332939696199,-0.295213441291858,-0.800295125168628,-0.668640690129234,-0.343958087916661,-0.313415861112814,0.332575667887438,0.326715795576774,-0.141559421333598,-0.336763075946453,-0.0707623695590312,0.438113854130535,0.779084542235729,0.580632191821888,-0.515533471645138,-0.497694412398378,-0.790256644977954,-0.307126879874131,0.0474242062948557,0.582084325921569,0.169976512670234,0.224160877048306,-0.429326377132469,0.360201505628727,-0.10110539116089,0.296350866730557,0.756574057406756,0.281257412423399,1.04602439585072,0.687542514131378,0.691116773458619,-0.0159883487819447,0.450420936398791,0.263679946115708,0.0525377583017745,-0.112425375203495,-0.17034431198263,0.606648146222468,0.394388992593155,0.413200135757858,0.0924214070107339,0.144446432842639,0.203812353359672,-0.0536188409386915,-0.193969638673537,-0.169388302648016,-1.03323423353474,-0.740279165896611,-0.0985071348354012,-0.250448561730398,-0.00370214245234009,0.242825091785932,-0.172615037297597,-0.00463628940060018,0.156395663653742,-0.429258640867866,-0.0757971380841571,0.4203454437472,-0.016624254146185,0.721988277774596,0.313305435850396,0.268905774189923,-0.427032867444017,-0.55150141313308,-0.0572312087349438,0.240082768939034,0.479657817291603,-0.145228223217934,-0.279735420198996,-0.249215897243296,0.327508769317486,0.589458213434941,-0.377400208277631,-0.103564032513597,0.497121494005141,-0.0909864306446468,-0.495645045826074,-0.710400903984897,-1.00747017470533,-0.886072263700291,0.207211273076177,-0.280249013586048,0.214643269480414,-0.361985898014611,-0.106943459423667,0.785737493033928,0.424591539785574,-0.185409190106729,0.59446167209822,0.352500611547469,0.692693763940391,0.494207539793688,-0.393542716998498,0.174323823266999,0.800262186867075,-0.116751432641285,-0.773952486351707,-0.328926908108679,0.0948340189732732,0.270989480963161,-0.436960596737059,-0.294769107384177,0.476266204289249,0.20940161408554,0.447133865331611,0.570818336160363,1.12571455965495,0.664678724376812,-0.0672035096056445,0.14507745651462,0.217014312202149,-0.0279493232907436,0.0394659651673198,0.0191399351606325,0.543875135151389,0.199918847218851,0.70717886500491,0.141159337471536,1.01874772404491,0.776141738981388,0.150131208857294,-0.150473715978447,0.176327275144531,0.443069665506002,0.294293231671108,-0.129042172829095,0.557880248967051,0.298158569055432,0.08570718499197,-0.498694862241431,-0.255834106165171,0.0487625836878002,0.68734732252061,1.06043472738152,0.725077659580467,0.257394647541903,0.0233613762117746,0.135589562845975,0.503919255717632,0.20699249054073,0.149709468486594,-0.0125233609758674,-0.166530879250404,-0.351734576176227,-0.0793893424154711,-0.572838078484069,0.212801113979482,-0.0546830137396196,-0.287681862530137,-0.214859544667415,-0.188693196516414,-0.626840661471405,0.0720762069823573,-0.580986091729603,-0.0431335358698491,0.129314999260835,0.157952331747733,0.116991494661603,-0.130626260992102,0.222084700276829,-0.0789291624278094,0.138398229316489,0.827315654911792,0.20363466990056,0.454115850616562,0.279755435421822,0.233405039768863,-0.0589210289280144,-0.512593243149096,-0.33288231197796,-0.156459409955063,-0.0354988628926872,-0.598778742865412,0.712522619258856,0.547745743783636,0.441299489183226,-0.0571246356052729,-0.185510887147698,-0.485047390565035,-0.638811377742645,-0.228000087100165,0.0229644477504915,0.526270013189874,0.234662634746836,-0.0430414822228921,0.157253364085434,-0.00268728505734891,-0.408116000177007,-0.836488625143436,-0.0268331092313715,0.105140040189939,0.395219217991438,0.453565460219334,0.306121992422923,0.0883383247239257,0.206945513044262,-0.0197241978763922,-0.422329328232698,0.13373171201452,-0.543197828788769,-0.333441635826399,-0.534570626808847,-0.354763938863787,0.459025517700699,-0.200945030907382,0.217912069224136,0.321869562377553,0.385117211500495,1.01185985499934,-1.18070395251667,-0.438071912612892,-0.302288230663075,-0.12231281771965,-0.360595919235437,-0.653806573934933,-0.346516345040607,-0.459429089523224,-0.429293749848166,-0.305879006051578,-0.333997596720988,-0.678816228854334,0.162474660066362,-0.253041417441471,-0.304215416412177,-1.15218672208313,0.258662069401564,-0.0793958547805001,-0.259050298267973,-0.360958516036653,0.798186743085212,-0.405748869736735,0.246617916420396,0.698049677644943,0.684371396911267,-0.151579662313475,0.613177518946455,-0.0852060734166784,0.0327510269066035,-0.0605071248584996,-0.0760137504557431,0.18441530150998,-0.0157257803392072,-0.11022251117901,-0.444180130786048,0.31237561048278,0.640946229239493,0.454960732847504,-0.00629899086607714,-0.170951837371802,-0.586111088049609,0.166266692685685,-0.0366714304300214,-0.0366512334032568,0.133867831213213,-1.16247969512048,-0.370148796604438,0.294133094059082,0.265685636071223,-0.439275365936808,0.241683007240977,-0.360325692143367,0.403227290887242,0.820851409839754,0.710309608357067,0.245818196431161,-0.230124203759138,-0.19865283470377,0.192820193684076,0.43148870274899,0.542714898476128,0.609233142253509,-0.399952815981915,0.516362018371396,0.402530018276691,0.738433670974491,0.710509246316256,0.624440060435389,0.504159630978428,0.354817728154829,-0.158738063772226,-0.403363779866724,-0.52308878804035,0.0509682591274026,0.175101467818063,0.200136476611182,-0.075761225271221,1.4243283379885,0.942476102424108,0.518046865553092,0.0799002398288028,0.176779825853146,-0.340011309184122,0.201047686970081,-0.261632836385517,0.36397604291645,-0.3569024297667,0.256007572180289,0.111449868465686,-0.878175586560486,-0.60460884626579,-0.418308871358872,-0.0415685837222586,0.545263801153024,-0.110733257810613,-0.671444844101677,-0.382653854277013,-0.167546491191918,-0.399148277505026,0.233908298749881,-0.179820739469525,-0.259055475183503,0.387839250123681,0.217865090363611,-0.0541973490489138,-0.171884818728779,-0.0196000783283675,0.323856599880828,-0.145971218408812,0.181004154485389,0.712154429603153,0.486177371787326,0.620016945247638,0.530960904518421,0.375789567185913,-0.607959184077949,-0.248493001850391,-0.332295013909,-0.402786736347994,-0.37313617418813,-0.2048943885726,-0.237832916487881,-0.133368303149494,0.0534399948012777,0.736333358430258,0.386492636508637,-0.48728507887802,0.0646677058651879,0.212481404375451,0.226319889809367,-0.622601300994824,-0.696517330533603,-0.352093072574996,-0.174591040351027,-0.327501734715388,0.166211658500535,-0.754787516424599,-0.377567424618638,-0.650982008354695,0.364605850858299,-0.455623208812878,0.197512886044536,0.412603075480546,-0.0710814441263026,-0.45582272079585,-0.371244695285845,-0.789869467651183,-0.874993691350509,-0.547729465262897,0.397934134444842,-0.0413064038943105,-0.525272374089274,-0.135359993717447,1.10794774101264,0.953994647142165,0.205927006498293,0.36187502087784,0.63145638846126,-0.251543875103343,0.494123216891322,-0.103522225665465,-0.14386723875008,-0.0762111687924236,0.95156068766644,0.868526085015964,-0.0577928811218239,-0.196956113232798,-0.547946732486098,0.171797841296473,-0.164741364338059,-0.317529943275857,-0.267861874981585,0.262102485122336,0.363045330902426,0.54723460650445,1.06015932140462,-0.0459557669210775,0.131478101939021,-0.17262982413017,-0.17973055608642,-0.121061980389602,0.0468528625112712,0.473441569090631,-0.28645929991946,-0.706008705712228,0.31047795160928,-0.661527741849962,-0.401204673415262,-0.176304075183688,-0.307164157545426,-0.0119932108061279,0.212856149022998,-0.18329730477333,-0.434351015706632,-0.609738174365049,-0.691484657249932,-0.635339525502186,0.259511246660124,0.0765749313080899,0.0054881619278329,-0.407574842611194,-0.331216841088991,0.0386408312036304,0.0511061424216695,0.209849445661592,-0.31782385181936,-0.118373336848915,-0.65029387465188,-0.280837234800924,0.237670190891583,0.0455410872115538,-0.561795573848004,-0.274522688754071,0.466121132125655,0.404054040694412,0.634732308297777,-0.0549511035841387,-0.334891611747768,0.0489714830415096,-0.325000839172548,-0.347790806308224,-0.459595468603748,0.434442363171252,1.01895468045357,1.12355143966189,0.519770140057699,-0.0729054330091678,-0.599036599093216,0.203836069103662,0.204191053494159,-0.228008068956074,-0.113883139450775,-0.51843223140346,-0.1418966115915,1.00600434296332,0.396449679675127,0.590433209087248,0.185968276131272,-0.841170350527134,0.0295059428856509,0.121299172765485,-0.0917511581240656,0.531759461851804,-0.026987608800503,0.294351458992673,0.600616095218885,0.187986898725066,-0.767218807305965,-0.293960068515672,0.0904488236399603,-0.47868369712306,-0.334905675810187,0.0490108743820818,-0.18991425202279,0.133380544329123,-0.103666774599029,-0.544351607246406,-0.513336214755925,-0.171252101548939,-0.720455752112544,-0.142240946020184,0.57684164288778,0.319229476360023,0.321800727397574,-0.0516525331704428,-0.217459318889478,-1.024914892895,-0.83727787970701,-0.604040812578394,-0.0267027040712925,-0.829778957355616,-1.07240176228465,-0.548717250786438,-0.763532779839392,0.251362889444853,0.551821314780733,0.473791999595566,-0.162538575072439,-0.0639016947123227,-0.150259417376401,0.115494281711486,0.0398513365866546
-0.263469375370001,-0.278158646553312,0.0369485367687447,0.127523858825024,-0.219952903506022,0.0837054317210732,-0.0804021161779611,0.0299893809486323,0.271727137690143,-0.258575521544042,-0.0797507904271998,0.0303916912237161,0.265134554099895,0.0351166713944372,0.233412439969231,0.0538002677471443,-0.173939911576936,-0.0711687628343583,0.321968986904558,0.133585878222993,-0.222843601651682,-0.0303625810759372,0.0795013498929308,-0.0557140294692124,0.338585083510004,0.337572746079515,-0.0104457254514541,0.230947113506893,0.541323555443705,0.468052149241576,0.393553047177096,-0.248547385180565,-0.179878255780652,0.127886053355673,-0.0076018005183892,0.267073288074864,0.332482194136344,0.277246701171616,0.200321010562747,0.358425258104726,0.202792568917529,0.358763616485826,-0.355369384861738,0.143626222953584,0.363442224360424,0.127674421840875,0.551862306174336,0.301673474578098,-0.00603800392613633,-0.11542708504784,0.269905957238354,-0.305944650139656,0.0902295482774965,-0.0500907467813801,0.226245354986341,0.132725328036284,0.225050134070925,0.27255638593657,0.103636357773105,0.245375119053053,0.72805351458206,0.203720319878306,0.0803304948363498,0.093110417377881,0.155483142682532,0.306115005594812,-0.0917148844498164,0.0593575232825483,0.00653959810390486,-0.094727275241845,0.0141829786527328,-0.0917219219723307,0.334330355961923,0.128473860581174,-0.118154316752509,0.226963897825619,-0.177753405292886,-0.0575095056035821,0.00798345480135992,0.150035510549766,0.276711387170113,0.505060352312865,-0.121594661564173,0.00461717381783792,-0.357846350103642,-0.061729159598663,-0.270025274693364,-0.153470510153222,0.117424350556407,-0.0549670044478712,0.716706402085158,0.117053557617748,-0.102224957807294,-0.296182280577285,0.00561903463393854,-0.205847697805873,-0.0703323154790723,-0.368607238872119,-0.245745687412372,0.0982516250122786,0.209168203770457,0.00257111187246577,-0.21499227357946,-0.0989038463301536,0.0173687929343062,0.303752762349238,0.245995208921871,0.468919393930581,0.0758742895366922,0.270586582042229,-0.186880813022346,-0.281668811417226,-0.0437779070555569,0.201644259024564,-0.200009956307674,-0.289148902168712,-0.245365917665136,0.0383866495274643,-0.15336102274366,-0.244437589957006,-0.264482673501462,-0.231660333937308,0.163171827931045,0.34826607449604,0.16579408121846,-0.166588886553434,-0.213466912625794,-0.150473947065557,-0.315271532920861,0.0255216874275085,0.520632614524576,-0.0712033234414097,0.0356425226001589,-0.106284814021558,0.0225950428804641,-0.237188400471054,-0.203536844308398,0.0878828956808771,-0.137051996155918,0.32386416961934,0.348296182746216,0.511621658063724,0.153137117656147,-0.120969491755524,-0.109720460386986,0.288564803468911,0.100235977535451,0.184532606209143,0.0864636578120929,0.190796171503902,0.167632668763069,0.0774724185994162,0.251774866282009,-0.192199516833677,0.0950938378545535,-0.160906792552915,-0.192198796811647,-0.0151011167044108,-0.0760212919014665,0.150024121847646,-0.0118261836732364,0.175097705528571,0.288721228995217,-0.191345119656131,0.153830478625376,0.151517942471341,-0.000252240001133067,0.465104061292769,0.00624149204259011,-0.0597680860435225,-0.103455330138894,-0.329833782563499,-0.0942952406522163,-0.332077846299833,-0.268079296367429,-0.0616754099187524,0.0403941077652886,0.110857323717427,0.0856964572331662,0.117133889567623,-0.223114274640611,-0.135171682156527,-0.0959366259895106,0.0132435152592108,0.0950389793311608,0.320705124536567,-0.0478309702318951,0.0196612540735395,-0.433743644997632,-0.407263866061692,-0.298332577979815,-0.167539409762111,0.120171996686428,-0.215821830060027,-0.247901591224964,0.0703869917504641,-0.207196390857435,-0.0782059667894388,-0.244689663891935,0.0372977312800364,0.0104622687340583,-0.0112712510092908,0.146292273985959,0.10198306393036,-0.368872945594913,-0.0870610515159854,-0.0419470327015953,-0.455232458243132,-0.118840404191567,-0.0946607084905405,-0.0130395693145123,0.324597053817346,0.768411627673694,0.361481004009512,0.233447400399234,-0.0266327382533763,-0.130783145204583,0.0852664925006213,-0.0676493260493832,0.061097214810501,0.382831637340571,0.0797869695059018,-0.0173482308682482,0.376995147254763,0.346174929891755,0.0177340106483607,0.0846770709703382,-0.255897246309716,0.293859147752333,0.111099477824803,-0.155792615254852,-0.207623671464905,0.00839458660889079,-0.506243735202415,-0.273983926743721,0.153705716454798,0.033358793918263,0.143989915566642,0.432940029251995,0.475501098333516,0.355264365840118,0.0685553524080159,0.0413505965446293,-0.326813665121812,-0.141123230355771,-0.244310305319293,-0.485519320828123,0.192053480715951,0.190407513290598,0.0405966116838512,0.0590913684353754,-0.0760177448222443,-0.268815081689906,0.261810815705605,-0.067656878744891,0.208983057789412,0.475415348887031,0.159129604012463,0.358523595490333,0.344895359544059,-0.192208992297623,0.0110269170968319,-0.576051104496294,-0.22517048231623,0.00183273388217181,0.122445218420261,-0.134609024067073,0.0130787078667132,0.26329291253641,0.0111217638982264,0.605914673461304,0.546743540579004,0.323047910972789,0.298626080503408,-0.051978133184687,-0.0661724562799514,0.0654589596967026,-0.400732679047217,-0.206561816922614,-0.33321873335015,-0.288470844788602,-0.191534085022522,-0.0473365810480952,0.0741725706627184,0.390028441643917,-0.0922409525748077,-0.205888117187992,-0.00328480986124181,0.238217581536758,0.303809884435726,0.105923467245674,-0.316347824979525,-0.291922329848654,-0.413919284925987,-0.141171135983558,-0.03284943519307,0.235982627618637,0.180050854873322,0.154966852120028,-0.140073661363856,0.170192498865261,0.14947515888432,-0.00840982875709617,0.298734704768918,0.0256617306508875,0.510090042425693,0.35302664172609,0.235149398986988,0.00294198422549168,0.278653215771286,0.106682381539732,-0.0265860245490315,-0.0753133471163862,-0.405217542770749,0.189832514552633,0.0225834655090846,0.281624117101262,-0.121964439292124,0.018797203565349,0.115289752948173,-0.0993112381055939,-0.0305894980897636,-0.342229308420311,-0.464350036892344,-0.451243204516191,-0.0565501613055402,-0.00326301279056815,-0.00981585799363203,-0.10751688024493,-0.15669037912487,-0.0835889170953331,0.0128264440116443,-0.247406455748749,0.169911300033498,0.278251664693895,0.0154615599802489,0.244470432352537,0.341091268363602,0.211774155846671,-0.0283690762267441,-0.295990688111589,-0.101952306712376,0.158877112696752,0.192240383648244,-0.145114071677695,-0.0915078425346838,-0.0264326966183982,0.196481115776081,0.194241460708152,-0.168101331186979,0.118344706340008,0.0613657719922049,-0.112355763144858,-0.209870463231609,-0.405324663067373,-0.12725547693503,-0.385567553120142,0.0258411820685795,-0.151950707729334,0.102086234255335,-0.140480714379674,0.0135929633030989,0.445825888173413,0.402808682151225,-0.154510031777675,0.615319817788996,0.331563643271654,0.424321065926638,0.315197547637618,-0.20429294641599,0.142244793186824,0.101221800339748,0.0299432101890095,-0.262634644484384,-0.113362377036497,-0.047749580373736,0.312971691184828,-0.190903236957559,-0.0949330227670047,0.179315243142133,0.218983730610496,0.213060653488698,0.236397082067986,0.595394934269408,0.345465660080318,0.18485881398648,0.0323019194875146,0.0912451222005296,0.0653107977821208,-0.0465807420669337,-0.0194399180757535,0.241149011144085,0.286051714641371,0.363043684672028,0.18174528339032,0.407929762265362,0.429419440622777,-0.0249518730579871,-0.179786092436203,0.0976139703094362,0.389081482591038,0.199363463918757,-0.0439563011566574,0.252417861820115,0.0403071170306862,-0.0243444878999291,-0.286817806334318,-0.115073959611967,0.145595372691345,0.170886329381741,0.654851983359533,0.318069278779098,0.112099133583722,-0.149757298465408,0.0925433436678127,0.122975070822757,0.0723253074517004,0.000800492700859162,0.178594033642064,0.0606465736130816,-0.0786406627421843,0.0372840599904343,-0.329793042374681,0.0559001308694118,-0.199997524063224,-0.259167451156228,0.0175820939870225,-0.298350134892732,-0.26744216652113,0.27821034182732,-0.16663129429336,0.065200885546965,0.117993164914066,0.170745641800972,0.147756448627083,0.1355762342941,-0.148369370312031,-0.138497883341125,-0.087940299775061,0.580905409923975,0.288730301698242,0.170835294476013,0.12417110864545,0.0185867646113946,0.129483556042383,-0.213529086324462,-0.245468960432579,-0.0511570077086573,-0.00164906294211228,-0.0441572719856306,0.311586258038173,0.0874497449920183,0.347611196952247,-0.030173528118784,-0.222895928982482,-0.241031645920103,-0.216633318747035,-0.124617982826799,0.0949374183952461,0.241556571002585,0.272719964182402,-0.0485763645692039,0.0827940417166231,-0.124968231189565,-0.19847414205361,-0.316632688747874,-0.0672938831110519,-0.243141896251818,0.293071106728156,0.271639038853973,0.178874953540687,0.128540255204907,0.16709091435601,0.0638514236171558,-0.201475833307681,0.035119797462706,-0.147174481105013,-0.210188740747552,-0.125330150694396,-0.146363557787827,0.380100790186919,-0.146673919054111,0.266662388971237,0.138672059353616,0.0836282843517552,0.495240342848752,-0.454767006189536,-0.240700792870352,-0.136138497443869,-0.108835906961954,-0.409519917326632,-0.298046388117772,-0.0721227074173428,-0.221221547615137,-0.297299275818393,-0.0574497098586074,-0.0941054404372873,-0.3061910624154,-0.0358818305722127,-0.228649814820433,-0.118350622435694,-0.392881280240511,0.122452595913773,-0.118530395489747,-0.0752817847477976,-0.192364276942836,0.0547501125399965,-0.35386972829433,0.0474408373782462,0.313043372736848,0.205940287852337,0.0482189299131726,0.307681269678518,-0.152420617229167,0.0597788497268776,0.00514081086734074,-0.0926910178445032,0.0556757348512453,-0.304778986856647,0.0633387386705069,-0.314869917684347,0.0375800453846446,0.395410640694659,0.204502371921015,-0.141839043743123,0.079840216537611,-0.21908087904475,0.0997522148637273,0.0308584239032561,0.0293138493644633,-0.0653480425856367,-0.778787374115822,-0.122427467298786,0.235094526046751,0.0575734369756696,-0.286785458947336,0.0492822414174017,0.0188997116892819,0.341195876367658,0.383222499154314,0.254532656811639,-0.0101808773940435,-0.155950611068456,-0.0707500218690368,0.013751680084986,0.501743445318312,0.46454926013873,0.190864494292417,-0.26013679919205,0.296298133367264,0.299969007572215,0.486900962504706,0.349247602539734,0.212404937794746,0.225182516019285,0.190923075389816,-0.126778455220319,-0.268084517326226,-0.408216491177856,-0.0854200243349268,0.132865428371372,0.162254199404198,-0.0907822239888682,0.419391869768133,0.390623991925222,0.411940213374223,0.0560471767917507,0.0691542777760021,-0.0835799488267973,0.302903833914033,-0.130452911424751,0.138405149814478,-0.267534993225624,0.064446493728114,0.17957216251579,-0.349008782242414,-0.427490573299351,-0.147494498661848,0.128678427720276,0.16198234840957,0.0394725430341451,-0.380956738606498,-0.267090354442962,-0.0612998572584296,-0.0672351436841646,0.0608918408788443,-0.127002907126613,-0.118128171891499,0.139448980019558,-0.00131676528897528,-0.236655000568347,0.135125974313776,-0.136134022701723,0.203617301919653,0.0785740452242325,0.137448846998124,0.579165710004714,0.127386433998706,0.292310594523409,0.332075852980644,0.285332810686269,-0.123606116574671,-0.0414093408091176,-0.044038691867581,-0.314595552541739,-0.296807294439741,-0.0850741695410081,0.0364140678169931,0.204614201489584,-0.177983490735757,0.494407266450372,0.187897332701341,-0.321034950135279,0.0123313332407215,0.286406228878779,0.188015043762058,-0.409242010491557,-0.374458127394409,-0.115757445172832,-0.069719378031033,-0.13295069486238,0.113708326988976,-0.383229746847204,-0.249434717787609,-0.0763054858779643,0.171299308675503,-0.191613045823792,0.134451524733922,0.267907996016332,-0.0449256906464987,-0.161428606544476,-0.211583550346414,-0.480899907291552,-0.31066463541515,0.0278188519672414,0.163556301522754,0.0325543626592998,-0.334607254226501,0.212642553996022,0.449928344467608,0.523259547146868,0.131958556196218,0.400033014579894,0.146962299158148,-0.204210259156392,0.1303446180189,-0.038098433900473,-0.109753312508547,0.120832458280771,0.527419366466176,0.443684755614056,-0.115522739387254,-0.131454735101217,-0.0602837301205045,0.0761083988197289,0.0977200091676617,-0.161125726137534,-0.124974704026746,0.0924116934628771,0.19117688733243,0.140345999113402,0.583336270017248,-0.0493995774173672,-0.00251707910270974,-0.231358260632946,0.142249439553151,-0.0666384595148965,0.103260144831633,0.200336590918263,-0.105109191557506,-0.230359153974423,0.0876168034292394,-0.343451339605991,-0.228307992951502,0.110092379827528,-0.133203641703476,-0.0582622945829586,0.0742614923844697,-0.0222433954058053,-0.0773369825984151,-0.384617913746759,-0.359209234086753,-0.161431341650355,0.0310821552184214,-0.056382796043766,-0.122677427765961,-0.177021812904464,-0.170542285070508,-0.0486707752880445,0.0708062528883463,0.235814800402565,-0.195919703020863,-0.239350685109224,-0.433750238344914,-0.145716990477921,0.197934291700201,-0.0300650684133657,-0.274994136808498,-0.0495683723393273,0.330516025959489,0.427209173776781,0.291011239582719,-0.0949611835382812,-0.120577588975511,0.00282467655559718,-0.144441721712578,-0.0758994350361551,-0.132456738560626,0.209215066627038,0.513395140182503,0.549870653985893,0.173058516640897,-0.151875049614217,-0.282515578685304,0.0604605492627988,0.0909713555024078,-0.147022220363173,-0.0284820619308883,-0.196960317239568,-0.241759551689628,0.401118347112923,0.192534492330104,0.291866719963452,0.0901375971992442,-0.297848979977751,0.0970510451437092,-0.1211962931851,0.0279147494833347,0.312688620585822,0.0872440724613994,0.135328678855073,0.224813114669705,0.0560721377889744,-0.374764150553761,-0.295005611815102,-0.0061852180838937,-0.192812174053671,-0.200035452435157,-0.147845363583602,-0.105092090635366,0.161511041869482,0.123491558241128,-0.307796126629199,-0.218313217383977,-0.0525408908057709,-0.373102698911129,0.0702829230006287,0.315250362613548,-0.0863643977665459,0.0732418458917912,0.0582984496832391,-0.203310414945776,-0.574654818027816,-0.475848574118761,-0.229625044897403,0.0730954038444267,-0.580103061484003,-0.46962285579346,-0.187609693907301,-0.391793908797214,0.286852760066027,0.467012207392827,0.191705523624692,-0.0734020650850265,0.163931094540478,-0.244052871170267,-0.0885101527789791,0.142883383519393
0.32688033200278,0.116577014370128,0.303195694230045,-0.012412737168177,0.208942407435811,0.131315149580316,0.142523818532244,0.0139787721405277,-0.306398140780997,0.202792319368809,0.102164914265113,0.0771209931761523,-0.355396919035573,-0.174093618958318,-0.602911690836118,-0.159697361916058,0.355726412883063,0.0753753456291149,-0.494956776126509,0.132323742949364,0.391446163726342,-0.00819474744495122,-0.246885435644044,-0.159631677448404,-0.300853927684256,-0.65854955623663,-0.38022707408359,-0.332837366169883,-0.734153847231658,-0.404281754490093,-0.61404011538686,0.349018812641091,0.316648284408348,-0.00620339603253799,0.178351650879413,-0.126651274586149,-0.862644297963127,-0.338371052016869,-0.57637614875129,-0.43009738433382,-0.33164568973775,-0.300839468844097,0.294513017393894,-0.0103849742057018,-0.31476323607376,-0.29946473826926,-0.844338685597462,-0.444770594513477,-0.0439654352461887,0.0949820836996188,-0.40782340979913,0.109431966346696,-0.109070542553185,0.366409375506485,-0.337084662264436,-0.490377803201676,-0.262999836989352,-0.482576941850775,-0.15491134486989,-0.391672796387514,-0.62228905693364,-0.327290694081837,-0.29097491563428,-0.294553236844492,-0.191080305660564,-0.644351202986425,-0.0561211247625444,0.0917398321330617,0.112525715016197,0.204069540398848,0.138070803378019,0.280259561917291,-0.517939129807983,0.0832293999279922,0.0404989337797694,-0.102549339879965,0.150300493980982,0.321763184265514,-0.142466781494766,-0.205175175228811,-0.0535958704595925,-0.316894110640505,-0.0624850338126227,-0.00195997417058335,0.164921809043646,0.0704614876444357,0.346229805533765,0.156447753057139,-0.182588505087278,-0.0755549623465951,-0.659870498985393,-0.181311562046254,0.125618922968712,0.520601612392881,0.0808000419554354,0.345708891581518,0.104007532439878,0.501912203006451,0.438758988972861,-0.353184542682756,-0.276598587518922,-0.106900238316098,0.383607838319043,0.128966343730099,0.00333902400305468,-0.526705482116255,-0.341835965535909,-0.445742715629907,-0.290660917962301,-0.107418762608086,0.255827699339015,0.439203525055928,-0.0390036919416672,-0.0805123640513578,-0.0252818957381934,0.663702956383352,0.487259442361608,0.287928098284759,0.16785585322696,0.540404885470771,0.524112422793526,0.120382349971914,-0.200826432222188,-0.386786124007753,0.0100332955282242,0.205006638270958,-0.0893761531278446,0.180520389419166,0.163333540304206,-0.186723920838185,-0.689424316740821,0.253577228039283,0.0337786395700234,0.274231587342377,0.0400776261439718,0.15931828892707,0.0615159748284409,0.0711747638064613,-0.217326532059717,-0.483524737238524,-0.474113343461924,-0.733503643439274,-0.500988747066163,0.0437554303617037,0.432754022890068,-0.162436785250247,-0.271035091029438,-0.166897205581149,-0.181459791600436,-0.38891960129986,-0.135072516206768,-0.114857292255645,-0.318552040958529,0.0642505146067588,0.0615220649747943,0.324325725220127,0.0147475455276453,-0.170146041984857,-0.113913519586366,-0.416425082633512,-0.145214705286948,-0.285815226946543,-0.332168318375999,0.160760359924682,-0.00887127951811456,-0.259076594668807,0.039338227408874,-0.778781869949069,0.171640699373072,0.529876854353624,0.192784692837358,0.520128684931876,0.290416841607994,0.395735181748229,0.408929536023162,-0.109956793104601,0.214528465971478,-0.181397486674615,-0.293368815506746,-0.270503346628149,0.0778193967285136,0.126867368548358,0.230109757412377,-0.0809331809044123,-0.0843430193885014,-0.0623062855631049,0.071827204865957,0.13140920835969,0.494990924615768,0.442184670698403,0.451434131650556,0.0841880046956486,-0.0742881136159608,0.466072791519809,0.507072515709494,-0.387248951542727,0.0736929226805224,0.0791703707637212,0.211315347008153,-0.303402162942501,-0.109152366139933,-0.154138361170587,-0.4790946957532,-0.211957850672935,0.541725991853347,0.21229404092343,0.394912851226561,0.493163478181709,0.0618706130477691,-0.0440115404276323,-0.0524529037242139,-0.502310856248673,-0.778364879559767,-0.304542094528243,-0.344183831210279,-0.12404440640641,0.0792300485969553,-0.134830762820412,0.0671817375365743,0.0307830073210022,-0.469001520948379,-0.0777084246642906,-0.0174094941580623,-0.527362017884289,-0.738422313905701,-0.163810408619464,-0.277470118169807,0.232423207644416,-0.258094691472096,-0.407579824686735,0.302506906134744,-0.0494113487713007,-0.077369304306049,0.778151610280788,0.291390828119876,0.105007579771466,-0.0704657105665828,-0.292921532223859,-0.691776700959674,-0.586283634088352,-0.269337162062095,-0.223014967210415,0.161998399551493,0.153370180228813,0.400622464484866,0.011720244929469,0.612759305428612,-0.201460719596333,-0.162077579084391,0.000747967983018488,-0.107643332861202,0.446489142537713,0.370167473142996,-0.16303974594776,0.0746664317264692,-0.0863316872728436,-0.194406420455154,-0.363519742182601,-0.431790194060464,-0.44370302667191,0.426715868128412,0.298478057859827,0.630472189879152,0.282842899636075,0.0667503077297725,-0.146994049046607,0.235763001037829,0.220471274579796,-0.305959700680159,-0.00542156477162788,-0.682778221120658,-0.73654350049835,-0.361377547321158,-0.548406927097949,-0.00207327150197536,0.133485210374405,0.140343055447015,0.357804071288194,0.26936474803849,0.650319905410704,0.483115417959327,0.152312997571105,0.265240309574106,-0.0421408825912804,-0.325787892829511,-0.169035105264218,0.284113218703234,0.0901416851052928,-0.352372918994463,-0.41988694541515,-0.594753914977847,0.41698535584437,0.251779838445067,0.571702084432727,0.150380564137693,-0.107826634210236,-0.254177053087176,-0.205691302656233,-0.0267682792319513,0.193162042303033,-0.339383111303815,-0.0944702661131754,-0.265872716139909,-0.543891539807384,0.0577567297938378,-0.909726516681077,-0.36779198012279,-0.41905936382015,-0.0893211898612322,-0.168389345417818,-0.28214760855401,-0.18239118867977,0.213782364298757,0.349703023194862,-0.325991974222931,-0.349399793744957,-0.244313524411439,0.174567367518194,-0.0833406358439218,0.0600955064563009,-0.105525767559448,0.218491851181072,0.244571598028839,0.727566525197946,0.502270224251213,0.164686073877662,0.000601171803039702,0.213676046470154,0.00837651937788985,0.210133242781318,0.0396508335143571,-0.0454611213379856,0.401779741244688,-0.0287084158242864,-0.170818456161584,-0.0886218362207578,-0.223095538210586,-0.425548514668094,-0.388342505698799,0.17707522411078,0.325551522012015,0.184707130066108,0.0533276032295779,-0.321456913518255,0.185626691465062,0.204963963097974,0.14347787463424,-0.206282673610218,-0.418047950000952,0.103252610389533,0.0724731695424169,-0.469828349564641,0.00626479238518626,0.422375093580568,0.499123915826775,0.592448643872062,0.687736819031321,0.062335637554021,0.0393813001399292,-0.141457724084687,0.417300115779155,0.210057453500956,-0.535365746874952,-0.44229830087092,-0.0593792183649074,-0.647976932164921,-0.394512973795201,-0.516937088787518,-0.249983627328282,0.207953658709008,0.0271137519774515,-0.454084820060938,0.0005214679026198,0.176654483115168,0.215372358536213,-0.129502443940198,-0.164615114209486,0.452521073352758,0.252639574901562,-0.161848144382449,-0.0555885281020195,-0.365597266811212,-0.416366008725499,-0.802537387152755,-0.538722936184481,-0.0184823867673216,0.0182197184251168,-0.501733585278794,-0.144829913089923,-0.0182316424800206,-0.121769287684027,-0.346033586246585,-0.140367509427137,-0.133628918158098,-0.199810419432161,-0.763024003378632,-0.424442305266466,-0.0535139360657536,0.0887597979717371,-0.0887013874382287,-0.368009156430421,-0.215098939661836,0.179354693532341,-0.258775117832428,-0.270164468718094,0.012663337609831,0.394496256038735,0.039277312122181,0.0737126316424584,-0.391046748749474,-0.886024473312421,-0.653364013562676,-0.221284249473155,0.102941403030755,-0.170612931902262,-0.235818009959354,-0.108522327625121,-0.287081671416992,0.0837800159470489,0.0605123734751995,0.192008936539796,-0.112494905222474,0.516178054518668,0.0164213625624535,0.0977451219365821,0.190548304081712,0.176327272145492,0.0105890022095687,0.471394057658377,-0.193115893210229,0.441584915360619,0.189228666618471,-0.078906831586388,0.0361147243718134,-0.270681018995584,-0.101244371462731,-0.099834660997462,0.0778192144731061,-0.0716491262697109,-0.601732455482742,-0.184625076272293,-0.416924884967786,-0.351240285589179,-0.10714411818541,0.0227225677281525,0.305670648269319,0.220189475307631,-0.0130115454253268,-0.0479297736339274,0.209096810095615,-0.60051680646861,-0.318903569945568,-0.357872279310373,0.0243138341666942,-0.0171753686568697,0.366647008815057,0.255499612404375,0.265549198829485,-0.0817338430665207,-0.415806648519094,-0.416208256762266,0.127998743573298,-0.201041747547418,0.20811766216019,0.315830598186075,0.627005384303264,0.12976628983795,0.0802529832721682,-0.18133215672355,-0.375813389913382,-0.335266792505114,-0.0652598739803318,-0.183821820147562,0.141702436144554,0.272447438522281,0.0165431199793854,0.42435147346954,0.264299406457506,0.207498118761186,0.0945494994767596,-0.312792015552154,0.109008693442163,-0.0690139459595309,-0.321030797256539,-0.29588470648052,-0.607520049555632,0.767247368925491,0.402031584198961,0.137635289487182,-0.173695916297403,0.376602295440825,0.392297790968444,-0.0126193620050804,0.319731676377047,0.323485114427587,0.222357998424418,0.300331724199394,0.386017596892891,0.0883268276517058,0.207972022252135,0.0248976763612401,0.807095485461758,-0.582510672393624,0.0909353607336248,0.419390252345966,0.115527048518313,-0.289097767204994,0.29958400068318,-0.097705176983196,-0.512603089333323,-0.421700577570823,0.099581163374509,-0.338491689743907,0.141845088201048,-0.188478532466383,-0.20416121985143,0.109742323078515,-0.210034458664741,0.0947640498221,-0.00504218962218636,0.123549288428239,0.036555046078027,-0.569108762066256,-0.352083972681712,-0.0888629634469243,-0.154808676932331,0.363038019878534,-0.00158661861896506,0.0284369692944111,0.0622460710950538,0.0819082549524755,0.651036506027496,0.390727812625128,-0.423397026366143,-0.0647128851715655,0.259189450102531,-0.0958401899617489,0.375822462609858,-0.542465344335276,-0.378898447913882,-0.364278084580999,-0.234272881067192,0.321618034470419,-0.0281645428240046,-0.121209132691585,-0.43842744438282,-0.464812898882682,-0.289186298100393,0.245465554884819,-0.274110699803276,-0.168282531378574,-0.5199046171268,-0.510674481823508,-0.422086468118695,-0.194727201825955,-0.237944754667997,0.0760918125787839,0.451667825039706,0.485874246969982,0.0766029907107308,-0.109736108743784,-0.0758580169372933,-0.0740374579549017,-0.911813691878815,-0.542301228248704,-0.373707188695333,-0.0851311832666098,-0.0865320868191822,0.150560649872647,-0.0869164995587065,0.256918377801202,0.145512636728108,0.207768462662153,-0.159906006605774,-0.198617098986802,0.758856802692821,0.427994441747487,0.199039731874627,0.116829798056172,-0.375198692867745,-0.161532675525742,0.387082328212879,0.289078174768545,0.0408399066862868,0.0289995083358878,-0.298616090841081,0.147988165077891,0.195559817313414,-0.170593502778822,0.0340906155045946,-0.0559967219388323,0.0117529771089868,-0.00283233544467427,-0.323833322563825,-0.0521134619330499,-0.243700958888116,-0.65059979441637,-0.386090816618287,-0.437953312260749,-0.379802711646781,-0.1502816554058,0.238729815871926,0.0532595791773239,0.299120613867464,0.361844833134847,0.373255624598593,0.166798736632078,0.164159499498422,-0.111666445104115,0.112366214944459,-0.562353311803517,-0.209846155124221,0.369915259679041,-0.111223216873617,-0.0361137431158955,-0.210611443652999,0.475886447106817,0.591279674788963,0.0780328792580693,0.185631158052706,0.386252769582178,0.010293871674951,0.496343122883266,0.15835863088936,0.549523521702156,-0.185320800180979,0.321079031876869,-0.360332759882384,-0.293610152355364,-0.106695409332942,0.0546067008543752,0.506235901735042,0.530317568488975,0.651669524327529,0.235874865448158,-0.263707010888503,0.170343013538112,0.324146775343803,0.171678329621201,-0.442528371960524,-0.552140128437274,-0.0794807639132192,-0.228726273735534,-0.379647290819858,-0.00887573256229354,-0.11616535730978,-0.0251694116834358,0.386350391870458,-0.0647798203552951,-0.615979505715054,-0.760646125390301,-0.0118457864239289,0.179886423116908,0.35750278261807,-0.0920458037330625,0.0695808670103304,0.206967258862244,0.189256694265572,-0.182838732371072,-0.236262308304222,-0.28247441910071,-0.583422414336543,0.134769292042748,-0.0514974929550387,0.126103880127958,0.0363541677095421,0.0996252872663489,-0.134450374347053,-0.239517286935437,0.315208810443443,0.503355816192215,-0.178269973923452,0.487612307119562,0.24538689964442,0.0390672189444567,0.112932837866414,-0.0619452394333691,-0.101086483474707,-0.0145223123393039,0.305586951465504,0.46093773281064,0.440810640113229,0.398172092784637,-0.24734864768328,-0.0805422823721344,0.18131397580392,0.375542547345846,0.398249193971901,0.0462653806952212,-0.0155601669052682,-0.316764158625994,0.358160774026954,0.163331361316585,0.508436734665789,0.29366361044552,-0.208320683142746,0.0160642321520155,0.564201619904066,0.21463694621666,-0.403592284057329,-0.141244280326283,-0.276372572861333,0.234046855562931,0.206403012603824,-0.160001414225912,0.241788355460322,0.308396914891002,0.243590303453339,-0.182991006730775,-0.494922998421243,-0.751669769318226,-0.217357541555396,0.286883221746895,0.384632119128532,-0.134167814573389,0.0105005235960171,-0.11033728188201,0.192642490439267,0.470511490643739,0.180116945188184,-0.705759329725359,-0.267347277136431,-0.318585749790129,0.041052242866138,0.49576675491542,0.0719725464453538,0.0239284712971943,0.203253242812704,-0.332038554058044,0.0207777074018412,-0.204552680898865,-0.296310948143669,-0.378134535396304,0.663382794008993,0.524647288669253,-0.197371266544596,0.225556812571202,0.232845305752201,0.229134753318567,0.216236298166422,-0.255705788932147,0.103244591445389,0.40391567023845,0.337061392648563,0.157843334650213,0.380651888859684,-0.00884574006721978,-0.460347209605524,-0.120382690911419,-0.227382611875012,-0.0996178283309051,0.346095601205915,0.673715849638884,0.661052436342323,0.428628536228603,-0.256334731351651,0.615470327678142,0.887815204652925,0.435618780763399,0.632483168126595,-0.17913584851356,-0.313847603341657,-0.186633810548357,-0.0470445110037367,0.126535087281921,0.12453607195106,0.223912724894805,-0.0679383213754524
0.499046874436506,0.16716325814335,0.406603653309378,-0.447744091252324,0.370938278656192,0.0711597108245094,0.644862431888018,0.030749838657331,-0.428388754527432,0.331442219460253,0.156909557058282,-0.0136422864120425,-0.415576985656815,-0.437723596843952,-0.795275750738174,-0.453446101784518,0.152663491887804,-0.00809724337086917,-0.728992862867372,-0.0273272974646982,0.3344607692017,0.12629754621807,-0.37451313971731,-0.256585630622655,-0.494091724985954,-0.614653666046605,-0.438047158848527,-0.418225868034206,-1.19406123056813,-0.526934402127394,-0.651253113388003,0.816010799286503,0.633308433301986,-0.0896989480828293,0.135321923621381,-0.526568754803147,-1.16764278508913,-0.649805680364308,-0.608912339685913,-0.619753146203953,-0.417196743830372,-0.555760336976101,0.536270888885838,0.00431380629611473,-0.618339118757178,-0.315377868576122,-1.23806219073448,-0.452117322929733,0.0353268156431592,0.223322289788465,-0.445060595280178,0.183501280275423,-0.0836667054871748,0.293681075484887,-0.346219381551009,-0.777808437202602,-0.636919084088182,-0.875312866344453,-0.264484831869397,-0.576582960647796,-1.04466810363283,-0.414860328432244,-0.150340632605383,-0.121810652480104,-0.301066264425616,-0.886711657598037,0.0815668486804733,-0.0780778065263233,0.0583908283820033,0.172103615134541,-0.0827351520674273,0.423804690500065,-0.630164469523663,-0.0592072954271275,0.270258321321137,-0.15483525136157,0.208915171045861,0.667530865180963,-0.150561651886116,-0.289400780119144,-0.112674038979707,-0.338720864413802,0.0498084125372676,-0.00818566631330604,0.269517239441971,-0.0223209863022675,0.56776837921876,0.346810764465586,-0.189489547912597,0.120389198551278,-1.27836638340253,-0.303636706046691,0.274303790837706,0.755535286621676,0.0205550224967296,0.239230512451096,0.119044518885961,0.887724364982059,0.406140307357416,-0.611868965019551,-0.0940055859112766,-0.160616675782747,0.404139606734787,0.218345067793909,0.0206489250850172,-0.727392573035898,-0.798701159066731,-1.01955253520995,-0.164554665658626,-0.397242103770883,0.680219159397527,0.792202330823542,-0.202518375253218,-0.159781058402919,-0.0101712681014911,0.606657580528581,0.752789673190845,0.351655066215744,0.0852004673292253,0.956538134623558,1.00326647509055,0.345177712174364,-0.588717670422621,-0.567500611890904,-0.137625216277624,0.434575814079924,0.0430380807094366,0.2793790386914,0.241532659332325,0.126629520415147,-1.13301370596398,0.210206461593271,-0.199789887834738,0.386797601573799,0.03879000184495,0.339409983562602,0.473486481339296,0.216820268347177,0.00350085717083481,-0.52574037727932,-0.628121980241986,-0.968641225546094,-0.80274534609103,0.126588889622251,0.362450041741097,-0.226011299623988,-0.312961480119963,-0.312139900115655,-0.39945006473403,-0.394493139055131,-0.423286409357887,-0.182810259429233,-0.342627296726156,0.171127533520361,-0.00780543105985677,0.614484655009533,0.0862804182880949,-0.329558152129332,0.387832317731199,-0.323703192857954,-0.0924515189891458,-0.386625358521106,-0.473324190432058,0.178756228354102,-0.0828292646991358,-0.176532761926281,0.130118478762295,-1.02693574259541,0.0199025053193197,0.533822281996797,0.239556619488952,0.976740705301431,0.536892467479459,0.771392273355855,0.788743692953455,-0.0761872901986189,0.330273583836862,-0.0843869144092914,-0.389040387619108,-0.150998871354742,0.184756104397622,0.38028449734247,0.265041865132844,-0.341696304461484,-0.298206152462943,-0.148969119681336,0.26699383454301,-0.248496877901246,0.913208147763961,0.668065725587778,0.527146939044645,0.182315043817292,-0.031938877276549,0.807619181516423,0.708801615730274,-0.46967666815883,-0.16570511721461,-0.153844735593182,0.360644675966779,-0.153999900358454,-0.236784730154285,0.0397450817131705,-0.550113408241695,-0.0725399275578056,0.97844680535077,0.449765607099755,0.802065597733547,0.745828170283865,0.00196830287905859,-0.325307769752935,0.264909611793741,-0.767995796187039,-1.23825807502982,-0.996786388599366,-0.770007623065827,-0.272127894865099,-0.129660323312577,-0.581181900237602,0.0995223715049577,-0.0858250090969674,-0.772610166448778,0.0313216280163621,-0.117583417921466,-0.678211285741886,-1.04007120881389,-0.0550940064161487,-0.160344028096549,0.359767129327694,-0.321804705674101,-0.217153534093335,0.166129333650813,0.141032858850284,0.0153811965361544,1.26154830121513,0.31513056459484,-0.145521067856076,-0.367146585357865,-0.459766502400221,-1.04763648218205,-0.779179902605066,-0.452861357651904,-0.422702906541502,-0.0738065596170468,0.342236059955765,0.5807537527009,0.231720741608696,0.854151243830757,-0.099492851111638,0.0268013325177288,-0.155699707514779,-0.318302546637889,0.580913709361798,0.386704669041234,-0.267770086884907,-0.00926559117843542,-0.247186476553808,-0.645494849550706,-0.53803177163209,-0.655439549007571,-0.51185186333079,0.522185934464033,0.14438330616138,0.700773833029651,0.403761099320164,-0.120071637707923,-0.032586170585689,0.222246855268619,0.0314972127745377,-0.659162337905939,-0.0866977841872017,-1.39245051027671,-1.13293426677202,-0.61832441925105,-0.778757223352205,0.111927598917333,0.136259142887664,0.172448967580828,0.892758745673389,0.217439704141684,0.812732503614502,0.830558301013537,0.300246579611062,0.265700079462782,-0.408190864533107,-0.315238280946779,0.0138584340611796,0.298808360573434,0.0433356284975265,-0.423903063594765,-0.513771354308566,-0.61462115125821,0.559694959766389,0.762112607514538,0.728707910127558,0.558562823226849,0.0686373484655435,-0.411648520057124,-0.208976091524063,-0.218390462921102,0.34562734204278,-0.258063009144147,-0.0917639069385534,-0.478169244910785,-0.988985946430506,-0.274148395717181,-1.36590651529658,-0.802987596400304,-0.804683658338148,0.058813373197262,-0.483951416756524,-0.520382727379768,-0.03024655859353,0.0913314824877766,0.313771449561193,-0.661026111663388,-0.373321880643382,-0.478789665943566,-0.0916681113132901,-0.261888987615183,-0.0568651672557138,-0.264888695532185,0.311504555141465,0.449214035686812,0.92406694233152,1.17136515566997,0.232145400074432,0.186577303626054,0.115093265889588,0.00969507502928327,0.135277322482987,0.193078441430366,-0.0744601963450498,0.441242365291404,-0.117938311191255,-0.575974392936341,-0.168235532632808,-0.638318822753485,-0.322296781475523,-0.252264308391406,0.35481382930282,0.708277389628343,0.319667543894037,-0.434132671494981,-0.269833354594928,0.212773840153033,0.0946910093565627,0.241562444233397,-0.257241588758684,-0.578055187040935,0.398385897098019,0.16311304968999,-0.526130476400861,0.111712410601372,0.503355992569609,0.80043908446374,0.993603602748337,0.959310735867613,-0.312558310537352,0.217741461869862,-0.269599398344703,0.61654257329802,0.391339704693795,-0.807775646673823,-0.533519723594076,0.213258560797493,-0.897530710570248,-0.474669696696016,-0.791180698328283,-0.629723064579214,0.218177460186412,0.0792784293920398,-0.919893875973819,0.0571027030913915,0.492247815275319,0.545370436657259,0.00830092984993105,-0.34867761789649,0.661847949936181,0.391889297498263,-0.339135768542424,-0.392428077941416,-0.567077333023374,-0.47261338520269,-1.1399464311871,-0.886323194337921,0.127703261085222,0.0630622160298908,-0.48182961290958,-0.207845486348647,0.156756958172821,-0.114133028159964,-0.489562171879921,-0.234434948551103,-0.630491853094726,-0.368463934854311,-1.08593113256496,-0.873950088122634,-0.17001113386912,-0.0276539670083761,-0.155564753303538,-0.527304182745913,-0.218960269403209,0.211225389469099,-0.514769646147368,-0.514468051130515,0.0470088857229184,0.563324669333917,0.115081588296719,0.00994474613554619,-0.826121954603047,-1.10271816188264,-0.590311522545691,-0.311907789498202,0.231895258740985,-0.0853256237880398,-0.17165308856462,-0.428538564983223,-0.319733219819285,0.219631572122319,0.184348915837492,0.127267271994372,0.0985315506257613,0.868666572128024,-0.269931949591995,0.0974196345699489,0.570097455710507,0.32301152997462,0.301587458703204,0.702273040801819,0.093620171144832,0.634987597066427,0.140159832244646,-0.266654860577064,-0.0418795393112457,-0.180257399681638,0.275765992576705,-0.150991086754684,0.150721180216771,-0.0716618491427189,-1.04600111008502,-0.0732320459025163,-0.734420027256263,-0.581983149591007,-0.0975906114496294,0.153653768108549,0.655057088098817,0.405267172588609,-0.0540868191476968,0.125041527666818,0.356591479671931,-0.755626018520673,-0.443161258021319,-0.385428239334222,0.0196418970592699,0.21448015761937,0.639541582163245,0.65912009411412,0.320224817471522,-0.135417967322633,-0.432337445529466,-0.328923173259638,0.246537469589444,-0.0993184277990968,0.200369435474972,0.57782691971294,0.706596497729131,0.0743788117645173,-0.160619870896267,-0.396090817733418,-0.337319472114732,-0.518209105682678,-0.160085470609695,-0.285277259393775,-0.139112929196859,0.505288419734801,-0.168348663021643,0.484579236285218,0.212530931728861,0.423565575761663,0.35084750897695,-0.488219989327835,0.317634621230701,-0.338492200958244,-0.291887996005461,-0.304628155325293,-1.09513160641549,0.990979768266242,0.527274333580927,0.483988646865153,0.162883534790443,0.593550101176104,0.765653680659857,0.383201246515598,0.595736043622182,0.447279324698848,0.309401761265368,0.212787951507607,0.505596874965949,-0.115591832034444,0.321490127830011,0.466633157994202,0.900900561917114,-0.422049174250463,0.0672187032875951,0.516649119039803,0.188777508675426,-0.565436403769657,0.361787660646105,-0.232960200995794,-0.889107094966997,-0.701921406058858,0.0600440901673115,-0.630589025884985,0.368276185574118,-0.0521744872110788,-0.0406417958640316,0.111953624881344,-0.204598424199393,0.329324670237812,-0.0407420319910852,0.459255848375268,-0.262453938730337,-0.851882782841559,-0.553107942016091,-0.164988070357306,-0.0916191635564979,0.811682000176537,0.0578726752071846,0.139941231508824,-0.0737093814454693,0.0624043132484426,1.2567380854257,0.334000097771698,-0.55659821914277,-0.271853212690094,0.567052804617889,-0.163858288470471,0.488791911032732,-0.551318299594182,-0.976798122855508,-0.73492552337775,-0.278434877276735,0.452551316187041,-0.0459055353508987,-0.110667657939262,-0.567055844737893,-0.613670053338611,-0.673917905404969,0.240057839842676,-0.250415209865146,-0.308224990433587,-0.761316173617778,-0.806897587340456,-0.511371669610162,-0.428725787609484,-0.290494952274394,0.282845404848438,0.626921218191421,0.524826722261957,0.0142016596628503,-0.153412665444372,0.148942623355188,-0.054950351991866,-1.54043287496741,-0.985687232866173,-0.360197239435019,-0.240396912643654,-0.238339453535982,0.527606307390525,-0.176576494774751,0.25760434819794,-0.25634938674754,0.505733981324804,-0.382854300815151,-0.372051227701322,0.85120666414279,0.619780730277857,0.434574147225408,0.0196117079416402,-0.469172086788573,0.107529767582565,0.618697916908275,0.549039683742328,0.273943136724466,0.151188553140045,-0.318146527224215,0.0919428493732171,0.387818608228013,-0.226525255030948,-0.0220550604939932,-0.115761667806056,0.204955810894043,0.0862114067538654,-0.703478550071922,0.240331532510641,-0.451645209042767,-0.753927728360771,-0.636842708069362,-0.667944267978005,-0.82409059342041,-0.277430017573124,0.445702619782001,0.0986088117038503,0.495922721753112,0.458850145639393,0.597848068842249,0.173992047311406,0.239434817862439,0.112117821072451,-0.0961475539940623,-0.708648401364351,-0.235655821571329,0.382267854098386,-0.115532824183185,-0.180772371193087,-0.153296359622979,0.739795649345647,0.774616190293108,0.382795143468113,0.249938065299934,0.534602028993619,-0.175896159848766,0.787750271362908,0.558284314972079,0.856699372494643,-0.349276615201104,0.296534272532918,-0.300116573829209,-0.474776242732085,0.174538505155265,0.275408095624789,0.429372847161259,0.826092524052194,0.796291067640472,0.364652849136776,-0.481883952186358,0.0276461804257396,0.423109160318303,0.0018813931551012,-1.21739968582123,-0.936031192181025,-0.173053633861537,-0.324956421993703,-0.648421713090789,0.225897557313026,-0.156741514283808,0.317347676323959,0.167656602418722,-0.0895861256889876,-0.819587742998546,-0.997610024919221,0.0395307156229677,0.0124547713779478,0.422956987784565,-0.430081690917985,0.0709558709790096,0.311691614279755,0.0408097675445337,-0.308001578457004,-0.351850323522631,-0.405735067563473,-1.22279118872656,0.11713941945581,0.0320992935681888,0.118302350083533,-0.0391148402015607,-0.105065233229748,-0.163792484169753,-0.211173683426841,0.323561883192747,0.48860999329558,-0.282124587310397,0.735050142273874,0.59153618434702,0.0183873972857263,0.235752565162227,-0.341757682659483,-0.251696792317298,0.351500512726907,0.462404546192833,0.680374276162465,0.741155868692641,0.702914544272122,-0.397396440177685,0.0953087721308478,0.15332335902173,0.549778965522177,0.740914247640939,0.0330696338286143,0.235209207921718,-0.37650387207364,0.398062789294523,0.0296027004028105,0.681741494352551,0.353151105093219,-0.42310390443736,0.315037478613599,0.351436491246206,0.334838931227415,-0.590037617106481,-0.492069068681854,-0.655207995168265,0.338205273387811,0.394000619535649,-0.105846000227406,0.0197157173050558,0.348900256503007,0.670987816389611,-0.344539628132527,-0.955319630531506,-0.991149856589682,-0.57212623523045,0.116624599610165,0.728986649043314,-0.1821408657184,-0.0692180081474053,0.0204777517294892,0.370888224802621,0.508693261523606,-0.10195442312791,-1.12518647304265,-0.465851315248964,-0.538836083379874,-0.138426456080476,0.776549028373354,0.126206246469028,0.0731933938575637,0.11376647204887,-0.651457513304934,-0.175609219751,-0.414253930122292,-0.696060754035442,-0.163379014877833,0.922402226923233,0.45465856948023,-0.288980057851883,0.479203146567456,0.355980012765445,0.109508196976313,0.0120155960448209,-0.457425293904988,0.163003131916895,0.753669390588837,0.31701597468405,0.157021055499306,0.766349942273873,0.262253537378254,-0.646839543875346,-0.13313256203579,-0.545480301127867,0.111528103059223,0.355427509596997,0.917258501911289,0.979270504723871,0.781045033524227,-0.358408049766621,1.11908430748206,1.26399188994614,0.472842311101061,0.886217524343571,-0.154806995206701,-0.605196875631979,-0.658011948514133,0.186124646264463,0.261467366890845,0.19064628896402,0.258001887069197,0.0145739391713037
-0.157742776224291,-0.104704518928853,-0.0239574971539519,0.104102403304284,-0.121300753562598,-0.0107742336031966,0.0315570114551223,0.0274286615028782,0.0778254657634446,-0.00606599212260546,-0.130998552624108,-0.0468540313716339,0.353575191145239,-0.0451148444958393,0.279429534268876,0.191539135525733,-0.0326851250466124,-0.0889183356301239,0.213406352723769,0.00476496459474844,-0.121901651427612,0.0616344158095028,0.00657479068790984,0.1008450630739,0.0215652494729014,0.035446707090163,0.132800495346441,0.228394637232302,0.255882568695518,0.45598542968256,0.199345493718397,-0.101832763537527,-0.227358593831465,0.277780580381489,-0.153781951152015,0.118839265397364,0.358370374740743,0.175220434045771,0.345038417517791,0.157264859487865,0.138221158768944,0.194170898585538,0.0245285160647111,0.0238733586413726,0.0570521650517703,-0.0554576362567558,0.467723848104547,0.156582502432429,0.0559884305216102,-0.106202992689325,0.242870323700361,-0.0271124577186368,-0.00618338699368801,-0.0319962251855686,0.181499716387075,0.0822822044894392,0.0259725034289215,0.146177375441647,-0.056302984481077,0.0516889352939624,0.2581174982943,-0.0240023028571186,0.234376973123266,-0.24122550566659,0.108880496301902,0.334830840040247,0.0340904574116554,0.159482840212422,0.09457057517976,-0.0444606419870018,0.0796588093772909,-0.133802852161706,0.0819983792714012,-0.00572274804190726,-0.0394015854978029,0.0165539938298368,0.00893472124733165,-0.105090197496206,0.134391145846332,0.0985217729153578,-0.0830912745582379,0.0639174004374719,0.0064689013804365,0.073858441210073,-0.149770882044609,0.0106568436012677,-0.1681634720055,-0.140662771252413,0.18739824118251,-0.0463891258201391,0.385933636397353,0.215460962477541,-0.201610441864859,-0.109078096137816,-0.057184319119904,-0.0362402387567407,-0.105118584785785,-0.169403041277602,-0.0177893745993525,0.0258597279853956,0.108711081747197,-0.121061866837257,-0.0821861264002507,0.0589498729383843,0.128706316603934,0.289107387264609,0.126865062591321,0.149073038163302,0.223721945372802,0.0783317133854043,-0.0106529564353601,-0.17201416113827,-0.121281807956279,0.0508051823549434,0.117184042299214,0.0659110661754542,-0.108370610633159,-0.0783721128560165,-0.0181920597922669,-0.246733790985026,-0.180079128711211,0.134960068492267,-0.0445899983809894,0.0697563233145431,-0.0294664058142546,-0.232257016944651,0.0993457456185253,-0.192678213468111,-0.189322514335011,-0.012802417757226,0.418011173980855,0.0588733034634833,0.105428082100537,-0.257928703737987,0.0366303615911443,-0.0522448923821322,-0.0280142398446525,0.0159616555934957,0.10462013950321,0.188615156930916,0.19933426260089,0.236429379817695,0.099666533341973,-0.271374864211475,0.0401382480588207,-0.178996082212697,0.252952014238028,-0.00633009549570095,0.217658271325132,0.135352560037815,0.190336253283705,-0.113199377388852,0.103594903039608,-0.0977019776307393,-0.0758793441388858,-0.0963945605964565,0.0317107893704797,0.0832633615145902,-0.174638518428518,0.291394326118076,-0.0956732268796109,0.10171111019392,0.162784537805938,-0.0558909179266853,0.011873851426192,0.0135778364033041,-0.0433226914635384,0.276151801761633,0.0808295093132119,0.0285409469516515,-0.15503001074208,-0.127138047915009,-0.0106272834724223,-0.0928734777294443,-0.253193392753416,-0.0320655699776739,0.193036176326469,0.134820468860068,0.205115760972847,0.181191524981449,-0.126718752696055,0.0231125330219003,-0.013213234326527,0.0290543077451173,-0.07846500599495,-0.185103749254357,0.0815409378371665,0.00183458047971488,-0.218374009107209,-0.0661026848080562,0.005920853183283,-0.136535654275424,0.0542935959825182,-0.20111968595205,-0.184861524096087,0.0959461791825294,0.0898620349852987,0.146521818277501,-0.152246588409743,-0.0576178137508074,0.0751452643753922,-0.119514439036176,0.258575909720403,0.16930277454483,-0.0459413625121119,-0.0497879963166349,-0.0610176901036457,-0.188692414408757,0.19089694602131,0.031074234456456,-0.0433746547605778,0.232498495195955,0.405543547536993,0.289385409095308,0.27301785760428,-0.13707017886586,0.0711415689077822,0.204289785205804,0.0686590287785881,0.0331636791052862,0.0965461200126192,-0.0515255083211743,0.0981725655824311,0.195732822707591,0.1571700170642,-0.217077656336779,-0.00174673755309214,-0.196693356655793,-0.0142120151778003,0.05023437376546,-0.0467376735415726,-0.0410258594308697,-0.103955175603347,-0.209068686930474,0.125216302731769,0.0245917571826015,0.0126930435455574,0.221067638259508,0.227648297002926,0.186693230642016,-0.00167302898547057,0.107720769182722,-0.0323286331355014,-0.256941300202824,-0.112947633764108,-0.0433443002049859,-0.193693778700589,0.0271647709532511,0.0242081035814025,0.131654628963691,0.0199082634204078,-0.0839450686950503,-0.251833112840823,0.0054221444783798,-0.122565309252828,0.184071943401148,0.246442049301691,0.232381816096453,0.314917283177819,0.213018720104633,-0.189243774960469,-0.0554342720960063,0.00665114625236773,-0.111930046180459,0.0328156484273978,0.241027614957359,-0.0582869835133494,-0.116412636197371,0.124893711724874,0.117444299256661,0.409946848431779,0.185304184855429,0.0541439093936758,0.211098172473568,-0.240573273860189,-0.0356507149484401,0.0436509133354759,-0.150508885523667,-0.121538825487405,-0.338596128518352,-0.249849313779014,-0.0821504123878259,-0.135414097418898,0.0342287052055644,0.246263040311147,-0.0797990990875522,0.0140094656681931,0.0674426886506306,0.154993385285785,0.330678504756807,0.0116569670181495,-0.170616294371888,-0.206426537628961,-0.318464620391429,-0.0985292319824742,-0.0838577687820341,0.0607680557697846,-0.133534515048002,0.041474535223091,0.287010622235136,-0.0914780378873505,0.015624500100071,0.201944818977728,0.165772395073042,0.0873907430765713,0.263546065370977,-0.0209313765824604,0.135507847669682,-0.221949756373099,0.106036104907249,0.126499845737707,0.226209662826654,0.0747825960168052,-0.0685549822368958,0.282529241525711,0.0219645117168207,-0.046739882058082,-0.112861179251714,-0.0380167585713849,0.142200824474865,0.0702196014298512,0.0486393888747039,-0.0651941618612248,-0.140940293692338,-0.352990963027623,0.0616736843255718,-0.20220634482324,0.0768662285971042,-0.160168309718797,0.0459779603469461,-0.159270400914379,0.188796648053382,-0.0619702879248423,-0.00828670456307859,0.146200467461017,0.166865560520706,0.127696934998033,0.175955925309251,0.154192757385618,-0.177969156602615,-0.130757067444989,-0.00753083851332033,0.0748949323516457,0.0190694549612612,-0.150449027319535,-0.0654850379199145,-0.0331289004499871,0.0492083489731855,0.39992424020425,-0.0161194658424903,0.00839391493240308,0.127588125908904,-0.00545380767625234,-0.236915757746039,-0.0400005143952756,-0.214007882672157,-0.307940299032623,-0.00617847765416526,-0.0639245155245744,0.0736678705761585,-0.0995026690584912,-0.0219617282696212,0.225726632906507,0.288555544005461,-0.0633267419716028,0.405955080855003,0.00758629847867651,0.139600531343913,-0.0393076554878392,-0.304746731444614,-0.147684023351822,0.189041234085798,0.142217088118263,-0.184272582467734,-0.0830218472616219,-0.225386089168736,0.155763274251283,-0.130274490055707,-0.186938482452101,0.323727847191894,0.150795877788399,0.185305614875802,-0.123767337671243,0.121101263072464,0.169520047673588,0.197311297223354,0.00874356174062375,0.125271370323031,-0.145728986872278,-0.0570262596423575,-0.111079916640829,0.115853269873199,0.00437124891163265,0.0894085783644392,0.0341690062693701,0.236779133735597,0.218982675197208,0.0307125042784014,-0.0909031274285986,-0.0623131584517528,0.0152425636150959,0.0446400227012347,-0.122512541066007,0.140019942259915,0.186565538865268,0.134060887822758,-0.0622510258182965,-0.0864434087900996,-0.170504345198634,0.414082645398627,0.152815177263224,0.240328512875051,-0.082181334265666,-0.0561728357877944,-0.126287736597594,0.160674376702652,0.0778363626759445,0.127588837912972,-0.0242385622320387,0.0483477215638883,-0.255627915478724,-0.0102140769300118,-0.0174597811769203,-0.122442906391663,-0.126427132245204,0.0475853474761963,-0.256398700092303,-0.18035645650739,-0.124783942259705,-0.032922845355308,-0.269695368425956,0.0916245370199596,-0.109841950365934,0.147531023812175,0.0876122141969106,0.0167518616153042,-0.0626993913878658,-0.0614866771302112,0.0361318036632354,0.277137417917302,-0.0126342303803572,0.213587366236726,0.152417456232638,0.265104126182569,-0.168383246115719,-0.312859807925367,0.0148574603831176,-0.0485013569476094,0.08732828806115,-0.222727163740223,0.241918571466514,0.0723365675721829,0.0318441474923588,0.0651322386204494,-0.0107214823420106,-0.110953120687799,-0.227738031341062,0.0473340403509648,-0.0512084690942741,0.212246011387324,0.0806980283336814,0.0280214285686178,0.198682725415367,-0.0850550006399739,-0.104544164874838,-0.159875571053357,-0.0104317471781957,0.169926351072105,-0.0305293557826678,0.271114164269465,0.245418245502731,-0.0504191990995312,0.0633408430182597,-0.0124547158512171,-0.0150193546122216,-0.045345475317014,-0.0805769709747149,-0.183397192572022,0.0535404764724363,-0.0342746104290728,0.186947570828414,-0.0409226900341594,0.0782919583587783,-0.0458755362021087,0.183495776008534,0.262276372777965,-0.222961203571887,-0.0152455912130041,0.0926175953804602,-0.047449412431775,-0.160070430283973,-0.246122209393944,-0.12595604506364,-0.0752028258623816,-0.0174350516571904,-0.0310930657834487,0.0456672023644774,-0.194142252703737,-0.0363959192965805,0.0109855410288518,-0.26997580722306,-0.411508189923964,0.0739919293261732,0.135150884022371,-0.101685058893532,-0.0127150062693128,0.109539810043906,-0.189177526146213,0.174287247908115,0.354376767780496,0.28549152359919,0.0985141216498592,0.0800660266631334,-0.0428652800329797,0.135435859255775,-0.0586185057251098,-0.0667208598533838,0.102435898512752,-0.0720923597400566,0.0752061098571273,-0.10810975972057,0.107934762430603,0.189412275654022,0.151689708821626,0.122370507658202,-0.061945831859789,-0.208712197854295,-0.119570893070865,0.00362540055017137,-0.13931662057632,0.0919246422950624,-0.304607016624479,-0.131178928972703,0.142764158088924,-0.128702689440152,-0.00812411827692006,-0.0601604928835703,-0.12337027418628,0.125928009742208,0.189133493296829,0.294760670364419,-0.00691449278230076,-0.0784586026604513,0.146895543536878,-0.0105099843763008,0.12330366971023,0.242632988842295,0.0511570131246682,-0.0341102972942446,-0.00111981108880496,0.135595176686026,0.351404645394185,0.127567461287823,-0.0765506488208578,0.185466424413139,0.0186233965730225,-0.0212158744148945,-0.230117883266118,-0.264313766118123,-0.117112939739521,-0.0219521152768578,0.16559930064702,0.0359943777255956,0.371002972870097,0.152662205126158,0.143457192014464,0.12896803947458,-0.0666587073152722,-0.103426589641627,0.0585880442699252,-0.192762938958933,0.058959052307036,-0.108352577791061,0.0741762398681798,0.131718922357003,-0.14133287610559,-0.260741803132339,-0.241664483404588,-0.0757000833040685,0.171579752318686,-0.0614474300081313,-0.00464180924837349,0.0444643938750025,0.0246024314457509,-0.0851873677460135,0.0793504113950112,-0.0844102037675257,-0.0484679639449667,0.114658120962586,0.0539182191942425,-0.025330370810775,-0.143147138916508,-0.00906588544287078,0.0106505725529658,-0.0671676144490055,0.103498027681376,0.160166783393468,0.0386036904222966,0.15862323178724,0.463327256684141,0.143336545678162,-0.187097883889505,-0.0935056431054037,-0.122523270567344,-0.0381617240850793,-0.118203704282966,-0.0761517902458557,-0.172700651159673,0.0634989310838242,0.102857665969613,0.0846449848517269,0.0373690110587735,-0.195401024071349,0.0891082241665845,0.0486181114601396,0.171514966990357,-0.257898794157287,-0.288346243828529,-0.037873351554714,-0.0845914478966835,0.0806382242121633,0.100421905356035,-0.324184311433948,-0.0990456684984819,-0.137490311300612,0.41840820996562,0.0184141711652485,0.120884345722834,0.0116789093175513,-0.234563463908005,-0.0687077993018658,-0.148534946554687,-0.114035458742229,-0.22353374389717,-0.0792677664045371,0.203376753000236,-0.180293432021021,-0.259862315052114,-0.0157161363959522,0.434055672420844,0.194742715190949,0.06353982984658,0.00819422417161693,0.208998070219751,0.209551791124294,0.159674993014803,0.0175890869412271,-0.306570682102877,0.0139898705616553,0.38738200018076,0.0237921217226773,0.0611698328461081,0.0473614168240326,-0.0753726163869505,0.0422369628752436,-0.0194893417050068,-0.113662983418919,-0.0800354055365725,0.0269035251143072,0.0499146135734541,0.0489316962610785,0.401670404759969,0.0229785477040178,-0.110556932506278,-0.0203700467760246,-0.0640457950956741,-0.24002111988322,0.0566343484717444,-0.0137532088344137,0.0310984654713771,-0.181647341620747,0.0282810653428406,-0.0496541510243887,-0.122707877600061,0.0902445194282282,-0.0640402870061943,0.0100978140310632,0.0441456960487802,-0.157435412133322,-0.209297649868981,-0.101498586861943,-0.0586830230345301,-0.0661711609069606,0.0631890337722062,-0.014785108026788,0.0864071385124332,-0.145224350555521,-0.143474660813392,0.26771689150497,0.0472724653890261,0.173603393483208,0.0267205565675073,-0.230181275867344,-0.0473148034022321,0.0806104687526627,-0.00798280430341899,-0.213299905205194,-0.0321946686602152,-0.204451012705153,0.0687806812949158,0.132741549224861,0.241360699527851,-0.0868170225195461,0.0445057658440052,-0.12461626177598,0.147611921575046,-0.0267878796151966,-0.0982927755611586,0.12157350491346,0.290077915931025,0.323984383539204,0.169751845141887,-0.077086160177177,-0.196636111567885,0.00912282110291313,0.00256050906320684,-0.15179578801868,-0.23847193657843,-0.245287919857252,0.0694880279027914,0.142039195653809,0.223295365723178,0.109408045460112,0.00958285531483511,-0.223987963787805,0.0561647948070396,-0.0243022002816973,-0.0147747813277838,0.244011502692467,-0.0719937920653212,0.149084578434924,0.0591193461360986,0.0032043164522156,-0.0483266115474624,-0.0142079901407137,0.0404118713668021,0.109261321856288,-0.11325350593994,0.00625174789916209,0.0453323474253658,0.130262728100778,-0.0152375748308171,-0.155353712291481,-0.0923127786108288,-0.29267607111392,-0.334001545537223,0.109901957558221,0.0419751024085115,0.321335865742183,0.0944727422162132,0.0147338340996168,0.120732855063365,-0.199198917532379,-0.272378971838943,-0.189124547101037,0.0572635924276826,-0.286410992260183,-0.38054372326295,-0.149975622408667,-0.301157024990027,0.110768130831964,-0.0786735514661531,0.102854426578677,-0.0342219123307514,-0.266463165950205,-0.146563973792664,-0.097162238559456,0.0918452277610427
-0.193630418841341,-0.123783044368215,-0.190237558240883,0.274569899047372,-0.432017689500789,-0.0878162918237974,-0.229045588685039,-0.210430068210732,0.192126709263514,-0.152002333120257,-0.129230900671268,0.0169913051085681,0.152459473189472,0.157298569653195,0.383203556127155,0.136899410778217,0.0810518479949507,-0.0624746419813169,0.204460874308689,-0.22264856775148,-0.0302559671874716,-0.118419420332594,0.1482249941657,0.113153743899254,0.162783642082805,0.423418315322372,0.144575753560155,0.304031451446964,0.673822172696521,0.263672846778981,0.313004407218056,-0.277955894264242,-0.345067112284005,0.0998424375534946,-0.0420026546979208,0.184886560744615,0.549600381982519,0.28596327030714,0.200994873440489,0.297778829875677,0.0509477507418045,0.175440494760421,-0.239878151251367,-0.0786610992485942,0.0688715980479686,0.0239712917184726,0.534716157017019,0.174436264448973,-0.135234016737835,-0.146086754655384,0.294894110497242,0.100013233078879,0.00270360247763841,-0.0923579835845774,0.239916604709683,0.303648910614806,0.342481368120469,0.235739009687345,0.145065026946314,0.199500076518191,0.422459597550383,0.0760521371058469,0.291887962407412,0.0919119009917088,0.117518758336692,0.384146513113213,-0.0361350113444912,-0.0686098154107256,-0.226049135434526,-0.21595997932493,-0.131993093042777,-0.211859586154512,0.144321846387562,0.022618275512872,-0.245508454678774,0.0281623120882765,0.111588232730696,-0.239156319300661,0.103149576793463,-0.00213365806309841,0.0376532754829097,0.301658700950103,0.105356968092186,0.194008808244563,-0.0629822956908425,-0.146191307963569,-0.418125281211407,-0.00430865178115661,0.200907042053279,0.0122083397622627,0.549798992517276,0.120257698646849,-0.0870678971102506,-0.15106805224194,0.111717012195791,-0.0555704902049496,-0.0512658779065435,-0.377169191058233,-0.0157196083177383,0.127245657020833,0.241368083791727,0.0778310332568688,-0.210415407773919,-0.0876696674638054,-0.0683181221957204,0.369944421343141,0.360597439364304,0.325533177112162,0.261613287486005,-0.134665175612368,-0.189463969731534,-0.144471088310842,0.181251963397134,0.116857585809839,0.0730254821488861,-0.334385432174053,-0.126155865559427,0.0150583288201659,-0.124838874700615,-0.374120319912676,-0.141968226214496,-0.25821637409948,0.0921947413266789,0.266339538349483,-0.261010685441658,-0.276659256923017,0.0988547713083358,-0.141462647907193,-0.01010736674728,0.0690742086063147,0.455179514562399,-0.169100801493172,0.144718834416672,-0.0377594582119992,-0.0772834287552697,-0.0504280020647189,-0.309965363132101,-0.0921602159647608,-0.0305621484817815,0.301358144595496,0.321796497913683,0.512380193667104,0.292857672128624,-0.181284126267632,-0.245405481869863,0.231844359092958,0.309538316288602,0.245395357291025,0.190228488175503,0.199530165505801,0.235822212142776,0.139367789907279,0.232892236292308,-0.112593965912846,-0.169001268866322,-0.312033292193813,-0.198893498771606,0.0807090265977696,0.0179000704150227,0.198380477126533,-0.0647142205799834,-0.071170188116142,0.222798088705653,-0.113852080018022,-0.144755994495945,0.0420096991234164,0.0955361934793443,0.184770047473161,0.0588722279851365,-0.196335413058191,-0.140785993577405,-0.329889089324152,0.0153927610932928,-0.457675428900063,-0.325975381871981,0.173665353089055,0.0629487613454044,0.059173820929765,0.119442937726617,0.218102300639855,-0.133226095910778,-0.0699081943214694,-0.364432990287606,0.0629599317275868,0.154326857122943,-0.0318172283991078,0.0461135201131057,0.180119240636976,-0.439656811474823,-0.148539626151734,-0.357807319502985,-0.188709263950239,-0.145249077332194,-0.379560953680291,-0.195132501877592,0.168469189319647,0.11842062974471,0.110901296093809,-0.0729300467432997,0.145796320237972,0.219089862009042,-0.0610586154568042,0.174816366612728,-0.00799043006763818,-0.281619013996511,-0.224818100805969,-0.269251320334309,-0.29722300254677,0.0952942711994714,-0.054920459924476,-0.0957172551790183,0.171787936810528,0.378862469310693,0.399498957385774,0.41238003379779,0.0602884212575323,0.177981030884321,0.107437537512061,0.0131160118206689,-0.0280404590609033,0.192272161275119,0.0884805849078707,0.168541725368844,0.160049158026613,0.610764013368314,0.0546411461390425,0.0677773518996128,-0.1850186904762,0.00118804267608039,0.0836588624357105,-0.0373660121669072,-0.0337068325498374,-0.0745963178861379,-0.419219406985507,-0.26435849872311,0.0391035490937044,0.0113861171384966,0.295629548908821,0.595939008528977,0.326445308735778,0.423323185066263,0.13415222489456,-0.162897136911057,-0.142257212582976,-0.394242987329589,-0.128783230637383,-0.254485959441107,0.00528837403056297,0.0395452951724395,0.15654327503465,0.00852341217438324,-0.301810378311555,-0.253909907073927,0.125370181661955,0.0286262776038314,0.183850253463133,0.19824226358016,0.427232345682231,0.325989135246146,0.352981773472101,-0.170223492635215,-0.095374016486292,-0.350669722946159,-0.0676798923335042,0.200185851442643,-0.0134061252918221,-0.0599684208245305,-0.0746987609948071,0.260541959716004,0.035945150549681,0.659163737978842,0.472389434606971,0.217191806149404,0.335245365129885,0.179812467478655,-0.00055736335857952,-0.0380809066479196,-0.394528068072705,-0.0879061292793489,-0.30316248720988,-0.409519444242546,-0.245892897041101,-0.013369946878024,0.182086674817877,0.0634017751189951,-0.0630095193345014,-0.21308911479894,-0.0516787222293823,0.23840860590715,0.406956050876213,0.242803220717004,-0.461553066941618,-0.189876387631068,-0.0906516728438192,-0.16917146847039,0.0730834946963158,0.231090573906353,0.173060304992395,0.0983086159713195,-0.0173597877224972,0.0727251758067129,0.017662346087501,0.230005258589166,0.351069717001216,0.107710455677384,0.557720021891817,0.244256318544194,0.254757365149463,-0.0307122864839958,0.22193395564389,0.166804044703914,-0.0513297879563252,0.0210361210120685,-0.161452796142764,0.273193243967059,0.0937015694213415,0.102866510021552,-0.0232126260078778,-0.0350079326856448,-0.0277715259017294,0.146356422854275,-0.137447881488757,0.0133390860840738,-0.665998421374768,-0.279249378224032,-0.13030215826411,-0.0745052691270837,-0.0733021139933399,0.0342763857265279,-0.0444183089028796,-0.31122440766066,0.0981617784227443,-0.23177104488865,-0.0247803867723039,0.110321204062476,0.0712162122083395,0.21178998058948,0.199082183133465,0.153653657559914,-0.132573726505076,-0.289033684559548,0.131569612571609,0.00295470372568257,0.0924697492456838,-0.141773980639606,0.00359875397926437,-0.270626951354497,-0.00675948669563897,0.348703709733687,-0.0302170683816362,0.095183366786377,0.235725583335643,-0.0474418188900269,-0.0773736054594298,-0.351178085812355,-0.311563337490272,-0.473009647759604,-0.192080513357669,-0.174913995004259,0.0940582483245369,-0.309486599842541,0.007450303227837,0.224454554149499,0.374553846376102,0.0670785463981299,0.364721079702211,0.196812911246333,0.192180735784852,0.303025072289733,0.0906170216116075,-0.108731793389414,0.282510687104684,-0.0260683321899902,-0.0947780211111978,-0.217132098392539,-0.0246747749104151,-0.0931971654763475,-0.514383369728157,0.0438360777978906,0.300845641038085,0.24994698415849,0.333739187870899,0.212956148534819,0.502005214217662,0.291964753914201,-0.056044486769002,0.0738778378074195,0.0432234262964963,-0.0704366906160473,-0.0672685601979183,0.0486954321416847,0.283370030487378,0.0408049596497523,0.285485005828366,0.158257246260272,0.338386856738186,0.367408143237034,0.332674362813384,0.0646996530405005,0.0405168568661869,0.216861649358051,0.0730767575307395,0.0934785217662057,0.10567021945037,0.317372665196276,0.114402040198626,-0.289084793369335,-0.123392131722108,-0.240952498253633,0.418084880436478,0.609382597671579,0.303282327508609,-0.00373163999576459,0.0280460960114586,-0.0204235246051567,0.21486782720521,-0.0944064043035899,0.25760322524306,-0.121207784179668,0.0649187225513276,-0.146796905798851,-0.199731892976831,-0.455408767982451,0.102628368840205,-0.028045951406141,-0.313426469198191,-0.0364868219282016,-0.171061484689607,-0.238039829856526,0.0903845359323903,-0.344002299384937,-0.00795012237229982,0.0892559849431429,0.00628659630482523,0.280194671478212,-0.246513054959246,-0.0355102968868506,-0.0316476969870634,0.0913551229296422,0.472261984086987,0.00651138670777948,0.161984731967852,0.24591850328347,0.131727916335687,-0.0417367853602436,-0.251737214205304,-0.305542609831405,0.0893869038439836,0.0407378414130487,-0.120219294671158,0.304736173847726,0.156453340838702,0.342163354589316,0.187088488515354,-0.111866981827776,-0.102673462372412,-0.278552299760867,-0.027460097792825,0.218365960929387,0.181269653149053,0.213639037517685,0.0439126712240928,0.105738348915576,-0.143656623298546,-0.29526838360007,-0.20459723094065,-0.184368944602029,-0.0669862685811599,0.283731588861398,0.0784387138095751,0.211314024981319,-0.0443325586302716,0.045154334621848,-0.0211677075045409,-0.315002217641892,0.160358492845448,-0.412700132627255,-0.0628566761037189,-0.166740507224889,-0.0815206995000879,0.35837925249131,-0.273498522757575,0.228386188678629,0.216089935486504,0.128045735253458,0.605823405622871,-0.531596482692328,-0.112408746096439,-0.103803087938795,0.0835865093464037,-0.353872692887147,-0.338745940631116,-0.0886470517782763,-0.159997612354954,-0.258774604619951,-0.143718788964231,-0.0426694706924701,-0.238143602645256,0.069083744132721,-0.00597276916617111,-0.118548451327904,-0.43825217009976,0.115758251120341,-0.13687385208047,-0.211696925517264,-0.0158914559628914,0.295773354059383,-0.159887650511955,-0.0641442323838245,0.366232659979257,0.236311154625952,-0.135751958871692,0.194949901346613,-0.173114232114941,0.208404742120013,-0.159988293001373,-0.195249366843053,-0.0623492751564177,-0.0664453268708856,-0.116203177180336,-0.293366444829269,-0.101673973650943,0.13010400514098,0.185805374396136,0.0184001451398841,-0.0960313934669373,-0.320520449183937,0.0753743483450181,-0.126118877549221,0.0536541067968886,-0.023192144850518,-0.479526732141723,-0.111692825837819,0.209291268154015,0.157964422363229,-0.421692365567026,-0.0847427396067575,-0.117127172438986,0.385543522071667,0.37175898533798,0.460087432070719,0.00827733226504172,-0.276397929304893,-0.145681071489972,-0.018878419853595,0.262089607078034,0.219554479851857,0.40688966587695,-0.060572372847309,0.12208043038201,0.321545331777887,0.557819763740305,0.479733934250187,0.311395399995675,0.281768183870933,0.101133510170312,-0.152699586660371,-0.111420074917942,-0.124328509485525,0.0873879677809636,-0.0924392239658442,0.0135316570528366,-0.157483849937574,0.65701577754594,0.443474566881566,0.161376697549022,0.119850555848301,0.113242267900306,-0.15178162377443,-0.00175635594625707,-0.138110770817615,0.0288650162021023,-0.0945125605035605,0.10077370949109,-0.0150970317278955,-0.425907218274242,-0.35136672892187,-0.225348632532466,-0.00111204745927394,0.21105009833774,0.0129276238322172,-0.32461149771999,-0.22185278850465,0.0398097374939502,0.108406663378952,0.010392652678536,-0.223497883201521,-0.208144087771087,0.264014533469122,0.0241099278799759,-0.140745322806978,-0.23783752013588,-0.072066475985343,-0.0360859947571005,0.135479250472928,0.322322474034471,0.469295434047612,0.370269350666666,0.212908508097534,0.297722889760553,0.262271464073647,-0.275227668662162,-0.00805395653757772,-0.176772826488243,-0.302851105312294,-0.361702513757383,-0.121829219029326,-0.0240653255226141,-0.0434492892861524,0.047615470286097,0.339622760167995,0.164436041263518,-0.175636067475246,-0.136523521580931,-0.0576212857527083,0.0596789900484872,-0.222972773745943,-0.427319226185661,-0.261888659525067,-0.0889225955881741,-0.2047322911486,0.083713265292412,-0.42249371571804,-0.340196783033795,-0.319310020979754,0.0870316300363732,-0.212838538029762,0.278990147971072,0.273138025250237,-0.105194759588706,-0.251811658145218,-0.271818772991475,-0.27056475874666,-0.521435426605707,-0.0792441223329635,0.159194214227275,-0.308675821043093,-0.262518385018495,0.0425402976906743,0.341064387742628,0.580202380746209,0.0230816589665133,-0.00478454041152584,0.123791342264087,-0.151712281531508,-0.11052244537047,-0.227490203474514,-0.0868798490175836,-0.0742586191713286,0.387915841874962,0.528710004113198,-0.00366860244953203,0.064681618751868,-0.207561562600826,0.181299063315973,0.0292734240347492,-0.151833204798404,-0.0172825362869547,0.272136925169964,0.2971970840176,0.202738165838393,0.48841949596384,-0.206727888199744,0.0515265146412487,-0.0489409384568725,0.00148012278663697,-0.0893582057861881,0.0116169737335941,0.353422236885614,-0.242890867330415,-0.20028487591706,0.102542029887708,-0.256682682965837,-0.101219599790055,0.0140849228245609,-0.0446034529936506,-0.000385734201426374,0.0185951904061964,-0.145174932867707,-0.202489292996302,-0.216714830362,-0.410317676192308,-0.351492292584413,0.111457201213148,0.10368251633365,-0.0246768910780057,-0.372145924549397,-0.113227962809511,-0.000471863153896314,0.0564175220926215,0.363335191613297,-0.292777307499946,0.0992555800985722,-0.1772544545079,-0.177558238249604,0.100249055574558,-0.151401372451987,-0.137554416176494,-0.094460877262797,0.325565306647558,0.0952184925827226,0.264510255959755,-0.193236142701357,-0.156237535700192,0.128197952059979,-0.141842644166018,-0.0886980875324714,0.0669157851318432,0.267954370065777,0.357798012105979,0.520525306438953,-0.0229432909279513,-0.139644843064498,-0.436260668087484,-0.057515839523259,0.0849550023240902,0.148435214601582,-0.131290256779738,-0.256339812242471,0.0572658835498995,0.486733748570192,0.277644162063065,0.209511613270171,-0.0348528846485641,-0.251943908260933,-0.0698094389418986,-0.0433734309289125,-0.122100154793308,0.257873959658764,-0.0462868486502236,-0.0237106193950859,0.320011536359279,0.133369606029232,-0.344662342928092,-0.228288010666525,0.00479919009179239,-0.137398647328011,-0.101607581668941,-0.0355011909360885,-0.186754161464128,-0.0130194412408463,-0.287273492917034,-0.297957061454349,-0.228165895274767,-0.357322472846639,-0.225244919016498,-0.258547147139969,0.272602500400059,0.214480342484195,0.0100472798269305,0.00839571844581777,-0.174431707712707,-0.475194763150973,-0.421101600414108,-0.345342876573426,0.0632541446010757,-0.410781111010849,-0.647317633146668,-0.303340281771951,-0.244736845641585,0.102667088491048,0.11448919075374,0.302029854767641,-0.0593898360351157,-0.0415247650492469,-0.208093660689656,-0.0158589667566069,-0.19068801716932
-0.397868969631598,-0.226269743729818,-0.176640998285867,0.205440889006222,-0.084146341121822,0.15925569776975,-0.190100639383203,0.0597375983168223,0.340017778274742,-0.363940787736777,-0.0350520896360155,0.000423128187331284,0.304984321815766,0.0827010464583813,0.454826857293741,0.40986081420414,-0.0317853970430655,0.0819934262514935,0.245110261111796,-0.0462773115256256,-0.270846219328133,0.00783724820321148,-0.022975859303152,-0.00382382346415011,0.0605290308008526,0.422754371016681,0.0491620524121026,0.272965295348835,0.713398876923042,0.315789193511134,0.40992794799582,-0.558354182360173,-0.325624481082693,0.0882306006178232,0.212850800933635,-0.0290648654030782,0.814952295432544,0.267397781704881,0.242535542866929,0.224664688482925,0.281169382474095,0.069367347405274,-0.142369594602063,0.0252687393018699,0.286871262281895,0.148192531246419,0.463997743790967,0.177790799217574,-0.161102603748373,-0.139083286065146,0.202703030243334,-0.227896414599964,0.251480077871304,-0.124480515397062,0.200324051064523,0.106614286865818,0.374875241717984,0.504885095300512,0.146438185710173,0.28022067924961,0.563606482316425,0.268574270659754,0.189464871209539,0.122975824470356,0.0257984684762505,0.413457637525909,0.0597933517905301,-0.0214305866139847,0.0743633294464029,-0.152523098744074,-0.0146228281721256,-0.0895729070163662,0.124816262014741,0.0986607705865157,-0.152650810191005,-0.0162784688845388,-0.218040906830766,-0.213396205906855,0.143168238065631,0.199869154323883,0.0738845416102455,0.413814634397787,0.00634690943372,-0.0753844420925259,-0.139821824976084,-0.112626610683154,-0.247956876413471,0.00514172377442815,0.0970789462717605,-0.0163554105762159,0.341954260037967,0.354416440481136,-0.256095642456239,-0.301215858219556,-0.111524455564254,0.039741402561524,-0.198107765059263,-0.416757881663398,-0.0710450177075333,0.123272785116823,-0.00702429915599827,0.138498572727981,-0.202600811820365,-0.121676342790772,0.0639361873451549,0.454945252806448,0.424380729471445,0.340076492938527,0.169535434801992,0.216509792472805,-0.139655341904582,-0.242803172516717,0.140915576374943,0.065859061485438,-0.0473423228825439,-0.428405174148959,-0.185492542891657,-0.0215057887417253,-0.190269959798361,-0.353055666585343,-0.585378884992609,-0.0604782313351789,0.0408365363585012,0.185845107281735,-0.0282058292005431,-0.215201303923526,-0.0485574557431093,-0.246950558957434,-0.0878834893025798,0.061616345182697,0.592215600501611,-0.110922706419922,0.0429603083569978,-0.29114340907679,0.00109882699037327,-0.14967869173212,0.00529343759998466,-0.138316758358371,0.0177965527100981,0.309202481396078,0.364627223324342,0.58221505546463,0.337757602316635,-0.00273470441862685,-0.323636105970895,0.145790237690982,0.328199505111583,0.129815132162329,0.19875153647219,0.137618478519027,0.286619977195583,0.202730272309013,0.117819278702678,-0.063649804304338,0.0878293140320462,-0.329261192586572,-0.0631663553111504,0.18627403968292,0.105812192139441,0.176528242607018,-0.151770190042982,0.0769730457543007,0.136166706671696,-0.0174385217969493,-0.000580293913310683,0.164879715030305,-0.219960268002866,0.443471065214563,0.113965047065681,-0.208445247697615,-0.110900116655564,-0.568582454021948,-0.290045231177222,-0.366279397580308,-0.282679473391077,0.0143029435779416,0.045664992731088,0.0423466090598438,-0.00367270645676719,0.0205918974563132,-0.176138679371806,-0.247772511840245,-0.261493404386595,0.0746502241745896,0.187143067269577,0.00860241491100279,0.0936756568642293,-0.0175373394587486,-0.600238490442939,-0.291553889023197,-0.347975412770613,0.00201440519443445,0.0113344903575208,-0.385040156127341,-0.317932088040988,0.166524996787266,-0.0877015712479717,0.0429885767142542,-0.102655952298648,0.276906242951725,-0.0215048694710188,-0.317702204096575,0.283266399086509,-0.0156090121926649,-0.339312493195855,0.0710757821477666,-0.287475123681531,-0.52573957495894,0.0671574647843327,0.0658807908293524,-0.263276725688088,0.444511898157523,0.533702331453756,0.208724983293932,0.467568664699213,0.222295781899152,0.158896488099988,0.289424934583322,0.0585893521799082,-0.124281395759262,0.238384223509742,0.0252349827735474,-0.00807041196903545,0.356110061937431,0.529768318979056,0.129246535733687,0.272874495902021,-0.140167407249972,0.246294055273,0.103140642981706,-0.0115784453058093,-0.0196134858240155,-0.0527471721741426,-0.527714387597573,-0.18419883764156,0.191618323774077,0.22368536348796,0.179240282730938,0.59360233381578,0.523467436497762,0.300422268778564,0.26499821747914,-0.0843212624246048,-0.199459977254644,-0.309863384282044,-0.157128120293875,-0.39686175762229,0.0979064223514253,0.188207063752552,0.00550070561377726,-0.0989767315507915,-0.371040615845017,-0.347656787320923,0.177999595744786,-0.149873143741855,0.397254937870157,0.283973287178679,0.492682223860245,0.412612969799147,0.170417001187289,-0.0938542567638334,-0.0850017277897137,-0.570007961449506,0.0318987107951496,0.116664429061492,-0.121439198780482,-0.0773954097660014,0.0354207837431349,0.407214009393259,0.254196273886814,0.728849171112091,0.826614149533346,0.346564058511828,0.401074853057078,0.0577864603582259,-0.110113714759395,-0.167602714593811,-0.356081079749266,-0.185003671828152,-0.669071683421247,-0.350994477972707,-0.21348803379857,-0.21459272641468,0.246535587053719,0.181988351054983,-0.0508199567566722,-0.0184414434390351,0.0193903857798331,0.281258787029747,0.467000256319113,0.295000131182042,-0.329083405736034,-0.460506551667356,-0.387650218174951,-0.321670484604205,-0.0845388703695654,0.427010026974303,-0.0262810681944658,0.102152233134398,-0.141631886062261,0.394447545862664,-0.0291326956132499,0.21407280404262,0.656071703977348,-0.222339011199322,0.616499861545197,0.492396732974139,0.301626223311891,-0.107405330366175,0.215112900462604,0.297218297641231,0.0181713352353065,0.0405221175775362,-0.0401338663181177,0.220088266928466,0.273636081803849,0.295499794038221,-0.0730972445821857,0.12940090458569,0.200034391130104,0.0886463995790573,-0.247054135885474,-0.342528996912752,-0.385592011271563,-0.494703413027778,0.150557232615284,0.042353119031911,0.0203392505930181,0.119312304747049,-0.0389685474808056,0.0517337140377831,-0.051914920926191,-0.23972298982154,-0.12935784386665,0.313138160800227,0.221670425090513,0.278663124194346,0.179981127916116,0.162603342207517,-0.108198887540206,-0.306891495089684,-0.0816105945418178,0.125554869946734,0.267036093800048,0.0390244071519282,-0.139421949656822,-0.155218396299982,0.270529278016477,0.557085432543659,-0.156430751008337,0.0317150617073671,0.313130866267989,-0.15875815952811,-0.180210052914398,-0.439026280833548,-0.479918003747027,-0.502157451464428,0.156270707644668,-0.236276896490872,-0.00190608641407174,-0.324956645365863,-0.169488245863752,0.341923537779927,0.201288160762454,0.0236375154575059,0.512913008890044,0.248895408362085,0.461975885957851,0.198632525453883,-0.183890184617722,-0.0903096099918864,0.645109334381646,0.046142359368392,-0.294584893504739,-0.242694360125884,0.0155462851090953,0.207627403784021,-0.515611022493653,-0.199110189014737,0.212075430744729,0.225977845643424,0.181950101807449,0.0577949846945042,0.439744341981357,0.427689959629593,0.076125781583587,0.0341564921671198,0.247176315134926,0.131406261373829,0.0333790858885282,0.213809780826045,0.161690472472736,0.123321007175403,0.286795995315465,0.14171927275555,0.518955252717824,0.497985433189108,0.263728362111118,0.0403857317622194,-0.0494834295799921,0.201270262437518,0.133621903957504,0.066239107513569,0.205905962327645,0.142676448141157,-0.028414288298984,-0.268624103614665,-0.114419614198847,0.0983224077688028,0.380385762565423,0.625810227705958,0.365834349678564,0.162873455584748,-0.0104561148377982,0.227760612867515,0.00604387262139858,0.158025997033582,0.197414555343412,-0.165781214533352,0.0045003156505404,-0.136829621492834,-0.106552658546563,-0.418189500606431,0.139713388210539,-0.139777768506004,-0.193869911587541,-0.263541063283823,-0.14439717748931,-0.604112823382207,-0.0180977957449752,-0.245384822611163,0.0488659472449128,0.0610678270063926,0.0263823686106532,0.155417908817051,-0.0855939973445256,0.0716929238927527,0.0280903650456139,0.092801430262667,0.593186884990892,0.123940234612978,0.283420093336845,0.271056781857299,0.227509635622838,-0.0179041056854072,-0.237630087133304,-0.301644788528981,0.227121074033015,-0.194525849584226,-0.144882000326246,0.456078227575375,0.198524816008949,0.2538625553924,0.17418513187296,-0.0421180909420301,-0.195429320650017,-0.304110596742168,0.000680397233693425,0.0884320579559883,0.29087869044801,0.29996664210735,-0.176735882835152,0.180932212474446,-0.110437857072243,-0.397566434281885,-0.384000229529281,0.0780619549433571,0.0949315795960814,0.146218996449237,0.222494505134694,0.227741883828265,0.0416870659432447,0.106430945521191,-0.0640516253865029,-0.311745112112954,0.246301036548275,-0.295098978132466,-0.289638391380069,-0.0579129213487854,-0.0926511510859181,0.128395599199488,-0.0216139750092941,0.105428752568555,0.219484700117572,0.13489092589387,0.52651444698999,-0.24881064868102,-0.244579485665703,-0.227238591570901,-0.000546427307600874,-0.196298917351998,-0.379656234311856,0.0881019214860422,-0.245122886254188,-0.0576196655375878,-0.194231220942567,-0.105095329931687,-0.236353784813062,0.040238358671801,-0.111967257876454,-0.226399357950588,-0.502261389240468,0.213705109546344,-0.235475342314628,0.0164769991588864,-0.0624185679432893,0.28239161076723,-0.161010615999248,0.0500285680389022,0.316128840996623,0.37322492943703,0.0381750857367746,0.278181005179044,-0.0923520024932229,0.0770861483151338,-0.0583492065437468,-0.136443871912994,0.0621509357702879,-0.0311689398082905,-0.103738551628159,-0.264948150982085,0.0805197383072007,0.339527954864275,0.0700255879347106,0.0161678280723409,-0.0163847820643927,-0.107391074157789,0.106188363413679,0.0106334140274372,0.00223432542982965,0.051547719323948,-0.731884560936515,-0.245556176630884,0.34056021687369,0.2724259318625,-0.386927882176035,0.0058557602604263,-0.368105640519543,0.563781778164147,0.323047979979404,0.321242402263271,0.139117308940706,-0.401210242001552,-0.165676911149336,-0.00254546056739512,0.38054031353236,0.539188689211225,0.437383764541322,-0.138746010993671,0.201910833189879,-0.0839440130888911,0.464062404588561,0.35452279058308,-0.0193082503984399,0.225860679395198,0.19086193723923,0.0412241634889759,-0.314853422383196,-0.0605862019899306,0.0787264334542296,0.0297836349409751,-0.0869677354817282,-0.000914272974588615,0.883037626136122,0.669911123736377,0.306537508893365,-0.0644345393006671,0.0768775590896003,-0.247344470928725,0.0222915642110003,0.0160735613773342,0.0967725307041748,-0.298273069636472,0.0735463707490959,0.25234204369009,-0.479971350453903,-0.304751080278252,-0.298083743621538,0.0167397083844934,0.147050281313782,0.218297174784241,-0.278605600043431,-0.216967840045749,-0.102532737705106,-0.157882343680997,-0.035355377624099,-0.193342092064426,-0.164524308284591,0.150209691621836,0.0327777744724668,-0.0168056079655221,-0.126364559562506,0.0333845818248375,0.101064352094513,-0.0329118329979059,0.337376808912941,0.369558590527153,0.2482190506951,0.340384182371538,0.395690535855963,0.195328472599911,-0.160147730545749,-0.0372431439939543,-0.110813539484591,-0.166967458040769,-0.300383314082525,-0.0361352284932202,0.0341729740980916,0.0631118249340341,0.00225954862948468,0.327792317045408,0.199423299020006,-0.233820551215855,-0.322794640528433,0.142169696725198,0.235247921625023,-0.391976878105821,-0.490535699180862,0.0732660645437503,-0.200142974451674,-0.155262612188794,0.139443487945602,-0.432086252755196,-0.244396511937158,-0.31514309855875,0.168738219533784,-0.164173451829246,0.158837953896281,0.0511260142199084,0.053324136260898,-0.113470157129713,-0.17334292168703,-0.399755561036728,-0.400672523848118,-0.193569458183783,0.194063009406605,0.0596815691763122,-0.146752975272835,-0.194250442060661,0.491025860192447,0.401894369644651,0.150320276806656,0.0770220920616741,0.44302444362,-0.0973107512782801,0.105837103547989,0.00791075289088637,-0.24361747467777,0.0492046567115609,0.35067099649498,0.530105810473656,-0.122118810672625,-0.11051795476521,-0.512390538449335,0.0925641484756998,0.0231726403596856,-0.239634727938131,-0.110370146772991,0.300664772051621,0.194272125537534,0.159748503231179,0.569232604881587,0.0549685376043921,0.148521487054078,-0.0219467416752128,0.0192685146109156,-0.0410656187647108,0.0660190599308144,0.185286671345237,-0.423998162816856,-0.243444655942329,0.179612661587528,-0.304199535080394,-0.322075738956149,-0.166814823127118,-0.165638926162675,0.285227025684166,0.118510995983396,-0.0893948929933543,-0.279019336406512,-0.290527285431105,-0.346654207930835,-0.431975566434726,0.185700724345176,0.159064867385035,-0.178099060267995,-0.186114769264438,-0.260180903440662,0.00811032990686883,0.0073493549906521,0.118710644117863,-0.33341685638173,0.0340437879016844,-0.299577679257953,-0.0787806428694293,0.135693107477289,-0.110882616873368,-0.201490368248395,-0.183131224890836,0.252098376789245,0.218844608845022,0.319760154385578,-0.13164147126082,-0.357546215646516,0.163992377521102,-0.0858223866794073,-0.157110945888379,-0.299464013926349,0.128931578444731,0.319663179527694,0.456251469102498,0.457550814309258,-0.255782282452015,-0.292674033231482,-0.0268691735172773,0.0671908265210885,0.0863159822232813,-0.0458295593131075,-0.222999512558145,-0.0604964044351557,0.410327592759209,0.302925381930361,0.369817381695158,0.107996301973066,-0.523428151921621,-0.267432623169974,-0.054190859250983,-0.147030957305721,0.273808873900009,0.0346885123686292,0.0616772241919882,0.372949877751823,0.322489294838869,-0.559261831292199,-0.138870755550872,0.140484411026564,-0.208974036833035,-0.1728491441933,-0.0226292195563541,-0.0562728912249597,0.172209311369733,-0.0362215759998264,-0.337806143503036,-0.245572371243975,-0.239366974278393,-0.41449886659869,0.0452613081854651,0.0951923443710202,0.204127972917634,0.195353620768494,-0.0499021207145011,-0.307543107590104,-0.485405788088016,-0.515679439468831,-0.31385720187926,0.0468234732874323,-0.524995884492334,-0.521675251569575,-0.334461003648475,-0.378410695982782,0.139393093656025,0.383210561287761,0.460850701359313,-0.169541518693551,-0.130442904319894,-0.0305717260275873,0.0274157393294469,0.00521325752852592
0.0291580817656596,-0.131730163010978,0.100762619975255,-0.0239543563874396,-0.0765997407425758,-0.0834619978186488,0.226884527086694,0.0157826582822291,-0.00953612080583141,0.0533318108681597,-0.102773202394735,0.126247932611211,-0.0177732825931367,0.116876182382058,0.128901165978643,0.0491715938670825,-0.0934818442347748,-0.0799107508661454,0.116607265890759,-0.0856211468623836,0.0431425484109956,-0.0511871460113091,-0.0515110941725038,0.0980287447896112,0.304132692379902,0.191647316911677,0.0336622645500792,0.0519883968331643,0.257055381302642,0.199237717965698,0.0814378707225014,0.00846987689848219,-0.130301392657875,-0.00361430817159944,-0.118727369252769,0.00932220155692955,0.115720557110868,0.187379928785215,0.191014516057882,0.0126292217943068,0.134470086852589,0.0255302246871558,-0.0125870384873908,0.178364088361556,0.0106545111301687,0.00470669268413056,0.0692250311092074,-0.0100180692529747,-0.066554560652846,-0.0410774302724239,0.0431400084125364,-0.0790327899895392,0.0863301438095646,-0.205272469113517,0.114557813181037,0.142657840306866,0.0767859604448527,0.0971121301289976,0.17620478579696,0.129996566445774,0.23264694379977,0.250293405599363,0.0958470103256173,-0.0528040545362821,-0.000164489797949099,0.0637588106255163,-0.0522731298404656,-0.0501305696644049,0.110304374037746,0.0690782114903508,-0.122754594334563,-0.114182010681157,-0.00250764773449642,0.0573356743085176,-0.016729810905989,0.0299313605828061,-0.192466579062796,-0.2712526504742,0.1539748693451,-0.108379625018119,0.136026728546585,0.122479384956835,-0.0705430993036432,0.0546540650545801,0.0804266765208832,-0.0406560665577848,-0.137497611882774,-0.0800392873600859,-0.0486356193464563,-0.0907187721352915,0.219098096572646,0.0984939337119742,-0.140894259768164,-0.366970500521126,-0.0116106657388499,-0.051249460882008,-0.301628233479957,-0.222037461152773,-0.134534049537363,0.154979189529658,0.0783571236253468,0.011698408142271,-0.0422465532814974,0.0774142152223051,0.176539842928646,0.108842747294924,0.104141606353301,0.131032012996563,-0.0077392275013634,0.109580902798851,-0.153087633528811,-0.190868729461747,0.0936991353838922,-0.0178547006803229,0.020963258311748,0.0904483926993692,0.0628130767182909,0.0946038327842452,0.0242310771675883,0.0855898183609451,-0.179521939616644,-0.0479166250091987,0.290245713940085,0.0325814352399214,-0.103570920649997,-0.0336158518837445,0.102607112136338,0.135986892102732,-0.111983978497383,0.159378062326643,0.227140824610331,0.0513301506560199,-0.00109036552729538,-0.139438288194117,-0.101611775593365,0.0437703862193251,-0.0706669744306333,0.0961671495411121,-0.0199688280021672,0.131328211330606,0.154544709998335,0.273970756099576,0.134371306134807,-0.118534668630502,-0.00512634550185773,0.151826313536861,-0.00726408112980996,-0.0143371639738004,0.174344173867948,0.0330940922067453,0.279236433756734,-0.0337971399927056,0.079542595632668,0.0797073471212662,-0.0735727170741886,-0.218951470691692,-0.11076870120242,0.0812398537449195,0.0492990054491514,-0.0316197775622221,0.0944343241508421,-0.0273046560892262,0.0814208632434523,-0.0848184779035047,-0.00748012191337817,0.202188814890072,-0.0993217363618188,0.169786605318685,-0.0460464090561244,-0.0281898873822935,0.0555029510683614,-0.314904011904106,-0.300383446719136,-0.0363666581486071,-0.205999502120603,-0.090608037978565,-0.157823660608112,-0.0297714012344474,-0.0235343734807501,-0.0533105179332359,0.0176368756048221,-0.147708668108285,-0.0806319533372271,0.252039425763977,0.170449198079767,-0.0159669879289006,0.0607589789666622,-0.0180628371160027,-0.203591439532891,-0.0349755575327339,0.0259706291341638,0.0602494349646618,0.0949211566737058,-0.0606396917948306,-0.0898608238056418,5.16097968877444e-05,0.0773597671289776,0.00587242552182842,-0.0163425903470483,-0.0614642718062615,0.170464765881678,-0.103635914884296,0.0950384759437499,0.00676334295791618,-0.126466504813535,0.0576605432279123,-0.0839942581670137,-0.18092695650312,-0.195064374962725,0.135695177185458,-0.0542989201645107,0.0735301239823662,0.145644492936151,0.132106994923381,0.237871127395912,-0.244703586796088,0.0152843778671465,0.22710029230646,0.0110287965269979,0.166560635870113,0.182220568593906,-0.110010209434573,0.0512727541931696,0.0391336482251657,0.3012929862708,-0.0956700060128217,-0.0433572656821929,-0.084723561871573,-0.0770269930888905,0.0736732762485642,-0.131696821494612,-0.288687621134304,0.0733204319335743,-0.250036701678379,-0.164583026611343,0.112043042500147,0.0417700690159722,-0.0484258722926553,0.337068168599941,-0.0198017196667912,-0.023297587074383,0.108534422805352,0.0764052619583666,-0.0542758309591667,-0.262248514995596,-0.0591204138853354,-0.153481381653823,0.0391618210259568,0.068925365417515,0.147033759578524,0.0107186571516792,-0.119848876303741,-0.0383150031685663,0.250733071203219,-0.178455043343534,-0.0335684777209729,0.127116051359544,0.172712598935777,0.269305161841452,0.0737178487462741,-0.150462232882271,-0.107708429708561,-0.379910455581024,-0.0853818503902151,0.012887793763091,0.124682976104533,-0.0232870036694076,0.00672142017718644,0.194024512868623,-0.103078101169555,0.480493615370949,0.0929344041933033,0.210457441094973,0.134660122409945,0.000420426278573882,-0.0152340150428103,0.0254263280139174,-0.135495007959065,-0.0516593129708007,-0.214802674634852,-0.0359992030741511,-0.331297511313549,-0.0184571436280821,0.226006386101749,-0.0313780050643162,0.0806813870728851,0.138427021665974,-0.0114466398534889,0.128990300982868,0.312833230865827,0.231089120559793,-0.248954145296203,-0.104745578865115,-0.0950242803397206,-0.0324760751761577,0.0657077802160329,0.0353218969187058,0.00717245764443678,-0.0458115949062605,-0.066524100080048,0.0408762284678642,-0.0409441770302987,0.202572575996503,0.0953548674955778,0.0854950766810831,0.218966763694654,0.217993411877125,0.19465272434847,-0.0581985901087467,0.242631037881018,-0.0855100947993621,-0.0281415070032271,-0.134200547041931,0.0470742712526129,0.233073334004763,0.107650029797633,0.319486966500189,-0.0959922084869018,0.126967098088842,0.0581736772913297,-0.0595316582119486,-0.0113922828761617,-0.261762551654201,-0.291876198753802,-0.138760756530351,0.0188442190266307,0.0374517962987634,0.0633949143069896,0.091753410202528,0.0305970091594913,-0.181112114779252,-0.170734466181286,-0.0664048975496132,-0.049834815036825,0.213392375233527,0.0360518364728873,0.06486542389502,0.227086620762409,-0.0659162002078279,-0.161617586933056,-0.17386231768413,0.0470669478252148,0.0251374864748106,0.134220439273409,-0.197845863127669,-0.0648468418548187,-0.0694944766556468,0.17927105962094,0.212069964595978,0.189318315549413,-0.0424832051956028,0.171785252156473,0.00171887281579909,-0.143873382144242,0.105180684228971,-0.183884133951573,-0.132270072279192,-0.0945087786606117,-0.0375273614022999,-0.161947725414048,-0.114402526352246,-0.0724145738900977,0.322691006115873,-0.0238635587785744,-0.000118356169016468,0.144422110574365,0.197558404929185,0.22269090840027,0.0957529278027003,-0.146758355274703,-0.0207255950275622,0.0173645941451517,-0.0231149152487382,-0.0886718458424012,-0.105542399313145,-0.19539025908151,-0.0537914484805068,-0.305973762500941,-0.0739909239775884,-0.140446388848967,0.249980060412755,0.105832798542257,0.013379652389151,0.252786867534357,-0.0167035447225504,-0.186134453594357,0.0589233889444035,0.101017911367036,-0.058775841120674,-0.0201147936902154,0.141241275011247,0.0899169922670208,-0.0888635393174918,0.341063857416706,0.25061181322884,0.250706080748545,0.1785420636083,0.00233436605039412,-0.0676418167359186,0.17732583169632,-0.0606489577063873,-0.0232423585902796,0.0759760400114529,0.120702252278639,0.0107689237858137,0.128267459691774,-0.122975503740876,-0.176635749478858,-0.111165851037525,0.108933004246731,0.161521670726388,0.178268379823357,0.114033072143414,-0.179801892499613,0.0858396883014237,0.103624975547311,0.027216685842971,0.192348156603244,-0.07722166984776,0.0221055839997132,-0.0750053699374973,-0.0174263760683585,-0.255561905906259,0.111876481287575,0.00897625433250405,-0.0607557477097746,-0.108006486787789,-0.104517240815501,-0.173619427431171,0.11303187808759,-0.218271313047975,0.0307739434580254,-0.0408241482966335,-0.015007781973799,-0.0405689843618902,-0.00451895054957345,0.0641665625077573,0.0871205464979058,0.186134694750666,0.0939680589205827,0.0282276413173393,0.226824251005415,-0.0643971330258204,0.138687798780339,-0.0657770297944939,0.0445100747011954,0.0765878132949719,0.0646728364905723,0.0769057646288914,-0.092679934650596,-0.0142883926334658,0.0146549673897757,0.048652193573442,-0.0861864756362678,0.0340334168422106,0.0811866310293243,-0.0919346529943367,0.00128109057664609,-0.154596174760799,0.135542606410396,0.12684579967108,-0.0765753222994982,-0.099435252668639,0.188834230605485,-0.142107422056742,-0.23378936275992,-0.019763795256464,0.0431651561605891,0.146716941257233,0.130564088224547,0.155102321151244,0.0545236346176803,-0.00678195352375435,-0.111763773877538,0.134567916611209,0.167397444165101,-0.143370300165466,0.156855070763474,0.00524978800612509,-0.0608139602816246,0.155471631168607,0.0678120522586031,0.14137888162833,-0.0498994051833537,-0.00537851520644994,0.180051752050371,-0.330340372548386,0.0310554848280659,0.088938329725497,0.0149046637330888,-0.245813386523696,-0.368450915797042,-0.180155193820922,-0.0208507316182402,0.0320225946183463,-0.256654170579527,-0.0120456603045516,-0.31489598910169,0.143617185019932,-0.116747930970031,-0.241998029037494,-0.245675216783782,0.0470345633534014,-0.105350241314041,-0.0755433111363164,0.0996120949366099,0.220116087814075,-0.035264915228529,-0.0891490043509306,0.0512422545434035,0.168198611329039,-0.1072346089581,-0.0349368823473971,-0.0983435266194903,0.101625741974744,0.0844495773930049,-0.000831399440762898,0.164780272909997,0.0190262603587565,-0.0439694942539181,-0.0586729447646564,-0.0345160210882919,0.18552944460516,0.0313343591397542,-0.212955735719138,0.010750061595736,-0.0188384592889166,-0.0648152560930385,0.0609714500378394,-0.0779731239872496,-0.106850999943516,-0.171352066566031,-0.221485946593801,0.020699415065951,-0.0101133240148404,-0.110448848970368,-0.0193713844117251,-0.146072288232445,0.194506557354194,0.189013131447586,0.146935658919626,-0.0774506419751209,0.0782669225258702,-0.152638756364106,-0.0536599301392173,0.153706454186893,0.146737425396029,0.00180671956625608,-0.0197375565252899,0.441617684991006,0.107889942087431,0.113245887358427,0.143095652508545,-0.120797924206555,-0.026129048692869,0.0997753564183218,-0.132957017366876,0.0222115298973199,0.0246311083179394,-0.100395550163887,-0.14058056903959,-0.0701278898314472,0.0961442469770034,0.276608191557446,0.129882870841078,-0.136262543694466,0.096806453019056,0.147535838918454,-0.237372835714345,0.146180065631169,-0.029512544843623,0.0470469086800011,-0.26050018319301,0.139205186066776,0.120741695318506,-0.204479901205558,-0.158360584016893,0.0109181877117559,-0.0470311092348581,0.0363937902024432,0.0704956360622827,-0.150638353178706,-0.162409967037235,-0.0654308608450136,0.126561093779859,0.15464887143935,0.0957723897481688,-0.188805105457902,0.221979915461194,-0.0691071548022643,0.0105189724402137,-0.072400316887045,-0.187155871585746,0.0674413347249091,0.0821731714784467,0.131148260146612,0.125337020082388,0.196369231656876,0.160398159843303,0.0159616483684233,0.231080836315888,-0.0688402140850652,0.221202318178922,-0.0401114761063691,0.0204712252657986,0.0454985176025961,-0.0894247402574047,0.0472170618030389,0.0245318875685361,0.0650232979186516,0.11252436411338,0.113986880020543,-0.0586803194773065,-0.0396390165748016,0.0491909118491551,0.0400161332630164,0.0341046357856776,-0.141536100845963,0.0321594768834539,-0.163407613556566,0.065081720285714,0.0302035530184419,-0.0152701478300031,-0.235590438823116,-0.0501602157636785,-0.0290039364636426,-0.136946351426559,0.0241057924941611,0.036056769101794,-0.0600384620687043,-0.0132369360822409,-0.00895883971868548,-0.225686774627057,-0.111010593251269,-0.237404136305131,0.154085730675766,0.0756968249063896,-0.13203877707119,-0.0355989529313486,0.0118941663136534,0.0799006568507581,0.246499926487661,-0.0456505336993102,0.080537481062647,0.186431167472714,0.166434522258922,-0.166972058782292,0.113712304915466,-0.0777942814512088,0.0392743779440095,0.14839991668682,0.135059831654268,0.0939458516626576,-0.0214393801625472,0.0795100631656635,0.0120657605453544,-0.0677137915033731,-0.0513313885020163,0.106334719382638,-0.0154058355551639,0.0784068823919729,0.137285339590553,0.0603606842787584,0.0984867732241899,-0.160456274207163,-0.194157868691226,-0.0628035692397947,0.237862134687152,0.0308404537544105,0.0577219416393374,-0.130584917180154,0.0517015808370046,-0.184545016949396,-0.120540881402527,0.00307728447310938,0.00852311462118159,0.00133174281966651,0.105690649766735,0.011711440560294,-0.220587227143542,-0.196455619707355,-0.0777582858726355,-0.0724479483441546,0.108458317825113,-0.0327086295482277,-0.0444224805394204,-0.0962596456636664,-0.0726984474770105,-0.0233770891830297,0.0505615642179971,0.174506756363799,0.0755493039466259,0.00874031491090235,-0.101628854688238,-0.0838081434221586,0.293296617104664,-0.0456078033141145,0.022874110342063,-0.0491901453451551,0.0838545640548798,0.0468907606740731,0.214948261561843,-0.150064113927432,0.040653849524498,-0.0307493432752738,0.00771540322123035,-0.176038054396319,-0.101955999249047,0.0323892032125815,0.311123616081689,0.240432941542808,0.0206722227622851,0.0580031591577925,-0.299397072007921,-0.0870376506955035,0.106283947872453,-0.0543706423969175,-0.142653392359544,-0.156447118078175,-0.00649263329154873,0.255264138940966,0.0612022766082251,-0.093296340774464,-0.111594705502074,-0.0282033423913043,0.0913678567458019,0.0108305858404159,0.112469065871317,0.132936140776539,-0.0225755575113864,0.0893791952077989,0.149872814347252,0.0855145960938515,-0.38243996735018,-0.0357031283923967,0.225199001498535,-0.171035696927845,-0.0234528751214645,0.0436179807346544,0.0519439472586798,-0.213947016599231,0.00756732241712937,-0.215656363995404,0.0341214575040808,-0.0576660723401745,-0.174975367427875,-0.140514949675528,0.17767911078579,0.23602706359786,0.098521499568196,-0.0854065929914006,-0.0809312428933274,-0.293209128216567,-0.230178489617934,-0.204915375407403,-0.0832070439154333,-0.354438557963378,-0.251034487904172,-0.161805434402877,-0.225216842486208,-0.00940358284143791,0.131167441037349,-0.0765845978083766,0.0466815037559279,-0.168748089768942,0.0194641188360276,-0.0537279298763267,0.111835824405816
-0.0261875375700096,-0.0887565081421513,0.106175086865477,-0.11683731805816,-0.0217736548085739,-0.192182645133545,0.0320571378263463,0.0257926325634526,0.154522253673296,-0.0820189047110935,-0.0400981972141198,-0.0941863692097385,-0.144869896060951,0.119754546913055,-0.13890189834374,-0.0189523841899905,0.109569295897834,0.227290644553925,0.016373513399328,0.119040397501191,0.0944035330315181,-0.0247458766807395,0.0595318087124877,-0.112915294071315,0.0643524379558311,-0.100612093453198,0.0382280273346004,0.0233823415837621,-0.0379271718934356,-0.0110716089242769,-0.100388146024501,0.16588522232144,0.103985878172668,0.0479944117307941,-0.104887619433277,-0.025307187506858,-0.117539080001605,-0.146724508733623,-0.0568159648203239,0.0275360040119205,-0.145389714884494,-0.0690808151080946,0.0203258719026015,0.00192377469600181,0.0333170916140587,-0.109827131411551,-0.11183780388558,-0.0521695717694246,-0.121101888604083,0.0359113031680831,0.0371954471659309,0.0971007616851394,0.0197435397318704,-0.0918792682981742,-0.113392430211025,-0.0419602567805082,0.0391990380537638,-0.141143409085349,-0.0499499582674091,-0.0487981052887798,-0.108674566325453,0.0320117181409931,-0.00736264459847724,0.083735717846876,0.00963457799264689,0.0420262689875452,0.171956958164651,0.00276617592845879,-0.0456317653022192,-0.0523060630038006,0.0650924081524177,0.143612496278447,-0.00983812999262764,-0.00558206354865107,-0.170061500442364,-0.0961099727928961,-0.00754624379054945,-0.0866315358809572,-0.051274600249137,0.144876841559909,-0.121032565679729,-0.0981006339860984,-0.0165557539581545,0.0185177323824448,-0.11868588729395,-0.0297570715319814,0.105992862333077,-0.0765253196014377,0.213482966019914,0.0590099001733799,-0.15299835659877,0.0279755763059035,0.00324255641151076,0.0866254043959722,0.0179686752280015,-0.04836517561348,-0.211942189076326,0.0511151204974436,-0.0790166160258323,0.0456408725153827,-0.141111139595825,-0.013378383763502,-0.0245404040978374,-0.183773675756511,-0.106840054934449,-0.165967275075864,-0.108273215792684,-0.00581545458440727,0.0431366227910747,-0.0347711084610887,0.239589968509851,0.236253414084336,0.0361944906131499,-0.0730774045073253,-0.124141941175939,0.0531308710341013,-0.0458918611500102,-0.0687981230483617,0.123934588761395,-0.0681708738945217,0.0397140099531306,-0.0246642176679496,-0.0333217922862268,-0.175214871329931,0.0935261935683704,0.196227073696191,0.0149760762357369,0.132307264177898,0.0271392789276941,-0.0345329072292058,-0.279069756925222,0.0242958204482229,0.142192229359957,0.0695974160741199,0.0149711771394255,0.00982811060109551,0.0308173779918238,0.0101414697083011,-0.364255441116505,-0.119295213798104,0.00692435039322989,-0.190705050069735,-0.000146417647527763,0.105123379465311,0.000413684066540757,-0.107218497170826,-0.060215340289377,0.129979680164548,0.123080570798752,-0.0237701679130047,-0.023822329463321,-0.00503495646273226,-0.103923704191932,-0.0875498978979304,-0.0978773207554069,0.0534672362940573,0.00104622327135332,0.0244057018835088,0.0832957856908912,-0.0409728446284911,-0.0884196379769755,0.200014181920641,0.013107810626547,0.0319286888554539,0.0200727851315226,-0.0525263747213833,-0.00247537212371408,0.0210098082202327,-0.0643736224866624,0.0289412239193713,-0.110445733476461,0.0244587327148397,-0.0798519370869921,-0.11036525104753,0.104193171012752,0.00671434660166657,0.000613526620330245,-0.139365768529582,0.248131455487097,-0.118135519534461,0.0364943824341799,0.0335980827271643,0.101227647148327,0.0155582740252455,-0.06849480795104,-0.00156312924650183,0.206161429802192,0.0141231393766559,0.140400670903641,-0.0256982355166546,0.00763321996268144,0.147827936924865,-0.115186385724277,0.0223677227860356,0.12530737674445,0.0131525117504863,-0.0298885277430108,0.170401900783405,0.126472814464035,-0.127814666203718,-0.223273377438481,0.0480346674796601,-0.054882494717263,-0.0573399752659096,0.147491002745663,-0.0586598545686905,0.0727447449197094,-0.107395060164,0.0517136500281984,0.0377837670580771,0.0345186968229515,-0.0548188213969113,-0.194092569064751,-0.0105028130271264,-0.0730381324931629,-0.0505405246222604,-0.0702219885470834,-0.0161503329330651,-0.0845119498429304,-0.112035289057637,-0.0975364058818645,-0.0182384494674724,-0.0163239303985364,0.0707667124286945,0.0475065431391994,0.0223364868570541,-0.00903527798094819,-0.0546374378287564,0.0600663475784998,-0.104248707727261,-0.153768208046435,-0.078875283287854,-0.0411702972862544,-0.0164112870061403,0.120074121460018,0.0872435302542792,0.225764696691163,-0.0256480567954995,-0.114584499143454,-0.0729537528947123,-0.096876988781214,-0.0956028875927321,-0.0469744031709257,0.243438809879082,0.196061529070471,0.00985075346527648,0.11987265112713,0.101266208984841,0.13909219412784,0.172278059734906,-0.191843827314779,0.0681629326541641,0.107191764327302,-0.0329208057828499,-0.00573697200942638,-0.0630095924206317,0.0844355032211818,-0.0999458016550324,0.0831818209171072,0.000762127317025976,0.00658543338938112,-0.0816139202905344,0.148982758850497,0.082326591579434,0.0550454798682147,-0.0548749830801865,-0.0549017776471933,0.125594871920311,0.12466578248875,0.0118858501845096,-0.123924316400803,0.0513823294984703,-0.165749731050219,-0.0469047741906336,0.142857395167028,-0.0238728524381588,-0.131808958749104,0.0821180563021267,0.0925758210609232,0.172585462729886,-0.12091022688003,-0.0245637351265002,0.049909723959884,0.0862865879220778,-0.0112746958352578,-0.00510153210488078,0.00830824354014165,0.166980122469243,0.0499449187471652,0.0139946429653368,-0.119322749496203,0.158360725789162,0.0737869526034272,0.00990815338122839,0.167728538061583,0.0707190128887992,-0.16942397681909,0.0234701990846507,0.00439406140577562,0.0658579455232546,-0.102556099461604,0.0182213291672226,-0.0381913865812975,-0.0716474064452445,0.0168724591703007,-0.0424671620931141,0.0749047682613784,-0.0782875504266706,0.0976171549501152,-0.101895638774295,0.00960335570032964,0.0590728588382451,0.0773746283010148,0.0529279379964312,-0.0617546219045607,-0.0664909579631155,-0.0590324395784701,0.0902497954965337,-0.140314455922824,-0.000545785232135647,-0.104500277022142,0.131106560624028,0.122697905048076,-0.0257524535352697,-0.096003444989382,0.104274360412862,0.00758752347504998,-0.0119769856334106,-0.0177308027361284,0.187232265339532,0.0260221108519971,0.0261223450365581,-0.107887124893736,-2.5886087122712e-05,-0.0545590639510475,0.0280954806588643,-0.128434578439202,0.10639116510838,0.218979058243251,-0.228069425796695,-0.00694851524080082,-0.235989005672054,-0.123305773801342,0.0235602021526892,-0.14040326054268,-0.0769037596102628,-0.201321121192744,0.0540342395934031,-0.0898376547624034,-0.0482335371935766,-0.0234887802533387,0.037198369326915,0.021437010406532,-0.204127925316553,0.0680611182292567,-0.060777695890159,-0.0125286034142095,0.0053851324126367,-0.0410273209816714,0.0671535239221213,0.111041762622848,0.0746629576058936,-0.0391631686378937,0.0844909246837927,0.0886028305541742,0.0590853939296968,-0.0632626261808287,-0.242433789469403,0.00142043464037894,0.0674729311718263,-0.0848218209663478,-0.0391223164627686,0.217466049699018,-0.0456817282308211,0.0579523453250757,-0.0282671072740677,-0.102165596801032,0.154646603767506,0.0243693105719901,0.0259282949803389,0.052491085444872,-0.196937334995106,-0.0648678389866316,0.0266540697460846,-0.14056997573884,0.134048090492137,-0.0723323348625261,0.0372046759390367,0.10176444775404,0.0585643098564017,-0.128692504888749,-0.0980030265582789,0.00608009925973598,-0.121037348989249,0.129731175904119,-0.143136403405084,-0.0199240262181257,0.0591224590909207,0.0891341974104529,-0.0716059906985256,0.0987295842057717,0.0768110344885005,0.0858244693457727,0.00658378832634322,-0.0480970693205288,0.0933820095879613,0.0703820204118573,-0.274350431922014,-0.015261189147934,0.126250515731793,-0.0890478196830109,0.0438497119327801,-0.0629485604682656,-0.00344709190703586,-0.235413745737732,0.0464813300148349,0.0686428494203119,0.15903426042932,-0.0379497698554974,0.13025065673433,0.0770140803716874,0.0201303207840634,0.00303420125941961,0.0262070850687782,0.166297925422246,-0.0283505008379433,0.131733209593086,-0.0942818176024815,-0.108436261082243,0.186259566977502,0.0781052342594302,0.00845895248585078,0.098405290024244,-0.0766180691232095,0.157566369661977,0.0279657110541849,0.0335186444360889,-0.0579048694976567,-0.0535562796925188,-0.0813077774155724,-0.0123846906585756,0.0460022485332206,-0.0187426538700396,-0.155287174843507,0.013767918416074,0.0162129694608972,-0.0338748285857528,-0.00679899799274932,0.16556153775948,0.0173447624179171,-0.0218915500442078,0.129910433434074,0.113499209537284,-0.00607402531612408,-0.0381941620218566,0.092890824632087,-0.0544959153482113,0.0326728879065367,-0.0351040299778341,0.0424374387470559,-0.00889905949876587,-0.00769610795262755,0.0980316708886598,-0.0590105529523744,-0.0377442227076797,0.0381632883089481,0.0421964950285665,0.201539838322303,0.0138316157758297,0.0337929575734998,-0.101870296759848,0.0903605773409028,0.0344932289107194,-0.0247895061317404,0.00775703875425908,0.00337773035196897,0.171912969851387,0.0485568469855889,0.0391739373506068,0.0339714036683837,-0.0438780027657091,0.0480963187454527,-0.0730020174992769,-0.0252821358103114,-0.0259094014128404,0.01992008781031,0.00781680119095439,-0.101609944833123,0.152114830576455,0.00418545508409262,0.144002708457586,-0.0376095115754856,0.138512354594366,0.0518347348944439,-0.100786767106805,-0.220152635934376,0.0590458581182401,0.061988150714648,0.0882807381077137,-0.0236919510332767,-0.0699372313818072,-0.160581990447721,-0.175885055673808,-0.0742528504704413,0.141108704193098,0.114259275108652,-0.115846660677758,0.0295934718938064,0.0610972882616398,-0.121892098161432,0.159432745034027,0.0651164922745248,-0.10643997802324,0.00198714619196762,0.0849976590554149,0.047611343855775,-0.0965301860408231,0.0612610338035383,0.0175764145869036,-0.0521194678475007,0.0999329668580193,0.0559302970973674,0.0983176935161222,-0.148878864183994,-0.103398373345697,0.086812153658999,0.104972836358676,0.0428694387239381,0.167274591061595,0.132803406572144,0.0552585631908404,-0.0146494597945513,0.0401522877621018,0.004538962798518,-0.0620999782797729,0.0430926855802465,-0.0634497857551417,0.0835973083943763,-0.151606752148858,0.0574931250810976,-0.279570443402848,-0.0139073356156686,0.00766167767016138,-0.024934002110141,0.267883029569958,-0.0418006600404906,-0.177153648948528,0.0927576381164187,-0.0585457573016111,-0.134162859542572,0.0295998099469832,-0.0888055663712708,0.071831417682994,-0.018752948075516,0.0834450587633117,-0.0457168123139124,-0.00949147627166502,-0.0207063406941107,0.158274507985594,0.0153467967053983,-0.0564291277745164,0.0170404578886356,0.0566332717292605,-0.189283835208138,-0.00302948375578861,-0.00373841504095699,0.00876577100802206,0.00474025520198578,0.0517020053547128,-0.0392564287201888,0.161524962606408,-0.129588969099643,0.030928270309154,-0.177403390665791,0.0288865828304749,-0.018330641336608,0.205410501136901,0.0135388254224258,0.0373694469452454,0.0574283901710671,0.118990559559897,0.0203196608770469,-0.240221728389339,0.0903169273478824,-0.112257637693893,-0.0439912848944176,0.148917712821687,0.0812842916437383,0.249233423182758,-0.181511815453879,0.0950435704921081,-0.0404544760133882,0.12617284404264,-0.0194788862092764,-0.111445250787802,-0.00110674354674135,-0.171219551956616,-0.0562298938104045,0.100569789659122,-0.11525347597947,-0.00415806564604911,-0.0531010969375998,0.0315600036463491,-0.0686839571494358,0.104881208047572,-0.0632192113047187,0.123527878097994,0.159906035089077,0.0663300633859713,0.0485403675751466,-0.124727180047851,0.0402044941393398,0.139605241081098,0.0807272789302528,0.274413897996796,-0.0388527786931721,0.0631808101446723,0.0563974639993759,0.130737466278835,0.142257416751357,-0.0749288527094963,-0.175351202368909,0.217779546298134,0.0469621921762675,0.0872074749213084,-0.11293974625075,0.110101856677549,0.142083982319523,-0.144687887269629,-0.0311774661080755,-0.00601915612283348,-0.0909090194686981,0.0341807797286096,-0.146429603661675,0.240977726882015,0.10064102209352,-0.124387693323285,0.141278021956714,-0.0192302044313709,-0.00186834783346733,-0.0746509534562618,0.0178060861350373,0.0144397549496586,-0.0017885724673627,0.0382625031710357,-0.105068598817297,-0.174020579889764,0.0199594622082697,-0.00308011608632178,-0.279106816913186,0.0433225985126045,0.0638253018015123,-0.0753377548327812,0.00890771303977438,0.19230020394462,0.00294524446397337,-0.0253333419618346,0.0450375435347303,0.0115087428440227,-0.150213124914125,0.172588722864274,-0.0800642097905313,-0.0663676547002785,0.117432418252428,-0.0660776555640115,-0.0202929282382481,0.0585194989758997,-0.143256745381097,-0.0334432653870628,-0.140521457450046,0.223387369878307,0.00215832865407515,0.0332131707585154,-0.0203717021180519,-0.131465120470187,0.061339662515812,0.00232182989083799,-0.0999056314605996,-0.0917961180267762,0.198100700985911,-0.180371707915066,0.0714461929647249,-0.0657200758004691,0.0368747892569909,-0.0432340496613213,0.0545156156986837,-0.108735197210744,0.0121021452631918,-0.108655189021441,0.0233412276611796,-0.134234076470152,0.00316452585538848,0.00993368563849224,0.082316103267676,0.107703675024252,0.0904534541132669,0.0777296749499139,-0.0645002282373482,-0.00500432900025222,-0.0935099999508948,-0.0390063579916173,0.0541022110601817,-0.109673061936638,-0.0832477142238293,0.0371857287190795,0.00540890244913826,-0.0606598157800429,-0.0586182054791788,0.00654227313314309,0.0111292426812498,-0.0803733280406778,0.031027349217486,-0.00652902631285168,0.172134387196729,-0.120715467082157,0.0664508003298733,0.042476477759394,-0.0498457779372803,-0.0680287134187202,-0.211140902132178,-0.0475814507201948,-0.150185345110881,-0.0149326002354523,0.170773495626684,0.0710825897848728,-0.0409099550320461,0.0607260469256746,0.0683069216625855,-0.148763909723062,-0.0372754272879635,0.146975813822753,-0.0636365469794095,-0.0754391148346373,0.139064103344531,0.209842578896342,-0.0369052108830328,0.0528856709847672,-0.172632515146357,0.0685602807852099,0.0172202209369047,-0.0125545100962783,-0.0989008471967783,-0.039460446931696,-0.00578491206929618,0.079509449461631,-0.116947071697076,0.0494408164118845,0.115684041843783,0.0863723864623361,0.00970148022597673,0.0757017337967392,-0.0106392679956507,-0.000875843267907392,0.0835665268018158,0.291104017122283,0.0162732067169311,-0.00512493705431182,0.0472181392141468,0.0804467473776638,0.0629915527958859,-0.0616103077707889,-0.0443141974370048,0.173825906335696,-0.0345063441862324,-0.0770249585115977,-0.144124410024514,-0.185586355766247,0.182731955089849
-0.0710490343461858,0.123643756928081,0.0593425751493677,0.0676357315671329,-0.265049059696858,0.0910572439591835,-0.0762279831157857,0.200068191063101,-0.0265806555436477,-0.169352100658917,-0.0577069641266175,0.106245526642644,0.186033852431279,0.291247612930952,0.20829905815738,0.187210557863718,-0.0991672332796459,0.0800944885611392,0.0541297898644451,-0.0601110045827269,-0.142279335903742,0.0345929967181046,0.220878703451799,-0.146062906835398,0.084249526047511,0.0604825433885734,-0.0655784848005738,0.175996378395129,0.507170321186332,0.0710439868712401,0.219702856163174,-0.0887907845504358,-0.14798422496342,0.0778984226870698,0.146589726943008,0.122685659864496,0.378400269693703,0.077958066011366,0.0846570292553242,0.182663276804387,0.0422527813983513,0.00914517413008635,-0.119079410507465,-0.031974639456406,0.275674508723692,0.12920114502546,0.493387028081747,0.231768518398414,-0.0643991719931872,0.0568845217673194,0.244741656882856,-0.0526222073178413,0.103341054738061,-0.163164010215769,0.0846320508464882,0.245605508853198,0.105175147397973,0.289954379968111,-0.000111446842627996,0.297417684517774,0.219446316551613,0.213181766466533,0.0888552232108894,-0.14671383555843,0.303821675105353,0.172334025027394,0.0366322546984202,-0.0048052318317697,-0.103362858806095,0.020236493842432,-0.0822428709795001,-0.126795483987306,0.0679870879557031,0.0680154945173849,0.203838432900126,-0.204427953615053,-0.15672070905443,-0.051935667807893,-0.134652166391501,0.0268034855347991,0.149259563496822,0.07322659969943,0.0253285995029107,-0.17949074005828,-0.0635348784123269,-0.00828678749520761,-0.120144908020501,-0.0544526117994982,-0.0893197066055031,-0.0437388589241981,0.202903685538215,0.176081055269607,-0.116668067572912,-0.315463419267897,-0.0753338562940383,-0.184646988480306,-0.156319080676911,-0.265595991300901,-0.0879043849475032,0.0851383698220022,-0.109856207262989,-0.153486887250743,-0.106982154308044,0.01425263092319,-0.0890853439557975,0.127832605790082,0.207620090562115,0.40136341081835,0.217776519066422,-0.0371278825186444,-0.0944414688709935,-0.288742700825543,0.0735380213517149,0.0915367742543438,0.0828947122821802,-0.386888880277614,-0.227818352278955,0.0476754931157691,-0.121056436453331,-0.058182723932044,-0.107208555534845,-0.0415638897062858,-0.0128703127384455,0.0178366347518013,0.0103684756196142,-0.00853392977447837,-0.20797092292055,-0.0682143957440272,0.0989542443495783,-0.128433067357869,0.0295840168447345,-0.0870928486493356,0.142353983888601,-0.11422933326089,0.0459427882726789,-0.179260794204261,0.0262377542248647,0.0408128550895142,-0.0339160784032979,0.0712987602077592,0.189635955846909,0.113355989242207,0.141075707718762,-0.126075830339151,-0.106427925364621,0.0905992369896863,0.0523090871647568,0.0171382890416401,0.0115918037053804,0.11035616204421,-0.0781073802420178,0.0364725179334297,0.130695305730207,0.197156688713809,0.0037000169606679,-0.0281195301687827,-0.00226875112520858,0.0796923909612189,-0.0377631894291495,0.0113832402378966,0.16897645765147,0.109629889642074,0.115710769067171,0.0244584587316067,0.0128614266213111,0.0453246736030268,0.0463016233795278,0.340445410853289,-0.0464457398002331,-0.0572919945805278,-0.140104319861919,-0.282705494809424,0.00864078937640764,-0.151264187830418,-0.186566005012926,0.172750417191078,0.0813790943402373,-0.185628534125945,-0.111140646722699,0.22771932933923,0.0842892703244724,-0.177664844525894,-0.0993687256338354,-0.0372130904702061,0.0276255933883172,0.0387753394330964,0.065593673627685,-0.0742599013239126,-0.395172786001745,-0.159528273153317,-0.148560926817211,-0.0321978407393196,-0.0262390288158454,-0.237810165902466,-0.282157314070418,0.08346542156586,0.0119195241387604,0.230055781060481,-0.117183857841865,0.126229851375918,-0.0959966820596791,-0.00998151220487799,0.213399248131135,-0.0739023653608109,-0.274103972613676,-0.191412751695749,-0.0969229860372936,-0.186330406102817,0.0359647142776349,0.0383865320422493,0.00363772500196481,0.116094478342993,0.488089907011503,0.0356142900984232,0.205767114482011,0.00951158737811238,0.0104478798331892,0.0790596974923848,-0.0677544321821901,0.0355230074105972,0.190811498466072,0.00944356666017629,-0.0987385315146815,0.0385534235303467,0.373276670082325,0.0693696627097881,0.0958328200958374,-0.0266907296928777,0.178399240991899,0.254306497145389,-0.0736026587533109,-0.0968343535575906,0.08363700017317,-0.292665625738549,-0.0800502244897022,0.0627621605394033,0.0831529556520108,0.219276497544366,0.244051030779124,0.233108491658827,0.230788749356461,0.145868593458414,0.111920037653507,-0.266116463173372,-0.0539634543612112,0.0105378566518312,-0.0514875351265136,0.271672095470225,0.0485008430122088,0.0196432646964692,-0.0174905172070495,-0.204981135192378,-0.163009568175703,-0.00019242987152384,-0.0509249909667017,0.351867285151887,0.104580925929526,0.184050571593716,0.124853421309074,0.0964581144238377,0.0172469831374914,0.106444305216092,-0.353705592121304,-0.0395905379423822,0.100033997890172,0.231231545999944,-0.136783305913019,0.0400063947579212,0.199478833256792,0.0505185239951189,0.22796681747069,0.308900469061292,0.0984003978536242,0.148310499540027,-0.13442138664992,-0.124486734321734,-0.0842635693825454,-0.224677674521504,0.0342802123277059,-0.126790311160771,-0.258133217637224,0.0578899882731634,0.0561427826161418,0.212137422074505,0.19419902882125,-0.0693054447877904,-0.0771680779846347,0.106398581890978,0.237485489743698,0.179632589572888,0.156901929954465,-0.091667436113803,-0.116632103839502,-0.188128360588718,-0.165990710765121,-0.206202280862163,0.10064246244578,0.148695859075163,0.14555289865117,-0.0181514384707088,0.0682311527443813,-0.091818504524821,-0.0161635641947164,0.141746753235827,0.0447786072606604,0.347321037530592,0.268767993417207,0.102245894516095,-0.0395198393572598,0.0610963734148631,-0.139176185530445,0.00633344456062886,-0.0603153849120133,-0.231998460209185,0.248860409361879,0.146694698630832,0.0651010977339894,0.159447173661839,-0.0474031989746946,0.00708847026126827,0.061513455674846,-0.0661852899042721,-0.0990712962489103,-0.393044485160943,-0.10165112715799,-0.0355402368878085,-0.0699442706960402,-0.00777580206003211,-0.0604338621731477,0.00465699353877741,0.0832202093754908,-0.0127776161624156,-0.290835171982759,-0.0988911281353272,0.0205413835907499,-0.0378944646640253,-0.0560997359614836,-0.100602660490837,0.260467598902989,-0.130518668466032,-0.263823571444741,-0.145167578522866,0.0860541185803218,0.0993806159505613,-0.157941023767359,-0.0853981251798482,-0.186007821001815,0.0804041508676061,0.238888251781157,-0.214795983232104,0.190421306741543,-0.0460716566039213,0.0378828336892052,0.00867181181839664,-0.26633464713433,-0.456402444169026,-0.186338511803578,0.059859148467191,-0.0972965123792673,-0.0262868397786652,-0.172847708311051,0.0676995514443294,0.273447941593582,0.0622656994525692,0.281297918038379,0.448536846850081,0.146098099776112,0.352380612991479,0.0576909294797219,-0.216531205294925,-0.208312226115865,0.19477541402406,-0.0886780238701984,-0.0762794462283046,-0.245052828028091,0.0139170427515405,0.0616161294360988,0.0988690373975528,0.0762562288510795,0.231382124348488,-0.000841922872717893,0.250487327287831,0.182139364916386,0.454886444388623,0.143948049941925,-0.0745621539657989,0.150539789350148,0.324463676172348,0.214328687032483,-0.0260256411783661,-0.252184960349955,0.303769015003744,-0.0588640928744077,0.217238410134728,0.179685861637123,0.178749060979292,0.176887648339649,0.0944690899432065,0.0582204890158405,-0.0523772811371962,0.196178865616397,0.107025329685828,0.1388652473072,-0.0139319756786736,0.145386258517746,0.0887367735087582,-0.217904604524346,-0.129909077948797,-0.074712773468347,0.0998477824571885,0.195993182778696,0.221074669047006,0.254722911726365,-0.154686597804476,0.0156096742713353,0.021315701170752,0.0474417492969549,0.0923618673452651,-0.105190836604447,-0.0820510580006077,0.00379192631388223,0.135281046349318,-0.313563999222513,-0.0112179919397996,-0.231480992993934,0.0240942376643846,-0.076962612259921,-0.045923325870889,0.0576768104391363,0.186367751191565,-0.0915852374197111,-0.0372436481381161,-0.0831997103265334,0.13292330558444,0.0245482158812825,0.016496767405025,0.084564540949165,-0.125921800878772,0.038166522287792,0.141856595962301,0.0204560365247696,0.238482624683737,0.200018064752558,0.0416434350274,-0.0431356060943105,-0.0846511177575718,-0.101892097592978,-0.050696733917007,0.0503259337483032,-0.115406510602847,0.0795554613433843,0.158833703747081,0.163377126923861,0.295185034487622,-0.0539336952840592,-0.0186977631751897,-0.117438686129883,0.207944446327376,0.209506261892821,0.0423239290386071,0.12183345143602,-0.0305506464321709,-0.0245962811740883,-0.00229204129906573,-0.105944162796406,-0.190091621042322,-0.0857817185665529,0.264370125863733,0.104114698002084,0.15254023688652,-0.00883980236199272,-0.000494080408163358,0.0563135747103388,0.134602484099914,-0.144285272670786,-0.0372588434853936,-0.088004054793938,-0.0696116708860815,-0.278583303290818,-0.0434021662075174,0.00370676609767062,-0.0586022582036897,-0.0137389753147747,0.0952585282996505,0.249033663214629,0.186375918369666,-0.24256691955548,-0.250072729545213,-0.0931805337340336,-0.062110857202358,-0.160017971244809,0.0768022506568897,-0.0153367476433229,-0.104890920190433,-0.141851478648699,-0.154112837670167,0.103555805140106,0.0827171482212856,-0.0503797499526889,-0.0203384182543998,-0.111001849797098,-0.350389621944935,0.0515403173101871,0.160573671470477,-0.0945318171976019,-0.0317785280152424,0.0975953148773974,-0.0437035678582169,-0.145020517866955,0.252434460408865,0.141615657225574,0.00311829631237849,0.0697408469021514,-0.189679890235949,-0.0910942677765625,-0.106824809705164,0.0940594536994469,0.0489185986375226,-0.00330115803213456,0.057280522274747,-0.0483718914970134,-0.115222072842226,0.182323134964348,0.0989741732958706,0.0208634581200229,-0.0185454956287799,-0.0652434792632253,-0.0310960393160151,-0.0211133004584041,-0.0368658629455387,0.0192812965191617,-0.269041100392428,-0.0448596610214667,0.139575287047285,0.0897909677322914,-0.0902036874507188,0.0308844160751908,-0.0940404141538077,0.187207439024726,0.138834419151477,-0.0853510813516947,-0.0216397507986348,-0.237905524968612,-0.119689294385289,0.13146342579868,-0.128432743357573,0.26627759224603,-0.0365700758272979,-0.0778185069374784,0.157306174884136,-0.137489245334178,0.165657752984133,0.326637110077306,0.174720029846858,0.0114810869932871,0.0730974371457724,-0.169086112477559,-0.198661217600989,-0.0493170250209087,0.0991410329035753,0.00194497890074202,0.0233866359539911,0.0264488256196563,0.491301988656953,0.191513884247245,0.0876045142453126,0.102569659961587,-0.0569168045836171,-0.0610206013892401,0.000101180200731396,0.192653157074521,0.083571867249922,-0.104376461300428,-0.131782899639963,0.00743049075616178,-0.220018196999691,-0.208116238745631,-0.176947627925012,-0.156906399873712,0.079562595070003,-0.0634474046524092,-0.0314309911996196,-0.271379218695245,-0.128541993539976,-0.0274017314142291,0.116198718347817,-0.206851473716002,-0.198510367910708,0.160622821046758,-0.0770327624639464,0.0109886062197022,-0.00827372202453584,-0.00310191516335571,0.13796211493435,0.0111114935678657,-0.0671151507539489,0.252997157827098,0.2775420862899,0.24810208796353,0.104258188759431,0.193452671274471,0.0250800275009847,-0.203693362162155,0.00792309561183238,-0.0788540652697977,-0.100940113880542,-0.231883578436791,-0.0773872718518626,-0.0715220241174677,-0.0311679843256933,0.203423608112226,0.180318527477613,-0.25319663320169,-0.0637522362752551,0.170950367099659,0.0588089355322804,-0.132927594385705,-0.221658845916267,-0.0594046764612097,-0.0941393373999629,0.0767471878428605,-0.0198799959441275,-0.175433237606743,-0.0971197908510475,-0.160744775969587,0.0622216005769212,-0.452443246042617,0.128268128526202,0.100002656421952,-0.174145224832305,-0.157667648738355,-0.155170468991164,-0.0242298464865478,-0.410906495744881,-0.00132009337425115,0.257738060359744,0.0641957160561428,-0.19829537554035,-0.0877828018134986,0.267946036474944,0.325631629631624,0.184532088600611,0.284947121303119,0.0486728408876377,-0.0967772936901064,0.189434779824883,-0.0198449212617672,0.0458566896195567,-0.0915838300250393,0.265839726234332,0.316826966097236,-0.237063844888011,0.035307597791375,-0.0629677810284409,0.0469271803506715,0.116184318368601,-0.0146913641646275,-0.142391628030507,0.175620148616705,0.0671438288150222,-0.0898740046344066,0.143943031221465,0.00535924265882983,0.163910991885747,-0.211080078290137,0.125129217709298,0.0379232454268407,0.0401906145262654,0.0166182503575304,-0.0499697056224446,-0.10553459684825,0.212745682676121,-0.326087643509615,-0.120978185176319,-0.0466033811091999,0.0146049823092774,0.103827874728064,0.0880145686247215,0.00907337499559301,-0.0220021129967168,-0.313257226136964,-0.172310545375897,-0.156889354383798,0.0433282613771747,0.0735403223649163,-0.0501086130479702,-0.104412234374802,-0.203493261204663,0.0950451568270143,0.111095342962416,0.122950374706056,-0.117112478522512,-0.190264102819362,-0.253825209855942,-0.0982392214162598,0.0546838431406679,0.0148318857049431,-0.031236635394602,-0.168410730507721,0.135284920720893,-0.0311693553387446,0.187763624402831,-0.177411548630795,0.106694714038744,0.00857907521601969,0.0925413593873104,-0.0322161558910333,-0.0364607470222779,0.0684519130069587,0.419947274379347,0.228163027830658,0.156562903720558,0.0368598736279628,-0.194036445856174,0.0512105057324468,0.0734149511822876,-0.0123459776770214,0.0822883047974346,0.0555725438940693,0.00341438343104294,0.214692091556843,0.137264564102307,0.0714510199319857,0.285962369585141,-0.165005246550195,-0.104738582805988,-0.0764360242147874,0.0191954598057672,0.21530778875631,-0.0287319173169176,0.154660247280721,0.250383225823151,0.0575232144515054,-0.212354155577953,-0.0682138665122961,0.079658563312312,0.021364018934746,0.0888438327217117,0.111186160941443,0.0136724731379221,0.178683334598843,-0.0613363944721015,-0.213075636046954,-0.0813393187246504,-0.169745507702505,-0.2126319850095,0.0483321017708781,-0.0271413545027635,0.173392217468934,0.0677823935738482,-0.0055477284341854,-0.0578829840026689,-0.3663303069886,-0.210103161014736,-0.29586076106264,0.0153867163834074,-0.179428213448391,-0.234785365120592,-0.256424563082127,-0.225540486353306,0.0248236970037637,0.22995625515942,0.318509616515056,0.0923539466870922,-0.123088860550773,0.0994641511894017,-0.0198887532334532,-0.122469520145822
0.25031549526694,0.218976276360142,0.349051283423349,-0.0584789453335752,0.0923906292449258,0.022603580286025,0.23506815562278,0.109941887764438,-0.11288381908559,0.109241776780045,0.256867636946987,0.0821292048154111,-0.368188346383627,-0.132928325588665,-0.371076507696045,-0.195422457133982,0.0384444490585157,0.101759600224535,-0.38558034424248,-0.00236343072644113,0.11559347789783,0.14236103608062,-0.212357725277431,0.105483939887999,-0.250460610094084,-0.210737756442716,-0.197175525202847,-0.128719330387612,-0.491187508592593,-0.189825671242978,-0.457871823239284,0.440083032595999,0.230275616721964,-0.0514187924123177,0.046201104130201,-0.0824111591322543,-0.740726289074184,-0.222454925188296,-0.286823115882396,-0.38933763765604,-0.203697692997043,-0.250648914489053,0.197618079645834,0.0970443099641018,-0.262895388864448,-0.329968369791505,-0.477877805774594,-0.0522897942457323,0.177263038291957,0.0321986775381703,-0.136405087800605,0.172671479890865,-0.0808722039774305,0.168987061561852,-0.377797848389685,-0.58270998905431,-0.401793778912491,-0.570078632943293,-0.256607069226584,-0.425685918127829,-0.204964301524248,-0.0117832063151459,-0.123138075462147,-0.0153598982941137,-0.079947032121634,-0.381296765387682,0.0408031464662809,0.00287963213497948,0.123102319003433,0.0253003161601939,-0.0633826995851489,0.138652751723174,-0.271967925389491,-0.114905431175022,0.139306346855554,0.0945109161439801,-0.0962739760007587,0.0544157753477776,-0.0186470708409012,-0.0621948743973146,-0.0249423220239712,-0.184773565998429,-0.190508957377682,-0.00974463145985188,-0.0555923497877462,0.10728378297588,0.160373990773671,-0.070057380867695,-0.158433632343753,0.0483762098834078,-0.398816889487724,-0.0330764325200779,0.183117137577525,0.289764327359364,-0.0701270058682873,0.207724999992569,0.171212963813434,0.43817677161761,0.205934246081601,-0.0625043989581887,-0.110279894451169,-0.0147883841119883,0.26209516878806,0.0812868710813947,0.161247571382059,-0.035731215002633,-0.247692696248622,-0.529515997211659,-0.26142757502973,-0.255122648114226,0.143837018202351,0.20218215924366,-0.0121529381393004,-0.165288145668987,-0.0237309512241087,0.251276680979879,0.376969139370158,0.129872962938655,0.0779154104900915,0.31748215754684,0.447081414402448,0.118651105248687,-0.0115408077457642,-0.169793013459679,-0.0279032182856191,0.136734745236782,0.133565713285763,0.274961259012171,0.191149659451556,0.00655806051498101,-0.478758559966094,0.0885616762845413,0.0234538654514564,0.14995144535737,-0.0256668070348202,0.171046620315573,-0.0105396394792672,0.0880637856486706,-0.162603731061882,-0.201682530190519,-0.31338867657125,-0.354263902370515,-0.436116996526208,0.0119834076917152,0.342218123940766,-0.16054709863166,-0.0522885700445315,-0.0301684168766224,-0.249977720876574,-0.280696035102579,-0.189571413614098,-0.150249904355361,-0.220258731882433,0.0127486788705781,0.0756692817775225,0.189602050236544,-0.0928072331813142,-0.16844246867435,0.0447537511458681,-0.167641605053526,-0.122782353862896,-0.432816869254112,-0.358199721508552,0.141800446110471,0.0578359524588574,-0.0511990431234326,0.0870311452911455,-0.455209618363203,0.0464899847297802,0.342721062049544,-0.0841203526792556,0.332095191965184,0.262836506450918,0.517962619222061,0.405353211511843,-0.190883693466711,0.0381096996261554,-0.0265955364763019,-0.0853753866635934,-0.204508201062398,0.128805898556027,0.000315210741713395,0.161295702365439,-0.116152471561104,-0.152784861798365,-0.0367087075927217,0.175573991039754,-0.0159164144081245,0.584605542665713,0.305915203268123,0.205618892392455,0.108772462092067,-0.0562128222975961,0.313939344839475,0.199445558740226,-0.175142180811172,0.0789876611869673,-0.0351875196349919,-0.0374878752205244,-0.115001494468562,-0.1579309788919,0.0233035195424315,-0.475159795782935,-0.160860018438651,0.476861584516056,0.208086927867268,0.180978415432153,0.416070569599157,0.0672177000084729,0.0832598184251498,0.0210229058081101,-0.400664207967303,-0.553147755953482,-0.276978001468822,-0.237420486912427,-0.107016519614195,0.0428859918160702,-0.0755668190347872,0.205495089021513,-0.102861783662772,-0.160665256782469,-0.212295906586218,-0.0110274325663007,-0.360137975490479,-0.624309840641661,-0.269201677008172,-0.0610400800561785,0.206156279095987,-0.163222142668295,0.0255455911270766,0.120203780938991,-0.0660253792319793,-0.00055335227226341,0.5859825886153,0.412026060434022,-0.0937076203728811,-0.0962014807627969,-0.446548515814243,-0.648476863162349,-0.499658170113396,-0.333525005501789,-0.307771420330517,-0.104886234788139,0.210943637939733,0.272170156589131,0.263505239844844,0.45244465808706,-0.0873677961126943,-0.176617705364913,0.0192976603407773,-0.00818050977952302,0.227534285580424,0.28764887041025,-0.137105275716609,0.040065319647764,-0.138804244974748,-0.395109271148727,-0.270551457019163,-0.398302664546188,-0.128970836693612,0.123833842288857,0.130334756726532,0.21862786620333,0.203888002425449,-0.0352599270723096,0.110196784893102,0.0680240480662132,0.0586281454567834,-0.19687961055236,-0.000517228081814054,-0.674874466558032,-0.476271424191093,-0.283270566587612,-0.339814169978593,-0.138496978563293,0.0607156051627468,0.0295207604489087,0.345536597000431,0.0881727852580808,0.455643327990251,0.402999303802255,0.142062982479712,0.00413535748356095,-0.235994324691547,-0.163029987521616,-0.0507631617541316,0.171040478974936,0.00288502471222605,-0.204366925289722,-0.271913775986532,-0.228480618269097,0.244108454275943,0.263936350138905,0.314021117339068,0.191304374799128,0.259425525979837,-0.214521881058993,-0.260311367153474,0.024944441270874,-0.0262549833045568,-0.0402887502524757,0.0276757929688615,-0.249939920559189,-0.33776245622629,-0.121139251591282,-0.385017364204311,-0.318220423526438,-0.477911953980823,-0.0145465491545087,-0.319446199490602,-0.224768378602115,0.0293792768336342,-0.0723216265779763,0.284794253273804,-0.258454832962613,-0.108657907712563,-0.299725782014563,0.133313060572907,-0.104930128599842,-0.0583921265829431,-0.00563557831826592,0.123609102366259,0.254704356414615,0.38996753967527,0.243324890910618,-0.0135895865879382,0.00926494957262845,0.0534752928889313,0.00296171776788661,0.1800666253815,0.121055726006461,-0.0591739707716632,0.306810570958415,-0.0798592169003887,-0.325095958449769,0.0121780821398174,-0.208187691067431,-0.505363724753774,-0.0178329551218777,0.190169092229199,0.139010742349567,-0.0348139703006126,-0.0793757936184347,0.00642734661146838,0.106956335711725,0.25124175470401,0.076381233136995,-0.0263398022290321,-0.371704977434836,0.0510549621829115,0.0566830861409235,-0.175469074874676,0.0706968682603736,0.0949089059353429,0.463684344778491,0.316628531486289,0.43890731421593,-0.123188218273288,0.235906534039568,0.062901314367668,0.166984946359308,0.285571823968865,-0.331052740984566,-0.243860929306109,0.0638122597902339,-0.34943804730759,-0.0804793785994868,-0.304336476050127,-0.117995203399764,0.277738926430701,-0.177645988880961,-0.424824992911173,-0.0865357478902495,0.532033557030181,0.160462899284261,0.0545163864154718,-0.27164920527619,0.210317499946921,0.0507269028793201,-0.247593130108608,-0.134119314909035,-0.382084222302347,-0.219650283705785,-0.466962093963163,-0.479799527346743,0.160275551193558,0.0638153228543262,-0.214421464800206,0.0555567954611722,0.0190031747715034,-0.0376400326601666,-0.320714988670854,-0.233232740179446,-0.250204473653733,-0.235321076297041,-0.394951065972707,-0.492592931329283,-0.114480143604158,-0.0300703904711845,-0.197746531202021,-0.077902155109854,-0.150041927521987,0.0288752374825816,-0.17376653123378,-0.28049655717809,-0.0687532221967625,0.0784398354583615,0.0945456771461105,0.188427135960062,-0.300294395372139,-0.524372695376805,-0.309316461428561,0.0748034978151769,0.211565576438113,-0.0793622988401879,-0.10746521413093,-0.196027080500631,-0.321961632209864,-0.0662157754058363,0.104433651327425,0.246238875627143,-0.0351660949689687,0.325415987077719,-0.20231264720112,-0.0313088157199177,0.164954636890868,0.119215095435673,0.1129271157162,0.487552276973786,0.00625648891606552,0.0261849727169935,0.128260751648243,-0.0235125233541146,-0.0451680874241434,-0.124568772348114,-0.171823801761474,-0.0966030272760254,-0.111523467789813,0.0632833347597704,-0.364960890936391,-0.251422830741645,-0.220844304025869,-0.220807887382138,-0.107323686791221,0.0313782221850381,0.118180807850878,0.26339721709841,0.0798808183861688,0.116585431387885,0.0425037248128964,-0.223474954876332,-0.433145928783695,-0.225105868690561,-0.0246453978871951,0.0693342295071001,0.163306979647023,0.0623868352710578,-0.0641215513253999,0.0335940975418121,-0.165599049618541,-0.286813488115573,0.0412625419718237,0.0267967030335367,0.0774978596589129,0.205378483545354,0.422641191414346,0.0198405707648995,-0.0440081202148317,-0.312451285627196,-0.265624345439361,-0.00235378604856426,-0.154114179991232,-0.0860347187825814,-0.000812260381264427,0.165213059141465,-0.197769561068746,-0.0132417814818797,0.0934135369319095,0.205316057955021,0.175909556330001,-0.372458810053788,0.052597911091355,-0.228714161154008,-0.10383296406651,-0.27105105641671,-0.591157423396853,0.527663755839724,0.318139275220408,0.157346027926299,0.0473670627681116,0.449405189461529,0.327192152577059,0.0522981374384864,0.237671005071889,0.135353861786698,0.117703478802696,0.464518183053723,0.469958661970897,-0.0994545063239872,-0.0319163200076015,-0.055442403947122,0.573805304337224,-0.0884492882681494,0.0867244682493772,0.247278367619257,0.165830996683174,-0.180307370980296,0.358952680486302,-0.00560788797039762,-0.496321160388092,-0.601500587215017,7.29552261021296e-05,-0.310588013208819,0.0427947493870446,-0.00189737369494972,-0.0146508093832014,-0.0498804390151376,-0.20632860348316,0.221610706539834,-0.0412670424933458,0.109930993259402,-0.154769918019348,-0.473449856223787,-0.336537936147973,-0.256615306902171,-0.0558733377886291,0.264311842970583,0.00649704478962903,-0.00731198552414662,0.146533693468014,-0.151475380492261,0.584846853337684,0.305828256708053,-0.162101262261994,-0.157739344883816,0.261927094318998,-0.134020394677656,0.10608526383769,-0.260603934876478,-0.322920510369851,-0.128083892395049,-0.108068948844422,0.163991777197882,-0.0601769583289272,-0.195689627023893,-0.347816231308784,-0.326087826344391,-0.372228775811553,0.174960142184534,-0.0975391982343222,-0.0822145755988621,-0.580147047471882,-0.455506089848197,-0.258085384091701,-0.408820626135695,-0.231719885893252,0.0944248899905277,0.0234773525760565,0.135353200870495,0.000942262645225855,-0.271548156713263,-0.148406856891393,0.0543404863443853,-0.790839669333569,-0.512947891785715,-0.092311047168043,0.078990705016573,-0.143834632371938,0.285661715988832,-0.0627642969468174,0.223516945971922,-0.122162306480128,0.270311088868584,-0.165463121734632,-0.107228214410587,0.621027702547,0.233547342403112,-0.00804436623723923,0.0160932150628002,-0.38889040176924,0.0135478143292866,0.292711768402264,0.281879634232717,0.142493819557109,0.0915433494532423,-0.00682749843460471,0.228881852667506,0.351184234000773,-0.271430354552173,-0.13091372298262,0.0468610089815066,0.0837835398514079,0.164593404844186,-0.194163177361891,0.11904587861067,-0.193018872349993,-0.267433755310323,-0.215282493821717,-0.473165874207804,-0.306375588781275,-0.241127532543694,0.100449965843476,0.0156510418741101,0.404751483627788,0.192886273012637,0.204312953842456,0.139358334184182,0.0883896509098537,-0.0437269163664812,-0.127378713387455,-0.514508523959062,-0.281529408879197,0.183190118835744,0.0614498396973132,-0.0107845428059949,0.0315436133445129,0.482521081731962,0.460913028527725,-0.0434957320687179,0.0266374125257159,0.244882181670729,0.0381037656541759,0.293084010878969,-0.0156120763846563,0.256623999226848,-0.234103315154268,0.156882543767074,-0.336833225417615,-0.199883101139436,-0.09944162623898,-0.0409433246917256,0.0565879025610591,0.357620593510117,0.602671824337819,0.21127431505474,-0.269430460816715,-0.000780371894987548,0.210233858509586,0.041011652723027,-0.39756688987412,-0.396113589384144,-0.148443391975238,-0.107055657503853,-0.320851039213776,0.100919980526451,-0.181319762617677,0.109474127250881,0.136162581550251,-0.0936912490554733,-0.572744484340055,-0.516290443342074,-0.0508070407951221,0.133215027309014,0.196321911182099,-0.151098633694712,-0.167264603499227,0.0596140701348523,0.26291626167823,-0.1860143469183,-0.134056513188808,-0.350859669944467,-0.687036435408622,-0.0579059404242131,-0.0287523709442416,0.175139316585909,-0.0289747409056192,-0.15122741887193,0.0281241577805009,-0.017818024789451,0.163093923240017,0.15679983600926,-0.195032004693886,0.347586073455088,0.251146056924999,-0.0068714168412961,0.144276903579639,-0.0305705117356581,-0.0311196694822684,0.132408541665055,0.158077359625863,0.324606833309033,0.505393082810597,0.306430161987521,0.0389527401236167,0.17751651497226,0.0531855649127713,0.109380803608782,0.060359140533971,-0.131896701731795,0.0694327761893962,-0.0843178457605054,0.17263166622585,0.156426585466277,0.326774431421983,0.0836734441657951,-0.0941794559478672,0.21442391942716,0.262753203391352,0.12155348958766,-0.308702245326931,-0.0546800644188556,-0.422448528600817,0.12572523076363,0.344504963223554,-0.188430987338505,0.141160957499975,0.109409317041041,0.321362881910812,-0.203733495867074,-0.372569606293883,-0.517290692622961,-0.317011248854635,0.0152820740659966,0.220556291314607,-0.0878485978350894,0.0735209918842511,0.187340973715085,0.228728744781846,0.224130330741094,-0.135747371840731,-0.340521254125987,-0.364891837460193,-0.416119664135767,-0.166976319692161,0.26883921388094,-0.00847557998303796,0.0414125066648043,-0.10305465559148,-0.35332758077521,-0.210714232260415,-0.403389128670652,-0.271437113796717,0.012291104136665,0.442536074923642,0.0167109968465666,0.0385319360465738,0.0252525981907078,0.178510766516726,0.0936787839005397,0.0184195048060076,-0.200282432852562,0.11356327004188,0.285887650321218,0.0979809460577894,-0.00650533656118385,0.496434022540992,0.046217866261349,-0.132252581394613,-0.181824133362049,-0.235594768673821,0.0182228101456664,0.186158694953205,0.58590150120792,0.277341330895457,0.530892902046341,-0.0708905403114738,0.416280661978591,0.506465294781132,0.31833681327547,0.339758341115699,-0.205517782946884,-0.217507784292868,-0.35726801158721,0.158570507152173,0.223030351628398,0.255138328687167,0.126839873587305,0.10968799590981
0.274854404393324,0.0577387219965234,0.205055113476153,0.0631450846064688,0.101244513466792,0.0586595713694751,0.211824226051591,0.155422949919519,-0.13775792466824,0.0452505835306398,0.0225956550465759,0.164001684387493,-0.20558328781549,-0.253628882683991,-0.303096973503605,-0.152029093441066,0.123914347919293,-0.161367798440577,-0.245565620057305,-0.0543187061571791,-0.0594020525018492,0.0547605986799643,-0.0206365649900919,-0.155670091682141,-0.191577417211261,-0.37584001389092,-0.178800660001126,-0.175100663285774,-0.542641262889171,-0.215034681204813,-0.337103423160597,0.402460323903963,0.162932674380499,-0.109202908951022,0.0882919845533315,-0.0111452313071773,-0.463541781351074,-0.452038660617658,-0.241964605673399,-0.280775278464237,-0.153922731785606,-0.165509007522551,0.111253931967646,-0.0347725974025823,-0.213441773045175,-0.0621289390648623,-0.410819807650887,-0.147367923843834,-0.0580625727862233,0.169137972942772,-0.271515264993841,0.0472841365789184,-0.128210586615938,-0.148592375499302,-0.266904491078649,-0.397877328160826,-0.214324344451501,-0.276412589131918,-0.0892633331719708,0.092941040421427,-0.362409147713818,-0.13988047865725,-0.132624699039318,-0.141396535249277,-0.190408644754068,-0.217599562686034,0.110194131827682,0.109100709997417,-0.15948896048604,0.0644891040317853,0.10057860540349,0.139838470302751,-0.243472617813059,0.131688636834186,0.0865957830001227,-0.130776280440481,-0.0236072073316419,0.0357988712747946,-0.163099123555146,-0.131275591329555,-0.0221910634432387,-0.144940803835999,-0.0300369490717898,0.0710008123287074,0.0663266384106238,0.101886866457613,0.138881742644347,0.119395588435387,0.021706521472537,0.242708180238035,-0.440210210949386,-0.00211481902657897,0.137442096847282,0.293336956358648,-0.025970211018397,0.258385201088647,-0.165162771721737,0.132818651206943,0.137646633567475,-0.206473943494061,-0.0168049816654774,-0.111991436654615,0.19900203197754,0.0120288431301633,-0.117645742120893,-0.196660449563833,-0.191292624793455,-0.355206057137567,-0.175585524146294,-0.171633474106806,0.15114171065597,0.093378951821093,0.00347492952725681,-0.1191435626699,-0.0364228754046306,0.350709925780181,-0.00743525669875403,0.0213813556426678,0.167680170822164,0.41971462946996,0.297589903554955,0.31994420395429,-0.234112391326159,-0.239203559092958,-0.0255663866629931,0.0417144446105645,0.113203379247358,0.0428642677773318,0.0110753082420293,0.126962141991395,-0.544453466114435,-0.111868642299157,-0.0126863967713857,0.13923574797706,-0.0286620564456472,0.00273882564716317,0.0872830066952327,0.0599758692515419,-0.0466548090600475,-0.0656684504240358,-0.145145744330206,-0.525786214174844,-0.313624262947459,0.0784396256897262,0.179067059172143,-0.117896102736263,-0.105603216859866,-0.18125710302383,-0.161335432754688,0.0197773717316237,-0.289836733148545,-0.0358832429581065,-0.209677506686152,0.200451077359965,0.0352278549351522,0.25038079396957,0.0339005594943227,-0.0825265937964147,0.0341247175901865,-0.160117280940604,0.0542093717390754,-0.120128417887524,-0.297483298898138,-0.162933733372471,0.0645505490442913,-0.0501985872165564,0.152199113975623,-0.358401880503603,0.154733904836901,0.258862863312548,0.111783462981579,0.197750752497358,0.372691797127272,-0.0571947877117667,0.259362580006142,-0.117673579502491,0.222313979062596,-0.0228681410879747,-0.0268528627620371,-0.165301745339999,0.0838679831025823,0.0748080288056962,0.184917803800046,-0.0540938465980849,0.023481354727471,0.116367799179627,-0.051065426780644,-0.147022407792672,0.317847870997847,0.189595454713422,0.288040879571773,0.0980366907324476,0.00400307458323927,0.325216761790164,0.182228260966307,-0.0914871825920538,-0.0814568625884053,-0.0194099337396627,0.00177061341746318,0.0105215086827622,-0.179696167426713,-0.0758804260814743,-0.125910762615657,-0.164235682327055,0.286293825073152,0.2226170577696,0.134917461831035,0.00582949052437959,-0.0863671523542934,0.0842610208786035,0.257096180286449,-0.219866823929713,-0.402859784922916,-0.227069566771955,-0.353686279553545,-0.199173295751654,-0.149910082700317,-0.0552932194058784,-0.00168013083307723,0.00321332845727657,-0.12037259090161,-0.0700981764924204,-0.000220444258102183,-0.252371364259016,-0.455330503205649,-0.031662889826795,-0.139453189361765,0.186743303187474,-0.243680191402654,-0.152938278254443,-0.0178225525020364,0.0357556484073533,0.0292066778494907,0.436837556412762,0.0674975916732643,-0.0975558561170826,-0.00356382653997843,-0.314690361568448,-0.429152113043824,-0.384119629861729,-0.176655711682922,-0.0482839469668474,-0.229853571730421,0.0468480346857155,0.192218535950031,0.0966280654305116,0.216460692730964,0.00265439673929414,-0.0458392824635843,-0.167909621035789,0.0461552569252626,0.288637639517721,0.301844416120246,-0.144711919237942,0.0240504456342934,-0.215903534545453,-0.0934126667690772,-0.23391139010516,-0.345916860780148,-0.124685026445638,0.114472722370042,-0.0874745944512532,0.208203966214294,0.136797747237632,0.000932846396278525,-0.0165600094042124,0.0140161007501361,0.157588727085949,-0.129131059738799,-0.0739044690336018,-0.447325335873808,-0.441046136343862,-0.0694514817862654,-0.144745866885312,-0.0981591832490267,-0.0810031366194846,0.0531575709160523,0.172848939823027,0.0430213524754944,0.331107550412376,0.172296277881692,0.0715123194096278,0.132790351732134,-0.101443059831578,-0.119522871202889,0.102278977204787,0.0208938047987424,-0.0309765013852394,-0.16622079566701,-0.436442786966019,-0.335592733873735,0.304397951190362,0.243553793593591,0.230392440905678,0.218557438938087,0.0268624117704131,-0.0331875771524334,-0.0270591655895238,-0.156692153708125,0.0680160000715572,-0.187981021818547,-0.0355408187927835,-0.171293076900051,-0.345234384572693,-0.153688699291182,-0.443901569408775,-0.151386239895845,-0.287762733122995,-0.285423406752166,-0.100373713103461,-0.238716993060102,-0.107810737952581,0.0555012138464633,0.123687170077981,-0.244217803291063,0.0208654409465628,-0.299934795315296,-0.0244067600468715,-0.111164711276463,-0.123214459284739,-0.0940911977687975,0.0322173792696905,0.212186576262706,0.269235178027228,0.418379451985014,0.0853978137185828,0.173760215286506,0.061850306060929,0.0533662972328106,0.0146835145730835,0.0791497412077751,-0.145059774950995,0.24817137367902,0.0204208554728817,-0.0350118590243873,-0.125809913168079,-0.153178869723807,-0.0863039295317303,-0.0952450515543278,0.0733070790057024,0.35873399988557,0.265641465970367,-0.108670875608636,-0.150371069001858,0.000823943489006065,0.0291810282171402,-0.198290335742996,-0.289008964808497,-0.33950566934035,0.125563654633329,-0.0785813854667042,-0.287545284423318,0.0246252534303148,0.247545349191138,0.321008697286357,0.333334157642292,0.48094476463316,-0.196436353452103,-0.185676894345554,0.11438843737402,0.19567803120538,-0.0544693992488677,-0.166300562985963,-0.232248950576571,-0.128170996186259,-0.0351569179826593,-0.138835301037298,-0.113913748345411,-0.17455586054414,0.195422008839889,0.060528617655073,-0.293432131114658,-0.112679855823514,0.100832956672814,0.181964570660866,-0.0347047275872388,-0.188237863774575,0.280811653517454,-0.0204865286174057,-0.0395066083404802,0.0619761004023777,-0.134959777281322,-0.315543544935018,-0.633629770275761,-0.283369525932195,-0.00250906498756462,-0.122492921275877,-0.134459274814569,-0.0437984881747403,0.113592356648794,-0.118550487039478,-0.429904375488777,-0.185624755129232,-0.189812257559015,-0.0607305003386922,-0.454465022483133,-0.434328814453455,0.0424592097208903,0.181766445392215,-0.00662428689834966,-0.100681753432221,-0.177594602500259,0.00358057545072285,-0.0458907000977979,-0.0570443736373837,-0.0514499437327642,0.160661708209644,0.187637507833529,0.0525542430884816,-0.335153049634693,-0.530122081174107,-0.206639983601644,-0.0211776534739763,0.158648762445908,-0.0435411678325469,-0.037189631540027,-0.234100383165614,-0.336132688915811,0.0217028338162634,0.0440220742515979,0.0310853829037537,0.0555236793047543,0.337658780752913,-0.13828970602744,0.0627312922094555,0.257010069262187,0.105454965769147,0.0825514150417933,0.0941069099120981,0.0466459096702384,0.130848815025585,-0.0165333547080395,0.0248144859862313,-0.0483254594627958,0.024107444198801,0.269523719594218,-0.0787590049827497,0.1009128455362,-0.0587137345887212,-0.144772690876355,-0.00599323467422905,-0.303004860828039,-0.389148336655337,-0.202496368070154,0.0455844936895931,0.164224495255839,-0.0386656586006394,0.0463546085900581,-0.149484307471019,-0.0146306452236602,-0.356704561195226,-0.0911736829279535,-0.196609085049788,-0.106875440115879,0.318265436341767,0.194359354506812,0.0888255402793414,0.0976913241143865,-0.105029062921114,-0.307156484599216,-0.15306575362849,-0.051695160830296,0.0664851917915948,0.219983156074773,0.253646081743565,0.389336307747469,0.125064078248543,-0.0281565240306077,-0.440267712560548,-0.194765703634093,-0.210749427317373,-0.0849149332104349,0.0956132520309956,0.0212294298079337,0.260855658734656,-0.260713882951675,0.227650470092751,0.106829388657284,0.192178754390181,0.311735087509132,-0.397183210203043,0.118907507183712,0.060328257993234,-0.17142631292948,-0.134296152808774,-0.424528938877469,0.292284873695406,0.29608115527441,0.254824306819063,-0.0541628123102795,0.022319338198289,0.286624933714183,0.0777663117951888,0.161835898863272,0.10624050969409,0.15086708882144,0.18641729688826,0.209766358778151,-0.225558607076453,-0.00687014903231335,0.122536877894478,0.381078537979409,-0.0124326543896262,0.228412731505988,0.244218026297337,0.184510257654971,-0.240180329894353,0.225321845838328,0.0403264914085783,-0.238842208720118,-0.39922949916683,0.148048250598856,-0.254628906174549,0.079961463947188,-0.153153066778108,0.0485672696716182,0.272453086637779,-0.0475872923263157,0.189307544403402,-0.137184021126127,0.233664828541679,0.166542385224226,-0.188509954531204,-0.195885847764094,-0.07889534803954,-0.0141392385070676,0.269306117011229,0.00435508575535122,0.193556915822546,0.132829766546765,-0.102929236063051,0.429477108255627,0.247673893771903,-0.183057177147209,-0.14189300102813,0.252903206872513,-0.0502490035946857,0.0401705435255517,0.00220258837034884,-0.381089500027473,-0.0844032449709942,-0.144369785922039,0.00172625409997076,0.062125932163832,0.201331562923292,-0.0699826696519074,-0.00799620237727042,-0.227376457772942,-0.0112662256615502,-0.254405589395698,-0.133254930127902,-0.439169887020611,-0.185992477443617,-0.201892202350062,-0.306348036914388,-0.0819854272960778,0.0543472933192245,0.163590765839411,0.0745909870757269,-0.0920206903284487,0.0254725274932957,0.0284048771155959,-0.0468753081708068,-0.408495957194217,-0.250778498786357,-0.102586971174741,0.0791054614609819,-0.0998983196012078,0.0590024583727448,-0.177065981002463,0.101376541066553,-0.0353864104506041,0.155320227585067,0.00248154769384316,-0.101261007614542,0.287180497751198,0.168927182814886,0.10624179100283,-0.0334694812725283,-0.255432315040519,0.0405577146724689,0.24846308678553,0.15148505785718,0.132967992473931,-0.134560106431708,-0.128106765866343,0.119910760263154,0.137352386213652,-0.239492626911386,-0.0974349950946897,-0.239273250343168,-0.0130262650679061,0.1004631650169,-0.136232169871286,0.118794357614992,-0.11660736931127,-0.202645814117969,-0.300754206596831,-0.15705458633347,-0.338354969561113,-0.255130527132016,0.303927240229167,0.151426311740746,0.301543247373826,0.214830013905316,0.102662083842219,0.0785029363100557,-0.0986461092189077,0.0300526646596742,-0.13015231015218,-0.3240218156229,-0.164434102765425,0.316858223024052,0.00162906452868171,-0.0706172061490499,-0.117575212528843,0.321338881730056,0.368399777382265,-0.0298874064279022,0.0417714109919532,0.116015791926414,-0.0679984942507331,0.341683960460853,0.120141275332398,0.316585557215806,-0.109480428071855,0.206688821538617,-0.0559338747522628,-0.162450728866383,0.0722082968383667,0.0488146477063275,0.217185609131872,0.200512283871918,0.30352775581406,0.186001198256103,-0.35269685137649,-0.0517046952734295,0.216171804812949,0.0993404097908968,-0.123495809223687,-0.338882354643373,-0.145444597263413,-0.287456562757432,-0.235025705727105,0.144013383104544,-0.12389111877208,0.131186746475337,0.0898487298117561,0.0293223707127586,-0.597904424671875,-0.119101385069564,0.1572938747305,-0.1898779208979,-0.10135518633959,-0.109903106076592,0.258150098273831,0.0292701829304382,0.155744251104179,-0.235939726497465,-0.138399977280026,-0.064335711362051,-0.177412660293802,0.182410039737698,-0.0410067484664349,0.0326655084787986,0.0837909328901063,-0.153826082605282,0.0975166937438777,-0.277215113966877,0.21927220159894,0.246211454469858,-0.349858875436919,0.280513418680998,0.179408529213554,0.0217005480624192,0.0935955540532027,0.00615029495091773,0.000739655151883276,0.0474665191049992,0.23239300865794,0.273248635937862,0.23588788914252,0.090743139786647,-0.252444414523015,0.0277061886203034,0.130341686316267,0.164523665142513,0.121808962704793,-0.121118609022929,0.0805510860946801,-0.166889844854479,0.245690887374858,0.196849364483369,0.262027332179628,0.318255873394072,-0.152797149830364,0.234092905251727,0.346766133994403,0.0864490990921779,-0.222486569888085,-0.0721329912562248,-0.0883743545165878,0.174869455236887,0.144211601915482,-0.0318396086474073,0.0971787093065415,0.113282616687414,0.33148904942756,-0.153126239896541,-0.352251606929811,-0.337376001483045,-0.310246841767982,-0.0435874404445872,0.26586791770431,0.0111269295353658,0.0172005500699067,0.0314122434498008,0.107091230198652,0.0900327108934008,0.0862599997430876,-0.233409656266945,-0.23542896230449,-0.291393202724933,-0.132768097859632,0.21699851743763,-0.0561996555787471,0.125509586924538,0.0381743945233525,-0.247713628739712,-0.0288648335553776,-0.1024602512128,-0.37464670050887,-0.187233210485833,0.206991493517077,0.067465782248134,-0.280213894673869,0.1040018974332,0.0307025174353096,0.118817488420561,-0.0430284917319577,-0.0528860680420299,-0.0394138098361445,0.326156402164569,0.347871460259358,0.245268770665101,0.226535571037226,0.171007583516506,-0.425511902408621,-0.153640386704544,-0.132530943399455,-0.0575510374516737,0.0881271305694658,0.408291457823156,0.425785418781169,0.340717400070141,-0.0441643335263761,0.205660063296586,0.46988842522258,0.176916799819575,0.156289138537465,-0.176116692341524,-0.359142236705059,-0.291981005735216,-0.129673657778716,-0.0838641089989886,0.103325071847236,-0.025491415789014,0.00466049077247556
-0.617441024082424,-0.250880067498293,-0.33161260278622,0.315820356635668,-0.312286466999472,-0.203309116546866,-0.459909109428682,-0.240495019126684,0.418968047141092,-0.453508251407962,-0.26030157608157,-0.13894030718116,0.390029615955493,0.310215303706757,0.753492045339528,0.378154518868539,-0.154832580976054,-0.00785865307134529,0.74299326462212,-0.146255856819737,-0.223247694807308,0.0438577615945674,0.231544900413035,0.144341914419891,0.330368888029888,0.591833989708011,0.637192366949097,0.40912309746031,1.40449942230849,0.667181787662643,0.674113203980695,-0.821055597765524,-0.638234956268307,0.133088057223338,-0.170803332015863,0.384659586418381,1.0699638046492,0.669662311344136,0.490516343487574,0.386679595960306,0.595641718063381,0.444567812581331,-0.45755157198079,0.171148008544455,0.523284761723588,0.516068271133695,0.920793424401877,0.456793775874147,-0.0640616858178997,-0.109102456341004,0.603569593483066,-0.205022814093316,0.122357083157003,-0.369646103445559,0.729355540574308,0.730336160430109,0.708795638978271,0.758140398270835,0.34614636984742,0.491191934691273,0.961258649181253,0.473760203073897,0.185987092369042,-0.0461437779007807,0.138024486202958,0.815205582400356,0.0960541208159867,0.0276444525978514,0.0281415035142931,-0.167711320073991,-0.0863028150766768,-0.424200687366336,0.674707824932854,0.253436482267721,-0.254280192193114,0.197695639443125,-0.226741769341761,-0.532986578711903,0.282385035587742,0.192290050166971,0.164989392695918,0.678355339148124,0.00880962168604527,-0.250468053046248,-0.232917408592735,-0.16677105858617,-0.60787296609488,-0.2726945906229,0.220795252842286,-0.0470936850568496,1.08897168671701,0.0925206018908399,-0.460018090149471,-0.60209112503335,-0.047139083359273,-0.313112633523167,-0.108752891150261,-0.881900017503726,-0.361011171024712,0.569254066535202,0.135263375693345,0.145564225524996,-0.234712068973536,-0.179614733683249,0.129214789643119,0.714590595099537,0.848297745594721,0.854178751248522,0.218829292244444,0.33719028125677,-0.473207207367884,-0.691632348434029,0.0176712948003255,0.250051511850718,-0.266312896581052,-0.626884136879331,-0.559159894623038,-0.306392167962068,-0.218559398245135,-0.875225792337456,-0.840806710685546,-0.246656597793178,0.460123465092699,0.553136107287212,0.167632155938298,-0.368619187223946,0.144632995945769,-0.386462182717884,-0.22848680811946,0.0325442613739329,1.09325661961918,-0.232876060979044,0.214092849761868,-0.399465016774894,-0.0196831909540717,-0.30298951980359,-0.495943130690466,-0.147909593698861,0.257574136083178,0.479906627635316,0.545866619014717,1.09817550811688,0.916934547439976,-0.0117834750058664,-0.437559854094717,0.186360283323905,0.457963680021831,0.260304319990315,0.303198542680495,0.424866975708939,0.430508006130275,0.264661522935492,0.364005407308416,-0.0207615077618828,-0.147923536811897,-0.285302899317711,-0.017555685101754,0.194396593597097,-0.111005226423663,0.350353751871884,0.127759821402119,0.257826617317831,0.738035908849953,-0.0517064492552236,0.0110778101758539,0.0439918707863987,-0.00204258042882854,0.778641082520929,-0.0587227617488046,-0.728112963796015,-0.102228601586919,-0.971114647135217,-0.493397610415728,-0.634572642348546,-0.967250517568,-0.04485776432608,-0.392615059482978,-0.0057757384991598,-0.0300777134084261,0.203014008033155,-0.397880693562528,-0.222968303467991,-0.189758473568491,0.256137444421997,0.0961829921579928,-0.00935629401583441,-0.24814102490867,0.0859977861323961,-1.05105012366533,-0.608680632123968,-0.850002222958055,-0.0578652465172075,0.0739115101026267,-0.65574298931855,-0.637904115105651,0.440183241630964,0.256141295428679,-0.00729819515696059,-0.233027412703398,0.00143267061119623,0.29001571055284,-0.121741614246962,0.581456191732928,0.123398059702124,-0.815882624202665,-0.240779577199266,-1.00026884734448,-0.636724897809288,-0.185845350368618,0.0708745202824068,-0.378036184700295,0.583398126901012,1.29691562091946,0.698010887915158,0.687913897111062,0.163882210802028,0.0958092543962568,0.488670404526355,-0.14244988770678,-0.0532174866766935,0.547403768012424,0.237608100579474,0.0910322475851381,0.783298424784691,0.966821162128322,-0.0482338544652202,0.400270241050223,-0.5408595746359,0.360861051255609,0.416043064945404,-0.328823504283384,-0.281946189849653,0.144784573463616,-1.26625319457396,-0.313357281511218,0.275131383754073,0.146057034229645,0.37824100475583,1.11100087894317,0.927899068239902,0.509427639535899,0.355738442181352,-0.0253289142383947,-0.378053738247448,-0.750697135786516,-0.262355370837678,-0.913915199516309,0.0919095978111163,0.191452278062508,0.214801537291865,0.219116633610922,-0.673853683861326,-0.543935381435953,0.348661314095211,0.0444361694649585,0.295166274133261,0.610004752424253,0.599738219360729,0.763495429451007,0.431158532302268,-0.250846918020025,-0.304458516644739,-0.876256644404829,-0.56416049986065,0.0817027213497251,-0.0631517196275519,-0.352723376527505,-0.130851792603707,0.441600912174478,-0.115488525452586,1.3118146520728,1.23730613565305,0.652343421255677,0.792061041131632,-0.0309658303480107,-0.0941562315436288,-0.0910015069578964,-0.631215945901587,-0.32160897442011,-0.734483127115234,-0.634767855210793,-0.41511846904862,-0.156476609413061,0.429517716889001,0.37268947906509,0.0088382253487963,-0.480992961867038,-0.00374726634661404,0.423154454754157,0.674058693867684,0.594758356564077,-0.435365092408196,-0.617024807339358,-0.653604342550752,-0.364373509527738,-0.0102603601687785,0.681148115904553,0.154972766136286,0.12112620128178,-0.324463348235214,0.279643313937758,-0.0884004631605993,0.550353086549035,0.879528266922495,0.0147252879131276,1.14352434935726,0.775488695610561,0.70411435861145,-0.0774978648918864,0.420118466685022,0.520278122427032,0.0603792268491447,0.0965670217777984,-0.27553910915125,0.483713509958926,0.412011147332329,0.412443171243097,0.0964618636277693,0.258460356076139,0.00332418471997195,0.0898384715824292,-0.336796550904182,-0.452353658641655,-1.06029023713397,-0.864025369357104,-0.323151946040187,-0.233915326906092,0.000178126448067292,0.106011383053392,-0.22195286249372,-0.259356996884416,0.00642345085580079,-0.595349868839822,0.127433968160379,0.397186913388776,0.142351685046159,0.562233907275704,0.449782586393157,0.345924203019131,-0.0729525991301275,-0.541168229149031,-0.198620302104997,0.290421321393446,0.418914698976209,-0.284014474966443,-0.295299064384026,-0.223964496202418,0.404435914480741,0.794874875895785,-0.125599916253743,-0.0640532212695793,0.528852385504876,-0.139856897903872,-0.451078616338635,-0.926086261753638,-1.10130766132526,-0.888611869705509,0.308876362948945,-0.229962071275701,0.137736589143102,-0.510820036102081,-0.261748296633292,0.886820590865508,0.535563388581382,-0.0581403326368459,0.745709775349469,0.578298625285361,0.637518935291208,0.46674852786292,-0.191098946818693,-0.138195317712673,0.788422428992457,0.120397471967261,-0.401761527884031,-0.440538447440683,0.0502195909885914,0.399498586364164,-0.697506741728707,-0.337703050496036,0.44410734163173,0.377236917047739,0.558466675913248,0.679487357003189,1.0617113530378,0.960954214909758,-0.1234447813845,-0.0667078507796117,0.360581429392599,0.17933964076456,0.0362835036177818,0.00457422732632878,0.676285696395045,0.255804671101257,0.729627188128455,0.304960344335378,1.11214200805635,0.691741323712803,0.0785989375520196,-0.225214356332239,-0.0402600516989353,0.504294824117555,0.414624999005842,-0.23250360070008,0.308517908942672,0.391334366808894,0.173893175187134,-0.680451672719693,-0.237248646773266,-0.0222279798059494,0.758838364102917,1.05229535277256,0.640713502821157,0.121148611211057,-0.320256858787211,0.207214200958952,0.306613508720854,0.128506233138835,0.537480943147404,-0.140927939404877,-0.298985923689967,-0.232026967538207,-0.222042308282009,-0.973264354698522,0.017856486481266,0.0376981844677419,-0.438976002238536,-0.193734690076742,-0.210614475721402,-0.629268034678852,0.0212696194463943,-0.474191059498548,-0.0666928418903068,0.193135088020642,0.241710440383336,0.164184821506283,-0.100591817432161,0.153104497991153,-0.237144955625919,0.0890485131057634,0.924619565796545,0.0642702528635598,0.704298038121347,0.584415530140009,0.287891299061285,-0.0947158159881235,-0.721457435996644,-0.44982831194742,0.0129692868831073,-0.148182043850156,-0.147854905265318,0.857035582120487,0.400625128644386,0.580722445960833,0.191239280614427,-0.00352499567888417,-0.525679045261733,-0.597472921248378,-0.138704952748933,-0.0308606826617298,0.587044979154405,0.249490494035021,-0.349717696924099,0.177588513913189,-0.112177615637356,-0.592949563076621,-0.901597845038336,-0.27264966302862,0.0460675176023316,0.331749248365227,0.45688887082936,0.392506318091401,0.31943636516419,0.246004055168147,-0.0912810928548904,-0.477470398069422,0.195306843500206,-0.663589706436115,-0.349793793265776,-0.256330066977319,-0.370923340946423,0.572827292733253,-0.421558659426274,0.154170629726542,0.440179776129309,0.474549975703828,1.26767861754767,-1.13753204364142,-0.258481869985599,-0.418455756212947,0.13801802399668,-0.62680428407994,-0.626172914316667,-0.286833342000064,-0.64531587201463,-0.396854206744564,-0.181734234162865,-0.268762023231549,-0.555341015777853,0.21525836024604,-0.164780245860638,-0.164070930609899,-1.20373151892244,0.419878081613324,-0.0230741511165162,-0.496463748777374,-0.292981641165829,0.598509000591889,-0.382556971911843,0.338924071869957,0.595757039753262,0.826571660091814,-0.0953806608981355,0.780073116211006,-0.250300464946147,0.277162999499735,-0.0136752186033845,-0.0866061702056207,0.240875042108216,-0.400494846951829,0.033322017480037,-0.34580534153499,0.151729090521942,0.758288970511005,0.541299264624903,0.146224018699137,0.150369977956826,-0.758807411821683,-0.11931485863962,-0.227717677314893,0.12293727546252,0.132778963752605,-1.41889070581855,-0.398038254838767,0.594305478388808,0.328958827255336,-0.559277236056134,0.144057767213376,-0.58739089073035,0.734202250014822,0.545634279694928,0.859416991599109,0.175148174207852,-0.537573238412317,0.0256448018381521,0.0482213133663701,0.536009624876711,0.649369656298133,0.684569396325345,-0.445398805138341,0.668473862475991,0.203703471512553,0.793821382993967,0.762597056412935,0.630982906402433,0.406589168475343,0.0571678410725407,-0.00695399660761076,-0.715624382146822,-0.572553641231911,-0.10808135573146,0.0942815245780091,-0.104483850733163,0.244204652779505,1.44101829814881,1.05921607151928,0.447619686008543,0.120537220080643,0.111342679737367,-0.393433136420358,0.122523110400102,-0.34805338236311,0.116321529204763,-0.528101954070686,-0.0800970816491096,0.565319257673943,-0.9234685752303,-0.878912060851699,-0.503502490530743,-0.0397383774127052,0.435155174174357,0.0500041440457678,-0.508181337749511,-0.560036349789454,-0.111219577698902,-0.191965540337194,0.237815921018316,-0.118594207616105,-0.358693055601806,0.441455433302988,0.0985642596053544,0.0214220251612829,-0.215636097508845,-0.17553264215266,0.326577723012376,-0.0672583160739438,0.293612740439213,0.816242550096602,0.460702327333227,0.749043932152653,0.735662267475667,0.335070189184217,-0.341579318053072,-0.268129308077008,-0.35831634487449,-0.703885855653876,-0.516427431429374,-0.166706715735729,-0.191707314217569,0.067042522071777,0.00986503215719119,0.747225538618248,0.492783623509397,-0.470444249511343,-0.0250376543953364,0.00786991045650959,0.31343479214997,-0.721954244125098,-0.665421006359355,-0.253715619568431,-0.204284017367254,-0.269979646004279,-0.0192573283551574,-0.732094180189712,-0.541464060490482,-0.605381543745366,0.260380734370748,-0.526120062646655,0.47658792625484,0.499742513617267,-0.128349189113802,-0.434076035938153,-0.439375795428117,-0.734723662502111,-0.671504289380623,-0.561276548640978,0.507201232973505,0.0719359302567365,-0.543080014257137,-0.110895188170204,0.996978414338188,0.809098817281873,0.30839065421181,0.240438550953874,0.597176288631792,-0.157735504163043,0.217799643702054,-0.17294048559915,-0.24053670433335,0.0477994957896574,0.995799520651836,0.843288552215091,-0.26136156856721,-0.0792716993061157,-0.337515527590137,0.296669152238715,-0.0706487206304813,-0.319390449905783,0.0792359056580993,0.405846976704875,0.30920536465881,0.674733697662761,1.13772371285887,0.08584831561971,-0.122423213713733,-0.324938228684662,0.0430546776410225,-0.0566543889150327,0.0194802976940417,0.406997032096345,-0.530213232669919,-0.664798779714139,0.355031741046364,-0.529927516413,-0.410209193281128,0.0113917727946197,-0.151613411283019,0.147137779552125,0.130083025955598,-0.3668428892515,-0.358427020491176,-0.670236451312337,-0.752587358477928,-0.717722557444093,0.308177544789631,-0.00778898015042193,-0.262372319056243,-0.210162923569629,-0.233789471350992,0.0117765349479427,-0.054863956211444,0.314730388155109,-0.160484595824836,-0.223992080518346,-0.701774574469499,-0.316625459466797,0.195412686381219,-0.150773232311522,-0.554876940562741,-0.291768570329407,0.409451357240844,0.398482370131632,0.635537088075106,-0.237651351312595,-0.346569516875779,0.240782165794145,-0.158855377918864,-0.195704593905837,-0.531601952772834,0.507210595441038,0.876226026321895,1.08990184812354,0.439766045346676,-0.31702313351113,-0.563826863887462,0.170547869042342,0.209594376435456,-0.263928985101237,-0.289513800567741,-0.592380985478118,-0.0511107653711332,1.03735262274637,0.45033351495864,0.553116920381795,0.275107847563293,-0.89840607688887,-0.145249658548713,0.140891235031392,-0.055022123282243,0.634691101812476,0.174705012541759,0.318052619156872,0.627509698423942,0.589943419765328,-0.842807845460542,-0.3630799937496,0.278765976556162,-0.5035776903769,-0.386080211695789,0.0511416136706313,0.0199103461409305,0.290018343764542,-0.261238364387669,-0.782248136816524,-0.458218725080358,-0.242808892566452,-0.749084780846587,-0.180260663800641,0.774520583576045,0.247798252121856,0.380513948126191,-0.111209137810695,-0.362568742809882,-1.05645012442696,-1.09644477594114,-0.936146263686886,0.153156529213959,-0.899712841530874,-1.13134888935564,-0.606594240330997,-0.729351369071076,0.255746907793734,0.441280343859134,0.43507783363379,-0.0616389214625753,-0.283864948593939,-0.335186427505232,-0.272596923752686,-0.0290616165947869
0.470958337602284,0.153226969990245,0.10481385843426,-0.104938095305123,0.143729201625001,0.0157762476370796,0.194889438355089,0.0906296209819929,-0.0860280439601722,0.299880648796289,0.0382845658235232,0.147941139491866,-0.336652969525448,-0.258696791322256,-0.193808714777397,-0.0198538139910941,-0.0166656604499242,0.116381574869554,-0.3844527801305,-0.0115172019013213,0.29726538371596,0.173592589489442,-0.0455280135292213,-0.164889426275546,-0.236775901108656,-0.244358757040756,-0.175685114475341,-0.257195440390117,-0.680866487675067,-0.154779998862529,-0.308985686664339,0.385765399379319,0.098918299673645,-0.104347636430366,0.0853058509085702,-0.0651290473997362,-0.487566711545917,-0.270892362565101,-0.256085553621852,-0.102921801680755,-0.161096235178494,-0.0173001488009393,0.308301955384684,0.119676856191423,-0.230233658263078,0.0480882545478925,-0.540018366683064,-0.126876090901881,-0.0354764657582369,0.0992002031700004,-0.366142119176071,0.201055184575372,0.15093959676963,0.170167793022903,-0.322973024914637,-0.323477360726567,-0.2786270346716,-0.260222209511784,-0.0969059708138027,-0.181978811231321,-0.238072459141071,-0.239796232911566,-0.296664104237022,-0.0825954306097876,-0.137220448378671,-0.380722127586442,0.0918001492540378,-0.129284024348277,0.113250818389818,0.0867751182829754,-0.18287801441178,0.217378309343391,-0.156341095362498,-0.0235606394996696,-0.043319775564995,-0.00233492197328913,0.122657213743655,0.224652386773495,-0.025969975396759,-0.137081561983954,0.119621767544646,-0.229804794065427,-0.12058706580264,0.206176502378811,0.17992953714763,-0.0149685038130933,0.231893951649619,0.374288807179299,-0.142226804967799,-0.0669056227955478,-0.624225562299156,-0.219440541657864,0.259914742061674,0.407311242243732,0.0483863256787714,0.0869933168124426,0.0277498774340223,0.504062637050007,0.295137392316961,-0.197193421184123,0.0124229924259703,-0.0994890099341351,0.217406817043041,0.12061158092608,-0.00545847184974856,-0.30749598287288,-0.273888415913998,-0.403233680218476,0.0834720665038502,-0.140013402963906,0.209472653763795,0.18589890723697,-0.151855611074421,0.0362026538664105,0.0717711505363868,0.250132388083746,0.249111496140379,-0.0916934910649041,0.127489007167512,0.321191358544734,0.465777467426103,-0.0735407842284891,-0.276304465046686,-0.334994366705226,0.0841770307766959,0.151765559804087,-0.021931496187851,0.284263279681397,0.0309123261818194,0.0431453984294028,-0.591339913000101,0.0272916243352993,0.0303579524045565,0.24686460384936,0.142518756727987,0.0264436007907752,0.309842488428486,0.0895550650193147,-0.0974414643477121,-0.308226595751922,-0.252051949380975,-0.320211690665413,-0.339134051394762,-0.0140673464115844,0.279698987789591,-0.110952548849983,-0.08545029924825,-0.110628927898527,-0.208771354881207,-0.287703920008172,-0.0748982397973478,-0.156187448893853,0.0355042022296191,0.157737591339616,0.0403794634797677,0.189741345543587,-0.0278758626698864,-0.173964395964517,0.101552414253018,-0.10391837162199,-0.0878236019244923,-0.0926094157163171,-0.296709175707592,0.0154523216504979,0.120091619001758,-0.16859423047376,0.00357598870279825,-0.319232763994651,0.0643813630829262,0.158282162241684,0.221855890679864,0.403727358076471,0.101385658182509,0.32517449492132,0.401612884937777,-0.00845444927958656,0.112869742274127,-0.118508996394771,-0.155813116792241,-0.303841474631348,0.15347090358546,0.235881137604301,0.113504579174383,0.0285265250727514,-0.267960010951336,0.219063576603318,0.113618573464531,-0.0868513460275402,0.548177558294929,0.168718108237627,0.341979331741996,0.0761593691419217,-0.0917794162648148,0.385035418233691,0.318618887142736,-0.213131154556995,-0.0371093045536417,0.052458547950048,0.29909922081845,-0.116989269230167,-0.125235852456707,-0.00716275209204542,-0.21268171915608,-0.157960426852008,0.385870417196242,0.120192835552797,0.265933291640948,0.413080395957785,0.0755607623650439,-0.154623879941522,-0.00200706291927073,-0.114635211038059,-0.612246622251864,-0.31743270221608,-0.395280708002195,0.0509067912294482,-0.00294452815221163,0.00954722066313302,-0.088254727905089,0.0152209293625743,-0.213366440290606,0.0396979471429926,0.15048767460155,-0.257744601490188,-0.292065453145532,0.0110164066972114,0.225721733546583,0.332963888258774,-0.199136533561245,-0.0559049833397102,0.136193061618474,0.0346358769010173,0.00831419942176589,0.488505455507326,0.121176179851456,0.0838098640560414,-0.337049351768874,-0.233587057013231,-0.319861266488193,-0.254678613621105,-0.162477451612255,-0.163303882013154,0.0897452452449748,0.0955052244589747,0.426058415626376,0.0364275249076581,0.495244006562936,-0.336725374319481,0.069743885368104,-0.20028126428892,-0.072979218382354,0.101077078549157,0.275048577409486,0.0107923287065449,0.0354500177412234,-0.0200126464267199,-0.207332278636139,-0.197572289785548,-0.455238794625062,-0.349098560206082,0.0461777210679875,-0.0136680304411897,0.356532946736925,0.0732681367462367,0.15621764654948,0.103407278504202,0.128748286925994,0.0488395777442327,-0.383221844132128,-0.0732747488551282,-0.681499021157781,-0.449247902526187,-0.256767519431369,-0.333845751513339,-0.0647028629989168,-0.125155169504414,-0.00119775649086219,0.246525963915798,-0.0511410984934326,0.308861008056028,0.228214267131358,0.282463014667244,0.196388817115511,-0.256539458175253,-0.110420618123567,0.0409436846727637,0.145360604279714,0.100106779074675,-0.148169476064364,-0.308413901394299,-0.202449767271564,0.279432964275828,0.13105860844431,0.294074843853866,0.299688144516068,8.49889770190466e-05,-0.138056493195691,-0.2132342572512,0.0301971731269068,0.0632297146516297,-0.121302143977541,-0.0290516160539388,-0.22504873894338,-0.275373148722458,0.0880643820856964,-0.562689439299838,-0.394713796098094,-0.300486577177775,0.0766820742830997,-0.158100540511069,-0.147218935135541,-0.0578876353990992,-0.00657851275472627,0.153203428243416,-0.324976927858748,0.0324827861000776,-0.329615868495574,-0.107986989275925,-0.193244806931266,0.0182630224538055,-0.110400470850036,0.0700686091261382,0.218190722720907,0.397057833269066,0.301071743724776,0.092853376623755,-0.00109789037413037,-0.166881502144819,0.0312314286949874,-0.107357622742587,0.193518711429958,-0.0523372293401761,0.253761803497077,0.0758327423265492,-0.121459653933919,0.0472735300039246,-0.340871274595054,-0.0602892853715977,-0.129020842615377,0.318784658931439,0.0860788354200878,-0.0293771532522168,-0.0886347801225991,-0.316943672381058,0.0137324246957193,0.192892488499033,0.0514687970318995,-0.146904732954251,-0.183465727194668,0.205381637827989,-0.154889087044537,-0.17352043814997,-0.0610075381145864,0.0635572870924344,0.413679825830432,0.276024981912507,0.351410361403086,0.0185371850135786,0.123559860317926,-0.268851765959129,0.189730858045311,0.0212524018831285,-0.282249022876303,-0.0742003550750156,0.0592478641447603,-0.247339386517506,-0.439577647497709,-0.562719178655831,-0.220820510659614,0.2752693603721,-0.117746984168837,-0.331387728162783,-0.101474931877706,0.420563559802235,0.326151118972473,0.211433324331443,-0.140933633075083,0.249227387573031,-0.00831822296305332,-0.183550176664084,-0.0570948214141177,-0.209857516968925,-0.191215675127799,-0.201630178710287,-0.39528704905094,0.0616642085051568,0.119167527561088,-0.206591658634663,-0.0410238524954841,-0.0312458338897959,-0.0685066519905776,-0.272245515190193,-0.00324574894922595,-0.317832780050529,0.0820777837657727,-0.365252857734154,-0.401444854989241,-0.172062460017683,0.179738407847225,-0.056632605860624,-0.107637287981902,0.0424157509653026,0.0857184318672281,-0.158867006279915,-0.189338584974805,-0.155255009908023,0.442896290888525,0.0819502739008575,0.0513402261212099,-0.365621443937601,-0.523305678678774,-0.387533198796171,-0.0620519547704865,0.171011647550715,-0.114025202212921,-0.287909738730934,-0.223644502929077,-0.123930130335066,-0.0923750844033686,0.0276221522567372,0.0257327685479185,0.109692959278013,0.19719755123598,-0.0151994250650466,0.0240123451599074,0.00980963161049248,-0.00280283522422105,-0.0524208264230089,0.299318707128599,0.012664166738725,0.499688867992255,0.110605593354072,-0.131943075775433,-0.0664564642216316,-0.0478068718015476,-0.148768942952616,-0.137998998163388,0.0279324019955075,-0.0938391551054185,-0.377826911391281,0.00867616403928593,-0.371148961151768,-0.102363722552853,-0.096855242887046,-0.0861123164597616,0.17706514904722,0.234960532981953,-0.0302305006892352,0.0487130783695403,0.156910207629434,-0.332804362124151,-0.140715596948798,0.0194023880636036,0.0274411619674889,0.0820348075566392,0.217654653516192,0.168699044830887,0.174114483110507,-0.0361910213453193,-0.0773589767445114,-0.196603265529763,0.252759969353352,-0.0632297352287219,0.189160030585841,0.270681042386462,0.11654657543513,-0.0555600340627616,-0.0123275743915178,-0.0377818099511374,-0.238834605556502,-0.208432238094932,-0.116859128555809,-0.186687437944543,0.228835299011597,0.337456577042799,0.120746091924476,0.130732013898672,0.260651366355907,0.0742588102006539,0.191458850319014,-0.385007817679489,0.0155532870205812,-0.185054732301813,-0.151083543401576,0.088066499804571,-0.492235465297799,0.28407612594116,0.188403437218322,0.0834647723523302,0.0133549786020431,0.342771757774331,0.3329885569926,0.00086484317923978,0.265851119878054,0.209372600844278,0.264030693567113,0.172453997780914,0.209074713148458,-0.137990266661177,-0.0420395182064409,0.113159149845969,0.370288254849778,-0.145888691057719,-0.0404724683333431,0.271979656127098,-0.048413288774989,-0.261459421780434,0.205713370837305,-0.0430167964044038,-0.290272696749535,-0.187091434572787,0.0182318313761376,-0.232585218062351,0.0295389890987753,-0.0399809825931262,0.0184204843255086,0.0846522077024608,0.0213922827250465,0.101882630286359,0.0347794771849112,0.0727185188890228,0.0227114196583042,-0.413567242922352,-0.207318312576823,0.025164394621153,-0.181257831425322,0.503587173708973,0.0236821475766335,0.0100414077389154,0.0705885922294648,0.0106306826034139,0.410687860797116,0.138040922722945,-0.245404630983738,-0.0545391111431909,0.135295500699031,0.00408073632180129,0.346921978289164,-0.168376335904968,-0.379423654656199,-0.289089203659107,-0.137307972089455,0.111745996096167,-0.0801551852051152,-0.00465608474510903,-0.132706594411338,-0.309718766458392,-0.247216253450441,0.141533293152382,-0.14074164010558,-0.175969927073519,-0.340241604149387,-0.487666990563928,-0.39528555809065,-0.211008990204683,-0.123523344575384,-0.0571190374789528,0.244897149376877,0.138264107020338,0.0801892930244747,-0.189283779729772,-0.0396481801012321,-0.0127796448815942,-0.428996002326351,-0.40290947159153,-0.191798133311091,0.126465231898186,-0.0344627766519804,0.200703350311301,-0.0812190996149395,0.0861830144132744,-0.227897448422326,0.399892077237544,0.117301612356423,-0.146547839518238,0.451151462666925,0.243244868161643,0.234592380909039,-0.111748805769213,-0.0592721978082522,0.0177589590288625,0.315742502438315,0.175581511745029,0.029531471918552,-0.0263367735792524,-0.140216366780223,-0.0249091004797651,0.0975108114932147,-0.13605708156413,0.0827308679440016,-0.114701928485479,0.0717123775169308,0.124900313418803,-0.189275792941192,0.0938697203788954,-0.0691631990768545,-0.433547541405482,-0.303903248939209,-0.273141243204612,-0.231400139331093,-0.16808499483296,-0.00653051896423459,0.0515802007805674,0.37095049702628,0.0988457109830093,0.253442591185398,0.13891800595663,0.480838756860135,-0.126946042249239,-0.0231976339464085,-0.112404230936763,-0.156436055479808,0.191930300647541,-0.0701086162606985,0.050576712918779,-0.047679412338144,0.270320748173141,0.324917629965314,0.178116028972722,0.0901584855336273,0.186770991469442,-0.0359117496517806,0.518819299370006,0.142655236696061,0.182102440636686,-0.243783835187255,0.168770894662747,-0.250946589495539,-0.123491013824835,-0.046139956553278,0.137773201260969,0.245734690525041,0.217873369060706,0.299618723499727,0.188914404729368,-0.332165835363752,-0.0196091565132245,0.218550249539044,0.170776750887071,-0.379867835878876,-0.335201254501078,-0.0946916007006027,0.0379505612521306,-0.21641675443307,0.0626519912865234,0.013927137549933,0.199871754043189,0.0256218675577897,0.000851008013183295,-0.563274953804402,-0.498248182505923,0.169917450942459,0.0516887354999375,0.092028897716799,-0.180962906707429,0.0810855641602167,-0.0941268874897156,0.0738306459398776,0.0428423809469713,-0.182411394170569,-0.120879379779162,-0.481966592172121,0.0125225114559027,0.0524309565155986,0.131288697134448,-0.010531945912371,-0.105794831047925,-0.0106669440403265,-0.110877754137908,0.304349081441908,0.21318796282037,-0.0319011479012208,0.263943192855447,0.169103541530748,-0.0299051959814607,-0.0753357000681602,0.0401235400976376,0.0672225806832829,-0.00668056084452941,0.168848891608921,0.357895320804316,0.320735674133819,0.129990110594358,-0.0639133664265734,0.162498886333718,0.0373878061229496,0.0602134260966986,0.246778317794188,-0.0815629092115928,0.040690465700102,-0.117092122395106,0.116998817278579,0.0291133172371297,0.318931784374422,0.0574916083021575,-0.248816615780148,0.045363180485423,0.246889207409073,-0.00938458481774448,-0.313379506995285,-0.308442088727117,-0.249795881485458,-0.0304408843020727,0.0966988845929268,-0.246194640451178,-0.07132520058123,0.0738664977062706,0.193179352542601,-0.0965225014149788,-0.362797499326045,-0.4038803267915,-0.171015675190538,0.0324356883678217,0.0330880665870093,0.0571849386902857,-0.0162528544097872,0.122384472884692,-0.0264676823112668,-0.00179365165594797,0.0818397825619568,-0.371068092519763,-0.144456891543902,-0.306399628642659,-0.106228010249909,0.296142780845321,-0.110060205703415,0.132505085821143,0.110542071687037,-0.213536602474144,-0.0221657700283843,-0.0685781845448197,-0.216089056693698,-0.197808979404045,0.34651061500466,0.0239900516351414,-0.0845279043525142,0.177881458202938,0.163896097710684,-0.122599198119836,0.172803954034306,-0.351463226802007,0.127965132883494,0.275681836660401,-0.0255082931742041,0.165788521800165,0.277357796810005,0.011054439096111,-0.357512823850253,-0.234234630665962,-0.103759304543437,-0.0779765529591686,0.158577017018061,0.395635646432373,0.392764968252737,0.231576086590976,-0.35260996510265,0.466822010974744,0.31098395751136,-0.048825890525712,0.299110846140411,-0.248612722795916,-0.237425080506144,-0.185267753925405,0.077488392849429,0.0115969568771325,-0.0156415775682381,0.0252131372942338,-0.165955358023816
0.0194413788165701,-0.12836118184515,0.138495174850457,0.0878828877814224,-0.0823025587265938,0.126139353619379,-0.0037651720685915,-0.00814710429003153,0.136864421155383,-0.051470469661313,-0.0272600448808374,0.00396341198293795,0.0866336745176393,-0.287507857068685,-0.12434900726674,0.12740745073488,-0.215762907795455,0.19637204613303,-0.204180165899208,0.137246184877369,0.212716812744691,0.0313250835923005,-0.0518414919293819,-0.229540549257327,-0.0408888645921949,-0.109322277165332,-0.150777377164241,-0.174454334918423,0.0248707241383982,-0.0179250103414597,0.0782522536984533,0.00183756888633728,-0.0838353878509807,0.0705089801610051,0.0727868385770483,0.0040116874597787,-0.0771333531046665,-0.163673674996794,-0.135269571322366,-0.135726998484664,-0.052809156619033,0.0267623429368903,0.115307696025684,-0.0445656564461393,-0.0129439346938971,-0.0233607080061827,-0.0907046293496669,-0.0671054454168317,0.0560644251372949,-0.0697068234644408,0.0708760277461949,-0.0693329744769471,-0.237139940852059,0.0791823035046916,-0.130206665996778,-0.00857779090957243,-0.210103648236138,-0.013315546827553,-0.00635008601653787,-0.197596161214194,-0.0465589958892349,-0.0306741481098596,-0.0109821755782467,-0.135759957350733,0.00661524935518313,0.0351633232414304,-0.00871571987919118,-0.030443457108459,0.123137130130857,0.0227944005459043,-0.034064555469484,0.114518324381094,0.0285915759034851,0.109299254007333,0.133974112264163,0.118126932623515,0.224052641631036,-0.118674786973563,-0.0885402835583976,0.143710532020906,-0.0389191203563582,-0.0852716943222931,0.0186380690705652,-0.0919252488926382,0.0435593229908439,-0.114780335205398,0.15270611881435,-0.119676307317569,-0.0749975463486966,-0.105069823011782,-0.0555874667822825,-0.0704181029733267,-0.0703325372169094,0.0521437421623806,0.0931860074131694,0.125568446843051,0.000778864493281196,0.0141940411907109,-0.0339698363306166,0.0296426565985685,0.225442915425891,0.144816811163497,0.0174215896686822,-0.0597888949803916,0.051810232407119,-0.0745873579216326,-0.141085066436679,-0.136998507702915,0.064971282968858,0.0219067349316843,-0.0409804428529286,0.0362976544547647,0.0975145883593699,-0.169870881403672,-0.0479605845064649,0.0633632441093648,0.175215151020457,-0.00643428674812804,0.139585638480613,0.0737363443341064,0.115579229107014,-0.0276348680722741,-0.0262746522047394,-0.121598978956955,-0.189911736405039,-0.0459884868253018,-0.00670318708046029,0.133149182633528,-0.0147745353387013,0.00452453294147367,-0.147882205036167,0.130026357683357,0.0113591156612132,-0.0328438360299766,0.175371204602088,0.167062044570024,0.039458548174128,-0.0504054557709637,-0.0215069101645101,-0.130946413442929,0.157959722856738,-0.0567295381829364,0.013831323577255,0.0226890891754905,0.0445696797678675,-0.0362646673621234,-0.108741893920077,-0.00174423549656773,-0.0948735297689169,0.130936350566969,-0.0438358213518508,-0.152654485568449,-0.109303401833629,0.107306183904648,0.0206858588887306,0.0826451070243642,0.0496793622417541,0.000150293157952073,-0.0922751996400476,-0.155051565610141,-0.0571422454399919,-0.113414547506078,0.156684087843301,0.0847743138843322,-0.155537252434911,0.0727167143773922,-0.062037644932057,-0.12417204097353,-0.0886366921988421,0.0271672546828929,0.130849102596623,-0.153389889650603,0.0313435897346756,0.198226244851612,0.212939818592515,-0.0774464265531111,0.209552259789559,0.0194754669692211,0.0740281843016067,-0.085748681178007,0.158168132894884,-0.0934058057200867,-0.164413493838313,-0.0868914888932658,-0.0172097082020502,0.116881158836313,0.170195975357885,-0.0195140155991144,0.0479858697076851,0.117143197028612,0.135928719907764,0.242242973687829,0.106152838587343,0.0832718996565933,0.0476905614301253,-0.0305523778043489,-0.0153198859783665,0.0553849863634194,0.0878972679255335,0.0370547084454229,-0.0347449719091773,0.0611856157841293,-0.0281083793761766,0.0267263735047248,0.135512684947537,-0.0756445314951463,0.139486352100565,0.0187296996435198,0.125877523340305,-0.0119797561160595,0.111091944248428,0.0907473439269791,-0.0478708105496231,0.0205770804272154,-0.0335312854451956,-0.0226014232901287,0.0122130783709155,0.190971065963851,0.0275465224233447,0.14467040210297,-0.0392968192292734,-0.307904005837069,-0.112194728971957,-0.0942939101203876,0.0180821756989584,0.092965780122742,-0.0346728086545205,0.0945930904059062,0.135796462574852,0.0737350538801547,-0.0646623113599895,0.110219585162359,0.0127846078710296,0.0831088871974329,-0.00449651884843177,-0.107968242861414,-0.104757739149741,-0.0586451230992512,-0.0724565117664784,-0.0823503965701189,0.0973177041020611,0.0213736151587406,0.118440963708724,-0.108882490543889,0.285916874946696,-0.0146239784747843,0.0146823188034157,-0.193629893811382,0.0457239286232661,0.0433790319652002,0.00197760547758026,0.103000420050168,0.0175195381227084,-0.030202159460569,-0.00864747566476065,-0.00316237280395983,0.0593072973786296,-0.0668768682355244,-0.0498151415497422,0.0332995552637728,-0.115242348235373,-0.0127580593820007,0.210109137879058,0.0807532675503729,-0.0173691667469454,-0.0889592220895991,0.0334226068898813,0.103034785385343,0.0885581948304428,-0.000798702207354314,-0.239135021351211,-0.0619954757655344,-0.0746020810676439,0.020660507277871,0.0786283771452859,-0.0566439838129791,-0.074058593961639,0.0011053860414553,0.0193889338137989,-0.00603632803942726,-0.0747640358901046,0.0113623018980405,-0.0515405870540317,0.200415656824579,-0.0388786450102407,-0.113331533349496,0.00283492422188746,-0.169299316586999,0.00252588225733964,-0.017166770227638,0.0438672342987868,0.0928366942778921,0.0992308158153038,0.00878046364950513,0.0400760867123266,0.0656454396193297,-0.0901559182591998,-0.0546133999514656,0.0327602695942199,0.0615261346310859,0.102747870905001,0.0534559861691809,0.0207905249700592,-0.0944478748485794,0.112444173845729,-0.0171900214339214,-0.025227417032351,-0.0745052165547812,0.0374650173131758,-0.0215254721596221,-0.00423693063918744,0.0211495497338354,0.107559856989224,-0.0364996143595868,-0.0303647265947631,-0.0267642067192542,0.0651395083006389,0.215158335870172,0.00694069520535806,-0.0161099525182285,-0.144878825993376,0.0859108065555601,0.108166091007462,-0.0154403996836355,0.0421241317992679,0.0374438486477402,0.0597902336411119,-0.109045969831349,-0.0100937804572504,0.00572551232025371,0.141468349003042,-0.0312602343239765,0.111904456427469,0.196006353419442,-0.0301391425777553,-0.104943862471783,0.0432190389247595,-0.0206472437271789,-0.0282322749148913,-0.104476360131099,0.0374324397684384,-0.0287074193917635,-0.0791327191530899,0.0115639021183142,-0.0591552407704629,-0.128206160303895,0.0259020780680337,0.118814095473368,-0.106300322117934,-0.0401701918894272,0.0499797081396724,0.162115872108351,-0.0634157959433454,0.0752386031864184,0.106369763710066,0.135563492577288,0.0599361036605338,0.0997882570593178,-0.0300390475492498,0.0422954036568034,0.0850521044930357,0.0495051245971003,0.0675622999482239,-0.100337521012956,0.104391681211714,-0.146230266763265,-0.053167411536067,-0.0261672000093691,-0.0152912634169977,0.0454492872856735,0.0626867048297275,0.157608791379241,-0.00292572513458612,0.13364684457035,-0.0170652331565148,0.0458040754374438,-0.025459400577511,0.307537755451244,0.106791138144968,-0.0750423361689204,0.0215736621103083,-0.150355061071949,0.07832034388352,-0.157873270866935,-0.0176145318824426,0.0250288437993952,0.127914977259662,0.114184816213236,-0.0388782673631806,0.196944488183091,-0.0275366717107745,-0.036159837167528,-0.13680060929649,-0.00626167269664653,-0.12250480215723,-0.0688104303812276,0.0184291954431754,-0.136537316105728,-0.0965405916256669,-0.0665979032670586,-0.167479925539213,0.193037647568271,0.00411326808202638,-0.0401211806220247,-0.0834894573676956,-0.237399682225696,0.0836230571532436,0.0129944656210134,0.126033717512307,0.0215711889222083,-0.0296001524278327,-0.103908687106134,-0.0491727511903885,0.121742737093686,-0.185308031323959,-0.0589045257704607,-0.052266023039539,-0.0344597652143539,-0.146102859341956,0.046538184562899,0.0383677909683814,0.0159918539307502,0.160133881588892,-0.0436254864163578,0.118002275587003,0.0360789086431037,0.124739519806769,-0.0263578323048884,0.229073699726615,0.029376343597821,-0.0687643694381246,0.050086690308054,-0.121509737609437,-0.0430890339448236,0.12501778914022,-0.0653661418601021,0.0726797389762748,0.0580923162046229,-0.106696509042826,-0.195681733253948,-0.112713974472519,-0.22703553611901,-0.0558019449571443,0.000659965590786859,0.036683395053974,0.115965313194875,-0.198992555959167,-0.0159644790481897,-0.0769060254489965,0.218327859957991,-0.0829951873453955,0.211529661652306,-0.0760832722982201,-0.0771707443405515,0.0717598018498227,0.176535152143837,0.151106923003964,-0.0146666777894559,0.0790542233213552,0.0084393773115255,-0.16230637408636,-0.0676863560509285,0.0288045039224601,0.0253304209630321,-0.0645115328679596,0.0875283067219089,0.047304489184362,0.134188961972002,-0.00952348318598421,0.105000947874542,0.0391183663668897,-0.00910167712178938,0.1167354200984,0.071363037303806,-0.0652371094037424,0.0421571005954512,-0.0422183069903815,0.156899426636539,-0.112683127227531,0.164316107461619,-0.000700458677789874,0.234410295261859,-0.163575638274196,0.0224024747154404,0.0816400177543584,-0.0872485254207378,0.105030492750859,0.0801335922141259,0.159879118689473,0.00890558125535658,0.0518471792444171,0.0768781867389563,-0.00102437800630454,0.10475048497571,0.166392983285745,0.0505872588157468,0.0661705350698045,-0.21930701839935,-0.0295320131736117,0.102831688683658,0.0104858749730587,-0.0707477381605948,0.0171304193984714,0.163713938335646,0.111608697889983,0.166890039925569,-0.278732111535122,-0.0697580462956022,-0.0917228681627738,0.0234975034474729,-0.0476625740785406,0.101850406286802,-0.0119709190376176,-0.0253224337742666,0.0571099980338142,0.125190421450621,0.081190463419864,-0.17836057619958,0.00979180654773629,-0.0492402083388792,0.115672060168872,-0.0800671691861817,-0.0908787912287623,0.0711131484386463,0.0397037494329333,-0.064099833899976,0.177752883393854,-0.0321029096564345,0.109202448913304,-0.0024067122253305,-0.0383579824879248,-0.0823321892163459,0.0970680218818896,-0.154207232724286,-0.0554963714937508,0.0366310007496631,0.0639874173201646,0.01548703252958,-0.0189108677962372,-0.108671309346036,-0.336543089053182,-0.0517532582144247,0.0517560851505396,0.0792196830601258,-0.0290230324847753,-0.0647399270750889,-0.116429263564215,-0.064455186815738,-0.00824562618577343,0.0711556405526789,0.0275637366834428,-0.0595525513903345,-0.075072900022103,-0.0319165061817631,-0.200488912542483,0.00652350527143888,-0.0982296381546075,0.0609414744213305,0.130093209860678,0.0252810253482511,-0.0741427916105377,-0.195077103918278,-0.0149770016951585,-0.251259349697025,0.0178043652835473,-0.134734907018628,0.0171170921263294,-0.0256807644633939,0.00143678298152486,0.0759798755041757,-0.00209009317425238,-0.0410110240755173,-0.0454632455039581,-0.0442082115786695,-0.0321937871425437,-0.0536573365090284,0.0762901014153094,0.280449110756799,-0.125182378374668,0.0163603752609292,-0.118375250284056,0.183304310292449,0.0409469396186391,-0.116675716785215,0.0491772475490625,0.184042797464583,0.0376467171381441,-0.0358392094916667,0.0618151119568861,-0.0541515743677398,-0.0520912263396121,0.0427419765415582,0.0709160556025474,0.0174571012255512,0.0181933362702447,-0.0970946637002807,-0.0144636373299757,-0.0204194313363555,0.0559208314378603,-0.0179002583091879,0.131388299245422,0.144455311730112,-0.0451178507800891,0.00414042504421666,0.085178636244427,0.179566633079094,-0.0369994408704231,0.0147957454836373,0.032694393596767,0.0875747485024879,-0.235789668425157,0.0140668565826952,0.228049719217108,-0.0545156630550176,-0.00782500130805305,0.165522855696635,0.178061640812777,0.0824688214343149,0.131706053728464,-0.00412679371521625,0.0953748158887441,-0.0160703847649407,0.151638449809002,0.128542655086824,0.108265873077554,-0.137712803741042,0.139569826789426,0.0493639555269697,-0.0188774260480363,0.0222577639901419,-0.0965017506903802,-0.07221076210948,0.18484122048214,-0.0234974226862173,0.108611409305901,-0.109572940507118,0.10623321376719,0.104122131210008,-0.00167198185158646,-0.276799852577103,0.0333408832006674,0.0520037152426381,-0.0135366893029795,-0.0553539036377896,0.13499991313635,-0.11296694098691,0.0660692001446963,0.0433689204855601,-0.00151725887650144,-0.161066190340485,0.0342799145805448,0.0526712005265488,0.00587670662944729,0.099691490499305,-0.156235167944418,0.0885305332980183,0.0510899662672601,-0.117505858534098,-0.374501913184511,0.0338204444143472,0.0175706803546555,0.00643175025822117,0.191972806690016,0.0611501522570627,-0.0673404050764562,-0.103593140791511,-0.104081095878435,-0.029206951116579,-0.0682644079687044,0.14044479145833,-0.0841179510405395,-0.19295034201538,0.0379468996752344,0.050312163333605,0.0352030413228061,-0.117224614429323,0.03759674772698,0.0292991192777953,0.0300119434343598,-0.0975839793539321,0.0102734734330791,0.171303725123519,0.0419286168497336,-0.10285555087248,0.10342520561263,-0.105474627161483,0.0176703257819028,0.0698327930905218,-0.0237444820218519,-0.00874186214891522,0.0308231567101357,0.128499865263961,0.0581325683767835,-0.12100004663021,-0.0520260078086366,-0.0154591361188602,-0.070249751572465,-0.0812456684432232,0.174096890735392,-0.0981129856775355,0.125250096446471,0.0564417241706753,0.031955422744124,0.249361582286757,0.116420431779405,0.191588681945864,-0.0310231989394003,0.0420197036552353,0.0922213370643464,-0.00569955024042945,0.0750305240327819,-0.142599327385442,0.0977883074658642,0.0449466887471122,0.0233297160276613,0.10363275964739,0.0774444293157417,0.0548707104368923,-0.037593514943785,-0.0741032183955638,-0.171213895192917,-0.107918829717314,0.00711731777051727,0.0733268583762727,-0.0238642648762191,0.0977408390083189,-0.0753347005885571,0.165841670598659,-0.103255809129497,0.00998186253600146,-0.118602664599909,0.0336127023402563,0.0717280892335878,-0.197606171179088,0.0273889882255818,0.261846723146848,-0.0684124178171679,0.0316791407533887,0.0388860277187451,-0.120479064568185,0.00475064780013676,-0.0731102660105949,0.0574647376230671,-0.0341689215026816,0.0735561692261029,0.0797935400576157,0.0361870705793218,-0.140690556807639,-0.0189836322001135,-0.0862832368095405,-0.13656205115881,-0.165030823881798,0.194411843359107,-0.150701368254804,-0.0330179446323315,0.0417611842484373,0.124554152728629,0.304667994988685,0.0737368508024677,0.0793368223325945,0.0946790336919183,0.0526500536648616,-0.144355193436061,0.0131835297399175,0.110418089442191,-0.0922613021484171,-0.0953141867581303,0.0193680748206218
0.179591220067027,0.113001475858982,0.123344485613517,-0.231587527597374,0.164451107616515,0.0196347419675735,0.195670535721358,0.11296792758491,-0.394630162011258,0.221152500862394,0.0725871941979495,0.237058727578177,-0.147732720850179,-0.363601155156754,-0.282829733429839,-0.368532666839246,0.00860855420891729,0.121878766532524,-0.505222702952632,0.217141389340962,0.147435247306888,0.221644312114647,-0.0103943839446817,-0.159167109803395,-0.360523161701088,-0.226124828470321,-0.137626628344366,-0.124913779764362,-0.74156063208109,-0.325853824585506,-0.509302814164699,0.517360005186203,0.370371839007161,-0.0497419005616573,0.228078220326638,-0.375324605372243,-0.716285657756962,-0.488225224756363,-0.343715561433534,-0.467173246393177,-0.162943726961036,-0.228435438024146,0.329632034395955,-0.0771278863603229,-0.311816339422394,-0.402705798555125,-0.664433532412589,-0.364642567936408,0.0673581403158779,0.309255208052028,-0.402642169066855,0.0384964644385732,0.0392565574675265,0.0868084435904009,-0.449641959994525,-0.515377938006437,-0.253627765624683,-0.364302192082655,-0.381856686471275,-0.392055621182996,-0.463856157800674,-0.294281549432899,-0.0668828174483448,-0.138907936991229,-0.282426631248332,-0.592511687797012,-0.107677620332477,-0.091366924943466,0.00759697949747206,0.0356485595551436,0.121905197088656,0.292990911860208,-0.462626378410105,-0.155437376467011,0.0799376240504994,-0.11274244820708,0.00783851001413122,0.243654444200088,-0.0834280128858597,-0.272609878871341,-0.118382670201248,-0.170557754409882,0.0680885417517665,0.140448048439141,0.198117739552273,0.0365089426931196,0.438461224686184,0.319485877666024,-0.157240916875282,-0.0649880775487735,-0.716639713106193,-0.0893106490387164,0.280433180540372,0.393662824087469,0.0548691602570165,0.106212230220253,0.0617812206059682,0.526362234656632,0.310195078034084,-0.293780594172172,-0.135750034413175,-0.157164289827757,0.0256588874538901,0.0664791549968541,-0.0225265907632818,-0.344648846904193,-0.532355839508305,-0.499104579635847,-0.0861487561377356,-0.358332993358005,0.369176975094694,0.205774507582363,-0.011507147224034,-0.0511217003232197,-0.0458873159820873,0.400723154838398,0.388886001940894,0.180417728060175,0.0126335762438751,0.357884253784165,0.625904950292228,0.242272809509982,-0.113089998571495,-0.17215309296948,0.0578362745159036,0.199966452238276,0.145207815507512,0.0858825043937378,0.158640472791014,0.00434545635393668,-0.745393172806398,0.139662989861386,-0.130995930244699,0.0424225749645851,0.097591799980876,0.115283363386762,0.214489277750487,0.149202169035049,0.00816219613610725,-0.378489995060837,-0.351586924298173,-0.794903936349847,-0.461579899199953,0.0134019253849335,0.181558135024944,-0.240553348007232,-0.183112100529695,-0.144129838620236,-0.0350138709074065,-0.277889823547606,-0.146606580484847,-0.181676219379972,-0.237769858905125,0.204035692386162,0.038673555520208,0.440991363753549,0.0535135067904181,-0.225555364502534,-0.00532592785420995,-0.165655031369518,-0.0913979427997653,-0.185989311847187,-0.402906262980114,0.00322605974993016,0.120828765974597,-0.211403510710149,0.128713701485079,-0.417736605684331,0.00486544349962745,0.358508946393506,0.225763655549529,0.590212905332653,0.219762451238316,0.555549279074302,0.666116970621883,-0.115288838997165,0.198124372042193,0.0184004498650639,-0.134555823026647,-0.355295317439637,0.179442256915034,0.272436024082162,0.0626618709070321,-0.165460901178857,-0.229129797744907,-0.0673090630994907,0.114710961200203,-0.00746610619765504,0.694036131373096,0.415450578130247,0.467024511588191,0.136388217228954,0.0707047377193064,0.521200905385838,0.288200856135736,-0.390603714820834,-0.13022575085197,-0.0815875862495136,0.182990648326356,-0.16957342309482,-0.229961303012213,-0.150323938629465,-0.378471347575385,-0.0346637349346126,0.62243568283864,0.420562025686629,0.304752556661474,0.468890545429993,-0.0546302462361714,-0.187283470805803,0.135340428996434,-0.282428111625018,-0.876784063322374,-0.392040021899613,-0.542433776624637,-0.0701483667126191,0.155927389831937,-0.30228243302883,0.0766535080900832,0.05586932748716,-0.362018224946115,-0.26076285096266,0.0239858398319925,-0.382178181815338,-0.780474934492276,-0.104248516366792,-0.179037843698379,0.465427622345676,-0.223185953282359,-0.234567260622542,0.384885402774249,0.143643711637475,-0.0148147568258256,0.810168129998045,0.121774120634965,-0.114119426077793,-0.161637518254438,-0.37323483989832,-0.646844768835262,-0.615383882946681,-0.296649523031228,-0.213926365311362,-0.0904788342692313,0.246765964275393,0.501731611535997,0.190645003021021,0.662665893769646,-0.0622061012583596,-0.1345878685715,-0.117382355372698,0.0488455584274946,0.263870459727356,0.260544364442913,-0.247739597571294,0.0735763328997246,-0.252634585605472,-0.350181813384852,-0.434570597148475,-0.332512113171359,-0.340595233537878,0.365412757166448,-0.0391025693014588,0.399404939479161,0.115828234890027,-0.149659647728961,0.0336972752933485,-0.109426704909788,0.207419895203388,-0.26456334463074,0.0519379744229096,-0.901410950508163,-0.602239621822647,-0.422600958796821,-0.487480631179662,0.0413227803340571,-0.0737113736006721,0.115016927770133,0.396984793899018,-0.0194341368478643,0.571731215045152,0.545601747192135,0.293521374861811,0.0165880399941478,-0.272156483277528,-0.113897555277177,0.0752563088026584,0.114947457556287,0.0445949515384995,-0.30958613120329,-0.389253278727985,-0.516378143357469,0.36317771144893,0.234700995199596,0.441992249287534,0.28378517179357,0.0106783919452202,-0.321232393613022,-0.118326755539987,-0.04167906447459,0.306857310077808,-0.257862802843137,0.0612642818570345,-0.22280164175528,-0.564661200730026,0.0201824573678282,-0.55996949743111,-0.280282393973505,-0.367967895920831,0.111787128737466,-0.159576873556245,-0.151806322802706,-0.0639171818573822,0.16548461447087,0.103320760943336,-0.331518818683061,-0.299824005782486,-0.281460818699497,-0.0912372236830374,-0.0664683991706957,-0.216352086682501,-0.0587802527223874,0.207201297904189,0.332542960067986,0.51533177045862,0.325377626437133,0.216342336230052,0.0486894931347986,-0.156734041939731,0.0401704588410258,0.0825742565484766,0.163276193400496,-0.0999760870892309,0.234325182321212,0.0932474671291415,-0.151174561539323,-0.00692308661655266,-0.326557603316848,-0.367026291750136,-0.296140860137485,0.196382366092573,0.382107532151888,-0.00427048842175422,-0.121869955110495,-0.319521702671688,0.158384628587797,0.0782110407946426,0.269812427247362,-0.222872058939334,-0.369025378243527,0.170264842419718,0.241008587864834,-0.27427649972982,0.0812821872084721,0.346163301133319,0.580779308571564,0.69148687497828,0.544479830130961,-0.0368455126283512,-0.122268287751289,-0.227856468027853,0.213271596247277,0.25093821873274,-0.54475249592567,-0.261117635899711,0.162728095455084,-0.483523858320395,-0.462046003596378,-0.413841034006043,-0.263521109870471,0.167906910693715,0.0161925633651665,-0.53079721760985,-0.214293655678897,0.375314998972021,0.414175691971372,0.0312428104677596,-0.15431536583238,0.434588287012843,0.298760538195901,-0.183192663169274,-0.0658365421266747,-0.209574775967606,-0.230047672528849,-0.619697969839,-0.60854904661903,-0.110316988463957,0.0376819032164037,-0.117608142994451,-0.0940977383152179,-0.142046264954093,0.121002014509891,-0.424156565740198,-0.484194719288707,-0.410014981227207,-0.283159123690683,-0.581262095085934,-0.490026815146678,-0.295346752249503,0.135413340966169,-0.135696887098672,-0.199620731056672,-0.256706903493569,0.0981510231504333,-0.251138824850199,-0.290038718467566,-0.00622681012680772,0.367169438732495,0.129323858233603,0.204191724720572,-0.335280991169292,-0.728033775857646,-0.49023386459595,-0.234878164244335,0.0224375347534305,0.0514926824363033,-0.122163052673482,-0.0725553891172012,-0.317164445218326,0.143509750706181,0.192131595936186,0.1523634196688,0.113634924606547,0.5054521713283,-0.201393791198086,0.0773329911691886,0.15298443414157,0.265909877802424,0.0457023315531365,0.484644642269332,-0.0453045751213478,0.446715321943513,0.150903208715727,0.0596458054067817,0.0056654766712894,-0.175719305841978,-0.076560536367495,-0.0520736037984044,0.141696205780434,-0.202527587416091,-0.428547838206715,-0.00676500989848634,-0.481202745663761,-0.290115882760127,-0.183757805987693,0.0960528060555309,0.306187861637172,0.12651469272721,0.0070668527466388,0.152883555074814,0.0186346276236805,-0.330114632312042,-0.100519722217635,-0.143543781511242,-0.0630545172449462,0.0455024007556677,0.262275402074508,0.39374539995742,0.0958880919896857,0.04529369917557,-0.363071406105108,-0.246861989130555,0.137386844306264,-0.135854593678451,0.0682266505358295,0.234151424881919,0.468934238931983,-0.0615716325507484,-0.101742928755817,-0.28407542094626,-0.306452882267964,-0.387800797340226,-0.0552352038057704,0.0127375426046547,0.103648087504089,0.135848190117366,-0.204231352941103,0.39678580868435,0.16749388947078,0.233121821280279,0.345360822319267,-0.466731400151984,0.28818682487372,-0.180702125705376,-0.253491637483284,0.00160587218878738,-0.708348495058002,0.687257247376493,0.320343081176066,0.295160616353097,-0.00604245274895516,0.29701915393911,0.37112381293231,0.0997054004095427,0.0685167000989866,0.413975989618682,0.167992989130117,0.126857045672105,0.428587711341064,-0.115987086505249,0.199734548588118,0.231619962020561,0.571900012786657,-0.256320780669416,-0.0347879879716318,0.257175665757626,0.0477680460233371,-0.280434899531934,0.094196569937806,0.0859654676691648,-0.469601575018295,-0.452608731219534,0.0698826984813656,-0.241506038301356,0.104403984492209,-0.155791004763563,-0.0298781460833844,0.346493647061634,-0.207373410599515,0.167888069873536,-0.0347634484808319,0.380934165410516,-0.0356696113669758,-0.486991698254637,-0.388884646123357,-0.234412880953696,-0.134142935569521,0.329271379971869,-0.0494528081323872,0.0416001413862754,0.00452393979777584,0.0839268431587853,0.923374896372918,0.335777826161696,-0.351950042275799,-0.196040303141561,0.373364922591775,-0.0880756772325573,0.10071893929852,-0.416993918614036,-0.334182996886515,-0.57039358105064,-0.116240286600098,0.3586216286133,-0.153458449999545,-0.262496372108451,-0.331951417831286,-0.325681690636708,-0.491561291582784,0.0274239688047099,-0.293360660897276,-0.24255567073736,-0.43959157687762,-0.427759790719145,-0.254360350227043,-0.464841801122898,-0.319610775772505,-0.107794039844314,0.343150127678117,0.14580796983368,0.100644616783624,-0.0564306695619509,-0.0254596382833257,-0.0653269729695657,-0.900729117018043,-0.65189499824228,-0.254991504961214,-0.0142852616594125,-0.140428541143364,0.192540853553154,-0.0482504058145029,-0.0960177119270669,-0.0717634133326847,0.257308588872413,0.181692979725718,-0.297354038971472,0.427236328617234,0.57913003532961,0.324911552717327,-0.107546057259436,-0.183967871973449,0.177862888520666,0.378122162984747,0.4111728269991,-0.0343444246731684,0.0580402730982863,-0.183472249529538,-0.0409827338902023,0.292806547035989,-0.127069657966787,0.0178861045091326,-0.0468690776521966,-0.136199608977523,-0.0511863190177466,-0.302364550155574,0.0289942652094255,-0.289421604524644,-0.565892883068197,-0.405510779991472,-0.452935127763883,-0.446680004904275,-0.274420448530782,0.315891395541063,0.190061663036824,0.168182896679745,0.364857170017119,0.334382388081598,0.0235892210423995,0.149287130914021,-0.0340175557323404,0.0175824464140876,-0.22925787427142,-0.139050946781207,0.318793335311388,-0.178477585736714,-0.0415531786464696,-0.188719570750711,0.414834279304205,0.404101573520318,0.122557405468183,0.16328566612097,0.266513636545867,-0.12315437340927,0.416508499695603,0.208587247660546,0.441796330651335,-0.0253085587708541,0.28246303455911,-0.0344814260578338,-0.355937822131108,0.120183224682805,0.00506066881883385,0.31908727946257,0.542057987708505,0.593223383077913,0.335934375309836,-0.327991023720443,-0.00462820580463336,0.201138126396919,0.0857055978218828,-0.612630839707283,-0.648826035500284,-0.0252205441446464,-0.0797728422781519,-0.435502963070196,-0.103028492419263,-0.173694876805086,0.281406873158263,0.0828102206122849,-0.0662246041380958,-0.604651196646205,-0.675969551749092,0.0282617828860327,-0.105995271151326,0.299763685858224,-0.221808913880105,0.0497438123323008,-0.0996760786042873,0.181096869956591,-0.0720178564592887,-0.306209234097588,-0.159868939743094,-0.643866018016697,-0.0618252740393977,0.0397272411274049,-0.00547782634291813,0.0559428518452747,0.141499975000985,-0.130763066141725,-0.0638244246301444,0.330799772205223,0.53390251105929,-0.21298402341526,0.427989084710288,0.263152564574052,-0.111272836189821,0.232656491670784,-0.192848545584106,-0.16016077794437,0.363640841744456,0.203298703620314,0.309287157931161,0.625697342272556,0.269402988792983,-0.22081571477897,0.102501018184789,0.148270395522543,0.252802091501261,0.350978622594526,-0.0938061055725018,0.0977577936871531,-0.183538666594561,0.0236027224130652,0.194827265576101,0.44742265893115,0.132589060333271,-0.272535299346011,0.175853320069269,0.223168985472292,0.180906504360182,-0.478786700457898,-0.274558105459343,-0.308132294942931,0.239798610725339,0.19352288122997,-0.00346715219072977,0.0813096261681939,0.237137782347017,0.253121392411588,-0.138527222584181,-0.684704095299391,-0.704037238868801,-0.402498158175639,-0.0825951816695833,0.263106736188495,-0.100751313618647,-0.206600425468824,0.144617114901191,0.186011398028231,0.27250359931605,0.0420065528053379,-0.710150835282815,-0.239846135258282,-0.320564526826902,-0.110507377377422,0.499192360546928,0.0577313246992433,0.115226414286644,0.0369594520331937,-0.269607810551591,-0.095353636658483,-0.34980500818326,-0.366351021801038,-0.326423469609784,0.23824604499645,0.351492139761882,-0.0989118908924914,0.279144050791943,0.33419824500381,0.0783860043238142,0.0336996863052909,-0.056973546813459,0.140561417863868,0.297205103377667,0.462363617874578,-0.0306795260223214,0.401201266724293,0.172205347906308,-0.449205653778142,-0.161539526651928,-0.0869000756734661,0.0280073494567613,0.167730582154846,0.520633667043492,0.593215805920991,0.491359178249604,-0.0751147376207663,0.651575393798298,0.834472976950964,0.435254076116278,0.528960493200815,-0.186139824552926,-0.241017541526244,-0.484662664348965,0.0946827441019669,0.142491275067631,0.166515348871738,0.203520758214326,0.0558019391283107
-0.463092528839401,-0.177869311324421,-0.401867702580237,0.249202978864869,-0.30234481008395,-0.137045459658475,-0.400747090417047,-0.0392402043395575,0.410131581917228,-0.369550251664047,-0.353120824423237,-0.0686395967270549,0.589101413982442,0.528694913883005,0.768800661507603,0.51683462409756,-0.151032789509557,-0.271468869463619,0.908270237914586,-0.0388475002837078,-0.269870323869616,-0.0134292670303386,0.27996401180419,0.25248145383682,0.463760014060468,0.89493289585427,0.666392835103964,0.63380157826924,1.50877295026084,0.650358424987643,0.665916134451468,-1.02001450730241,-0.845019858207676,-0.0537890506784253,-0.227786786855624,0.234012955476651,1.31559545078769,0.78850525737111,0.793229039220806,0.591252660708232,0.321296018231626,0.350699968320681,-0.491796350977477,0.22718587088216,0.846877968222874,0.31748956070795,1.09427880591826,0.45301647120501,-0.053211178811379,-0.154454167045871,0.456353747004923,-0.271292178036656,0.205645837112614,-0.381877567524943,0.385101812724376,1.07158172233009,0.673879920062037,1.05449744533666,0.399606366034208,0.570044547355947,1.08981859734527,0.21198633291912,0.375317947630928,0.00784822649606499,0.216621204989923,0.882431763025523,-0.125782896427696,0.12624784485876,-0.116250684412742,-0.119380005031703,-0.0724020583614588,-0.456763905533497,0.476220325970447,0.165039446730907,-0.331613097435642,0.0642776085746739,-0.272425798372777,-0.600703005226788,0.261653832770155,0.271750809228754,0.108116469708279,0.660262635642172,0.106844754642828,-0.184860376866967,-0.183523885126907,0.0307689136089954,-0.626687694308292,-0.469148387168675,0.00679263311727032,-0.154552222927888,1.27659247371643,0.216103123687136,-0.38203306640784,-1.10130499854592,-0.225318026413892,-0.290320436680863,-0.113997015784797,-1.04392953946614,-0.593224178423273,0.432585928196533,0.39258474916193,-0.0751530094977474,-0.635435496795164,0.0287539858389507,0.0735598497931535,0.981265009141786,0.749750502336377,0.90750108354129,0.129563629432061,0.294015441896218,-0.748209079646052,-0.650158846093905,-0.060167330073201,0.0546392833401625,-0.305675050106371,-0.767038279525208,-0.506214104753458,-0.359947615442429,-0.331611104418545,-0.868880566258462,-1.00398028221804,-0.219589705643373,0.513858113990284,0.561920892438288,0.161457236035252,-0.356941222150866,-0.227645497788559,-0.345962007800156,-0.105008818672513,0.0531369119542553,1.17746733034549,-0.223001359757672,0.378582388990886,-0.241850502236264,-0.00874169873676733,-0.324337522507018,-0.600862094382572,-0.207876986752846,0.239442378390458,0.735013973360679,0.597875632469346,1.11808254033764,0.88862851568797,0.0663891616508602,-0.508223912576741,0.309610076839323,0.439549634786497,0.201607138696705,0.533865991686747,0.514777355130159,0.56348525188142,0.145052366921163,0.0864143102243557,-0.0799635557962635,-0.143507742924383,-0.499862338438286,-0.0169724536256028,0.19176860423136,-0.12676409911937,0.535138429973408,-0.00248836499855493,0.27664260396389,0.518315529247532,-0.14942039141785,0.0449795896872129,0.153721321717067,-0.232077744516945,0.785457316359475,-0.0979822186659731,-0.893965275750314,-0.344783241661075,-0.91236773301877,-0.596453603205616,-0.762704872769745,-0.820063074650436,0.224851420840688,-0.35080850613785,0.0729204465406688,0.096590775693387,0.185977712749154,-0.386727197783436,-0.39595818589035,-0.055270786031569,0.373055652305259,0.16951240238683,-0.0452235059839793,0.0532056019281301,0.0926517618283376,-1.28112633822373,-0.560507274860404,-0.728850427119933,-0.0572717702120121,-0.0492829216333423,-0.840026363209585,-0.551403777059284,0.552777588775234,0.130836738578791,-0.0558246069661961,-0.366239901659977,0.0894074165628299,0.0816361670632543,-0.107523953356183,0.69350865121203,0.124715698903709,-1.17675262460966,-0.428599459199806,-0.784467613263938,-0.711379304648453,-0.0531742663737825,0.0838982212267092,-0.267768854498267,0.663292830685301,1.47363775981334,0.635838800877411,0.776127823947974,0.0084811813903819,0.206233166987788,0.479374918325542,-0.131122718504054,0.155134391539232,0.684320583942597,0.334100716332225,0.076427963485673,0.752844686494807,1.20860309527174,0.0404886759439785,0.431942138723709,-0.558019448100366,0.248845210180945,0.294078020144305,-0.116211742988103,-0.0860969854037237,-0.0675047304462984,-1.44449907322643,-0.408693867050578,0.280252993297094,0.260828884737472,0.594107838802424,1.18186845651095,0.936323737061686,0.550550318360556,0.284580162135883,-0.102760629831087,-0.450051177642159,-0.511381613309271,-0.409488988592206,-0.852527392662477,0.114080169341898,0.220373943470337,0.369564266084459,0.0160722328581144,-0.673080284590199,-0.701425013887767,0.231366973844543,-0.171772314880503,0.448787227603722,0.711858680426054,0.602458300824035,0.964377950013562,0.377830118061678,-0.569431160992942,-0.163133853151803,-0.856965927923285,-0.349468664041196,0.298056435143647,0.0269534861275375,-0.180477620946959,-0.318682399665374,0.500546806849548,-0.0385039760058667,1.57450593957936,1.41040152445407,0.60993515635348,0.817853573475472,0.118576699440437,-0.0406637045877775,-0.153373233517609,-0.615344971150385,-0.208226781015207,-1.14341595471826,-0.725966261567303,-0.435880282546432,0.00795193597073718,0.293074130784574,0.52635426032834,-0.0594710647966143,-0.443160099502396,0.022620498454732,0.492674846482086,0.716386790108041,0.691899899317695,-0.598464568312206,-0.596924711852693,-0.788075601337673,-0.580338498356316,-0.0494333805855207,0.675276617916185,0.181884480431804,0.211184890328215,-0.322045367432809,0.398455524211145,0.0725779448923884,0.278236217495884,1.05153796485611,0.0735544862003772,1.39749430611483,0.881310975653937,0.732183450974273,-0.00788047293435266,0.591426915443457,0.74156869501937,0.0307319174788294,-0.245397469480016,-0.276159721796856,0.509153950344879,0.510236478311298,0.526719554376453,-0.0488424832409184,0.047727278431867,0.256731236768282,0.162287391962963,-0.287009829291249,-0.481029065496631,-1.12021967547059,-1.03638043432117,-0.380624039100889,-0.120856771130117,-0.123457258351681,0.0726184941718372,-0.134227240118812,-0.354365763241682,0.168737902902424,-0.664291408860582,-0.0174025614089845,0.497072504369556,-0.0132104731163563,0.670459185366628,0.626960462172973,0.289054672459242,-0.309745945903996,-0.577637216420974,-0.153135419792984,0.319386806980983,0.447705031414719,-0.507251895126388,-0.319909152237031,-0.103748534297979,0.45495882946602,0.80937295543221,-0.43716175263572,-0.026978143321343,0.650256804413403,-0.130924363682697,-0.547940016538587,-1.13376001388836,-0.935298992838632,-0.932477788620511,0.12601024901753,-0.149280551213884,0.128655715126039,-0.552977718820589,-0.315760540321235,0.738069295460117,0.58517646699128,0.041082360976697,1.07361705911561,0.540212158098247,0.665775487137308,0.579174046624735,-0.331829326003853,0.134480452959953,0.775089190132763,0.0194476794559848,-0.552652872980327,-0.483082769080651,0.0408922968577025,0.323736640507662,-0.861121996956541,-0.2511910680625,0.269033161172427,0.543729659314745,0.668082104553663,0.478760609298362,1.27955827537497,0.816024881039937,-0.325182316796976,0.101658768516129,0.450759399232034,0.228152914432732,-0.0161808394368669,0.251461029240282,0.628665661910846,0.172307211329225,0.61416054765334,0.416699690041645,1.07892440916847,0.691429371432136,0.0999752736356936,-0.205727993750789,0.0206607842927148,0.422645555741037,0.355442990607,-0.00973054882259805,0.458926132674555,0.417264790238019,0.162601700152402,-0.562733757270205,-0.162323742319452,-0.109124440338166,0.774508388372026,1.13216142772103,0.781664992218355,0.197236091861031,-0.168762190258613,0.169457655822216,0.327439048239849,-0.00930943857385935,0.260015941182472,-0.125036704472199,-0.172661418765521,-0.43340073061149,-0.0491194120783234,-0.943646776602459,0.286730127715338,-0.155465597060495,-0.335329705778778,-0.260264197661874,-0.359062419511742,-0.58682682487206,0.248848335479983,-0.469365043721732,-0.031604368304427,0.124859416309096,0.0854174129629381,0.336594886884765,-0.0122750027891293,0.228133619577799,-0.287212682915096,0.0382665295047554,0.9079104733677,0.182770339878756,0.733717751544857,0.741039768290584,0.416895942977088,-0.0210399459709137,-0.818969757104899,-0.444935861798172,-0.0615824161339171,-0.126769141118498,-0.231501752175978,0.899288978863507,0.471996751288713,0.462196086879685,-0.0227282417757935,-0.0847237496750179,-0.740036408882466,-0.615789819798264,-0.271183364855282,0.0314383854047835,0.72999594396374,0.389180120688152,-0.329292099068562,0.142406746585759,-0.043567774276173,-0.654916308904624,-0.793516853302752,-0.310042126202111,0.0267039906532254,0.470181937468707,0.599573258113707,0.518913903801388,0.304354883840098,0.129620798410931,0.00210197172345806,-0.322891702015973,0.120008596230161,-0.446725231621851,-0.421807380011097,-0.568865343007243,-0.545417821181957,0.804867294782384,-0.160737509902338,0.296108741300674,0.373660864023689,0.414354082652894,1.11477674280221,-1.3152017033745,-0.640388151710781,-0.261144744355866,0.0467056060906426,-0.428850966692055,-0.780779299936318,-0.285035268676542,-0.63306076443685,-0.609920647852016,-0.314387262010733,-0.349387696700791,-0.65212456693432,0.065927724658132,-0.522108828123304,-0.398448557176547,-1.31298810131257,0.432099005151638,-0.0956957194131095,-0.466938016055628,-0.292448960133441,0.710958396790945,-0.571830580164037,0.0541445456845906,0.898226776548574,0.769632791208172,-0.256315956923135,0.521849086540932,-0.147917126568268,0.0361355028014264,-0.0275255019427519,-0.131821047982833,0.0245523910858496,-0.293054026496922,0.149816136115261,-0.360963977080727,-0.0145632964790366,0.792815434899648,0.769002451751791,0.138165575887,0.0461711514265017,-0.756755187523526,-0.0698555381936528,-0.14294232776881,0.0178398405688877,-0.030400838198128,-1.34489353494398,-0.34552747905914,0.631864794736491,0.476558674716951,-0.606679793255502,-0.0167150195400778,-0.32714548382496,0.624155783477298,0.822248870488187,0.892960389290189,0.308359693503325,-0.588339081935517,-0.241440363235704,0.126566256219497,0.516829370876954,0.644354860082152,0.741783917238969,-0.43127003571506,0.413322635815094,0.162777870358931,0.556988549448716,0.85124496725497,0.517364915454475,0.57348250489806,0.279310110912102,-0.0982506048945252,-0.649547862435904,-0.360167961174452,-0.0102899232079781,0.316051583151975,0.0189343664030272,0.0537220825238199,1.45694461768538,1.18396234987312,0.207743551828023,0.10156777756861,0.140395007556179,-0.555305169584374,0.233704909420445,-0.226515314977322,0.279036296690498,-0.525773221145508,0.159075273320871,0.156461249048052,-0.905156658570073,-0.737315711008926,-0.56817625109342,0.0944317939750177,0.752306381737509,0.0387200333715222,-0.618464534332036,-0.617872546972047,-0.119689302960278,-0.258564657894583,0.304776037153898,-0.310535862973721,-0.53884476331305,0.405172888996216,0.126582632328709,0.098099763166679,-0.243815448547442,-0.0152010877467759,0.571409611806489,0.0344330003685272,0.265671183126988,0.916371184716255,0.876724817959909,0.623403014990103,0.802837884296492,0.456978264509384,-0.442662833980929,-0.308528085665702,-0.415064446456597,-0.590081788441431,-0.762370026318815,-0.353619207536514,-0.290413798848549,0.0108836178906185,-0.155396966174667,0.940213501929322,0.418058210745368,-0.497542312344224,-0.0787718109988282,0.163884227472381,0.243176879208358,-0.867853613058217,-0.876416811483174,-0.254825712183106,-0.27886224820646,-0.419136186397917,-0.0848590755589818,-0.854876292996114,-0.537999472633694,-0.84784328760726,0.150085149462396,-0.497940888171986,0.479580064751548,0.489065585335596,-0.264842612752724,-0.342513435297332,-0.487991541112284,-0.688198097828107,-0.868223081971225,-0.596396985086469,0.539373629644972,0.159803639436833,-0.643549239370002,0.0582703470609177,1.13234980779209,1.13314237818523,0.381298564790953,0.291210323094609,0.602640267815481,0.00582161205785539,0.356911470626423,-0.274495410851468,-0.170573512903985,0.0217610685039742,1.20086033790166,1.06967484743221,0.0341659165495515,-0.107203121338309,-0.404335023371925,0.234803340315054,-0.117028342403735,-0.327359035911182,-0.167698549911903,0.509260961082045,0.323013440568769,0.379908150889235,1.26047340617475,0.106629505344562,0.316554547760308,-0.177306103193856,0.114534799189476,-0.106746625589532,0.46321295172493,0.34597483691225,-0.338297662749394,-0.677170205299806,0.249737531758488,-0.712336207729419,-0.402401534646156,0.0244229330366434,-0.216447430671808,0.153060173019105,0.209406900460092,-0.27484778547437,-0.406361703395003,-0.812306619523302,-0.794861481816445,-0.586624285876679,0.092818715467604,-0.0432475698768227,-0.0684378691331543,-0.382480390256977,-0.548668599244743,0.0642863074001246,-0.00694905897271627,0.484420071364116,-0.378428102504672,-0.246814952592082,-0.882543141985906,-0.634616508449862,0.410084132231622,0.0235813604326852,-0.461987126050199,-0.235031878742403,0.728421598905639,0.327169165460885,0.554376337027297,-0.119063371882054,-0.31542614847244,0.346914321019855,-0.15740824093431,-0.426321567289926,-0.61219787998899,0.524368886429832,1.08931438167916,1.25539483698773,0.692682318697609,-0.20011479775133,-0.710826627345079,0.14513272054499,0.0854531375304068,-0.148024907152271,-0.364277665725984,-0.642745667961794,-0.141311959953149,1.07551862575563,0.662198712447222,0.859014645606808,0.25861281093305,-0.596047582562235,0.198515896319262,0.0968430262940299,-0.321091553857989,0.768470668228623,-0.102385815231756,0.316781060617157,0.648688344915429,0.400812333554466,-0.884596048721196,-0.372178852609069,0.120504816569341,-0.238406697641585,-0.426166756786007,-0.120187558741867,-0.198511682187409,0.161615901329133,-0.0119086999435337,-0.754717444030242,-0.717295141587222,-0.28854247493278,-1.05559545328678,-0.223602937808326,0.688089925537207,0.219949211537389,0.423540559840323,-0.0304292754172514,-0.458616306409377,-1.04598618178484,-1.11794817294748,-0.897403342000843,0.083980141286874,-1.18093821278064,-1.31053806318044,-0.569377301388517,-0.68990687492682,0.32086398053,0.479901532520135,0.721706587388517,-0.188637959381206,-0.0313301448141959,-0.343776290134435,-0.00418406009872696,-0.0751292023618289
-0.0650071938142954,-0.217014899464239,0.0574271968004305,-0.190991366945192,0.185533099037263,0.034644780820791,0.0829036538521495,0.273227301930226,0.0866196258827764,0.15829859462589,0.134320832698909,-0.0329430979492548,-0.118501534856711,-0.276693781437467,-0.0648594514123752,-0.221405252418385,0.0697033930533836,0.0796435719363932,-0.258623667868675,0.0434066802883487,0.029798618089657,-0.0336301924606756,0.0636970889912048,-0.110042594348315,-0.083449700060406,-0.165942445991913,-0.116192292464759,0.0284759257948524,-0.453005856493012,0.108142991887113,-0.301442641144724,0.0648105997839638,0.204833381310881,-0.0329364768209321,-0.0705976104309004,0.00578780718511263,-0.200008201928751,-0.209771162112432,-0.0963581396608855,-0.256557942787174,-0.0880403401331951,-0.175565213971799,0.117602566403076,0.0695162948683536,-0.0952773066476222,-0.0643858697916341,-0.225487669912708,0.0033224891761144,0.0293257717849285,-0.0413375674866611,-0.171332129949905,-0.00438050973342465,-0.0753633054090238,0.183550559075258,-0.203911592871917,-0.165711664151623,-0.167534319260854,-0.319090372915694,-0.108943558487539,-0.0814935794725579,-0.047407215012034,-0.297001961863051,-0.163463452194716,0.0808462140011497,-0.131729951056959,-0.154939371947621,0.0270770254502583,-0.00988648390704974,0.0437965828801932,-0.0243329009597747,-0.142052331576666,0.265482546057499,-0.0745324399882781,-0.0568059051332222,0.216401775605161,0.0573334936568323,-0.0192977742139213,0.0944483038914329,-0.0746190828755411,0.139479013362726,0.0427459139605142,-0.145411410574647,0.0740632522729292,0.0908075977090999,0.256555561784996,0.343734446642887,0.0911876217327341,0.0683893055965231,-0.0544955103954477,0.0218434543237765,-0.1008561640308,0.018274214322371,-0.0775279151842961,0.0180871493507516,0.0719809705171007,0.0989587910178542,0.172384697761792,0.153923449596637,0.32238386018231,0.0597930932943081,-0.0447365818891305,0.125364278310153,0.0140401852315448,-0.0245820818945713,0.112189416065354,-0.25957486159442,-0.123453215240623,-0.0619792173060309,-0.0943571586964282,-0.0168018036542054,0.0503285998295731,-0.115264083338602,-0.113863312097693,0.10025282858495,-0.011347518903448,0.29960947655609,-0.00901557347500852,0.136972398635544,0.0895892552772481,0.167065208056759,0.191733091005456,0.139187044457041,-0.14618528308165,-0.385537742282362,-0.00409989597185096,0.0295921648598882,0.116238197775373,0.12714643137287,0.0897197073852268,-0.238567136649034,-0.208501245745832,-0.119728334640537,-0.0269747701259925,-0.0373144024258914,-0.154739089630303,-0.0231943948266622,-0.0213357392684195,0.228757512794689,0.0566826299848407,-0.156319689658944,-0.209417145298094,-0.262403276156838,-0.0372539799699396,0.0357756601121584,-0.0624650162047566,-0.181932175814294,-0.0220369201857408,-0.00223106895667272,-0.0293905506888492,0.0629468221819577,-0.114233176397594,-0.0499607332809335,-0.0407509698060259,0.0766740694813215,0.060390032041956,0.0143084654595407,-0.0260701072032868,-0.0368779185503794,0.0305925027501618,-0.076056172786393,-0.0515340656892832,-0.106744389769747,-0.133243992280128,-0.159750719517536,-0.0619277802409503,-0.130739592534349,0.11673036771869,-0.112639561627683,-0.00159655135867835,0.142393076779058,0.0853137114555108,0.24221248007307,0.161404496985985,0.104975764985966,0.42642251811622,-0.15352866715004,0.178822680545078,-0.00887682554479904,-0.0284375718568204,0.0788006904888891,0.0249753626423382,0.0914351612478464,-0.142675582208109,0.0302771944114158,-0.128922678217661,0.0230735480390569,0.018500109378812,0.132528242764617,0.302077909352212,0.00481101208539823,0.204278031021545,-0.0807109432683168,-0.0014060518907119,0.092464020282686,0.0428273626511848,-0.00689871372063283,0.11928252036963,-0.02979692301767,0.11803863971443,-0.0932797953054782,0.0761219991556171,-0.164258106537394,0.00394615230955454,0.0269015576964692,0.203203745436988,-0.189731148254241,0.0690680389171943,0.132539882310065,0.0980874385311081,-0.0527928965913049,-0.0985574535337821,-0.2729841998266,-0.442886818349461,-0.206098107265126,-0.224989348372393,-0.251353608299807,0.153514656242844,-0.0621489255045508,0.0877162559463428,-0.0107767454947037,0.124364633482337,-0.141356249153212,0.038151175424357,-0.147153142961886,-0.28707893490767,-0.0254132639922527,-0.0508296471186476,0.133107909074241,-0.21207111668185,-0.0366259159698876,-0.0169648191939031,0.205209700609844,0.0436991281950502,0.232398274179086,0.10728473114786,-0.0662752188046039,-0.109169221161799,-0.0334872546473945,-0.0350630884337156,-0.27824958565472,-0.135129910336446,-0.0468057374659548,-0.0534449224549168,0.118691137557957,0.189593575930278,0.00361502624236058,0.362780165240686,-0.0794587926439129,-0.184384339910604,-0.168868417114764,-0.00267359177073268,0.0223180822553724,0.141532460261617,-0.0798535643987452,0.12267532708425,0.135631648181698,-0.0867160103070386,-0.132570175572794,0.0690924572989068,-0.127853033028416,0.157637458203643,0.12872698448502,0.373860753061455,0.0763007492054905,0.0265413569479992,-0.0515425174900438,-0.0254264748885557,0.121189479669789,-0.158890222333989,-0.00746680663369524,-0.157737383192421,-0.317316267676874,-0.0914943821408855,-0.177018418436925,0.00513462280902417,0.156546787986992,0.0321955450845108,0.0998309254650236,0.0945894302909025,0.110626246170156,-0.0031386610623064,0.0237803519729359,0.0237831612211758,-0.0796513073881849,-0.229018673239243,0.0632375480373194,0.108318846335157,-0.018958740302004,-0.0963168641150619,-0.0791623422938888,-0.269690459204334,0.00910844626581164,0.0987985991165551,0.0718310889189899,0.17093374837473,-0.0566870220891439,-0.103282363226844,-0.133285704086773,-0.0929785385339739,-0.0206179998438984,0.04331161900494,0.0206165834791416,0.0557748670340957,-0.245430604319575,0.039958585354452,-0.230359166117899,-0.118963433301386,-0.11547441287038,-0.0719189378316014,-0.058041161313984,0.0866957590828213,0.135506232352242,0.0733266138622301,0.00480828985421152,-0.0213708448435453,0.00373566219844795,-0.0846903133464814,0.157476823794013,-0.13700981173788,-0.028989518069311,-0.0987200792892125,-0.0548992740526844,-0.0672198205552309,0.220376778871504,0.375409002518157,0.171137066821608,0.0307033891182706,0.105199956360697,-0.160843216910535,0.120895960835754,0.202415004598531,0.0923627434727017,-0.00768187925028854,0.0521134303225425,-0.166699478094961,-0.0356980246931688,-0.0636977542645886,-0.206233415646013,-0.0435642149609536,0.123396254848547,0.0849338573079201,0.0397219143972719,-0.231877324958908,-0.087826015692931,-0.115734522574642,0.0502908706239847,-0.176416829416852,-0.0918202968617347,-0.340906051401212,0.145523852351239,0.139083763740779,-0.194135318254529,-0.0449327115449814,0.0862724200243273,0.19695868742497,0.29027782586188,0.184278410994514,-0.063829363231706,-0.107596300508907,0.000326774598177336,0.0236026330207527,0.223630325503836,-0.154889354517635,-0.0155199786951936,0.0476267536406911,-0.188863825598837,-0.285069617510436,0.0150754182051578,-0.253218948115743,0.0147109372505338,0.126671157360694,-0.154399500839385,0.0611505739394095,0.315172403102646,0.0261695549668405,0.0764768332125804,0.0385492121223462,0.131735158735079,0.0918102084005151,0.113848287907006,-0.00482545809261711,-0.149710414505896,0.0246848024115852,-0.281522472444076,-0.304064212175152,0.0604564112968072,0.106616370574033,-0.0478985773611793,-0.0591389026386274,-0.0179201955240921,0.109729841754041,-0.0553962824284795,0.0745798132078372,-0.306570160770368,0.0315942888981304,-0.287936654333579,-0.0782522987284827,0.0376303865946258,0.289146931093409,0.0992003690912224,-0.117602416942276,0.0214754193375714,0.0934444968077565,-0.0637941057916934,-0.107592311889656,-0.0259641997125728,0.0427283916448387,0.0345444652519165,0.0879059792128357,-0.113208753445916,-0.345134631263659,-0.160886003538166,-0.168480285152528,0.0812752043672542,-0.0352055483706582,-0.118372732323529,0.0731853083029099,-0.00554732437705875,0.118562575464569,-0.19146097646681,-0.130009806406954,-0.025495359868233,0.215202397415205,0.240222434231636,-0.0376383839755335,0.18699098267756,0.118640884417717,0.00963981116316785,0.442472517912032,-0.0490737287426522,0.242198541579601,0.0536235073196636,-0.13465169532824,-0.214707516875844,0.0128224859166653,0.0546395862750619,-0.0707278325503386,-0.122696508721181,-0.269807601342534,-0.213672395647342,-0.0802165817467776,-0.0559488188269443,-0.142249495940082,0.141743732323758,-0.0721828732098236,0.280278955766582,0.0614910237920712,-0.151559136938104,-0.096678887059711,0.0851608135199373,-0.103243660217995,-0.156770451719795,-0.0793960811001125,-0.0447091557836909,0.0768227054366452,0.164947207473598,0.23858570037555,0.0625805333663438,0.0272302915733772,-0.392740937363664,-0.0486487628576513,0.0424913162927099,-0.0285498603145119,-0.04859258095791,0.0990499879273188,0.238137902213554,0.110397232897244,0.0317321358841987,0.0520227788970347,-0.00784194973942254,-0.205397435047923,-0.216506206085814,-0.103423479364917,0.296929955967644,0.0192966903909171,0.0213812993487568,-0.0281281330822133,0.0742377219372824,0.203655740379078,-0.141343021466756,-0.159949230696722,-0.0800884132375946,-0.108243453215969,-0.113939216375208,-0.0817366973404919,-0.21070535388596,0.198877893173179,0.0568390350858417,0.0319068528139676,0.219498815716846,0.0417428759703977,0.0352574286202845,0.146112943795925,0.226410657497209,0.0893604368824301,0.16811016014662,0.196942206240755,0.111316694355601,0.0194990050379509,0.0728705443589064,0.107075985379123,-0.00939884823373036,-0.230349114946682,-0.0710705828993671,0.0114126995462953,0.0511675369896955,-0.211156666885155,0.106366140476157,-0.138069777301982,-0.00213479637282377,-0.0280625374020305,0.0428598296044171,-0.340426705000361,-0.0186694955902033,-0.165601627751962,-0.122710073360589,-0.0811326791887269,0.163378097551356,0.142717364046121,-0.239380655573724,0.104860637180033,-0.179532173610223,-0.0590330641081412,-0.0651169629268646,-0.0469269804825631,-0.0293084853013986,0.0998787541786059,-0.0884814105146222,-0.0168021176108756,0.0518530831113558,-0.119675971446173,0.25885148422865,0.081258997071507,-0.0813960294181892,-0.0471357415920164,0.130843614764544,-0.150085888750355,0.0648376371898874,-0.0100884167572256,-0.152230407481491,-0.195973148125691,-0.174552146434621,0.25200969241289,-0.0622114287936629,-0.0337130705323373,-0.0323058215398044,-0.105369664923013,-0.328097026569024,0.1146912731571,-0.181726435273201,-0.0912158672986596,-0.0875416391816567,-0.131429271501864,-0.135575601832352,-0.0155558420091017,0.0240264097648721,0.162911666911685,0.168830977391442,0.00590969554142551,0.0643246802726942,-0.0480374671261339,0.074576189645918,-0.00455220897131436,-0.260745488746103,-0.102694017713321,-0.0103383916114084,0.0359838044004969,-0.102695226432637,0.213637542076288,-0.102233270568824,0.0968888942329867,0.0225574912875555,0.162525443109393,-0.128370718657581,-0.0486567796119425,0.22068549582529,0.0329084093738525,0.089479165477992,-0.00698979572668087,-0.132071543761899,-0.157164245288949,0.266727070282425,-0.0369542657522038,0.0331903594493873,0.0616268242869902,-0.0757115240498591,-0.118192219857491,-0.119574209272375,-0.0476846826259566,0.00644995812332718,0.00699203506495394,-0.0274189488130156,0.128860740018508,-0.172069924026577,-0.0582988973320832,-0.147807004829504,-0.336677809479469,-0.191729871840768,-0.217919384457035,-0.338886059306029,-0.0717969436288454,0.130218814979745,0.208549332274522,0.0562475122923337,0.0241236048649666,-0.163284716377111,-0.0280059968705676,0.111798562738652,0.0982906545887822,0.068928115612728,-0.160563450836039,-0.114031604241543,0.11058720653532,0.0470406600174529,0.059873135616172,-0.104965729811905,0.170927437803155,0.3927866923916,0.00979330549144448,0.115910993786129,0.145444714950631,0.0983772996193256,0.234229798299193,0.129417183211745,0.0366641365775946,-0.0505016261872862,0.00128070675789591,0.178893822879373,-0.0562849139859058,-0.0347832089547368,-0.121216485108186,0.0270613062568963,0.0723719573648663,0.223853092279275,0.148330442313005,-0.16102739428786,-0.0244911381116168,-0.00628989007855797,-0.112860852667483,-0.208360214897187,-0.124881382598323,-0.0205944018391747,-0.129190463978218,-0.0938402832813273,0.031505931400865,-0.0750071192916113,-0.101177574179212,0.155578174916999,-0.0896414066988421,-0.190447198652276,-0.146013938342128,-0.0934645596235188,0.12417306186034,0.0911255872402849,0.0317034176904239,-0.213376885000596,0.0272268679519199,0.136153074904161,-0.256606060943049,-0.143263776939764,-0.119578966847567,-0.153057083290188,-0.0880756789384587,-0.110934807714523,0.0279663487385345,-0.175659533102189,0.0919513731296363,-0.0665698671546167,-0.0208054922887553,0.120529387846227,0.105068319269153,-0.211240123424852,0.139051565180145,0.126895735291279,-0.0910477598010884,0.323244126854036,0.0555535634762416,0.00503534521595723,0.226431136516747,0.16099013699886,0.107403537994897,-0.0277766485942301,0.122812312152803,0.0932977063006937,0.115816747828256,0.181090282325616,0.102296853395929,0.17981542677851,0.0526897560550552,0.0819596123310268,0.0435505838186515,0.0321138580008934,-0.121432534870271,0.247396580773827,0.0937500814188158,-0.0137183341757435,0.0403214826132226,0.0854527904584607,0.0628701255288577,-0.126663906367228,-0.036912948400075,-0.199806033717917,0.174127509235123,0.0452872530829511,-0.14239630791264,-0.218761311162783,-0.0822328055074202,0.0497129676799336,-0.0183758821003957,-0.243133145812626,-0.182999688851046,-0.204073225895508,0.0301058258423827,-0.106328518257519,0.0906824050993395,-0.181424913965274,0.0353203470562035,0.0416622388727719,-0.0312625345169867,-0.0554723419540594,-0.161247892212772,-0.0398003327184036,-0.149909757701775,-0.0491549483903668,0.114348552213701,0.0344801666171199,-0.0149222763858913,0.229201333622697,-0.113492603638879,-0.00440359995580884,-0.136202649382027,-0.23979264719228,-0.02546436221555,0.372285002276305,0.253149289057916,-0.0224118014302519,0.171316264053949,-0.0425834268132369,0.0486477856513802,0.0505488208846624,-0.0376041815141817,0.00635815992374702,0.0991809875096633,0.0976336727785334,0.137935292065083,0.219589943982122,-0.0261707178473619,0.0339409171925369,-0.0363515319242051,-0.212667977724897,0.136290174948107,0.0788248744501105,0.145142418969378,0.0272655073944129,0.24929086823956,0.0742853086484876,0.0195980902026269,0.22905739366595,0.250018691743025,0.141326185845095,-0.127747529166831,-0.16203394001966,-0.126924679712116,-0.152424535486478,-0.0429576872066949,-0.0628052228209369,-0.0501258357859501,0.213868648992886
-0.331638228105384,-0.171800960748933,-0.12865531901711,0.119333761480081,-0.216245374782773,-0.0787096540640695,-0.429113680842361,-0.112446475154633,0.223947720391095,-0.252274229893627,-0.209677348135257,-0.0570006503797772,0.172498043394963,0.149348236046389,0.509121376877715,0.299491431257623,-0.0714914413063387,-0.0421343646005033,0.339042558905369,-0.0255575329060384,-0.080890666697119,-0.276748185263616,0.0842481037929371,0.266773515385965,0.132479017157114,0.35973150425444,0.238510384029529,0.202122715424122,0.683391015231784,0.240292536995917,0.52121206686067,-0.596278706547898,-0.335764576557103,0.0125493169118475,-0.207981499818111,0.206371943544494,0.734175930621512,0.380818117633398,0.408272570566753,0.374001387680746,0.0481591369901593,0.219472744617906,-0.363610464371023,0.0802577719565516,0.205314951716939,0.288514241037405,0.652835639678144,0.34540515867438,-0.187655621168781,-0.168398383979549,0.214806493593534,0.0496976982609992,0.0641061997395709,-0.15722648361434,0.160784145827602,0.358796922174683,0.124665427519928,0.54950007276742,0.23783362150396,0.3761901193558,0.539437096988015,0.144560315047685,0.225958150181264,0.0436111512906312,0.132352251895052,0.505792160587226,0.0397083987603824,-0.0073699972147274,-0.156314324067684,-0.117821389023838,0.128535565959473,-0.0665977120642395,0.277168899184208,0.208001745286999,-0.133012295411448,0.104950356028876,-0.179274975168615,-0.31182053630688,0.102826150200024,-0.0273278631621598,0.0914988408301018,0.275912551969233,0.0817242136181903,0.0305288554960134,-0.159215314084177,0.0870886580763116,-0.29552977354664,-0.193207226497434,0.152654893709678,-0.156874334900243,0.702510656388348,0.143031565602084,-0.286742733483593,-0.636187959804753,-0.166072182645489,0.00149696124013443,0.0652144762639849,-0.542218943289348,-0.176583033781204,0.161814111744199,0.155569920840185,-0.0745589082432928,-0.327417019603239,-0.075757897754604,0.018549784256153,0.364504904685011,0.64674485393158,0.554791424009709,0.0908169253664946,0.0777934855682392,-0.32911768063651,-0.323265815377193,-0.00926633389926028,0.207258352230744,-0.00722418066602717,-0.302324098811919,-0.345575811797262,-0.214156510095516,-0.209663253919557,-0.495526459880294,-0.546522440234436,-0.168598035520155,0.243093076934316,0.344715488158703,-0.0210458690228875,-0.1884938674661,0.0552832189967748,-0.250144635928639,-0.119665723746452,0.0440881339194362,0.638170824348792,-0.053485717166365,0.288850502829889,-0.148679030615855,-0.268199451812509,-0.344414808409161,-0.239259781346845,-0.144059022080671,0.161038620134781,0.0383171894789234,0.325604731319457,0.635848839333896,0.678232095829127,-0.229585538139664,-0.477397771834302,-0.0929005744094556,0.0193089299491694,0.183347434905031,0.169047724065828,0.209505407645011,0.296588202539774,-0.0636207850171965,0.116374117559677,0.0237679962923863,0.149935112126215,-0.299509855989458,-0.00843017399032271,0.0746158886493685,-0.0553901039131378,0.242080807579568,-0.0660992383107428,0.308860774596347,0.31542279342823,0.00839551212323443,0.0616764359109215,0.14642975215571,-0.225079803930713,0.342914344512889,0.0567352387660151,-0.195454310721876,0.00966779087088721,-0.406386876124615,-0.428023859643056,-0.468368078117782,-0.429585955985002,-0.022569963125219,-0.0847013980580086,-0.0364587698885312,-0.0441311883920201,0.225383787330007,0.0663609869956645,-0.354006637294283,-0.156189150965006,0.260862946929339,0.222952874673314,0.00785020479771668,-0.189163744113969,0.11876051267062,-0.577915733612261,-0.461608553276793,-0.299476996256709,-0.247586123335835,0.0674350726954763,-0.412277375126513,-0.286334029806727,0.190009039718745,0.0120101596449732,0.0698918733757975,-0.256319153672438,0.117459303350767,0.120004023839373,-0.19055018386793,0.344103531969034,0.150977114448665,-0.415492878416847,-0.192585860106917,-0.26065838119752,-0.486549664162963,-0.040043137938952,0.180385641025296,-0.248406229622554,0.391238218780472,0.753202065134758,0.378725996262983,0.35602290258243,0.104118271017856,0.264416901539837,0.249469186030863,-0.0213616596738356,0.028698669769833,0.229457529783465,0.0562783231524362,-0.0428191380994878,0.319789650676009,0.657745061234901,0.230950963467773,0.19498629820157,-0.221891253030538,0.269378407105594,0.137013902474388,-0.232330522193762,-0.089133766305148,0.0868477451636141,-0.666762563820877,-0.0892842269866767,0.152799013409209,0.295103070907534,0.325729373594458,0.663539278109971,0.462398006116474,0.224347991405958,0.302142696194801,-0.017768497672922,-0.31821844699205,-0.234860274358328,-0.17106148954672,-0.275454805419802,-0.0621183546710032,0.0655382159865367,0.223245205852654,0.0398845617959073,-0.252656818270094,-0.125546941606461,0.0822757385009305,0.0471060921784954,0.307353287775647,0.354570925880713,0.219725083964307,0.563754654144482,0.37615897525025,-0.328884092312718,-0.218833340670386,-0.320917870539351,-0.255947543308943,-0.107256723790244,-0.0421244794513403,-0.133759300110872,-0.214892072316077,0.332384332880691,0.0445592069680511,0.90508296032575,0.730191097012737,0.388955831826332,0.370888458737431,0.115702408241043,-0.08071663381572,0.221548284121163,-0.332060181666171,-0.171162830560595,-0.5612313832295,-0.495630339377233,-0.141754659300015,-0.278916203429953,0.26862142343516,0.306397479684937,-0.0259717932117729,-0.181166815359797,0.0915749852596983,0.221323835749124,0.595584401407028,0.358606528210856,-0.206308505008823,-0.380447371541124,-0.497397238388817,-0.293237866541132,0.082769876903717,0.502229756259676,0.285137357554644,0.144276184829626,-0.113873281448167,-0.0192266576487617,0.115580167982484,0.225323091147586,0.447926995691716,0.117745195376981,0.764772892780552,0.43965340618374,0.316610155709232,-0.0691258447087266,0.248380534214596,0.209167009592848,0.103018155519766,-0.102514167504301,-0.153702875657858,0.458744965167841,0.218379338515706,0.267747768847327,-0.014945367931571,-0.04385119736809,0.0749647744834121,0.243045812301625,-0.0943966936753477,-0.251050750642521,-0.483328814059901,-0.655490152717027,-0.191217173771698,-0.0671499425544523,0.0246816413913611,0.0350950797094565,-0.036181893727143,-0.121896037902953,-0.0205894327594657,-0.402481076526174,0.19391116508634,0.335199094477405,0.117611296595071,0.376177097821946,0.210571208732264,0.225732805569731,-0.0730555954505258,-0.111549224255237,-0.383534900289097,0.0963800480436433,0.225314319322709,0.00383687472843595,-0.00460493321849875,-0.102479502194093,0.43041076683781,0.271595780012196,-0.15749111406299,-0.109067723492967,0.181609610908389,-0.0270573025861012,-0.133594753305616,-0.495661607473426,-0.643061211612258,-0.502177185951776,0.0620360521578641,-0.0995140154654404,-0.0196438049894501,-0.608927049191079,-0.163276085289566,0.398263769780081,0.196245679489607,-0.0959236715713212,0.719770126819733,0.474916797604011,0.47583577150049,0.219821785994001,-0.175590124488749,0.0645009501935627,0.534943821787855,0.103425422062675,-0.309287374601982,-0.219318231066815,0.0281817443948545,0.103888328761378,-0.393303075519419,-0.201485575191769,0.190644417711161,0.230705842079849,0.404671201808303,0.214440872855163,0.682577278852399,0.438227846122763,-0.0728687366889114,-0.0615620748315889,0.253567251180847,0.0335636781428985,0.0628791218573133,0.15069738765716,0.240988947900249,-0.153672178583869,0.330340677452015,0.183935860452899,0.642428223294929,0.187341424755816,-0.0230268866034022,-0.132768901473867,0.0969253992955934,0.203998112170254,-0.0814751505986702,-0.0416711268633328,0.16341914039382,0.275703567474129,0.0176191904844418,-0.345142118272077,-0.148011116598661,-0.155718037363932,0.176938157513385,0.598243553537572,0.312158326163686,0.149813351823357,-0.200549009704403,0.157862104895971,0.16047262617199,-0.032100016063027,0.305374947001186,0.142557951770675,-0.0656355385073837,-0.277674330336166,-0.167886382605656,-0.547207647017307,0.0451590169563155,-0.139904738376951,-0.20982569181206,-0.0753964624485425,-0.293510288455068,-0.209157265365506,0.214213818437643,-0.309317694053435,-0.169313212836827,0.0654690691496633,0.0391503478651131,0.144589336628312,-0.17307063091363,0.0759260666635686,-0.181268084012738,0.0543339259749028,0.488299391794853,0.159109959541081,0.327476004237768,0.354945901597154,0.0912949505838921,0.00726298055987033,-0.489107295929288,-0.2257167756497,0.0783710520460464,-0.111527666884253,-0.167915304848251,0.529701713370097,0.346201030812977,0.389808522155432,0.0864519453821866,-0.215377270160498,-0.38021205978086,-0.359408162575927,0.0930086753824435,0.00444370872242841,0.342767114519915,0.251728067066169,-0.162441960404519,0.188957845873454,-0.110042672935017,-0.255680188333541,-0.513571860728961,-0.00700982689810151,-0.0339459325082634,0.217502001076265,0.357116910558162,0.324256534172542,0.0913806839865529,0.147524771117437,0.132955802113788,-0.328656051608458,0.0739035327341541,-0.262306689232371,-0.206727411468578,-0.0602871748211018,-0.0187132953439737,0.277812221696149,-0.223142132551045,0.346609072349129,0.142595934215059,-0.00349294925519797,0.75146040257331,-0.820559628518924,-0.114985623056614,-0.116674710245002,-0.0031642390503635,-0.176352939520822,-0.256190272793168,-0.30072014370525,-0.341754008616581,-0.200781281139449,-0.271684074505233,-0.438373718831605,-0.493684137257808,0.115662541061396,-0.0641935491844287,-0.240240543376895,-0.762450146314293,0.177280227909392,0.18730086557637,-0.330691236764506,-0.257074780668968,0.42933135514015,-0.0681709812917396,0.00748713105478925,0.518295369684476,0.552536269280033,-0.197218654821942,0.371895588670698,-0.0556890133410726,0.133394931068888,-0.0546336679865932,-0.0714954158271366,0.0592674018568634,-0.26063575459823,0.0519754305706938,-0.326626837918216,-0.0132995157872019,0.425714012359916,0.382172694474489,0.0015741726583938,0.21563974617756,-0.290757625056538,0.0889331030243591,0.037681713133415,0.0835419456070069,-0.0995071301733305,-0.760017279973839,-0.0798678604429034,0.372959743556264,0.208779954432139,-0.293487972054163,-0.0404860800665334,-0.0959332606296532,0.404232017497508,0.306610858645805,0.681346701484965,0.132479524713371,-0.141486459767176,0.0729159530511825,0.108930746102789,0.303821236566217,0.50577371624521,0.415040625906926,-0.452988742073323,0.393172431265539,0.119952470967278,0.437202583869417,0.604640618467059,0.266613440582448,0.353370576459949,-0.0349142735821631,-0.139205453271223,-0.148081506703024,-0.318938227563323,-0.0205636370661048,0.0204497407586754,-0.0281339364724068,-0.0449276751131667,0.880330004209513,0.709205109123149,0.252342571705816,0.233534891265648,0.1385105027828,-0.201093527495941,0.223889358839955,-0.109065849486628,0.0924529526916071,-0.161941031775853,-0.0740699631252328,0.14753546530751,-0.577923639290487,-0.413063358865512,-0.343306281584481,-0.172541025913054,0.374951850971618,-0.133648297853094,-0.365603467199378,-0.363752640169574,0.0913505607836467,-0.20791883314199,-0.102199285792939,-0.0815275255226406,-0.168080400789219,0.296668756633548,-0.0492867742969233,-0.114661073563133,0.027512066714048,0.0488307050644529,0.47982590975844,-0.0502519904633554,0.209771269924194,0.602524295618537,0.220953063185871,0.39416675855401,0.539126886849958,0.0228788040315726,-0.26536016573912,-0.209271295919783,0.010878247974683,-0.311112577101404,-0.135597058160087,-0.170573613083006,-0.122430221958169,0.00448185544011136,-0.0100250995294067,0.451713479756971,0.0859735953154353,-0.539102814681404,0.0364020265281743,0.166877367188649,0.0842765209613987,-0.504057630778676,-0.350125259286071,-0.131516949733149,-0.11950391370979,-0.124358005831756,0.165380631984267,-0.517209972529582,-0.237127516234863,-0.323946098040587,0.0704758076322848,-0.241247467138175,0.177077544030616,0.431013206538595,-0.0319264040442462,-0.0566300638584373,-0.102091427816075,-0.387080254064659,-0.39424577447154,-0.188902039006203,0.28568646457508,0.143546708358436,-0.0741681722236148,0.0493833770209363,0.330693101453603,0.394600299531114,-0.0920682615020968,0.252873531237608,0.186286776529859,-0.247779872136766,0.303219291305063,0.00217760312602869,-0.330821500391461,-0.123772465994466,0.405339972247618,0.485325575668417,-0.243292357413757,0.134401681021116,-0.287224041982561,0.233865403410052,-0.0139765055398333,-0.0999712383384649,-0.118818584926452,0.51020865155427,0.225775768098948,0.273198840883868,0.593095103347621,-0.130327358803867,0.100246686428589,-0.234806497295371,0.0573040144381347,-0.0736644236019727,0.027896452914027,0.0192184617660192,-0.295254845872318,-0.41949122392555,0.255710105987637,-0.280569223055959,-0.45369479308883,0.156526940898544,-0.21695450138391,0.172164572545808,-0.120830544913604,-0.128193596608491,-0.186792410136793,-0.301063978264337,-0.337700927884796,-0.393053559623095,0.14037978529303,-0.185778939563354,-0.156335594708991,-0.161289744775718,-0.238516735663666,-0.0745741690577419,0.0549717811081006,0.200896443636851,-0.132992398664169,-0.221951761644452,-0.480747450519189,-0.357317070716245,0.213733463712564,-0.071491912610463,-0.290392486239303,-0.301438862136726,0.258449900947658,0.248141785769594,0.32264861540052,-0.208191305270487,-0.291071145416955,0.22489218798246,-0.172307743445661,-0.184104101606152,-0.223370502972666,0.403734169063675,0.523278997938577,0.633127785141843,0.239497907553648,-0.0525021307781336,-0.278141133323497,0.0911044483966414,0.091282302502595,-0.0926461197131882,-0.0518554687461694,-0.229713904400115,0.107367443236352,0.58066439315995,0.17371321827613,0.316537647139786,0.122546961656783,-0.481725333126937,0.1381356258125,-0.113136700308314,-0.0868407175743132,0.377123750011021,-0.0309673304682472,0.141861260654409,0.362390329974096,0.20695279371788,-0.557454148451929,-0.0376998645751358,-0.0689746894648263,-0.0698840479750666,-0.144409252672564,-0.120367952375031,0.0416830377602071,0.29541967454649,0.038885021966835,-0.54528182403168,-0.232399356254032,-0.146288694285918,-0.69115277551597,-0.115535012667147,0.43761052291195,0.140233234190565,0.130798825206871,-0.0801702163453244,-0.315198210751438,-0.486128298100208,-0.549741510683334,-0.608087219107614,-0.0101024958575314,-0.504444074170422,-0.759529461454697,-0.390536858268577,-0.464430118613128,0.0475280598056487,0.314661521937867,0.418656017667621,0.141065897826717,0.0773916100089964,-0.209993423598329,-0.0342370973041695,-0.114680959518045
-0.265883856171064,-0.235865171667842,-0.183074535963096,0.335113078135656,-0.0692241545627886,0.0783345892999466,-0.146767263579159,-0.118611965994297,0.365645359631725,-0.286153735068403,-0.14913813132672,-0.0203514408659382,0.230696575269619,0.228228836184676,0.319440775495572,0.60697322255185,-0.115951111068339,-0.0924133496411817,0.435049996887837,-0.0433158091941718,-0.0395402761263145,-0.253435733186631,0.0510950514900216,0.0761362370448229,0.131173424633418,0.457783161919291,0.345176277568846,0.335436831786103,0.940695413029201,0.364177296209143,0.261696956466066,-0.612126985000528,-0.246277433158596,-0.0327723209336725,-0.162202959080598,0.186999203621049,0.666656914584058,0.35214185324541,0.387387889953491,0.473750337366486,0.18177533294413,0.179999487832112,-0.103976362255357,0.0250193043760756,0.279395795769243,0.174434236571709,0.643415919746393,0.0305021889589429,0.110071317144948,-0.163466566780225,0.48190047511611,0.0845792155637488,-0.0448182797918788,-0.0834377989137941,0.253780783206836,0.292132779762676,0.331904584013044,0.58411739144537,0.328362199395036,0.23331026541223,0.567133574803344,0.264205527325009,-0.00579832779456357,-0.0970155419629477,0.257823824274985,0.55433591290319,-0.0710605064748853,0.0609164848616745,-0.0855604603362992,-0.257183709703205,0.10818258709756,-0.372953759801045,0.031517128936471,0.0348284844891713,-0.0473074753171951,0.000185013135192202,-0.0791995287221685,-0.264129378327087,-0.0356182241038477,0.0780256958357427,-0.128795816602002,0.240988820205315,0.00909615548637471,-0.0788334085214178,-0.201527625591579,0.0018607651053052,-0.237591949956223,-0.0841628632391432,0.10793721575895,-0.0792306043871329,0.718925857747191,0.268282024314189,-0.138198300331017,-0.438858758294621,-0.104822642020078,-0.226514623726562,0.0300882372333636,-0.533592364054719,-0.150646083813843,0.369215488502082,0.0846217708287059,0.0661503267372129,-0.252410581892764,-0.137690150141025,0.165652846293338,0.421196690366606,0.573365801656758,0.500225343071722,0.120506151868955,0.124308260602238,-0.210220350259327,-0.260193441875094,0.0963154801373856,-0.0137826939273095,-0.019479514454781,-0.432726146357178,-0.332731881170587,-0.0415083917957934,-0.246947345989046,-0.488854711972657,-0.653785735105764,-0.144009893845568,0.126056525083719,0.549332026621834,0.00372737116921042,-0.181116129053769,-0.148372037902573,-0.310506354607019,-0.208852918480206,0.0657721352223379,0.677968845780603,-0.202350648924426,0.316486483580753,-0.051835471983928,-0.137971983520847,-0.356764000766965,-0.234479780776627,-0.0316162764937839,0.169388020979294,0.393392954082758,0.47643547149233,0.489758914544956,0.415990490904929,-0.096453752138577,-0.255654396096689,0.440666933142185,0.174506411073124,0.0677654569107087,0.211699712537333,0.256899566500452,0.373903840800015,0.14025552941683,0.442476512255957,-0.0671147554371999,-0.00451801832870785,-0.42925000279332,0.12174384099372,0.00481204011471285,-0.0191984470591032,0.147372878583733,0.102360869132122,0.0529307456055094,0.3315341754853,0.0581667326006474,-0.0818104456092474,0.0321417159346763,-0.0647485428832226,0.5298638713796,0.0660445463887853,-0.399456617465809,-0.258403324253323,-0.422808289239895,-0.148708708491365,-0.389424759297696,-0.606826638181369,-0.0476137957491739,-0.246799731448755,0.00362230135139175,0.104391449841055,0.238143893117138,-0.0196122385683165,0.00888723424651414,-0.220323334198867,0.0165249372135395,0.177428762521231,0.00307797746525182,0.0928975211440388,0.0248512138631675,-0.558818947050577,-0.431500475969928,-0.360221852777499,0.00250066383206918,-0.165182327923819,-0.565372357000223,-0.410718937590513,0.472785079453568,0.086768508778748,0.0874570317065029,-0.312272678367202,0.0323733318884251,0.0182518588973415,-0.201364486542519,0.222451912449196,-0.00998265304477895,-0.614475270348221,-0.524210604305625,-0.44709000469324,-0.269374223972009,-0.0787413897457268,0.155046732225038,-0.186377178128758,0.434138971325496,0.684500596112738,0.372191892935411,0.373152824367208,0.224688977780068,0.0622498050671892,0.307407271296265,-0.255991752528658,-0.0908178506622182,0.275771940099041,0.0215303338389087,-0.0296851181569917,0.423478446638108,0.40952562657172,-0.025614039746106,0.136575020492308,-0.26006665684274,0.381660804088516,0.349854755884751,-0.0166867325779992,0.0339027226944729,-0.0408919129325866,-0.702001657184485,-0.0457048017135697,0.112487789672148,0.025578318099631,0.391992415781555,0.665073629453364,0.564034116323222,0.275385083779133,0.199652443525025,-0.051705427854236,-0.34992472296757,-0.140900201908674,-0.113837188696267,-0.621635300140385,-0.0221846976836615,0.0491459865699977,0.171984562260618,0.124477380203044,-0.162847683081899,-0.341282883132937,0.0900973501606275,-0.370390000388642,0.449899832400663,0.196844201770954,0.284359584881681,0.549798034318304,0.233574896713384,-0.434290566085607,0.00494078901425336,-0.382151660708077,-0.161544169566828,0.0587953038468015,-0.0560288624266377,-0.152050485975045,-0.140510134655397,0.284067374969683,-0.038019217879358,1.04681962615381,0.743701223415183,0.473376556783198,0.477984584332908,-0.0867946019569849,-0.119197354726539,-0.0569803222129141,-0.275517247640093,-0.0930949323461058,-0.645149490961061,-0.470746771415831,-0.220414750729478,-0.146897162702583,0.0926264337900885,0.205833627820289,0.226228698012793,0.0298411215637232,-0.0959955648204244,0.219949515559388,0.224150414128675,0.318668024514049,-0.238441356151219,-0.332353756192349,-0.332333142712283,-0.266126885386476,0.118385229928168,0.327387843429428,0.057348903033841,0.0470976893194185,-0.100067437211875,0.200706116638056,-0.114102652884214,0.303478386041254,0.456365811826472,0.00615236411786517,0.439587975259197,0.382981074783613,0.441393731214623,0.0301795743099796,0.237334483312951,0.124153719407201,0.123878886117507,-0.179429666472726,-0.361725104482419,0.20577919769728,0.167680184250423,0.448584239958533,-0.047874472104413,0.0419749465635151,0.251230492356337,0.0853578145727199,-0.0024070663000773,-0.139341127074331,-0.727009630019517,-0.489747766372569,-0.128789681509367,-0.10294464286987,-0.0790142147691676,0.0129602811703361,-0.0441063718703698,-0.144154795631878,0.0764898590051053,-0.323806030362971,-0.0671251518252318,0.268181363659011,-0.0936900353020545,0.323953164385587,0.14873812358098,0.258736405014039,-0.125778899135444,-0.244029358663724,-0.171877140246871,0.0669366803317492,0.206975371721884,-0.24757583221553,-0.209307382369491,-0.0995178249804207,0.252898076184083,0.526652644039208,-0.175499563805772,-0.0635315637110856,0.390136502300414,0.036300677152529,-0.197901100997857,-0.658203554411789,-0.62208099964921,-0.564115423239327,0.223288040996765,-0.0677606045368266,-0.164402949102859,-0.295811880426115,-0.185796390005253,0.310666763733505,0.292187932612736,-0.168492837577659,0.667728151582744,0.43640993597368,0.444142082367608,0.208743975799746,-0.101586958606243,-0.167029752254855,0.361122303082525,-0.0684970736516508,-0.465888088371266,-0.168855646544171,-0.0743178222727442,0.172546832209181,-0.238966690424463,-0.349211167194698,0.00501590447748329,0.0166645013056826,0.517404375989861,0.212333779552965,0.69063426097646,0.84440444117873,0.03820981794976,0.0953594971772488,0.290996851431315,0.146808592130139,0.191067662974326,0.058286516764818,0.243165143126443,0.0493898130326484,0.479283196261845,0.168229509088685,0.669320761692827,0.548805591351159,0.26391816623427,-0.00625070451906984,-0.0194118391635801,0.306517973324416,0.227822903662164,-0.0344202039100766,0.0243642828485218,0.177872822616199,0.239572985779452,-0.295966838658785,-0.0653839880405598,-0.0407923132889826,0.255847071843913,0.642498685026081,0.377897449011325,0.218720395524937,-0.0613118973393563,0.20710830916355,0.239822922603214,-0.0102303672924989,0.305183679086176,-0.139416732169747,-0.182364917544685,-0.275422453542129,0.0252645707681882,-0.373176110102128,0.145740291027405,-0.184082346078623,-0.169921923261396,-0.0471144157910959,-0.146477119622791,-0.492606024698907,0.0726865789792006,-0.546822696592159,0.0105611435595132,0.237724125139621,0.0696873594849683,0.0495271820765688,0.035330690461823,0.341919962630033,-0.322427949991992,0.0336514206115446,0.482425961902839,0.053790954146172,0.357878895845958,0.319211646349182,0.123909467490447,0.00174144788781299,-0.392549552800053,-0.208098369541709,-0.0475254156396665,-0.0275979025441521,-0.106828317407151,0.537688364900572,0.233743101437429,0.1799043644399,0.0299191813852668,-0.168790176067845,-0.195646265246507,-0.388839877086644,-0.0771274727308186,-0.0461396675945054,0.354480516527494,0.108808339206085,-0.231514966376324,0.0175296566848938,0.0451236543933267,-0.169082991795285,-0.322168010884366,0.0175905492619226,0.0793340285078624,0.193503570464583,0.217952041617121,0.310733654632402,0.116043487633261,0.208020509926906,-0.0804618289269317,-0.250819053792318,-0.0874619900199077,-0.171507267100757,-0.249463574904338,-0.247556741231433,-0.319848786183354,0.195497766937128,-0.224859345293705,0.173446492279582,0.0140749725479864,0.355968665432594,0.660020005988805,-0.71093000544887,-0.267491694540318,-0.172315866178094,0.0218216061214033,-0.320457427149662,-0.170290983782397,-0.24593129849348,-0.309247218364317,-0.397814609163744,-0.182390562686017,-0.441352241768502,-0.35144785680022,0.0625850066158338,0.153628849048067,-0.163841152912018,-0.804018954513482,0.17981395118568,-0.00208525411123825,-0.358344794141622,-0.00139822942105741,0.364586176750992,-0.313239546447797,0.134391819297989,0.435354810014176,0.34590841478877,-0.0692232986539277,0.271578473113114,-0.276359542921066,0.164999117722425,0.0925866817100508,-0.187435732752483,0.00866208969845469,0.0437078754896099,0.0626096336598704,-0.135883619429891,0.254235175553646,0.484464694199435,0.111373661021511,-0.0961237665695949,0.0625860006619282,-0.310808917301414,0.0128764179570362,-0.163612262038202,0.0902844919016702,-0.0736562420449438,-0.9955164685571,-0.354038569623941,0.230715319783578,0.208924192234876,-0.194217606702297,-0.0801854368090311,-0.146365483074471,0.294135539711394,0.19463198085455,0.53213197089762,0.174275133439826,-0.135029857499496,-0.13410956371019,0.18634758563029,0.25621526802512,0.276954957764934,0.506386212440493,-0.158975956033937,0.254354847693584,0.284594003575172,0.394648502976079,0.559128534527093,0.293127979951384,0.267331835024643,0.250307762168597,-0.174753203096369,-0.372412969556345,-0.433903214721797,-0.0764728384202607,0.0370430315464301,0.0979690103823297,-0.17412047764149,0.809655979272534,0.521920616938469,0.194687758759562,-0.0469779502298497,0.131995318179199,-0.155865039792852,0.178609788933034,0.0388999514522904,0.0773871812124786,-0.212239769540049,-0.0413571646923965,0.369469246013613,-0.565526942716542,-0.296004175719106,-0.365794010769124,-0.0579953012561661,0.293908820243731,0.104900891437301,-0.251874639271916,-0.499601355917179,-0.264957740229456,-0.239288568348972,0.111350775734952,-0.2644545312944,-0.237508294642062,0.449824433365054,0.133175523989974,0.223768305855806,-0.140307576542118,0.00970188539921046,0.160609876902838,-0.0991336481747221,0.33767153145629,0.365987972232179,0.403375718426297,0.497827077198113,0.570528789681747,0.0754594923578282,-0.248911201474133,-0.0940016876380918,-0.329144699636252,-0.331036993730429,-0.0507454365299186,-0.312333400830988,0.0787227763376048,0.0290862929377648,-0.180286156958837,0.449682552005175,-0.0161131477620735,-0.18756533243614,0.0785613947402229,0.107698041072612,0.0718273432579363,-0.489344307792051,-0.440332175294892,-0.156593480389718,0.0261342927651935,-0.150353687453501,-0.0803199388107464,-0.451367185182662,-0.183906908493903,-0.348542566069652,0.0578495180822225,-0.218990248246892,0.353972487828636,0.254976761966008,0.0121588345340175,-0.106165220788161,-0.335693615317704,-0.516882361437484,-0.405041347268517,-0.252945817106113,0.475647385475292,0.0861565587433015,-0.305278704127369,-0.134521412231147,0.508175781775433,0.528386078135011,-0.0752726886637639,0.068204533887498,0.379241121436163,-0.193911189915937,0.211616337928014,-0.214963579384609,-0.226165017753415,0.189601316110854,0.478895715520001,0.437501020305128,-0.235326667145024,0.010590943683829,-0.289565054436357,0.189524629580712,0.153966104594953,-0.227187988341769,-0.208430027378141,0.278401262839807,0.296390680548865,0.197078229148727,0.626430167219354,-0.0719333057211592,0.0617769329621555,-0.247110666354641,0.0275675476408333,0.151473475688958,0.110731173308807,0.322706256367051,-0.225648675066497,-0.421184144975688,0.0863664569132063,-0.25381307381064,-0.11852020532728,0.16615649313981,-0.117853893275351,-0.0593099114343437,0.140213738713917,-0.0639316648232088,-0.229713178626917,-0.39251492849357,-0.370130059430161,-0.337288474427806,0.0989421897599768,0.030670375750932,-0.160647346267371,-0.143379604740119,-0.226284711720911,-0.0168718374944688,0.13515943446613,0.289298075665771,-0.199589445112875,-0.282820960122825,-0.232685885249775,-0.262088686180578,0.218102208569807,-0.145898531462549,-0.338922850606287,-0.212103944601263,0.472204082668344,0.279739825104243,0.253565264358576,-0.169017508054368,-0.230302717870466,0.0841965657131342,-0.280497179405925,-0.130070386250717,-0.351305507337813,0.220578382150807,0.665303237773276,0.477995210537679,0.447314479715552,-0.155577999007937,-0.499334210897112,0.183375330196105,0.021730813785671,-0.0397154963451554,-0.161942860490875,-0.334116567519797,0.0704784009644513,0.47149761358858,0.231543792392409,0.47149205111292,0.0318997644003967,-0.497992582976701,0.0180668228625768,0.00168790800098557,-0.13481878928958,0.287199283199356,0.0336887312172997,0.11559190337562,0.247338751842282,0.143898325710531,-0.538208155493705,-0.212626430005914,0.206838951086076,-0.0106033467537463,-0.268299191205622,0.012949911196224,-0.142833275179789,0.0894406482857402,-0.00610949192471177,-0.29489761559772,-0.284446681610175,-0.126319948106658,-0.62130427246503,-0.0858478702272639,0.372786729572575,0.423965747877897,0.051224975096513,-0.120400706239616,-0.324999150706133,-0.790376714464484,-0.623715498200703,-0.315639626393691,-0.0478632153280274,-0.533426853054352,-0.685844112587873,-0.316583683760787,-0.327383058551182,0.180032318219774,0.16924324945295,0.257799805388229,-0.145185452634434,-0.0206290096500215,-0.269115635438624,-0.156684827990589,-0.153984082032553
0.392229520266506,0.0445790071828461,0.153259605340036,-0.195949354627142,0.185889237699183,-0.102096229260073,0.146346043274775,0.11503707066814,-0.351377048062645,0.0861876250481439,0.111190032011639,-0.031587221264939,-0.175747993905405,-0.0706752394115593,-0.375682444816012,-0.086427212726688,-0.0989255308078336,-0.00978643840568024,-0.337464635739622,-0.0601647506005194,0.220443807390333,0.189918778424088,-0.153626639132846,-0.0398227934257619,-0.360094358045141,-0.291991938707033,-0.307157317028118,-0.350746745732188,-0.835640532125033,-0.305733765863487,-0.218576605397858,0.458107490625657,0.434718884423481,-0.087534240664152,0.137516477573883,-0.275452693087061,-0.687934390352614,-0.390176023848644,-0.28987166003755,-0.393170321059426,-0.10180755405822,-0.179182908828286,0.149635660524387,-0.155610616342021,-0.346740814128145,-0.243349624868237,-0.647129471630573,-0.249490505413289,0.0951296399422456,0.121797988551917,-0.130171034553105,0.158223697545035,-0.0215866477224625,0.367471552912593,-0.107183927672949,-0.408822899493466,-0.180315084677976,-0.35349453899177,-0.284611411472092,-0.330887087122192,-0.604090985658631,-0.348155157123359,-0.124368276494549,-0.158537142366193,-0.0568676641496192,-0.43702290616022,0.0448804963347962,0.106906561941171,-0.145424468321096,0.383626433477595,-0.0569287725164901,0.0718864748850242,-0.327520078605756,0.105139669872145,-0.00371332007597641,-0.0784380991904136,0.0938677838301547,0.34327774927778,-0.187957529506815,-0.197729286648789,-0.0469937702744283,-0.270016849170679,0.0719429358263175,-0.0427516466438368,0.0402458610987549,0.168070406114522,0.314107533236082,0.334817030199756,-0.0151028462164661,0.127868770781465,-0.715994773777248,-0.250123716988555,0.307912918911863,0.648973457058878,0.194389662042737,0.0635836851076044,-0.00348494888109093,0.499813674014747,0.243918436300743,-0.306479209570951,-0.16418256500917,-0.0157363191438572,0.196567489279848,0.138885879773607,-0.0631620192961763,-0.555485197209294,-0.450464629078684,-0.476474030432311,-0.0880202105278058,-0.231627134963804,0.313130906770543,0.240255955990651,0.0446967508451986,-0.0581431334487062,0.0426431363369832,0.383741176655449,0.395321215296626,0.124522336874642,0.223581503637395,0.414909387809198,0.580738448241043,0.439991837593672,-0.184328877902291,-0.197515436368211,0.0171021364187863,0.162913492548734,0.0593097063371804,0.489507869081218,0.085843346886518,-0.107565273199012,-0.363075808702362,0.102269156401052,-0.0280722512427311,0.0507239174010543,0.0815738127530509,0.142277901842968,0.3074795865315,0.173188665118192,-0.100140473929007,-0.175129983558522,-0.214626643656701,-0.531164581058947,-0.496381596806471,0.189857789063622,0.307982493629407,0.00488964616490209,-0.254527290795759,-0.193457630116552,-0.252593872405322,-0.27546247196653,-0.192888655618705,-0.139488543523673,-0.0362928154375242,0.153549319276568,-0.117128512131635,0.23959237385673,-0.0518283012245251,-0.0457405813755086,0.0270020920529068,-0.27834873070607,0.0170702489590831,-0.16294313438522,-0.282271314355902,-0.0336961966578917,0.0416299441484342,-0.374188448001483,-0.0502252936441504,-0.545480211305215,-0.00972719496793198,0.387375505919798,0.14460213460153,0.621753274216693,0.279637789427348,0.335101278817361,0.474636820297259,-0.180016565139838,0.171315877032836,-0.0244200559712192,-0.00876216639812417,-0.071134145722566,0.0658592459605121,0.0500752538736323,0.197107544526613,-0.00339873140273023,-0.0703451451008106,-0.0242970452649432,0.305271463031026,0.0375177532062452,0.563185063340818,0.313957578809969,0.178275482937479,-0.0427519913547846,-0.0106547483302846,0.431318130405446,0.261363800512698,-0.191017033811154,0.0320801225049955,-0.130300428664002,0.0584778143672469,0.0370586748629891,0.0150227823711694,0.0633766781374921,-0.381820986031907,-0.140210210192306,0.413292463454752,0.252035252358206,0.434090456990008,0.507750471171075,0.13580333392289,0.00767362323215877,0.0224874410969724,-0.268161479650511,-0.697335226446607,-0.410976443529414,-0.27250863749407,-0.0826672995981923,0.102282002298209,-0.116057380468262,0.227807689413028,0.0251899799472879,-0.369981941760981,-0.0365303834374021,-0.0407526132872485,-0.428650853930963,-0.453270551192172,-0.151500612491654,-0.189756361039118,0.250814991199923,-0.269704018246635,-0.349550367776976,0.118463035500191,0.123519974519531,0.136903592973205,0.766055862640423,0.0373252669003343,-0.153216187020471,-0.16756285690972,-0.348770767356728,-0.703471578464316,-0.403747859270115,-0.343985715284546,-0.183046293714299,-0.0730604266219494,0.298764872246363,0.35345563618111,-0.0392426096510201,0.448030727864668,0.0247699729548196,0.0249259129871849,0.0130118034582946,-0.0276080575695013,0.419120275265987,0.308412782689219,-0.135304402049232,0.0132937060413213,-0.0445812935985373,-0.480346229902187,-0.265062448073677,-0.505736206855196,-0.263713699985402,0.0443103612991795,-0.0510709543439296,0.506829947452816,0.197659382403843,-0.0881670071219724,-0.145549646261259,0.161181312711404,0.148254148219343,-0.311060177267777,-0.155449352396242,-0.632954368223584,-0.495201541599942,-0.322572415333312,-0.415322817456319,0.013735396674298,0.0254100936402133,-0.0189552576759163,0.226409109699975,0.297624077250397,0.32894877506357,0.51260956435746,0.196169983020266,0.00780881819053174,-0.284562373594091,-0.232439396930923,-0.0645043099895544,0.262567940588261,-0.012804585112829,-0.244577239518919,-0.642835061918428,-0.375739288270954,0.449318373482804,0.301505949763867,0.325394642391013,0.14162924352165,-0.122519248738894,-0.228511268744623,-0.0938577855818308,-0.0839714198667435,-0.0436902498290073,-0.0964508820597868,-0.0343205670519401,-0.094609198813566,-0.462978823676557,0.0164015280235622,-0.644996714096559,-0.367390866129167,-0.368118859497102,0.0748953460129917,-0.300465474803824,-0.215252074920444,0.00693197613500691,-0.0145811568847028,0.282502361936058,-0.0701924078483903,-0.00431248113580668,-0.21809001358229,0.00458993421970864,0.00266637032137881,-0.050451071677954,-0.200703501787823,0.114514029517169,0.192599471313603,0.537799775465376,0.477383990299482,0.0704782978180086,-0.04638251770039,0.0555047152481693,-0.0827132082654042,0.236523577663205,0.106433759473819,-0.181342868528598,0.345117662473462,0.104839964279935,-0.245977863228255,-0.0336767336739121,-0.26650783701559,-0.361217547767326,-0.0903844622964344,0.186655015162988,0.427304309376735,0.111794560411181,-0.190440902488474,-0.242074729978272,0.190501504217456,0.257655785431101,0.19040390738768,-0.158695954380115,-0.343607641483914,0.151742609526519,0.13670838585303,-0.411683844378726,0.210914288327639,0.272622151501355,0.525123704248255,0.448579659914145,0.511630053589264,-0.0117533407210608,0.22883325441378,0.0687572074345278,0.275062556932694,0.138676092430691,-0.301286992810504,-0.277134873127229,0.0912118681810846,-0.435328654271454,-0.139905395050932,-0.455026339139948,-0.371133400995439,0.194272697992889,0.0125682595250402,-0.346221067423057,0.0107744992748271,0.314027127764839,0.289152497600503,-0.04858436451787,-0.151246585605564,0.354971766148543,0.0779921385271262,-0.167293340056001,-0.231645710584988,-0.513854326169489,-0.342545897922943,-0.534620535963773,-0.375657210870228,-0.156103941452226,0.0298673933976123,-0.0662739143941885,0.0257320849100416,0.107061062100675,-0.0502808816043183,-0.380012911166725,-0.0835031858794516,-0.289714183791511,-0.154217844223914,-0.718168270757347,-0.386474130302273,-0.0602347933432047,0.00702446011603252,0.0944330451242784,-0.0482596753277247,-0.314200266716568,0.224577480432648,-0.391811318808796,-0.191632015173471,0.0615410420137674,0.267701145897009,0.00934530439920893,-0.182742621278186,-0.419375082040445,-0.73572472618605,-0.275050974314762,0.166190559799773,0.284359032559143,-0.143123565999458,-0.150033379054181,-0.140594831436754,-0.176373312319792,-0.0267839968507085,0.0827738469041048,0.265587030463879,-0.0368340034257626,0.377520561882328,0.107452867462373,0.0533396757191921,0.338414470251087,0.0292357855636861,0.309386881044732,0.391182585247572,-0.0857473343126312,0.326846434095668,-0.241048064636015,-0.124716660724235,-0.15978214762264,-0.293853654989779,0.0542877250341234,-0.0663199790558051,-0.117030317492413,-0.155690820239654,-0.574371354553819,-0.111746845267168,-0.175605398677034,-0.291449159409483,-0.153053990594506,0.156928183169257,0.210657956134181,0.152583890609668,-0.0320696397035392,0.151682494870531,0.152021983703503,-0.396260275262545,-0.37573807693704,-0.370240389097891,-0.059153618725012,0.20548865977148,0.11162953825066,0.389826280293914,0.344267543357396,-0.109989286809323,-0.412721841243751,-0.0243463726238442,0.240500946701968,-0.228872178230479,0.132185273103595,0.219200133084938,0.555030749460514,0.150888819322325,-0.00642016039423216,-0.157187187276575,-0.244360079555963,-0.360780526319798,-0.0767163688589949,-0.226983305991943,-0.0810474110474823,0.171934222575429,-0.125291276197587,0.33071456370191,0.107205513932947,0.0292502892204196,0.369188093924956,-0.507028314481642,0.0599402397513189,-0.0945404067130134,-0.0695362445802983,-0.160968358768695,-0.613343747442684,0.619446872317947,0.0988832083346073,0.235026270696721,-0.0644264070033966,0.336726024777543,0.383959285583632,0.0800131167888411,0.393053047148269,0.313302876106889,0.116278239574399,0.347518089686166,0.159810115827665,-0.0137470020123945,-0.0407694970179068,0.108731039022656,0.651865674068228,-0.415453834122815,0.127070668658539,0.117137180616031,0.0420883536897941,-0.430396868194354,0.1400079163954,0.0912933973583311,-0.453693474818749,-0.399108351817311,0.0830142016736531,-0.302865941575688,0.203995481083458,-0.222151231046832,0.033400808741747,0.23738560761713,-0.0866804696599221,0.134060840734574,-0.139199529319582,0.153620767627543,-0.135661431975206,-0.342558680239928,-0.280784321629141,0.0396784833410516,0.0459120677430537,0.372129362210813,0.112511746504469,0.0214646407045055,0.080756311008273,0.0542543979696168,0.82017578445226,0.166119045546603,-0.439369538312115,-0.297182528664366,0.376771889192758,-0.257032500654111,0.321463226489319,-0.27374143947146,-0.392526430791436,-0.488083305596595,-0.155060734837286,0.474663372505648,0.0940833037535744,-0.0102401662992324,-0.425485703715063,-0.414962760074343,-0.278439093300143,0.251317375532682,-0.143303536994221,-0.124662513884186,-0.522576146974703,-0.474820784210356,-0.203359611039249,-0.273011044238799,-0.230308823344187,0.0906626012878149,0.208162086920979,0.331682130592383,0.063326955824346,-0.108171943144036,0.0949405528167527,0.102813465219214,-0.841845695790245,-0.709935160887038,-0.212834814858656,-0.0856944132038718,-0.183158292971067,0.213371011330328,-0.0562153123179857,0.0749079922247427,-0.111045992868321,0.350680387169911,-0.0756962704872999,-0.172872848921606,0.467964161899713,0.404158508452906,0.314980987401024,0.0114812343253938,-0.222771979231905,0.0608885878323546,0.189210241642574,0.268592279613857,-0.0858253286690929,0.230957309249639,-0.197006216217142,0.0852094020114312,0.082424802220675,-0.342024707084281,0.0782440386921855,-0.0973697707501053,0.200846898364696,0.0457041737394153,-0.0354385937959149,-0.0262190901727206,-0.144870362202038,-0.42854111650325,-0.459659149818821,-0.378962789722105,-0.495882015550476,-0.0441422996994549,0.328881663063019,-0.0179236610388111,0.0250748541062114,0.578017658519197,0.494606827924603,-0.144413962253597,0.109085649556168,-0.0217800997299608,-0.14910904278511,-0.569760450429994,-0.109820903076901,0.497533171102631,0.110875146562703,0.020822789002807,-0.0882123560660381,0.405985387941391,0.468062164986383,-0.0205218503398927,0.224215421214346,0.22683929685956,-0.249078182243946,0.560432034599523,0.08776831299823,0.310459724328225,-0.181058334261404,0.164146276934108,-0.104151690696536,-0.326096298621044,-0.0360365614074678,0.306808538572436,0.0315158796988377,0.435280894797098,0.549779137237529,0.159601385980528,-0.251346301895091,0.179735218964841,0.23572929729434,-0.0139898500599363,-0.412780337238155,-0.584878553786915,-0.0607692038882762,-0.231442817497062,-0.255889825713635,0.144456144721822,-0.0237168349195956,0.23098128216821,0.121058082898003,-0.106823633307307,-0.546902559999109,-0.466103627841842,0.0167724015269867,0.0257298108183459,0.295792609634601,-0.253871488420243,-0.11236046300549,0.278618762084854,0.143976245131525,-0.133912499766203,-0.173336403872947,-0.27395669147779,-0.385194145646566,-0.00231592261693283,0.0386069089748466,0.175553994595778,-0.00426303242552166,-0.145500299539779,-0.0514935610848747,-0.117299934495484,0.264088084480216,0.261385230907139,-0.0941840252879258,0.384985310717998,0.29309669127043,-0.047371667982874,-0.0166975932048569,-0.00148491321595823,0.0325363340245079,0.161104117321397,0.059356334411122,0.252512360064466,0.3891141633308,0.41072120337517,-0.178666392943808,0.0293229113446922,-0.0619576113743072,0.309002911584207,0.320668476020696,0.111945610426613,0.218559121841278,-0.182915813100094,0.106762756327987,-0.0324061159110421,0.493710624668826,0.23581302452057,-0.185773305359878,-0.0109376840249905,0.299443247741395,0.0147930841121116,-0.233692763281504,-0.189344162382641,-0.21232311472263,0.226173141197596,0.267611258737095,-0.102835440722533,0.0916210858806386,0.157535598773281,0.287642454426369,-0.307495829174352,-0.450408886761729,-0.544061891111273,-0.232876456306128,0.0980289964756192,0.338533111875567,-0.082517844993713,-0.0876192759657346,-0.13441656734521,0.154274195740259,0.453659060315657,-0.201438385278399,-0.640678697236391,-0.159544204297966,-0.411823817850948,-0.20301258672443,0.509019089760147,-0.0830374721931254,-0.151909533226571,-0.113552729139573,-0.0607683169698308,0.035786023111695,-0.257994510335713,-0.296634296882723,-0.0461023714236881,0.365256966821028,0.338843918267923,-0.22378054287587,0.166055399059863,0.152896425195797,-0.0166604610610402,0.00546633067759203,-0.139791173963292,0.174584180329757,0.241604687460223,0.235481385217978,0.0548042124165817,0.477060699917363,0.0705570329104628,-0.356862242393555,-0.199028181701583,-0.247041427477953,0.206490028507484,0.141145586223254,0.393572567743737,0.468467371412541,0.348369217825561,-0.134911798451173,0.593890681869028,0.858074315127709,0.351011873559001,0.386932237286655,-0.0966939908099614,-0.181705434673157,-0.280562645086759,0.0611175845712722,0.0915055498838683,0.148642901540106,0.0655177201283174,-0.0510785853280821
-0.131120102212485,-0.178671788592481,-0.0560433558888755,0.282689383147628,-0.175891777815052,-0.109474356484067,-0.0676382850196694,-0.241909427708776,0.116985843832123,-0.122286315689634,-0.032560129107474,-0.158855137494617,0.147652577258469,0.0851291280320148,0.224986405737238,0.111655849433036,-0.0694313039808947,0.0467448061024494,0.137044630056605,-0.000136420856955408,0.0525255734260676,-0.156893085469464,0.0821093403616606,-0.0793894486645238,0.0876535292500816,0.111211497879421,0.0577736519595497,0.0601383002950411,0.278039856045963,0.16228780170898,0.024438669964421,-0.166811707538648,-0.267756329931672,0.118556552021004,0.0270900694089517,0.0707935655362749,0.2326543553697,0.16595227182617,0.152809925703919,0.180301094578503,0.0757811609916957,0.138571382664087,-0.137483754956631,0.0601077284338178,0.29906743177064,-0.0222452387219224,0.322060254884874,-0.0848809805989149,0.0202818633446159,0.0295549481848613,0.175275126032409,0.0404713256565756,0.0591069749062671,-0.0959005477321771,0.203462268280568,0.0268794145315988,0.219946459152505,0.250736562878056,0.0677206289696992,0.130954362874954,0.100245021669657,0.163233993656137,0.0351698162254506,-0.0213104860032652,0.137390819655043,0.186673863186428,0.00856907324807941,-0.0176715508574672,-0.0427201410190963,-0.249940842862239,0.0319254199456609,-0.0339104070840602,0.17390327012825,0.0168378359125492,-0.00433066822754667,-0.126757175628438,0.0878848080605248,-0.0036095506138193,-0.057681080880399,0.276669698889717,-0.161481891433298,0.116254918835449,-0.213512807645154,-0.0397774117365301,0.102307415124572,-0.0708783612795942,0.0558194879001626,0.00364481945149073,-0.145778855838361,0.145301845856843,0.258256628420152,0.121504395058213,-0.0834450783924429,-0.404326780246386,-0.0253911682386603,0.0112003140253711,0.20236293081973,-0.329083018647143,-0.152790425783546,0.0301090318903767,-0.0140962271633321,-0.1233604424862,-0.111209943721681,0.0402583211680473,0.0946698460541644,0.326017785847187,0.218721246336433,0.147340145220381,-0.0890073378876244,-0.128030442783021,0.081825158388551,-0.289465666553146,-0.0738858930829349,0.0516530144396269,-0.154936402897063,-0.155269252279202,-0.0415514106710341,-0.0330007335934881,-0.0876245024158,-0.0796475701505135,-0.198449194161505,0.0168093395822539,-0.0518691094909046,0.0637273962774572,-0.0872691957895425,-0.0497143386953842,-0.083737385945575,-0.086098910127101,0.0284075988759437,0.226067892878353,0.134164960840075,0.128700558266581,0.141926214378645,-0.0239987608113523,-0.13752294990447,-0.115450484484054,0.0648817561182282,-0.00206226438798903,0.122166803322335,0.0790087438650879,0.108940354181058,0.189207026590702,0.170318107938008,0.0819449483703033,0.0318260153347375,0.0727872639761177,0.0842691027956391,0.135037178642637,0.125848032140638,0.185522655542768,0.0806827962433968,-0.0389569322147819,0.0105872664669098,0.0117188972810085,0.167693302960538,-0.271435899554805,-0.150696940310549,0.0343469626173297,-0.0250026159042915,0.168626513483056,0.186693624916308,0.0236016028982766,0.117780762471757,-0.0744352988416422,0.234275171504686,0.0737777213537803,-0.066499901644166,0.263202851606951,0.127470606130668,-0.148652644303207,-0.116591652974148,-0.0867928782118843,-0.168291828661302,-0.426108254183525,-0.435376337028595,0.0549833078905182,0.00643999753447138,-0.0567341884176114,0.0519011739192751,0.018945709632897,0.108640286669703,-0.0790541622032721,0.0593344347086872,0.0984733811800153,0.0970368378338204,0.0131958343659651,-0.0712473047580482,0.158000833482055,-0.0958271812736636,-0.216396207831024,-0.0269114970271936,-0.0170889428002851,-0.117132361941896,-0.174869321399933,-0.0747735702872811,0.194654650118523,0.220198866919878,-0.126134873318309,-0.138626565753595,-0.144161961385859,-0.119635040285623,-0.0228135036051247,0.0797662630735831,-0.122150280590683,-0.203484302549385,-0.161410110882354,-0.0751829626549463,-0.156935688646664,0.0415899952644006,-0.0694978631242456,0.0358299587753935,0.0949219448458275,0.368329950141954,0.154491968707236,-0.0335839806310675,-0.0292695211352715,0.0564003385027754,0.14534428248234,0.0619049702065771,0.0104299133429467,0.287852145258102,-0.0995895364222686,-0.0908402372798726,-0.00755363279991408,0.0800490864288835,-0.0595146646523186,0.189076388211765,-0.0652689003801349,0.0376190429551799,0.0949416970517043,-0.111539773566239,-0.182710095043105,-0.03743808141601,-0.206625258011474,-0.0196609361976801,-0.0489838168463496,0.129055017839843,0.00860284769637003,0.312670084025727,0.364598617771373,0.12134388993586,-0.0963523720562597,0.067189028700964,-0.0607553920396178,-0.290207026689124,-0.142908516806839,-0.27219617911058,0.0112684143998963,-0.0915898839786268,0.123849799045492,-0.0489797427651004,-0.0848534576302424,-0.122272270536222,0.155784080005921,0.0120435133232342,-0.00679919856937918,0.171151225916522,0.16162757398557,0.326200349017204,-0.0639259527438984,-0.0222441362454814,-0.0519675191988638,-0.343526824291918,0.00795218424654381,0.162858880331649,-0.046178435922626,0.072358152296884,0.20481376317472,0.0438092496260194,-0.04644495928246,0.291321399164179,0.270656090545549,0.109398980665332,0.157236911420032,0.0905030592773564,-0.188072097341931,-0.00973369193909008,-0.161734398396953,-0.019872801336016,-0.14913639671807,0.0423406984111264,-0.165446966869352,-0.0542126428518127,0.0742985644127136,0.111362382991944,-0.0807603869601027,-0.282972765199145,-0.00727044762307287,0.236038429136119,0.240612682842001,0.266443734697862,-0.243936315066068,-0.134597324349923,-0.263348916033509,-0.114452977264528,0.00660580531606608,0.133578020445002,-0.0796287857270206,0.159425019413669,-0.0183479284828472,0.084725787867784,-0.060779408060941,0.0933002572528635,0.227777816567116,-0.0533357843189918,0.261226621135296,0.0822960951590722,0.136588321741451,0.0882722278740466,0.241710946056355,0.0743574629834643,0.0321330936169418,0.0260756842540914,-0.216220645620889,0.231607921175412,0.157174747515446,0.124219946147168,-0.214046574248649,0.130867071648964,0.0683147713699988,0.180516295619166,-0.172032023203328,-0.0261705902354992,-0.27816172039935,-0.217963032167664,-0.116483192405004,0.0651090975478098,-0.140801496594678,0.0337358323333234,-0.222580794305527,-0.255605228693549,-0.0500972290177621,-0.268182786609037,-0.0996430145732148,0.0998533255505505,0.119731584895424,0.093384700164528,0.0695763899958251,-0.00642779058491373,-0.0842788971559325,-0.108705871459328,-0.107093623340724,-0.0149571927116212,0.0404479901904607,-0.0032144548335493,-0.0913511158917278,0.0454889485785321,0.0532546379281408,-0.0483354743028442,-0.188283249805208,-0.0608845356670826,0.00314188869241362,-0.185813956501895,-0.103699824258543,-0.105810941191919,-0.0506428467953249,-0.461862399317598,-0.156456122576059,0.102160364402643,0.0717659151725165,-0.0713238903430683,-0.0994826854605002,0.152536891910623,0.0352461129417308,0.261072929506296,-0.101061795435006,0.13954638006605,0.0272060942230961,-0.0854012249247897,-0.00942389798430049,-0.107529094264822,0.038550681611502,0.211439016850032,-0.124142069219858,0.051801608247995,0.00796263575674705,-0.0733593407879027,-0.26319196659486,0.0767042703546797,0.0255160643605093,0.192914794190202,0.043470351813106,0.148019277196945,0.0846467901377437,0.472559359837411,-0.05400203273686,-0.00315738583886342,0.0941825831314853,-0.0231017039773257,0.0514607972009359,0.114797601726497,0.0693283322707644,0.0234050015155364,0.114950382932028,-0.00774429412367471,0.246488972531458,0.223532883950987,0.0987786099753774,0.0583301600434335,-0.161725756094517,0.000538759885911996,-0.0821128974698594,0.157427804329352,0.0250154683283176,-0.0193161420652532,-0.0140072142725228,-0.102301992520171,0.0970551361640129,0.098152639626499,0.048256114000053,0.35914146250549,0.224855325584111,0.078638474781688,-0.0874626632937267,0.0387556489508036,0.200813728558405,0.195717787956341,0.195338785465663,0.180443245778848,0.00950819971405097,0.118996278653107,-0.12139319487517,-0.273507674537867,0.0974408535845067,0.122382732919562,0.101235780172631,-0.00948257313265883,-0.129197176374034,-0.309288072929981,-0.0780614956269596,0.0393333594633533,-0.108638854919578,-0.137333504456856,-0.0402119473611867,0.0389678477066739,-0.251282523350352,0.144240836350883,0.0196825392310368,-0.211572113616294,0.0176071607729557,-0.116869597063279,0.0969525347833852,0.146220376569975,0.0373719995002128,-0.122122489158063,-0.260561760234759,-0.0869087888244237,0.0335640732331919,0.104908100843342,0.00333198047435692,0.122870359171119,0.172231203415662,0.0996981024255195,0.0453270551577317,-0.0451586736822536,-0.178039678578746,-0.0951688677365466,-0.0642974394292143,-0.0598157737776068,0.0985386732624478,0.101457312180485,-0.0263423274551582,-0.0335543162435114,-0.267842275333422,0.012256028864261,-0.0754956596625564,-0.0311889335462927,0.130857796402419,0.116100253967618,-0.0992387958002365,0.0722576720385647,-0.00393700072604648,0.0615844944217871,0.114871788228185,-0.0670155365192247,-0.0328973512417317,-0.111757386699659,-0.223265829156224,0.0780687855389233,-0.158084936578483,0.213881633064317,0.0674447811900794,0.106048848331729,0.0505213862556432,-0.212110190645648,0.208983340339199,-0.202803321015755,-0.186563317785615,-0.0444172708341501,0.120634944694697,-0.118853763143631,-0.107499907543549,-0.0386561063628165,-0.22711698069866,-0.117870763901606,-0.199389868720591,-0.108415443458455,-0.164604862283393,-0.0691186844699161,-0.0332470183994084,-0.0812312502639358,-0.137583687248922,-0.0174068085261422,-0.067484047166946,-0.0633299287967821,0.0044526929652623,0.167354148275235,-0.142552891526152,-0.058065271536592,0.107081827279765,0.274705017981157,0.0130923951925005,0.16352911471356,0.044608119393144,0.0342928422049638,-0.0431109121742234,-0.037750204065455,-0.0353489643263191,-0.0587927382942116,-0.0400840921872875,-0.013095959045317,-0.0633287390245824,0.0816116929614817,0.179632183505767,-0.0384921043147234,-0.048937226227121,-0.132620821290341,0.0815258078164531,-0.148076943317297,0.0956421239572202,0.0786969347285933,-0.449589932767879,-0.170069720668709,-0.159554783914722,0.196916203296449,-0.464861979423953,0.00555191431319489,-0.241591323170594,0.190753050780533,0.310641192807359,0.181457498659195,0.0450750413536372,-0.148752537850696,0.126854729666762,-0.0334609383001153,0.101262187311249,0.175495836804981,0.215351603593292,-0.133648466993858,0.0186957583406374,0.145427949527408,0.250569247380967,0.108381433500038,0.0370270355933139,0.155485396442666,0.105543789227913,0.0317450496662728,-0.191568785180192,-0.114274638688802,0.0862926455097155,0.162318816379675,-0.21169051718735,-0.05228320385371,0.282283050470153,0.326469972952097,0.0497153173812459,0.17026089855246,0.192969043220018,-0.0248762698789683,0.136465327015441,0.0304830655536182,0.172518960757108,-0.286889467259847,0.0158236431776652,0.127152666731363,-0.261165885130361,-0.348717829142167,-0.0162499731545411,0.110801306118581,0.111863219484292,-0.0939753255747769,0.0689166448789414,0.0232761648896148,0.108788473015177,-0.0864665837457286,0.0273592389622024,0.108008162385466,-0.0230930892173777,0.16251899017222,-0.0507121732732394,0.0224430326836169,-0.0539126221387295,0.0819775378411552,0.0331609355947239,0.0388595908215455,0.062831536034453,0.0608307090096673,0.253283302855932,0.221054067949895,0.0195785682950246,-0.108895047387224,-0.411408449656229,0.0283593793090553,-0.188279194710203,-0.0590294074572532,-0.119021373274797,-0.00210549042963479,-0.0603521201550944,-0.0256105512630561,0.097654515342943,0.0738548510123074,0.0970097824465845,-0.0768023620523375,0.0879094074117339,0.0351436730535276,-0.0629305350598071,-0.167328087176734,-0.364385969323576,-0.0689525979812133,-0.0113944156173017,0.018958578638395,0.185290269348602,-0.171865395893652,0.0546809702447569,-0.0318910481053911,-0.0409312411641102,-0.187029118357812,0.288468119329975,-0.0231389912393509,0.11255437564514,0.0180592479906594,-0.0555888940019079,-0.121230929979149,-0.144933282044976,0.0487712085514977,0.0442387625353606,0.182238972620495,-0.0804704426648814,-0.0150327999815039,0.297476030083703,0.160318227415587,0.0523652175394277,0.0669466449097533,-0.0196715436027727,-0.131096084704177,0.00629718286042699,-0.0453697429674367,-0.0112028146806181,0.00807074973053946,0.402170967440385,0.103781932424676,0.0247351221780954,-0.123187567996612,-0.219464949351812,0.128621472917819,0.0415363471510862,-0.0119971401809617,-0.0968995058948952,-0.0141685722060755,0.131251995131263,0.0546686034499852,0.263011637626174,0.134016214187683,0.0194985829851019,-0.0184971156223297,0.0148989364273018,0.0676672825084506,-0.0472232497543181,0.0606167734650111,-0.266395535473878,-0.163894870057554,-0.00831436625406001,0.03613476984256,-0.171621932487446,-0.165697502829285,-0.195385715301745,-0.117411441847094,0.0535416484287018,0.144476154752113,-0.0942952840263755,-0.274375891607585,0.0185136187212642,-0.163754741087728,0.1398957459082,0.15286680096213,-0.0477703300283138,-0.0460227574533514,-0.0725559192979075,-0.0133915169495183,0.0568063832935158,-0.00806747126362571,-0.0373504870047028,-0.100268046146369,-0.116576122567661,-0.17505786006104,-0.0391591939191944,-0.17308208251386,-0.0926897119247579,0.0594486258863657,0.244751553961187,0.0754951298068527,0.182809489359999,-0.111568520768567,-0.135210739498591,0.0448259563744165,-0.0218266079606891,-0.0473080294813716,-0.0857365639857477,0.138896956540059,0.16153700616617,0.258476566679455,0.250130623859753,0.103611711096371,0.0563333306667238,-0.0285463220587078,0.172582079612986,0.0844983798570264,0.0280617249062066,-0.0614781715603764,-0.018585449098051,0.162378913146565,-0.0132899658837507,0.369694011427766,-0.194173608610745,-0.0645955052535416,-0.018107505773624,-0.160236329948182,0.0223038792331443,0.211236737801451,-0.137010677848197,0.111464301423339,0.0207867275351341,0.0950555107340552,-0.222801489756722,-0.0422313911753634,0.152138982161593,-0.0574107890073573,-0.129716849997365,-0.0484803959462094,-0.0295790879399267,0.103827755784412,-0.0714413748421762,-0.0461736768198649,-0.198835468359286,0.0126943915673829,-0.0659724820940911,0.126027947377889,-0.0956675837525565,-0.0923760587422223,0.172200984397741,-0.137861437567527,-0.0595942715881308,-0.304616813711667,-0.00499076843281943,-0.371164422507343,-0.0728098900702212,-0.234170652961836,-0.346900165177337,-0.147934009138715,-0.421963491293268,0.0381714937334687,0.0842869990997703,0.136839626834667,-0.0209955235500648,-0.0700531911555858,-0.070657875594634,-0.11864847605557,-0.0807848961041625
0.0943222992526234,0.108255683112783,0.133425831994366,0.0137810455259777,-0.0790570383922985,0.154560358309712,0.152481940886892,-0.139763739468397,0.0744426128545117,0.0797031439849569,0.154297390084472,0.0556882021903392,-0.187017547099567,-0.128261576419643,0.000795060011132664,-0.170453480674903,0.0481356612912115,-0.0761559911384299,-0.262074257487462,0.144171317665643,0.176331792848725,0.189062138481643,-0.070103551393939,0.00976343872112476,-0.203786892348811,-0.175131278427307,-0.152870822215443,-0.330738987535937,-0.42426807694144,-0.192294933110911,-0.351075094761221,0.201151386145483,0.277540413319137,-0.0675507716936127,0.109889776217044,-0.101729944267963,-0.26929160609199,-0.254521092019726,-0.299418591713524,-0.371671400143935,-0.100099377414509,-0.137649482978049,0.120837348344306,0.120161694843329,-0.322511516607192,0.0566915651580085,-0.350346729902435,-0.131788544877403,0.065199131187696,0.147886488148936,-0.317162470877965,0.0905417052516832,0.10741180107944,0.0791193921316682,-0.196920804506218,-0.269701268327679,-0.219159616547456,-0.466736716309859,0.103908076681833,-0.137509975234939,-0.275250310956151,-0.0422568391814797,-0.188007261334528,0.00854049876927747,-0.0995862996959305,-0.179572334499672,0.00750516670320413,-0.138083283495499,-0.0700507707005091,0.170139534988053,0.0622301102451899,0.142514798355455,-0.398365484009726,-0.0638181476487591,0.0333855069977966,0.0623593291685065,0.0907810387267074,-0.00446411266986246,-0.173816096777835,0.0606132286141103,0.00266614552917038,-0.194768245513505,0.042040823909267,-0.126916062997857,0.0216226192679025,0.127158029356975,0.29393479057211,0.253443729757939,-0.153459145959431,-0.137030362916425,-0.281728030019071,-0.116984723173344,0.320684566845891,0.450616580149387,-0.128463521519315,0.179426650507432,-0.0153019146094754,0.215552700523799,0.226061579433285,-0.0650347245351909,0.226149957576563,0.050509511920472,0.182632835303133,-0.0179369832196501,-0.0663975599409694,-0.269618559906383,-0.423641147501504,-0.470093155867174,-0.121400100336639,-0.173003720296018,0.135788587470412,0.264267546924113,-0.0779356512445021,-0.0744060031594053,0.0855630226633161,0.459302275185468,0.249596117688451,0.132133665002038,0.0387500468588588,0.12536755047393,0.245715007709255,-0.09746740264615,-0.0787022914758006,-0.274273136552204,-0.273714966796141,0.0691924661059507,0.0346089273263465,0.112205820119672,-0.0183411878203095,0.0985343211894805,-0.289291609821199,-0.00676130229952766,-0.246413235175037,0.351203003914132,-0.0174458134962445,0.130732745139233,0.0967192116118887,0.22011927996619,-0.0672855000955799,-0.325074211774861,-0.462210435882972,-0.302683818889763,-0.292936606013757,0.0678759352313833,0.229471849196555,-0.127899535277336,-0.145435730806761,-0.241528355836896,0.0419366385280251,-0.191419290325908,-0.0782687804177023,-0.0752303899789079,0.0301100444394878,0.146678968817781,0.080044100661799,0.105708383420837,-0.00637867563869823,-0.034684397532456,-0.0531517075495848,-0.281850263276351,0.0925399175229236,-0.149912479702126,-0.228546161335315,0.0871035147997772,-0.0121394062029856,-0.116927312319623,-0.0131000408927036,-0.39655122823895,0.0858946486470032,0.350381871791801,0.0493437154410827,0.273306590582855,0.294924898946254,0.175453996672734,0.288184819490321,-0.0962601666859929,0.173201602113595,-0.0656428015136179,-0.253407997810666,-0.199337230244809,-0.124275202583517,0.148107367385538,0.0473034553280359,-0.149830072650238,-0.1569797137869,-0.0923214768060496,0.039058171129851,-0.152302557761524,0.41201430828523,0.295648296913018,0.205111554780661,0.0571494642959641,0.00367650446323954,0.272142617418183,0.16932814537974,-0.165707266393376,-0.0691997335102738,0.0421761190527552,0.153785186845336,-0.116988076545081,0.038651311012318,0.301908943121641,-0.041880237456659,0.0702726395305887,0.301162721447181,0.134577257798032,0.128937786290158,0.336497277088932,-0.0733966850715058,-0.101941927412086,0.220614452492428,-0.298814673802266,-0.571312787372738,-0.277179990720381,-0.272998708737707,0.0214280690718267,-0.0258071639993337,-0.142106863625269,0.0124864158782393,0.0439658657715775,-0.190362441015123,-0.225810109809793,-0.0418556547765666,-0.357828636976882,-0.477071848992886,-0.122808789301125,-0.328065240176968,0.225511126522889,0.0270788262387646,-0.073233100010935,0.0500248137004769,0.0929076005270958,-0.109037362625842,0.510523925682236,0.207948527618847,-0.105889371895974,-0.200547525923712,-0.246500617347199,-0.262227343343725,-0.258397935036109,-0.17108653494333,0.0263327889093489,-0.0291984776363058,0.244220047905095,0.188840987644592,0.136031133404339,0.180479776300768,-0.0717617733596944,-0.144702732879621,-0.0870948271596025,0.0867516545073344,0.211438297017209,0.194024294624249,-0.0694039095719948,0.215319792916092,-0.131313283577882,-0.172127246232803,-0.180778139529344,-0.265438752332222,-0.13876935659392,0.262434383486696,0.218790094556623,0.489715748892708,0.12339235988929,-0.116134435159488,0.00159519196196931,-0.0514251905423155,0.175644644140615,-0.157159341930551,0.012913756963742,-0.455481484647975,-0.368211428464709,-0.18644089735134,-0.365282961743915,-0.0453106447262561,0.104085219720639,-0.028682373855377,0.270840381600808,0.175912843053708,0.101656138533517,0.394606877373759,0.0568983472432907,0.104388104373847,-0.0907402078582152,-0.0104789004041009,-0.0629554523301674,0.156452434150221,0.0125647666356558,-0.29584667704234,-0.229085448668133,-0.330441982386662,0.197990705354241,0.180388315599645,0.172464126059422,0.26677567217359,-0.073133912370536,-0.118566565234426,-0.0444466840233928,-0.218693465448432,-0.0921531567831586,-0.0393523979552372,0.0511187134432303,-0.237761429495175,-0.15220813458397,0.0156353533538541,-0.434139799450044,-0.171866662053183,-0.144964430681648,0.075024597518196,-0.161228777870507,-0.167684663800702,-0.036310267999565,0.0526008482526529,0.0998754938770806,-0.251275352351862,-0.0454375983693682,-0.141555211222071,-0.144348335391236,0.115299217458493,0.00315314159478105,-0.00858108445831143,0.0821263108165195,0.129224797755826,0.351731772636941,0.326117602139362,0.0574267032425872,0.0611989765581652,0.226315797695318,0.125770968289617,0.124510199622307,0.19742457185905,0.141019679605452,0.15404933643524,0.164922240395185,-0.207485643590797,-0.131923178033444,-0.2307478798477,-0.214120858049074,0.110593611958282,0.198019097883467,0.289666436172649,0.202798037049963,-0.000163591186641568,-0.110065752496141,0.120268396691983,-0.00378092925697249,-0.0525656404744983,-0.186691298700824,-0.260361270524948,0.145408565471598,-0.0316608277418486,-0.283099273949072,0.0212685733183942,0.104238058568746,0.213107812732,0.402649485016487,0.235597538061479,-0.304938395807109,0.153269743273202,-0.0284416494214105,0.269775461184197,0.139176551104876,-0.325788621301601,-0.163500001529172,0.0542405007330524,-0.569660384122906,-0.0524745557594862,-0.370012151380967,-0.214095430997877,0.111698558488771,-0.0771983177017457,-0.225698412386467,0.0622020191184752,0.18394761803829,0.103975568515891,-0.0368504414786616,-0.122548966270606,0.294568147006317,0.0142603678544025,-0.234934895405747,-0.193065640799183,-0.0964135793929304,-0.450926953046625,-0.383751252135116,-0.454213320860004,-0.127931903915598,-0.0675523568842307,-0.246344623015207,0.0181655525440048,-0.00179961867893687,-0.0797944731640629,-0.0621263897933853,-0.0613407052406085,-0.00430444051210491,-0.173375828794204,-0.172388339306648,-0.289263041393785,-0.0523524073701233,-0.156589915569228,0.0916414189929661,-0.30262198996856,-0.080839926100943,-0.0436356192165374,-0.0352458763189202,-0.174117011829014,0.0234888787335544,0.391677525185059,0.0734302327752419,-0.0163243413584437,-0.117137521089935,-0.291561750498812,-0.245326342921194,-0.0698354689700156,-0.164742570139709,-0.0490178348009038,-0.152370314275294,-0.130993693187586,-0.0368001917974309,0.104744643870221,-0.0671225232332758,0.167504761950616,0.0551683114058578,0.329759632447171,-0.025653965921096,0.0549688389231249,0.19670534953488,0.0950379576521922,0.261037392163606,0.352057093719337,-0.167526772109677,-0.0318861451491359,0.00333727174650515,0.128631617756319,-0.122628136420013,-0.12412486136182,0.00865442771457403,-0.182796012924971,0.168529513819015,-0.0973579435257465,-0.235799661070988,-0.126693378702787,-0.133490378157988,-0.0364955064763917,-0.146167775424203,0.0069702585221163,0.191526719394568,0.172205903212143,0.00393799084933358,-0.0567096752013323,0.0153106327268867,-0.369468290661024,-0.336895121806202,-0.121464506178986,0.0675384494985033,0.232624956565632,0.141550609195768,0.29812875517353,0.174738230370543,0.106262605428623,-0.108547267103023,0.115526516820217,0.205587343444064,0.00690078734936429,-0.0543439104924854,0.202587016683156,0.230119477863003,0.0848156992813455,-0.0484151200538949,-0.14882610246098,-0.00217962800542526,-0.155800347646216,-0.0159516746661616,-0.0333896635844255,-0.0538115010068798,0.129033582251025,-0.0488200684015004,0.155537836827141,-0.0364414029982404,0.160220055484362,-0.00628468955576911,-0.0733549405526868,0.0524252102562304,0.00844290426132391,-0.100086951724508,-0.134571810186326,-0.395639976011038,0.396640627098504,-0.0507706277669727,0.0684890178874502,-0.0984184187491514,0.0134510468597249,0.0541812675236192,0.0316384261428892,0.251217337157488,0.104454791481633,0.0622001806033634,0.0815822064301848,0.200765458636279,-0.0161524579490462,-6.19429112832109e-05,0.102205158087915,0.412739614507955,-0.12823721854509,0.164343107795754,0.318509339271002,0.170312046657803,-0.156424212151069,0.189438387118613,-0.0436259936644103,-0.182148995942232,-0.226731329790295,0.10828452119869,-0.255931115579299,0.130466676734173,0.0443845464236796,-0.0979249803786932,0.0772811719308279,-0.104814521544351,0.157594757497293,-0.00399017858547221,0.154382885256402,-0.0592672887638845,-0.311625399256028,-0.290998142617032,-0.092537560275919,-0.0382781056662545,-0.0182020554975649,-0.203957483383338,0.0140562363952653,-0.0135344700261419,0.267049130701188,0.689543057348303,0.143825384069457,-0.0907322321828345,-0.179050705456457,0.307479596753885,0.0511152836680321,0.149037777478532,-0.145925636938166,-0.369024589977853,-0.492174976976526,-0.189932432398007,0.118832622872669,-0.0539022009594263,-0.141324703181636,-0.189783478297562,-0.131185696137667,-0.305263651398128,0.183479840797313,-0.104339482113693,-0.164688141159572,-0.21286596449608,-0.255885238101695,-0.0305640906028194,-0.222128855455099,-0.128987281899809,0.0945002030088732,0.419614906111459,0.283368442817302,-0.00633588346606362,-0.220105624172876,0.139975265309135,0.0299594641618771,-0.436598655730547,-0.347720225829244,-0.0301766760604839,-0.0726128970739857,-0.0101905916939615,0.132139508525039,-0.107843561460605,0.123018781183844,-0.0278752943533415,0.183490726497478,-0.0492478062594328,-0.0354465077740302,0.331536267233876,0.303242763149574,0.0696209040458026,0.05598017813016,-0.170767514801903,0.0422164585436643,0.271991492748911,0.14247241979347,-0.0335324588515324,0.0552653438595585,-0.305125734119719,0.109217083386706,0.126441505331176,-0.175740257378981,-0.0647362974427517,0.165174410809455,0.0523615966954366,0.0859641197196868,-0.12005005642098,-0.0209977973622379,0.0975306401496068,-0.150551199296011,-0.0222391063228481,-0.221606215653059,-0.300850457659494,-0.0646017270931238,-0.00674023095843955,0.0509881464813352,0.223265868440693,0.327197761734091,0.147805673514746,0.0928503073899083,-0.00810458817993528,0.0197794767502226,-0.0738751659045172,-0.312827774500357,-0.396343408916732,0.172347257754826,-0.142304663245526,-0.16642890654733,-0.13451336024841,0.243022345543621,0.267963602404056,0.0467078437765633,-0.00259052565826058,0.133411419310966,-0.00801929326955238,0.250483903292638,0.0602784896749614,0.0210334031594292,-0.202354889461619,0.142990280738739,-0.139835315016603,-0.202293144073309,0.0704179193212887,0.17297767338235,0.189061153847324,0.325740119303423,0.3519687154591,0.12719706011803,-0.082640698885619,-0.0279177389953968,0.0529306197679381,-0.0303890805685443,-0.29250545358746,-0.247209931556622,-0.105127225460251,-0.226062082876657,-0.244806596154694,0.04684626505931,-0.0255929608780624,0.249700736525321,0.195605468029459,0.058537176660351,-0.335470023766027,-0.345824269271869,0.0680952290460838,-0.0564150272257313,0.277049010366883,-0.221956236313287,0.0160934898981385,-0.0236758943994927,-6.72438712863571e-05,-0.176272062567794,-0.157235305447036,-0.186161384189441,-0.582659125167911,0.104805804472731,-0.0706063429543314,0.152519899782969,-0.0406921561331879,0.0574399900141943,0.0178428581575473,-0.0910348890968772,0.0630535432422729,0.292673204510935,-0.216923311708286,0.426960091732663,0.16636997735393,-0.0490265453192688,0.0663255732930016,0.051967821926959,-0.0791529535497076,0.106902826280495,0.0694030832498532,0.368084836333434,0.205339412571514,0.164261590322832,-0.0333105496595763,0.000573725404776838,-0.0194079161682109,0.264835246161433,0.0754039343494916,-0.0279204384507456,0.00714892884558929,0.0449375857840887,0.141507254889581,0.0747971173020597,0.184487081406507,-0.0661409339888521,-0.043296444899949,0.0552864308459349,0.346865751235002,0.151811935338306,-0.219024005370539,-0.145188004164865,-0.309673636426144,0.0949034762103932,0.20337605592044,0.0476242651312643,0.00117375578033779,0.226230767478614,0.193369079375673,0.00761439801128352,-0.32985554956682,-0.504065622267566,-0.136074614056428,-0.0414246462797532,0.194771638453151,0.189232223682424,0.158433702320758,0.0532999275227925,0.0182459956895007,0.11443482736634,0.111207768555329,-0.266273591105339,-0.227945326852181,-0.369363974598985,-0.0887241674839332,0.341934632872097,-0.0114044647047822,0.0630277768517913,-0.0432231990191017,-0.168631621154587,-0.0900647814477727,-0.327338222502197,-0.198764839663117,0.0841095078523703,0.466044537370807,0.127901187979852,-0.111155847869827,0.236363049763317,0.0371011271573546,0.0970248202861358,0.10793663790562,0.0152830661072283,0.151462465448109,0.195819725695204,0.219640744340637,-0.148304912132306,0.384169955810312,0.00724513332581189,-0.21333982453518,-0.231909626760493,-0.160804246843749,0.254582806573842,0.312892999276716,0.480709924832717,0.297277194350643,0.46081447398337,-0.0761098537021363,0.429920681302734,0.186157880314436,0.36464912600329,0.36435707343726,0.0310086674457446,-0.245483566965927,-0.190430341931913,-0.102004821710994,0.000244092051244524,0.0688250469873709,0.129178718447831,0.0540381402841496
0.705121482415159,0.436526460175485,0.335965210803661,-0.255065086040022,0.471973464696615,0.14094996789818,0.652940131681916,0.24547345731057,-0.394146839262284,0.425270472776918,0.374824146669489,0.0596279232927828,-0.653452714266387,-0.38886391888033,-0.982101695038487,-0.539591447689378,0.337805384472789,-0.0405785303409592,-0.955227447458365,0.135807964061795,0.650460102008513,0.00237881135025744,-0.500979954208887,-0.259717809065676,-0.53508681016735,-0.826226616956966,-0.714901739547641,-0.67750300453299,-1.78007226732884,-0.842096612798479,-1.10702515726861,1.27154322665598,0.932201119658233,0.006118654253287,0.175620295373373,-0.391731668179716,-1.72381273161376,-0.897629829809481,-0.658111709993749,-0.783923895935188,-0.478120228057258,-0.569925915354824,0.67348591183199,-0.0688043111081627,-0.85191641534261,-0.598190979317217,-1.61157908808256,-0.822025815455818,0.112305701178426,0.390485586715795,-0.617861269400323,0.311675740131187,0.0719436478549995,0.454365948682414,-0.489651135872782,-1.09278492227269,-0.883514537283896,-1.22934607232538,-0.332298537983512,-0.751894350213167,-1.30160688185028,-0.532728579031283,-0.582297707131473,-0.118992796379767,-0.313540530375835,-1.07872776563312,0.0299731315113921,-0.210614710136736,0.0443791600926137,0.361694253063449,0.118052592747027,0.656067586375134,-0.708311872594549,-0.236984985725002,0.19146453249816,-0.208425728977889,0.281323319126889,0.606575398616071,-0.46383719146896,-0.108936832201068,-0.0843098308431698,-0.62896678698998,-0.200388352707044,0.0163120783626404,0.423831216817734,0.235678816944084,0.858933014269901,0.274577115635081,-0.386537172186842,0.0632198054944749,-1.60764303371407,-0.475713262738125,0.620906855255691,1.28579449808652,0.0466485738383012,0.311483350722255,0.161151749460682,1.31150499280664,0.651493607632595,-0.646131280590927,-0.360424446880065,-0.0944758766430139,0.463218538933997,0.242012564869306,-0.116995405586797,-0.757216640810761,-1.03010316556725,-1.17019732636402,-0.212715167242451,-0.405271841724059,0.499099625593969,0.753653741185859,-0.184479808643556,-0.226104906805977,0.303316061022935,1.10869065036366,0.898039335665775,0.469318538189199,0.482457057332688,1.10422846679898,1.34286796228121,0.419929479110714,-0.633151840492843,-0.801838155983953,-0.246757852681615,0.30369294647463,0.269862242710785,0.622924279280461,0.180219491876131,0.0982361523844407,-1.52595483276826,0.223019456125564,-0.128803733178298,0.363546737292328,0.257301612059215,0.354584717013533,0.309933540025651,0.245275013658733,-0.261712218318847,-0.517082626726009,-0.805063344398941,-1.37849364810212,-1.24172029601152,0.0510084423958005,0.832325723552554,-0.49243218795119,-0.595942051240669,-0.335276390690575,-0.460377684540397,-0.667303251864499,-0.539613424534997,-0.204536050969481,-0.552155720307126,0.162014419320549,-0.112639015896759,0.593364937043736,0.035026650272511,-0.262016473081341,0.0329913988397098,-0.593762450027436,0.0428507711242403,-0.364292570292402,-0.710318459902553,0.0977373379871461,-0.137264212999603,-0.346335850790038,0.289850146323706,-0.842765476162148,0.08084502125328,0.925551312021943,0.216231728071327,1.0667713834702,0.826379075063709,1.09201056312563,1.22768771029876,-0.233228927387967,0.395044348765751,-0.0141264907510467,-0.200431448915067,-0.342298058028983,0.344172464058005,0.435729198036483,0.397820445880758,-0.376338849834885,-0.34528346792097,-0.0367511334054704,0.307759000154032,-0.248965811620036,1.52979541780548,0.607985539376991,0.931413689374054,0.225291600500077,-0.22504901770903,1.14791824130422,1.07379053328229,-0.483309616070025,-0.247769003452737,0.0999349266882743,0.407355080917662,-0.122551452974663,-0.242282573141272,0.283915305904683,-0.747637094547257,-0.21483686973806,1.17927676230711,0.385829241396493,0.928613658389829,1.10541366578901,0.170113176880566,0.0701323720214329,0.488186629740505,-0.958977475408237,-1.71200487132714,-0.980619820342856,-0.927801530921657,-0.0558897382837134,-0.169395402567768,-0.694926738105741,0.125393502882488,-0.0952535039767466,-0.798215713034042,-0.168987067942436,-0.126903329348332,-1.13653272112321,-1.48043168320442,-0.260718655989633,-0.505892211729421,0.562433758148283,-0.415430274462306,-0.381678195475835,0.428319544817932,0.0767230499459196,-0.0481812297505834,1.77205028495421,0.362247359191694,-0.0523334176262862,-0.452918326715744,-0.727594016028719,-1.59877868536165,-1.11119164174963,-0.627039053806944,-0.366782854144246,0.0626226986704174,0.618219861298758,0.820020222673492,0.355056942709993,1.41911172354194,-0.262966149753375,-0.233940302014126,-0.398380254353101,-0.161486254546017,0.728245041585285,0.923520693145054,-0.356352117217204,0.0160415955240419,-0.193729060142202,-0.827385219007926,-0.828468406949563,-0.916349732895446,-0.522312669556084,0.692660201857316,0.0308720242233772,1.11150317612787,0.591061809243225,-0.0799508139015993,0.239486113548266,0.0298336978732537,0.343395372391858,-0.777687384340618,-0.138306811409899,-2.02547237003553,-1.67906652500947,-0.601333561920432,-1.07004034341924,-0.0655954744278566,0.0179118831489088,0.19940787203394,0.99017681065991,0.222640188743601,1.12220006708375,1.09270048827621,0.498419696309821,0.242372981690497,-0.460996453213466,-0.394962838420357,0.0559242011756356,0.461653590244653,0.149318248435745,-0.532963573172661,-1.04182868312178,-0.839725184443695,0.917844527533332,0.924263813730851,0.95587076833931,0.649098542686938,0.0424472524443544,-0.738281757117865,-0.458875259076937,-0.200295740269428,0.352298900957222,-0.580274582798642,0.0757333027269942,-0.674855683011064,-1.30655184088833,-0.243987132429472,-1.71168662547563,-0.890926987841895,-0.92907379251067,-0.010915788575763,-0.608097145300642,-0.571580198881723,-0.0638287224086562,0.209916219194922,0.2696028462321,-0.657602441039662,-0.448685408940413,-0.709677860973582,-0.069103879931492,-0.394250480964649,-0.249633570762662,-0.45980434903186,0.237378122920154,0.206889093652356,1.49751912714163,1.38135904913128,0.506807120891619,0.248787931504537,0.238773420053734,0.02490129801749,0.279170287835784,0.254465775421677,-0.0713633340073739,0.605754822955396,0.0272076193858861,-0.764567639722261,-0.12033503118771,-0.653097900708064,-0.682664230289264,-0.508391721602767,0.703479811122282,0.771211077360707,0.0409695921707336,-0.524365877915303,-0.578774258737575,0.258075785172377,0.34651913913786,0.126824033129678,-0.438745547489634,-0.906448303547581,0.47883698124672,0.260049933420901,-0.624888609091772,0.0919773690378289,0.584943208673317,1.37217649577649,1.26709061364928,1.41531873848103,-0.1546839848924,0.373901724018663,-0.204506467950251,0.775246766681326,0.452756948795866,-1.00185131480976,-0.640549487390754,0.269895774541895,-1.32879570643648,-0.587027434198159,-0.83125773331839,-0.60097377680225,0.439582742436,0.0649846417611883,-1.30660934645227,0.0619431949363045,0.674280767814966,0.734753210070455,0.150521575890647,-0.439822197714887,0.832612011556078,0.588121784364191,-0.261206077237516,-0.519217396190765,-0.8656633588341,-0.692319410687385,-1.41630276092506,-1.24205367044006,0.0757174753872134,-0.11021778399478,-0.617240701456367,-0.0925869656782192,-0.0641729828625868,-0.100546664790597,-0.733826290628221,-0.367731667937559,-0.938023040378321,-0.315191298209186,-1.42273225118554,-1.15482766445938,-0.292465192178125,0.0514369875573715,-0.00808364331590372,-0.621168564124053,-0.48427081036838,0.103434473953396,-0.635527044657619,-0.76967248533731,-0.0409745864671721,0.714895721713765,0.241858382876418,0.185315182888213,-1.03019959273074,-1.70408868298247,-0.799229332266103,-0.416131311453431,0.22984810031934,-0.328304462922219,-0.300925261616827,-0.16411402326517,-0.404103889926639,-0.00639699601121198,0.26930773836356,0.641375081257583,0.155589584241218,1.01246102146953,-0.0613389159455286,0.313939912057179,0.749392764295901,0.281192551371676,0.367818740815548,0.996473445349465,-0.197476346574896,0.739510527411475,0.267686635163146,-0.184695914646318,-0.305197588558633,-0.705111434063619,0.118663765232469,-0.290710594117633,0.317086988086204,-0.37135322430356,-1.08218455387665,-0.0642125571136676,-0.796763558486528,-0.702138181797956,-0.234589123358302,0.232010879981602,0.847584223492794,0.407999406371295,-0.103265657879547,0.17855813314474,0.432122564555929,-1.12932892313696,-0.665333905371416,-0.610371168041462,-0.0589656583437074,0.332141075049931,0.576840661757904,0.705638957430258,0.427264283819855,-0.0143594351850011,-0.760973524490369,-0.540199510476185,0.412172447186173,-0.306510584727565,0.332069596846959,0.667700243987237,1.1358493940234,0.156635980111615,-0.0425487835629503,-0.584578810541473,-0.769122429029215,-0.609507245302942,-0.34541834970695,-0.359633197925673,0.11958157875483,0.690694994213353,0.0147192625759802,0.842150972133955,0.315895731345448,0.540574630016347,0.647084635547526,-0.823706389879175,0.260766826922978,-0.52074515481555,-0.536698833286742,-0.388352055944278,-1.59767053833949,1.40178782194147,0.644064127315061,0.549824240835291,0.14112448372386,0.823052576421978,1.10142403900222,0.283021954593591,0.919788215330909,0.621542885374523,0.440561191563288,0.430651275726602,0.771638957123141,-0.0942248845064322,0.286736030840996,0.451129845559378,1.58953479357075,-0.651283288326227,0.0926921969028603,0.463652186222221,0.227621725664838,-0.892447407637089,0.511677638808588,-0.30605821591028,-1.10191444995926,-1.01701505542382,0.104390545160262,-0.985849646539181,0.367331076327726,-0.230562840835086,-0.00932234929202382,0.158916892238031,-0.1880129533254,0.314294104572153,-0.2578320397029,0.523188219787475,-0.17079009972233,-0.831321522202646,-0.717617899871642,0.038259481022857,0.0762631650234051,0.820439724356473,-0.0642838548506003,0.318714702468335,-0.0629780045256703,-0.0881245612055873,1.77100632074448,0.492069512411584,-0.683655914583157,-0.492972540883627,0.726007772646155,-0.103469159960345,0.394707825348417,-0.862131611260454,-1.07910868117595,-1.24657715785572,-0.220926901583494,0.683509703480568,-0.0408572841128285,-0.0950611539242183,-0.708504899024992,-1.04349834157504,-1.04817971227018,0.352663400539966,-0.748990142371658,-0.322766358234092,-1.08046843830502,-1.27654050906193,-0.814128509230295,-0.794376079869974,-0.332024295538348,0.103681097460068,1.03166751975084,0.817867992292295,0.115103660919807,-0.284428216286972,0.0888193836374367,-0.0334631545560993,-1.88495917799885,-1.40074255369991,-0.656647791096572,-0.331166485273694,-0.345217647608308,0.618135515702794,-0.62595095173533,0.15472402377271,-0.41031516809541,0.584719595902192,-0.10174386396661,-0.384868023067766,1.2192809956926,1.02686194410759,0.73896287859398,0.128651836217618,-0.854648728291178,-0.0177546855252514,0.836604639525222,0.755710748622072,0.106999740786277,0.238316293504028,-0.303020995666855,0.493562335192721,0.485908180428823,-0.518245813024852,-0.371289407171049,-0.00448954794666559,0.399699676205256,0.146804428461583,-0.718339806267356,0.224178118817716,-0.542987019818418,-1.12470822380721,-1.10395076786881,-1.03451000842502,-0.99631548264448,-0.568147440203082,0.464357683732009,0.078573757617667,0.51716639439333,0.997550218162052,0.674673480920817,0.367405808437488,0.364571243609583,0.0189753260179119,0.0212938149353164,-0.992326598867666,-0.706384578341669,0.708490122889172,0.0610228423843867,-0.337905532342757,-0.283083358403475,0.926982465481068,1.0913608013034,0.43219512555809,0.278851088292901,0.519105289078705,-0.346659002511299,1.00466729770416,0.625547144956597,0.859641536401671,-0.431794220575488,0.500171253756455,-0.590579000900635,-0.710007531086851,0.143800311610563,0.497460708972284,0.599389453156405,1.06121830135021,1.2708579648053,0.690734502011732,-0.628032514124316,-0.0486895426176911,0.878268767794256,-0.0482844809301805,-1.26314345546961,-1.33234433050288,-0.230535918729415,-0.386517927312111,-0.880532824789036,0.380894120496324,-0.257998372532829,0.362294370498483,0.372504102605548,0.175643267902705,-1.24141543386707,-1.12967906144378,0.0823443768287133,0.034781561847442,0.380902176073104,-0.549856955518607,-0.0243693231820518,0.258266796159731,0.381884773740883,-0.681019943764598,-0.745864970398304,-0.573787773093576,-1.67396604553941,0.125885486447896,-0.151209608642712,0.33230888825246,0.167203883037127,0.0885055264995365,-0.163163591116353,-0.440117764731804,0.251428145243364,0.969519731517837,-0.553563082046654,0.962942202563619,0.492183868628182,0.0381285471023364,0.125378258689433,-0.282115513364239,-0.142335231608006,0.293853305813954,0.591661303928642,1.16837531325057,0.860165852938836,0.968648760173807,-0.406080431328678,0.103760768538835,0.0942243449293976,0.429155967008145,0.701669111132107,0.0971505371339516,0.11614012892657,-0.401154356425883,0.464492119935675,0.261247805705784,0.948132244211292,0.618670536535669,-0.508358921186326,0.334523943726578,0.778046616946283,0.187807900211836,-0.845184260196372,-0.507477295388105,-0.887461350332878,0.254267018827354,0.484196872868548,-0.447315046012215,0.463164582115995,0.549051746161136,0.736556069651098,-0.564162075916522,-1.37650581399954,-1.54381379525105,-0.539767924421163,0.0724471167443245,0.640771571325579,0.0315269857615509,-0.277212465626126,0.0921863362671955,0.308051897603058,0.587596586271389,-0.126547833888757,-1.21325028533065,-0.672385329335414,-0.862981042041307,-0.236622211681397,0.937770927392576,-0.0143592346173115,-0.0234706109484993,0.259245513692872,-0.814262862931765,-0.0715663214083892,-0.42259053337353,-0.928575030603556,-0.300669237006817,1.24928211164635,0.363725319453036,-0.346831262380412,0.359633185950179,0.516457536302909,0.0507005229248831,0.228652103473462,-0.4708835375133,0.36398344936366,0.836581340949202,0.686768333893522,0.362916693282424,1.09188900767717,0.0279002585271073,-1.09034321947101,-0.296535651154369,-0.539801475921471,0.0389274222430109,0.505692728403666,1.2131392673184,1.18767519066114,0.926824860896725,-0.217460810335154,1.33591589706151,1.78528161458993,0.745505022597273,0.840841059718355,-0.391393009572664,-0.857804519291886,-0.761235063103922,0.169961283880687,0.0290987262011169,0.425490498540248,0.209852452672852,-0.00384962505007791
-0.178688364577795,-0.0157156134162701,-0.196023711402212,0.31678550286797,-0.204511435942378,0.00900334577490262,-0.336785728200492,-0.124071488320708,0.263390712431436,-0.117133422370891,-0.259870764321535,-0.0629721824373039,0.252741921951892,0.047667550308321,0.441313121034366,0.374303816909244,-0.218857456684821,-0.049121432308251,0.591784514974161,-0.217604824929604,-0.0416788744693158,0.0283597909409547,0.218948248670954,0.065192390429657,0.484128543324677,0.40316080362967,0.307495921766769,0.383105655070831,0.594930034601415,0.343707953238345,0.572124091603659,-0.378548606301987,-0.223886745314083,0.0439146945120141,-0.00949334124485991,0.426315112064352,0.736080960056382,0.303182735458903,0.516404172716175,0.56485066910191,0.12746998146291,0.374232101910466,-0.326949477240407,0.0898980768029259,0.355731797280555,0.205575969349028,0.552828232649514,0.324650144015614,0.0893566890048486,-0.157959313711825,0.0855340318789731,-0.198699332549242,-0.117938648407295,-0.277600966559273,0.375890781829096,0.434803686822253,0.301545240422896,0.662112862803551,0.222655162015739,0.318203097195433,0.583399997254517,0.05986648790264,0.246936133252034,0.0859004070960328,0.102657169213327,0.727007764985203,-0.00616767716605129,-0.163596959523279,-0.0361019326034833,0.05121365141183,-0.193204849172793,-0.159080457368887,0.50625627701679,-0.0215832790391587,-0.108033599036737,0.139298933158752,-0.244706372197554,-0.283236452825036,0.0919464531056149,0.235370600229263,-0.175458266260794,0.394901127854845,-0.0236066965831077,0.02080387310927,-0.221388895909006,-0.0854640717199851,-0.406812571979344,-0.276491080687532,0.194865860068134,0.0613395170734461,0.807677793314903,0.246684688628621,-0.29680924771285,-0.442922857327489,-0.0453344707684975,-0.195215702064668,-0.0959563854538345,-0.441574439075435,-0.177101236897356,0.272740803097505,0.139539405482607,0.129277290092116,-0.0230312393592211,-0.0765461026666235,-0.00447689069310461,0.490751409327348,0.495709893127885,0.598355351009092,0.203197845980169,0.354884695850292,-0.292279135046056,-0.394005388755421,0.0878777101686713,0.156338724397091,-0.0901517464016744,-0.483511722338151,-0.193781081594319,-0.0815237636996196,-0.124668256860011,-0.440766702948289,-0.577401841466267,-0.20453210725812,0.197263188531071,0.293299635580412,0.032237723219355,-0.32580966612512,0.00268943199153826,-0.144826538111786,-0.244767935660186,-0.0512483691912651,0.998939518486164,-0.133713859276081,0.0383939308418473,-0.120180634754728,-0.0754347473940222,-0.152386490519316,-0.120222042457092,-0.252757542052477,0.0703687575355653,0.139524959171937,0.285521476537606,0.902203475733917,0.521653959750717,0.0122479401335933,-0.447076941476975,0.245392070955638,0.262044929261872,0.0689514836883529,0.105630416968046,0.242578723427169,0.131517065764578,-0.0845117655385447,0.169054452201369,0.0264445743907183,-0.123373417010297,-0.290544260911561,-0.0193161144123845,0.330427078504154,-0.0727467357739617,0.289417846673037,-0.00506302839864676,0.339203879331215,0.39918853893305,-0.122526541599852,0.0871387854712096,0.180776560006552,-0.160120186255503,0.522121066331386,-0.135060245326615,-0.305108374229654,-0.00052928892824608,-0.56226617301942,-0.255325197523393,-0.580093249489301,-0.531740611490334,-0.167007522988215,-0.233887693926226,-0.0176857295497782,0.0754723620407954,0.206564193715154,-0.104336345639823,-0.170597459004524,-0.267273301797448,0.263679610350093,0.313882097454554,0.0633854279363523,0.0695003883019344,0.0516162801779943,-0.634697026260501,-0.179801939886268,-0.65103521995039,0.018793468538913,-0.153936601609929,-0.490609133808064,-0.513247512234973,0.301899544152634,-0.08544407756368,-0.0194393214051058,-0.189539421774152,0.138077320364147,0.140874934045876,-0.229221068136227,0.350525866731983,0.00750404579440646,-0.570941382782051,-0.00707791202547672,-0.393608222796963,-0.534879407284725,-0.082524864023968,0.138483272412783,-0.0133656831378622,0.340673800273182,0.704258167685029,0.493805289584548,0.494858860426103,0.00764203794155714,0.0849677392503703,0.281619507317475,0.0124856467685281,0.00453153945828182,0.378628984327802,0.0153897688547531,-0.0608472926546586,0.360379265900133,0.686209152995859,0.0733946317571777,0.17204586764912,-0.295057239099216,0.154312401321768,0.0903678856603459,-0.38776973258185,-0.0610841254338691,-0.0219681288744419,-0.801806464797013,-0.0840971087611265,0.184996444791621,0.214178802740713,0.126241007485619,0.606469718976112,0.480685019585728,0.199788717405353,0.299326332433967,0.163430227375621,-0.482109298053702,-0.323355745170252,-0.299080590797099,-0.718980155916742,0.0463347245349445,0.0939282133036557,0.0148672997587745,0.0414256664174523,-0.292839563360803,-0.160642868431527,0.133066821325504,-0.0945707844036529,0.231543860622143,0.534542968730065,0.46717157271521,0.565780394354156,0.102567562061764,-0.197184913420588,-0.0663878194227123,-0.589017823274496,-0.207232066604969,0.0195546803709931,-0.00126227449055896,-0.15608353329485,-0.10199998174554,0.178139467117294,-0.103087683812833,0.978794248758599,0.755033764558532,0.13857152128793,0.374726083927553,-0.0990652300815388,0.122953421709997,-0.0812279451694742,-0.257178107326566,-0.0845562727113178,-0.427003894739416,-0.6355045629746,-0.0667500727600593,-0.0436179573357206,0.208154626532034,0.177516060428168,0.00734406819464043,-0.396891492220765,0.125244116953552,0.228576665482833,0.535280719783636,0.478040464177542,-0.426469527254035,-0.249232121737666,-0.382099199644988,-0.270836127855229,0.152528762548099,0.382035255533605,0.255443614813037,-0.0553158626527734,-0.00398247761159901,0.0803152124785909,0.0368276423752125,0.31462070799138,0.554136372697909,0.169747297328782,0.936844667968858,0.426679733282282,0.476382350574493,0.0597241912259208,0.161064674210191,0.110736162300068,-0.107434730081945,-0.12646531896175,-0.0719789305622531,0.399780801942397,0.17757556334001,0.234037921985114,-0.143601368502652,0.0622067853642332,0.0215623923333828,0.0743163026682189,-0.0754412707744454,-0.101563013395083,-0.597135391076148,-0.543098186006978,-0.118273508144536,-0.17242834072419,-0.0181024080364171,0.0505915887989318,0.23716377101516,-0.374022517952789,0.127366075090276,-0.0739306779255632,-0.159980158829067,0.21227116286745,0.152533850081874,0.272441920151391,0.498359216723395,0.277137983921216,-0.154404373318625,-0.500713580932411,-0.109538040251376,0.0696667635409108,0.154787479637137,0.0305104753195506,-0.0484273634893346,0.0433366030631329,0.160120452311796,0.482465435881177,-0.250158398291601,-0.00941023562892498,0.341814090889531,-0.132369431189224,-0.127485555706988,-0.775980172899627,-0.465012760313892,-0.591396556110791,-0.0228659654103586,-0.103469244435363,0.110239236856556,-0.362727925567787,-0.168217092110571,0.445643713731002,0.431239441045813,-0.25581547610217,0.557925550771869,0.394662099289319,0.566003034376446,0.229617738037063,-0.238513071490738,-0.141545449991575,0.454672046463693,-0.0196096379017708,-0.39409893012157,-0.328350359261549,0.137465602167914,-0.062149450083994,-0.411887799414911,-0.215045423033192,0.0253449550674066,0.248773925984442,0.259323066772227,0.572863206043974,0.591151759997766,0.408806313695641,-0.0599160668653669,0.138297851590242,0.33413647767725,0.0658359098174572,-0.0133415448629292,-0.122100247128977,0.483623928516564,0.0154481166221812,0.310219311334665,0.0873871213174551,0.745286499923753,0.476242541550637,0.192539648963777,-0.0416981863522001,-0.0123739398897249,0.170709565562259,0.234829422719892,-0.257096798348149,0.148631397091714,0.271917326008135,-0.0392717053364038,-0.320623610840669,0.00961247555306377,-0.121110119597713,0.399285388694539,0.709011076183627,0.133106463769588,0.214878270155579,-0.0821317034086918,0.212870248242401,0.066389807331549,0.0680311627999121,0.199736745029711,0.00328638012941431,-0.128784488944469,-0.256324137947807,-0.0296487487348664,-0.332689161203575,0.0705816909224619,-0.192696240398632,-0.284493212164797,0.0068089526975896,-0.241065149996307,-0.349346084595625,0.11899167723152,-0.135706369715516,0.0225605941732346,0.153183696977307,0.10533087339025,-0.0225894660943411,0.10784775951284,0.0496292601554369,-0.21913920322803,0.050242318174912,0.682469696362843,0.12949878188167,0.314205907994772,0.316404567133681,0.242213341168456,-0.22773800252336,-0.293902464403277,-0.301065144084622,-0.209979370295622,0.121739546657744,-0.198111356495819,0.474178994620961,0.349707242953306,0.159083040364038,0.055617056288771,-0.308213135397741,-0.357242141871208,-0.502977172460297,-0.141960760241378,-0.22573204287635,0.45251126844338,-0.0193259295500078,-0.237756005934942,0.140523178796812,-0.0684321991732607,-0.386814473018938,-0.485123378311869,-0.337328000328358,0.0991540609930493,0.31093815316548,0.217917036923206,0.245045544902509,0.0703100472767395,0.169421779757213,0.111810218602774,-0.224616185833115,0.012815703261123,-0.243422827054615,-0.274021894176181,-0.298964688162376,-0.261006188532907,0.178971175521606,-0.133194190255626,0.215113750349694,0.176229318946906,0.222099858393876,0.667110163716236,-0.488592735769942,-0.473071334323748,-0.122979337914899,-0.0623661217037943,-0.339130584429432,-0.441494669473386,-0.302134879158524,-0.504395509366912,-0.253922688639546,-0.250785316517145,-0.0890372759393112,-0.265866555531362,0.190727911567738,-0.165843743861663,-0.12662532546595,-0.777163534801982,0.15099184536636,-0.0475447262707553,-0.320636980157788,-0.177665438587972,0.464820061307562,-0.183903103452435,0.13258119324435,0.532931197089762,0.384037953781757,0.224853269683662,0.359311220639727,-0.211487017933127,0.243940341303253,-0.107325701251453,-0.0117739563321497,0.0143869326732554,-0.0200807684420282,0.103719642714848,-0.120383793310844,0.0433017638785679,0.425470965322565,0.432617231276063,0.0529893700457729,0.130970284906541,-0.33542607014804,0.0216324255205422,-0.128548543323866,-0.021089415243505,0.0352456908326948,-0.8386214639286,-0.384102800601981,0.544035008205495,0.100890909809031,-0.292420980907228,-0.0131713059255724,-0.257577461559281,0.225493026648754,0.618612116750118,0.435431919571238,0.265271998004477,-0.27712169726573,-0.0870732412905182,-0.0132429445257417,0.42288193171419,0.444461941015684,0.416611413643803,-0.0396373218245459,0.330881274494603,0.235180487435948,0.609389130009723,0.651711849575426,0.402214746086211,0.251377015431197,0.124894573038166,-0.186006337794992,-0.568385200006227,-0.426442176978232,-0.113238956487845,0.249910652595803,0.0305717281646434,0.019764977555032,0.987239236424991,0.554926272619598,0.198323039096074,0.111787843030135,0.156248874722492,-0.208291189907307,0.179569705637009,-0.160705855348548,0.198446073710518,-0.399566031605972,0.100726429605367,0.140339378075406,-0.602823531794038,-0.439958295139227,-0.321560524391593,-0.0471512835557051,0.129696873019987,0.00972470853708412,-0.40854639492133,-0.327141346975413,-0.146991400870234,-0.118837487193584,0.272879986029731,-0.189268598576783,-0.226379643723428,0.342245837883738,-0.0262263433238065,-0.0177597259433558,-0.195258986068526,-0.0974364121605848,0.165565279983015,-0.127361348315338,0.411144764600959,0.530936708362921,0.472283444430663,0.525193992032941,0.726432729618763,0.0801385033115573,-0.187689428004018,-0.192658604173235,-0.0856499756954958,-0.334688717761277,-0.419944015194671,-0.188030724172287,-0.225177372080592,0.148971589315631,0.0277563439065042,0.628765923525043,0.400340346958081,-0.429504277784064,-0.0679481059579304,-0.0307702820868078,0.376576954419656,-0.500275894331422,-0.524487575621569,-0.346659796401784,-0.207373252764789,-0.340627846208304,0.0855906573185407,-0.748506385975877,-0.269487847288005,-0.463370111760143,0.246054840208158,-0.380551084015266,0.12621253580021,0.378077289356418,-0.187527919614992,-0.00016385420005241,-0.195455153854117,-0.359314602853134,-0.435142391409673,-0.269281272375705,0.463903098532067,0.0278720328047137,-0.242579539213017,0.0941088728758238,0.722114334749844,0.644924519502205,0.245470446018194,0.102022137018756,0.448516746242642,-0.181894196759937,0.162721889953909,-0.290692866818235,-0.198712954633514,0.0857818329067088,0.510811886793681,0.722378938503463,0.134895561664746,-0.132484719519424,-0.491535762572142,0.151166528589803,-0.0909513627323824,-0.30873589218447,-0.23087946533342,0.318372035976496,0.1433224842682,0.297409460750887,0.968662221187854,-0.0510585859525636,0.0232762220801489,-0.238504504870232,0.0222095535380187,0.10391939117091,0.0413533126254846,0.21429835938281,-0.3690509692588,-0.533960780447877,0.190616239617854,-0.439710607093143,-0.174959819259786,-0.0730034460705205,-0.142033629947597,0.295267138681175,0.190640386327325,-0.197182175241968,-0.440364959766197,-0.566808417898972,-0.433736163809586,-0.356847091749633,0.185966327223732,-0.146961438124088,0.00643551967987394,-0.334849562322982,-0.246481435468485,-0.0468312859055771,-0.127892467941132,0.242170080711448,-0.196288996037906,-0.173980094182285,-0.478160144953235,-0.360370387492708,0.362244667984466,-0.124034491944294,-0.275590554266218,-0.273234461588272,0.383214434443035,0.190342511551411,0.396924884708537,-0.0789347599404016,-0.194503413861678,0.00696118042644159,-0.0228959512002401,-0.251657869054119,-0.269814211610919,0.15311940385279,0.521647542137235,0.680449298237238,0.322208857332847,-0.18197721994022,-0.336148128873926,0.138038489444475,0.0587861375965441,0.0318960357310304,-0.164922849116264,-0.208318020342349,0.205389797306999,0.722275265419119,0.140596151348834,0.304439585797415,0.152829630889516,-0.606343188869764,0.00837171805664228,-0.196502739958644,-0.210755820035417,0.189334800929611,-0.00976546271587133,0.27731969147651,0.418963896036256,0.279064247253483,-0.464202014552632,-0.24485758796663,0.141634638806719,-0.167770220468853,-0.261787001706676,0.0672123681194191,-0.0533606623988979,0.177000402652949,0.111037894084128,-0.474937476179801,-0.345955570023296,-0.212073834792633,-0.508132614852805,0.0192048049647684,0.596845109512197,0.275023338181904,0.301066838739084,0.0343713970390131,-0.037884802960175,-0.602998915316888,-0.620446031895259,-0.814304816891951,0.0259881839955888,-0.554983782152395,-0.758072752953021,-0.337665694249131,-0.460195270037455,0.195259164021078,0.114029771777112,0.319582365643854,0.0804561621009773,0.0662060569332508,-0.316296045091915,0.0119569780935414,-0.0558790699693278
-0.156838712235628,-0.0821114869986911,-0.0184787003253191,0.345900445503684,-0.205999812802098,-0.0624429920160976,-0.28032103400981,-0.101825360450872,0.096593351908868,-0.281232359806563,-0.018871929207032,-0.0401459591712106,0.214629134213559,0.154311595561722,0.176975305972733,0.463677462222934,-0.23964931117616,0.0522792818352849,0.160423008758085,-0.00921068328592637,-0.162640846684761,-0.00969721376353156,0.023120605466524,-0.0432188794100713,0.24265762544127,0.180128137246331,0.137572482555913,0.0433531800337243,0.554065608871818,0.180676696899371,0.304579875180501,-0.362220636437735,-0.0478945145154701,0.0225957334846806,0.0292198505548349,0.0813580544178129,0.578203120012161,0.344531531123231,0.24235545837314,0.283297690081537,-0.0597260133482308,0.225315404233773,-0.383990354025838,0.0364514726401236,0.119839972767561,0.0988231688340319,0.416571101516544,0.151095031721266,0.0900181798621069,0.0467840971787448,0.161548695776456,-0.0608863989226414,-0.0649977357819746,-0.0963833173874607,0.210515971489738,0.463358729955621,0.536888883765175,0.38336162123791,0.150577605997367,0.307612662014458,0.480235927967097,0.185978852988302,0.273686533330653,-0.0580370646601321,0.124790552263062,0.215700093714236,0.0105935738537157,0.13890340752931,0.0259596161589303,-0.0375283072869592,-0.061777871293623,-0.132769508796002,0.25937364267989,-0.0767649696362964,-0.140869686251388,0.0718561823643447,-0.0841402268780743,-0.0197461620354695,-0.0708676659254166,0.00718152489370705,-0.0796853990571253,0.293530518830314,0.0686994351335607,-0.0692935412523731,-0.203715575995849,-0.0483623019412717,-0.191176559410885,-0.143006143040614,0.0199987774202263,0.0504798827389667,0.402643258799764,0.191403843323053,-0.0819031815684539,-0.226190697655414,-0.147036712984199,-0.205544571814747,-0.0178123586340268,-0.275913388893213,-0.284015584369338,0.109851892586889,-0.0381795332446694,0.0906301078896218,-0.00871655685471212,0.0907714498526431,-0.0902996854620536,0.208922406052466,0.361183158141382,0.379747171794443,-0.0456767972178507,0.0849260003621094,-0.171143558159362,-0.180681445033053,0.0409683713860482,0.00366563409686729,-0.148860683047704,-0.314540281569647,-0.0313117157829815,-0.11609668979037,-0.0770667951553622,-0.428328837758999,-0.281898428426431,-0.115221007086548,0.0240458577690454,0.202059964236561,0.0861568227394951,-0.113832724364486,0.0550903948053539,-0.105191393661435,0.002957468390052,-0.0602969120520097,0.473358345425964,-0.0850690751120559,0.0395363679913029,-0.207753829353817,-0.0438112467084016,-0.177635673368589,-0.222543525562971,-0.128053665037642,0.120387895983152,0.152325417082583,0.206607511653045,0.499692795598753,0.517528183080515,0.0833351718640995,-0.109742686536425,0.136445173243494,0.0777631319459617,0.201572328337344,0.138906694498463,0.303200803342679,0.250449826407662,-0.0702889393862285,0.0966267470043322,-0.164660874433371,0.070555081108273,-0.173489099310971,-0.0660923218555549,0.0803871127425551,-0.0617772264365831,0.296194716384521,-0.0633355192791744,0.200713663442414,0.148962402008098,-0.103723644995642,-0.110375410792083,0.265509023025105,-0.147735578171424,0.173629521602334,-0.21771601236995,-0.377091108034425,-0.0942880976390926,-0.180711384606275,-0.0930185844307047,-0.37240277262803,-0.459119044581182,0.0642133775617173,-0.0943090123410469,-0.0416319688375919,0.0367491851454458,0.00586806666939305,-0.209070459036641,0.0104331432438209,-0.0577832723061394,0.0868034062390093,0.198830120682029,-0.0135316916035289,-0.096828197543631,0.0877781759196827,-0.439901644919381,-0.118610587986306,-0.179732132964848,-0.0716373425654219,0.0210552061993651,-0.338791135789169,-0.396112408595751,0.212278538376768,0.164610819750345,0.167220301337609,-0.27611994092591,-0.0591012487223979,0.130881625959454,-0.0171700570851146,0.476050409557456,0.120033613791477,-0.273237092324143,-0.190387309861844,-0.254373095519063,-0.376163230310331,-0.0672086922305632,0.0862462566620871,-0.00129701748594847,0.366090683747893,0.57895673381058,0.217992061405249,0.35035359047136,0.039089249796198,0.0900295767217348,0.216377361475456,0.0632414131469607,-0.00929971040610358,0.167002362762137,-0.00546796697361014,0.059810214660483,0.18031488154755,0.57329115386668,-0.026342804895837,0.206448469787756,-0.272456493140451,0.124829905171985,0.199781877174477,-0.0509434336142978,0.0319628606697731,-0.00976678999651958,-0.514302368459431,-0.25641997551272,0.109724893591035,0.326452985130091,-0.0470033973861499,0.438215894587703,0.262824619363178,0.259296553344266,0.124490401575875,-0.0651844643934606,-0.130215686787394,-0.336371404105652,-0.219152835200197,-0.146669194516487,0.0992278941465614,0.0333844293862319,0.133845099734375,0.203833043100923,-0.354852989842197,-0.0815438650814154,-0.142892112660971,-0.05952921590847,0.229978668642338,0.292541331071095,0.116204562548887,0.130595901048321,0.0674416895695233,-0.3208639187776,-0.283897258874163,-0.430937173613546,-0.204645871262425,0.10072252756494,0.01299361135925,0.0210722057396409,-0.233852104557908,0.240082851319341,-0.0491814769200942,0.528413297778568,0.536139660267773,0.139469054238207,0.355341267143782,-0.00668018355240059,0.021462986389763,-0.0299926896658629,-0.170758867010039,-0.202624407557436,-0.237465744019752,-0.206816415153297,-0.0913614989780392,-0.0115023545484657,0.168892709856806,-0.069935598494192,-0.0863574884560014,-0.161270871872316,0.00384868857792859,0.243854908926935,0.134654590800904,0.14148372833708,-0.196303350336288,-0.361672576591348,-0.213694014213801,-0.293775856943488,0.0681578463236535,0.312789877842538,0.368610699937876,0.197026672542778,0.0716005786914339,0.0865425074180342,0.0104999638034546,0.185052601560679,0.417096203620029,-0.0764427098732813,0.641788199741823,0.362624385933336,0.30879438305162,0.236115174581091,0.122908886963878,0.103834267181443,0.0961277377415592,-0.083102141591482,-0.0673519651069819,0.260995640929847,0.114915668258809,0.251882233540257,0.084077179944276,0.0580181159457806,0.10906688982944,0.0888881851120138,-0.148667511952337,-0.215919562993376,-0.392349004722861,-0.2814480787423,-0.212503052223656,-0.0736371865018356,-0.0967198285163285,-0.104559295065918,-0.182117390496509,-0.0824574342658597,-0.0710692837114477,-0.131430149603731,-0.116475705783079,0.156928879071724,0.169109888769731,0.308970132838504,0.237726746451393,0.0508782680205966,-0.159765614959826,-0.113588650821351,-0.0826960556157771,0.165359337115941,0.181846059976817,0.0805101005664273,-0.138878040542981,-0.111217844984827,0.141714827765484,0.456694779998779,-0.0695535578460081,-0.01049032381943,0.248491134750322,-0.00969589217409322,-0.168414583491397,-0.432443947488907,-0.371995145532421,-0.429009460187028,0.164536321332405,-0.0372746066353301,0.180807050380893,-0.267857617777401,0.0110762190308582,0.369905261689499,0.211149441864174,-0.192313833539183,0.287684093042069,0.280618860458666,0.18488090548928,0.261022626999913,-0.109389163727178,0.117151749354022,0.324685576701484,-0.234680722382351,-0.245607993248478,0.0863070751871198,-0.123319271486879,0.0388351920147581,-0.259056393912964,-0.194538797291317,0.29170924315587,0.100365371318323,0.291041699392332,0.12014199567565,0.477108127605644,0.577333057707958,0.088508798420541,0.0139376792903838,0.0241362615649467,-0.0931752294468058,0.188872814201517,0.0284027421714976,-0.0691060347666954,0.167974871956944,0.140894845549373,0.119623100573648,0.420354784646032,0.326998615693177,-0.0652722308130568,0.0465440807320707,0.107571833415067,0.121074622012051,0.0786710006384275,-0.0750525394817094,-0.0328146456095831,0.439977696282433,-0.0671571313443192,-0.281100620377696,-0.114651285007322,0.163024046443751,0.265309606336286,0.391928005378848,0.384093971901628,0.119711511808251,-0.150478215041656,0.183615196013914,-0.00303159485853123,0.113159467289952,0.100517656464965,-0.0813696006571789,-0.109384528367548,-0.09203578959699,-0.0189370422927098,-0.302859802413755,0.183590999651017,-0.00493307478102852,-0.228047172408096,-0.00207895565652019,-0.254128123018562,-0.243300144547545,0.0393179067224128,-0.149123903292313,-0.0183809814595736,0.239850837927367,0.0612259313142498,0.150093958457499,-0.0419978977822907,-0.113027186318073,0.104598014476792,0.140190363966339,0.357835707405958,-0.016260642750549,0.186944679249674,0.226874317894582,0.0870136315501024,0.0845560135311996,-0.220412653371724,-0.169724358468947,0.0775238334257067,0.138936230780674,-0.113715014456282,0.268353501354438,0.153550621604672,0.156295982729959,0.122233740649388,0.0169153434984665,-0.123276744448432,-0.203295541531366,-0.233800236952249,-0.129640394466567,0.0555460167740419,0.189521524338284,-0.118888958693939,0.14457765668359,-0.154410780390265,-0.147365360744748,-0.394399956743087,0.00981755906130684,0.0066326879557619,0.151888820666716,0.20899460252675,0.227380928782767,0.0211714244207748,0.0534151155407826,-0.152438114762116,-0.111171703067537,0.107043936616161,-0.225536633617611,-0.139706772562084,0.0155237940477243,-0.25574885419368,0.205023990263635,-0.332460867972075,0.189152383518379,0.240384143726459,0.192062348498133,0.531344558603861,-0.3207619832981,-0.190937514186792,-0.043332060625208,-0.00837145802138729,-0.258526705411956,-0.224205868747472,-0.0486200294342109,-0.25689500818392,-0.201492012824283,-0.104991869426909,-0.0912654250856253,-0.349829580980823,-0.0226514404723722,-0.0979511295079677,-0.178960663306036,-0.509630045471643,0.164697735369419,-0.274853629808354,-0.0566325410635432,-0.0517107785440297,0.0651717319607146,-0.190151460076705,0.146246147631019,0.266268376052239,0.295116595228354,-0.159996965267269,0.120361333090018,0.062234984298623,0.0917194840685156,0.0665174677251077,-0.169212876843011,0.100526689336496,-0.021721387426572,0.0577434611820943,-0.169105215739213,-0.0897755123902528,0.352608956488985,0.244458000349801,-0.0901540885052101,0.0253269626361479,-0.370382737908628,0.121691307372535,0.0151851050486978,-0.0316467779995444,0.0649493167736072,-0.722748664503925,-0.12015107188679,0.099804045433421,0.122561064129645,-0.263791505547501,0.120491328960662,0.0363621992150362,0.152550661635813,0.43751051521441,0.305802924922488,0.0959371788457582,-0.247471606101864,-0.135627011970789,-0.153643388896808,0.136179879525209,0.187137003901721,0.175955514049453,-0.0871467903528582,0.114132751335406,-0.0424750630187723,0.497879644169257,0.395849559190513,0.255377724039359,0.360751029622357,0.0730675488285939,-0.100451262554617,-0.256627075092226,-0.171035671013403,-0.0443287575192837,0.0571679652941976,-0.00225057742643746,-0.0426183532433794,0.61320298773706,0.332564831479826,0.202235838183806,0.0989758709023499,-0.0760685466722567,-0.118951138421699,0.0106125294138836,0.124372592163713,0.160691609943318,-0.211756154330053,0.0916016246300149,0.162680028622353,-0.392103434391993,-0.296858788964242,-0.0592151455337362,-0.131376495915043,0.16487499400132,-0.0699225203130914,-0.307963468315534,-0.231504165316263,-0.0823502957422988,-0.146460260179428,0.163079144758251,-0.152911751295763,-0.113053266762237,0.204827946449806,0.151226354095676,-0.18127102112379,0.0530569987173688,-0.121737768823765,0.177577149150999,-0.0905633051569664,0.12258132093666,0.200058743593874,0.412189222857063,0.254747874815315,0.121306182239182,0.232681155840501,-0.353992700444782,-0.0674233489456297,-0.0809070049552917,-0.276256593280772,-0.238669715988203,0.0020649244777611,0.0261785925981639,-0.00261683695003967,0.036490232160517,0.358170110782319,0.248375410175578,-0.285424752262211,-0.0984552296490196,0.192166499569602,0.144464541500831,-0.258317311836737,-0.286958916224171,-0.216190952933793,-0.215564915970425,-0.14953401391463,0.0630058820686196,-0.391081242042396,-0.190845027799352,-0.320347626524032,0.339849205191095,-0.217378767250094,0.221132237695221,0.256634296212123,0.113848810635254,-0.114500642522751,-0.240020962251436,-0.289633130094991,-0.222639830727235,-0.127647545936382,0.113858271872869,-0.102163058100274,-0.3088934349532,0.00475898685509193,0.472332096408318,0.338035548452624,0.141880281662722,0.123844309429767,0.217120022434137,-0.0952691866061041,0.0835114718168989,-0.07186536163418,-0.146416359255065,-0.0587824429131815,0.643698569697453,0.326310011364759,-0.00336737478320577,-0.114673102458264,-0.230062450079357,0.20223750585648,0.0363616161730561,-0.0597180445445534,-0.0793300630871252,0.00356929055555497,0.22738847085006,0.278900556576675,0.397282292245725,-0.0690367211564163,0.114800224414207,-0.0792495536524216,-0.0665157860706359,-0.00157626615638249,0.21735520356978,-0.111871139606467,0.0809715506662389,-0.359355639229782,0.0497096884529755,-0.417026438762043,-0.131658268236129,0.18858965205106,0.0820746974384553,0.0703256586302979,0.0537397456611013,-0.226532256626354,-0.211725277177957,-0.260225279118509,-0.319390791955796,-0.175416991710405,0.140547862389326,-0.082950019809377,-0.163021615017222,-0.307055685272805,-0.158652421555124,0.00540542581511034,0.0292259914163823,0.220984507298519,-0.0859236877446377,-0.0347413434790023,-0.358653180653157,-0.234414448864628,0.0879820019156865,-0.123042906559802,-0.164219534947697,-0.01397786429316,0.256143793163901,-0.00594183999979944,0.255814375953156,-0.00106898974729572,-0.278084583549199,0.099845692580049,-0.0298557317206271,0.0680719255625992,-0.284044635263144,0.120153298875431,0.420135420425405,0.465766145565151,0.174587722302867,-0.0406534893618061,-0.357570235021149,0.0616209601338485,0.188092029563625,-0.088479587861555,-0.121728190153019,-0.0892239155725531,-0.0625320315433749,0.415264561794984,0.0917315540608896,0.338107897495025,0.166605787000344,-0.340017296971577,0.0976364471346697,0.0768875852684819,-0.0453000145381229,0.0298724945441899,0.0651129800674899,0.070024511119832,0.31928236898876,0.116179660573047,-0.287537972595259,-0.0839310872635838,0.0121024685557391,-0.131051263656967,-0.118390504307588,-0.0264920699848378,0.14393553562748,0.168882528096077,-0.00341473155744192,-0.231184591646033,-0.342745585751641,-0.059488074861534,-0.332527078154209,-0.0372229865031668,0.379394887196885,0.0434349908474642,0.101513163122353,0.0436516211012083,-0.0374666811180117,-0.271508075486091,-0.468496624448458,-0.202432109535044,0.0540770803868309,-0.270908287438798,-0.607458774169692,-0.231659866237083,-0.45911274491706,0.21045890240826,0.235704542739752,0.163628719105378,0.0258912344782054,-0.0263183131363272,-0.0289720363486389,0.0458254636276937,0.142280501097474
0.360468987431815,0.0654863373760605,0.287442449627561,-0.258144009090634,0.180024368675145,-0.0104612588719024,0.18461349798728,-0.0727430905503193,-0.185048406672809,0.230002971573497,0.205352819230933,0.099527393458007,-0.0628336019511633,-0.12877208553849,-0.364074278817557,-0.122621887594867,0.104290331506607,-0.0663041212350318,-0.551613394065692,0.0851856237274124,0.276963884802485,0.257720884209282,-0.104074588686414,-0.103781245811971,-0.30641598277707,-0.556922510781933,-0.442855252945514,-0.217540055756226,-0.949794359636917,-0.383569450541353,-0.358170932780935,0.481438302766746,0.501838821694118,0.0118814079540643,0.286498272985385,-0.431802309532097,-0.785779501116256,-0.517207582696967,-0.258314790437336,-0.379767014356587,-0.227871733987632,-0.214717804167806,0.145966075242647,0.0275626143412983,-0.411415482566245,-0.250538957023933,-0.544779837911978,-0.406777947197654,0.106577970291287,0.25344407849706,-0.245865009455258,0.0838794305249563,-0.023826396310192,0.354849090563086,-0.444873772902614,-0.368124207016127,-0.300461145367934,-0.489501860590943,-0.106526305211195,-0.202703737666078,-0.416086032180056,-0.0683038481286646,-0.171023898744071,0.0429999534455383,-0.222683026902699,-0.49671980766449,0.132362351657488,0.0817456927392898,0.0295323930284722,0.186203911394791,-0.0625727904904922,0.201763492423998,-0.442920997924024,-0.260647195031442,-0.0690165392113944,-0.0565832179262377,0.131852519427279,0.0208183891134854,-0.162133283655372,0.0949995547693994,-0.276519346004371,-0.366248504308746,-0.19818528697997,-0.0020849930818283,0.00760347495289351,0.230952204129659,0.328679395944977,0.0211325467531325,-0.0975167593208105,-0.0821888185997282,-0.449113684744219,0.0500169463442439,0.156168687787577,0.35652603034648,0.16497726410059,0.0114346724861143,-0.0936051167925864,0.574087579404958,0.147832645291668,-0.275009423098766,-0.165006050828684,-0.045457461217071,0.221183835022966,0.0623149701290651,0.0621625973932212,-0.312644035686451,-0.441153298862088,-0.614528063673083,-0.06131348448017,-0.0803423405791365,0.330940945730408,0.377081956014735,-0.0305257450996911,-0.294050525096145,0.0111151733607712,0.333468059049519,0.470688558316513,0.220215263046432,0.0134502358805966,0.397710332384942,0.730955390363792,0.210914354852243,-0.395325502033921,-0.264275691212045,0.0659850825811205,0.357962698050142,-0.132346237224124,0.192416357268694,0.266293579260665,-0.0248909079148409,-0.533239621179279,0.28256979350217,-0.114011844331111,0.128611309443822,0.0805430317475834,0.306058400041446,0.169320566442564,-0.0361282791929629,-0.115627102603285,-0.0412524378506104,-0.31886948469794,-0.667054302309072,-0.59209948603379,0.0219777287757598,0.387627197405952,-0.15265360499278,-0.322356937939916,-0.171824991120605,-0.0759399397128155,0.00909430278135612,-0.251353404440749,-0.18965510411356,-0.241791620140992,0.237145535021371,0.0146516263391002,0.395067242871664,0.182670364114169,-0.0100877345237178,-0.00292590880631113,-0.28701086600389,0.120038720327869,-0.210954360103175,-0.317085916319743,0.00180431253544163,0.0525119604464288,-0.227331233124783,-0.0581822126177813,-0.492108465532592,0.081106176074615,0.572397739050527,0.318979995341558,0.422365704206552,0.242204602349235,0.393974727003719,0.484127132958841,-0.141811444434563,0.0794148556233163,-0.0436646486086177,-0.0644425426653284,-0.182995587003663,0.00179809722292273,0.022512854325882,0.0592898871798494,0.0886266200369839,-0.277766357432969,0.0985300581598414,0.0644780507616477,-0.263552327051614,0.601938825279519,0.443982519672402,0.377989763510513,0.137883972927281,-0.00341972146614835,0.529024553510622,0.424462045099531,-0.188038268128111,-0.0181759160894376,-0.0318126410261983,-0.0340788197515434,0.0276196282930621,-0.151784256492874,-0.0960413485454298,-0.234679210427297,-0.123564014057198,0.4373522720692,0.181761458554263,0.395614949002838,0.376244113167407,-0.019401085357147,-0.149255220842367,0.178734058396205,-0.145573120561704,-0.816727822136789,-0.511844910970737,-0.406578556947013,0.0601285214501401,-0.272377571634895,-0.229691843187283,0.0190838115656974,-0.0321885436996707,-0.382987190790614,0.115212350421437,0.115397068206392,-0.481196681160249,-0.477687361093067,-0.0315142084150391,-0.00153153136503539,0.0055257385375361,-0.285908186881194,-0.260448114068257,0.100297505011915,-0.0118620457021339,-0.0937139886279797,0.665009573447571,0.264334326090787,-0.276575042446852,-0.207855687652888,-0.394604221927359,-0.787986694798373,-0.485644982464668,-0.268230545329711,-0.22713655249089,-0.0446098898203681,0.295911255969653,0.223940339149829,0.231933561990774,0.345493485425367,-0.124604602989825,-0.0568061957032121,-0.176672390985098,-0.161573724910808,0.306029845294845,0.308085524248204,0.0385398508723659,0.0126823205783275,-0.0616086167676803,-0.287598337863919,-0.414934866230855,-0.49446380092353,-0.237848173711369,0.258814623246082,0.0594896189070791,0.424913749576419,0.239001473837644,-0.106325540148634,0.156049521242983,0.131223763866144,0.0388063082234343,-0.0667926626459902,0.197100608890331,-0.748170929148262,-0.673553600792288,-0.281034161396629,-0.336978424049037,-0.0602979000020123,0.0322552101142959,-0.0416485002624448,0.221786657986873,0.293245639607588,0.448494072503532,0.351853778441067,0.227161986184203,0.10406924754197,-0.183845048163661,-0.104713607162372,-0.11172610185796,0.403887004929914,-0.0400512722057924,-0.436044173317787,-0.441422066028964,-0.433165159814939,0.388384117623626,0.252514829944482,0.400250773614047,0.297991470798837,0.00869049411556727,-0.537539085079832,-0.115552893943712,-0.109254561081,0.149804898077671,-0.183353715368167,0.0702725535234502,-0.144535663808879,-0.556594396931564,0.0144361785412893,-0.60382616417872,-0.274136179108249,-0.562972028185643,0.0988552760963148,-0.0617197009922739,-0.0439575744774419,-0.0709956366467329,0.0851500850868159,0.152556526433996,-0.411428909783139,-0.117504764598426,-0.290311699909299,0.247601415037485,0.18024177839342,-0.0308403720145983,-0.0749880639691663,0.168687183232395,0.231821633466706,0.663107877599184,0.548353869388088,0.293970585596967,0.1244997153352,0.103857747678444,0.0564580463771337,0.0962934728346722,0.0583048515341894,0.0183703945748484,0.465600387924709,-0.0102633092669662,-0.216909230120581,-0.344511792089175,-0.252114383159706,-0.168907649164198,-0.401153291433284,0.346298757291387,0.205901646328437,0.163514344596155,-0.0535836401709318,-0.205758863306414,0.0268211285519211,0.125034009239736,0.147369367295101,-0.1363275377821,-0.336937947726602,0.208574485139681,-0.0243540050955132,-0.344801381339699,-0.112392775786871,0.317880279660051,0.592959675653249,0.542483450998801,0.619802415223226,-0.158037921301756,0.270297694734643,-0.111002586863549,0.542195772864048,0.0691541575262336,-0.429160169788644,-0.254609273248582,0.0155664083229426,-0.70082551811393,-0.485507134472398,-0.453674216928143,-0.1803324426428,0.32602260510256,0.0834274142928856,-0.411201305653008,0.0204520379615249,0.374956846087243,0.147842340027198,0.104901500357105,-0.0761627405081297,0.367368741493384,0.210293073826169,-0.198739702611933,-0.172498902292138,-0.274817339227733,-0.325607834776725,-0.580780597349638,-0.415811546704287,-0.0715852681421273,-0.0400729583547276,-0.286718151040293,-0.0279851192461703,0.119369469723967,-0.0101632503562555,-0.390257433963827,-0.0619911340716835,-0.42751072476884,-0.0721561000282835,-0.785702121011611,-0.297113529127969,-0.00739457195195967,-0.0805474114823259,0.0216750840382563,-0.18476704395486,-0.158838781102045,0.0979281221575617,-0.211992584121527,-0.260432100609157,0.00457410426813653,0.168913082196262,0.0865601930159,0.166174155367572,-0.393092649513173,-0.596313750780478,-0.375839348013208,-0.0640554735743153,0.0362977216418356,-0.142391325512279,-0.227222155828711,-0.142723650964655,-0.3677937253323,-0.0840098655853966,0.0911349127484141,0.122405838451896,0.167457978848943,0.376940878853323,0.0136044974840222,0.118513528743011,0.436412260285004,0.0451233183128104,-0.0692000144928718,0.314558648960947,0.0499784328311756,0.253181294901454,-0.153941987884429,-0.000642273517153971,-0.259535822156198,-0.239054238276576,0.067997085411634,-0.0879313265826986,-0.0334492219976727,-0.269669872899709,-0.555322548791186,-0.145268999740766,-0.375641222490817,-0.143724222450357,-0.236244895433032,0.0880265269706635,0.427081777303814,0.211827378127925,0.0762690531981491,0.167430007665883,0.204978768082042,-0.380943261989364,-0.338926030080689,-0.288359682720338,-0.0811884719881605,-0.12235033802286,0.120846579636916,0.200948938977917,0.108691341631454,0.0364137917786612,-0.393263337548508,-0.00517453363724213,0.0925990758169934,-0.125019360584702,0.122159785763617,0.433147498408099,0.511059992692277,0.0935058520188247,-0.0685979039707148,-0.290297565035965,-0.182095691435921,-0.375884811139986,-0.306025533651087,-0.265022782278173,-0.114321733233599,0.098109186326518,0.039577201434762,0.134252014110534,0.0368316391228641,0.304498095433735,0.207666146582589,-0.372685401005235,0.0245006250346802,-0.14550132504406,-0.105621843842716,-0.285638102476474,-0.553663195545729,0.606511836752379,0.297989675239276,-0.0200073781921978,-0.115981355130577,0.0993319782799627,0.447516530772307,0.00223260182471238,0.480629258566258,0.271343452842597,0.0138344473289877,0.399442522363728,0.250851998984247,-0.0575518156790346,0.0564072240991475,0.315034147304141,0.785334140324727,-0.270397151867398,0.0593632134996277,0.236744430981516,0.177058359979369,-0.426189030844822,0.332301081547657,-0.0988635215058551,-0.230585042872218,-0.287476754252945,-0.0304427197196415,-0.366918792381612,-0.0192849398469233,-0.187988813777022,0.140795713495982,0.16663764778378,-0.204265604445703,0.234877512203735,-0.193591010325362,0.124455582652105,-0.320099270224943,-0.479773731469878,-0.2746171123177,-0.112633898566241,-0.11308538986442,0.293391918730539,-0.0696141806901026,-0.0829113914462812,0.188822391037678,0.134093025855452,0.709891450822036,0.253937166456527,-0.394981369318765,-0.0427018969974476,0.49200140675659,-0.108538058552587,0.211519473604116,-0.394288200189591,-0.370224364270418,-0.325224835824804,-0.124570791857252,0.246223589096682,0.0674455125974097,-0.241210588896146,-0.419955944092498,-0.44785546696287,-0.329737162000266,0.098471409139716,-0.0550564079915975,-0.113511463129904,-0.37028523652132,-0.397538646514264,-0.225408097226735,-0.500992945156457,-0.10285002961365,0.00133270187843371,0.348728870893851,0.254125445812695,0.0323874117994743,-0.0538210672432098,-0.0764663124877525,0.0035977993647006,-0.967250359503982,-0.585183886483975,-0.229388455734413,-0.198244576364268,-0.0406208511940681,0.390320062773792,-0.12125859190241,0.230698087681199,-0.123656591883893,0.219413966336829,-0.239010141365273,-0.170506395202084,0.592852096612491,0.515853030064275,0.369276364247476,0.0339971151744434,-0.436196515561176,0.0408281666225222,0.341484868102558,0.374444432026134,-0.139882856102536,0.221426815360049,-0.106146529654104,-0.128892155629194,0.290412255671936,-0.201667190668832,-0.236203349823179,0.0422747177661726,0.0704861743642822,0.0727949996258561,-0.157568520064244,0.103386370381155,-0.0445702796172252,-0.297186680034464,-0.427605721196693,-0.477069521033488,-0.366588516011192,-0.362410452033366,0.320732315465468,0.188747096280778,0.30238224615565,0.371839354283185,0.265678626249359,0.019673755398855,0.173032352850373,-0.011268463283075,0.0190391056268889,-0.47171265258562,-0.293407936072432,0.405513932763598,0.191299130348922,-0.125248729283899,-0.186053691459853,0.575653947588698,0.396887231897966,0.182694419921349,0.097800333689302,0.169677661612898,-0.218767233861048,0.375881290423502,0.550441830441347,0.224483558548218,-0.209751158188418,0.15609570032186,-0.289238054256026,-0.376796098644697,0.0182262764525824,0.205149701557365,0.382079496206567,0.429215365123306,0.465054200396399,0.273695236063218,-0.103891465155753,0.0145306478058807,0.208601935432674,0.142290817696168,-0.628924225058689,-0.515386793546768,-0.107741977816851,-0.216296431865352,-0.36185810278915,0.256965291856985,-0.0954611851197937,0.165940358361684,0.0655600660105144,0.0290564247501984,-0.592084399833094,-0.584621053242487,0.0215835698670068,-0.188620574744293,0.239585955195546,0.0202656958018433,-0.201662980648658,0.0562731367339607,0.23604515798425,-0.268728040385547,-0.123666830956965,-0.30715298304908,-0.556546192216683,0.0280540797498954,-0.0567657528657217,0.0387470425983348,0.103969433396892,0.0522827510105943,-0.0429764472431582,-0.17612808372269,0.242401463575417,0.315703059774754,-0.111846675034999,0.507097650774761,0.207691256722278,-0.21830167068977,0.161091309550289,-0.00480217160656601,-0.286173095299443,0.249788015685334,0.252897723374766,0.445229699926395,0.435699130296487,0.443166670813151,-0.176253681964313,0.000889785682336469,0.112831597840924,0.303253989688298,0.0672460382662009,-0.0406910795877575,-0.0177876836842548,-0.368334009819403,0.282042431277097,0.190715084299456,0.249723431176446,0.325583640684377,-0.164832494945386,0.115812710224172,0.147533012643425,0.24759222067213,-0.264430665808365,-0.371799008317958,-0.223876917046542,0.19877571280281,0.246138060317805,-0.0180314445439018,0.0973212554417894,0.154654999622239,0.447195268975483,-0.102294731749882,-0.493989424088835,-0.313150169741762,-0.311797335370224,0.154617578200124,0.277526681850348,-0.125899211705702,-0.0669567470756491,0.0311230680661731,-0.0146945486877131,0.361440266762867,-0.0453880870510459,-0.68608044046077,-0.367830868158808,-0.503122919651587,-0.108648278519276,0.367216435387713,-0.0242300076971737,0.0139541711888074,0.0116044364158259,-0.157273840915626,-0.0916612892741186,-0.2298794286103,-0.356456792622672,-0.12913615775723,0.356451336795112,0.141167051677224,0.00640926580654809,0.184353321838594,0.215442106695507,-0.0798675169153026,-0.0192723181600591,-0.116632161277524,0.224251427741195,0.265103863380107,0.430359958704699,0.320890497516619,0.656471654435665,0.169007606034397,-0.444493490825878,-0.112560927079529,-0.167907258876168,0.0125642172612854,0.224338645100133,0.628205786306292,0.666725113888666,0.323677142089672,-0.155028857307299,0.704893896133018,0.745189009293397,0.149439057345016,0.355408866856001,-0.285618075641861,-0.285667335290522,-0.373392428172345,0.150476828359777,-0.129407671689218,0.184957020418071,0.231519967559606,0.120677361478916
0.871781711368432,0.404421254590372,0.216208754408449,-0.32077286157821,0.494621542267039,-0.0178229827218366,0.643664911961565,0.135987785156572,-0.531325837559055,0.504970696842156,0.402942862439868,0.0710222844003791,-0.50872593024253,-0.224411558864478,-0.916079457661735,-0.560862222952993,0.389876820808347,0.0361475122086364,-0.893743347525758,0.0651248568461856,0.553123243544675,0.269698377027352,-0.245156222845705,-0.15747105903382,-0.624022174635182,-0.863542529133238,-0.673589268142389,-0.447296580231944,-1.52548335963939,-0.611198768107698,-0.875505151499256,0.848977674900077,0.632885772644672,-0.0630490515442779,0.242978754113729,-0.442355102032397,-1.24425467898292,-0.816033009861788,-0.838256499618404,-0.678986621737406,-0.282240025924041,-0.549388987397864,0.701523247836205,-0.0569150185194188,-0.566873860560632,-0.288648265341461,-1.38647002156758,-0.581575450033318,0.120496417728748,0.247137509664724,-0.60058329376594,0.2794930308039,0.0881455862591336,0.494876973534293,-0.68740073249258,-0.786933267593015,-0.462953121937121,-0.934380617742833,-0.298211958461514,-0.708397710505497,-1.03098419550269,-0.574358436254737,-0.307802713208478,-0.0272859514816388,-0.238868263984183,-0.758232315444496,-0.0127827610801496,0.0535980729791371,0.0655797092669043,0.467552967973736,0.114259843620991,0.417818514019052,-0.607809956603932,-0.141456093668254,0.293697148893283,-0.352700319164924,0.525661061231868,0.450824369657531,-0.113596432187705,-0.037797325961039,-0.0264144418077149,-0.60845163192607,-0.172541030847876,0.0382871630004931,0.219444008932059,0.200187067525394,0.771234767250083,0.196111769133851,-0.0844230361183139,0.036734001844661,-1.37600460501335,-0.393327064001709,0.498863044564214,0.893082605778716,0.0762849245437573,0.30561259790544,0.141456816450324,1.07328582281494,0.543906619370314,-0.364598031520009,-0.41802723332515,-0.0728381701966634,0.42482552689993,0.266294564088058,0.0249311984237335,-1.0031603416292,-0.669991882814622,-1.17704426509347,-0.259165081454451,-0.380859812150954,0.587070006821534,0.633634259253407,0.0486818313447783,-0.399834615209637,0.080000397061256,0.974071315379917,0.749827941502687,0.31881791896157,0.374868862073779,0.834553721311316,1.16975551506887,0.519990111886038,-0.303117700306817,-0.7702683882331,-0.210095513184632,0.530246223184148,0.089375467469802,0.457202983386401,0.298921836925444,0.153200201346873,-1.28637291432104,0.324545058854968,-0.353708699883711,0.303087509336657,0.0459071347496588,0.275722751954908,0.496267240621321,0.19619828783366,-0.216176367549858,-0.436838235102106,-0.756006731775889,-1.15152729887782,-1.06094121390727,0.0701178421794509,0.468331138536214,-0.38890893539507,-0.355725361239152,-0.262450804111761,-0.587489257544479,-0.417714342578892,-0.31144343109773,-0.21410174346813,-0.173143250139489,0.328364841463179,0.174618029880789,0.384786288486647,0.0904211078940448,-0.23720024744179,0.176480447984159,-0.348417416466717,-0.0787884155694736,-0.316435509690735,-0.683277861366375,0.402672531884165,0.0549843019635407,-0.14526677096501,0.132273796851973,-0.862296802883019,0.087281239758119,0.696347662991093,0.55717999600164,0.920171653320266,0.745252739532742,0.744343160757845,1.01542294684738,-0.112487970822281,0.387334640294005,-0.0506067416640356,-0.392690002575644,-0.37438762929186,0.265513436218245,0.430273251840776,0.204993728756738,-0.336566675401057,-0.349464139745555,-0.0932719550706449,0.276841315766828,-0.185499534842517,0.948913416893973,0.779291358332367,0.759144849773355,0.111945737977069,-0.0157984995533379,0.830437599199406,0.75528429609835,-0.552069656336659,-0.0747083317697014,-0.0448723791780146,0.440244621078728,-0.201862983229594,-0.145209013453187,0.147393535585545,-0.625436060954074,-0.410533247607686,1.02101469553508,0.39738815216849,0.719120209207548,0.871606790654171,0.283186045035454,-0.158864113652279,0.319550321796065,-0.779804700355548,-1.38761814714547,-0.812361796115628,-0.933064757187229,-0.237184226569923,0.0288176318279186,-0.311432335756667,0.239250288695196,-0.11467705023517,-0.73164758480824,-0.257624886261284,0.0620615021874443,-0.789740920362942,-1.457407713,-0.236743227749428,-0.292228663411682,0.371884582618784,-0.254979722245915,-0.265035178445771,0.270149825764252,0.356276289701264,0.376893883593067,1.32829580079641,0.378468627049453,-0.109174373769454,-0.517625861129443,-0.771956720340074,-1.10552823232183,-1.01651926516673,-0.534956446218422,-0.241944151464079,-0.134721516778023,0.669764310449951,0.713741620309554,0.354870859381517,1.08199598981683,-0.192835135463276,-0.144532311132746,-0.0763055086581726,-0.138080519640166,0.66842550652127,0.415430297944602,-0.163049773099065,0.123939694790665,-0.455179163662404,-0.616027337792125,-0.732185319520051,-0.90204527869714,-0.524382253053237,0.533074166643077,0.300508024266467,1.01750138965142,0.442416789753475,0.023238043361419,-0.018804429916852,0.214991173336401,0.272089590004128,-0.582581765510886,-0.199170296090675,-1.54234745454903,-1.39398638827868,-0.555320313150683,-1.05267034706432,0.0404477995242936,-0.114158263338464,-0.133904484260624,0.851710940805016,0.239057536215743,0.837298126576356,0.682326223327516,0.405023501896152,0.194618320382022,-0.518392144865238,-0.203399297237373,-0.028932828510033,0.531009238483431,0.0809741167735261,-0.452399791731134,-0.834189724188053,-0.660749936083982,0.732284410720864,1.00924276777353,0.870039755065235,0.51588306555433,0.0213014494270181,-0.691983017391114,-0.551910477781256,-0.280174690914929,0.426174841601086,-0.471499535277769,0.146822365044701,-0.500290712967348,-1.07904260010864,-0.136244540780252,-1.4217148020417,-0.938591549224444,-0.841281522189961,0.0360850263842937,-0.460745177428399,-0.578973779039207,-0.0241102840091629,0.212782844228162,0.488389560203593,-0.595670361265097,-0.313529873301883,-0.394313649896438,0.0200155181470351,-0.171902452056943,-0.109254857393336,-0.233931505021437,0.244800559063706,0.587017817585411,1.27610072012917,1.023557289495,0.324769944298793,0.285508885753474,0.00926073213365038,0.129145892522939,0.32558150333224,0.371171964496779,0.0274262450826455,0.653899473425686,-0.120078426510295,-0.538974473263058,-0.119876938280473,-0.774285060775968,-0.671979222701495,-0.405059222177817,0.459651867722885,0.749210433284826,0.208427252715076,-0.173389375950917,-0.345708828651437,0.264833809314598,0.269542689332493,0.0416134543506712,-0.630771792526543,-0.87777484911426,0.280914569434628,0.173491232990983,-0.410856957580498,0.120258704438967,0.521338339987436,1.14719776861205,1.09332262083121,1.04503699120701,-0.175657012506421,0.286672961481722,-0.118199416739748,0.66035482564396,0.481381921242696,-0.799240173081157,-0.585786745598707,0.213637670320822,-1.09651162170612,-0.353018704326183,-0.938527163220138,-0.59521590489555,0.347452399874303,0.111748075592764,-0.977627482356652,-0.157672686310136,0.640632083027176,0.462860837421797,0.200059977677017,-0.104860642881338,0.659575885844101,0.364950585297058,-0.508808754204231,-0.438303639409897,-0.690903886533874,-0.679465052752701,-1.29734978837045,-0.894257117913555,-0.0031740166591198,0.0304823644994402,-0.350987008913203,-0.0336089480825969,0.0349613510681501,-0.0241232469417114,-0.754468403931796,-0.197758738798868,-0.776054877298626,-0.436770554349855,-1.14642825653669,-0.931242873728013,-0.135226309038106,0.134774421884359,-0.0848557197965697,-0.502279810548919,-0.431295549828802,0.0521920665515016,-0.559168728973854,-0.364357822326185,-0.108047219217292,0.555337579683192,0.232737528749754,0.065692861098775,-0.603474464282773,-1.20194117099579,-0.713036425195023,-0.324463472713054,0.00300398792549403,-0.23815169952144,-0.363396169236701,-0.122895233900243,-0.332978615802131,0.0615047100295902,0.337026958838359,0.332870538936189,0.194633961721,0.988443054690742,0.00515439944610427,0.235765991580011,0.525196581666563,0.210420319877978,0.229930217987931,0.938922549314554,-0.159491049263906,0.735894098506684,0.0568344767836912,-0.252155582026403,-0.197184499471409,-0.522954500104495,0.1141103471903,-0.168509249389006,0.31678597519753,-0.0474784696248289,-0.834170589484416,-0.288808696738473,-0.714071766118303,-0.599938762617528,-0.321586799995912,0.017879663336349,0.652177397911198,0.343390782946902,-0.0457738527260113,0.14527338006781,0.158877129908367,-0.888394921650368,-0.382852181854,-0.508480998447349,-0.165347357855351,0.309687257081582,0.730110913172415,0.597613925277741,0.166715182857119,-0.0923481633952067,-0.683974265923607,-0.415157832463572,0.426823927358001,-0.166815638200318,0.0897552057849838,0.776906599817298,1.06303835154819,-0.0924692179076202,-0.0450563220455616,-0.518091432495559,-0.447599342442476,-0.356499460205585,-0.272802830325625,-0.125678831410208,-0.143672964485392,0.492173819502955,-0.340934040359273,0.536017965452023,0.272905232865658,0.336164000591576,0.487023889230745,-0.803591761443299,0.312491582450747,-0.425504225924342,-0.454257322009275,-0.576219648295193,-1.30431686552375,1.25395171296042,0.321433035258842,0.388970927976924,0.08289083105979,0.787921593906779,0.802616531122517,0.173348146601306,0.669664867372274,0.577913185178552,0.286304613369374,0.366334948849295,0.466569809002068,-0.279235673997871,0.0782147010873135,0.303553347411187,1.41544555012289,-0.510539465557729,0.218595651787548,0.455151187290349,0.340714009842461,-0.876513669973671,0.418228722274114,-0.122630504760072,-1.0192026095413,-0.938752280296739,0.286858260224676,-0.535166571729978,0.100845876361755,-0.467903984641001,0.169387759232297,0.298445246960252,-0.0354863838477744,0.267480430003818,-0.0643995903944547,0.357098667866516,-0.219996528020377,-0.897502402108128,-0.449916948846025,-0.129228909448822,0.135266023857136,0.700262734499507,-0.102938630927409,0.0607247127895941,0.111652943797048,-0.121453323937561,1.48138721635759,0.624687750056301,-0.75531181769684,-0.436026614209188,0.433030144805643,-0.112706053115562,0.510041407386667,-0.621189091427458,-0.721169869788713,-0.857402829517361,-0.334056526411858,0.654233455607574,0.163918247837697,-0.0539617383437929,-0.638781790720999,-0.829640166643357,-0.882856901916307,0.329545203767069,-0.467724889347115,-0.295244169958482,-1.03214134172551,-1.17689046467947,-0.610616702393414,-0.517776799609416,-0.139431412085335,0.281688183542044,0.583053075278405,0.627453933700593,-0.145133030105423,-0.319550201385264,0.00759028737473859,0.0163247494695659,-1.69410355702286,-1.11803347389128,-0.426205279193569,-0.0256342274179091,-0.148769029675234,0.47406504411695,-0.486561067834665,0.342239391248664,-0.157376209497614,0.559146998789867,0.0482266503527236,-0.21252890718485,0.887334377203264,0.857970404849392,0.649166860375523,-0.0301912176342312,-0.38306680713966,0.113696753097535,0.796616508113199,0.484859723711791,0.1392244177479,0.306124621703087,-0.261540210995105,0.293736344619286,0.541568942891168,-0.386484608491422,-0.126117476473304,-0.108995866321719,0.308227884960143,0.0224126815073814,-0.458268867515161,0.0245816391883557,-0.275553889192485,-1.08745151922798,-0.971835133852844,-0.707485104625376,-0.767255807344401,-0.361667648498161,0.522970665302934,0.247237776270843,0.2819274017509,0.552594384349121,0.538808748726391,0.126166174715762,0.387829189767027,0.0442465540062974,0.0946877400729703,-0.83561438661407,-0.576986152420056,0.622093179521523,0.00479441206472544,-0.267040090793686,-0.180596182650778,0.85000838823107,1.02898669173174,0.439758100895831,0.26819855415707,0.439253848347243,-0.270517657963421,1.1407509484425,0.496824796676709,0.652387848740598,-0.268306526174087,0.627291644288249,-0.385153982084922,-0.41218455596482,0.0683141032134226,0.393481578805895,0.524524461185643,0.879153371097461,1.05930782199262,0.479767358865725,-0.475854667474467,-0.253679420367594,0.503866009992425,-0.0136242914485128,-1.08290395402033,-1.21612371918218,-0.0835967545765925,-0.266405194259293,-0.685221960361328,0.301700673714662,-0.331614853869253,0.220596050767365,0.365151677000444,-0.0458521411894873,-1.42023805922846,-1.13032150962352,0.272089190630903,-0.0679176323686986,0.461700972178984,-0.412239233299949,-0.121902360537266,0.331057672512625,0.243494103811456,-0.301325517622477,-0.424176012089556,-0.616945022575498,-1.29074541145769,0.0918228378905619,-0.0194763626400772,0.372472082840146,-0.0120705229249285,0.0426512787782962,-0.282733411012091,-0.553913191381438,0.535466985807877,0.666382311736301,-0.390557139361662,0.579033098234637,0.445037429283565,0.0219719588703053,0.246687781310061,-0.217472241661816,-0.199652482459546,0.281206658575233,0.356924767653227,0.792785383231382,0.814862640140028,0.753546826281763,-0.218833058060644,0.149673993399639,0.197482058227574,0.446051634555173,0.552926458342558,0.0189142820443876,0.0200243273454217,-0.507529499070135,0.404676174329666,0.267221888053052,0.87767210526708,0.390172478525644,-0.415710635138232,0.113832226370187,0.616943324597119,0.425417318342592,-0.850926189456211,-0.560575463637832,-0.919730379587038,0.0618668379739531,0.444410949542985,-0.391326184404178,0.243538956848642,0.335942578794713,0.512550528251077,-0.480843360719875,-1.08556458915819,-1.25285795134061,-0.769621270117028,0.273740144641488,0.658822858984991,-0.0498505713123829,0.0114095646288687,0.0719175605454841,0.328452332224427,0.413787847878117,0.0149449239639346,-1.18596574715279,-0.492847383813723,-0.778436416803988,-0.236175907009227,0.676389022265318,0.0847655194020842,5.61014015377365e-05,0.112259176000198,-0.522742009577575,-0.0487925352368994,-0.474495886296462,-0.851636791119255,-0.361412172427842,0.887438799369173,0.400799684739445,-0.228906749675687,0.369241567087654,0.393141157858243,0.0404829698589348,-0.0278343519569048,-0.385761325907768,0.133053055073589,0.762245436293995,0.515748320228507,0.246913288407706,0.909177565603394,0.354116705172197,-0.748971249648602,-0.221703548645603,-0.395533692120712,-0.0323962396515191,0.348245751742741,1.08843994283415,1.17889539155931,0.797944285859907,-0.175503363406067,1.24726759697521,1.32432710851865,0.573502991789166,1.14459858949904,-0.436734393428807,-0.505745226867123,-0.531421436683845,-0.0408257446906309,0.157711480820755,0.316998771386986,0.20844698530255,0.0480525442140385
0.121850871648863,0.143493150084957,0.0275047422838927,-0.0542218825763723,0.0399712453402743,0.288900940164113,0.135981528521739,0.0670585682302537,-0.0317690559297863,0.121399711820192,0.101505602112577,0.0732551349306147,-0.0867416205083996,-0.0963282225424886,-0.34619240957886,-0.198421623227679,-0.11366984960591,-0.0535673489532529,-0.187695954111509,0.103471782824114,0.180957698633377,0.171469803596426,0.0948659267168548,0.297992058870752,0.00395030310851785,-0.334656374578377,-0.219074882399149,-0.3242827960385,-0.596047101989472,-0.24471962108668,-0.361273625081756,0.239907109124143,0.383268374981313,-0.062981256386568,0.0890592756350673,-0.122457724333793,-0.480895912777349,-0.118566251038874,-0.261816708078909,-0.260499869045541,-0.148669545379423,-0.322447554736579,0.149124374158135,0.059889285695005,-0.256020029294787,-0.0181234102249642,-0.28982253276844,-0.187923837534294,0.159991262945642,-0.00151105838974241,-0.190815681879896,0.0741663606052987,-0.0165194461148015,-0.15352458104333,-0.242330387645298,-0.436024566469578,-0.340510881213178,-0.388097991633189,-0.0834785314135644,-0.242283905224574,-0.424978467512535,-0.171870894327275,-0.200019810948717,0.184518383398166,0.00352998687667858,-0.137466290112001,0.0400619036362835,-0.0627683410373237,-0.174188705724467,0.203683102853887,0.0748322412924982,0.0328372982491423,-0.0488604831996053,-0.043032593459354,-0.0255324284092311,-0.0176394153220215,0.0250400320866472,-0.0215373458876525,-0.194685975509125,0.0574624408465858,0.13256036022445,-0.103298628683745,-0.103091911678747,0.0507800778220333,0.0838203202572022,-0.0051875196320266,0.246073343310908,0.2073416397974,-0.13473124484281,-0.00159819486604851,-0.609716785345758,-0.0980353823097567,-0.0167545235160706,0.279749081606006,0.0780240878839859,0.107161251037192,0.141113632957186,0.158811913793769,0.263604710281793,0.116604598741646,-0.168087630139821,-0.199054155991654,0.125804200948084,0.231562074507687,0.0375367921319127,-0.215235896889804,-0.172532122442031,-0.171327458199077,-0.0255005284142298,-0.0719428235787665,0.0121133557396475,0.353613802992168,0.0994884705521377,-0.124761910765967,0.0763933280503557,0.321096480025874,-0.0506539953671613,0.100265648838148,0.0990756051222241,0.205875917668513,0.456469858160725,0.00236077687413755,-0.254397981040262,-0.0788678410415751,0.0644346333183511,0.104732935829288,0.10870704772667,0.196146907923503,-0.00703189993306609,0.081659248193742,-0.469664564311297,0.0762651262676637,-0.181842485017694,-0.0914820788643936,0.0364595006561799,0.150543789193859,0.0713549284390379,0.109206370288224,0.000812689051952198,-0.140742196444505,-0.0452575555057556,-0.316211785526854,-0.264130461721429,-0.121893357197428,0.0882371137391457,-0.108157546588075,-0.168221040243235,-0.188733431138716,-0.324036076429104,-0.0867582494720047,-0.0817224231407474,-0.0398365552147469,-0.217899085066267,-0.013274771692469,0.088359863100457,0.12217453600708,0.0796630125555433,0.0343057387821388,0.0885685220642473,-0.120781731309608,-0.0476899414754817,-0.210136195500132,-0.12923441457076,0.0617901597653932,0.0666369190539948,0.0795662085448759,0.211784814022206,-0.197560984208226,0.0218361040567152,0.188539753245498,-0.0109316373470217,0.379549091728427,0.0690581657039011,0.358006395713409,0.194019803913289,-0.0320320931211493,0.178535111129049,-0.17381191909357,-0.11687440843633,-0.0518845109232209,0.217357681128016,0.0474663359002266,0.220507988314016,-0.145362718389233,-0.0833731414602902,-0.0882134390813639,0.0910807488349712,0.0294822587754571,0.369289223795183,0.265440129082244,0.159683748751708,0.0969154729013297,0.0209263409692043,0.0377244190737434,0.0793330434199874,-0.11322443557673,0.155149423190991,-0.0144159173348109,0.0257835927808777,-0.0467366557570301,-0.0981570560268459,0.0783028037495169,-0.218222709034908,-0.00838206049404236,0.290686916476292,0.0239989167472584,0.335098225454887,0.209203875360213,0.137660407882983,-0.16963172426326,-0.0209285622249156,-0.314875662138299,-0.606159732266646,-0.245957869382266,-0.271005554380113,0.124309702660533,-0.00782940889363314,-0.133695046672635,-0.0127045867155272,-0.126966556109052,-0.315263576941808,-0.0152319239281525,0.116188720592807,-0.189880433507484,-0.213452305945897,-0.0675689525083742,-0.153547155439908,0.29144193888067,-0.0702536416903301,-0.121301895994568,0.108650771172402,-0.0070288196486656,0.0605053551937171,0.436887231489473,0.104538350776128,-0.0979076313956648,-0.117459377688862,-0.195807748522789,-0.213120393520662,-0.322653121249445,0.0710851209196389,-0.046533642909014,0.0795286943717604,0.029368654783566,0.104137465732373,0.181420893129639,0.269863178356532,0.0401521581607376,-0.0183184792577078,-0.0365506347575951,-0.00642400599553556,0.40205852671164,0.151377083081488,-0.0466815666831398,0.149131396863663,-0.125864601787835,-0.212512662649384,-0.206555408502778,-0.284397530800116,-0.234576183676289,0.0149210051752883,-0.0392922893117375,0.209422023003047,0.179506561906026,0.0359662215387823,-0.0702260878415249,0.159018937870567,0.119802918516976,0.0309017325354562,-0.00978863376060536,-0.432847766577555,-0.447084318738969,-0.254299583482369,-0.186093790493464,0.181421440233316,-0.00250312410755249,-0.121668600370908,0.236395725599132,-0.0409130269335776,0.332729718130939,0.292686456519944,-0.0409113251981888,-0.0930519982003497,-0.253245781849117,-0.109229768230241,-0.0949808266021341,-0.249060483906837,-0.0112881804989316,-0.179973456990871,-0.0563264386158142,-0.247886260617028,0.231653480291205,0.364240037549461,0.284617236826369,0.188764922267966,0.176268675749294,-0.222072741906511,-0.223224399699181,-0.0230134108134737,0.178976993319908,-0.219198480437651,0.128272470071235,-0.225229916040828,-0.248832765017492,0.0684468412510944,-0.356106863433232,-0.22813086601853,-0.21444357292996,0.0913883467389578,-0.145693265718488,-0.12933715294999,-0.110802787459131,0.0349095851156643,-0.090258983709916,-0.119446181596749,-0.173144433874825,-0.326908857476122,0.0169889539213109,-0.137916688768914,0.041265945034388,-0.0392009735233638,0.0016883106157112,0.14879824103531,0.475112986182581,0.363013424519738,0.0564089474869183,0.142035553989289,-0.140828478407277,-0.0454589488547894,-0.0106004623203012,0.17305376128706,-0.0711939617248871,0.267521322036174,-0.00492431264007324,-0.163172546771597,0.0013877622133707,-0.112166792452866,-0.230500295110066,-0.107506603839918,0.138379708838888,0.32778902941099,0.131782099868306,-0.139961401210436,-0.0230241025999996,0.0456468504830475,0.0875777200907636,0.0867634526638222,-0.148130454878438,-0.214935615730347,-0.127662458778115,0.195173889225922,-0.141998539924504,0.00149981420345927,0.243339606300776,0.30353213668769,0.228091463394753,0.263292760844844,-0.0410408159940629,0.172672076183157,0.0877359338845713,0.00542065131485253,0.114160270435556,-0.303473429227088,-0.117761558938769,0.191410610552375,-0.357693908382315,-0.158322244498203,-0.293187786663038,-0.149715582930209,0.0512229674763833,0.0455056959532991,-0.331222926229952,-0.115245901827822,0.235006160622098,-0.0191344311958401,0.0625911888595503,-0.0638479827157102,0.267416182468355,0.0549592387804283,0.045956337519804,-0.0736476935092306,-0.171917357903426,-0.357477986231604,-0.289075402918468,-0.176051826321037,0.21779400807376,0.105453017648143,-0.19024192168583,-0.0782337537995204,0.141982851164636,-0.0441672940446237,-0.29004067689236,-0.128020620420887,-0.0359949493145583,-0.186063020134982,-0.227969239622207,-0.308862818262108,-0.124377184673431,-0.0268443238139442,-0.00972102050515044,-0.165219070308237,-0.259484967886084,0.018213376896125,-0.154478173717846,-0.156824862703614,0.0569299457463556,0.11837633630131,0.178739025140251,-0.0740310263109407,-0.316546514225156,-0.321536793811572,-0.0999457340607427,-0.00998850334939161,0.209262783128938,0.0254222867742688,-0.12521365016869,0.0185053569127826,-0.0906127349487729,-0.0696721584407113,0.0957522341235313,0.155492177008699,0.180631946579066,0.273960152101376,-0.0736104647313356,0.153288987970504,0.0936460522162244,0.0800375297363794,0.0270570407263985,0.264934803831405,0.00581065025641668,0.177598893483619,0.0776733089863723,-0.13028052202626,-0.111516339798499,-0.0492331009114686,0.0577542855466563,0.112486443914814,0.0846106601168116,-0.192909653551867,-0.416231956909429,0.0170974454018216,-0.136015999482829,-0.221304940878939,-0.169661520261414,-0.126119689839023,0.23836200745405,0.149454736613051,0.000280395401801982,0.108488201900978,0.17418228410228,-0.121637390310123,-0.0710850005889165,-0.209746106525111,0.0325890107332406,0.149917764371241,0.247728748990013,0.234441685206373,0.176284163561384,-0.172409127913446,-0.213207690637187,-0.185697694531718,-0.013318170949677,-0.26491344033717,0.0257449049723518,0.150984899683203,0.407441747000379,0.0595501458434338,0.0656068803318487,-0.128598334789909,-0.208141853892434,-0.307839533311443,-0.132219337884519,-0.218594928436261,0.124480903135816,0.210177280666224,0.029393877413462,0.255228452937812,-0.0247091291210753,0.117501929875918,0.115575516318783,-0.119981902514481,0.134743977495903,-0.246708187042792,-0.0904838893890674,-0.075742477093848,-0.360825629263536,0.463258470572028,0.209211793865452,0.0738791966963105,0.0434808819676796,0.20062455064443,0.286831545052764,0.135810342474044,0.125357624028028,0.22026674073626,0.128065430254568,0.108004170201678,0.159555379429566,0.0585167247904333,0.0503186589683881,0.0885203004619441,0.366416613223206,-0.262048913044109,0.00780008364568317,0.00706263104938007,0.0669716544615879,-0.102530320365586,0.117114266386269,-0.0413278389386077,-0.104449716106582,-0.43490335611673,0.0494561396492857,-0.243305600081163,0.0952779455790092,-0.183542084215723,0.0393642185450553,-0.0224885327994122,0.0566107517651285,0.126831838216746,-0.202491815859035,0.198608943022119,-0.0815932837546001,-0.230467389438392,-0.318017993951247,0.0171654773253836,0.0639041107996668,0.197007376535609,-0.190305637800344,0.191339403535498,-0.0791844316519278,0.0776683274873428,0.443703667279138,0.127659423604012,-0.21579208609995,0.0178992230670197,0.112094996918495,-0.0954407101480705,0.0801788445524048,-0.162032866993295,-0.407122777782176,-0.16840213778974,-0.0700935394724352,0.12313781376973,-0.0509437368435326,0.00750132849742954,-0.175250093335482,-0.212955691340412,-0.222719643186766,0.110359730306103,-0.338603060430152,-0.241683659634405,-0.313402266879777,-0.186350711136302,-0.201323056724607,-0.286862809083897,-0.107324181328889,-0.0149661812127635,0.137865433093182,0.392059918680375,0.114772894439093,-0.0351007372540692,-0.000289596569030767,0.0123676565008844,-0.426052348887653,-0.308546305097843,0.0211352772635663,-0.094231330422192,-0.086435013718279,0.0034546773554853,-0.150553733528491,-0.173490327940744,0.000278961851785609,0.0964154012901214,-0.0555088472622387,-0.123721106878288,0.36984278621461,0.320394211346216,0.149614538590694,-0.0956223774824524,-0.362739015489399,-0.0811330404441379,0.0475852742479366,0.333643536313024,0.0544343691254493,0.0965368137870803,-0.0689194516192565,0.359964939869543,0.27911823767511,-0.237354422442297,-0.0567168699913488,0.0376013146811427,0.0219686551522527,0.119163656186044,-0.192307068102613,0.102212859011344,-0.110236265140465,-0.115476629167201,-0.219235216614152,-0.261257956242068,-0.224960217500569,0.00380661951899862,0.00512585466731365,0.024456151895319,0.212926611295857,0.16928677420545,0.118005050468966,0.000788173652208013,-0.0511368186803992,0.167827578550842,0.0299962773757215,-0.118239808368558,-0.134685105866111,0.253791389415655,0.0607781710349291,0.0799760909667024,-0.072540187540299,0.300406099272078,0.399444729708693,0.0216199998884137,0.170133605596927,0.236833324987254,-0.0349273800089333,0.284143569115092,0.264110148675851,0.105211915306047,0.0668351373477789,0.261918860995965,0.0624222345419101,-0.18239697852356,-0.122600745196722,0.0933337232093322,0.342478875055246,0.270822388554809,0.262483783603496,0.161579578644291,-0.194820646557924,-0.130177701957627,0.109210347423543,0.220144801589842,-0.18636198360275,-0.373494486705364,-0.0308255427844222,-0.0857726342667748,-0.0287179394940277,0.0964860347634336,0.0193781604933168,0.0601602789215543,0.190792303342269,-0.0494001569112968,-0.479546825366736,-0.338875882448532,-0.207319016376445,0.143797459103108,0.336189767328999,-0.193390124002747,-0.0302861713623727,0.00794865625956623,0.00044986082372761,-0.00748667314830423,-0.160616539943599,-0.120825967818762,-0.483646576738534,0.0632774087340084,0.0963109249231319,0.0404536138389774,-0.0734607049822994,-0.127203573691961,-0.127825148279611,-0.0780468783498707,0.132398552702773,0.186656268593473,-0.152556849418747,0.235152444085178,0.222507804717143,0.0667663693777082,0.0188326656558938,0.197176782614613,0.0378377671307546,0.0409745482773169,0.223274678994424,0.172751437832067,0.1431781611932,0.203484447224444,-0.00934959231802843,-0.203241340310704,0.0545400018169782,0.143508789621283,0.170487999325335,0.110961130141444,0.0966629632409523,-0.134733004622781,0.143533616850721,0.21357283283786,0.21271053902025,0.113316470418911,-0.223657072371924,-0.000868205240733298,0.171770854629962,0.104213885140204,-0.151944274344562,-0.210363790305231,-0.254861650927052,0.0308051923950914,0.143029145566732,-0.158481920221361,0.0842043408308714,0.107457683785203,0.183297388836164,-0.0101903063137434,-0.200014972002554,-0.311316699811598,-0.174594552745336,0.046195144660776,0.071574413205386,-0.191946781331036,0.0922581043916244,-0.011926740924826,-0.0162815328545378,0.288759972522981,-0.0183071469331368,-0.197069092795002,-0.259339840888972,-0.134480660877695,-0.153983887009135,0.321351300095094,0.0721854056880289,0.151235326061746,0.0117793848396434,-0.303967398377483,0.0653789233465037,-0.234552829465276,-0.19595905210568,-0.0372401571295418,0.168192459229286,0.434699623559441,-0.266356929212647,0.137982174880463,0.0640607823803158,0.0154072354685974,0.122984345756429,-0.00539603824921076,0.0860908959200703,0.2388117637925,0.128754625647135,0.0350643529735956,0.427204710080941,0.22689952249825,-0.15302605976824,-0.212543033115551,-0.172240641903227,0.088849902308683,0.0386645374442403,0.255166724275736,0.373439213359656,0.223200153464351,-0.0769275349112238,0.346824852596123,0.355656482278313,0.0169074795829666,0.229709575805121,-0.0540215885005268,-0.120915168636416,-0.259705997393186,0.0118660855457682,0.0954175207462265,0.136856341170899,0.167592685331743,0.0790065997196778
-0.323098740131551,-0.0293092501535005,-0.125187387506136,0.290013385934063,-0.196434255143972,0.0245358415142093,-0.247843661706486,-0.0922162501858147,0.226011410070547,-0.305782943458671,-0.204983096046357,0.0950287974499923,0.122122903458631,0.434878037607789,0.298101905538025,0.266361551196796,-0.308030836106127,-0.0668466963647786,0.378948738324508,0.0289381131199152,-0.289942455214717,-0.0285128271910467,0.0602676933034458,0.0595688508103188,0.357208655449508,0.313666161840353,0.144089372105228,0.319272006809265,0.600503641915067,0.324885785933756,0.231204373527735,-0.326088020369166,-0.376102434063553,0.14779024348222,-0.0624418455649651,0.10993101967238,0.807254927078446,0.512009850424537,0.421193861466182,0.313035412076181,0.180421936908929,0.0680187143752248,-0.0854930871824917,-0.00872261900873538,0.292371556624097,0.259548757533458,0.895746252163551,0.15576663406756,-0.00224872813937642,-0.219821685145926,0.431308767057148,0.0263065872955187,-0.127800549795399,-0.303953948331508,0.172100829087329,0.193955771829793,0.454566888679372,0.442073299539367,0.337249770241345,0.195655630065265,0.636560474717551,0.261481700103189,0.214901238901776,-0.0435689887930469,0.0756015897613475,0.725547742243642,-0.0564384823673184,0.0875285535203283,-0.171306713925561,-0.0443950422196651,0.138044725563972,-0.490821939381825,0.372691166641654,0.165035483599109,-0.153536577553445,0.152332573031494,-0.160033314935775,-0.299044710985417,0.0982285408202641,0.0470808889230535,0.0231015090756489,0.297068792367184,0.111981561838311,-0.0284068059526135,-0.124806359164298,-0.00390454725069735,-0.252777245545754,-0.147237511726661,0.00667402377748785,-0.225669119565083,0.702995237455411,0.221802255232604,-0.165581032918245,-0.375450213905258,-0.0233593247147347,-0.0868052781774113,-0.0447758583031196,-0.427648792390988,-0.407973666890266,0.35241951278259,0.085481395675661,0.121605745033896,-0.428965278295829,-0.161885919272032,0.0584927340794606,0.39142889176334,0.339236228845452,0.450350381154337,0.178622214309997,0.231675186749464,-0.280524128002278,-0.324344498350571,0.141485128483173,0.330959097807298,-0.0885700915212433,-0.466684387305522,-0.222911605661212,-0.25977174540675,-0.0753094068594584,-0.294088507059738,-0.446816700388533,-0.169589374765357,0.177059276339949,0.381956275944972,-0.134810226734522,-0.25609572802325,-0.029160401013572,-0.262843225890087,-0.231180384941682,0.0140083448514304,0.624605407286731,-0.415712046301437,0.0249484739582625,-0.163929795259978,-0.0645202394912568,-0.256615501249198,-0.262284748299187,-0.229723088064392,0.0250371355379915,0.309808399482867,0.369922848997229,0.643402456513897,0.32336041703909,0.115768697122396,-0.279433422571845,0.112451591287383,0.035707156357642,0.264300647340325,0.0118240851696526,0.270147201648707,0.208370409482836,0.305213290539194,0.0821642018921892,-0.0367586696478939,-0.0561154008651806,-0.247049806451884,0.035893573897678,-0.0515626715070678,-0.03217561925977,0.112603738181312,-0.00756347595979524,0.319199167422366,0.249677293101038,-0.0269458806367422,-0.132940362232961,-0.0211245409303831,-0.153289681676907,0.282228119360544,-0.100340855688582,-0.185074087547474,-0.100619208462591,-0.371314386295753,-0.325588458536357,-0.355092179627565,-0.527624252383387,-0.0201819580892131,-0.130236191839336,-0.00145651731276652,0.216466698025031,0.153335456853809,-0.227359083205556,-0.302595552350182,-0.153146084775351,0.135034963970502,0.128564780362859,-0.0134731385019976,-0.0874504379420068,0.0503317540837721,-0.535276837519966,-0.435496111340538,-0.394928879210771,-0.154457859136716,0.0776580667775144,-0.395732719663369,-0.31671570722549,0.292418392034474,0.0423363977199837,0.116599864381757,-0.265051410701679,-0.0378146870787018,0.039143726990711,-0.210972451134411,0.34894366029835,-0.00338104612999597,-0.562966705296068,-0.247665549070641,-0.502167157491736,-0.546229235206352,0.00247471649150438,0.13011175560821,-0.285335311579044,0.246004142641997,0.572765967940082,0.407712797415142,0.483874773575263,0.0226505827609546,-0.146143766828764,0.334754075222731,-0.027531878080246,-0.119641884532457,0.297036911616307,0.0386726866297286,-0.00330710612289618,0.421172446110851,0.663930269490353,0.106347674140825,0.1699456432211,-0.313601069293154,0.115239939129056,0.0762106548241551,0.0327552810501963,-0.124891830730589,0.10613161018026,-0.729036298436869,-0.301586697441428,0.0689869031650457,0.119601261658069,0.219705317529416,0.621996714747407,0.572206273995334,0.383462103887736,0.00405283972799897,0.0986535916478988,-0.455947625904709,-0.303102453844563,0.0250597066981005,-0.54195539953368,0.0582993167477341,0.0163486217738717,0.194784815279888,0.0179844846089315,-0.364845335585613,-0.149636091408588,0.0979793175876085,-0.0349340332477507,0.418178218566847,0.415205949118382,0.462355780361154,0.56450750065136,0.198440473141964,-0.425852134860261,-0.0292052159492047,-0.396007344558491,-0.113700796448813,0.0516814444714406,0.0245730206606422,-0.257208770752833,-0.123557594588807,0.45365074477015,0.0985262592504282,0.835012125854016,0.630743960879032,0.285387789995098,0.383668350596336,-0.0116906291816419,-0.130057822946681,-0.115242152524497,-0.345001250256552,-0.00837152520177217,-0.686516005387775,-0.348161220560782,-0.254648197837938,-0.216277017201294,0.158749451028781,0.290397562404104,-0.178035601938529,-0.290234778447312,0.00135653648084601,0.180203297852429,0.312577119266815,0.295128501863327,-0.280739246350453,-0.218598074897148,-0.257068306707732,-0.318097127963576,0.0440430600594903,0.345969701368331,0.234577722423655,0.224553812609937,-0.176481930226394,0.203072875330701,0.038928263425157,0.0671489137452089,0.572829174424397,0.0873998073264455,0.753929051959716,0.436014516253815,0.430897066254027,0.0361951365240901,0.150443295243952,0.242790062877649,0.0273181538764115,-0.0755327971164482,-0.393344149971399,0.218981146111673,0.319450670770647,0.4739627287562,0.149754058826652,-0.0716551903669179,0.09048145610319,0.117859125002395,-0.144340033835232,-0.143257339648918,-0.567384043631274,-0.620864123571351,-0.173252505427691,-0.18547297007455,0.0898464110483496,-0.0669430409913395,-0.143010537384788,-0.17451905159663,-0.105833820615991,-0.229174299092438,0.0106134895910335,0.165359709598967,0.0405919748477897,0.277355604611942,0.253815784591333,0.117241952175785,-0.179002278328751,-0.304519234080625,0.00643204751785704,0.18014681832,0.419182065561849,-0.0764817842450357,-0.328284801362173,-0.11967163465896,0.12532868474663,0.328632589262849,-0.23430720188449,-0.103292900076207,0.149578704936482,-0.0396665659080141,-0.457829740395372,-0.566504536662469,-0.562621867598692,-0.539350548969763,0.0803302540652522,0.039193131722855,-0.0141503218349145,-0.374414203717455,-0.307022323049582,0.563443922800122,0.340307554345757,0.0340413541093768,0.674142889794287,0.352340135179262,0.308714393438537,0.0390413428161833,-0.0611054159277761,-0.141136443996178,0.589401865576552,0.0822403013874752,-0.491594188157933,-0.197263510267995,-0.0980745226806806,0.0366377201705157,-0.336418381023501,-0.216445372402787,0.286719110901785,0.163799885882384,0.257361352540601,0.333604553201355,0.647878253242879,0.360180243571559,-0.0819500661069275,-0.0550083068932606,0.159843510707397,0.200060787346875,0.0533541290283485,-0.093389936055361,0.276982109264707,0.128213977267607,0.246240291501872,0.242325487397396,0.514619808771577,0.35361593122216,0.287176306362907,-0.189994984481248,0.0788844896107944,0.240281130417931,0.193471748673978,-0.0871802775138846,0.204828186397846,0.19915413226112,-0.15278593388866,-0.544795476897457,-0.281486935259479,-0.00101996605372971,0.376179070512223,0.544817900621092,0.517921381604573,-0.0463598204232021,-0.0589072591141905,-0.0153136067601373,0.311487611030906,0.03597593208331,0.324218653728313,0.170694223462946,-0.0358616922275519,-0.15600873158463,-0.0169870033243649,-0.244256472598859,-0.00871536355745157,-0.215815328131481,-0.317809967231745,-0.103733952711465,-0.0751794131868836,-0.223674303465626,0.13294101148653,-0.212095349784526,-0.105331128043213,0.0329370963310677,-0.0159445558127436,0.0733320564737229,0.0534551987131907,0.154539191008446,-0.103338296058235,0.00636761821713701,0.469915053348616,-0.0502471025852601,0.412807278985481,0.471637126935029,0.0802131708694148,0.167477851457518,-0.525486320653997,-0.238185694666663,0.0683855234002593,-0.121127652801618,-0.20296651880445,0.483178979472003,0.359138816276156,0.252701243148733,-0.0558224225586158,-0.253102906968806,-0.23689777555473,-0.443052088843622,-0.0908096625058149,-0.0945483824104502,0.477645277387074,0.194501601250717,-0.351517407702642,0.213579873613172,-0.150351137707953,-0.241785576833867,-0.423781716662876,-0.00474862114989794,0.0727824358665554,0.209541680302142,0.349837006931672,0.179136552827227,0.267867580421914,0.247961305427133,0.126470332212974,-0.363008029894181,0.00491668879546716,-0.31145422249419,-0.00191774040482431,-0.269729238688174,-0.267119114147676,0.39182140561135,-0.13279583149136,-0.151897593003695,0.00664715110564809,0.112214971379946,0.66824519606553,-0.633415046958757,-0.166765363159064,-0.260952530614879,-0.019141403211494,-0.358480064270261,-0.288928845195138,0.0194128311536743,-0.449424545933396,-0.413836010878311,-0.33975182913692,-0.375963868836371,-0.228798862115249,0.207297749366467,-0.221920685466001,-0.258321370203674,-0.523980082994007,0.298447435202523,-0.0364631720378006,-0.353857192116052,-0.0647775767739933,0.35341627788408,-0.27684860165951,0.0924303837842837,0.452785868138098,0.449047616313807,-0.106020503632213,0.323128746575853,-0.0908433677446665,0.0555266636053861,0.009291727460797,-0.133883890632053,-0.0335091827932677,-0.138762558275505,0.00266651813196428,-0.0764978180964515,0.025279777286412,0.394691085212343,0.195897938751811,-0.0107793538082524,-0.0365167617064732,-0.504324496324267,-0.103374324764128,-0.123965153936683,0.187088791117211,0.0491566074081039,-0.801935111004748,-0.132388278263078,0.596968988081363,0.128840979657671,-0.139058520745205,0.0531423093606767,-0.20997429963917,0.157740686681132,0.452276277563747,0.475090737078119,0.258008571250051,-0.269402642718476,0.108914581699934,0.300890686785205,0.204122768161492,0.510834947358643,0.478785645238431,-0.213293368037802,0.242524697088528,0.134393226244142,0.55350513627258,0.408306198581987,0.420219647332745,0.189369907093308,0.227816904650498,-0.0512283560430082,-0.385691786577065,-0.331605412299653,-0.079484280903256,0.262080030459664,0.107912729636465,0.159504297697709,0.828401114649416,0.661839885669774,0.118113708461007,0.0159258884160155,0.184133776101387,-0.288238563583465,-0.0223833107850575,-0.163582724298377,0.288104942824656,-0.235448613117653,-0.0579531816336577,0.0797463547821616,-0.623662664632445,-0.414127928291528,-0.260144911864985,0.0256361952374897,0.122836013317217,0.0314283206304961,-0.334267249280372,-0.355846182461422,-0.0940107333310772,-0.140139834924028,0.169168154288715,-0.209617659471516,-0.283566599496517,0.268422014302556,0.0324476594478509,-0.036557665265472,-0.183443018406975,-0.0162920004354455,0.0459135237056421,-0.234221917456401,0.259593918358277,0.443000392538371,0.317864689327338,0.446119056074917,0.474643935642289,0.374780971292473,0.0744568346633404,-0.0022248123501212,-0.415291076985624,-0.433515393968401,-0.361007961755953,-0.00543553723117854,-0.217717263463945,0.0834086765602262,0.0155524016745064,0.181081933821615,0.370533865076962,-0.401055733062339,0.00498498378963324,0.31546676828908,0.225928132855695,-0.292696541641958,-0.585844034509964,-0.129884335091848,-0.185335395096537,-0.297061214469044,0.258100649230902,-0.659369007999332,-0.322823159821061,-0.379683840193303,0.0756121671265982,-0.433451976516552,0.261202812578101,0.332138258688948,-0.112924330675453,-0.0340831367822953,-0.154091317016521,-0.31561057855131,-0.435382452915359,-0.354654058075398,0.237647376567025,0.048554969177641,-0.191268577482847,-0.0402549607322221,0.525973088032111,0.594636567195756,-0.0594442455004016,0.0247304106751459,0.339692120940152,-0.20656669073454,0.0955332218384773,-0.0252542469319745,-0.344688950329043,-0.0740368354082095,0.614430410556338,0.52090252301215,-0.141670525806755,0.038272946168728,-0.155399585688518,0.278636767498278,0.143484562581958,-0.243215544640949,-0.263659992622089,0.290535738906434,0.26714205830883,0.046782135920822,0.523742861206886,-0.0300385733102068,0.0100033150684605,-0.0323955106780364,-0.0175896981419603,-0.201662133494575,-0.000773219580474854,0.19767744229907,-0.527997084084171,-0.254419730172625,0.166417873242715,-0.394117825137822,-0.248329207316217,0.0208546557998563,-0.174440668484171,0.137719929813113,0.347116327510344,-0.227437914226806,-0.325310821904859,-0.526869026637145,-0.506124222488086,-0.250585826850546,0.0127503629660204,-0.0258987907640568,0.0345562058683536,-0.213272862024228,-0.0546424600499288,0.18625221074447,-0.0506860336979383,0.16160703744102,-0.134320299327424,-0.0217912145840165,-0.459349805536699,-0.211899633541731,0.191442821841449,-0.163931501067022,-0.282452772870015,-0.0879420950431884,0.348243681269963,0.174601380238099,0.608533465213537,-0.0981066157348534,-0.168215367686844,0.164769407007378,-0.249252209703839,0.00741146062022713,-0.388274913558797,0.208763987218927,0.606559637944021,0.79919769881136,0.358565156123203,-0.156380491468617,-0.392743407740447,0.108525522291326,0.0543339462868956,-0.0795357740083427,-0.120708364866653,-0.143237596104803,0.0949065359433963,0.483424871567274,0.391106794328231,0.253113826658113,0.162877174982197,-0.600658969652223,0.13106102231534,-0.0446113765777778,-0.110353408640235,0.414435703312409,0.171545960046712,0.227561660958722,0.268674712112612,0.224727311983895,-0.45526761838061,-0.415977216057099,0.22673842871165,-0.0371879012254015,-0.553664062117814,-0.129044322702074,-0.0781534872349886,0.00379387464604164,0.068989358742541,-0.279548020150436,-0.249696290643188,-0.244840638444981,-0.495754590072937,-1.89491259681707e-05,0.392744742347399,0.265336145062568,0.075878213264447,4.87587117234956e-05,-0.400220331112253,-0.817820321182292,-0.738889224136926,-0.491904190737424,0.120290046420305,-0.82948122567163,-0.734719760945619,-0.314134494984053,-0.469087546251921,0.146016146062597,0.515378328595316,0.231338144835328,-0.0793114439810737,-0.226880642528899,-0.204058087162384,-0.0873022564574523,-0.000347105024841858
-0.250578572221035,-0.283850451004106,-0.114405637943155,-0.0807734430648903,-0.0155390498348748,0.0511885220529858,-0.258066863986732,-0.107069839446319,0.152999876916604,-0.0645025804149429,-0.15978839706891,0.0202619687681656,0.123969434736911,-0.115244452653455,0.256624110596343,0.0640823608099385,-0.306222482391296,0.0786810216578532,0.412313118275856,0.0909195895455348,0.00662409131396333,0.07908009479692,0.0181266626831578,0.0605236135350498,0.29103134253636,0.143612115177877,0.226920747230618,0.134324716233122,0.558378382411375,0.0892535192093761,0.354752679517672,-0.201663825500181,-0.30498834621261,-0.0101430160230999,0.0206263818788843,0.149987877762071,0.403762074947738,0.255817538496876,0.230457400490753,0.156900399746171,0.039749136740132,0.214508375315305,-0.166560460138576,-0.0385408037815687,0.265621685410428,0.0325407092785874,0.211205869114554,0.188590317616741,-0.128050995756847,-0.176610796516727,0.309357444002774,-0.085962859469537,0.138887951816765,-0.00857009698266822,0.0982154929367997,0.260474473463185,0.104721811249952,0.264999935530165,0.191245439472581,0.0129474224798598,0.250389429225039,0.0441795887294111,0.164719302285034,-0.0722256809583494,0.214109699595288,0.343181952763313,0.129342460351928,-0.248433056087645,0.16351659269065,-0.0409388972381163,0.0702152483639894,-0.0455557738295234,0.259239306355919,0.0928605926704727,-0.0491255770915253,-0.00247287594637607,-0.0811912311672355,-0.200749998826308,-0.000559750665071843,0.0305824321497329,-0.0648696959916041,0.114176919893223,0.0633610825761701,-0.0477655359554423,-0.138757941431784,-0.0270548868415453,-0.0306870134675624,-0.0119356566798065,0.153691950710791,-0.0416783574896831,0.410087481653109,0.124272339123152,-0.0897533262359187,-0.39693551381034,-0.0218901671127841,-0.00130086821500357,-0.0268312036340841,-0.371764628680864,0.0569730815376481,0.110040417652782,0.0526221394938842,0.0370749653799892,-0.00165362715511364,-0.0525690989717673,-0.0393546829405579,0.0612299613870569,0.336644999723781,0.263094059309433,-0.0479832192945916,0.14733849775756,-0.112529163576229,-0.351225677927764,-0.0588492191094839,0.110303566890407,0.0517100259671877,-0.20719263539877,-0.308910270835503,-0.265217804949693,0.115850923613119,-0.25544192355643,-0.325127053369652,-0.0803017855981816,0.103038813124991,0.173916123911812,0.0929678141139031,-0.109265657176826,0.160471526303389,-0.224919357530181,0.182190303607765,0.0655572647117161,0.38674486482023,-0.180860606693406,0.0879799621219295,-0.0489386741917966,-0.124599323941415,-0.028616653102485,0.00234736350797253,-0.124577425407857,-0.0377423353748664,0.0676740607790051,0.145212840240175,0.359324889752114,0.313391918910444,0.00931187867115724,-0.0942351007323994,0.242564571420737,0.0815671013498684,-0.00615640904311064,0.170042478142281,0.0386074029999143,0.234864263007274,0.116070656956371,0.109972297077474,-0.137920624271865,-0.0497686847274795,-0.132819450801039,0.0702624964951808,-0.0134317195166364,0.105360682511458,0.180728117973242,-0.021647884994108,0.198579757028263,0.388878357830703,0.148236917847066,-0.102413192753073,-0.0210420836547434,0.0492904467009895,0.187952339555587,-0.166688036280023,-0.370188608948648,-0.260779506610614,-0.112959104075032,-0.31634925969066,-0.226983210596712,-0.425246036319515,-0.00700523039497783,-0.100784991162396,0.0967398737261784,-0.100863942911579,0.151580524758355,-0.0779177867331126,-0.255654028456619,-0.049397245967293,0.142811834676755,0.148917270981848,-0.0713812931304386,0.0392406747484031,-0.00960752972882924,-0.400337937813337,-0.182593147080947,-0.0880578114405441,-0.0805525382936045,0.147546530837997,-0.0648091767996133,-0.308936239424799,0.22455682850687,0.0966509689221602,-0.120276038134332,-0.0518601385378475,-0.0524373892007586,0.0939682566322826,-0.0538784601355026,0.0946646445394911,0.144207683304015,-0.260772118802736,-0.176167481684204,-0.176236809497101,-0.127388315374706,-0.181082676136617,-0.11859762165811,-0.0928978341734835,0.213135353054864,0.491702945179968,-0.00910119709972387,0.300681759660271,0.0566907088456783,0.0451184366603721,-0.022678526694562,0.0266839742791837,-0.0829709599884789,0.182498358836849,0.086852093779617,-0.269020555452928,0.324414565710059,0.370776043499314,0.0206874417999139,0.169278412150188,-0.356054434900833,0.0263885844187671,0.0471123242503738,-0.256392354831232,0.103358747193503,-0.0673193678574467,-0.443098791542885,-0.0681286008017159,-0.0119586886539763,0.225407529911774,0.139622735337508,0.379814036266652,0.0343171276037228,0.242579008815452,0.166820457169235,-0.0674109859304776,-0.25640273233802,-0.271523221307892,-0.0771587960004106,-0.410141735545031,0.0138787169867065,0.0653192697271123,0.139934903417948,0.116611063346003,-0.235176196983955,-0.130439078220223,0.198449916237901,0.122081621308747,0.14627771466384,0.106502077370031,0.093292816782592,0.316906101740103,0.180562860274948,-0.196179933459209,-0.0924024854997281,-0.204219173543692,-0.140898973973094,0.0637247687920189,-0.149854191441672,-0.0455266115495075,0.00702229826991344,0.194142865500428,-0.0616713400728871,0.380103426913089,0.254933494468373,0.121083380210751,0.222349785377395,-0.0767001836781991,-0.011230313627702,-0.174714914979664,-0.150458517981768,0.0678746288765059,-0.342695950835694,-0.383477465241015,-0.213547647904396,-0.164950023081851,0.140139928399558,0.056383335239356,0.249285566541842,-0.192930444318778,-0.0409344420578362,0.331612198914146,0.208921785022019,0.418201811151205,-0.0802394149387472,-0.0774978477778205,-0.244891390643916,-0.0709973526946846,0.0032847065747915,0.254911036868277,0.00799760003855687,0.0205580456838484,-0.0620954543971322,0.0916875137016937,0.0314511921001693,0.138779943281462,0.140656436263724,0.083503701807963,0.614513521175762,0.0745408937516767,0.191788351855246,0.00793543544957212,0.0688830355830715,0.0326644938588058,0.186239848774837,-0.128669729292765,0.0182217948752875,0.0959953535652845,0.012161285228332,0.0727168291034169,-0.0653856123707055,0.272129525147676,-0.0370651378032498,0.141003219861827,-0.0833590350410776,-0.113896434884041,-0.267979951054489,-0.215784889818317,-0.049943776831411,-0.0712234715686666,-0.0653206785048651,0.131587713640155,-0.0661775488055776,-0.145459417640268,0.0968787039884553,-0.18105830689663,0.0725834178573416,0.271765913940007,0.0661692047944573,0.0944916137997828,0.167531060366983,0.0192440934695936,-0.277524741810813,-0.0498431311866651,-0.105144961235037,-0.0421794587514555,0.182410481675675,-0.124159696148579,-0.0715647559415662,-0.210596818418271,0.0605428762022445,0.36506782258853,-0.0994835563531569,0.0096441930169623,0.194121234425567,-0.0798613169817383,-0.0690836978860542,-0.317707126704602,-0.330536307110267,-0.198973971034091,0.174656025414699,0.0968554611547636,0.102262811306986,-0.335894009210067,-0.179130307163231,0.128572635423507,0.00804550276820229,0.0255403962718067,0.375196775661877,0.330946277830653,0.259662062297771,0.167680054552605,-0.189122842496167,-0.0925118224602873,0.147856157927733,0.0509384020031346,-0.258794629744334,-0.145075648741038,0.106400488234344,0.0756907994597185,-0.171573949467828,-0.0855646115240532,0.0762453680001543,0.14199981918654,0.253256773427551,0.333810367370921,0.451737730315661,0.302112938105464,0.0261254291098187,-0.0022205742424257,0.0394209798894881,0.0854770170296128,0.0901317350837758,-0.0981441014517351,0.204643725620689,0.156369957241926,0.0731708446184971,0.152593701729913,0.275107859224836,0.2547159734777,0.0200987875434163,-0.199177962214965,-0.0994975550924141,0.198779615495244,0.156393394116119,-0.084492259694405,0.269618307787901,0.159636678937546,-0.0204729079507956,-0.295920655266985,-0.023445818156479,-0.129921600928966,0.343026738822699,0.244124131878983,0.287973103942704,0.280515374067915,-0.0426898726724454,0.149427217783906,-0.100940626623764,-0.0569168801432395,0.308170408535767,-0.0372085002125047,0.0604368200400028,0.0232875453813732,-0.072214647039997,-0.187961083182176,-0.00988369596307002,-0.0558688770239514,-0.136471835678012,0.104781862744637,-0.0796747015985621,-0.291130161472426,0.193150429275804,-0.0653268067328366,-0.187881672555907,0.0814944668458069,0.273191512189132,0.151493116276299,-0.141877459305949,0.0402705009164738,0.0625503532013852,0.173777990971727,0.330296405927394,-0.0177338804709088,0.196693069532034,0.0302219228361675,0.0681093993086704,0.0218479431757456,-0.364953868332787,-0.104070120656769,0.125471680766354,-0.0852079585633466,0.0575831832463748,0.262036241412702,0.19467653600088,0.252573675283291,0.110356314841603,-0.106134427223435,-0.134587578464755,-0.220331096373332,-0.177748031555976,-0.112468255810102,0.0765044915478656,0.106913958026334,-0.104198389203674,0.21192074082433,-0.055140672365238,-0.00828693776952044,-0.441394528197288,-0.0817939033238324,0.109658279727517,0.161748240255349,-0.0676041106740565,0.0669175247340227,0.0719073636520086,-0.104202097050835,0.0435296073143754,-0.233321063865885,-0.0330065996683226,-0.00873340850922602,-0.111312482369787,-0.0283554422306187,-0.175387563554487,0.291969456405235,-0.00156037746660806,0.227580404967116,0.147071103322767,0.148483147394732,0.25145019664166,-0.159795678472057,-0.0984856456740173,-0.224158895236058,-0.0938644108895898,-0.140473483589492,-0.144011894188929,-0.20733198165834,-0.121268086290583,-0.16131503980123,0.0124941232574425,-0.199417159866352,-0.163321096915229,0.0459173631217508,-0.0885589964315369,0.0181873047312617,-0.366324824870183,0.179544597790614,-0.0928570999514481,-0.12318245797227,-0.15613960454959,0.236137385683441,-0.252058824145442,-0.124895216368454,0.208448413002443,0.221862451398768,0.034616987257753,0.0482884589017871,-0.103519065561066,0.118022891594266,-0.135960341270175,0.122634084371629,0.13617940408146,-0.0150054174626585,-0.069158429777236,-0.0695209787716562,-0.0043387546228536,0.0874865046237569,0.135033798682421,0.000975958437810891,-0.0631397368419016,-0.121052076929141,0.206397232504252,-0.156981806413693,0.193247511238381,-0.0199368755927935,-0.105139154360363,-0.126608646856251,0.264022150772461,0.0538584385818406,-0.0496886420253678,0.015413345446617,0.0398854386148787,0.221277032378294,0.257436272308365,0.345823594691989,0.173707277099328,-0.273145239107224,-0.0106990195725724,0.0936264338014994,0.172076793072944,0.145634762480144,-0.0120452048641769,-0.0719255426094502,0.120969027214644,0.0396514197520765,0.278300143090213,0.3439490512058,0.269065361328938,0.441806545022887,-0.048292626488394,-0.0876639539112532,-0.257179976131014,-0.00398983496873173,-0.0389978712970518,0.0815426606221294,0.0117493820339557,0.227390163791068,0.494780076717354,0.0628445292505424,0.0515746515374843,-0.175268437088401,0.0425766075847062,-0.208963939846609,0.241297195033048,-0.0381442737058955,0.037208103534224,-0.115109784460172,0.00314448332313229,0.0428646033137714,-0.245841918139538,-0.0759324326336289,-0.297520258771209,0.0338735260865676,0.272003127914073,0.115565398512471,-0.220762260758595,-0.153144530447924,0.016443425725925,0.0209660747593778,0.359655374119257,-0.198609544208617,-0.0313998762703859,0.220247172501611,0.0792026300161489,0.0565963929231672,0.133518123757515,-0.10186219101833,0.2709980733151,-0.0615917126991054,0.133837986216957,0.317212525221772,0.323137062628896,0.260715965368617,0.408281287397903,-0.0474054046450629,-0.0624348882225025,-0.0393591444949298,-0.174474688179524,-0.113134396012551,-0.123958299028337,0.0796447287944714,0.131218971793272,-0.139325636653838,-0.157516079485493,0.236559347499954,0.053377445122732,-0.150570465160334,0.0856195055143859,-0.0225201821407513,0.0641921442595067,-0.261923112152202,-0.310057192651377,-0.0988248648649445,-0.1769693348731,-0.0944388427519604,0.148702992534384,-0.332276739903758,-0.164211932232334,-0.169798407414132,0.210210090310894,-0.261985146805853,0.119794523375362,0.074627452850434,0.0607970529082788,0.0336976834672276,-0.183223478025433,-0.293851766602276,-0.242053633875745,-0.0358787875384521,0.25629549982625,0.139110563325525,-0.0217665187522631,-0.0532370389701766,0.354786905346014,0.252136041920264,0.147340955061942,-0.0119984795779884,0.254455738702028,-0.0199800850136486,0.20666213214011,-0.151543026135878,-0.123630988723376,-0.00721291278144444,0.352865516275919,0.181352013476639,0.114250904185384,-0.159270244654188,-0.111998340271675,0.139235906373843,0.183665225495123,-0.291454120422886,-0.0530545489232606,0.248701619068645,0.138465289693371,0.159475904239961,0.38333428005248,0.171139283575268,-0.0443277435630343,-0.35305240245845,-0.108710126018525,-0.0416383157112011,-0.00189968995836982,0.23344270470171,-0.24041330837775,-0.174044851575645,0.0351998820329177,-0.344245423428581,-0.132343911824873,0.061853636197803,0.00301413227621448,0.0687544164734304,0.00347331461291474,-0.257703558193926,-0.162587707686106,-0.22053738827934,-0.35428389991053,-0.151613085743512,0.180931082706235,-0.0910572166465935,0.119020386732589,-0.148278571112292,0.0165664235003156,0.0718759082765898,0.0462573133418355,0.119258503720045,-0.200708774846201,0.00718806002828422,-0.312374528776333,-0.166781209247776,0.0741093156585718,-0.181858185390345,-0.42978409200469,-0.247717924620862,0.159291551491625,0.239410531828439,0.262158017279098,0.00547287503607676,-0.138780206379063,0.0134535481237706,-0.0839484232778167,-0.204900444137363,-0.410621787082691,0.098725778847116,0.200826918244698,0.286984357130114,0.0117866116570801,0.0229816237583385,-0.19138581875433,-0.00314463994848483,0.072436563615085,-0.0720592779576412,0.00427445962009725,-0.108005253440703,-0.0238010648278563,0.255910682147209,-0.000680140093008291,-0.0707836390636884,0.0337982156174193,-0.236419647566248,-0.0450752269104558,0.0160893868934097,-0.0215943854845429,0.259377622127736,-0.0490406828272873,0.0914376595931264,0.239446546880545,-0.0302173752719981,-0.297193903535957,-0.170503370817646,0.201812469161871,-0.0742723491349517,-0.304188946464818,0.0675820924172416,-0.0731291734775311,0.184493058897094,0.0882855189193878,-0.238345499550134,-0.340122815381113,-0.149631724990188,-0.242970020576363,0.314712927742358,0.0650747458954073,0.138586258431308,-0.108097315377741,-0.00566155704837175,-0.0170525664178155,-0.429817758022458,-0.380997459355894,-0.244176212235513,0.18775045006754,-0.190631631474492,-0.400178729465255,-0.0534560360027711,-0.352770330396962,-0.0651981208856111,0.160102325756564,0.141353367633135,-0.0053814740944348,-0.0729379444880058,-0.045946689087724,0.0915964546285022,-0.0286179121933211
0.18738281725561,0.064479835148673,-0.167916870966437,0.12770405816728,0.0609352924355373,-0.0386338198674298,0.110475494975534,0.237512061749817,-0.0359697099901134,-0.183805705398489,-0.0753965922483944,0.0126937218031893,0.0651680142849974,-0.085021817451306,-0.00174422719346374,0.000840837715480214,-0.0084789577665727,-0.112908443290117,0.0830193432016856,-0.125101473393071,0.169783038742428,0.0155862367832211,0.119399171641417,-0.0883845301064292,-0.0063820549377847,0.140199919876456,-0.0414939754996006,0.130492459659392,0.00309082286145895,-0.0201091023257788,0.0447375275635109,-0.00547611798269169,0.0962594176308618,0.0884603860017197,-0.0180579657461839,-0.0860151921064515,-0.189568925200577,-0.176463654145829,0.0628024294389729,-0.113538454041872,-0.161352481226546,0.0526127217227272,-0.0871448439889632,0.0750509415585893,-0.152819509061698,0.00950822705207619,-0.0929563041101439,-0.0513116317750202,-0.0590373167068972,0.0312175471077827,-0.146503795852911,0.0762258317662254,0.0232945926328712,0.224166257152258,0.0543635990735909,0.109903386955834,0.00849691822222707,0.0837507572167166,0.0815955312621176,-0.0419065782989802,-0.0834097311960807,0.117056024244472,0.00803083137713266,-0.0502814270336884,-0.092958131293388,-0.104042846204871,0.0968189667657572,-0.0366397188284667,0.0981182097436493,-0.0661218546385471,0.0277970915437237,-0.0796286892349644,0.0208338994050434,0.181234748149847,-0.00725794636301347,0.0023406714610252,0.0730873316820883,-0.0594756893990293,-0.000832397274820814,-0.0620289075677192,-0.0241802356265039,-0.0507940395478717,0.084516396118898,-0.132553196256325,-0.0302881906822658,0.15242455173381,0.145657968503138,0.0202850203824218,-0.032172127669483,-0.151610332243162,-0.0228800228267511,-0.119772653714387,-0.0238766551145824,0.219446249445908,-0.172642268480342,0.0552364300104743,0.00537459863183912,0.02654266766996,0.175258736604363,0.0665321532519387,-0.0271575449226867,-0.116379447679315,0.097434045157426,0.058440251044326,-0.0224814633599978,0.0247655521534723,0.0291247265304782,-0.0960700675217565,0.171873604384352,-0.0221534097432581,0.0549038872416499,-0.0238702157192123,0.00946706456718439,-0.0996154646416824,-0.0764528936093078,0.0977620940646705,0.0624582740342602,0.021807833554704,0.0486007523362178,-0.0633027651640581,0.136311268173645,0.0934338655810752,-0.327694502000885,0.0250146830696459,-0.00968809791354898,-0.178953416458905,0.115249392112873,-0.105128223206053,-0.11460249418676,0.0168796113850698,-0.0822556490057378,-0.124169178581349,-0.191632158955859,-0.107554014426489,0.0946844669879331,-0.0530962965470878,-0.0245041170325963,0.00810278921644087,0.00313960775287103,-0.075365556099453,-0.0698008088589073,-0.141580026829853,-0.0495416715961567,0.0599913887193314,0.0411683243370856,-0.0851603777639378,-0.132974492981524,-0.0834599994740289,-0.0928021309754696,-0.0988791738089728,-0.122376088926438,0.092299559802384,0.160394435136801,0.0648729054599321,-0.231074108365785,0.0416058804633334,0.0890838232467514,0.0396563466732303,0.127674165031215,-0.0708380052712317,-0.233626138397917,-0.188836974967295,0.075022861178772,-0.149647220180066,-0.0355181111584783,0.0549269624600934,-0.0285038652514891,0.0968717743584179,-0.151843740125278,0.223780810253737,0.076106354131272,-0.138542678225252,-0.0112842496700885,0.0970633611774724,-0.0276365041260634,-0.169854785902736,0.0223796794073911,-0.128402956313791,0.027857119881858,-0.102285966659124,-0.0214214220904262,0.121849148831657,0.0238253693373792,-0.175893497231591,0.121483950815397,-0.131536945253102,0.00570095216073572,-0.0728995081797443,0.186317258401063,-0.0907125767481622,0.0463440956985017,-0.139287519432976,0.0482847322585382,0.0888275224781108,0.209801760603477,-0.163138174085867,-0.1676500795653,-0.0380486017923398,-0.0305085430857217,0.132721655898708,-0.0294036519770203,-0.089301511053549,-0.116363967963211,0.0319762574091623,0.0862717699082953,0.103156233144032,-0.124215097239736,0.119107540471577,0.0681153569207592,-0.0666849423295549,-0.149190824344753,0.0114718357330224,0.118206812215763,-0.00150960936851484,0.1384757323626,-0.195825619766473,0.035891062153235,-0.0392649622624064,0.02357682485837,-0.0222148124016886,0.0174320218629493,-0.135426538492072,-0.0482000107432706,-0.0258375472756383,-0.0974285118279333,0.163865150490707,-0.0203165494694813,0.14238712607718,0.113809660911005,-0.0462777352152216,-0.0283829928118128,-0.0236932603890579,0.0364273041041265,0.105167475336326,0.0575896550725259,0.0300524577202556,-0.0513786779705176,-0.031951747480208,0.140813861169149,-0.00950571870439557,0.0548600323408183,0.0410865335743231,0.10387232284333,-0.101115213970143,-0.0822351244533285,0.0100378832078949,0.080868115867079,-0.0258929962541855,0.214256680791183,-0.00607479700524321,-0.0217059974669676,0.0507742604976103,-0.0823924767906656,-0.0310460836986823,0.00440210561687462,-0.0535355845963098,-0.0670286778657874,0.0857622251791794,-0.036111074629651,-0.00237740996812682,-0.0970950031463339,-0.160549033788026,0.0493267724180375,-0.13622490482416,-0.172135514498454,-0.161013399650107,0.148670472833791,0.00583159818972474,-0.0680532318496682,-0.0334607234173065,0.168811902151466,-0.0423926762656908,0.0084827485371151,0.110701905083714,-0.0390236796161449,0.0151921651640923,-0.0183624782616903,0.0410177190568984,0.189722065697462,0.0792595108026214,-0.00720480086515674,0.134404986211334,0.0798149904884548,0.0528531863567687,0.00854832182482804,0.0472139552654674,-0.132846960614807,0.24376420314502,-0.042690457834157,-0.117683732623343,-0.131657820091242,0.0406242406329631,-0.0210243571027996,-0.0560584359748972,0.149494889540132,-0.0830569910314162,-0.0859352385485024,-0.211871317225923,0.0207982722409541,-0.0234365687487109,0.0202643429019975,-0.0919968950467516,-0.0327407221618276,-0.101720241568243,0.0594323157575623,-0.0187579925248755,-0.0932640870898569,-0.110542896585398,0.00795345391167976,-0.194861713062365,0.0352355845938715,0.0892901461497359,-0.138918867614503,0.0654329254360381,0.050756986425762,0.0363365587005749,0.0630511635167407,0.0105096298222089,-0.0122139440967992,-0.0953704733085498,0.0653620769421232,0.108292145751218,-0.153591273194855,0.0532344666480155,-0.0481090178457565,0.181607776688369,0.138644034950892,0.0954690670344519,-0.185330465621951,0.0455421031733229,-0.0433394472662732,-0.0327587200974704,-0.0375363054205383,-0.0588756274754453,-0.0732546858885985,-0.0232486140459873,0.071435925504972,0.0129587143794364,0.0261910607405389,-0.00585974673317115,0.14987894821907,0.103106203913566,-0.0705038423217146,0.0568123431361551,-0.0765929175608885,0.0686601690634304,0.0353826416740001,0.0848492582789065,0.0270728958882235,0.0481465739165362,-0.196132559856225,0.0356372853016929,-0.00796902139236024,0.0100637440177132,0.000510845292996935,0.107778268296483,0.0400049312026819,0.0923915831259743,-0.0848758435496279,-0.117208151257812,0.0716798491227025,0.0826714186241102,0.0674104354307801,-0.0271044683136015,-0.0340233533177849,0.0267717102234317,-0.0922080646275119,-0.0482125420885763,0.0739826276734099,-0.0687217995931728,0.133507292030968,-0.198603650804249,0.0342645590238271,-0.0168866685345548,-0.0372261964856979,0.0945726352892427,-0.0129013448093122,0.146798150061566,-0.0144745037031807,-0.0647517734666334,-0.082382360256085,-0.272488644208943,-0.160467929827346,-0.0980522375654158,-0.0426453075262937,-0.0926347240914845,-0.0550047878863289,-0.0192132249252891,-0.199911537820081,-0.0861490940055487,-0.0709671383432652,-0.0868900351703609,-0.00334501319197944,-0.0479864266717613,-0.0985996863943983,-0.268873963580383,-0.107613815106232,-0.0559102493131903,0.175734433608133,-0.0882555303753912,-0.0524034278452695,0.00790059239119695,0.2970889484329,-0.101951785491779,-0.092062160393819,0.0201992623091895,-0.0423675151486373,-0.0221054900529476,-0.0217371886203802,-0.169275228716904,0.0698076005191452,-0.12569539636508,0.0892689863132459,-0.0323463589741241,0.0188106192738373,-0.0454800437897407,0.0307664083078771,-0.0881347349763032,-0.171867885081987,0.0746210034297572,-0.00161677596790533,-0.058255804281732,-0.174875087746501,0.0911773460557979,-0.0207985642812534,-0.0480897374232288,-0.0767891369268294,-0.0424349246086588,-0.06998436096714,-0.0313205891257385,0.0282133860752608,0.0368264803134434,-0.0686981822882217,-0.173597643457719,-0.0584640520792627,-0.137760042220317,-0.0217123990205148,0.0224598604184706,-0.11074161714022,-0.0957752056346285,0.0673331275858147,-0.0143847052035824,0.0581742670389345,0.138591953347263,0.195181901827297,0.168526540512976,-0.000421777848953005,0.0669474598185318,-0.11285050395329,0.000891728253759841,-0.123708459092028,-0.0302287904002383,-0.15349329146211,0.0263689277246842,0.0798697326489978,0.124077780941235,-0.0484295525585371,0.154777100979611,0.0415588830270076,0.0355087172305972,-0.0538746237394469,0.173498247638414,-0.0274785559785384,0.0615410460786144,0.239493858192394,0.00131060669935404,0.0279828923608356,-0.0769757701153395,0.107457077362685,-0.13062938940852,-0.0501887537327428,0.0236871651173772,0.109257394045724,0.108749558529088,-0.0166721491095801,0.109842219447935,0.0222696567296243,-0.00735496211253675,-0.101972754375491,0.105159557856532,0.0281246071357803,0.0421974016392865,0.0266150339662025,-0.164989968175211,-0.000578910486739165,-0.095268329890459,0.0892546592307316,0.157196464195608,0.123042723995487,0.0421580556459576,0.0964609155707297,0.0604724350702918,0.110959401372499,-0.103214694891701,-0.181649189351217,0.128479860287876,-0.0230699680758201,-0.0790390415097224,-0.00913881044006166,0.0636617006941685,0.0812188344027162,-0.0362750692812875,-0.056933267489509,-0.0235484873108735,0.069365964088401,-0.0821630141784946,0.122413323810053,-0.0296045570734769,0.144497492487158,-0.0709862207597596,-0.139449832411411,0.186054773140448,0.0139598174000455,0.211066645353041,-0.0410673909410499,0.118076954712577,0.0129872470255861,0.00227359515496102,-0.0878435033886977,-0.0614165121056384,0.11145900937915,0.0943391150826909,-0.0711130788163656,0.113532437947509,-0.0271562147616723,-0.0421514517438063,0.13065802879872,0.17672757605242,-0.157648831435976,0.109310147096512,-0.00492009525436697,0.175372531696043,0.172574435987862,0.108608626329739,-0.0581138169509593,0.153656335548828,0.0621106337398476,0.000126382713161129,-0.0110114325123308,-0.0401464432852455,-0.17703750221323,-0.0965183185246823,0.0869455000591819,0.107582176598656,-0.0769359856323538,-0.0199469843148609,-0.0980431672367261,-0.0569178178143367,0.0276589530076708,-0.0253949559743706,0.0812873227211272,-0.0219900289407747,-0.0644272791066788,-0.0658644228128327,-0.0614086563872326,-0.00691718641606487,-0.0609904700804092,-0.0486990720319822,-0.104837793286277,0.0992832799096543,0.235884428661797,-0.0447429979864138,-0.031737644966624,-0.082677554466511,-0.0475479117402632,0.129548519965468,0.170058951278305,-0.0919348364788057,0.0453197219991197,0.00774332995602927,0.101666023875183,-0.0508957282719837,-0.00531484650063588,0.154328116742873,-0.133555608098905,0.034452368948766,0.0637885191200626,-0.0464942999078535,-0.109362882643949,-0.0607755201646876,0.0377099439650407,0.083925183208324,-0.0483677180972305,-0.0499610600359235,0.0560035439736177,0.0171709818526649,-0.0658759927285433,0.0615093343943609,-0.0344111600423942,0.0257704852753012,-0.142007556513266,0.0609630179121912,0.00250773204030422,-0.0619842470695179,0.0189011607243888,-0.0720353468211957,0.126869926246413,-0.0958993646132888,-0.177033695923007,0.0482310777789926,-0.140804178193215,0.135605447225878,0.0708440991329945,0.00825765802079331,0.0574695254374491,0.0669664627365442,0.18645791885165,-0.00196517821741777,0.133448194000332,0.133120077893684,-0.0808306022358138,0.100027369317686,0.113428974416493,-0.077385026896374,-0.0819289781203773,0.0492064483395793,-0.0766162084654805,-0.00751058584515288,0.120463426538605,0.086232220165788,-0.0132391915473562,-0.11654746291696,0.046123729734437,-0.0949752444498383,0.132505662575695,-0.0033577939013229,0.0609148270420647,-0.0389342298400455,0.0364251622663747,0.0545145065033698,-0.062421485038829,-0.210113616443543,0.0493566860019986,0.0438049509845988,-0.0720398016927958,0.122466548687733,-0.0147774053869808,-0.0425422089782837,0.0980643603948812,-0.0826937871516222,0.141065305203598,-0.151757447755555,0.0780682765340452,-0.00285046271440143,0.05858532816796,-0.0407764359979823,0.0782859784262999,0.0933164832662609,-0.0524751334190167,0.133902270631076,0.0618698583292231,-0.0719417595900372,0.0752250230884631,0.123483910494836,0.187546524773563,0.0763318948313234,0.0986584592237823,0.0488041241962768,-0.162524393007768,-0.187476674040872,-0.140150471989384,0.0116620066875144,0.106523709379884,-0.0866819283559961,0.0307700905591673,-0.0264570992274024,-0.141889445316586,0.0368107197416324,-0.0936916689945649,0.00413351333031041,0.128339947217281,-0.0504612791769325,-0.0075286579915647,-0.0466581243057849,0.089356215813076,-0.0910698686949547,-0.061105481989995,-0.0603593528788265,0.0192468828006086,-0.0179927428912032,0.0943978423971039,0.124490280318392,0.0230542143064875,-0.0480592164867761,0.0757323519230921,-0.119661562710332,0.0180172559786952,-0.0269435626330011,-0.134695974744941,-0.114413478126752,0.1468608998054,0.0784702816410092,-0.127899339743837,-0.00605238539622808,-0.0603805557232654,0.190266973286881,0.0579704066942888,-0.0377715600726062,0.180423722255625,-0.00462506627520707,-0.0320616633364553,0.0403582921581628,-0.0318773522923281,0.0172550935487398,0.0553845753880911,-0.0351570047761537,0.183468012822846,0.0397056478934607,-0.0368788974237927,0.149178794904356,0.0133564925609497,-0.040727801407628,-0.0359767472079184,0.0383670972890958,-0.180284247554357,0.0689379426432965,-0.108698147782094,-0.0999142270229125,-0.138940634804096,-0.174738721570572,-0.0741641118409086,-0.0058247882746788,-0.087957766355003,-0.0696739244495691,-0.00221613419373053,-0.0213810935600917,-0.143305060593914,0.107875198692276,0.0645738233271289,-0.0387189652040446,0.0783849527619938,0.0299900432059336,-0.158852095114292,0.0141546350354057,0.192589239225338,-0.0254751674670841,-0.0193261369460989,0.0718861902239514,0.0349615044330714,0.0438531254376,-0.0757057075476655,-0.0223563155229776,0.0487920883990547,-0.00792834678800025,0.0770852462541186,0.122137083211514,-0.0312946121689796,0.115258375338658,-0.0211657315871457,0.12021186110139,0.131539771048679,0.141566715758573,0.121311485039852,0.00179624649720986,0.0892433769127841,-0.0466234866147963,0.0273916263881437,0.0875745016112932,-0.0229175355954564,0.0644355535606548,0.0212951434535564,0.043358472730712,-0.097420053328623,-0.0341706832794395,-0.0815651666710453,0.0577635010517458,0.176180493065435,0.0624773300165943
0.764503942708007,0.325058687212629,0.215710870664181,-0.32407280848816,0.342541308592512,-0.158906472249035,0.51426159293042,0.279987722758657,-0.360439984268225,0.205468360470418,0.229059056825332,0.0450173171493172,-0.530944696383774,-0.322795653417101,-0.924229111106481,-0.529568721577892,0.253971652062859,0.028537663273967,-0.702444950181757,0.220598248641724,0.366740988282685,0.058808927899776,-0.0961219420391577,-0.205760391353499,-0.31613881605121,-0.504406104990581,-0.547002915223838,-0.262730326135278,-1.34665875595926,-0.60185881226657,-0.679344372146966,1.05169071474042,0.544826123961812,-0.038117194107355,0.239059624557417,-0.233583383939271,-1.21479795786692,-0.869742746170973,-0.680739268363842,-0.734547613668231,-0.176880867656841,-0.439507875044881,0.520684455289973,-0.227740302667408,-0.453619432143554,-0.332182426493526,-0.931453582877491,-0.537753601556613,0.267560176610299,0.242564121022617,-0.400055360821477,0.123530291325146,0.159458180200765,0.279262773581715,-0.282455376652091,-0.92850203799351,-0.569487838776496,-0.93652032669429,-0.438752726199202,-0.413582648429088,-1.04592890793989,-0.460622085462964,-0.301467902426247,0.131362853279832,-0.293398675511724,-0.9868964841837,0.0639503008008568,0.0472342437734613,-0.0936739554562081,0.0475214992757558,0.0635354803497535,0.465092762950998,-0.407433210218454,0.0197951876623594,0.242115934581122,-0.140984611657936,0.177285943863822,0.536024956984974,-0.230557668699441,-0.217133115779648,-0.0404935091677621,-0.495181400761108,-0.0400834719010746,-0.183996411590728,0.131824112970222,0.0762768827345371,0.383662342560873,0.296014975473881,-0.234760453764881,0.103560500011185,-1.12894817341657,-0.35440472364939,0.372195411174662,0.830047000492234,0.0166452774391151,0.300721865297711,0.222208558853539,0.865683781504867,0.22256594769844,-0.525540987101924,-0.09777292572577,0.0593870059425099,0.463480610801494,0.33736099016323,-0.0694823387571693,-0.620199614521296,-0.814950202412195,-0.780285690817612,-0.314553245615514,-0.46801665347666,0.407726099952654,0.615020167627218,0.0649243129806319,-0.304854140330575,0.140526063370724,0.602430995874246,0.515514497907218,0.178844915889518,0.136533452114502,0.683523704484563,0.775743178812438,0.314835753132291,-0.274541057887429,-0.64582212670668,-0.111703717913689,0.307453379995535,0.0605441434533355,0.298823171746623,0.391533885233084,0.122647247436315,-1.23452578434234,0.251462593350462,-0.226870372422452,0.314307789510179,0.165629643214588,0.380283362187908,0.300339185610599,0.0492368156802322,-0.170034157619514,-0.455183064324954,-0.628303223865481,-1.0227809999342,-0.857088306740932,0.0484738462463415,0.723537728886123,-0.185542979177185,-0.393619134184695,-0.43028760849311,-0.457886813434071,-0.457545844168349,-0.488332534507534,-0.120197632091453,-0.262398429236176,0.0065021370419466,-0.101239145955082,0.465484287786639,-0.0133508288836768,-0.261541402766314,0.131772399540604,-0.509102862908562,-0.10975385802344,-0.256958828025962,-0.464089572893141,0.155421546955286,0.0207916322174227,-0.0820459027454185,0.0783962865129798,-0.917329757353651,-0.173058284905922,0.525128480139573,0.339676085428043,0.820742355256731,0.561043104718576,0.660683610249828,0.947109961430629,-0.0596393741324627,0.302915277980526,-0.13127319529771,-0.0574606672962499,-0.279816545628988,0.178720127415883,0.159753406062,0.038856276889095,-0.200072955781383,-0.259361708387139,0.00246225037828619,0.279472125670203,-0.0814782444944659,1.09777721962693,0.525160536158092,0.519504402023141,0.126995656141708,-0.0344626475284731,0.56819290605158,0.695150034400453,-0.493479246886707,0.136747180264925,-0.0316301565409556,0.32536582046017,-0.124501026866128,-0.0889170076437319,0.0105837464448809,-0.392991748860329,-0.173749179241176,1.0889997547946,0.254831310102072,0.505439803572733,0.891733327378327,0.19406201975396,0.0276103477962297,0.316924991815455,-0.753701159259394,-1.38174135826936,-0.595703165280477,-0.593715269149324,-0.0112925341283218,-0.120349418371722,-0.561065429033136,-0.0107674977695657,-0.179540419719463,-0.369201682848687,-0.0338325767997072,-0.159651981597434,-0.666436188860619,-0.929215162560426,-0.141941944365703,-0.433844436391829,0.41819949865217,-0.302192016059888,-0.241064248049595,0.204324983554676,0.269475374724949,-0.0686491110095309,1.35099254509374,0.354668664578113,-0.223322204127086,-0.390173934488373,-0.516870742641087,-1.04264343900213,-0.803818062795706,-0.358797661418309,-0.511247501454135,-0.101021742319861,0.514341153729137,0.539607496657373,0.20329483325926,0.916897825001741,-0.0882359651069124,-0.207775668248912,-0.274553575016238,-0.169786941722559,0.495437542533199,0.47471841524837,-0.371890443818843,0.161852434458792,-0.327534910819101,-0.450990375258011,-0.707604158410605,-0.735363408718284,-0.615152915271589,0.480901819337953,0.0740473808739789,0.675619115491139,0.284581096575256,-0.193756280900393,0.0614662429805627,0.172910205812197,0.265659506511754,-0.3994095355797,0.02130298169219,-1.2027437952148,-1.20296635172604,-0.543630752140551,-0.799281114822066,-0.0480194623385376,-0.00182608432250157,-0.129085699610579,0.669358530590679,0.307189296532202,0.705860860423439,0.747270000632342,0.379726488292,0.158888760269423,-0.431482967250473,-0.185510015595073,0.0461479995328563,0.294829089228766,0.142937314721932,-0.54953856236371,-0.794774990609361,-0.579515231696197,0.684991940880769,0.752515939954663,0.418603304870761,0.526753808249569,-0.0805209713320988,-0.468715034555284,-0.310819224154626,-0.261676379977677,0.25001202149146,-0.327902397231468,0.0725250633597151,-0.334545395978395,-0.740023737340283,-0.173929392823794,-1.11716694649603,-0.670830784269259,-0.495209767169886,0.115314326342058,-0.527001336363887,-0.340136458543021,0.0231567710337768,-0.0301509130843632,0.219575518718205,-0.459003876041989,-0.340302121842194,-0.489514736408668,0.0171445335956386,-0.0813700710404383,-0.181785738387939,-0.205239197352929,0.344506648519116,0.392721017726192,0.898271706913843,0.887840260164499,0.42285632212223,0.224678463802462,0.0282404018859589,0.0957789407475635,0.319873341492214,0.177422235690427,-0.0341175816125432,0.528219429567901,0.0120708600102879,-0.47636099226622,0.0668222649801516,-0.611563790837224,-0.692640244431938,-0.330486665371749,0.426146029984662,0.573039893781484,0.13785195450776,-0.318720011917908,-0.466279036080739,0.173955269245081,0.288016523268934,0.0221433147301191,-0.512388855481498,-0.728518372940041,0.344549400588261,0.0548416258372986,-0.600439958671783,0.186794429407284,0.431378588087654,0.987916809363898,1.00698807570017,0.859667648462872,-0.0958565551450417,0.305167369942978,-0.0648343827169947,0.549917420178312,0.102092167622801,-0.763319197948513,-0.455037189568914,0.130901254922525,-1.0317739455808,-0.503993467820566,-0.814944544647033,-0.346672699321733,0.19467383094314,-0.102697557703831,-0.70167174939679,0.0227373718108096,0.4328668492202,0.341734983360217,-0.0430134069852212,-0.252299000795947,0.674789497988375,0.396471061117451,-0.466883905682851,-0.383492001382703,-0.547915054629371,-0.413503224010286,-1.21044118734587,-0.946570830210727,0.0918596478505828,0.0253425697906302,-0.449869610169719,-0.142036878284056,0.00827456971068577,-0.171531382739173,-0.490881946944804,-0.325722621040158,-0.572580516442644,-0.343871340493968,-1.09106468651331,-0.969828078142601,-0.389353440913659,0.0690692300523493,-0.208597446939123,-0.386713787010214,-0.24578090510247,0.000964646731882228,-0.502603089719457,-0.404434820993162,0.000922398349027215,0.607651171516036,0.183871519386256,0.109410263659869,-0.711874503756287,-1.09718834917027,-0.662119259456462,-0.354684506237852,0.0649986118034885,-0.08266699901979,-0.335144889320425,-0.108097918395762,-0.339698137163308,0.161415392363069,0.239150880393008,0.284129839187468,0.190494833858624,0.942735929025616,-0.077443496616275,0.0485274919889382,0.251199734262801,0.0178254331219205,0.226783105119037,0.625383091871047,-0.204401427306419,0.631529130203653,0.0530805033526203,-0.237902170855062,-0.206695291759977,-0.189592443601175,0.132499807497242,0.01147619367672,0.0368302913519305,-0.247994128193847,-0.744796892704721,-0.321361095133452,-0.654737203796095,-0.504044659198178,-0.223822980228975,0.0888078442722527,0.361716147391651,0.395686603228245,-0.160283086738846,0.0986733906481551,0.281901527596729,-0.905326219704356,-0.383973095934275,-0.443340109162945,-0.0701396123005155,0.148688179718769,0.543513948430711,0.436482490994098,0.226772936623462,-0.243142879106959,-0.372786947842115,-0.339758015481467,0.161386047685575,-0.36137388325332,0.247969758908337,0.521079810788543,0.867178105288159,0.0651539295644237,-0.0159374131255196,-0.37906161349172,-0.314339357491312,-0.228596725985552,-0.214569838609436,-0.179081600261876,0.0696936810910484,0.450508748301592,0.061933392030534,0.516488747271843,0.306395293237773,0.59426775017217,0.415623447427632,-0.52031532572823,0.217982731127624,-0.365055821668215,-0.381512748758726,-0.336318935163409,-1.05019010225977,1.07999007937294,0.2300472217676,0.248234813219047,-0.0997092127293867,0.506900154199292,0.487391911429192,0.0825467476346132,0.416264034779988,0.41925842858493,0.284266085227533,0.376878077591255,0.437537328864845,-0.167529454387117,0.302096631629399,0.332362953103598,1.1951038404066,-0.292954869595626,-0.0503313936273029,0.480091670795756,0.179395986787538,-0.369878533360972,0.332147888547348,-0.111707721694764,-0.776631520665656,-0.652704193215021,0.269392458753809,-0.658168388295939,0.298578062015088,-0.31450791600442,-0.0508196703509544,0.144909249958098,-0.215607720496026,0.127769628458791,-0.164152626578161,0.316488829010213,-0.20524524474585,-0.809707108864009,-0.381048242446456,-0.09664651504436,0.0298405221188173,0.661634661814484,-0.0500476190360888,0.165918171793872,0.0340032838537852,-0.192525635806227,1.17700380871858,0.52753810081473,-0.528338045838381,-0.204620240786057,0.621780682292296,-0.105485492496401,0.492864841873208,-0.736393490465706,-0.75489489144041,-0.837244769673537,-0.224243113134739,0.504218480135499,-0.0320620299865737,0.0416424471862113,-0.701917014325494,-0.433015619594644,-0.46771971958818,0.47199577363309,-0.426662880472133,-0.308250004492304,-0.740168323594267,-0.892365147872705,-0.447364624688701,-0.66182936676922,-0.113735572997477,0.268634958428502,0.439240867986622,0.750386124969161,-0.129544923658984,-0.223279747409658,0.0541264789581363,0.0330130652062965,-1.40008078427153,-1.07610455052146,-0.358099203771326,-0.000152187639196874,-0.390859352935284,0.309699864604654,-0.349338521563676,0.157033970256534,-0.214017349161625,0.497112474095918,-0.163685452642828,-0.26801935092945,0.903409561279457,0.689212854509813,0.457621776037042,-0.0484273877651284,-0.513569889190425,-0.0770878527145166,0.689892766487866,0.489383857046913,0.136569105822949,0.0440524430939606,-0.357242881510347,0.194474101801478,0.229320405989248,-0.298411970546617,-0.212036850817827,-0.0967707249101407,-0.00469242648678117,0.0642431825319274,-0.331755447647343,-0.0198267654912847,-0.336409618649012,-0.731005397041216,-0.758316028655987,-0.625039643867543,-0.708000797152513,-0.495782760852413,0.376552015577569,0.151676484885706,0.34044613787816,0.646852285583081,0.272206497010616,0.185804091992175,0.265754774591927,0.0748892596344983,0.0010472383307862,-0.67353775272723,-0.404463132378927,0.487682545322908,0.0651473691493921,-0.334851121797404,-0.367901688741501,0.791939891581962,0.737871660170645,0.244422811919364,0.357853903963139,0.433860696005398,-0.0923018944178318,0.775837355765862,0.546372246264636,0.67117275991384,-0.0957418801125109,0.609298607987591,-0.584001295691104,-0.57438238441842,0.0152010886695397,0.270869173622934,0.333333834825971,0.49002212860954,1.01464399288701,0.418332374578113,-0.433865776776701,-0.20486590395135,0.442088690365883,0.0611210782982981,-1.01655879116052,-0.98822950478028,-0.116667320215074,-0.439383486130418,-0.456452014642866,0.128424458805994,-0.300793199347919,0.210629428420343,0.273677572945025,-0.0338991857336396,-0.957353799015205,-0.877164429653723,-0.0780480840704117,-0.104631148908277,0.429185415237389,-0.36313085298692,0.0705586965008278,0.0991297774591972,0.239140179346459,-0.308325394527057,-0.342529377470439,-0.45095153421321,-1.1047502724569,0.107690257690106,-0.149498139986478,0.301645908101036,0.0213297402245284,0.0620283032107143,-0.267348439710277,-0.438792242831485,0.38863720712788,0.664962680451696,-0.203322505362097,0.456400220055098,0.415764062363284,-0.107094999266715,0.14371557211833,-0.184691292194908,-0.0989974822022577,0.176705759889805,0.416898983083002,0.629335873099859,0.791135568353849,0.603510772189817,-0.288364922681771,-0.000144381676915918,0.213371312111992,0.306044416893967,0.315467250428306,-0.237053332639023,0.0410568655139791,-0.313144135160906,0.242674539484413,0.181375783695115,0.646389259075766,0.495142125734066,-0.419293553446603,0.261883673751677,0.552962099859694,0.31820460770787,-0.726018681128412,-0.786394508588142,-0.617658369353431,0.272693569523685,0.356305615704923,-0.255066192158918,0.0703964991492703,0.482868294679371,0.474455382129705,-0.451595444974896,-0.823923955306317,-0.970469347411363,-0.37350593867328,-0.0466101712797516,0.474241380937911,0.084470334701004,-0.0199066506469857,-0.0760618032796068,0.273702777750534,0.475640602832072,-0.0465198125739416,-0.953587809600493,-0.398513630913133,-0.65506507924639,-0.358292435282149,0.617576515550321,0.132315230222557,-0.010301795037552,0.229174805059331,-0.470311949692541,-0.147300834753559,-0.391367463247166,-0.605708828899279,-0.286557727057645,0.774667627486825,0.47475510741131,-0.163783301116772,0.402735582434893,0.392281471365215,0.0497280963122861,0.0267145135860146,-0.227756287204866,0.00594875491669707,0.756155365551372,0.47272931449134,0.322420887952445,0.770523931339054,0.0585803413134221,-0.816979742140454,-0.181237370133834,-0.555689170121952,0.00878288637968107,0.318190866009218,0.920135750210208,0.974228670720546,0.68882270062454,-0.196162710029615,1.04072696395316,1.0913175481311,0.607510699326432,0.839531310763738,-0.257363929903272,-0.626582289394523,-0.773817102705295,0.147799421102528,0.0464711174793453,0.328318287003154,0.1571260178989,0.10179616272857
-0.35140581221952,-0.258039049996172,-0.232285037067344,0.223311732076789,-0.144399991306524,-0.115362094429248,-0.405710547028858,-0.217023672103775,0.417003142171871,-0.430477748852725,-0.23393789424277,-0.118630127432343,0.323742507373508,0.214399712902343,0.607898786603224,0.19917183069999,-0.106430869427979,-0.0861719773259187,0.568495742067884,-0.0782382081361583,-0.389191747290513,-0.0195922294954564,-0.0504584358591007,0.0779820370560864,0.221547865637451,0.38621925779626,0.464548314766986,0.335514798265359,0.836187590870647,0.574055413534151,0.422090389330068,-0.630163231243914,-0.610505150424744,0.126018386055949,-0.0924339277577033,0.266237158790534,0.91295907348393,0.459205283534952,0.451311120175105,0.386035991317675,0.168781991462354,0.250292896962856,-0.22436794308457,0.044012258936153,0.417585465373499,0.43284199410401,0.718339745771018,0.559323102137186,-0.319309014431725,-0.263051623068377,0.649409601256099,-0.178587802233225,-0.0391156466429019,-0.140135359337218,0.254271763043725,0.515040384307206,0.456257384792193,0.679337169222722,0.0897126242124821,0.150501759555405,0.724924853621489,0.135717503248941,0.312851888875331,0.0937080311566034,0.280237424019622,0.586481721974956,-0.121506623023979,-0.105561800701678,-0.1324541528052,-0.00758526499447307,-0.149199682983637,-0.206566838832381,0.375243557327926,0.157502891561743,-0.260563622879134,0.0306247887277067,-0.183546689317684,-0.313452346829932,0.135826708811651,0.304692494418782,0.048368494859802,0.311057298451936,0.246182414780807,0.0302136493494219,-0.339812738465605,-0.0767247540923866,-0.334763134770198,-0.0377623468359967,0.063592401459891,-0.204559580071551,0.903500406446289,0.220385486432174,-0.35703200820631,-0.727833187943319,-0.0565662893014834,-0.304141452044556,-0.222965902510657,-0.522723865221646,-0.288031616997837,0.4195039577943,0.0728218238140274,-0.0663731997188664,-0.349823682467889,-0.196555247617345,-0.0711732248323371,0.4463196496933,0.827267930633826,0.618201530250238,-0.0301525839000969,0.134636956506272,-0.310984666744927,-0.736533732560465,0.0165716980528437,0.199615292058358,-0.187997019763093,-0.398381473347614,-0.436094959075639,-0.0741014589929735,-0.147371405738541,-0.680416487286688,-0.784174369940844,0.110126228409363,0.260252567458371,0.454483074530433,0.116433520549818,-0.393455531274036,-0.151748052414644,-0.282689818921203,-0.223350829807991,-0.15088631643779,0.838013538960067,-0.127142445932229,0.0249216441229076,-0.0139834987760121,-0.0540733853052507,-0.181945612985423,-0.22377475858139,0.00405741624406182,-0.0171338615836785,0.357845675068681,0.354411445133412,0.828699507144924,0.556032954955791,-0.0516073723150766,-0.284777252294528,0.137483889537273,0.169918620366241,0.287176839051454,0.314255180486465,0.15116451362331,0.233303824581339,0.0433448103926274,0.364437763361295,-0.04492274997883,0.12600711342215,-0.326137594616148,-0.11413928233605,0.0181286867571899,-0.0983998267178252,0.282142143819265,-0.0396090064647043,0.0233585953224187,0.559409496255068,-0.0570351562914361,0.127321672677917,0.0497680623599589,-0.101052469482207,0.565203537000273,-0.11369818327442,-0.371315293970566,-0.124399927869748,-0.431735320826379,-0.423137447441773,-0.501127033499079,-0.512388468695767,-0.118008843486613,-0.350386792869607,-0.0267453595181524,0.177007547627326,0.160781134816487,-0.165010367880904,-0.187267022387008,-0.18422726513337,0.248137986965849,0.193772063654997,0.0845800218000272,0.0848637499679588,0.184933829841374,-0.758757976690198,-0.406739820805998,-0.518378836094017,0.0525544811258178,0.221311168802105,-0.438352970902638,-0.500781829080611,0.442641390188043,-0.00277453483052559,0.0285801850447592,-0.323645850264783,0.0938542742468567,0.0438591123958824,0.0388194553424883,0.583356942142094,0.0882128844336251,-0.783030308842891,-0.415070221267436,-0.492200831859208,-0.517889010406618,-0.119661605268683,0.317787681174404,-0.110392339113488,0.421765553859995,0.768978682050702,0.587828234179559,0.525659965759432,-0.0274249009064837,0.113219372471435,0.446703947746877,-0.0710076799107376,0.270297642545328,0.445312769164631,-0.043189760264376,-0.00261812895638778,0.67446350994609,0.669949769207715,0.249900018818427,0.0974761551456554,-0.290181711552156,0.188480226336234,0.278938693533612,-0.269773242903484,-0.137813519518038,-0.153637862228463,-1.01589228018654,-0.327945749859857,0.20231074469637,0.21096440228559,0.260980550303425,0.779791825468955,0.750933780218468,0.524586139241083,0.244997962683249,0.00726184716226271,-0.413072051818017,-0.411768246802221,-0.192561801885767,-0.495015298910406,0.0781518183377526,0.160515602344193,0.0929054356312369,-0.0452418249174769,-0.403498226628283,-0.265363595811895,0.0924016659304636,-0.0379336625677076,0.229336974701972,0.362039486152213,0.534461944158751,0.516827971534037,0.250073707549557,-0.495599827664196,-0.0955331606195376,-0.491454537760379,-0.214610500324752,0.0950774689780635,-0.0383081232349572,-0.270739825951433,-0.112550151096135,0.322842287576163,0.0183151050126386,1.0191488645147,0.847735361826326,0.209880902557157,0.599443627478,-0.00586656257531285,-0.0733999516019223,-0.0883417230772443,-0.433366111309142,-0.302248701628478,-0.489957158669591,-0.475412549577973,-0.110748237348947,-0.0812040249254116,0.323126784311539,0.141183747492956,0.0812931984467445,-0.456357258637144,-0.069617850789025,0.2433372435083,0.570637815222144,0.447841370253615,-0.28607373237658,-0.402732993099801,-0.396447002016134,-0.309639231752728,0.135648214290418,0.500585940629855,0.0600659475177803,0.346935129676749,-0.214026973450974,0.145544372940743,-0.0416509575298924,0.39994134743171,0.483240665063434,-0.00580947132813636,0.995559586781259,0.538231735634075,0.733198898391263,0.0416581189752827,0.252487326042113,0.327449336844885,0.134241890152016,0.00239305017953172,-0.335014327454275,0.36497535816893,0.213227428927854,0.226394353231667,0.171935864530494,-0.0236119187259931,0.0416361771193713,0.237961398680261,-0.0897522839011066,-0.515487531529342,-0.7199220215536,-0.602069248519128,-0.145005661686805,-0.215354077058774,-0.183116824010031,0.0266528249927362,0.0654669913707556,-0.0512526974501525,-0.221349226870753,-0.398843885902698,0.0841550010518252,0.215523580047864,-0.0521619530739735,0.368397231027703,0.382172089206482,0.25118251057961,-0.176583458394006,-0.635503222552255,0.0990597928403838,0.129336289692209,0.464313806543174,-0.143195747690956,-0.214795147383246,0.0872992428762114,0.376089618163144,0.503532925143967,-0.165308966379239,0.0440875871806385,0.509735867136859,-0.0462056056618112,-0.30066573431896,-0.726983271135439,-0.667274359231643,-0.463284630668056,0.0350352000913158,-0.194253962360338,0.201170027262643,-0.370857339608411,-0.23940916671515,0.48111848444606,0.408360742753704,-0.202062648421379,0.636501908256938,0.271985698934547,0.584011457923237,0.382628479730484,-0.267964008972546,0.105786039319567,0.615974013533983,0.0375114131941195,-0.632191842496724,-0.420085085720639,0.184963322417606,0.143562495815787,-0.398409709122054,-0.232708987016305,0.343339004630778,0.20826815250528,0.428424832946482,0.409097070294227,0.856186515955298,0.717023598952187,-0.03466316425753,0.0233831456649798,0.17834632502351,0.273457736743712,0.0387426534552564,0.0768604525751598,0.395775002493737,0.199018130955935,0.647908344370614,0.341999692299166,0.936357217353061,0.551577037445847,0.162808341966388,0.095420014678022,0.282360008852165,0.245155650466661,0.173551834663307,-0.0275898821030241,0.338328576603808,0.294618340344062,-0.0812697612499889,-0.278268425575823,-0.108072064274598,-0.082679102572655,0.478017964899788,0.747405660248104,0.602375288539976,0.194041822267599,-0.335466105585202,0.234883690144377,0.258521993112756,0.176177742453774,0.0446458010668055,0.0466157816912965,-0.155974538946182,-0.0992582122255688,-0.0318090024597343,-0.55499277252726,-0.015153501798296,0.00241929169364404,-0.265405502096162,-0.160442514519176,-0.201854360514666,-0.550617426063163,0.10715741111817,-0.43968781637854,0.00472944405461793,-0.0375063157989087,0.158612751119885,0.221769633907497,0.15323923618661,0.0301268502746986,-0.207017974545966,0.0579235596689101,0.689942759832933,0.160363198214503,0.451424245779106,0.30646060800689,0.155240537002532,-0.0890911142436762,-0.594764982539241,-0.219367883824033,0.172463380845511,-0.172221151741079,-0.172424035051901,0.43891364305967,0.366618990587552,0.401974583326615,-0.000309705922414832,-0.178429099663321,-0.359203391217952,-0.57735933176554,-0.109761482952557,0.0719264650680379,0.483150629654776,0.0826412283084088,-0.0896986035555044,0.0756250101600576,-0.101380199348561,-0.1067844505795,-0.640308834763481,-0.0623629364200717,0.0641134810763181,0.174388363479251,0.40506844231686,0.273584212475295,0.151689220669964,0.119594251990289,0.0370983970695145,-0.331361601948392,-0.117761809341013,-0.371196058981716,-0.311467993164078,-0.44176908924694,-0.438921305005556,0.442949852452246,-0.276412556414282,0.351950151390388,0.0728253026850733,0.172404983290511,0.765563967669979,-1.02586597303405,-0.287160415654881,-0.216516103609044,-0.0164230526047213,-0.398395682498702,-0.370893568200002,-0.16254531501141,-0.442018737763919,-0.412439141699426,-0.10568797914585,-0.384946832920927,-0.273686208944512,0.159828906001556,-0.146356164115875,-0.0714852523697546,-0.700951714536417,0.17100273497069,-0.194681347183049,-0.542754622811074,-0.100618630743199,0.486113815673431,-0.352064294868979,0.264653164876835,0.645592742724247,0.610087300042741,-0.128699937757836,0.609170481703901,-0.457519210947907,0.165125293950245,-0.0237386285171019,-0.197163578014234,0.098677803872933,-0.109372578111879,-0.0554058996418363,-0.205695218504509,0.142689434030939,0.586066714289835,0.372522466505139,-0.00784857010208759,0.0272885150811509,-0.444107963119798,-0.116943193380386,-0.0608809372670356,-0.108619419420818,0.0249532464655032,-0.989453837412031,-0.388576172614106,0.506648654719341,0.412861478422144,-0.430748957493139,-0.0254570382791812,-0.259895060778762,0.503556255115333,0.595158225210692,0.653717723339416,0.250045934304822,-0.344043791397266,-0.0608033344111736,0.2046284695527,0.324322094034538,0.584283393683582,0.587825765072034,-0.242560980309613,0.341797165688513,0.238123142107038,0.680886984495918,0.577354726407968,0.256723744934292,0.432400100044821,0.140350698225787,-0.148837786017026,-0.376476562138068,-0.429346893246235,0.032807360217148,-0.0449452404526025,-0.0762614585639919,-0.0758651209827206,1.15918772481997,0.643348559541694,0.378786209988318,0.130240440938455,0.228136194814128,-0.139332247540077,0.236403032301637,-0.00460310245848562,0.0654008087874964,-0.350463421738231,0.0617769961233178,0.148187486386644,-0.735269042819077,-0.489662738639587,-0.294909779943434,0.0293279771733446,0.110035917199634,-0.0609934657561034,-0.453402591408654,-0.463830244845885,-0.0789275014711372,-0.145404236129388,0.134609790922648,-0.172405461666595,-0.184032393101741,0.370712780293078,0.0541552075197978,-0.10773894580309,-0.257458912271277,0.0164814995549701,0.28943526538427,0.0107876929066972,0.310270203789884,0.586438713835182,0.521137504282848,0.46915817592028,0.641962643702517,0.257221784153351,-0.296292043214664,-0.134039933051151,-0.430396005071311,-0.273808425865013,-0.213410479721874,-0.218611866532934,-0.0776441471049202,0.0654676951707371,0.1308971472434,0.511573585428585,0.2084013532273,-0.366099854781333,-0.077087464626764,0.264544701744269,0.243176792948268,-0.346695239093173,-0.44130665971199,-0.0185761839607335,-0.165331035768901,-0.27933722976613,0.253443050074301,-0.589258577634212,-0.316657521181606,-0.50423624174023,0.261275414107695,-0.414229360752997,0.128273218745713,0.263478515233147,-0.222815049246222,-0.0831818912487557,-0.182622319456193,-0.483038529530461,-0.485172481082331,-0.38615986379875,0.234597406899984,-0.0370293945578909,-0.483343156692907,-0.222730107177165,0.627983284441616,0.76279991666644,0.197437163186387,0.15439642740395,0.396780347341538,-0.112519336012615,0.150283390099547,0.0450604227154271,0.0242514882682664,-0.0646711305156271,0.645996257064514,0.793270672339769,-0.259797768704497,-0.181535306508909,-0.268658694253969,0.154439779858162,0.0330561606426539,-0.244561805338542,-0.325842142770616,0.487628763299077,0.367557181310967,0.317787896259846,1.05461714566655,-0.114170990005512,-0.0289239947387743,-0.372154818009736,-0.188749451518918,-0.260002974755194,-0.0269245625291172,0.177994884507824,-0.416058008810753,-0.755346587392997,0.3342442569464,-0.542666477874113,-0.443733253352644,0.121355264805288,-0.240281887187127,0.0576047258549744,-0.0796315713987609,-0.344210788170714,-0.225616997370144,-0.50110557725309,-0.411970647383143,-0.442617028535998,0.0960884936889711,0.102512288062013,-0.250189350051092,-0.359694322195207,-0.19267045513962,0.0111917239145005,-0.0906936340301587,0.238302704604478,-0.184190566122847,0.0424724003975563,-0.468265437795984,-0.206743312119833,0.174917729736223,0.0734441111202681,-0.43433245510595,-0.317087128845803,0.608118335281466,0.370095656276615,0.472880691869952,0.0137510446404996,-0.204757373827873,0.31295775074975,-0.113830780112327,-0.012788670027546,-0.339162946961474,0.522047779930418,0.585829720190983,0.620210997492433,0.310141281731556,-0.176587034016338,-0.465709030373274,0.119590893996898,-0.0567980460049872,-0.0528424733035434,-0.210294851316757,-0.386293596661393,0.0559658362550781,0.769899685788866,0.180103785958254,0.594067696295062,0.0725482073433347,-0.579878532382417,0.0361698457967994,0.0271209823791479,-0.23137924676432,0.511632026900502,0.0025543621088444,0.364388807193306,0.372475018325515,0.142959265282496,-0.767892749641916,-0.0807592442342487,0.173213097609243,-0.354112842403759,-0.32886494061409,0.0313014261169064,0.0442592741245258,0.166335092402346,0.0139558524446242,-0.375402526829372,-0.147752375618665,-0.214266156788216,-0.525543250226422,-0.129782812008815,0.383776494866808,0.0967096507581367,0.118831699731936,0.188526219229994,-0.162122416318802,-0.784908240830262,-0.66107064918742,-0.590380344687967,-0.121129454406483,-0.819612496539917,-1.0097735951633,-0.502794863071192,-0.592722404107079,0.143611069430345,0.406009270233052,0.484467523323933,0.0443152718415245,0.0641266053260133,-0.0673812426108893,-0.0697440917443642,-0.0237858712934684
-0.33671799389947,-0.0551507845097912,-0.167030297990368,0.252404020092994,-0.218484187344711,-0.059259435633924,-0.319550823899838,-0.0720433450559211,0.269525731445063,-0.10245799372549,-0.314725052388423,0.0186523410538536,0.355882748471114,0.254621171864884,0.237669816399915,0.301268062810925,-0.0771407523084345,-0.0801184676314728,0.541001984083925,0.0723434427400387,-0.138649162257923,-0.00187373196581526,0.165773698135509,0.227189695725863,0.147410603315587,0.456968187329762,0.362899862898669,0.160859449855413,0.859319859711849,0.244008017422959,0.221959762032421,-0.43962983430688,-0.375990022434429,-0.0469352193538655,-0.0892740938780713,0.394844168617706,0.751617016433893,0.17943200943866,0.35059006403621,0.243514358556391,0.298468191870627,0.292664803377856,-0.263317247895801,0.0563887523645316,0.407912662835844,0.269759191450587,0.853110984852025,0.43234342393139,-0.178739641769609,-0.133416389285039,0.312425053234723,0.143567304593077,-0.226209985605235,-0.134989100120948,0.448698513973044,0.512891040704407,0.303639259988118,0.508037514742166,0.256945005961466,0.289169994087226,0.492259805249397,0.26928098810336,0.363090312106412,-0.0252157263116458,0.118606144840358,0.449857429681289,-0.0896617387521628,0.109096253625559,0.0495415248993548,-0.0931950830147505,0.0714142452311373,-0.380075547022866,0.333524316373292,0.159803293213207,-0.0559097687729944,0.196926877718678,0.00349953498595768,-0.360405084648889,-0.085490487003261,-0.0299310861831313,0.0174503077165141,0.442717453638622,0.00731349178000379,-0.0516707817017088,-0.119093713545293,-0.0182051169030504,-0.409888043178246,-0.18586152377829,0.241208876591047,0.0628152211855241,0.602616261714505,-0.00837869206671149,-0.300014585397675,-0.639398501243045,-0.139613735669708,-0.224477849850515,-0.0597795290160489,-0.485978628866485,-0.203810314154114,0.228189091932909,0.342454432192501,0.0653547924922577,-0.172205027494873,-0.209177946814644,-0.0855834511644649,0.235849839330313,0.418034207308131,0.514038172634628,0.146280862829181,0.406530325197085,-0.340356972140725,-0.446402107382068,-0.0119248576687135,0.106717533142935,0.0639231071498597,-0.291629194554428,-0.497645256698743,-0.167237816945819,-0.0328785861612303,-0.422885430294759,-0.711963720308824,-0.0984858617743427,0.314695778231598,0.227511769517623,-0.163213608119052,-0.1938829526883,0.059892802330738,-0.563560886784257,-0.122754055424137,-0.057544648951378,0.680257840494478,-0.015149898192558,0.0993656041342232,-0.186126012829065,-0.0816797597853652,-0.35294835729463,-0.393189362963666,0.0801978534518958,-0.0305386792482742,0.182354110760105,0.497186211454002,0.6550960089215,0.560313676046836,-0.123007057122115,-0.215360343129286,0.263490524193923,0.00891682560498613,0.263714159807555,0.230374189172048,0.121563083014863,0.0898528016044056,0.0575781706899508,-0.0545228040300938,-0.0418142012513966,-0.138893640266314,-0.301262296625622,-0.140825856067019,0.100751079593447,-0.130406459715517,0.234513830453788,-0.0996389889044106,0.333595951928631,0.312402691485217,-0.0097555159130664,0.0359657428414755,0.125702906611695,0.0417940932540444,0.450236903403042,0.115709309335559,-0.388620399563121,-0.0458885549138581,-0.431343934058048,-0.125622462770063,-0.155802054984893,-0.37793747457347,-0.0587151019141924,-0.0192355727755623,-0.0103237499986155,0.244905962844456,0.170299766805887,-0.224213105190349,-0.0499278084591968,-0.102321729419308,0.165936667651442,0.111766914676088,-0.151293863503231,-0.0735122608893565,0.108724442875843,-0.408223529116503,-0.311550044624206,-0.236468637931165,-0.0726503351763112,0.0452152107916047,-0.302997585025418,-0.483804908288596,0.227753838438486,0.0139457449553758,-0.165613040836166,-0.274231561627513,0.232195491537074,0.182409470076971,0.12571567680284,0.343387912873915,-0.117448662236673,-0.588494383521612,-0.234390353356365,-0.227814399341694,-0.37909167578863,0.0274344755391782,-0.0808356090877136,-0.186551546364449,0.515472854737947,0.687599061278036,0.243205587754348,0.376060228677963,-0.0942140499552639,-0.193546887448513,0.445162958414014,-0.0366311279014915,0.0339610240889121,0.0932320522513801,0.0607330182909201,0.0193839380079403,0.343037296706861,0.714569635728446,0.0363999321194686,0.180142958987601,-0.256851139020662,0.171678183879374,0.228767740083883,-0.0951155715854719,0.0287028171098369,-0.179168621871541,-0.682823044726004,-0.179431112211288,0.309724096963058,0.0723512858758287,0.416884895125367,0.492920994211393,0.336810293830327,0.236611753759836,0.19859474561388,0.159252774867718,-0.469424559781934,-0.460388520108153,-0.137366067302836,-0.588877967717954,0.211798304759722,0.0899228477438169,0.114687805085895,0.185452833031644,-0.318778628072009,-0.3179813428666,0.077658855571892,-0.0305258875752858,0.230703712835626,0.275176635873812,0.492322387987166,0.369941211598162,0.338263138383568,-0.241267220625359,-0.0864645542496967,-0.586151867290115,-0.267390634127671,0.284821125139767,-0.237911497190452,-0.0227955953742467,-0.0339815641541996,0.20567995303739,0.220074431133647,0.845871886019077,0.670161961694731,0.345856287835564,0.41863651638138,0.0505174235467473,-0.158925294004467,-0.244223676150222,-0.568579738817393,-0.138174894141526,-0.501853650980646,-0.388641041819929,-0.181326486696413,-0.0476913205632807,0.211926140689371,0.325330255502329,0.0397137451750493,-0.299521085599659,0.182509765004612,0.275924281535457,0.444521057371756,0.476105969618051,-0.245323929639398,-0.420935918972348,-0.27259163934837,-0.117794050120748,-0.162906964550483,0.214326285392039,0.167039329942919,-0.0134246156033115,-0.194073303469788,0.1937710180367,0.157663703015552,0.193260737399062,0.465682563417202,0.046165132707327,0.676966137729014,0.300593791336973,0.491257591328981,-0.0959064477300775,0.294198225357776,0.170701793840565,-0.153289064516237,0.00640051131868412,-0.0639236355901504,0.542779152586355,0.360835871358796,0.151995272071518,-0.0526107388893382,0.0392812943183278,0.119766322659469,0.163167863599878,-0.0973185477412796,-0.206099134634414,-0.475965591045734,-0.498159523485743,-0.313180951990381,0.00018189686264565,-0.16403654972838,0.0100590057905136,-0.0574324755160639,-0.105243565885288,-0.01372607723596,-0.178968730411689,0.0434470816229619,0.334399022917552,0.0303138153611677,0.341556920203779,0.315500517763804,0.0488998745045754,-0.366005723494246,-0.321179297710413,-0.0643292548574544,0.118801406086438,0.321172927043877,-0.103901879193146,-0.182376771863405,-0.0319993476718605,0.27628727659962,0.344057998050052,-0.0478122719104713,-0.0371871689555372,0.200661110555587,-0.0921972066868491,-0.152899589581864,-0.42835264106241,-0.683882117944833,-0.383087837762447,0.0354354902726893,-0.0588791004357402,0.0565283909694964,-0.462383226036132,-0.0752946792191269,0.415772735639721,0.240568884745706,-0.220143957965452,0.324897956343403,0.32959561512806,0.561156906721467,0.0362241342335351,-0.1836208462442,0.0865224030364221,0.297949711968309,-0.0942623947269299,-0.319449507817996,-0.390483213687129,0.0111126867217292,0.156295575074456,-0.314604026830953,-0.115641290075185,0.158829158836276,0.229453455083301,0.357507136480251,0.356347670933319,0.808889156991492,0.435370969265942,-0.129575208901975,0.101982926250619,0.382703781194341,0.219423104458114,0.182987788995698,0.196977266016421,0.296231593774651,0.0239100218891095,0.486816869522524,0.212827128359041,0.788550193096979,0.42416133275222,0.0563660637244283,-0.182255197634332,0.0045092736666177,0.0825015476821325,0.185775750780571,-0.016332608668038,0.13500542693136,0.438997380364341,0.0418713480621674,-0.320800563114521,-0.0672788999999353,-0.0943564023120357,0.319058973669858,0.668674784932721,0.465666773614368,-0.032771299752885,-0.0498205017022283,0.106241139213659,0.177648144421943,0.0130703580338467,0.285809176770528,-0.0943136548167502,-0.316355945834329,-0.0526061558619253,0.108425157434151,-0.41748420221942,0.138867187252667,-0.0296894877006892,-0.383053336890206,-0.159634286693209,-0.159866622815926,-0.329724592811572,0.238412815335663,-0.353457543331799,-0.0732301612623335,0.0467887894916531,0.119709893358053,0.0557487301797322,-0.0663209666667458,0.0798853675475223,-0.0117206057336332,0.084749498691959,0.385668350160326,0.072552989518318,0.355460874662971,0.430912714160858,0.104962440841953,-0.0179719792099623,-0.198574474984311,-0.260511621513716,-0.00882047674825115,-0.150113635830171,-0.142705380097443,0.460852362477731,0.381307707390257,0.405525022067833,0.0645977938628265,-0.255999607296676,-0.198940474470081,-0.269995153818437,-0.0310247359855286,0.0389924759906657,0.420591146428887,0.181197697612461,-0.272273239671847,0.134414810656717,-0.136231043792235,-0.121098842315913,-0.402330294645552,-0.107517217817725,-0.0707782033623293,0.333396235757932,0.137519578106566,0.164355909136755,0.213670863390323,0.236831075456372,0.0271644112375168,-0.217971186067799,0.110471892712944,-0.540522717774794,-0.259293740005228,-0.219128910229822,-0.30097892388125,0.382922133466062,-0.102064854659595,0.244580941962898,0.193253157032421,0.390292624517889,0.523761021965472,-0.703171314419662,-0.289066398058099,-0.14374060450022,0.0800176627341611,-0.247327284732641,-0.469924920544279,-0.128061348334397,-0.444911019739625,-0.154477946687507,-0.114603321121629,-0.0861302666115838,-0.357370204789834,0.075173868259961,0.0053156130328466,-0.120569714240082,-0.620557008103942,0.301125680665394,-0.0282207800592594,-0.17310658647505,-0.302727110816848,0.439112379846319,0.000386518117614698,0.184335815384857,0.445110164798458,0.337827549468583,0.0126510256445904,0.205516857465058,-0.397078764177824,0.112258189730813,0.0557688868438677,-0.0562163116017379,0.231287226528748,-0.0697937406050235,0.0429659161673736,-0.0589077116247068,-0.0455807615294481,0.545010571363012,0.184482465860781,0.190084211325382,0.0748836600341114,-0.444057811854541,-0.0239235418163582,0.0806359412705971,0.0492090525146668,0.10428788407909,-0.776395192123514,-0.239495804251087,0.39857907304397,0.346171954130358,-0.235403964834997,0.0433840691475024,-0.199112936470003,0.322316648304249,0.627212217032519,0.429203527107072,0.0704063095726731,-0.245640553909117,-0.00109567886961555,-0.0248665122287021,0.452305394461887,0.225869506088231,0.442979826571044,-0.13834039514668,0.31982156185363,0.210065643990296,0.286990426614539,0.421716470760784,0.0857424936107612,0.135470455273042,0.117551700530747,3.10057138946523e-05,-0.300293850103216,-0.390053673850313,-0.0221055974727503,0.078379297106604,0.0537906646940906,0.113418530889883,0.973340263873542,0.599752407998715,0.10781525419573,0.0286846382688947,0.109077326581293,-0.179511897604226,0.280797939963286,-0.24636256423388,0.246509469572126,-0.228727138044323,0.0691269349570678,0.195464874406474,-0.685442145483287,-0.446524667218823,-0.238820613133364,0.198753764250823,0.0873563854929714,0.109984245414022,-0.427115841973695,-0.171797380907248,0.0516404321334897,-0.0785256266044443,0.256879266583692,-0.16937107400159,-0.188284269424068,0.266360893845375,0.194098034026991,-0.188418301658067,-0.140568239816913,-0.0855076267516432,0.379416080278328,-0.142560802320895,0.185528587649682,0.540184030062598,0.431497998641519,0.339371059877719,0.29938126665959,0.0978045441630305,-0.243952366468344,-0.013091556983012,-0.135693254912317,-0.291817763209503,-0.131470054979642,-0.128457877210418,-0.115302065637424,0.118190453171018,0.0577280240277001,0.55281376720333,0.223980864993381,-0.33747256446442,0.0239192659304002,-0.09903350728241,0.0523532382948714,-0.45449982199916,-0.45585145964233,-0.236927380183566,-0.0999499485795594,-0.15676255546024,0.141667968871999,-0.453410077658496,-0.21881222741299,-0.360751144795704,0.166316947873721,-0.432169206147267,0.178551356914188,0.248485453667209,-0.0516832266836133,-0.175289794717193,-0.191945032938124,-0.404078923997496,-0.452800708293436,-0.0474766946452495,0.187442045704916,-0.137430987530277,-0.157434348079127,0.11165762957312,0.640801841967094,0.676544952173266,0.0546162818894694,0.404267788929314,0.353774887359159,-0.253213727187572,0.00263349868050708,-0.159153582769962,-0.303372907560072,-0.0839767427278109,0.69560934446877,0.479047748513964,-0.36701769706379,-0.0315776928967662,-0.339740245170439,0.16636085195133,-0.190974173011382,-0.102666926457257,-0.0521796479067858,0.134216037625481,0.164707870131838,0.210145578281739,0.588486889757435,-0.0334816976926181,0.0130542704453723,-0.218643559518609,-0.00791406206903643,-0.14455466585657,0.068474155093872,0.150153850006982,-0.22753091308985,-0.522682533656559,0.169904500761682,-0.327871104116407,-0.24275689758863,-0.130636780034695,-0.1484751012306,0.0663377648724242,0.119319045391662,-0.212066339343097,-0.226930383283207,-0.510078327440535,-0.299455209475511,-0.3406579639274,0.207879468540519,0.0411839134317743,0.0121120180771088,-0.0616160605461,-0.305422382529982,0.212895504552635,0.0304238797375469,0.0416840528754993,-0.0761974016218897,-0.14554794045401,-0.585276993593789,-0.255206083248561,0.142356655439288,-0.298229833989578,-0.132915671469219,-0.161381264714807,0.525374479395572,0.453174100815878,0.24983130473355,-0.117250223449673,-0.15107561901564,0.319982102785655,-0.232234287893614,-0.328667324499928,-0.0602665164869391,0.227482988137772,0.610740933794835,0.888692019824509,0.383105113992879,-0.0294900616662362,-0.342763202878998,0.0401500614030181,0.0392487980930138,-0.0742752856897771,-0.0679664956882352,-0.292522203674497,-0.0471479625522033,0.741066674272811,0.156859725997282,0.461406860365203,0.104257575645657,-0.387968296129902,-0.0199714420598908,-0.00412647925955135,-0.0404292287003878,0.328386884472609,-0.000623724802614835,0.0318868770357313,0.429340846638531,0.208300763071899,-0.517274439886709,-0.261088444333357,0.155887112402355,-0.246105458576301,-0.187482921080531,0.0838125115739567,0.0349886503841992,0.215680820295479,-0.141072067087115,-0.402735427846142,-0.184009142833828,-0.178486618441074,-0.608901031596123,0.0135475538913844,0.51155112152532,0.175499271510302,0.349613379694426,0.0671340839783329,-0.37093885183416,-0.578070638814384,-0.661615980868556,-0.589167007204594,0.0431499058844676,-0.700487551321727,-0.58192738808108,-0.261944204482198,-0.562415103635829,0.0240028585167157,0.43847544146249,0.212657714471422,0.100247657117741,-0.139621893799403,-0.145482115465136,0.152903336709445,-0.0884931098148287
-0.346917701928183,-0.233609715133269,-0.253167795448415,0.056536983892399,-0.126945560242085,-0.128702594438005,-0.324735857951578,-0.210072903816678,0.18106885399813,-0.326621012446191,-0.104041863851977,0.0454135468164759,0.113181595891413,0.162263478888938,0.355212611178008,0.304756863501398,-0.240492289848819,-0.0867233427575732,0.0759137153125914,0.0367662636673733,-0.30287088263704,-0.0379472000465263,0.0888598893128084,0.0159570770323393,0.132414631913321,0.273423939103968,0.206412225092384,0.107973287874103,0.645137093952821,0.395425561005232,0.499179231208726,-0.363269026877687,-0.403446826914965,0.0432721983928676,-0.205966563041614,0.206015908262189,0.455374753228414,0.130840587207947,0.253401519060843,0.28436671173419,0.208697345001127,0.266256434784773,-0.245492719804683,0.0524774855051603,0.302632060480394,0.0991007183909169,0.427495230247244,0.183912035025682,0.00474070226977104,-0.283204574427947,0.261416533709443,0.0204752561992074,-0.0786605812487816,-0.0365895490155122,0.0717962782424023,0.319127035006959,0.254590173349967,0.410014675332916,0.282035714292955,-0.0216013272985722,0.284847747796714,0.289573243257858,0.122635282277918,-0.097717975907532,0.286232843050151,0.455539337924859,-0.0940115150958331,-0.0876379360579782,0.205098200851039,-0.0236112896158097,0.167808825025166,0.0159072541408907,0.0870129177990876,0.0642833996556369,-0.16555974391868,0.22770997019531,-0.149118349962775,-0.2200077775281,0.0752462190489743,-0.110625204567904,0.141695401229118,0.207669453757277,0.0714530834732501,0.0931442248825045,-0.196037873430394,-0.12164170026027,-0.257329862974202,-0.204274425198695,0.0399300884493362,-0.120583516633105,0.584999846931456,0.276575038288633,-0.0976190478564779,-0.269399607684154,0.0125302093819211,0.051875118222582,-0.280389593409157,-0.43104158129785,-0.221187415484481,0.0225308532264794,0.0303201406889939,-0.0205697292476114,-0.168740351002131,0.0198270010820727,-0.0512402080865084,0.218214921635237,0.190051139167588,0.528548914557282,0.117400766766935,0.113797206573667,-0.223751598570133,-0.311748108237264,0.0887974985572164,-0.00387330590262473,0.116056040412867,-0.281746500645294,-0.480287252072672,-0.21775257660013,-0.137331062611823,-0.286719327322759,-0.397371714764361,-0.163569103085516,0.114845376595805,0.238866354529548,-0.116986335474954,-0.388330772944977,0.00835721376405251,-0.115677020642469,0.0460385476751702,-0.172479618437161,0.55035456954313,-0.146264681227208,0.0741859007160936,-0.136403446252479,-0.0203821572877033,-0.196307296235752,-0.205356387742034,-0.0196835449641429,0.0716933443777262,0.234859680129462,0.260106100383857,0.411460379079841,0.416641227752254,-0.126080182594574,-0.124507573925972,0.172715881480546,0.0427803544056401,-0.0010788102714845,0.196334701297272,0.204957551362383,0.142081662519038,0.0452488502720168,0.215910493691763,0.0122500877914805,-0.0650481740384057,-0.117996391603429,0.0729179249087343,-0.0398618036614923,0.0461134306080399,0.217329179154839,0.019541732082367,0.0254199995746388,0.328571815013518,0.103211834147567,0.123185593341466,0.166159234933671,-0.0368929649617342,0.324478285892751,0.252617334146733,-0.263984081925848,-0.0874604744698949,-0.486700576992929,-0.0499547954959512,-0.199731729084833,-0.452354155058506,-0.00685429985774927,-0.206624510449743,-0.0438067862237443,-0.106895405421548,0.0218537429078728,-0.181310174690962,-0.162194769118265,0.191421634973044,0.0486110340704422,0.0316545978126459,0.140170731622711,0.171754881788659,-0.0874195081872212,-0.486160715431712,-0.136806205896607,-0.238423605712523,0.250753222102442,0.0935433344150531,-0.434075485991023,-0.287462870635973,0.196025048902206,0.0993686408196741,-0.12254943229041,-0.245405197949964,0.137432312523243,0.197114943151821,-0.129804988009788,0.296745194378523,0.284001808192759,-0.394819665290128,-0.287463542850884,-0.260463370784805,-0.384274743650727,0.0581569211624363,0.0478157143625616,-0.092138741955012,0.189031316064062,0.531391488702856,0.179566696519612,0.32741772136893,-0.00618487967472367,0.101711785635306,0.202940248258136,-0.128037401548975,-0.285871909798743,0.328809300663918,0.0808078922533106,-0.158670536196239,0.453476380588311,0.451715346201165,-0.00768110676740222,0.310485637030111,-0.181437141870028,0.00798933419102604,0.121805511824834,-0.110713121927745,-0.139051225184556,-0.0237894736026819,-0.526634104816723,-0.079145612597678,-0.0572560567527413,0.207267284423744,0.195304732311883,0.506571798850028,0.50473157350711,0.0820613585977257,0.123647579512096,-0.0514080656110511,-0.256197405149688,-0.368043109022719,0.00576374793050823,-0.425906177528305,0.173542093106434,0.169541286961453,0.0306544764579439,0.0562883089187904,-0.396603488948997,-0.196546880035422,0.210507411430871,-0.106195422316873,0.106996480836839,0.331079508145684,0.301498123466915,0.279560969313552,0.160481785465566,-0.217516204691033,0.146215976938107,-0.587556088800697,-0.129985410927611,0.0360144507502055,0.155475775480016,-0.11960997971743,-0.0871736844475141,0.277128857815643,0.0623065567518145,0.522944684190402,0.42686111901139,0.257779661539969,0.322706669704102,0.00241159468221797,-0.21322631214355,-0.0621603246750388,-0.375043269993666,-0.236617506659954,-0.213907431799323,-0.367455623437872,-0.178508659728419,-0.112714123530531,0.117073354088853,0.236171817460579,0.053622715223066,-0.159423717621365,-0.066036596956123,0.275464654831355,0.31668935285332,0.366870924019411,-0.138645377003762,-0.11615131167186,-0.539167709418505,-0.125286210000604,0.0427168329737884,0.233095583780016,0.156817673077097,0.0161868175512546,-0.0197793453896094,0.0425833704626233,0.133641854265445,0.253165119341889,0.226885371325661,0.0658388336105326,0.497308208919535,0.142163982731147,0.261722158019896,-0.184316011310238,0.151685854114828,0.0996060274127534,0.159371741220716,-0.220802738395717,-0.149581214718313,0.126201135193957,0.162799128316031,0.0219355327438686,0.0407582136720984,0.122325711613533,0.0922282678208656,0.0699615499004292,-0.0304502674517814,-0.0455752661854476,-0.244913092182417,-0.441249880676345,-0.0734147398029408,0.0569324777809681,0.0299800883572034,-0.0535653586943651,-0.197039194719288,-0.129185692817812,0.16875558999577,-0.251010316948893,-0.0277176246939397,0.179539538352525,-0.0379072512684877,0.0537758016610526,0.0743682631235792,0.14235378038428,-0.300499057347094,-0.167003692163351,0.144453322361657,0.141004635212778,0.0361160607990947,-0.0443638247177807,-0.155518981867329,-0.0965475176306878,0.177376772782226,0.147956899673093,-0.144318087059027,-0.0399336019396126,0.178785639363667,-0.102325452962888,-0.0314231460053321,-0.388313218147445,-0.361833762064879,-0.249179753118056,0.0553557454813101,-0.160264994393872,0.112301809953983,-0.284934870966155,0.0836377125898223,0.278475932881319,0.296723635831089,-0.00583804992234598,0.451918363112484,0.0995345082639866,0.497921971301053,0.435647723681867,-0.207682501458268,0.0428973705941457,0.484799454079547,0.075500936109423,-0.112263228203322,-0.285997812529347,-0.0495109497604546,0.124223326154851,-0.108441757982076,-0.198410783145593,0.176832094621719,0.0183413508941209,0.26666221824415,0.206739724279058,0.245035933022883,0.332386250163371,-0.117939620482173,-0.0608941204407592,0.219960484530798,0.116090727051931,0.127305601454799,-0.0743480462179529,0.359922564052085,0.222423423577668,0.139632393381288,0.181882395066418,0.510297550414494,0.291203901468746,0.148229318255514,-0.178774334038066,0.239481620569536,0.299449136200992,0.114866218524814,0.0782117284849025,0.129452031465336,0.111159745706423,0.0310096811938553,-0.13293785165716,0.0240763527529179,0.0145592975850997,0.317901660846617,0.407042678503947,0.281057307316244,0.166931220069845,-0.140658693770165,0.225117438130753,0.178103819154128,0.143841642171933,0.149907775728359,0.0349491524601803,-0.161871981489916,-0.303613310144196,-0.141180182601811,-0.391828792716905,0.00257177501648028,-0.242669576871636,-0.319239795035589,-0.271490722126819,-0.1659637489063,-0.339717516693457,0.00793750928080316,-0.203137768192798,-0.101360881727455,-0.0240650596869651,-0.0149515236760931,0.0113912138414249,-0.0634407347107088,-0.055076836163653,-0.149421717768159,-0.0475030363879194,0.268194111607141,0.0691370529750837,0.227251055521946,0.219918249689616,0.0574098615595705,-0.0882761059981874,-0.274456229417764,-0.0291031221112894,-0.0590081270255932,-0.0554870838820782,-0.056551856276426,0.335621329244524,0.151486902813209,0.171916643973617,0.16834368874215,-0.143076599042672,-0.128408516760685,-0.206948660373047,-0.144184885918997,0.10200008918913,0.165826296390687,0.0659405179743167,-0.0141425655763142,-0.0268115942157178,-0.10126390801893,-0.105164829847654,-0.269769546267233,-0.205315453302751,-0.0160356774721706,0.0958462310025141,0.170844269202272,0.0121375416353051,0.0724988281772178,0.0941757120899865,0.0565896540165307,-0.250126250276666,0.0676821582474254,-0.0656873657993378,-0.0842402880759201,-0.237396931774689,-0.197297388074752,0.223106445291366,-0.133181700618288,0.15771254159234,0.292432802560746,0.0699268021512011,0.369027266942446,-0.369492355367877,-0.181316208392734,-0.316961415479209,-0.0663915637111671,-0.31487057716296,-0.259861604903776,-0.177806515966903,-0.387933865229732,-0.0144326695048096,-0.0523959627500776,-0.285371919150452,-0.2299230158506,0.0971938309869504,0.131629217603032,-0.248705671819978,-0.422272076766591,0.206466752514373,0.0158449623858365,-0.0852258809267211,-0.0493627186259619,0.372855151373922,-0.123600102928046,0.0115024068759794,0.38730745860785,0.404052900826602,0.109021966317545,0.373749065306692,-0.221203357995605,0.00630696596916384,0.0356339660842949,-0.0693705058402136,0.0928564564510943,-0.0958638443387385,-0.0119603453730046,-0.204771920111248,0.00650391072350843,0.385360057248699,0.25532313723486,0.132168648329562,-0.134239796153846,-0.274307893819555,0.0922671166808811,0.0199235953285715,-0.112833698006056,-0.192967850497086,-0.581084892531953,-0.0619599295115668,0.0839246890544912,0.167892873066547,-0.187478750256376,0.105364603139018,-0.137707943747542,0.205808416538704,0.341487157206961,0.425365162991896,0.162530896670727,-0.272103706404927,0.0727888952492607,0.0124023015682195,0.173794430957474,0.312091036083192,0.194487648994963,-0.0596405817980736,0.300148170000261,0.201884742698296,0.18181076746441,0.509966732623321,0.235096612001936,0.297399130976804,0.0230199047483575,-0.11047733979837,-0.392399459350725,-0.350698220218159,0.148230647082441,0.0491066598907581,0.0429334903772667,0.192868222019156,0.552987140608416,0.517779048153057,0.164577292764578,-0.15521634858928,0.0140907783410831,-0.319099328341082,0.112089608260397,-0.0255488061026029,0.289408066019696,-0.204798087697167,0.155439103707746,0.107272563102582,-0.391963075400473,-0.471426746287683,-0.127214410963972,0.155137597475889,0.26769759392723,0.0755131499043957,-0.422313730639755,-0.217081066130485,0.0548980720832142,0.0591026972456301,0.142738811135456,-0.146127637120797,-0.0701250125002637,0.104085706110031,-0.0347134563983944,-0.0341256452553574,-0.215445268466344,0.104472421123208,0.0975718491239053,-0.124982477197259,0.0915433562289406,0.198173207624139,0.487436866761034,0.302557540382953,0.50013280284966,0.223215222789588,-0.248403156144214,-0.101554110310602,-0.291672081165313,-0.0774786038274431,-0.190710225096213,-0.0922434373302598,-0.0328604551013,-0.17103103690671,0.148982816674451,0.34315933076183,0.288845644528397,-0.0205001006595613,-0.125634471041147,0.150043610957186,0.163684962768503,-0.246548938978124,-0.321504125258451,-0.260490469088851,-0.122055884932787,0.00704339461501269,0.0202297199856356,-0.351950733954916,-0.304403545636431,-0.214461197944315,0.159942809175002,-0.167593719106195,0.212211194125647,0.215056313397338,-0.0407285274031482,-0.167991785320847,-0.110521571962997,-0.238636256015513,-0.614259876404767,-0.157008672959644,0.25735934330152,0.0811058422647593,-0.28182786885389,0.121057135300836,0.322425261635053,0.466690180480062,0.07908474168841,0.29137940583145,0.221692899142034,0.0277462684819584,0.0278039764625256,-0.00287573684646196,-0.209475409860181,-0.121631221183751,0.382330744721159,0.220744764959486,0.188838445178397,-0.0445368390785026,-0.0457323165757945,0.140789088724089,-0.00909408755824927,-0.160639751535814,-0.0478066611621524,-0.0279252840212077,0.0708152775710267,0.410693625335078,0.504612586287741,0.127570033897618,0.0728042120135742,-0.136270622953213,0.151046394971708,0.0593325707015378,0.194965700409017,0.0465852374673002,-0.21267805872923,-0.289880030107438,0.130027186535982,-0.322804287384116,-0.289529479037254,0.105598404131443,0.0261567951545495,-0.0587902558518473,0.214504940303501,-0.0469758715450067,-0.131370789281565,-0.352727242411356,-0.429994368457163,-0.303001820665271,0.0926567842120507,0.116336798939042,-0.153274321585287,-0.300916792604485,-0.282852960243855,-0.00787647191901591,-0.0923079573920674,0.185961205057689,-0.0711800309358519,-0.314326853581392,-0.279851690092574,-0.252539333606963,0.0693708015993798,-0.106274094205856,-0.0994145011496732,-0.0237458896494404,0.213824222819449,0.162835450859951,0.142095630188021,0.0324195683511998,-0.16839644801816,0.0103699720250766,-0.0329329394886443,-0.142121373246768,-0.206465600443303,0.263411030895502,0.400275728873426,0.398686518672434,0.177121702123072,-0.0402836228627092,-0.334818424897273,-0.0787402601768258,-0.0227354422341717,-0.25750302089672,-0.0564972224908987,-0.223035281277796,-0.0398496671988598,0.312251326923714,0.284855308882465,0.39848906655957,0.167532679763222,-0.23847454141254,0.115956644969521,-0.22613163914597,-0.0391960805104654,0.116419633856138,-0.0698658073369929,0.133031127558101,0.034459302408337,0.149962862389043,-0.461260148185767,-0.133125496894444,0.218651135683474,-0.0571224333783414,-0.0711157340733507,0.162236566829793,-0.0129611684971073,0.184713844724061,0.0143940476533872,-0.242660640213959,-0.181297640128689,0.0416002059934115,-0.463551610233925,-0.0786566190620307,0.196970807412308,0.0995468140793927,0.106616298357808,0.122656163454875,-0.20617015805921,-0.538247219714497,-0.152688417693905,-0.375807141801262,-0.0555916006397394,-0.660070786104848,-0.614523898271973,-0.221749859967996,-0.370922474788709,0.0209071443164277,0.174118937454436,0.257411670818242,-0.0775041616840721,0.0451000608034408,-0.0859456954087347,0.0998230097618049,-0.0880456535601385
0.321101370480598,0.0944234281188047,0.213003608991635,0.0919873564324801,0.165620288024182,0.000773612256775868,0.122544555789151,0.0462300275693869,-0.162931636896285,0.146829078747241,0.14292399189447,0.101999376857286,-0.0278090420399326,-0.290552116973767,-0.615090039968904,-0.228361952180876,0.234921543035196,0.0312586558284586,-0.297513186185178,0.00826638562544477,0.138246675973731,0.141872635617745,-0.0475204973067798,-0.0626209356420993,-0.216177059074852,-0.432265668455257,-0.316059315611301,-0.0395701031074238,-0.909530224454948,-0.244859903903253,-0.302921637516525,0.35975174565159,0.363654903784917,0.160900762628951,0.224976158186079,-0.0786831502819345,-0.622413721789449,-0.262701500787853,-0.315482253495137,-0.289707580899177,-0.127728395556176,-0.205986038328389,0.158519109160807,0.193722686377435,-0.308613411113436,-0.276489868498639,-0.431052091111198,-0.132409837806769,0.0405864235181445,0.178996129577741,-0.0864864672016044,0.178461467264928,0.196225099208295,0.236442491423876,-0.271946257655265,-0.362150551292359,-0.206258691629284,-0.572817825356677,-0.113816959480636,-0.236661516438608,-0.607940121788987,-0.228344251058993,-0.101272973498938,0.0254120877447024,0.0191284817039844,-0.522555783580266,-0.0265259582505084,0.0269011642213474,0.0767856677866084,0.185750732543969,0.0384474899464108,0.166526928085884,-0.331060612257916,0.0549182088574535,0.0948183835456468,0.145085238674512,-0.115165866522811,0.112115727492893,-0.105854020247989,-0.0438711348891179,-0.262603023783482,-0.228666013947414,-0.130014364039501,0.043157606432691,0.156593169107432,0.0133092869982923,0.235056363863808,0.356675910991636,-0.23387396386509,-0.0683741036777417,-0.587303439113348,-0.0334020802749319,0.171300797812346,0.396615650550932,-0.0656740357076293,0.0251886063722484,0.0317912497196225,0.51336127110407,0.150694381286029,-0.0474340172320626,-0.0535107219838075,-0.0557692482986428,0.0915054553198793,0.194753120042966,-0.132810674145803,-0.402685650430876,-0.398871595885177,-0.450626463747564,-0.0874355858911368,-0.165399383358395,-0.00286614641323241,0.374532041237598,0.0398829840490947,-0.0851551561761622,0.0978806079791051,0.233596303606158,0.237754656547607,0.0222126603786933,0.0540124022209881,0.225845793127997,0.538275763507307,0.273081072796286,-0.0495377966661458,-0.282982693119961,-0.0199013472546912,0.0812771851803102,0.0196939450778579,0.134809976050419,0.0489098120302069,-0.121051895345487,-0.586831246371822,0.222468124014743,-0.188013748193285,0.293418903286242,0.015539603950213,0.132871039857565,0.136214989484115,0.0221560342488678,-0.280224702809845,-0.232832468199985,-0.288417778212836,-0.697123735968045,-0.481703622533744,0.197864931151783,0.263138299177144,-0.111524667239656,-0.0645494502173489,-0.387482457173302,-0.0540430759604551,0.0276581110303935,-0.327407691019329,-0.106589697146069,-0.00807434142180583,0.0273589695243629,0.0213466117871154,0.217888006974432,0.000334288513001765,-0.0787510897888092,0.11828002973574,-0.0219390255664169,0.194934793736639,-0.305759831051981,-0.109330540692794,0.0754546756686656,-0.026054305024472,0.0115600172740418,-0.000282660093180828,-0.140499260854709,-0.0802372700220585,0.293273381388832,-0.133011620140955,0.584164288417236,0.167984581427877,0.0941066332280348,0.467536037041257,-0.0311792964155999,0.205202317389911,-0.0384235600791607,-0.11629186363799,0.117543275657975,0.0228154825648918,-0.0753548072814794,0.0616037543167848,0.149605090779359,-0.0160464096222586,0.0043792375135372,0.0521133864148871,0.177131870971362,0.466433177374986,0.385576204272484,0.291875889299005,0.0807395369141324,-0.201941867285183,0.389513847315494,0.338092847533198,-0.171608304458832,-0.18123618733267,-0.090593198669555,0.152587271308785,-0.00534714241612962,-0.0493232190414458,0.0493569752102979,-0.130121880643683,-0.028962698866926,0.422619472465582,0.145884881165633,0.3055074948881,0.493340702579306,0.105757904377744,0.119188889825363,-0.10816614317669,-0.232606114908619,-0.494779200096783,-0.261948375761501,-0.364721356043037,-0.156620092316537,-0.0668821691415973,-0.324505172670824,0.137241654732596,-0.0742081490652368,-0.253032527959348,-0.107582437158069,0.0544576304944719,-0.424705084428376,-0.458071964109944,-0.155160002073068,-0.149746303929222,0.240179698880559,-0.0906310541847036,-0.216987983664537,0.174405378983466,0.0289077647287606,0.103918105125373,0.690976513554228,0.0577251227871156,-0.0757919010679479,-0.144353308840875,-0.285926844004545,-0.512594026672227,-0.610236811581749,-0.439302467850789,-0.158044807245215,-0.0192396600365759,0.268212934962188,0.37331182399781,0.292082835175873,0.487058387012123,-0.148537995499663,-0.049588688154957,0.00265439343473309,-0.0715681333468388,0.0503327142465165,0.29818017621393,0.0960892425648939,-0.108754300401366,-0.166611683245639,-0.166738907252421,-0.345125011218252,-0.315929045288586,-0.318081611567489,0.118730970751494,-0.000212483493569227,0.38709439435697,0.237066005057662,-0.0698161995273178,0.0509301981809789,0.00845395258348827,-0.109488544094511,-0.231796648462176,0.0296951553253102,-0.501919219664455,-0.671461376909557,-0.283322650209819,-0.380760768982111,-0.185357844250978,-0.0418339410227246,0.176940812873067,0.172054472999366,0.360463212119599,0.479115085405143,0.367255388337364,0.247810090173175,0.0315466826577996,-0.102489133295652,-0.0893346168366563,0.119661353765435,0.405123544238756,-0.073926758322568,-0.395322178454736,-0.3620749620023,-0.369913023674484,0.421325482703021,0.331343391671375,0.319019002874483,0.169807102297041,0.0368781301379454,-0.38291783099753,-0.206625663399364,-0.0664825710181781,0.108767587804215,-0.236351558965224,-0.0738220578647694,-0.100437319526487,-0.530361300537871,-0.100345285390283,-0.650703499889725,-0.290579759137075,-0.402212567303835,0.063519062869718,-0.301830901954036,-0.24277750533963,-0.115602493025363,0.00982609888991765,0.0822379159360218,-0.165749612758996,-0.0824165771836119,-0.329623623415385,0.0434606016765642,-0.0404830043822947,0.0161905276488155,-0.0810205583934521,0.186455294199633,0.242719032217929,0.542957536798559,0.359901346764469,0.0640270689671327,0.151160600182311,-0.114330201804064,0.0267137964239674,-0.0590542855639341,0.291119155645419,0.0329447084901457,0.230667193098325,-0.0172248969573518,-0.237969805025548,-0.0855247379774748,-0.464238989845548,-0.339420989343328,-0.0197914686261775,0.294585432813469,0.0224638446948429,0.157623912914824,-0.0534550289645139,-0.190630336652276,0.1270516082096,0.140461511341826,-0.0318005008013489,-0.235951030786452,-0.263295667776434,0.316580585257865,0.128051448580387,-0.0862444936538018,0.0216758664691222,0.225590115494759,0.647452670788311,0.524720055511879,0.385490259820124,-0.183503839603447,0.164004339905401,0.0170638216456604,0.400736899679493,0.278373368179005,-0.398489009278134,-0.0252615406522168,-0.157019566686524,-0.433596679106695,-0.117844823536257,-0.398345973598396,-0.234074616535473,0.210629417209731,0.0690701928927931,-0.419518802925039,0.029168418112596,0.28306786634388,0.048292330988328,0.0312551383888565,-0.0728697531684353,0.273894134905169,0.190344621822424,-0.370204871749206,-0.15925323064038,-0.310302680803769,-0.191442370538363,-0.518917129598488,-0.470330373272267,0.00429443595773124,0.0818059928013028,-0.230055611541317,-0.0588031362771745,0.00682166347403889,-0.203215851966736,-0.147842079051528,-0.0434788881480163,-0.188575661287682,-0.26932663635641,-0.566215134795282,-0.353082045093516,0.0358630149776093,-0.0454766783019039,-0.190956705080191,-0.172772852095785,-0.24219842793651,-0.0850776950975664,-0.125235293146274,-0.189250326153581,-0.0688973679550104,0.424648199802613,0.195520391208746,-0.047405027146658,-0.36987869722583,-0.558833463859925,-0.386719383026359,-0.264799939317831,0.10800474693165,-0.092538119785067,-0.20487213396473,-0.256828642827193,-0.0429130015413714,-0.00368633925605457,0.0761351461458356,0.372129578969341,0.126336311195748,0.330550664071827,-0.113015513267562,0.103452492697076,0.201841268908341,0.0358305344900441,0.0718197551377733,0.263449366325083,-0.00805944584786989,0.401556242205948,0.0659927206429743,0.0826576328646531,-0.0253613268691247,-0.0782592210588268,-0.0555981746144596,0.000710912986520248,0.12066726367724,-0.294485257142145,-0.412453138943552,-0.00693586686042399,-0.199198704621237,-0.248647690604998,-0.282077657901359,-0.167750285763571,0.0699002501084864,0.0333182073458184,-0.00974451213682575,-0.014954848907905,0.0115692459300764,-0.314544208227129,-0.173300180363189,-0.0081711581757587,0.0406833926732941,0.159254069321722,0.267705182183771,0.304641175476971,-0.0607067672744147,-0.0508341434462427,-0.222942087188862,-0.195987246460216,0.0896748219091408,-0.0939720042257734,0.166204419334961,0.273357361607586,0.350635401989906,0.0635027584381158,-0.0108118231966307,-0.306203482959256,-0.310204289730416,-0.33556970473029,-0.136016076713397,-0.311800520113698,0.0150741217426627,0.101131320955312,-0.205958154423817,0.332743359982034,0.115522121110685,0.0573854891789049,0.302802461503671,-0.426325450425462,0.175034375371572,-0.247226732464228,-0.170610929296341,-0.239984526405899,-0.428074267092954,0.748600873200421,0.323178682470476,0.100948465019227,0.143812398218932,0.234760774429494,0.174253050727921,0.38705696480067,0.33549530971658,0.134760361080118,0.0678219163365189,0.235035569404282,0.277110942498231,-0.166394128645698,-0.0231134000721201,0.228774457284513,0.405429324057348,-0.18797800208928,0.0563447252947975,0.364572242101193,0.282829160799243,-0.417523751065272,-0.0636079432809406,-0.17467880119693,-0.471433416009959,-0.556030828497629,0.154270331239625,-0.189115794887494,0.102768950385781,0.0434025264672625,0.0556521141909506,0.130052414226549,-0.130348147870521,0.252040297584373,0.0506484894256471,0.378319337914208,-0.130187838677043,-0.430383568443506,-0.192752843666698,0.0895344904309551,0.0473734293665896,0.309453049616709,0.00611750659915672,-0.0355785364145028,-0.0616973082323507,0.127965647894073,0.694114178803032,0.143680803414275,-0.40421633756454,-0.060262746383893,0.259841716225744,0.100136391292015,0.190632752011006,-0.402056923534427,-0.484527748589785,-0.425178702909914,-0.187592497804502,0.0704211242730722,-0.0935595397459031,-0.0415799699446443,-0.184182559708084,-0.311324470791805,-0.332887914726616,0.269719160322486,-0.0958372783303587,-0.0683990399374289,-0.255893415903894,-0.445096925849669,-0.334113217977914,-0.184136467796647,-0.272607454567081,0.167064414676823,0.270018423413292,0.231658157511949,0.186114385270921,-0.269906795968643,0.0153389530100261,-0.113948554919856,-0.830450602887468,-0.468930544019107,-0.17181508922694,-0.138582768382605,-0.0725617483530778,0.218470227533437,-0.326441641488567,0.14940513344769,-0.185296335512085,0.112868857699977,0.105509909520613,-0.21138326302802,0.354669121895753,0.446375976997979,0.294488314297299,-0.112564428550546,-0.292941371158965,0.0965022763270122,0.181260175994062,0.263850768730146,0.256057276643512,-0.0747922648181415,-0.0450424690297363,0.204242891236009,0.065722492592319,-0.222659894258035,-0.165368589542939,0.0886920813110374,0.0329430529843635,-0.0114287945711307,-0.128162942484902,-0.00780987924564634,-0.228862641528208,-0.446859590906508,-0.441620904000959,-0.155310373324345,-0.477056503697827,-0.166800964093717,0.447519684642338,0.0659858880696912,0.266612655507057,0.347224541357454,0.248227959468654,0.131710589198283,-0.113375278927486,-0.0327948865914831,0.131034370488307,-0.470677949670038,-0.247762427941423,0.207265948438655,-0.0401159704465796,-0.110728683550346,-0.0943910699431419,0.253318844663512,0.344214762847019,0.228036451312306,-0.0158331935660565,0.293806629381285,-0.048540692694744,0.423691877804041,0.162679082510773,0.305334098113162,-0.373876337953176,0.384841521838752,-0.0927869429145335,-0.1564244882278,0.0444565576157467,0.178746997067987,0.243456580739489,0.407337847056035,0.497866964119527,0.188056461465897,-0.223631866407614,0.0719308847894943,0.315928893325686,-0.0452981997220023,-0.447357821189694,-0.555441114815114,-0.150417034156845,-0.0154322644459907,-0.0952687999066555,0.257529988256525,-0.212552573030767,-0.0159494284119931,0.218947900497583,-0.310188283444532,-0.62641621804538,-0.498234572228293,0.101755209602747,-0.0896193424836091,0.123883065702943,-0.227694390622229,-0.0783138412281195,0.092475229536238,0.0957197242991721,-0.150713624535948,-0.059900299247669,-0.280364143393423,-0.587107744225187,0.0375472139659979,-0.0444058961544877,0.153406841421805,-0.153341669522788,0.116449621339223,0.0169846135347939,-0.0786692571727405,0.210593130011015,0.504487688780366,-0.199378231644031,0.319117082495903,0.211852842600696,0.126094342535932,0.139091095841169,-0.167609076331193,0.0285359108565881,0.104005500664228,0.0180497258901035,0.418448656298548,0.225109739769151,0.352646036617878,0.0713178894903785,0.0167945399478164,0.00976516954865084,0.323147933530689,0.409447268473736,-0.244317258586279,0.0390967057328759,-0.30750911871539,-0.104346760017718,-0.00591805529108715,0.333915068048587,0.132191351479649,-0.18844421053191,0.191862202829898,0.306589108980411,0.0995286004451951,-0.408486092591579,-0.291631630552743,-0.371720964706983,0.119153700506106,0.211379148261605,-0.264166787963261,0.198577415225036,0.157823976548201,0.188261969723182,-0.503832905807867,-0.48432048458608,-0.501917427552923,-0.266157181231337,0.0684110332824781,0.344738671864481,-0.237191303322592,-0.000141520203810766,-0.00408246129769095,0.0483624002978575,0.187911434708906,0.0311551076569758,-0.47493955111087,-0.263658848367336,-0.282077000230482,-0.145899386170265,0.38101933624838,-0.212689080040304,-0.0627617884810691,-0.0273792139619617,-0.433260646462812,-0.123334951594169,-0.177782804646334,-0.230753256187774,-0.122151323824866,0.438284428870162,0.383140332914806,-0.154787709981722,0.183137410819365,0.149085931516742,-0.0747531262629002,-0.0806752625267712,-0.136064481318236,0.163006439400162,0.24664731570958,0.137900461368203,0.225981276733166,0.395627700748645,0.0108475822402298,-0.393063138545146,-0.0651807304332631,0.0592640430829185,-0.0413466925615919,0.0877543963589577,0.465065074161338,0.626872639788031,0.441816969902826,0.0904024798989921,0.653508806154488,0.374952148257713,0.35874924456883,0.441232505172461,-0.282353535558976,-0.194863178113575,-0.19327510576453,-0.145583658185378,-0.0195704280417603,0.251095982491025,-0.104184545085165,0.0895020145438172
-0.10481207119469,-0.24453818613873,-0.0420190993382707,0.168632964054115,-0.20648332459408,-0.0210784542590569,-0.0787657102676118,-0.0960157785176599,0.093853601056792,-0.15702016924554,-0.103241408167421,0.120225341485245,0.0908957709142672,0.211922147970827,0.397597554832089,0.157225277995358,-0.184891759180285,-0.151237924865606,0.279977201622537,0.015924905042742,-0.130933550346201,-0.0690340268745971,0.142631838670061,0.122689244714106,0.0780008550689331,0.372152001028142,0.370979898062132,0.160984204656312,0.49807856930096,0.156243719688615,0.385570965008378,-0.194725053536634,-0.122993725498818,0.0206345369322083,-0.0683541979565764,0.0935696136097411,0.502363613376317,0.418512401328508,0.346572791655278,0.222953742085442,-0.0330399833681995,0.200883996462014,-0.225765961017296,-0.216992122020008,0.319916181392446,0.318410766310446,0.483852832461856,0.314583761405345,-0.0775305201212611,0.0112068967120214,0.254020589269373,0.0653777873304559,0.00189917186158548,-0.0911487200936956,-0.0590469148975799,0.291673253814205,0.226660366575487,0.331398676884123,0.215227491393312,0.384705304156117,0.309759142398497,0.0880388010922574,0.106258210875153,0.0961980000825039,0.0685301413338787,0.226206408099596,0.139168935002564,0.191614879446855,0.0124364794511921,-0.110936061075145,0.176406075822864,-0.0977645988460252,0.0288356534214885,7.8896078693963e-05,0.0540749063479444,-0.0687360715090546,-0.00151475465520073,-0.0871923892235206,0.268108436087994,-0.104989128995664,-0.00548661441072804,0.164804825569574,0.095180906897746,0.0980512142808353,-0.0492673974539702,-0.0921008167211427,-0.13402255041185,-0.0535037391063463,0.045873370446481,-0.180811883117707,0.318084953954064,0.155852269790023,-0.218788065034129,-0.410708077170859,-0.171587928399858,0.0274339285528671,-0.0628836203879689,-0.325717479374598,-0.208172668152569,0.0496573571263878,0.154461495627972,-0.0727254931607894,-0.129640615151573,0.0217747128417878,0.0338341078999644,0.246002904176222,0.225826453722608,0.384539653146648,0.0988011839460353,0.00815298311173626,-0.178835074093191,-0.13706979626614,0.106926382355191,0.169578736290326,-0.230633904168668,-0.291117101431653,-0.345659382182448,0.00768421068395653,-0.138964595502042,-0.238836565838805,-0.458255427687116,-0.0790933490969394,0.171298678236987,0.094314871864218,0.0844551920465841,-0.20877480783482,0.137918767019834,-0.00348656946379444,-0.0984488452890333,-0.0730422003461868,0.336217349584745,-0.0854789929746004,0.164865202749158,-0.157210332601574,-0.0638203394228572,0.0415819284804114,-0.136333209019194,-0.114326114360575,0.0245830264331932,0.169739567050333,0.103485111108903,0.326879775511677,0.565075500060539,-0.120588297098409,-0.168884267560704,0.208728688804435,0.100738509039241,0.0775200007632765,0.172522790983453,0.265259743668869,0.165121515610011,0.237150522805632,0.0386899652187871,-0.158683204105467,-0.323456472963143,-0.0693774825315234,-0.0653637254915895,-0.00709429742055841,-0.170887114487736,0.0397984913828023,-0.00330484119376498,0.197399730929827,0.057471777003968,0.0824598098017947,-0.0709432362944904,0.0552987803835709,0.0109083696121268,0.302998080561082,-0.0250903705617823,-0.412063088999651,-0.211116129681352,-0.40368124605066,-0.235379256279617,-0.186005443844648,-0.463132900304289,-0.13670458230079,-0.227749404433903,-0.0422836068714122,0.221998600422509,0.120495288408831,0.045606350024233,-0.0733726358036769,-0.0287136127080208,0.125925526570622,0.00446258789478161,0.205562466674441,-0.0452508732295491,-0.0576330178132188,-0.503786199090682,-0.0629891321205568,-0.0279723838959397,0.0382801653693975,0.0875828005319164,-0.230778690411866,-0.375321917535357,0.249057348243044,0.0816567643516627,0.169810592108114,-0.0893787511070005,0.0891607917752743,-0.00837109176994537,-0.0587805523671812,0.252287547305776,0.0344472498440545,-0.400895117651375,0.0253218095957301,-0.152099641894066,-0.261593570512916,-0.122794615330113,-0.0167960044499854,-0.109678385948213,0.118527765711443,0.381084856128259,-0.0333636370088693,0.326286850618741,0.0399806324571935,-0.0144699942328124,0.243090666466455,-0.136163312277917,0.0662586785668019,0.187103648215619,0.246635303618745,-0.0368750566376177,0.393671693184734,0.444097571188051,0.00218441350790115,0.183085850760961,-0.0665154113897972,0.134408631320448,0.128498721916606,-0.124695703276415,0.00761499798587392,-0.0503017762276005,-0.52093413931143,0.00206528829540413,0.109723327278507,-0.00751419606548649,0.395152404904999,0.512101072581077,0.2334446554012,0.0952191026682473,0.0366502687470384,-0.0360791907597621,-0.236845763688263,-0.260049167924828,0.0503625495164639,-0.537107271694641,0.0819208907496908,0.026641806679713,0.211168456744102,0.0401529099871444,-0.127715490068031,-0.137568236330518,0.0794898733426039,0.0733450323637811,0.174958729154476,0.294581777677663,0.162058022396635,0.275163413669879,0.237859856656261,-0.257178745180418,-0.0682350902675562,-0.250879808827168,-0.177377539736541,-0.0497067075143325,-0.0032572417239421,-0.0156626292302507,-0.0540738726400686,0.218399689842987,-0.0355230974260085,0.465193289602703,0.469258948402526,-0.00340277258321006,0.284637246754325,0.0783567619288555,0.095162590938715,-0.0116320497000396,-0.247813838227651,-0.195461029468916,-0.36128193356537,-0.331490971250235,-0.208356213681515,0.0596806646308889,0.227684395594297,0.111678793540928,0.169080587751514,-0.0173556908909345,-0.0226911916516212,0.336386628266286,0.363233835552624,0.296946690904666,-0.258193941958485,-0.391428301786222,-0.419617257389488,-0.302088070065218,-0.0373746796125808,0.110462429954438,0.126587476056135,0.135523925971778,-0.113591229147127,0.172636598699765,0.168710341118333,0.130986374324555,0.319270220028455,0.114064831651492,0.397790310438188,0.256093427314642,0.193282998792236,-0.136276792573051,0.0969014167108764,0.0322795951611276,-0.127011486706611,0.026763417195391,-0.0566961730223141,0.103718800107895,0.167039087746996,0.152555286252901,-0.0613532641648393,0.0117818020798213,0.0877129396447059,0.163086806790532,-0.133744825791781,0.176977611943001,-0.421615188055285,-0.308969925017802,-0.121481421974204,-0.0556492928153932,0.0803041613064896,0.0607211685400508,-0.0219820828040778,-0.250039112535954,0.0677976853637555,-0.171747960996535,0.104010194217285,0.2479105230167,0.0170911646019515,0.155068145343593,0.106696917538209,0.23117015815805,-0.262626865809214,-0.165129060553488,-0.047387256605378,0.233033545013247,0.183496094551851,-0.146524038829468,-0.0891658332774475,-0.0154817948901178,0.170112726064102,0.33005737541026,-0.0994828057354301,-0.1534257258833,0.118197610632277,-0.0345438603648163,-0.26125539561353,-0.340787859891917,-0.459974896352097,-0.605667457733615,0.11776632158058,-0.0831641277871701,0.110880292611125,-0.234855123353808,0.0773281764484532,0.33433400105462,0.181348631512717,-0.180802966203766,0.322365806516532,0.260272146276994,0.277212862674069,0.0731731396714708,-0.00841410186091873,0.108727630626066,0.0797389075667126,0.142811480762163,-0.132448068171796,-0.105711999533981,0.156229439508878,0.0768471561850663,-0.217066979508042,-0.0299783935891143,0.101996643996969,0.123210475267144,0.152643611428517,-0.025048784521353,0.423432437877649,0.429950094374503,0.058733090696523,-0.0643568550554752,0.14310895648514,-0.0845638890486015,-0.0132593954309896,0.000730546266656161,0.230655825687044,0.0370694262879298,0.107278891066861,0.0102424933530016,0.388504983742375,0.35847198961512,-0.00443186340382499,-0.0469141943108055,0.0391774844677308,0.0273322359770317,0.123341280464458,-0.0466566239527957,0.285408002514994,0.0125550072062309,0.00572673984613586,-0.0422084158339804,-0.0139071220321904,0.0341590208261199,0.396785335857332,0.36963786158129,0.176311081099933,0.246873859939433,-0.159786802518317,0.156255532917598,0.15970512449718,0.120079932657428,0.154583613983244,-0.0111292559541301,-0.191275569575105,-0.228213991748901,0.0382717255332977,-0.374246152364306,-0.100469004974935,0.0378833265634195,-0.312759648080485,0.149593797748748,0.0387116829280186,-0.228417464743652,-0.0342882928094048,-0.190886206584026,-0.152751424472563,-0.000436921677256966,0.255457439646818,0.037248664218254,-0.0454215873334199,0.13303384008603,-0.186513082893152,0.12427353179158,0.217308965209719,-0.13535150191179,-0.0211411197239217,0.0955479171566258,0.0768852437110014,-0.0482168429262698,-0.056779392383348,0.0321691337298691,-0.000832436435254145,-0.0773403892418238,-0.093470445216558,0.276394458293943,0.12832280424528,0.144049459267233,-0.138372082781606,-0.160593433358309,-0.251966070361329,-0.219326508241585,0.0271783734117269,-0.0133816810593027,0.214271653038189,0.24178354902918,-0.0886829364002988,0.0986960746357539,-0.163266434856593,-0.238856083733149,-0.170315080767619,0.105258266776727,0.0546624371832207,-0.044499988746856,0.237427848272842,0.32588779145599,0.229388183371997,0.126048273654755,0.0311445526657034,-0.220992571085084,0.152410697120087,0.0998168677468734,-0.148257094484734,-0.103176966755842,-0.089653801139889,0.175289067901511,-0.0803841545860969,0.230345964086773,0.180344898297158,0.124743620664149,0.564670126133223,-0.332818564481542,-0.165748512345438,0.13630477889,0.0484794768974749,-0.0990996238869187,-0.290636706581692,-0.211487577318857,-0.0886243587392015,-0.0979494554367349,0.00199412794351675,-0.259174563848661,-0.103493362470218,0.0540923908731587,-0.0370007768114746,-0.0943390723467775,-0.32130227530903,0.326281516088346,0.0168225624774288,-0.273280796812601,-0.324563804250909,0.276446502529208,-0.154052622944904,-0.0648556890890841,0.333571897535692,0.182826373621966,0.0653235976927554,0.23009733642781,-0.115014521966407,0.214137908258431,0.0312338674737487,0.0414484953630855,0.0848540098065924,-0.0832559690172331,-0.166175040959601,-0.370428549890794,0.038070124019974,0.165715421296528,0.0300472114683332,-0.0345423955551035,0.179034698568524,-0.156554252020015,0.0312931459894696,0.106336062921924,0.105042457356931,0.0525704035923608,-0.436335730959151,-0.0938326503431285,0.146552426411348,0.139855340124867,-0.13853296141026,-0.0245894160140369,-0.314777841063711,0.169644157336229,0.415857874198873,0.38998236847942,0.095779152175777,-0.273133625385559,0.0864895842555465,-0.0776274122800112,0.129207965606892,0.272185360688258,0.240451382449281,-0.201006491866382,0.194436329886705,0.0880999762575259,0.212025118433082,0.229617872883133,0.182726701229141,0.0917112508986669,0.00179816887891381,-0.182304016151722,-0.247778307366871,-0.163665180053343,-0.0663132689325561,0.101912881884935,-0.00399610885193522,0.0135200605114972,0.586646634136112,0.475358739399107,0.0232537584849211,-0.0848878854976026,0.190210753698615,-0.242604769523951,-0.0683168855756721,-0.0928662582812781,0.103135303180577,-0.134075367915661,0.0219241028108664,0.129335697591094,-0.325805842921508,-0.178637753425428,-0.19290598942337,-0.00830044755397871,0.248194797224148,0.103003912943763,-0.273142450307783,-0.115697714160671,-0.161434880874927,0.0249025386308313,0.0142764620768099,0.00771138022278334,-0.228938096141523,0.17053123639424,0.0276842220806555,0.0801171573550491,-0.0919357015633167,0.0346935962956294,0.173884011126372,0.0718139578287186,0.148199178285646,0.208273116500273,0.265598264588918,0.276243348204202,0.387709556285848,0.100396230684175,-0.146348728749929,-0.172509926281471,-0.157490378759686,-0.166176820524127,-0.281686932616241,-0.0285720159914352,-0.0385765470744712,-0.0638027440854412,0.000107302840703474,0.381679744350421,0.184772445631124,-0.18947105270916,0.0981530677000716,-0.142765727301733,0.0395278105764873,-0.258235558062371,-0.581407718053452,-0.00802358050093414,-0.2041449602243,-0.150966183871333,0.11065168764353,-0.418078468670714,-0.213113344862473,-0.0985415684425293,0.100784900256328,-0.338951692605326,0.129197460677779,0.0750953049238537,0.0511041664271786,-0.0436408689612184,-0.105348466882403,-0.463717655566924,-0.177597784316632,-0.10520208993916,0.166835085124829,-0.000110707028500193,-0.332860016951233,-0.122459707365445,0.353067807841923,0.234694372530086,0.0724366393374226,0.0588462025484398,0.141698437198679,-0.0725053743606568,0.0213145215666657,-0.0655323349850897,0.00198422810034665,0.094288242205346,0.406120364458306,0.45686996943919,-0.0864365806662671,-0.00440135476852721,-0.155967221232072,0.0636460959791324,-0.024370276144125,-0.092118007312035,-0.105569324019709,0.0598074940598127,0.125091840928052,0.231584813226797,0.495338982357329,-0.110381191294008,0.0742910524713524,-0.0591967103027865,-0.0295260194882949,0.143355329402008,0.0139219775253806,0.171569114546212,-0.0170805602236084,-0.322847807152623,0.221923474833979,-0.266919531213966,-0.149926050867825,-0.0228978055292442,-0.090130910394173,0.122265033943482,0.0803422953686325,-0.110997826611797,-0.145510615166531,-0.349249515175365,-0.301432115138559,-0.144891494632901,0.0888206945839377,-0.0411111866651003,-0.164949420996773,-0.210042456202758,-0.181586333088012,-0.035013629037852,0.0792544124243613,0.159868135032692,-0.126560074136914,-0.00312711706843251,-0.34012842378079,-0.191111422035387,0.125347496739084,0.0772473687421364,-0.259680755109405,-0.197698776600229,0.224124181171557,0.231869273209185,0.284993429954909,-0.144902239373007,-0.20837830032522,0.0936453858597711,-0.0701435400084846,-0.273310437314095,-0.126249521538713,0.0440031607581777,0.402877167757689,0.447147911859279,0.229730824709267,-0.0233923006724145,-0.264937745687594,-0.14169007201475,-0.00167268551509933,-0.0467023066521127,-0.0808983084690336,-0.215913274367996,0.00713496742094978,0.454882923870081,0.143933402770336,0.252224316183703,-0.0166814621472369,-0.270167444827921,0.0929322630760264,0.0423725619821491,0.0591410673010411,0.0137735276122025,0.158778950621223,-0.0319032453096819,0.211503663950853,-0.0546713039649428,-0.270441452758659,-0.129480768000455,0.18095653400557,-0.117675800006,-0.222900322471192,-0.036992559824752,-0.034617232380517,0.31557826417757,-0.109112449432291,-0.327555487247931,-0.287903855863837,-0.160075708486695,-0.330901464324991,-0.237548670646872,0.0704953940900571,0.426057900562382,-0.0253977966618732,-0.122509247733109,-0.115180670079208,-0.434917810509658,-0.368595784592972,-0.292081533590547,0.055441067166136,-0.328012316921155,-0.490155654363782,-0.27624664115388,-0.441300290048473,-0.138510351903198,0.230569643318287,0.203770720038432,-0.0611430889314687,0.110268935691469,-0.201094055681289,-0.103590631113557,0.1022244981013
0.0805286458576591,0.225045517827143,0.2081217703745,-0.0120695252913514,0.214785764357741,-0.187015480810861,0.201944966083201,0.111160754298632,-0.254949459594785,0.0835187190144469,0.100757120068229,0.06069844487727,-0.13420254011884,-0.121600017348672,-0.238262234156942,-0.105885017994563,0.14416414401195,-0.0378213686506408,-0.296146892412127,0.0259252938911551,0.047812192329815,0.106340613752196,-0.0314863625855863,-0.175874757584436,-0.309189596473039,-0.240985280772501,-0.348331103533203,-0.0691664991863145,-0.410458268679084,-0.0597846821416025,-0.214699184710655,0.366836407307787,0.395581119743288,-0.251771158250198,0.135737581132758,-0.157815424792246,-0.692355474753684,-0.337584317289014,-0.235773144723903,-0.351429435878463,-0.159451103097133,-0.118492083549376,0.168569692764282,-0.114549852129269,-0.265928915399977,-0.0201310079525289,-0.497873106032553,-0.228995144374175,0.170284524275566,-0.05971054222568,-0.124377971349833,-0.0757081087541333,-0.0687185889825967,0.239007134267502,-0.230499015513193,-0.327320779106276,-0.204393692246541,-0.257726380536031,-0.0699961476708367,-0.251630662366617,-0.57387499349862,-0.0833443520943041,-0.245781314848174,-0.262277551509179,-0.034214496974785,-0.343909176793916,0.0346518952633571,0.265006412098312,0.188045317368675,0.0304367766383855,0.0970786381476332,0.10285349436354,-0.095901417307641,-0.0394410919334579,0.0132399740409016,-0.217446377950326,0.0720380243028056,-0.064927636173291,-0.0995391624394254,-0.0756705110906499,-0.132064364263176,-0.322704701674871,0.0169676456744566,-0.0054259472703319,0.242150128256078,-0.0922212810909067,0.161968678976405,0.017916423331694,-0.0901152256731282,0.0405871768756159,-0.547621498802643,-0.0376860157315429,0.0868276059294387,0.254354111491046,-0.00180618733879989,-0.104540447744733,0.0152749930507259,0.49030333514531,0.123653838716425,-0.256271690037849,-0.200338677163047,-0.0462479044199622,0.275087984238427,0.0999972695083567,0.0521843980046124,-0.456759427873498,-0.307089914898966,-0.22144503546975,-0.19236249308524,-0.0418633168814829,0.243910558708444,0.166957619026168,-0.106991198547717,0.16337260227241,-0.0295185376506755,0.282714023769576,0.203128815651708,0.268905200492739,0.148050797953634,0.267159469058356,0.28127330266832,0.181964427723459,-0.212224753055498,-0.170023037332175,0.102453303010852,0.150599764984458,-0.0492176804884672,0.0857251099061802,0.16540766918124,-0.185052882643301,-0.425993594434863,-0.037786269596711,-0.267966766929338,0.00849743387073985,0.15484603546683,0.094812691864473,0.18981464505443,-0.236615748526731,-0.130610998197014,-0.226161868997507,-0.282560953042371,-0.636524577963348,-0.521254299804612,-0.106263599188856,0.0720881343172941,-0.142697573801981,-0.214866876526044,-0.0790713317266651,-0.170333301934986,-0.140358147134711,-0.169065127217787,-0.195427231960993,-0.0307502891174375,0.0748505388891583,0.167328465871726,0.227033092425405,0.0686168854328034,-0.0640930343158196,0.101489503375593,-0.235672884953299,0.00383118407639967,-0.0933099694354153,-0.0953694643373993,0.0618596215678291,0.181790352523567,-0.0102902752010481,0.0260490010690609,-0.355048342266523,0.0471782134260561,0.342047091950213,0.339948634827601,0.244770091214966,0.120103894772894,0.325043911201932,0.3472776307439,0.158084170377429,0.144204041355998,0.159249241838778,-0.0963471897640251,-0.200725905077492,-0.0447944676176898,0.101675342106845,0.0642100734664843,0.0772069987605046,-0.134068544815496,0.0360529547951338,-0.0163158015870822,-0.00211436864433928,0.425796162459353,0.370102590058909,0.213502991178216,0.0383215470163695,0.0534689560607329,0.401576585886428,0.238767265988325,-0.269416131263327,0.00213681443458878,0.0560428602898738,0.196444000571209,-0.119330348713283,-0.10284481831497,-0.00392070911064539,-0.544356294212675,0.0302259782359595,0.455226817594742,0.129749559609109,0.13190422982527,0.37723111330198,0.182789946848654,-0.0863888498133956,0.0411048825737606,-0.323580365355071,-0.623684665944994,-0.447989581495263,-0.352585252767172,-0.0200215974422517,-0.161756557464355,-0.259936165450305,0.0792453249359824,0.17628024718114,-0.334224396269622,-0.14085379739761,-0.04628454147819,-0.302757359099598,-0.506553436343814,0.0148422987525443,-0.127138455731529,0.144353034032704,-0.183001457097716,-0.135917458664279,-0.00952618964504669,0.137980137091525,0.0333276422369798,0.549390688856098,0.0684346645724421,-0.035099392873747,-0.0928074682963828,-0.192734636937932,-0.683939439840739,-0.195094870609,-0.198658712154201,-0.222711479024633,-0.0768709692006521,0.224612850495829,0.235382011720879,0.114651759886362,0.507786559659461,-0.146860487480601,-0.128326411398617,-0.0694714214005597,-0.133342920353846,0.343189101073407,0.197173512196351,-0.328080527134326,-0.0671791401733246,-0.229364483665618,-0.415291396057407,-0.207011890882524,-0.336492694822648,-0.243652457955915,0.0864000009454592,-0.135991062408557,0.244873602777905,0.119935903265505,-0.0156329835579105,0.0221794010985022,0.0610898236940351,-0.130781607257176,-0.306824443521582,-0.0257726981564858,-0.632185109561133,-0.303947310370782,-0.357179866266773,-0.362386920679156,-0.0357086196048567,-0.19676363762932,0.0165113607756514,0.171670021528453,0.193875582035342,0.385704196532643,0.387231141410337,0.163231361343745,0.141631717429259,-0.0322993036916635,-0.0544232650534756,0.088911050177066,0.251212743736883,0.0435828401434572,-0.29977173457613,-0.231135327295436,-0.221915707602057,0.320736202352462,0.299074032322297,0.402943697280054,0.291126414382078,-0.0177204827810182,-0.329849321185591,-0.376266939206913,0.0413013877443118,0.167476392808155,-0.221430903198671,-0.063140154372843,-0.275872199636604,-0.517415105485,-0.0974094562020883,-0.678188418365287,-0.374066478807946,-0.168454604241556,0.0547753471144625,-0.127657653436029,-0.293262932962619,-0.0667037964796563,0.0278514065439823,0.234217346756821,-0.265207046797688,-0.242990426091089,-0.0157928886312469,0.0388995381106687,-0.0708178732420417,-0.00309766862250099,-0.242100455436196,0.17927400054557,0.101662074548246,0.558255226040792,0.394214935510447,0.180572465612454,-0.12494893558849,0.0928525600200915,-0.083639903415482,0.0396030601521933,-0.0991835554721356,0.0333658848704383,0.137666680401192,0.0790146842920197,-0.252857428692337,-0.107292140080186,-0.128232039552159,-0.0283356566468249,-0.0363666301145203,0.210603461074522,0.237533584549888,0.140268051826866,-0.226271093419351,-0.153952909174772,0.071453914599733,0.0599066804910753,0.079793260545806,-0.373556767201351,-0.315429050051438,0.191824996803483,0.106581033538295,-0.192942117654571,0.0348784777941238,0.227022708333427,0.351881132014674,0.387521986615192,0.517000655137788,0.153299782319158,0.0236405078284691,0.0432783802367683,0.205302417745366,0.0840790810879158,-0.209328342846632,-0.274456718267333,0.175334911099711,-0.408405521230086,-0.179536552175776,-0.377695274995479,-0.270475231792169,0.18013399584629,0.277112201276458,-0.48693368418876,-0.0329031858967056,0.239830480423244,0.0463592990580742,-0.0448802159312731,0.0466290179872466,0.201701071213843,0.19197382362862,-0.0681714506104626,-0.0356890015844304,-0.189786278140804,-0.362846900057037,-0.355856012778194,-0.417066715546828,0.107967411395862,-0.251726618602508,-0.322528783479152,-0.105169549243628,0.0216304260211832,-0.131636507091695,-0.133628272184599,-0.0181035171250049,-0.252732491864758,0.0463748000498041,-0.553991390322948,-0.235584003772907,-0.0950188719305661,0.0760594993279017,-0.115444571697472,-0.195603898527501,-0.226648872744556,0.0391993016572,-0.108957253369758,-0.242585019496332,-0.152182147669334,0.301178458869761,0.258007772031317,0.0278009952572683,-0.182498458932606,-0.516636248023564,-0.32510360591257,0.188061316702465,-0.115617751554255,-0.0963174763637976,-0.337458325470523,-0.0235759917861047,-0.164204510618765,0.0564049270891205,-0.0478789559915372,0.096350953231066,0.00991764973659306,0.268390090342684,-0.0807169335440592,-0.0447467657721565,0.172260369410416,0.0253977558188734,0.061770847074904,0.1180249868917,0.0247279189718716,0.405307203714073,0.0920187737172135,-0.0953094795976522,-0.108128847118426,-0.229185656126524,0.116540204319361,0.0618258984359835,0.038764013432744,-0.275893449702634,-0.312247490488557,0.0785926629505975,-0.212420886774018,-0.273147636946052,-0.38712988170895,0.00200507496385426,0.164881072673172,0.192310898768839,0.0510325707932886,0.0647245390537067,0.182292676813305,-0.375295270838824,-0.126933955154434,-0.279928086623998,0.158209693926193,0.135148001012641,0.325343430148186,0.349767409876854,0.0102816981841802,-0.107803648387995,-0.204752242675552,-0.171128744743693,0.133096160941419,-0.201278721455607,-0.183611512405469,0.307755994755568,0.502927493747571,-0.0510209635158591,0.10523951333383,-0.106141356986968,-0.341917471175226,-0.326240911329496,-0.354911246940679,0.0452286104638125,0.0143153237734322,0.173241221408344,0.00275510805780259,0.249376444445893,0.219059751406749,0.201256688904014,0.0608668546126077,-0.287961093499214,0.0686518910779981,-0.226001227435294,-0.0991167836241922,-0.103188419199298,-0.383013644949489,0.403981572526103,0.279177258912898,0.186896814889416,-0.185787796846505,0.302809122975635,0.134102966547622,0.0684872332227534,0.407344927501965,0.00967503952589455,0.287780113876014,0.320016943497477,0.183061719262397,-0.0733685921379983,-0.0478133141166834,0.258707157854916,0.454308971752486,-0.131862349724872,-0.114935448165928,0.338423066343198,0.154239688707655,-0.125376431458055,0.218553483360647,-0.181137918362926,-0.456594983699384,-0.368584167646705,-0.221118424745943,-0.342485640646186,-0.0045991081380209,-0.015122020759401,-0.0167730218002284,-0.0956090732126066,0.0147107557960762,3.64865119784757e-05,-0.012227834288721,0.149046822430186,0.192986796910459,-0.236349996855892,-0.292383681900824,0.0620518957479991,-0.00193083922499051,0.273844670224986,-0.0221945049793546,-0.0219914596339091,0.0769941323914777,0.175076206063771,0.464839117574589,0.0561980620823836,-0.292654056384657,0.0294748673318816,0.0908465387591269,-0.0508186586482429,0.223523923726791,-0.222046815588886,-0.22169773462011,-0.324683198026442,-0.110938040040346,0.142217923662328,0.197952804677978,-0.104784612403227,-0.459263680736494,-0.268842679279398,-0.339611251226209,0.103581175797211,-0.181051220395558,-0.0690082365905609,-0.475933920146126,-0.462193319945562,-0.165538523381037,-0.317418134808863,-0.384563604921834,-0.0167808306524687,0.242359454053888,0.384854720721489,0.0101519930972143,-0.00961581243208924,-0.0239491985770922,-0.113708663437061,-0.608164097330254,-0.352033448764075,0.0238028183808505,0.0609635036651141,-0.033809885468214,0.146504589781545,-0.0924203761169012,0.118030777267225,-0.0976971690572247,0.415886282568854,-0.0345631498514471,-0.140689810837053,0.490935445031773,0.308355739382276,0.203716720542893,0.0535845970062535,-0.365436496971863,-0.132089144493043,0.273535245156663,0.13126450989689,0.0494823997254413,0.136167168051622,-0.0690015070614773,0.0995481419986267,0.257040678018681,-0.222349460710454,0.052484853110162,-0.0131495396509634,0.149724603235905,0.273631381197814,-0.243512886652648,-0.110347203546712,-0.372242676021592,-0.386353026686059,-0.371612526564069,-0.407140421982981,-0.267434074793218,-0.0919086626030383,0.159914620860795,-0.0340699466539306,0.183789501805325,0.351148046098197,0.0898467426648599,0.271651828650126,-0.0718974330293412,0.198752446511892,-0.12873803113751,-0.31071343609967,-0.140591757571474,0.239966566130859,0.0187141706199484,-0.0897009896185791,-0.265909320375531,0.507963662024728,0.361845115718762,0.114164326295043,0.101070702781516,0.175812280172955,-0.162796530592356,0.365002807166576,0.247160745802787,0.377129539215155,-0.159348519375494,0.131298078944065,-0.288414262489737,-0.247337816148005,-0.22703464275355,0.200744433795033,0.2905258546352,0.435831341314405,0.383042377681028,0.312213993991801,-0.176017221201242,-0.201690973455004,0.277323787630728,-0.0555908048259368,-0.454483131222712,-0.405033397004846,-0.0756798466043473,-0.22194161562842,-0.322876404652979,0.180648050431816,-0.238861588772019,0.15475196609515,0.063670332325274,0.237933506484605,-0.472962119926859,-0.38972368624006,0.0727750357943553,0.0401279548427541,0.102723547319251,0.00223746544344441,-0.135164715167484,-0.000347695226880496,0.0810653300767591,-0.310944807379964,-0.425650339105477,-0.225971092938745,-0.53779033480917,0.0680116035638955,-0.121074103403692,-0.0315457175624512,0.0217464765859949,0.0599720024333679,-0.0710686097671385,-0.174116927049332,0.179241333741341,0.271133208165821,-0.0863778852195671,0.312468288844001,0.265825142993947,-0.117517260628971,0.131721259969723,0.0513579317128456,0.0268276347783216,0.255661161867393,0.181690016909604,0.360712656402059,0.34243275095735,0.342432446657786,-0.0892130283420057,0.191734385884493,0.118894384454062,0.195934004328909,0.00606961883879367,-0.220973929671267,-0.00482975799928095,-0.222387011109132,0.1263288674381,0.0665130888926798,0.288567935057136,0.122948667760287,-0.153447780272173,0.0423058464540557,0.142747518103516,0.255904227801931,-0.25453456701079,-0.0929656471150986,-0.356550061291974,0.248667954639761,0.232414569334442,-0.293892241241139,-0.0551180985930426,0.14350647884645,0.231759093327518,-0.223454120871608,-0.552995693969191,-0.505632646050653,-0.246423351963256,0.0776933163113831,0.244627026889787,-0.0224031204907478,-0.0191663613822858,-0.0547570757028515,0.0499416238269949,0.227512428113796,-0.182656551785919,-0.342567642006593,-0.28376307474757,-0.229230996750179,-0.0145229863084371,0.267372324904694,0.146802265593088,-0.034379527841917,-0.0979741181469305,-0.29470115605375,0.106726727277124,-0.369344335072752,-0.161474399971352,-0.347473495965482,0.439353610539756,0.112996938836235,-0.211518759070411,0.0938622077255539,0.132883504664617,0.0775741415513738,0.0631154078202302,-0.0971022591285656,-0.00689683111430595,0.22993364701136,0.419667001642839,0.314446937027853,0.218150378336593,0.0422349129070047,-0.306950661210779,-0.0385930257693024,0.107338663989482,0.0149556000701969,0.258744716352833,0.576815749183088,0.361860352240734,0.341016506916447,-0.24750157962339,0.247275059168035,0.442268031449976,0.215901725109164,0.288931428499403,-0.104574426392033,-0.294334366439087,-0.278246085325299,0.149226506865981,-0.0844537031155528,0.108127282280562,0.0219860367835353,0.075683480140881
0.275128222476047,0.00997805892747442,0.0202411267677335,-0.249758769496915,0.177605882304629,-0.0223499840008205,-0.0545969028300406,0.0365443641418639,-0.0545858859108931,0.339262012154054,-0.0125813461694967,0.0920722307180974,-0.00284685658825606,-0.0771065462956268,-0.176354612204359,-0.00127632425557928,0.153423041304183,-0.049316921516168,-0.256785179822741,0.0553044668932841,0.00417083974697889,-0.0334620415530987,-0.164588778666658,-0.196236598183118,0.0415910024027532,-0.171048668976936,0.0284093550890739,-0.196312618449866,-0.265809612842013,-0.123724390721516,-0.182771094695367,0.220185981718866,0.0140226708785222,-0.231411468074514,-0.0991561328746317,-0.0947482324572042,-0.212430483771251,-0.199176706211461,-0.133322163031562,-0.0274095522669362,0.0099860985148664,-0.12426567084041,0.0771566330939537,-0.116021526261034,-0.192566770985713,-0.284394982076239,-0.321792748330934,-0.172205240581959,0.138270141306208,-0.00372582243042896,-0.442043633407185,0.0279922907031381,0.00652383932661686,0.184622330579961,-0.139847480474737,-0.126482491144287,-0.217813041043803,-0.318960716607504,0.157288419528284,-0.12778440225376,-0.186936224340853,-0.0158885213015175,-0.0860531829749843,0.127337583648405,-0.0766619734911914,-0.350104217193685,0.0597579512478909,-0.0218214634835297,0.157945082998976,-0.0880669451770308,-0.194281638276517,0.0359889714368818,-0.231046154374874,-0.153792711250555,0.0339535030188422,-0.0916433593336374,-0.118136449390097,0.289859739700674,0.0843583475439449,-0.161771901097526,0.0471921848858551,-0.0081717972628495,-0.0690531358256891,-0.0993980825344022,0.0583798408354468,-0.0335069551085964,0.169181033775791,-0.0871253842536466,0.158696825038557,-0.0496621291189856,-0.491441829422681,0.0612331190426136,0.116403302084184,0.285652883473027,0.100840401912863,0.236709316757871,-0.0850576994309559,0.344317909548444,0.15939454060554,-0.291432460653358,-0.138829636950302,-0.159410076319018,0.0616381388420725,0.0391965145035092,-0.0646894952478119,-0.0957807170925722,-0.383995954329632,-0.265311333505537,0.0374206819728547,-0.153324894127456,0.0914000758606466,0.300872131936261,-0.0194202370515616,-0.0748409195754296,0.0612105185735562,0.153554942755033,0.107643892221654,-0.0906838247533565,0.0887377164107053,0.291924574291288,0.109713911101715,0.0561513994318667,-0.152569723063544,-0.0166631643638997,0.0476442603121322,0.127466196390298,0.0796473856056479,0.212032564065254,0.141782216242505,-0.048437527555081,-0.45689101048561,0.00680158160850061,0.0163685919742431,-0.120374328098759,0.145339148666767,0.223930224997903,0.0839812604109341,-0.120633250990139,0.129088229610669,0.00424301777316125,-0.23774887794232,-0.275400640909444,-0.257589241751173,-0.0835098645189235,0.244358704833531,0.00272591903266126,0.0390940619645916,-0.0319693125409975,-0.0860874201335613,-0.230931022572869,0.138853405643886,-0.125107337990101,0.00156407745642294,-0.0646285841478277,0.120708147325543,0.278129042176699,-0.0619416038325159,-0.131183577842431,0.052214986231433,0.023144999003243,-0.00286883129607423,-0.0776857280473565,-0.21157963843902,-0.125386795544198,-0.139164899541704,-0.0335759590273304,0.0598454165754854,-0.00764837270919055,-0.0540691885800816,0.129965497866133,0.0313461868861564,0.475939194776245,0.21541610585343,0.270695572127041,0.270116768092704,-0.181950939674212,-0.0046307773242036,0.028929279007815,-0.0454406444596181,-0.0587275697889443,0.0441759128873875,0.0692509483381619,0.0920643096611276,-0.170251505685708,-0.0562434964478387,-0.134517987566665,-0.121131931606702,-0.0648304481606135,0.320483496164334,0.0883337777283711,0.231503622781507,0.0303429034125808,0.0759164856712208,-0.0587029235948624,0.0486134087940299,-0.0968046751462772,-0.0308686307437201,-0.130591742949965,0.127213249144328,-0.0747736214842195,0.0210860463812574,0.12170386769143,-0.248236025613007,-0.263785737732833,0.316768565516711,0.020689529334841,0.0529941214449732,0.110716260267053,-0.0673200639413324,-0.0256646109407247,0.208840466735759,-0.14699131078914,-0.26783310463671,-0.343484950004495,-0.231838927511641,0.0640946118946832,0.107807746354681,-0.245764803320789,0.0940007591652427,-0.100486875625912,-0.189500630188273,0.168692498373123,-0.32136657756977,-0.108650772436038,-0.193982386272511,-0.0304973278901117,-0.0761081489407009,0.0736215938360322,-0.159422962772368,-0.0603094153124081,0.172409241580309,0.0326069578887311,0.0629379163958254,0.152351766984114,0.20135763088062,-0.0540121827522109,-0.103196121045031,0.0339457032710052,-0.0969616858272246,-0.205199401461106,-0.193591220171509,-0.129060102691195,0.0287351906030587,0.103512019990384,0.175217213149588,0.039172093303086,0.206723084522146,0.0754004732241327,-0.0823959050709193,-0.105380458289054,-0.190751871649481,0.198592875066303,0.111244063573603,0.0367380333810116,-0.0876481456890293,-0.102986952859691,-0.123908223277997,-0.188378377327636,-0.293938169649361,-0.0820864482369789,0.27690482087448,-0.012601561948418,0.228678741336551,0.115710904213216,0.0404561283527492,-0.105260492966936,-0.0405789287861948,-0.0661014489664417,0.00395945943688689,0.0836691909814099,-0.491330268428617,-0.335310352251231,-0.0440626592646627,-0.171141506620573,0.0996971689729671,0.0736888870604514,-0.0565829968746666,0.222524974661835,-0.00717586037155489,0.102583026530572,0.162124911010908,-0.0019437737587321,0.125351236905664,-0.273598886266506,-0.182410452104174,0.0289292944396072,0.0878134156482447,0.10066823623844,-0.166872614911144,-0.165079114324151,-0.180955621481049,0.153783814643636,0.180182186530629,0.349168408014296,0.0582794790767373,-0.115937432957773,-0.0590731058515138,0.0335665749186981,-0.0202603170039404,0.0845548838167559,-0.145808180227531,-0.032506400410646,-0.0821179734687452,-0.327599323362804,-0.0840792869071177,-0.325212024098653,-0.0838394531397604,-0.151485007436313,0.0586836438225853,-0.0688797385005457,-0.179408782597969,-0.057748514901373,0.0566255958064512,0.174655189871886,-0.234457371738556,-0.148862910765729,-0.167914639312356,-0.100458815534889,0.0985682795697797,-0.0957516484711061,-0.0435248965460218,0.0195638614465179,0.0491409301393134,0.43753689275752,0.298075221207849,0.0844053203126115,0.0181518768182513,0.057179008708605,-0.149543992062222,0.0594773679840165,-0.060422466764899,-0.182643922023411,0.16419024320306,0.0901235820542679,0.0630099820469055,-0.0114053742405614,-0.11564305924681,-0.236412324370488,-0.269837747722936,-0.0185243057865293,0.0991750964058148,-0.0424157635617339,0.0333419182853375,-0.1707846046569,0.0651916669198807,0.0774697671887494,0.0141819418091077,-0.0636032920931897,-0.112174933574805,0.298679707070764,-0.00636145304525975,-0.238892973248172,-0.172731809471932,-0.0220864357427999,0.29760004921113,0.196729391780422,0.0278031906263589,-0.0269814293242311,-0.0036694008273984,-0.0443339673341313,0.419816229338448,0.164567695104966,-0.115271355434547,-0.0972985575342614,0.0610371244282336,-0.290876348951435,-0.179424340172678,-0.317554885533193,-0.0926691356572585,0.0293417939852714,-0.0132043555033982,-0.344566858482268,-0.042083625513346,0.272638948651037,-0.0191332190907064,0.0698361027324986,0.0233571047331377,0.314632441629896,0.160721617204736,0.0164409430411883,-0.0649901467901224,-0.189227288902591,-0.171988426755016,-0.164750660744725,-0.330759508550949,-0.0546051369418102,0.0867893844932436,-0.0967869771032876,-0.12115550654459,0.0209582138239708,-0.0870329024920136,-0.353126138960596,-0.0226814927921094,-0.225200531635127,0.000468056841857467,-0.333864502627834,-0.361970996201557,-0.164632514104785,0.0902160618858037,-0.0557661517140454,-0.141168026408113,-0.129149518581269,0.0323514872796263,-0.26770093586096,-0.270500928544939,-0.0675322912514107,0.137485173157681,-0.121006770718611,-0.0535521545323486,-0.278678186984082,-0.187921403031676,-0.193285658228847,-0.0957863454453361,-0.0225004970498541,-0.0219685245887257,0.0718317054104036,-0.167046837410902,-0.270952406662283,0.11815347499382,0.116081008790666,-0.129881520787749,-0.0575832245279209,0.242844683129749,0.0669362424750103,0.083519184598179,0.0217432603399826,0.0564036744923831,0.247733288395421,0.00631861918200718,0.0233136316892876,0.386004708173839,0.259742527652611,-0.024467649305557,-0.0267109654919035,0.0418278476626222,0.0620263667154065,0.160304000646012,0.0755789340543722,0.13713412996698,-0.11589844882752,0.0156605186028465,-0.256822666314387,-0.226962339289535,-0.0710737543247716,0.024195021526315,0.241869958239416,0.172574260124725,-0.10109069157296,0.253576834816759,0.0338487848250971,-0.0918329421610392,-0.215421357272333,-0.0846309892450106,0.123219407441965,0.0394967066927312,0.195198429771509,0.0541620171614762,0.0563748361390283,0.0534375588410191,-0.275797766876024,0.0238941343509884,0.1279408665999,-0.139065665424749,-0.129275791606396,0.167310074681859,0.143373076560969,0.107345816606478,0.100053358862482,-0.0450376622880124,-0.171628094977267,0.0533954030958194,-0.0929378744950087,-0.0159698335316245,-0.0560351043596846,0.0674218498476729,-0.0562835157154851,0.198097599087001,-0.095638967722401,0.0279601590260106,0.0603565082109452,-0.0936160384605663,0.0730217948084326,0.0837758536436073,-0.0481694219108283,-0.196057304945857,-0.294296263388149,0.315969643969044,0.131605242133721,-0.128973720692268,0.0596731049960986,0.230220549983326,0.0965881674995813,0.0219474444324176,0.134903020476215,-0.074401829042687,0.160617043460596,-0.084596072835091,0.0337082705620935,0.050831118176542,-0.0928160851431393,-0.0117409838927029,0.419781214436016,-0.123907139010788,-0.00799612015114662,0.239322116306802,-0.127401819616576,-0.233771102968215,0.0982625051385396,-0.1369405415551,-0.312650399024147,-0.153383343415677,0.232493942280851,-0.2481139881199,-0.0127540361199265,-0.0306922979734486,0.0174772312098761,0.178342004820928,-0.1291920470268,0.151586326865087,-0.18499141084439,0.0894197479066129,-0.136539987163394,-0.101394612336342,-0.024189936420037,0.122035140648217,0.00829547760915534,0.189991955763031,-0.0823345195723492,0.0163410827126029,0.0118651434060313,-0.00102264097080226,0.302256822543018,0.218377019658407,-0.314047934411032,-0.0314090985126441,0.0760499911381235,-0.0641661556778455,0.0999399894830053,-0.0718173910217588,-0.0524176591032033,-0.453179975033379,0.00720321914743066,0.138327887937279,-0.147274001498743,-0.0123877029909278,-0.0447981539620464,-0.0653331523997961,-0.299761548446816,0.159115019890773,0.109015228364976,-0.129405379887843,-0.166359478782822,-0.211866679913369,-0.177683990813096,-0.28889587955207,-0.0749055397226623,0.0516797939877681,0.242805883591244,0.23538858496774,0.025146483951434,-0.121851621589902,0.0388728059370453,-0.182638196182534,-0.299030923164658,-0.434866093609559,-0.0609471272861341,0.0972123899825816,-0.0886807714641935,0.0980185382721969,-0.274798547302691,0.0843956579462158,-0.158557267102413,0.0755413301280902,0.0354123727367499,-0.0584842883568066,0.280209249113292,0.119563837925674,0.18991633506402,-0.00701356182590687,-0.20706393891312,0.117277768063395,0.0743227208624551,0.102346053777799,0.0974304681563861,-0.045472702016371,-0.0752864167326136,0.0361713904057852,0.085837582469876,-0.102327117675322,0.16365615552521,-0.00419700802475918,0.158852090834187,-0.263439120056612,-0.373953419330652,-0.248919596172514,-0.222143948460632,-0.0311915714412211,-0.247817436459029,-0.307164955195326,-0.37396326111983,-0.16572410377463,0.00445228130081496,0.00620418806958752,-0.0254632050296036,0.160106719916028,0.141244977481335,0.0335394863530086,0.0234088159017167,-0.0429811787757862,0.0125636619434956,-0.104262951839514,-0.0389243721519502,0.109643506800602,-0.00672779418217348,-0.179956404456248,-0.0262569444331919,0.301085142420708,0.195165181996632,0.229495496450352,0.0680317421228601,0.216642149147838,-0.0202912482157804,0.338375657428307,-0.0821231219942607,0.203614233603466,-0.148659769721845,0.208808336405739,-0.0988013307355612,-0.0412335933782936,0.221777213201052,0.231224143180871,0.0039487441602277,0.128728948266169,0.222462836087204,0.128957918575009,-0.0226440580664558,-0.0278209626473494,0.0185918154563102,0.124362499459134,-0.310002270820575,-0.217166135684711,-0.219854245366875,0.061555450277939,-0.00429129643365389,-0.044584707057602,-0.0310784696215672,-0.0456533666554504,0.14391818453199,-0.167609375941184,-0.239234944153209,-0.459570806052486,-0.0316014511866691,0.132964237437562,0.115734907660396,0.0733871181363961,-0.00429556560837645,0.0958575191348986,0.104982135675316,0.0157355014253096,0.129542202894447,0.00527538873730529,-0.207550783353109,-0.0631718743329782,0.0624151191688577,0.103017623958182,-0.158031299741259,-0.0467451097979641,0.0912302848523549,-0.155062794631211,-0.185856775486454,0.194645673506379,-0.0426825841465421,0.028205523488173,0.171261638170142,-0.25057535747346,0.0676532487616209,-0.0710375330817436,-0.0466932781353075,0.17546676470498,0.27968458339055,0.216412401249849,0.251999708860051,0.248798670798611,-0.0379067776632618,-0.0898245441993707,-0.0385235123377136,0.0567660157517125,0.109687232793592,0.0653773015420875,0.0815644996261192,-0.0725765679025724,-0.0059219860812178,0.132700207177718,0.0928494989514853,0.030342722940328,-0.0918302718498102,0.00908351961713517,0.15995986462269,0.0266841587495517,-0.0699183248474764,-0.141501519489662,-0.201324316498228,0.128336382954332,0.204987100126787,-0.0494851816694913,-0.0605495431162692,0.172337673444609,0.254270717579369,-0.190979502497231,-0.258364210553582,-0.23476694072895,0.00803734055519231,-0.0197227560508708,0.018769497569908,0.00161907167927228,0.00681854383224045,0.0313366668625875,0.0197655202527858,0.134377488472387,0.257775176237615,-0.222932414402152,-0.308373107211648,-0.22625611782054,-0.160444276865685,0.247390963196596,-0.0714988903237066,0.334418546528819,0.0516603176678753,-0.165916703623178,-0.156333959951681,-0.0653813752183104,-0.254291878229428,-0.234732989265556,0.10247887513179,-0.0737893967012548,0.00531886150720973,0.0118955567699417,0.168586408235342,-0.0401996166386481,0.0269146736580162,-0.162293866542863,0.12836807674347,0.0262072146500526,-0.0410937615076353,0.120545949411726,0.0271893027590117,-0.0172583874201354,-0.245873033192533,-0.060699594563602,-0.197188767774016,-0.0681471916620222,0.119053446195244,0.25709444027623,0.216848168992094,0.136719172401558,-0.0683767792360033,0.189303064444809,0.516635425053025,0.00601061689933596,0.23456182296667,-0.131553881859659,-0.219060937482135,-0.0796518309581169,-0.0933431892447824,0.0519198297274852,0.0130627149830635,-0.023279979867182,0.0167198913089719
0.334992691675089,0.198564643030895,0.244589662101464,0.00582819824485331,0.150022570840541,0.0755038913687147,0.309792770889002,0.219473355224944,-0.096068387059399,0.292366970985182,0.27027662271231,0.132382392796776,-0.254553625661618,0.0365101514081883,-0.501339526984,-0.169532665483688,0.211432948980046,0.0996893389271039,-0.447609475870795,0.16178428873967,0.245864291213601,0.0692645004073647,-0.128253690871636,-0.0404119602376641,-0.36250052809171,-0.536921201288206,-0.379896955387075,-0.359397184012045,-1.07529282293083,-0.316692219147149,-0.393915159067505,0.524272296079571,0.534520792239877,0.0498314786840132,0.117563270040449,-0.29043234174693,-0.883331131531761,-0.544130437022061,-0.455655781630818,-0.472827845436048,-0.181909767585616,-0.449684712161554,0.278108481565417,-0.0884815219360546,-0.293928004413763,-0.239325757941356,-0.74347959983079,-0.276710797378928,-0.100834562427734,0.211462261455829,-0.457079649471576,0.209530671699719,0.114643864836639,0.286575254573003,-0.247383838000675,-0.732278275125765,-0.402924758558998,-0.66272797704382,-0.349688599358083,-0.447803044534478,-0.532712565827852,-0.162651831914249,-0.335243535844272,0.0227091463342397,-0.0172618420802113,-0.598795283850867,0.097989434458268,-0.231391745618118,0.11088620556547,0.170756105086104,-0.0115693199115697,0.326938996454403,-0.27989869507452,-0.00823873400347062,0.200870689554654,-0.119057134279692,0.102205241941495,0.452144663282638,-0.0777136144293871,0.122255376096908,-0.0660562180662705,-0.330585504091128,-0.130795822387797,-0.0614505582898667,0.112069353824763,0.199591036974787,0.415326978403935,0.214247892055555,-0.158616828796594,0.123465932629357,-0.786542052246861,-0.306472811826332,0.156272619509404,0.761148834032871,0.2492561018958,-0.0175555839727026,0.159404065659531,0.61467675930658,0.105918373602004,-0.321459045438716,-0.434997814641775,-0.151342128529294,0.315277267786622,0.203835178697599,-0.0258950224359225,-0.598262051474957,-0.489641094080382,-0.659252602812033,-0.0611690287021219,-0.382572635794644,0.339996064822864,0.474500197222396,-0.110374207990212,-0.251310559303879,0.0162545497366506,0.336150454595507,0.457542015176162,0.136761605910602,0.220020146193465,0.519780610080091,0.879146943644245,0.218919773329666,-0.272131574506042,-0.483289672447814,-0.0607415849217578,0.165986786815732,0.0421709108469123,0.101680508982743,0.0345347417239975,-0.0424216189506429,-0.871697022387076,0.185109850724565,-0.261074310454195,0.24692298693196,0.0230077331213234,0.287805256462719,0.272394436209012,0.141335015232553,-0.0587675460479611,-0.23937624425096,-0.308158361682484,-0.898478403163464,-0.597769472266616,-0.0190269902315561,0.231731759047843,-0.076334989108226,-0.238507306961703,-0.0835948282667281,-0.329941180895551,-0.474787452546887,-0.420746300395189,-0.224496878397383,-0.401455073127064,0.145534491013857,0.0214554857936273,0.213581565618824,-0.0777489062539832,0.106320312823998,0.016185456213344,-0.294223717250617,0.168972370290121,-0.138228710378157,-0.478437284194556,0.102712651372003,0.0395116045360188,-0.0314597904400372,0.264388409418127,-0.462207558783811,-0.00910499585765613,0.498601311492701,0.247478062550326,0.623845460248093,0.490737679770435,0.523419771717309,0.515764018422987,0.150766437623408,0.11119576481305,-0.0584514511313539,-0.315098837056828,-0.182105571124526,0.222044321334211,0.0876314631298006,0.083369428060165,-0.13339135377539,-0.0808628403633776,-0.0328088858433204,0.223160393946342,0.00457003300355773,0.831497925471702,0.460856198431011,0.519574081367977,0.079534165768977,0.0643842142006834,0.589705837535251,0.407500586597927,-0.220387480475856,-0.0348597711377631,-0.103144394169497,0.150515478642262,-0.23609027350367,-0.223641131332634,-0.0740809416501239,-0.598776326146016,-0.112129744806733,0.624249332266652,0.18019222823043,0.31769736617984,0.653642368891332,0.057616747906881,-0.103088928802546,0.137895549742287,-0.442894250310175,-0.935568784076219,-0.489718689301551,-0.49506179037734,-0.212908330637352,-0.0862591944501823,-0.4636672714483,-0.040448762515492,-0.0508820337262064,-0.368020017754854,-0.167689101485941,-0.126950847163976,-0.391558627141378,-0.580785505482895,0.0746305738551612,-0.185742531313329,0.262273695779592,-0.198503032569803,-0.150565507151968,0.116192059565466,0.0696538104957383,0.0556060413177479,0.812463407888587,0.131582454379649,-0.188735887015138,-0.153723738241786,-0.400178301769597,-0.656053944478815,-0.605380665539376,-0.347106198032802,-0.154179008055478,0.0352328467686092,0.351243752470288,0.411114550662042,0.250917099183965,0.672717818533566,-0.0842336177151732,-0.118422784795447,-0.136137420760103,-0.172380567453829,0.442245692624239,0.292017863926618,-0.210618616221778,0.193921028481786,-0.368236448654024,-0.59705652181135,-0.355262732236007,-0.632370338451687,-0.192389686122519,0.55208810520629,0.356600221335822,0.497327688480718,0.118338951885247,-0.0688002801747902,0.012491543058154,0.0365289212785256,0.197810851532544,-0.386546825032505,0.028480859793681,-0.899376942807118,-0.725328289995021,-0.498290050427101,-0.460651649990043,-0.106226924084023,-0.109089684254054,0.0659480791844519,0.494399820238106,0.0961475283489168,0.543886091058331,0.557056212993583,0.339947614523757,0.186936614939771,-0.211602188642076,-0.387837487014002,0.0839580580732108,0.254042882858919,-0.0793244683583562,-0.231025495944901,-0.602870672142866,-0.58889348747189,0.528651460213151,0.276562988795474,0.645166387351529,0.222918791873013,-0.0773282557496275,-0.455451818282563,-0.168413196879198,-0.408286243449875,0.148307302585581,-0.00649940210698008,-0.17092422006638,-0.276386003801548,-0.49524166817875,-0.020207497759952,-1.10169072905802,-0.558280212425295,-0.460276785914402,0.0974573909524858,-0.104177360812794,-0.314853001120409,-0.0348831876500584,0.102980699306691,0.350139021425271,-0.445058598431105,-0.327725832938651,-0.474397578775074,0.045027242673815,-0.240801692332413,-0.0426515089317115,-0.196836610713946,0.0148494658330234,0.291318518534203,0.657897486343309,0.775179652562972,0.267634425701981,0.182315941158966,-0.026228896514777,-0.140234763001387,0.0341783597528569,0.0115860255006413,0.0375087918408482,0.34946038934432,0.0717909041035072,-0.416646444178709,0.000615777111261956,-0.38512242485723,-0.51970250595947,-0.131654295878641,0.358688569013259,0.300129796348924,-0.0948666152353352,-0.110030365531902,-0.209147689803163,-0.0778910136724289,0.198927418870497,-0.0906856959496268,-0.135003857421759,-0.719055223862569,0.224592726654667,0.154896584098637,-0.500267942298973,0.146417441206705,0.160947752224457,0.751381572206272,0.730548158845932,0.691051304040673,-0.123947949360198,0.23160023605909,-0.295636895247795,0.48610445987521,0.230728544773297,-0.428876167698511,-0.346746210011351,0.167144649065726,-0.724225423487473,-0.4709787781742,-0.527907702710624,-0.182694065591256,0.272231932306635,-0.0410584729769024,-0.569135686206503,0.0181675792992676,0.524286789709406,0.232410153935296,-0.0841623329507701,-0.16166620391592,0.450278018659665,0.393925240479734,-0.537148362323662,-0.303726385464371,-0.339286725646404,-0.242043344649061,-0.715338102532,-0.708379576736375,0.220195027510048,0.0712301419247942,-0.512190596110922,-0.131668114515306,-0.199216240894564,-0.0636356383577762,-0.279194530253928,-0.206737051654097,-0.452562963952258,-0.175708278189085,-0.761354898681518,-0.580492451547249,-0.115961052179402,0.0160290636455263,-0.0230594921638623,-0.262773542477147,-0.384694081327997,0.0673925161046166,-0.250981542880112,-0.296301895737779,-0.134803537960657,0.433335636435154,-0.191860689326698,0.119115045905946,-0.458408916967624,-0.772871273857892,-0.550147374417145,-0.112621694538459,0.0635453760947284,-0.0363014745917205,-0.280877589425097,-0.00747656953040288,-0.361398569872573,0.130897445940949,0.141069623413175,0.0907655021391573,0.13815369529036,0.504864179144848,-0.103002968292657,-0.188587879653788,0.30312340305763,-0.0553182229403094,0.119297257816251,0.658155558666372,-0.284648738308277,0.430718401796783,0.0878728009381543,-0.0680212635197689,-0.043649555851554,-0.168861559021585,-0.0579422306481814,-0.351251329956908,0.0386014998719176,0.0815117655016275,-0.583200008065249,-0.0887967914085851,-0.577467034976269,-0.403310035448874,0.0339223591286445,0.159711126052954,0.332407431330547,0.120152449643618,-0.0566698190937592,0.0228561120255887,0.205687617951771,-0.613675499589228,-0.255334801764189,-0.34827807106982,-0.110084851569737,0.0964575527897855,0.468380709024157,0.327805137026,0.0601671697489694,0.0499610687287168,-0.41489790502628,-0.121392992883219,0.121924210361246,-0.316932934265043,0.191211613562201,0.413981919893345,0.534993708936408,0.103465805108724,0.0525488671752267,-0.435523580677742,-0.214102973519872,-0.0874728331775521,-0.155075680906189,-0.0635428855832296,0.0304523769661029,0.360664404290839,-0.230953860960518,0.614297234894452,0.163692831008487,0.476676634821905,0.204851477234007,-0.508028255226059,0.109891798693338,-0.350423649743358,-0.237128756276461,-0.220490723242358,-0.769980755666857,0.737772814342558,0.192427574384421,0.264894871217886,0.00904103310360906,0.273971258294944,0.447581241984254,0.174357315037106,0.467153577969151,0.324022077796354,0.12827642674136,0.198082802926783,0.374997001063055,-0.00349922590413702,0.115311049083234,0.296699197006686,0.961030064386761,-0.397741050636858,0.0460684474826505,0.363969825664838,0.490636127993291,-0.53702383825911,0.571543251203922,-0.189393761328108,-0.421799647640862,-0.518755483259668,-0.132674049219051,-0.273209180025235,0.255065000257178,-0.165762429146817,-0.0319292240519336,0.0623543662910482,0.0500455612212807,0.312645682818309,0.0618533757341548,0.425417578299599,-0.0657796772633435,-0.472897954138201,-0.234958841338912,0.0126999752835502,0.0981173802084042,0.535151378770445,-0.0836263103703231,0.0976106366801814,0.0496894822022648,-0.0968877995926823,0.894761327424754,0.297649006091184,-0.327728728751997,-0.316247626242538,0.239140233692665,0.0153116977991079,0.291980629560512,-0.273779252798302,-0.58097814453723,-0.474653235240667,-0.35836238714184,0.244489874995183,-0.0200857467448743,-0.333084807932434,-0.546775806557473,-0.444514681151102,-0.449614371111473,0.0995965793124505,-0.189215612741105,-0.0840915054092789,-0.615009658540818,-0.656944826943671,-0.280171571158486,-0.483191477260841,-0.202311493728634,0.144694316398082,0.429678833870864,0.390157098269757,0.248603385324992,-0.326291470648475,0.0023574321422898,0.0722552550303064,-1.01825031409027,-0.756329366709786,-0.294268306676699,-0.118834627080857,-0.05226429507691,0.161794426295909,-0.302891283294064,0.123941554141987,-0.29981730314163,0.297547635495278,-0.0302344974523021,-0.157339659126942,0.558701010813961,0.478176154753442,0.344675516334957,-0.115842285837526,-0.311528006424198,0.051902674152872,0.437351766767933,0.438986290288599,0.189153377742286,0.12212252627224,-0.228953393648983,0.0825613979874297,0.175013616619519,-0.246164352300908,0.0228791118595258,0.173682614622582,0.107950450049297,0.134891049037323,-0.144072544722133,-0.0923143570841671,-0.263701746027876,-0.615337276664155,-0.481613674739546,-0.653078035017924,-0.711565729990733,-0.0753745514230499,0.303367793245579,0.224821516216995,0.232198726722816,0.456956546544798,0.213162533639809,0.203721861234509,0.160600623168288,0.0150816728346964,-0.0247426734525813,-0.542173489991807,-0.226608688299685,0.229773279420317,-0.0701403466247053,0.0744565804895509,-0.293431745599154,0.641183491536715,0.602749772685725,0.284624711618563,0.266374419886916,0.341118623435757,-0.150018722558051,0.780838288100423,0.383234226736587,0.413344442072008,-0.346825674714949,0.212371304567832,-0.347370198974643,-0.267188011617021,0.194847051355404,-0.0427927983946388,0.348478192248108,0.298150851311092,0.610583685945275,0.317848251706527,-0.408742048692734,0.163238647013093,0.338618552127277,-0.0035301929249291,-0.709391133485981,-0.760717729419978,-0.031628026257185,-0.186453965463815,-0.452235825826275,0.0818412326553937,-0.176788543865076,0.0962631370331509,0.328068143220691,-0.0747395289584326,-0.548095043183043,-0.771729422492952,-0.0387776805949843,0.111747692990918,0.16812446656695,-0.098961706440627,-2.65450967081027e-06,0.148537687719323,0.0993995934492032,-0.155167923216855,-0.145871396768695,-0.333263715041609,-0.739175388547693,0.0489217018766061,-0.069125854927869,0.103853059657371,-0.00743178661148297,-0.0705608126632172,0.0538500983373931,-0.40689292149922,0.209310379240252,0.388570858800421,-0.309589642134269,0.466721829610951,0.363238165762461,-0.0808240799888219,0.13817498139372,-0.11748307939635,-0.15821792103779,0.17394483380552,0.131342939604968,0.429639843199267,0.448850293424718,0.275126037776725,0.036015461440447,0.109391921574233,0.194565340911778,0.183130819755805,0.45549640506579,-0.189041348017338,-0.0758950003100401,-0.370489468997596,0.0347394832874249,0.43824801346525,0.417541104384159,0.237485696915111,-0.1634872695012,0.338784475359015,0.301515142706899,0.0937290730196714,-0.456278375712427,-0.496038924444786,-0.218014119457493,0.262513376423629,0.251398909482082,-0.174312515557288,0.275558613878132,0.219883467964014,0.356781810041877,-0.366042848177735,-0.620379067781087,-0.709470682185843,-0.519460593718036,0.245266735875871,0.351817609241334,0.00318887363065522,0.0696417353486,0.272512673483437,0.127760343380791,0.363925502591031,0.114970057311834,-0.752057079688793,-0.240564306934443,-0.426689112122353,-0.186588984205212,0.638989196433326,-0.0391274517496671,0.281089588637954,0.150354489265256,-0.17420675106717,0.0531896745719818,-0.296771608405086,-0.514373620933012,-0.33758991409909,0.40844192222111,0.433212793817512,-0.302468174471435,0.18476691892205,0.268956724525803,0.117506669570042,-0.0030582604338678,-0.00664112515110413,0.0567834077013093,0.419036580553107,0.317253882635508,0.251670175334019,0.691326948224925,0.184232738728224,-0.411165400112005,-0.066093126513678,-0.146964585152419,0.00945644537092999,0.086330306460233,0.74625152425971,0.604980200633805,0.397872330555541,-0.248828532196432,0.660827179954139,0.799216854709834,0.320024235540019,0.688872859902891,-0.0159000960032649,-0.306684776558801,-0.426572255244764,-0.0287551553116361,0.039549391850052,0.217504884615493,0.179127916112157,0.268751863588437
-0.0565107074086662,0.0396797849883339,-0.0563940636584847,-0.0526304330946747,0.0489478515122129,0.0324138781396851,-0.136505788964688,-0.0227846005823157,0.202854171872249,-0.235871603563997,-0.11021241427057,-0.0929703627024241,0.0547212517363198,0.156840706930224,0.240799549972169,-0.108432541076993,-0.011326628198933,-0.102184784931378,0.123612440526631,-0.0884832552592631,0.0193532858709046,-0.00813145949515818,0.0158131697690964,0.0714281214045761,0.0310020718544712,0.204210688947901,0.0727613552930239,0.10731960002344,0.411698147454609,0.028385485516783,0.142849248142665,-0.0838964061383469,-0.083548329751771,0.00626256770885594,-0.0189853099738599,0.0432021207738612,0.352862250173466,0.154650334212865,0.111168626170089,0.323420638715305,-0.0771585583395832,0.157593167406952,-0.129679157526424,0.0130477743188244,0.240256402491396,-0.0329454610182041,0.155856444157234,0.104969603297055,-0.0870010715058085,0.0434440699652808,-0.0434824343221164,0.0382552254880274,-0.0446377315896086,-0.0510989811933585,-0.00712746922835433,0.243300302649633,0.288685804730792,0.116933851969482,-0.106998698743097,0.0817522374006132,0.235779102312251,0.0748348959678545,0.0705804967162758,0.0169966497381824,0.0975973730541583,-0.00684342692462384,0.149448847858781,0.0938511533824106,-0.0217142276490822,-0.147169062599932,0.098135371523321,-0.165165680159196,-0.0547816009075192,-0.0136367819999362,-0.198937366923702,0.0999376458737178,0.130443754439447,-0.0976529417885311,0.158700628321703,0.0154262842865791,-0.0268582357599467,0.144689684060386,-0.00520801598417036,-0.00989989524604481,-0.201836299473377,-0.109228478007758,-0.0523019578608296,-0.050396962206183,0.0573635689002125,-0.0917641579504807,0.112094507225281,-0.0182554452391223,-0.108550237397483,-0.154970626704379,0.0622129322535767,-0.043094931750477,-0.0621631561581962,-0.105553151370883,-0.243791869467859,-0.0157049623889449,0.0761918332091586,-0.0022321197445207,-0.243477531838882,-0.0720072217988797,0.377627654632661,0.126803506098962,0.0994352018158745,0.288036519077294,0.0300111811652071,0.0878518200345593,0.0323500684701502,-0.0519115247745943,0.101272167946444,0.11773196065226,-0.13797414402723,-0.135701534064371,-0.123363664035355,-0.0783761487367077,-0.0545406822923532,-0.106780497704553,-0.163733007452709,-0.159705594376385,0.233530426986903,0.178313340653229,-0.0497053598648536,-0.115068252985528,-0.0433400971078523,-0.115645218874435,0.040732384389398,-0.078002285177415,0.0494442393480876,0.0297292962050389,0.0647379593858863,-0.285082226772412,-0.072456133154009,0.0391168482874698,-0.189433147998446,-0.0265260170150887,0.337913087977226,0.0810052804842255,0.171761979783636,0.338757151825435,0.216992914909411,0.0437831768668508,-0.0762534070341136,0.0585444627565623,-0.0208235786393084,-0.103413684653092,0.0427284307663154,0.173710380736431,0.0540045848624984,-0.0952602119493124,-0.0209856526293228,-0.0383807332885426,-0.0327299245601821,0.0389053858412875,0.075959435631096,0.0472454168571692,-0.000821558595437616,0.0310744019955057,-0.0774257661839424,-0.00314795733759703,0.0859171789996202,-0.0406564556890009,-0.0723234267465903,0.134774466830185,-0.106061603560425,0.172350942144193,-0.026065590449873,-0.252931961370081,-0.199151232520113,-0.201712992656491,-0.293405834373196,-0.300561048340699,-0.465065540339565,-0.0255611867181972,-0.0819413163529669,-0.113188991752128,-0.0216384010073802,-0.10010791716683,-0.02288888911818,-0.212366451905737,0.0135945035341284,0.0856981191970947,-0.00803204956521084,-0.121219360944464,-0.0494987676683514,0.00248840728074948,-0.0237444325606891,-0.0127986400300948,-0.054599931341335,0.10003190640733,0.118134407169833,-0.252917922585525,-0.247094466044306,0.114185997748325,0.181974633778136,0.0408113519537284,-0.150526784715155,0.0479544183006286,0.0160319881235127,-0.0823718118411382,0.0842736562491712,-0.188183421746055,-0.504021377397168,-0.066586557036646,-0.0740512379692792,-0.193767225630254,0.0704998522720004,-0.109307124447394,-0.161590398709334,0.176096069567536,0.278870052235916,0.36714353108064,0.271248156267438,-0.0514470341149965,0.292785193383657,0.02950229024077,0.111051779823935,0.0810511956626494,0.217746257677147,0.185640341935179,-0.0107432754599488,0.384167437131112,0.235366505965227,-0.0690067528653618,0.0564991715178352,-0.0851317853035409,-0.183418134573331,0.0260529442753639,-0.129930395317632,-0.213394904442014,0.0168261019355954,-0.248215099866897,-0.0142608491404454,0.10736879179394,0.102950397305208,0.187573170448395,0.325254238589964,0.185644553679746,0.25599116286136,-0.0135326167305475,-0.070762548898411,-0.0498376962293136,-0.151657903176265,-0.154823249467403,-0.0769185204875447,0.0393684606733193,0.00563722317020784,0.00116607407553366,-0.0141838456926498,-0.244860070154338,-0.249635864663713,0.0683180391194041,-0.168321919631962,-0.0351624032408162,0.110313416355174,0.0105598424662162,0.118279145715589,0.222526516297795,-0.16590252585038,-0.0705892510411421,-0.348909584381292,-0.169747399815255,0.0754373118962239,-0.0950108845354793,-0.0264539176141067,-0.0331323084596652,-0.0345673761208531,0.00477984204304493,0.257127934980132,0.419350224160228,0.0355290874091268,0.224450320753816,-0.0519818374815285,-0.0147355117810394,0.063345902360028,-0.121459693441963,-0.1897071974046,-0.170889721668109,-0.169703645965359,-0.0409978518517798,-0.172764582923775,-0.0118497217532029,0.0685187660720931,-0.0253351559589718,-0.0368100653449997,-0.0352683542545746,0.1569423275652,0.3213269221058,0.138467706147651,-0.0473285127441994,-0.0800366820957365,-0.046704000914325,-0.194921658190415,-0.0137685624002236,0.0586871009063419,-0.138660044475073,-0.0563179554807556,-0.0461622723987785,0.0779755444677758,0.112021700769881,0.148310994097517,0.190636059334333,0.0140178346778111,0.164792305461366,0.221157036868755,0.209883792798373,-0.0280711026202563,0.0293572176695238,0.333256598720547,-0.039721836075497,-0.101088250082479,-0.158324384395144,0.165329262530081,0.199239492201893,0.315049554539516,-0.0418160402528651,-0.177606736356121,0.164673703639629,0.125812271804667,-0.0487101363367712,-0.00323686888440426,-0.323251721669678,-0.311770083261869,-0.174614305672203,0.00974757854146615,0.13975153535183,0.0889347079349117,-0.0132412193296247,0.00822299835476614,0.0759090623115088,-0.116111087869736,0.100879854392119,0.164094897314642,-0.0590801195900503,0.0772536976037941,0.113756483813324,0.0810644169182898,0.0996306674091813,-0.100820970521968,0.057035031680551,0.0518256929867087,0.350709684753344,-0.12802522151055,-0.162768863136069,-0.0103346315016591,0.120625075921781,0.261639036202493,-0.204863266172775,-0.0625536238480846,0.184214067581857,-0.0238700492972923,0.0824106735689681,-0.165796876113976,-0.289359198032941,-0.138142604223521,0.0675873530013978,0.0807666202803938,-0.0315291529495898,-0.0138088052038521,-0.171949506216727,0.232487974201684,0.105570262228065,0.0584305016506584,0.126372563813317,0.169264226791353,0.105376921837669,0.300511196330264,0.0115724900842932,0.0847270965148054,-0.0480933529356151,-0.177154246061102,-0.269356259247246,-0.226970193519833,-0.0603247402300914,-0.0352596052311388,-0.104998246523167,-0.22081514042093,0.108681559178406,0.156645352749151,0.238847847980401,-0.024175217647506,0.237144615434662,0.389466799940648,0.0815231358644924,-0.214869762406983,-0.0283142604782945,0.0451145149627223,-0.0384465191250115,-0.169593233864498,0.129655579455191,-0.00172520080869046,0.338346994927875,0.0444206346869973,0.321533511976266,0.196212499350383,-0.023012369698464,0.198842963188348,0.0380913645635908,0.096291923341554,-0.00499682724173618,-0.0843753881520928,0.19952953522917,0.203435083697112,-0.0404771875408812,-0.0175386297011642,-0.115854940265196,-0.0296676162185383,0.203669763678925,0.315047463358273,0.204719130659668,-0.0725298773148369,-0.0567323103544203,-0.0246589162406932,0.139743275398997,0.0571375252881852,0.112671105572281,0.10229671467963,-0.145439773143864,-0.0829679698128141,-0.0223711959690796,-0.143674320625433,-0.032788158206538,-0.112193784024815,0.0384755917671601,-0.131816863321977,0.0619235144994401,-0.174939346798608,0.0862142890058099,-0.0503003057081426,0.109414257409768,0.199173517912609,0.248230477304496,-0.0305773016807672,-0.137543022614619,0.0811954168077826,-0.0808634234996566,-0.30796705409838,0.391351897714719,0.0979593142489765,-0.00286414143961966,0.0480602548782177,-0.175774867681846,0.0173849746017666,-0.00398735628337413,-0.13685560340654,-0.0394956708615139,-0.0578319091212726,-0.0243594432142597,0.225500268647803,0.252915315506425,0.0554955199569197,-0.00654606290892989,-0.287285921681075,0.0354088667281782,-0.188864430855179,0.0341430551570378,0.115618335412996,0.180099701640672,0.137550178478913,-0.00951140924402918,0.0989386565927585,-0.101349643140681,-0.0814533614487365,-0.215532171316963,-0.0504112879093154,-0.0842700413126043,-0.0508275626624136,0.118855476436764,0.00426282808153747,0.0533442907685645,-0.0226675091931086,0.0740523155207595,-0.287066708552879,0.211138807940919,-0.239390732841722,-0.0391327936369358,-0.0514972349433224,0.0807719638664201,0.143470067178391,-0.110382183068015,0.122078266822099,0.221154015196877,0.04171258350738,0.404530938355513,-0.29251410755404,-0.124224615975962,-0.122420338070942,-0.0467247294646114,-0.0554673706989431,-0.146231205801474,-0.104792985500864,-0.13665990872323,-0.0558256843255277,-0.14541706145972,-0.141901436779275,-0.223718720960336,0.135862497324959,-0.117905657834297,-0.137986316881523,-0.209151483966212,0.0123560581921389,-0.0755080189195251,-0.11960929166149,0.0205904295210383,-0.0288466800062979,-0.2133141498305,-0.0250070395387299,0.264161359854993,0.454539426350717,-0.110304222434691,0.0702968778328686,-0.101488249972218,0.0713982097150167,-0.107428278884551,-0.0691593095824267,0.10792389389852,-0.0367544372334784,0.289451208419164,-0.11364185515945,-0.0525389421226431,0.0442645942871089,-0.0495152172108161,0.0124208095720193,-0.0311611524353043,-0.245722756001229,-0.100722424650204,-0.166759774631611,0.0660910707930885,-0.119515848417602,-0.137683713835269,-0.269232914489469,0.14140044006774,0.0811597274791672,-0.0163089823858353,0.0229162649898587,0.0849717548162295,0.198815648974253,0.178054359939634,0.204636380034692,0.0886570072291444,-0.0828496872740612,0.0748554529619372,0.1704119643354,0.286090790081827,0.0583858083944032,0.205947131078766,-0.146321356937036,0.0404500252698557,0.156313367609836,0.0542960679567516,0.35521174147534,0.153385287213939,0.179616880135735,-0.063203087824328,-0.0710138611803407,-0.252311796586018,-0.0925212825582005,-0.0168758038750631,0.0147418919556704,-0.0727498969264147,0.300875032947311,0.412581610895145,0.118406186784671,0.104602948762008,0.057760757580986,0.00486576890177768,0.0328098079348905,0.0424872819123517,-0.278256256439012,0.077020442791104,-0.138024287534421,-0.00819048743943101,-0.137578368741237,-0.34746017539212,-0.0839551960335421,-0.185953609449434,0.0810600453369001,0.212339400171667,-0.0413840254204985,-0.162717529725629,-0.0624400528403886,-0.146029119592978,-0.160415673594353,0.101488641428272,-0.026951818007847,-0.0851900215908963,0.0941419044834847,0.0130970120235107,0.112244351237681,-0.14578607505987,0.0598387412054936,0.160545330220771,0.127481222934141,0.118960543631298,0.0800420914551192,0.214601876086223,0.139971648402031,-0.0270414693741276,0.010824531846253,-0.112723320411251,-0.158401018734929,-0.0747032421851552,-0.170224976109937,0.0757117567624241,-0.00556729709110727,-0.17788119554063,0.114233627380929,-0.0499559039192932,0.119480742352512,0.267265678930969,-0.150852336370244,-0.0591009292601909,0.126266849967366,0.107886935205119,-0.240212574418785,-0.0717166627903696,-0.196630128999078,-0.143328951038511,-0.228243507832845,0.0821762395202582,-0.239245071912361,-0.222481302179771,-0.212938397791733,0.0845814092044485,-0.141747387843781,-0.0792607346418081,0.0633887889888804,-0.0754136552983473,-0.080718265335817,-0.03997225575031,-0.0710394642591431,-0.233824933450219,-0.137522100260108,0.0774699077175773,0.000501757045737204,-0.193932711200304,-0.0270302555654223,0.202495017005899,0.12999434173109,0.0877438016352893,0.0946190375614331,0.273091255092899,-0.0134867637875498,0.106106667452095,0.00745946650423382,-0.106069490550347,0.0416340765937795,0.077980822410694,0.0900721776755524,0.0858012312400069,-0.132509299722003,-0.143942354158932,0.22291978531283,-0.0441880961366364,-0.134268573947919,-0.162174709703189,-0.16218605632727,0.277089523970669,0.299809265611933,0.30079645386807,0.0925754058429215,-0.00255912516937483,-0.137777441417504,-0.0437298053188877,-0.230074853381394,-0.00601756307286502,0.0194866700160055,-0.0668025338768931,-0.241487672846296,0.0589065101253716,-0.0877586738906148,-0.148167504794112,-0.173417884316764,-0.119200639208037,-0.00826471707114547,-0.0143946714170975,-0.00829051023065402,-0.129775291146121,-0.345247718397503,-0.339357221773595,-0.213686565073767,-0.0515812067447615,0.105871543473034,0.0964122049190595,-0.280507224112225,-0.0836787820193404,0.00947213387899812,-0.0807917069793753,0.184811390538845,-0.150597042334721,-0.2502361033497,-0.138568140728056,-0.220402881118124,0.0637851639164177,0.125801301772874,-0.12319456733914,-0.00214582009605917,0.0279930881356005,0.23933733619285,0.0929937958610425,0.123682403067954,-0.00383832825185407,0.238606412160932,0.0218945958363147,-0.0102988141248885,-0.176291427767475,0.141240066348224,0.236394440256309,0.399521484418096,0.0842102196088775,-0.0440284765189909,-0.328532222241108,-0.0925975205143476,-0.103405335513786,0.0454353276388912,0.0935421315690112,-0.109238493547728,0.0108961953834794,0.428012357545263,0.274393022052503,0.134938119648816,0.0712106119615489,-0.259276850592873,-0.0318255635036165,-0.0821255653881833,-0.0671620962022984,0.240206971547666,0.128058097033119,0.126931079416452,0.0866772907077505,0.169021442949982,-0.242600770661735,-0.0597573447805037,0.127842242427424,-0.0488827918277139,-0.146021069473628,-0.122188595148378,-0.245950872901772,0.0966186881811489,0.0164310568251326,-0.254364927621846,-0.0218210584003726,-0.0665261707990506,-0.109874581575096,0.00998531086838442,0.219072799495121,0.164387188243747,0.184146784086978,-0.0767886610035802,-0.317679407143401,-0.203506349502556,-0.110056691195519,-0.278459012912926,0.0113280694042546,-0.271400523875909,-0.258140674291182,-0.133557609663562,-0.205546841810546,0.00612983175874361,0.253800391024631,0.104017061533447,-0.1952114705172,-0.116447712395319,-0.172151936702924,-0.227091357131372,-0.123215996061074
0.253195172999422,-0.0339691476478514,-0.0233201874219588,-0.0747020730884097,0.103403626317534,0.138248437838787,0.320635462799572,0.0672383295337742,-0.0910868272864597,0.141587102353641,-0.0472750628750478,-0.173429193310647,0.000781657569157976,-0.162379385175423,-0.37633645925127,-0.0784680248774351,0.18178747491998,0.154047319168067,-0.16769684469059,0.0395092284953111,0.137249360646995,0.232809359586058,-0.19796532367594,-0.0551466654748772,-0.0883066856684746,-0.20120066665343,-0.0174428997093974,-0.195476898144446,-0.39813703740855,-0.20656630180605,-0.301346971225611,0.336748476658505,0.263843861341323,-0.0369461243012155,0.0541055883744058,-0.0918860374580661,-0.431960770232973,-0.184346506463878,-0.330326134086855,-0.295234256681616,-0.0669515369838085,-0.2392669529766,0.122578596500714,-0.0657109126733429,-0.250081450462919,0.144660007506873,-0.348010210832792,-0.235631625047943,0.0418191248897406,0.0287652814204264,-0.09475316825272,-0.0779976731817077,0.286893629902578,-0.00700836818010095,-0.0132705798995391,-0.294426164528063,-0.210959734463246,-0.209378190671422,-0.251581307275677,-0.097165228898045,-0.202130541902296,-0.194929981887431,-0.0986709510761977,-0.023032217302817,-0.0731133299701503,-0.267318994691037,0.0613889901243471,-0.0870278955149545,-0.222662800135289,0.126514229038955,-0.0221969630098443,0.159441381159843,-0.0557057531623503,-0.00754357895794923,0.115757917283392,0.00224671072654821,0.216436741517321,0.0207581018696398,-0.158414171176167,0.148030960166298,-0.0414845877678511,-0.170097807242209,-0.0705266862393425,0.0802195789490496,0.0205534019462628,0.00646010042800677,0.366370024107144,-0.0413091516796867,-0.0545413858396791,0.0570998166205002,-0.425728784409385,-0.076542306731203,0.155762346827027,0.297210260838837,-0.100354783154543,0.0720773816918415,0.0059124683434337,0.286544429425442,0.241425180855655,-0.140397894159489,-0.151278042606533,0.0165652436796137,0.0662675217280474,0.080086977276519,-0.244898294635486,-0.321871574491332,-0.143675201473773,-0.231678995612637,0.130147232115471,-0.140513916602227,0.32904124295626,0.288266211297213,0.0482250063427603,0.00323946127860685,-0.120780599146869,0.382745693184081,0.0403284637559831,0.356394292010436,0.137793495778226,0.346359470229091,0.0858056654830481,0.134899653967154,-0.158426138809556,-0.267265158680268,-0.0659041944823479,0.129423283892052,0.0038866651024519,0.1769545901488,0.109199134955292,-0.111788966384035,-0.420515615583316,0.0187323963235312,-0.18538904790942,0.136992107065621,0.0337554050667341,0.167265915596839,0.250098740426477,0.0658820485538437,-0.0173565761432211,-0.179094767818072,-0.294535101913238,-0.341581543817699,-0.326490877516877,0.148182202203622,0.0720702057363495,0.00144427614194154,-0.226687567453441,-0.14042140899923,-0.128050795676123,0.00911020323451769,-0.073316755711538,0.015488546115405,-0.0603952312875885,-0.0724959005197269,0.11512786809208,0.205057407202555,0.0825252848057971,-0.221574701756125,0.0640482969496843,-0.0734362939293164,-0.140914006804279,-0.234878077742362,-0.279334210597634,0.0670583838707197,0.0552229864206695,0.0457495989360223,0.122819109760411,-0.223571791837807,-0.190062813528296,0.135691107272366,-0.0990584566021921,0.186960103533057,-0.0560982254166548,0.0676243480664376,0.223468990267413,-0.00120118673064058,0.197673183043164,0.0330300831595774,-0.00380495916869651,-0.249024214572743,0.0490153640312534,-0.0286673085574858,0.0420673698419414,-0.0968727440445185,-0.00926057991850984,-0.0997702781954202,0.0721570442684311,0.0028760820458777,0.272437144718139,0.0461106431932256,0.160977476848681,0.217485163463,0.0354837384090167,0.265521301894506,-0.0648051688791342,0.153425357505232,-0.13283303350671,-0.109974041705151,0.175226870919213,-0.186635230133627,-0.125312602821764,-0.208615958304537,-0.290934089078689,0.018950448076186,0.152909710800386,-0.0728254197474695,0.387966914233771,0.367307185969242,-0.100295728803201,0.279470860905277,0.189058811338276,-0.176657080294317,-0.274895105587423,-0.158735829375768,-0.264357590209234,-0.0574532116471027,-0.00260163998949147,-0.208528255446207,-0.0011739490358628,0.0781424624309017,-0.212536774605879,-0.143163395722585,-0.0420150260585834,-0.316094986395931,-0.244107657434,-0.0550822029584075,-0.08646858087916,0.110235765173295,0.0986231621743708,-0.181914712348508,0.0116998779099451,0.112077038532892,0.0834030758107317,0.267510562123312,0.18495307806763,-0.233175184409254,-0.0720174122997413,-0.322315477187915,-0.238616149910514,-0.265474755547842,-0.330428684293507,-0.0367757252861164,-0.104257460986338,0.110597739973849,0.247855268122991,0.0188445588643577,0.483349573317555,-0.189426938141734,-0.0810988840945894,-0.178814310570674,-0.0461587530166574,0.267094180440452,0.39377371415933,-0.0509694778981285,0.111796416177514,-0.123698907317879,-0.0705633063044055,-0.270395817853786,-0.160851482004828,-0.0272168091430625,0.207087910347571,-0.0223052890283945,0.286768528363274,-0.0265448855308012,-0.166999791074475,-0.0226976704257781,-0.0392305414718303,-0.108181666947625,-0.118443762101012,-0.0804479307870893,-0.407200944262066,-0.404934935216022,0.0253696999884192,-0.0620837143540573,-0.168368126835422,-0.133653589247879,0.0118467042537136,0.0691423040141192,0.143375881133282,0.365719601569178,0.216886761597135,0.166333809692231,0.179968968646443,0.0219151434727465,-0.0787696295908321,-0.207932884565711,0.0596302656685379,0.264478614738289,-0.0260273561596663,-0.165150638894298,-0.180132517361575,0.237688088335502,0.163476563588688,0.14781265558982,0.137301718422232,-0.0655239897684154,-0.338551260928864,-0.208455450838303,-0.13088038692342,-0.0276737412399471,-0.12374385441514,0.00990801414401742,-0.201449845194648,-0.121405690225575,-0.104598202616776,-0.388326221470112,-0.382719077461689,-0.0479274217502081,0.0214773075818066,-0.0751041222708716,-0.169968182103084,0.0996995796567472,0.0846633682450276,0.0870025487198184,-0.240157790035336,-0.242395349620414,-0.254812876221403,0.0234868865519203,0.0522675183217393,-0.123946383888546,-0.134504680489963,-0.0302541063607827,0.193549953197044,0.478054625344341,0.0555673780516925,0.144042578814975,-0.0328374387863265,0.125272328174466,-0.202141983666238,0.0986390026728669,0.0601336466290751,6.2758063106419e-05,0.162717396833682,0.0426004796729984,-0.123832430616342,0.132734190139251,0.0479488368127601,-0.236428542782946,-0.0379111452850849,0.0674639659833629,0.163698206857988,0.0129309962924146,-0.0384718989057912,-0.246790353102171,-0.121093650556456,0.308267593530198,0.0562303484523447,-0.319924446570555,-0.263775540616297,-0.178959812281765,0.0270932899135795,-0.351953152939273,0.0618827436153226,0.207179318237698,0.171996175269975,0.336985707648888,0.314835780817482,-0.0812332982736805,0.121476353749717,0.0858340009015941,0.0433722184587864,0.186145961107997,-0.24682644034334,-0.137572692568643,-0.0758182801635665,-0.205495062747739,-0.194931814063685,-0.282614965754903,-0.129488649774986,0.0546168623087695,0.147295353839321,-0.191604216036331,-0.125396529787028,0.0737181492325321,0.116812616070393,-0.0113574895778454,0.039903753115954,0.350356055207091,0.230982066683578,0.0725954432431238,0.0386174929878567,-0.202320702658851,-0.0652852943883807,-0.374567635351679,-0.096314009952079,-0.0610489231145101,0.158068581560765,-0.135371244168664,-0.16437782276572,-0.209041971269525,-0.196614914869635,-0.114223529953453,-0.0936111032167773,-0.157395100441685,-0.109352535265649,-0.192719046454967,-0.342311521742744,-0.124604231085333,0.0860178417285344,-0.0603447003728373,-0.278000024413063,-0.301667736213478,0.114064841712097,-0.229007180891576,-0.296757827026132,-0.0891796718407182,0.244712012492293,0.241597014797404,-0.103712822832996,-0.159275708011442,-0.32640958543504,-0.187689340176894,0.0263008411203668,0.131189094868381,-0.0334391721382142,-0.179011215607879,-0.103167078350099,-0.0980212637726858,0.0102640536378023,0.200388531838125,0.0488457056939926,-0.0183600260922403,0.178818381183456,-0.200661639828939,0.0226564283471216,0.108778335655087,0.135258654920465,-0.0155706480776883,0.262907864236457,0.100046867464361,0.247131424686555,0.0209975333220949,-0.138938764564855,-0.0533171174066313,-0.00838016612471804,-0.0650707969700686,0.00744297763611484,0.0274445090481776,0.00344074333714334,-0.355201687448694,-0.158832422911874,-0.183370798590189,-0.284498638901516,-0.0756390383301251,-0.0454688992505122,0.302020115782726,-0.0104382157732558,0.086965084170693,-0.0885691595606065,-0.0063380376571449,-0.274336254916495,-0.0763199039474485,-0.175574437224696,0.121944769831598,-0.0514602511139886,0.178960549606333,0.254537149586098,0.246361177440812,-0.114259463693351,-0.244990869836129,-0.120437616580913,0.079405185104506,-0.0640717650004053,0.0525248825441997,0.0978177937306679,0.0714360850127438,0.0771827777871892,-0.00980497528525763,-0.280873397792784,-0.0826753604330941,-0.160671413737459,-0.053771371659057,0.107699332425992,-0.0812733037506649,0.156037816042033,-0.167838353304187,0.17621564773657,0.129805537138126,0.134621722745673,0.187908491790871,-0.211514807892718,0.0608297328348183,-0.087531991661226,-0.185912153738047,-0.0318320458206638,-0.391052181934762,0.338358789483681,0.123920107268613,0.231319168514625,0.0266007249034155,0.243034858487613,0.114360290125595,0.252523659165924,0.14682620688581,-0.0549459979716056,0.235491601156664,0.104251173239433,0.143979508850551,-0.153122581828438,0.144351891429196,0.111839825606874,0.207585398736916,-0.053196729803263,0.00442071294213373,0.172129771175421,0.150449160577976,-0.264557786870028,0.111448987184797,0.127957130993867,-0.144085027339936,-0.127191040296024,-0.00498451496979465,-0.271321904895729,-0.0414103145180707,-0.108221895673502,-0.127222602012379,0.012619870494848,0.0136088822305866,-0.0182368063240468,-0.0132696491183462,0.000628565238450757,-0.0373084546527897,-0.153726014476942,-0.0910045181382305,0.06960534415227,-0.0556460499924018,0.394544946584288,0.0780640168886729,0.0357046482666869,0.0415789736757519,-0.00303812379381095,0.340412688268079,0.0989876768830196,-0.191858059475839,-0.0583078634390581,0.032683813360218,-0.123917825056937,0.06945964926231,-0.165557996385518,-0.120586109459863,-0.148025550290635,-0.0116652772350016,0.160869537413604,-0.0183429178615237,0.112050757343711,-0.217724199492482,-0.37432472945434,-0.197484425843406,0.212700199977711,-0.134224358054839,-0.105545857210695,-0.276960016021932,-0.171364954096541,-0.0691646438759612,-0.129689493523947,-0.0484404010461913,-0.0326674699002074,0.152649248840088,0.167724301623232,0.088620271088252,-0.0735751342381322,-0.080649084647057,0.0904310139422543,-0.465435903445515,-0.494219795612747,-0.217390001596272,-0.119228660285036,0.0345972258015249,0.21573326412551,0.0376484573183841,0.00426028101792062,0.161827312451758,-0.0435269472891961,-0.0634257592441863,-0.149456603875711,0.25686436555703,0.191981596034216,0.148616528429537,-0.0458138348951513,-0.215098057184951,-0.0325701335076615,0.0768877243488616,0.220126568681974,0.0147029357801153,-0.134409555097261,-0.100541655076864,-0.0794621057453899,0.185110238069751,0.0361359706699083,0.0619411228973033,-0.0811699203484782,-0.0414288846356879,0.0962522727891214,-0.0131035412215645,-0.109434520363454,-0.0862104133297197,-0.123769682325792,-0.176885575010805,-0.0509782402142064,-0.224648552314889,-0.128718841389064,0.12050743220012,0.202803750175934,0.0906411894244547,0.193334611345976,0.136793684632742,0.0470213053919112,0.0890848785739534,0.127100147727539,-0.105106647346582,-0.433791720850546,-0.139331307144524,0.104162516658042,-0.128155940662552,-0.0237039434584833,-0.110570224538868,0.198510540291711,0.188880262711131,0.0865685459008381,0.13089313027403,0.0922859223227908,-0.190622829513219,0.229491470148504,0.055494183944915,0.0661139709345531,-0.187996163552141,0.05795404441135,-0.0920112147232166,-0.0427004887814038,-0.029910655863015,0.0917115322633238,0.18626779330862,0.37438885536375,0.301547611061274,0.0584902222315237,0.123206494177228,-0.0654874488665557,0.146302262413945,0.03626165176532,-0.212132705911518,-0.346227091401138,0.140596654185461,-0.0857126441973434,-0.205263264900382,0.140381058416475,-0.124324709102119,0.0604436818120868,0.000706163281567126,0.148478862337609,-0.356522130017064,-0.224363931732729,-0.047958665175147,0.042871753198981,0.187985684479902,-0.0513580095873528,0.0673879813173502,0.025609512487334,-0.178573566290088,-0.0280142169110451,-0.289571705384153,0.0439849617596828,-0.526508828288882,0.188417433040463,0.109598721775791,0.192600631651855,-0.0599174215360011,0.206600788177615,-0.163138984930523,-0.260436546616534,0.228732744966877,0.170979452157362,-0.0610031417407649,0.313443955345791,0.105077941926958,-0.164961176844856,0.0391645577637692,-0.032160877642846,0.0113670664634033,0.150029075372958,0.332219838204776,0.268812093239183,0.170689616234971,0.318560733742021,0.0217971200985001,0.0710188290522707,0.0740978635346849,-0.064434648157772,0.10905981920148,0.00583779554556945,0.0392002097026646,-0.132622943514022,-0.0266089890086066,0.0363256636742634,0.100008665113733,-0.039311136178601,-0.16739886236791,0.184635560479561,0.221848999211242,0.208429547597508,-0.255618633832587,-0.15168653158434,-0.195921070498459,0.225752811864383,0.0326033070060788,-0.0521350379629905,-0.00080180402223437,0.240841735170936,0.232818192886224,-0.116658707625116,-0.352511407706827,-0.11846619143442,-0.111350802873412,0.156227838376783,0.125562673409633,-0.0219413222729523,-0.158126308167913,-0.223474972505671,0.0731770308837448,0.183076321557352,0.0813050711870338,-0.0756043885869098,-0.0525218767096496,-0.105292983492316,-0.159070223083034,0.408566211146149,0.0698710389693243,-0.0722113520399633,0.0494757991015522,-0.0674426372214946,0.0836192533193891,-0.165598623325305,-0.234782237578281,-0.0809100118915558,0.101607626312627,0.103196028072758,-0.0769632431285411,0.222205504351844,0.00533693084375186,0.0627379040167159,-0.0104295715648854,-0.0170520966325673,0.0183610736607852,0.00438033993550699,0.223511552087667,-0.0665283479292547,0.168757314776416,0.12129864229092,-0.369955443557592,-0.0732074788738756,0.0780303722940165,0.237347216836826,0.0731055899934719,0.36643750941006,0.354624483273824,0.402212679492649,-0.178385949256065,0.303701769042465,0.232836746740513,0.014003560518244,0.128347853518217,-0.0639482534339259,-0.124109418434753,-0.045723169500908,0.0993904966615532,0.121220373928431,0.167396554342703,0.0471390932144143,0.0183697625290769
-0.340839524527131,-0.17371652260644,-0.0383848806600925,0.201220976343506,-0.0875486736667805,-0.207217107760376,-0.365866860379045,0.0271339423482551,0.236218699500827,-0.251987937360448,-0.0401950399296515,-0.129118562908763,0.25847607880508,0.114154689034409,0.0549960525470415,0.378606652624763,-0.19726716033763,0.0637087179507997,0.490567810428937,0.0414806648464364,-0.0897190102085716,-0.00838262761490387,0.0716135071470493,0.0217678993592598,0.399067211657915,0.447282982734319,0.0573507114361664,0.129137563179603,0.585074157478202,0.285438673667747,0.508686317289407,-0.669042840380243,-0.390478825646879,0.0631768969633743,0.0200851807525948,0.301928835518528,0.56909788660302,0.394562522650365,0.468760093190788,0.354376431765059,0.0771610887297192,0.263033460220342,-0.344273785779444,0.0244465965224476,0.424119149663105,0.273788607261139,0.626638143733535,0.245236617906994,-0.144792210042837,-0.124621452487413,0.147546954616756,-0.208965933593594,-0.0165531753243671,0.149244025024027,0.373837331782781,0.391724348403315,0.24796315307322,0.583390747230172,0.134204372519625,0.218043558165401,0.674485109137504,0.0658169983384118,0.248898588583217,0.00622343974109905,0.121583471676302,0.46565437543288,-0.0226606493435738,0.199382592440017,-0.00152769474917926,-0.0193074201877541,0.138967272771908,-0.117136123407585,0.303064832998877,-0.157815760270302,-0.21837834262896,0.0461381707860517,-0.174526505868127,-0.199621426479104,0.210059006323428,-0.0414829893924486,0.0930117996208563,0.112241639871017,0.2870266419083,-0.0807321737490139,-0.309570606698085,0.0431965693373857,-0.232851410856609,-0.10251154330752,0.0410427887906416,-0.0552403037195622,0.578487604878917,0.221114867674192,-0.0524510491196814,-0.524803384760476,0.182388661809822,-0.194119253043996,-0.07918338760069,-0.43832540065808,-0.213243482053685,0.147012442752964,0.0529890319280777,0.0626587398792747,-0.360314576888271,-0.242669347026205,0.0274268644468896,0.221532604754902,0.304296050774981,0.568027369095369,0.188813503169139,0.261753850717465,-0.273321942776847,-0.331795016491435,0.00837890505462754,0.262715750502365,-0.0427004746079534,-0.379848845790487,-0.374044117906021,-0.0861273713507051,-0.179537977222313,-0.529909607190391,-0.489809574446192,-0.00750093824574784,0.00326844404657373,0.358788268159795,0.158579105517337,-0.259142412432025,-0.000546291543653587,-0.403097321273655,-0.145828751003055,0.056692953857364,0.446906167711686,-0.0587995968083458,0.116801990720618,-0.212957774027574,0.0168065005421408,-0.0503318466930241,-0.184186247224951,-0.0043902648617731,0.330878322524214,0.234645883740016,0.132029838381173,0.58199814936242,0.524739061550936,0.0296270173816133,-0.0583316442557456,0.145071089387837,0.260840638945228,0.242315311776749,0.130545424433346,0.228069643075926,0.184213487296034,-0.0279726246509872,0.11719797873384,0.0532636107618576,-0.0402770205773175,-0.342167478429641,-0.0583947598646889,0.0379786509500818,-0.190561202194637,0.178587303734844,-0.144405024973245,0.339953638108271,0.29727144216233,0.024879249069793,-0.131933182149171,0.0401973513688941,0.026953884929595,0.31399357677983,-0.0943590048335995,-0.427728360211452,-0.100033087802009,-0.574665540172021,-0.230394620955023,-0.492554912693884,-0.412363611794839,0.252565239464643,0.0901104699352738,-0.0562144642432005,0.0187889836770534,0.0649100964122966,-0.156946647644522,-0.273311099238291,-0.17645025005462,0.0256492075568137,-0.192187201200009,0.0280386780523494,0.131941705267321,-0.0402551851323979,-0.629692956848028,-0.310026942039349,-0.337830241486337,0.0529592562789418,0.0972266622354903,-0.426423129602261,-0.251019793066471,0.273420316945364,-0.245302327231232,-0.00230967814660592,-0.110288867436502,0.053777990799083,0.069548689154194,0.00330317747518886,0.199787216775003,-0.044295839511061,-0.476140806655257,-0.454584163446025,-0.260784971104385,-0.335167557738781,0.0420154192079512,0.0794317896050939,-0.126317885525385,0.497639008865587,0.764263905991695,0.319103747864679,0.169597889458022,-0.0382695811909079,-0.0323105923966828,0.194478177564798,-0.055273599903508,-0.10574293246318,0.114225141894953,0.0401820080197015,-0.0963213637394744,0.395453035058615,0.711816930081779,0.099849341346705,0.17758766282803,-0.458492332756711,-0.0236197062375875,0.00781299708361177,-0.146745407624799,-0.0539293787627865,-0.0462866837088621,-0.545620874391542,-0.156474590270089,0.0712547447208157,-0.00521699156567598,0.401013955307964,0.742534130058524,0.436310448875396,0.267761729703748,0.267953032173674,0.0726456501787858,-0.339686946205439,-0.346773431967897,-0.0219355150667753,-0.612719187018979,0.111113597106681,0.0882014334073519,0.0686369359082006,0.0665830909684541,-0.420636658669416,-0.334401991836092,0.0497512361331739,-0.03767846080642,0.407688997073589,0.17466710594152,0.234541219583771,0.542307280196586,0.449273039387051,-0.119581837347662,-0.018486008642811,-0.354615573951039,-0.119044407127006,0.0596347259663663,0.165078621689561,-0.125968490266553,-0.140889437261763,0.302908994920661,0.0845093102228858,0.753472656173147,0.621218329801954,0.324798106838344,0.313714329987357,0.114128366035484,-0.0169111472856926,0.0101794105166106,-0.257264557260702,-0.107705701854687,-0.390475301734582,-0.247842908074026,-0.0749366247200595,-0.013179476214382,0.232425359988288,0.132122792269788,-0.0213420317814397,-0.164196137857746,-0.0583772062371966,0.321571760123366,0.511433850322882,0.551399334134119,-0.269656977722176,-0.387841321584229,-0.32250274077141,-0.273934538652297,0.189744303009166,0.292481207739682,0.224208375059817,0.0405420537149256,-0.0714982085352269,0.269448902385268,-0.0958522755648252,0.395749773040897,0.461260318551902,0.28697275923183,0.351241743450869,0.374119421100173,0.364419237817545,-0.103391982353381,0.226551588571641,0.135242489288829,0.0287248833065675,-0.119384409116685,-0.197867928291149,0.34317346922199,0.0708067332934072,0.185446388652676,-0.0310554638367689,0.176365115767575,0.134033855624671,0.148051386603784,-0.0493661391893524,-0.364253331484771,-0.606118122894248,-0.439832285827956,-0.137332309979549,-0.116555782500368,0.0442206468312666,-0.100429294578479,-0.232982208130194,-0.207796589536135,0.298023635892282,-0.215181181236302,0.20339225409701,0.306795545325942,0.0020871689113301,0.384895264235319,0.373104802545864,0.0697595787209638,-0.114467592942275,-0.162812972715114,-0.182574595153324,0.243408479908054,0.263778686723876,-0.214113842504715,-0.113036564471916,0.10444520631185,0.216718774257333,0.259613931838397,-0.350048572677546,-0.0809038865246333,0.359081685384883,-0.0074301766327131,-0.356106327856857,-0.409341885028024,-0.411974023381931,-0.54075291559722,0.0720030273708232,-0.19943325111134,0.0822487034365103,-0.397962629212344,0.0189763574996506,0.502464638307863,0.137146278264832,-0.15191108558377,0.368920249535628,0.471483121110635,0.483533139259688,0.324623213944588,-0.169231568570179,0.0672913488995373,0.259085156891359,-0.0443774602506442,-0.33324836537874,-0.158060717430298,0.145355822978777,0.159404388671381,-0.218398660923946,-0.174944456762766,0.377706025722389,0.306141908668226,0.32376080416532,0.177563258606107,0.616528366954214,0.42057656056677,-0.106145178774329,0.11183869262396,0.254555605718576,0.132014731335099,-0.11043576601226,0.0671589549390671,0.321452292788758,0.137967262845042,0.355137547913287,-0.0448415091716758,0.581387990386979,0.294195255216001,-0.0685522758522024,-0.220348941256483,-0.080772338014461,0.345851233332127,0.155850248694867,-0.180012578854778,0.237212560821085,0.332082504895402,-0.00604633883025785,-0.0837946477608074,-0.0938127269084919,-0.254827926254623,0.442241921043693,0.575515657561698,0.429515930493965,0.179915938776308,-0.135380202317021,0.115100217333331,0.0762406832077003,-0.0618837795964401,0.162611250803395,-0.0234089577059284,0.0375994836357742,-0.19762083599191,0.00501008191207354,-0.493120364495051,0.169043814003919,-0.101396100800283,-0.167237801209825,-0.20957622127123,-0.24126416784939,-0.511571602003554,-0.00569486688497853,-0.296087113987873,-0.136186119738339,0.164058393275143,0.00301958332236722,0.11626165259979,0.105795070635032,0.355131601922746,0.0693078692781767,0.0554257696562229,0.359319071745962,-0.118646141781416,0.179019646750889,0.353961950180104,0.147998122682518,0.0106830078857699,-0.317610724412423,-0.114671787832254,0.101326131966254,0.0130326228124736,-0.220033095157043,0.437015659886258,0.149625853089492,0.278330070821822,-0.0770879236714479,0.000969863889172057,-0.308623317003545,-0.424267056208324,0.00414467143369775,0.0398855392699748,0.367831115811893,0.132036066213955,-0.00258344312802503,0.193332276504098,-0.0536428740422405,-0.114281328572006,-0.385766257338922,-0.0783866163117874,0.183142667755992,0.372849021705121,0.241216246721468,0.336217986496561,0.150954615033422,0.141108627101579,-0.0717227746360262,-0.202118886672801,0.27735849418044,-0.151259605801749,-0.0737162849398162,-0.131181472452721,-0.231298849825837,0.454437960585682,-0.00871082839915298,0.318070957287895,0.147920265701993,0.143069202109143,0.709906302647006,-0.581660709558474,-0.0824770187207894,-0.117594771485114,0.00504947151221083,-0.211109807036658,-0.468861566773052,0.0553648545203622,-0.218915824164817,-0.0910614510653442,-0.208088174721393,-0.243568916345259,-0.271655228794582,0.122504521660291,-0.120992502053872,-0.0828128571887186,-0.540440400615643,0.307483207594974,0.0272586669265364,-0.276045671569787,-0.0054543012015546,0.261405867142641,-0.270936171030918,0.104169468997815,0.451191121363907,0.352136001192903,-0.13642212550038,0.41120216706859,-0.0678601564871072,0.216316994612747,-0.0893986214724657,0.0492785364470744,0.151686697567052,-0.32693600118338,-0.0136940246875414,-0.250686602275652,0.00599310548275368,0.300647343808738,0.374292733629699,0.281028446000754,0.0311702311986609,-0.154661640810637,-0.0412737184710762,-0.099754595561893,-0.0400199175842218,0.171805703929835,-0.789350334185898,-0.157741047920082,0.252712252361017,0.180395619963788,-0.110142816387396,0.0292722191695572,-0.241608297782178,0.373388320259838,0.459585614229459,0.451607895099094,0.276867413280634,-0.263465279223491,-0.0929524893004985,0.0788104074113034,0.217173148814225,0.271514695133552,0.486292526544351,-0.290238117671092,0.192476187650887,0.298735949509095,0.342139854905178,0.358660504288655,0.190401808073072,0.528577104590682,0.122283081995734,-0.0190988456282965,-0.268919757941324,-0.362573907839175,0.0762589175952422,0.0801105039141913,0.0310590281921115,0.126282183633563,0.835634491177865,0.462904631541652,0.0394425573260056,-0.0393584666433242,0.130314935412666,-0.209200180030998,0.0379965643897659,-0.116116295894416,0.268845654277607,-0.276521302770951,-0.0203305362152044,0.118642840945651,-0.489160441155179,-0.363759385043767,-0.184814109561741,0.125983315577287,0.249882328481311,-0.0438729858959575,-0.33473885319191,-0.382405941078739,-0.114684588103294,-0.0555949312082162,0.0802883447937732,-0.0149065500740888,-0.0551923381135317,0.0574599880134394,0.0643719824134287,0.0318090844086899,-0.0157986037661225,0.0683067673723949,0.185098510207715,-0.0535407751487819,0.133860731173067,0.55412974671945,0.315125209197368,0.469535663448938,0.365116256803262,0.0536197790205989,-0.30163973964837,-0.292322247568816,-0.217526367099998,-0.406292199350002,-0.318740318647752,-0.0608500565386242,-0.0553973664458104,-0.149195564245472,0.0807797764572187,0.361782596924556,0.248133229337391,-0.235940569695411,-0.139887884764579,0.044528007760724,0.17849883352507,-0.658547801681901,-0.449189727923901,-0.224175223440039,-0.177964427884998,-0.143556443191279,0.00838925573930648,-0.652341905699986,-0.153287634178936,-0.304314609095975,0.234636947507606,-0.231349932440713,0.202760436954734,0.323960911342652,0.152595252361711,-0.130705059127256,-0.212681813332773,-0.301060772379496,-0.570879081742425,-0.315926809816132,0.242463521936458,0.0710782922915193,-0.225136669900204,-0.200505593095148,0.6277490522207,0.454411066531656,0.00183346079620758,0.293485922440562,0.396855004545559,0.0205403438923537,0.162077357249147,-0.115387023163451,-0.196845319580309,-0.216902675202566,0.46480138002908,0.427104282128558,-0.0016220889518775,-0.126214838957685,-0.0293328819421733,0.16020076228351,0.0412757043066532,0.120874788787302,-0.129192319582725,0.247475181232021,0.305102528268951,0.166175624332938,0.734654958017089,0.0125721170488055,0.0967333390556914,-0.105166501752929,-0.0298449169536519,-0.197160323513841,0.0379861096145852,0.0728010970606777,-0.0863552882632255,-0.319141254186739,0.239612743120669,-0.204912868496592,-0.245758519988469,0.0938364547290047,-0.0626823961919469,0.00538008389675908,0.235346671484527,-0.207850773347381,-0.00315598838694589,-0.63788816413799,-0.390274325231338,-0.365513603289863,0.0709870802821441,0.102685995961975,0.179815891897384,-0.222161929351352,-0.414496621828033,-0.00263087526828742,0.0612022834351653,0.0793220618755332,-0.0618305309037973,-0.0359913178805334,-0.579095847612902,-0.312571987131806,0.316334479794668,-0.116973701580919,-0.249528824691892,-0.202478389583108,0.355417648193415,0.466023283962876,0.3253935225166,-0.138389051479253,-0.329248951577171,0.201722840362082,-0.19153226158606,0.0665658564464951,-0.138720469562089,0.184725588530849,0.659603594091818,0.506036981060529,0.230084187856999,-0.155235794517097,-0.324392929809067,-0.0962789795108918,0.0507534928390073,-0.155866064468029,-0.231290431033255,-0.0829549838848777,0.0450393666888808,0.58474195088478,0.367524421604989,0.36815438528765,0.0289569267352053,-0.447933199888082,-0.0239102525908598,0.109755388951844,-0.105128260249483,0.340374673823651,-0.0205545408592256,0.271922496166385,0.366397770237015,0.346270414422915,-0.315733036721505,-0.271019949476004,0.0198887425311037,-0.254705975669244,-0.257739077999912,0.0970986985835951,-0.165893214355734,0.153836341231293,0.0173861115635831,-0.232634370233267,-0.149104840492705,-0.151428663115775,-0.473105061654673,0.00224407691408533,0.235845732574206,0.22666407841023,0.227727073177255,-0.0702588353785997,-0.197219786500919,-0.655262737733242,-0.484882167246195,-0.481929570040348,0.0826408951014321,-0.501447558184606,-0.486858051816005,-0.215570623807718,-0.466238915017628,0.240170229816231,0.0900981533046603,0.2549584076396,-0.012937667978187,-0.049219067564903,-0.147122180218761,-0.0324790771845964,0.0974876064868748
-0.322322358285214,-0.0259401885087105,-0.171649826374926,0.133500232017947,-0.203673429710142,0.0274978845821241,-0.25710084504802,-0.0721262595793132,0.124049148498753,-0.0897883113755996,-0.10440365366342,-0.0857352434413256,0.141012070851075,0.077646053092024,0.521873793923768,0.294275184268759,-0.211880687806184,-0.0581857117513025,0.30196471568231,-0.036398481637977,-0.222404141713786,-0.0540003988475833,0.0937775095084185,0.101469912692809,0.487864633930994,0.422648556136479,0.0512275721408591,0.378724706111264,0.680105277818807,0.166772035251693,0.335211707164629,-0.414200890096032,0.00231636239132288,-0.0526969037989206,0.153007659697716,0.192919184243551,0.65988364029462,0.309255490761299,0.320166480923397,0.315153917544976,0.106024113148116,0.260586844637133,-0.228045896648569,-0.167325160846472,0.299800065934266,-0.0236441962093183,0.439199932903673,0.224133692536356,-0.0727741022615373,-0.287596852816572,0.423132436480746,-0.110338703095015,-0.00877001395575586,-0.0179711218552991,0.146098343642494,0.429818978582722,0.343091633495579,0.528799448039403,0.197874438162229,0.379652555061405,0.651290034677604,0.323290546780423,0.0868681078000999,-0.0404904671979322,0.138370315746283,0.487398709941191,0.117008353280272,-0.0335863067208541,0.0502334697072212,-0.0784637872462119,0.0487865303385605,-0.273276440431113,0.389354222588072,0.245809129975055,-0.0761082335650694,0.0823224353603123,0.000258116097627353,-0.292955710387056,0.0289904097049039,0.131035876822164,0.0838458625471395,0.25625958298371,0.0657121776527648,-0.0599270512706409,-0.119473263924379,-0.191291791976715,-0.267363545323588,0.0300158322126602,0.167066764673792,-0.057618902901665,0.502603927956542,0.176108019524113,-0.138474291690842,-0.216152871471496,0.116221918082368,-0.118980343671429,0.00254581640532676,-0.589521829020434,-0.253747957924614,0.0038464266147635,0.064917616047541,0.0175553198429152,-0.218675493137225,-0.187919329397704,-0.109083182228901,0.26011002349424,0.403396164605245,0.432294143613821,0.24053088028263,0.209563318542452,-0.21279530323581,-0.346596993845195,0.108096139948144,0.256764426644195,-0.00807977918508243,-0.357471927977456,-0.29155075049441,-0.114910422888275,-0.138464739271401,-0.3697018118389,-0.596423137896683,0.0446654009535794,0.321925152367405,0.359856775420223,0.219567647157584,-0.271995593813794,0.118205560849579,-0.257545426965473,-0.273743400252658,0.097266548104745,0.535247964778165,0.0975257831151215,-0.045895826802575,-0.240024783988257,-0.213668071878867,-0.170642541991221,-0.317996236482515,-0.0806847246077249,0.0927240337904276,0.157110182923753,0.238247726552534,0.467218194278709,0.467539961567798,0.0409984081135797,-0.224853147835812,0.233005963046678,0.18085651980314,0.054238660246799,0.277121160526882,0.256658502597221,0.105453356142779,0.109156162650231,0.319366572534299,-0.0672353704815121,0.0752341259160496,-0.286916583669005,-0.117086392506345,0.0420756248169305,-0.262148005220298,0.244735577090496,0.066790247843409,0.189223537045889,0.405639200049313,0.0704225596838911,0.0572859386724767,-0.00137917465661032,0.0720150717767258,0.48272944990207,0.226699613198164,-0.197055647085247,-0.238492230844775,-0.536386711302315,-0.341394534272462,-0.371735167654296,-0.468022852769897,-0.0345162673685524,-0.025657613795269,0.136570573500957,0.174098294642926,0.0743261735179568,-0.21669323006589,-0.343930479161162,0.0656160433573796,0.110421221712367,-0.10010196418849,-0.0938236048655382,-0.141335018581036,0.0684708222701661,-0.463535423616051,-0.392990496830573,-0.316859143764177,0.141780566422274,0.182320144828329,-0.41780488057526,-0.489831849272387,0.142155695052016,0.0328387119791392,-0.121061505488169,-0.121928966555057,0.200415306003774,0.185614008721181,-0.0791110457796228,0.190501075809217,0.116858831854908,-0.428644372521019,-0.226616032292695,-0.341201347313397,-0.611257446570657,0.0310957495473493,-0.0441781969890671,0.0450634495693792,0.442606584067696,0.597044412743001,0.455162506884626,0.542380277976681,0.11212954365787,0.00845651222600897,0.408959871629317,0.0562603891657655,0.0932013977727455,0.24873096222908,0.131334136736691,0.138119869745048,0.452543889816048,0.445506173779967,0.01590261853368,0.165078206665057,-0.273096217129849,0.225821106188028,-0.001528625416861,-0.0481093508866024,-0.184078836680379,0.0663325326941845,-0.584417967472769,-0.343436640147517,0.094613365867347,-0.0375420128003574,0.341165788166004,0.630823181112673,0.441097464816485,0.168033882960639,0.13841255255912,0.221804978992264,-0.169430505223297,-0.181261077668553,0.00600508266943348,-0.633718012356515,0.0932579370600682,0.133978126792136,0.162326593416501,0.0473011886814104,-0.305758349888985,-0.0745367002856919,0.116078910507234,-0.0991838749978916,0.285936373589012,0.125499305148804,0.209000256968189,0.43936568639037,0.225523617605626,-0.118705100069994,-0.0452339232864963,-0.475005233101429,-0.292236328737968,-0.0120129872020644,-0.0560034857711757,-0.113611288776562,-0.165553543721232,0.300687289148562,-0.00684100519162884,0.641080389861936,0.652070200388225,0.318530068007315,0.41084572779492,0.14522654869527,0.155860885279221,-0.00101372843076392,-0.508952077319935,-0.218664693272621,-0.498102136704625,-0.444156094606766,-0.218119858589674,-0.308302712773896,0.270974241197664,0.279955979662503,-0.000854184313335065,-0.353952264611963,-0.104949249473787,0.199170923830425,0.304691317997801,0.45373707834683,-0.288963299735041,-0.371500623638678,-0.198172941922845,-0.219550132480884,-0.0652718385381083,0.387016318438395,0.198853162645373,0.0931895487631747,-0.23518671418045,0.137325317080605,0.0275190873006134,0.398655866340595,0.441754307749899,0.128397074765671,0.63454117194882,0.353231990714412,0.396210295936662,-0.0973284624847841,0.244255025488137,0.163938131291047,0.0110983577246089,-0.119832677909728,-0.279388180410736,0.3738770635772,0.201884357746398,0.14819545846154,0.156753231291761,0.209020434943805,0.161949541167181,-0.0101354615872641,-0.0497220611738736,-0.203883914004001,-0.65696973328338,-0.433787659375336,-0.306397912883945,0.0589333013493153,-0.156395850837709,-0.0810446756627899,0.0142423056532531,-0.0981222257027617,0.136894053331275,-0.33379863806904,-0.0336395697681509,0.0208569058674217,-0.135310822075348,0.324106192917995,0.336897420441381,0.0804099444819447,-0.178508674758111,-0.27205226659699,-0.0465012457734087,0.100996975011787,0.251569293335998,0.0321477421977214,-0.149115964383571,-0.00746140581509901,0.190475995688605,0.442595148089865,-0.212777931520655,0.110161350946246,0.285437896744412,-0.192730406917741,-0.07643581935626,-0.416365147545772,-0.569479513820645,-0.718290283684068,0.103540061930793,-0.0276530973763258,-0.0756973476590667,-0.152519432907933,-0.207056427698734,0.453775936584714,0.338842173571971,-0.0061427105665591,0.390903781074943,0.285491532212214,0.303063585591373,0.0984654770294998,-0.00250752221847317,-0.120186770198705,0.417506375355304,0.141493205946905,-0.435894827671806,-0.225452168983472,-0.0845138762821327,0.115214739082678,-0.256290082093264,-0.138156169752164,0.252658767210902,-0.0196793983705275,0.235949764394342,0.234517063274924,0.637181520754224,0.614114596915376,-0.0176860995115959,-0.0379359125869096,0.13715097714355,-0.0772125244801515,-0.0826043283849621,-0.0398198101505183,0.496595597322382,0.219837842344379,0.44960783129207,0.135841457977015,0.582773844858644,0.48872736207915,0.295549014047198,-0.296158807806593,-0.0790698162181278,0.228368796964832,0.126988483539062,0.135372028781162,0.0694305017828377,0.317079351623165,0.0657560050129581,-0.328886203340131,-0.140514760503755,0.0306606784750475,0.250815126186861,0.562794232556752,0.492723934034233,0.151707285566854,-0.210313859515183,0.281951124815092,0.0635729180794987,0.13201869053867,0.255716795517727,0.137014334445534,0.217404482747688,-0.290596864922805,-0.0923650652149724,-0.546625258777378,0.133375640672542,0.0369311654725702,-0.271629394414909,-0.140033051661399,-0.0313067151026662,-0.340562318746063,0.0457878942594883,-0.438192868902199,-0.0908899565786657,-0.0946781178741994,0.235442235006637,0.0596044582532205,0.188765911669728,0.0395608907471733,-0.0470474404256582,-0.0281651603528632,0.540312251984797,0.157953786208637,0.274594239545492,0.107061104046865,0.245080961561374,-0.194158667900479,-0.414576360887628,-0.0823920463818699,0.0185567897655621,-0.0535513274840848,-0.283456845082164,0.405559903381015,0.166993326503328,0.307774868066317,-0.0148454731678909,-0.337498251013026,-0.374931494261398,-0.393777122409969,-0.137426916159597,0.015521349868239,0.136171995871755,0.0960574282303058,-0.166218867472608,0.470677215744501,-0.200553641051197,-0.392727141743397,-0.442701720060511,-0.0620830267492431,-0.106021833770179,0.301237315335047,0.280080026955721,0.00233094510214132,0.0684530553910281,0.209147379863628,-0.114900730332475,-0.205839957646227,0.0525329308311701,-0.11350280167287,-0.165057419183629,-0.334798480533197,-0.0616017137340526,0.158882844142481,-0.0335791238900913,0.322290293906267,0.192762182303651,0.123271086149709,0.430135329590772,-0.43159138268118,-0.33627046365488,-0.178804906129742,0.0578778245722492,-0.377555098655021,-0.246767808025031,-0.226601932676596,-0.112896618367107,-0.262967702743801,-0.138213215018364,-0.242787054342267,-0.341365641809932,-0.0329776758752442,0.0278748591927511,-0.223550853311385,-0.583202194204061,0.20495794534362,-0.0196194730473341,-0.122453354367829,-0.217504813355686,0.297775054706953,-0.0647845271004249,0.209695013668802,0.215988453925555,0.608941394011842,-0.0204399578560883,0.396772714300922,-0.130649593724569,0.0554045107075915,0.0895671260087691,-0.0889350137253429,0.201189039157449,-0.183021344368558,-0.0895152772861295,-0.241512480004766,0.0119262973524758,0.331535345569701,0.331787888431022,0.0250999069158576,0.0275573572937839,-0.20980264001238,-0.037038018497804,-0.128546479870179,-0.0243642997286747,-0.0546790164520574,-0.485027338948561,-0.190935792065584,0.289345987848529,0.0960428536942283,-0.224227527234268,-0.00398650039886102,-0.156964377256219,0.308246877083054,0.397857838784193,0.625499349362565,0.219749654770414,-0.211231960124508,-0.00189330320323128,0.119344418069483,0.336125149887748,0.515453862856333,0.456500771196226,-0.0128291242183715,0.275704475586349,0.23575662745414,0.335516375646909,0.561722814379408,0.35560022394048,0.405068889482909,0.198017823308571,0.0451109432943221,-0.161938236434945,-0.437018432446897,0.0448413865275473,-0.0541083160706227,-0.0959602477403412,-0.0483617672040202,0.858958628201897,0.500339020809851,0.136560227634046,0.131361300768199,0.279213707477409,-0.16899103988002,0.159616527955983,-0.0811114785254804,0.162347741402456,-0.0189396286212074,-0.0510732749022666,-0.0999725344890455,-0.482652463039946,-0.239078780677209,-0.162805331704378,0.00356374251992348,0.0571546944971151,0.00539957349104901,-0.274868800433867,-0.271415586869215,-0.0324269245567881,-0.230363476673345,0.0513874079500682,-0.364124786345165,-0.15247388583747,0.260521326382751,0.161239178753746,-0.136705758696751,-0.178353521730573,0.0569926153845445,0.138738793381408,-0.010955276285096,0.304770817499226,0.478686764641457,0.448996680007699,0.422366263339232,0.446658115581708,0.119779742354092,-0.198137300196591,-0.05020113777062,-0.119634645115071,-0.345314190537744,-0.24630428960637,-0.122221063288428,-0.249256885151112,-0.0887325363911304,0.091732285958303,0.212110357989807,0.0997321781306134,-0.195041942021304,-0.0342406998424177,0.141294769742629,0.183766560650206,-0.251042897391767,-0.441560626785502,-0.157965656907121,-0.261974651454302,-0.255684324054384,0.0638559748838564,-0.540468160906636,-0.122720492524954,-0.40425531762136,0.239686110752354,-0.301261722761384,0.235886614383102,0.0780866959298356,-0.0753127015429457,-0.22090002646102,-0.222491094653846,-0.508970473354912,-0.297200281871498,-0.30712515626525,0.326010554694603,0.11034991947159,-0.174616570846701,0.0872027662623471,0.558450795548701,0.501209826780947,-0.0353328708355598,0.322024869458826,0.40970459155942,-0.149469333150038,0.19492799840344,-0.239588586833666,-0.187855160770693,-0.106704788231221,0.521356219254213,0.332887141782905,-0.199451107899265,-0.0388260852437399,-0.353377285334576,0.00165688446358422,0.151538817209752,-0.0702848795199472,-0.0386242140041393,0.270451033859399,0.280351915168024,0.176258557478816,0.603236520675059,-0.0439667540771847,-0.00771484858844509,-0.179040250295008,0.0636577251711115,0.154771280381183,-0.02577532839141,0.207682971222781,-0.294521005287297,-0.260504278295365,0.157423597670481,-0.397550514202577,-0.245467798651346,0.0170380081156449,-0.185109040617236,0.139899496789654,0.122596893120037,-0.25083730644811,-0.246899797644463,-0.340413724690549,-0.277513281362969,-0.368776317078963,0.156774403849982,0.111897991310296,-0.151597547554554,-0.213890615816368,-0.272633939623248,0.0548134088431227,-0.048920546036783,0.192166657402057,-0.0614547458365183,0.0232924051799319,-0.220951744402889,-0.249083383764772,0.161203264789991,-0.0535142195409691,-0.000521144385529027,-0.192920858893407,0.27092501160759,0.0393339951760781,0.333913607373785,-0.143541564917167,-0.090766883879289,0.173419970420214,-0.0788467875720635,-0.141696971733957,-0.421035391055803,0.200436350540547,0.540453315170911,0.648198196272953,0.329583970856611,-0.125144291817808,-0.140382590110172,-0.0761467293905199,0.11397844968006,0.0790879721233807,-0.27282652335151,-0.259045503727705,-0.136077430553983,0.412361022031052,0.312126904088486,0.262277503603565,0.141081437327786,-0.498567616444172,-0.0411858612204784,-0.068519863997513,-0.011144086777282,0.107293202000486,-0.221492223055465,0.229234588363537,0.532111025803548,0.135031702915367,-0.526274489325667,-0.0658661080488325,0.202636930189731,-0.0452258875949406,-0.0359306218141046,0.0969847476920588,0.128383713925865,0.291524436125241,0.0756285553680104,-0.378298166143191,-0.396887537257072,-0.0140678020369796,-0.56015926979434,0.0294658843832509,0.370731243851885,0.214467574388483,0.0728488389447315,-0.0297786927922778,0.01229172176115,-0.533781697221038,-0.73942203423834,-0.196719642089418,0.0251228375506777,-0.299319612058113,-0.666120769567461,-0.09423466974501,-0.451281797230636,0.208393265206089,0.320882543757709,0.310236542725809,-0.0773962287244917,-0.20611806729965,-0.292030782410249,-0.0108118374027788,-0.202669842873636
0.2881565720733,-0.0331677616665905,0.0885905910307668,-0.296294920630783,0.160873636415269,0.0972260607339102,0.130131629325286,0.0896848734671147,-0.0944798580604548,0.279267710480498,0.0320470003935289,-0.0626352784795784,-0.295627736440107,-0.188783307264059,-0.402853471406159,-0.316687968388608,-0.0584795862170713,0.0526028274170546,-0.258904978176365,-0.102542399863962,0.170442868347193,0.147685861535458,-0.13980861033037,0.0459804975380105,-0.229730050097305,-0.307234516265259,-0.439048376811639,-0.19105971310472,-0.685717126521301,-0.153055352173286,-0.398823674283975,0.451685389067104,0.453497433716023,-0.0164018711342974,0.128623553269421,-0.216917226325627,-0.757353209580694,-0.215932341283221,-0.26437339520943,-0.403864967917665,-0.0747090661247621,-0.357624324868949,0.337599760908075,0.135278798893412,-0.276105773845347,-0.101934623121276,-0.398085399624717,-0.0982537841809099,-0.0753738192140258,0.150259264518051,-0.227223440805863,0.0471681469245706,0.10743700556725,0.0398870582831296,-0.331382776227323,-0.433213550016126,-0.277460918710301,-0.25154470140312,-0.0748621473738514,-0.287054211716769,-0.456174670561797,-0.261901391084965,-0.340818770268161,-0.0809585550255287,-0.257912661677419,-0.447276164154184,0.0744435152693461,-0.134342079243215,-0.0574037463358884,0.159886077427764,0.0809258366582605,0.236787977275398,-0.304424185115631,-0.120119420146932,0.184215646462912,-0.326941870402453,0.0903593191314523,0.0792947576896236,-0.0647223419273343,-0.252594301344887,0.0668954238967689,-0.381814873734319,-0.0685241336959021,0.020479348399513,0.183035412792821,0.10609078232875,0.294759687059652,0.0240675389003438,-0.112219601258629,0.147744954089389,-0.637341311927108,-0.123490929598456,0.148065737452482,0.375027209482815,-0.143279372363164,0.099134950911959,-0.0131589734940879,0.387959305877366,0.259406697964605,-0.209924318791112,-0.0670188969774428,0.0254539067810233,0.242231844509132,-0.134517420082198,0.0125025692354927,-0.374111643644963,-0.362427384581954,-0.526367508862824,-0.204686571493679,-0.233964326019822,0.119187787801918,0.319131504335864,-0.036746517226267,0.0195256975681662,0.0823221555070841,0.197083863417765,0.195210835262306,0.0702077477597569,0.121767861806806,0.254292938676477,0.367418580310946,0.00380362274821169,-0.160735623528382,-0.460161234058355,-0.174290483749605,0.279480507038273,-0.0765914587720475,0.0398906383620824,0.103500129557991,-0.0100816116829551,-0.354990385540974,0.155744093171394,0.00811612317502518,0.215778743588909,-0.122936455524567,0.229499124121306,-0.0560685011121442,-0.0695602265435416,-0.273419007327722,-0.133603871207546,-0.308398159754988,-0.610772452043006,-0.540520135750639,0.238846639869322,0.389230265081645,-0.155107845585204,0.0478321981282638,-0.182674311343695,-0.216354071897611,-0.244166346803068,-0.205283594491974,-0.129198237238826,-0.105806679007695,-0.096951828432654,0.0045332008268545,0.216630308080512,-0.0214160486531028,-0.127408811351155,-0.0480111548122681,-0.226380567749004,0.0748215254853467,-0.040775518557623,-0.206538914017283,0.0227914924740824,0.0914382794599264,-0.202784639818068,-0.0565810895749776,-0.417229269086824,-0.078550884017795,0.582573071419735,0.085675165974887,0.514110248989228,0.364668393882719,0.168626478766852,0.461116719985918,0.149729430780011,0.163781817930983,0.000716216523456563,0.0592986964509259,0.0315856577853494,0.283732605349011,0.0927928532108807,0.0183154555089985,-0.143253123375755,-0.113342781453832,-0.0500985877095301,0.173042879263289,0.0386812888286787,0.577612696791064,0.346579874347805,0.302232621436331,0.140156783074042,-0.146763571447152,0.412811753835398,0.355384876675184,-0.187076536924768,-0.00936327825791081,-0.0235252831933247,0.19153066066877,-0.204070751606369,-0.0138642327357363,-0.0623455014395593,-0.326772564904305,0.0562331817279595,0.719668751237241,0.0163373496102129,0.409599500617161,0.409374746627004,-0.262329171591755,-0.0291066037333316,0.0537003859810176,-0.307558314069273,-0.616409348347186,-0.381686718977508,-0.450396497943341,-0.196099076358235,-0.229511345197035,-0.199847176100375,-0.0618152547751118,0.0266478432712057,-0.402051717554186,-0.185788655894348,-0.0100755860456525,-0.391989823807616,-0.376209056275866,-0.0831313798134086,-0.21080501026054,0.0343056943051278,-0.0760791009841341,-0.115968423756007,0.178376793503302,0.126213307515413,-0.0556122286945977,0.713199502166585,0.18987597240157,-0.171559394654426,-0.0506783933127466,-0.295352198819034,-0.456900975812293,-0.410684318165675,-0.167410018061926,-0.175851757679014,-0.0870897319827608,0.395950372311511,0.17005707208599,0.09882389944909,0.245797018261066,0.0686534282625779,-0.0939242825647373,0.0238246525854673,-0.355122702631378,0.282834562154018,0.223809931233295,-0.112367816380288,0.0552755183939109,0.0133088251549847,-0.434851288918746,-0.218478902146078,-0.309182786662041,-0.276812455968718,0.253295947366653,0.0849368417181526,0.360810364022514,0.252684434447242,-0.14905080613749,0.0117694219111639,0.167113168898589,0.227930254584898,-0.450476160289082,-0.166752050351851,-0.689080416122513,-0.688189226583769,-0.286928085025674,-0.63172949493405,-0.0423464372779312,-0.0425739959055583,0.0524348297396963,0.27651803109189,0.181965829231946,0.362675013600927,0.45563610907563,0.358533161843643,0.11795998285587,-0.262964938353954,-0.192074419480664,0.0110079625635916,0.15624256688788,0.1259794063846,-0.213814206457864,-0.313010772958553,-0.235559351729321,0.286578766419107,0.171410565742398,0.385975229001345,0.0379785851408797,0.125397040395751,-0.297183834765301,-0.159560155516552,-0.210523665544318,0.300451023479993,-0.213329394695385,0.0546422499430192,-0.102913286092898,-0.4435052189676,-0.0949872996899411,-0.582564768692561,-0.342669377257082,-0.348862651530854,-0.0835349747712007,-0.0355942511188169,-0.129108692554462,0.101687842787507,0.220413584401444,0.0670298339348151,-0.268291293464654,-0.236014595519942,-0.40039371400699,-0.00280875654639193,-0.00663604634202664,-0.177196103847948,-0.00115637192983783,0.0932559986757895,0.291820824527428,0.428743463902668,0.448762332493203,0.102663039591285,0.0922702162518512,0.12291554899433,0.0683561437841169,0.170251450194856,0.167412432639248,-0.150828886266169,0.255094960675021,-0.166476556145227,-0.17092211253438,-0.122035540618579,-0.376598334062837,-0.255714270399574,-0.208798402219455,-0.0477403526132064,0.247765881945216,-0.0302925575484649,-0.123882725260377,-0.0735437202991547,0.222136223967182,0.156104734856147,0.158146946582562,-0.000362131308408065,-0.297624815373051,0.14274799430048,0.103406450164908,-0.285856098335081,-0.115188591725577,0.344743333162249,0.574049953118764,0.509128998770272,0.610503051012238,-0.285640587542402,0.208709369122364,0.024002140700253,0.338421103172474,0.139277539753486,-0.208806980354621,-0.227668240969609,-0.0413605854459879,-0.502409916221414,-0.389059585530503,-0.208061688028885,-0.235788715806855,0.147443520145222,0.0454740935305302,-0.380294874076902,-0.0220905675926314,0.15415982992776,0.224098843581479,-0.0979992569460952,-0.302510610783549,0.343728041197822,0.146186857395212,-0.238505109219377,0.0143370050382177,-0.353372922722766,-0.244220220413486,-0.394854511450767,-0.460256209109474,0.0476108293726854,0.000421727071205628,-0.147895351201564,-0.101246079593172,0.118608775700634,-0.0765738116836448,-0.15638244654785,-0.346262116589897,-0.309374085884342,-0.151567525452189,-0.566158816124406,-0.356333134959939,-0.052062334681956,0.0580069334217762,-0.0970930581656655,-0.207254191346392,-0.216497339091353,0.196349089747822,-0.220397233200864,-0.153072533796655,0.0479752198217374,0.305555770967572,-0.031129040514056,0.0217717165999226,-0.15358694595736,-0.345473270115003,-0.357335670163763,-0.16197020237541,0.159097298237965,-0.162254561047422,0.0250045051660798,-0.0142202048966454,-0.306713332191569,0.0831048234863207,0.110471361033083,0.225371866674089,0.154499511452307,0.46863593872624,-0.110412942008128,0.0311107939306669,0.1024715339732,0.309569361994813,0.0232571652124564,0.327188619481362,-0.0760001825241788,0.148967297200808,-0.0586032046448239,-0.30693818041566,-0.0998368685880119,-0.0380454562918029,-0.0179929585195414,-0.280885607084616,-0.0597825299266794,-0.00198282112651732,-0.26453210181031,-0.00990263101961076,-0.274513386775984,-0.288714636513123,-0.110468452765657,0.138646810624469,0.369401845445849,0.254228469403482,0.179023851934699,-0.101680787495225,-0.0123161515671079,-0.0573524741774964,-0.311422906073675,-0.307338718446549,-0.0410837194421871,0.0965469074769957,0.355027071197946,0.324219252127085,0.169649149598076,-0.0775616693184064,-0.230632836652303,-0.19846538354546,-0.0149022193558969,-0.0442246698655626,0.265745524097954,0.323008450506042,0.381421845962948,0.158894017290092,0.0847398488890202,-0.290421451077141,-0.305621501132948,-0.348750033234587,-0.159703355675679,0.059221892457052,-0.00803487538196265,0.147320742315349,-0.067389731690991,0.32619818532156,0.148971928112541,0.23627561749126,0.169462561233935,-0.338698979583339,0.0277064091457177,-0.194008661924617,-0.32633559120672,-0.0687442817053032,-0.584870649228797,0.594718566089884,0.133911783785143,0.105929810593111,-0.0310012873256821,0.208069323419053,0.438626600399129,0.111125788008637,0.420660926106926,0.0242996765151454,0.141557193126892,0.221387026432246,0.24554308073376,-0.0100085467702336,0.267647004770835,0.256628145132501,0.515821351380809,-0.334750291232606,0.0342059852980839,0.208435030298588,0.141181023855742,-0.163582521460535,0.0991603928615168,-0.0821644567889228,-0.293270393559776,-0.413346440283152,-0.00395828621254661,-0.368911436570901,0.0100407329590668,-0.118981948842939,0.188957388065229,0.0533227673568676,-0.264758127424592,0.126226994130493,0.158724611577826,0.152030323176953,-0.188432806139053,-0.221902285574841,-0.235097679109528,-0.00327698400557841,-0.0590394773708127,0.247184395878448,-0.0227414451002134,-0.061462618584146,0.01514200175814,-0.0150471886029458,0.533750917563504,0.268346194478079,-0.244722402608142,-0.201419588771549,0.375479597056684,-0.056806216146147,0.0747528979087703,-0.287171005745429,-0.498586462036584,-0.462879782608891,-0.393924672836259,0.303505101998512,0.164557305915287,-0.0958903353803921,-0.157968731836421,-0.248408110885158,-0.378065316177486,0.167011306652116,-0.226369751664759,-0.0187322786527766,-0.306225516701464,-0.334824345472267,-0.30415707407423,-0.18008913233569,-0.262914406271239,0.11272162467189,0.211388992956295,0.230119726843011,-0.0791308073834991,-0.0417205584668625,0.0432319789874318,-0.181862346496118,-0.826892247975618,-0.438955985260886,-0.205887512707054,-0.0644447647090234,-0.0720755640090195,0.248462197806166,-0.189640379723355,-0.0401701451161862,0.031312607879316,0.276864681219801,-0.109672408660028,-0.0912799261726104,0.395754160388625,0.432259913240257,0.19490757053385,-0.0392738917175555,-0.216721281569895,0.00554323855452227,0.465295164602976,0.247645056608624,0.0322170653351498,0.180347817021096,-0.145628258066145,0.193144038154036,0.132301315108943,-0.231408449474046,-0.0752215318605575,0.0247253521048668,-0.000366029202311921,0.210224676083842,-0.0717584317403212,0.144644601817697,-0.0963291309565959,-0.356946030804668,-0.372789994455249,-0.192361551967407,-0.432266925339821,-0.204086800453215,0.324414379508154,0.146726024475019,0.356349544592875,0.246212569926661,0.0741316692453406,0.152517537690183,0.285494629839803,0.0155403067289887,-0.0170574488107896,-0.450897614559867,-0.294004548093262,0.298273763760728,-0.068384410680098,-0.20387576860733,-0.0475631811269395,0.316080525786701,0.422313410648346,0.186993135303507,0.169363007549104,0.183666938689111,-0.256148336092911,0.513608007657949,0.168162290913239,0.0606687477612278,-0.136450979457436,0.300809164858956,-0.177106205582205,-0.455589172104789,-0.0669606918338508,0.155325898106321,0.0849525435009218,0.201191536869314,0.382362925412472,0.28893790525463,-0.089700573228025,0.207033679822851,0.136814906348811,-0.151882921469049,-0.675156719506795,-0.414338939870535,-0.0140684281547288,-0.350221397374869,-0.231692094582424,-0.0560968084286412,-0.0334692873598831,0.231319952142358,0.141913993143875,-0.13516586759364,-0.367528129723942,-0.322595320878414,-0.0169522298542513,-0.0647207866758037,0.137249718559697,-0.224264892281541,0.0204811702588361,0.276998362198594,0.0297650314310433,-0.443168413471398,-0.0691300955932045,-0.254424239946163,-0.376224568674832,-0.0201155242763899,-0.178392314940797,0.230052929235885,-0.158648371289765,-0.0495563225370937,0.0783693567300763,-0.19305718626239,0.1467499984906,0.200675192944676,-0.115003585881329,0.411177194020279,0.320861651176025,-0.0714008138285045,0.147728165882278,-0.17230618245652,0.123172948222701,0.0619529052873065,0.321958099244984,0.311503022624914,0.210738484202131,0.290625888981989,-0.16339830121626,0.263372694899708,0.0822173984268728,0.151005798403727,0.252908528323605,0.0489622250045784,0.0852951593896094,-0.152006541114201,0.171430735214275,0.190178835660065,0.474761483104988,0.0655321895942584,-0.0997843917599699,0.157854461189824,0.327525387855152,0.212351255735418,-0.432924095543932,-0.120372718078702,-0.243925334911742,-0.0324879744079693,0.267580061736726,-0.0602078947607336,0.0916178405644905,0.177068802431451,0.0576527149586284,-0.0306362038786242,-0.445287729566019,-0.425989618679335,-0.146590829993199,0.225768540981533,0.264393307147906,-0.0029750254202861,-0.174816821018472,0.0843726222873072,0.172159646159328,0.319413013634448,0.0913013347583867,-0.387210068310972,-0.250447246740569,-0.273359378638807,-0.126665399916905,0.229396546409322,0.0168390153453199,-0.122340904934893,0.0230493041548102,-0.246723533080903,0.0492547167045723,-0.191536626180153,-0.26524008231991,-0.0490481944148744,0.23737642290423,0.289438915609872,-0.152508667268159,0.207059684457865,0.367411117819861,0.0759858228936034,0.128799002370936,-0.00713581662853566,0.122145000177583,0.368009640022969,0.323874028298093,0.0333373975207758,0.223943308771003,0.174748324871535,-0.146398483320515,-0.0987774504125689,-0.217525441112471,0.0262595919032263,0.178825866628556,0.361393648091257,0.448337461684336,0.368244264296374,-0.139226743269599,0.362790566769243,0.448588221266866,0.0517720394059621,0.465247735891069,-0.0751968487312008,-0.144858671726466,-0.289353212971706,0.22282402011546,0.173903828817316,0.32790301276362,0.046379053002226,-0.0324986302114364
-0.455480540491033,0.0170762990413754,-0.281435905712017,0.0949941823928822,-0.297499949595595,0.0279306167111865,-0.546064019410762,-0.416747582657658,0.421664714485968,-0.330471862310788,-0.152970587353573,0.0957062862581382,0.341174886478888,0.268751374358137,0.53739669219469,0.587910556105222,-0.255918141200679,-0.180494831419469,0.586359515906317,-0.0400285982151171,-0.360082024800119,-0.149083502164582,0.260395927963744,0.161700619673339,0.382274277461516,0.536139473005346,0.576540779223959,0.0180581383385663,1.19163567756977,0.383876743027473,0.667221903135021,-0.894802017294267,-0.607929132084457,0.0714427819622091,-0.190394804127191,0.508909607107011,1.26098759443684,0.543787745328584,0.724088821299841,0.498537403251215,0.154783933555216,0.386449765705189,-0.285022077055669,0.0788387824462986,0.503770343231896,0.466090807663776,1.14000198961353,0.327621925771407,-0.300113949586955,-0.361070148323686,0.293072948337171,-0.132605132647694,0.129215103275668,-0.244293848468406,0.475721105547845,0.558334048468216,0.629770292785543,0.646338665314725,0.381401134597786,0.462814994184516,1.01958107000927,0.0990635726833071,0.313174053993065,0.0222757320987365,0.340514678011848,0.857772885264577,0.0553540676616952,-0.0517087061302121,-0.116445281300376,-0.20368053671648,-0.129695178793234,-0.288678647166024,0.707269231714191,0.145023564396288,-0.240366717115716,0.076228302464137,-0.196168637059947,-0.510813496071668,0.00620693935090366,0.0956589537461042,0.126567430076146,0.270016011876285,0.196616675140266,0.0520547959599987,-0.189652067588244,0.0208863977393947,-0.551049852714287,-0.299180022373795,0.235776725454219,-0.0743298812161158,0.9397253219481,0.34993857999307,-0.40985361730793,-0.701190884448253,-0.181396536246789,-0.133909049633758,-0.280213425036089,-0.869878821280707,-0.376990304354533,0.417104093749295,0.0758968754081425,0.169844724999995,-0.414728183726049,-0.0431356417698481,0.11116167432446,0.633699802871497,0.763985054614248,0.824121191171213,0.0744062362949982,0.278364065067458,-0.446445139571151,-0.533305478881115,0.211994510121095,0.220704208122601,0.0490255157365388,-0.487025634117962,-0.471821840088569,-0.109586643790529,-0.162890268958258,-0.718536068111424,-0.85364577443238,-0.0570016336079522,0.431963574483933,0.538876098848176,0.214739434517456,-0.441829451214131,-0.0940733029419335,-0.221527279792671,-0.290131473124156,-0.252899437308665,1.10824663482532,-0.227958159824989,0.148481032459688,-0.220955487182385,-0.145312210802567,-0.326956854863332,-0.271389325296336,-0.181406568197413,0.165455141229273,0.458568954250001,0.743153135928036,0.94034303054368,0.760135776137631,-0.15299598944345,-0.437332258354798,0.312221220333392,0.374168781467715,0.238584004939632,0.42223036791164,0.372862747588366,0.326898165923112,0.196263204206499,0.146846651710808,-0.119116760355823,-0.173508380321256,-0.485612527083349,0.0378582592084387,0.156215250569393,-0.137392410171423,0.360243110642697,-0.180101504158022,0.257091291826035,0.480149068546261,-0.0800575048674891,0.110830663137889,0.181439514790291,-0.317577060457033,0.777754272854692,0.119112002040713,-0.698718364322499,-0.198495073337597,-0.666724106805479,-0.474343362171985,-0.577385983235425,-0.761461832656128,0.0682393491926914,-0.31188746640452,-0.0678497619151602,0.0104192143000824,0.234919998590229,-0.206572710716677,-0.328695783964526,0.0920375676984619,0.242982469039565,0.311332881342434,0.169454147532617,-0.161213547508499,-0.108744674215595,-0.92891227178839,-0.41408016581273,-0.627482963603543,0.0464506910063435,0.100148794017682,-0.745070578188894,-0.766788965527577,0.359346067554047,0.149080750032763,0.0388108064131747,-0.351974825861929,0.0286140225687367,0.198844747634707,0.0341963946236681,0.407583827643648,0.261817244702662,-0.780012747833871,-0.482647445566418,-0.5361213585179,-0.771660374932766,-0.169865618260241,0.0319047544210596,-0.103022802601859,0.563590399761734,1.1174671974775,0.747551876869618,0.738872262530306,-0.0419484258724024,0.14334743831461,0.334624965976427,-0.0979944352768425,0.0798477281508747,0.642264407089199,0.312432895813827,-0.0628981146756884,0.713849730459576,1.08798770733084,0.219177371683483,0.298989022234442,-0.410967680297864,0.248739537386673,0.265783482716156,-0.197264699155712,-0.23252100903209,0.10923565171597,-1.05371400132907,-0.293114430316288,0.239619540491398,0.265303139692085,0.599230130440393,1.03127140003363,0.675574003156496,0.487164732215658,0.217531696947911,-0.0830498650990184,-0.567667790413823,-0.342559599807619,-0.275194202971089,-0.699279422775381,0.195591647327509,0.285952078151354,0.150176006748334,0.211587802271188,-0.538912798042407,-0.33018864930004,0.201547094416522,-0.263494428287176,0.30197001393321,0.481281666220764,0.46364516187661,0.692530501686435,0.467250598932816,-0.544750590617575,-0.304439239024966,-0.752670914187158,-0.420204787776932,-0.119159731609228,0.208879101740757,-0.136181639525142,-0.184215735930822,0.359624048300398,0.149039141548691,1.18993204293798,1.1722630496603,0.445481172217183,0.74587455241988,0.0389594425078536,0.125076282425223,0.033103011208968,-0.524248200148394,-9.00442073159535e-05,-0.71282545920007,-0.650604951511812,-0.419904332769931,-0.216913199553796,0.450760210775635,0.250345226134736,0.0779038061327208,-0.357543528059687,-0.0153436655112279,0.328376536011257,0.736971342308438,0.622072399420302,-0.606588455282545,-0.536929722964335,-0.419550913780387,-0.517938652508281,-0.0258940823467233,0.518446387467643,0.265002651223514,0.317709483339987,-0.176097581212285,0.35894839534728,-0.0728517755781446,0.340783913252282,0.866158399328013,0.117140414173109,1.18691453780033,0.659223487378952,0.58627076263903,-0.0801443136406136,0.462459595790228,0.339336946932073,-0.0334838725088621,0.0604125892650556,-0.172970162986487,0.591511286203963,0.207806132874167,0.459689413944848,-0.11064540454589,0.0225126913809816,0.0653233030223222,0.323008700389001,-0.305984815492694,-0.0803829988765396,-0.858882309518613,-0.574152249131851,-0.305602230398918,-0.00947869202083701,0.0106287203307127,-0.0486430568569688,-0.103528897633209,-0.386200929000947,0.213316111476809,-0.553136884112599,-0.0771441657687074,0.271182911724129,0.0222953619322079,0.667884859775823,0.378202852048517,0.448572305738208,-0.349746046648678,-0.445127432247822,-0.101863534695164,0.348335288090628,0.433816600408079,-0.117003270992783,-0.0869432781947037,0.0513687278586739,0.373766498226463,0.659342005714207,-0.0954544012157763,0.035456741895427,0.310214871078268,0.10591750291242,-0.338813594228297,-0.8704877058172,-0.781257415644264,-0.670939892084078,-0.0663859886657671,-0.178559060666761,0.117989842168028,-0.339244452135074,-0.20526654296039,0.723140934452064,0.387527354549476,-0.035558794056271,0.820378086415876,0.369876576172572,0.718850618344183,0.439172465599822,-0.362946780189666,-0.0396994737977067,0.701730034612694,-0.0460667187070889,-0.520095637453501,-0.23351165962267,0.0726293445229422,0.076110018040591,-0.623181824552668,-0.487029536924086,0.0297199691371275,0.349649552480467,0.484492570882531,0.315868947319129,0.971345154988676,0.868702999421812,-0.0799389138755154,0.00658289996297608,0.431795955432928,0.0363401867742793,0.209060482162733,0.16316145114012,0.53657193558764,0.281982031989595,0.669843074633361,0.319920461281163,1.03414270355426,0.778338218229067,0.0646128625232116,-0.178810021788294,-0.0782088980670615,0.457141575538972,0.228585876744305,-0.0675501968048378,0.426780329099762,0.0254473591569935,-0.289397652891387,-0.500954731699624,-0.257432222001134,-0.234172032875016,0.562025138914626,0.962643547092985,0.626063668657187,0.074398019836308,-0.133779100462,0.0352404274313055,0.182681922382162,0.143243102746005,0.363254004440606,0.156354246359608,-0.0542242524053841,-0.253906927823981,-0.225098572784004,-0.72983758050497,0.0101952492226275,-0.2194823539667,-0.265581913922249,-0.204779577900029,-0.127691635054203,-0.56012062874236,0.0972857522921224,-0.596138280673853,-0.0542600598002973,0.367407118633816,0.0599119830810953,0.246200273088419,0.086842368502089,0.0533007571995159,-0.0925371575801429,0.106320491064121,0.867017333817586,0.34190685903318,0.427431224040055,0.392468008778949,0.167540623244198,0.0578540164225688,-0.495344301598652,-0.249763890794352,-0.0933332510658877,-0.0313728225544267,-0.209537073780068,0.821917528336445,0.251512406489366,0.441601742305741,-0.0850909346463026,-0.0684693566133789,-0.34795250382518,-0.2671812015909,-0.513142448465636,-0.0946938645134942,0.605460586279406,0.118822485914041,-0.320938725903673,0.177297285247047,-0.256150467168361,-0.441927592441471,-0.683785507502526,-0.252586161142194,-0.0989078905245075,0.296087391151346,0.317301720062098,0.567143388054553,0.171485783544153,-0.158947257906823,-0.102331432311318,-0.215566261392239,0.14060872603804,-0.380200976689128,-0.216285135818656,-0.310822960153272,-0.308505089458427,0.48332543458784,-0.240855522325516,0.441055810593644,0.226567310022408,0.378593337807786,0.960484556129456,-1.1000039181824,-0.490607644188947,-0.312985161987191,0.0428322189405975,-0.427699537658794,-0.605506921320787,-0.28731336528865,-0.668564823222299,-0.377322586267718,-0.286025076985657,-0.180629783936384,-0.422458557121736,0.0973869186756048,-0.00852927494910399,-0.455258681524388,-1.03957331828985,0.427507728664666,-0.207517540502355,-0.423330786004863,-0.416517466312349,0.533148337039041,-0.435893641056322,0.0403430553977726,0.593003906105404,0.484534240820872,-0.027960845821847,0.452403528098756,-0.331018724873094,0.0141601810370268,-0.0162397502835343,-0.225930609220495,-0.0146171848850603,-0.185363951529375,0.046645548791477,-0.251759386213101,0.126438590147991,0.444490686468557,0.352755195680938,0.229790071429555,0.0115502275544239,-0.694087143920043,-0.0195373758631403,-0.179984531506543,-0.0690789957302712,0.0451556689449895,-1.21032222465806,-0.18447325425011,0.682490432657349,0.346778165929777,-0.483126872015658,-0.00330581012521092,-0.326706214121555,0.634294365512032,0.735302975969901,0.665311190559897,0.182618733053926,-0.426666658846024,-0.0325856923460291,-0.0546064956248054,0.361164254215245,0.733528274315151,0.697264299952134,-0.318739830839715,0.159636747645826,0.16532786368046,0.770741294992016,0.80838939797959,0.385833799158487,0.548982791095303,0.234179042526054,-0.22221118714274,-0.756944172173379,-0.500957203568607,0.0173133260157626,0.153975374081359,0.138291978181117,0.00975828541725055,1.36106856146372,0.916464423725506,0.236946167367193,0.0884548173011514,0.107783102302673,-0.314002081947042,0.313148626236412,-0.273159446369106,0.141142949598953,-0.648263558166138,0.0904526047191655,0.322272433736291,-0.917517927500405,-0.685607561453679,-0.568737298186075,-0.200045978674572,0.343442541147822,0.07136244954137,-0.548820710522267,-0.439698876234455,-0.0612463671469696,0.00242287829275695,0.298349668022677,-0.177235858462589,-0.38818814362367,0.264291801704004,-0.0533377838710258,-0.111897265213241,-0.159850438851117,-0.238477850658158,0.453944593734356,-0.133790888706644,0.415859036910223,0.65873138767092,0.735868287533902,0.73628308046756,0.73930810858197,0.384348965418572,-0.187993761714536,-0.368498626558601,-0.0914853466147996,-0.494549425029244,-0.472942212600923,-0.228490241393589,-0.0592889329611164,-0.0586357114830424,0.0190377872991256,0.611072753156999,0.385312042814034,-0.573669607045785,-0.0360377888708025,0.177151166155919,0.283394534510976,-0.703017260907704,-0.664171257843614,-0.360928518223142,-0.423110530389819,-0.475318625345414,0.226999577642447,-0.941684851484825,-0.375601103405223,-0.422993199570457,0.196529347742874,-0.430396165348872,0.290006050112833,0.602304633134062,-0.19589020165937,-0.378933487866127,-0.252136646661378,-0.651659432421838,-0.899709779634434,-0.392117843831535,0.36948807831329,0.0459448147487462,-0.578666037247391,0.0117676456444759,0.912700386571435,0.932232343737644,0.162545461368504,0.272017967090468,0.417956689987976,-0.100744662420196,0.30925786601221,-0.163255887460368,-0.29141265152143,0.115674003293976,0.67895855618558,0.839512566185091,0.0231482974959233,-0.0351173628057983,-0.364108312438367,0.256429943941437,0.117999838978615,-0.113212685585251,-0.171165250111566,0.46343870049152,0.411972439945431,0.469469816706961,1.20206238442977,0.122432952446862,0.179973550962816,-0.319199625028286,-0.0830658587967544,0.0396727749397651,0.150140817444711,0.291517873017497,-0.468379069092053,-0.722556472719754,0.410398601031148,-0.604780268837887,-0.336903093575543,0.0456794415884925,-0.315692694764605,0.124827374326896,0.338139088440446,-0.155622756092697,-0.269666226482102,-0.703674456282123,-0.694725164701717,-0.553831035642326,0.302526873763904,-0.30364774824124,-0.0491414221705871,-0.458008523664354,-0.445986705051798,-0.126700655596262,-0.188164858622977,0.269783217160747,-0.221399787653941,-0.149547411482557,-0.677482515356139,-0.37261431108664,0.418676509135622,-0.318920857537489,-0.63942115504663,-0.213782639937002,0.575471081441824,0.287650151492742,0.548228819743195,-0.151478648488818,-0.45677852091972,0.166709622226908,-0.145376950917284,-0.160049132875949,-0.321836381232374,0.135363959903723,0.896655187213993,1.07606025475329,0.423867846821624,-0.222588179439895,-0.667576886720174,-0.0220026468942474,0.158869673937834,-0.00888558265625028,-0.292939236264709,-0.514065389386498,0.0802137145561129,0.853930358888635,0.491528882501571,0.60164154587068,0.15372893543023,-0.570093860170975,0.0912066708561167,-0.010228571621914,-0.224000264735097,0.388844685415554,-0.018142111520533,0.283539352977012,0.437765543753788,0.294833625875756,-0.714390930744864,-0.221721146266867,0.14312057413662,-0.298179383065903,-0.275131828341899,-0.132146304409663,-0.0790548705659108,0.425713719773328,-0.0928168567673624,-0.399615948571814,-0.388863811921788,-0.208720611990077,-0.854800262269596,-0.258357242632666,0.740917033374034,0.18580239526046,0.35895396545874,0.115288180049732,-0.130773196551169,-0.771980566779285,-0.721383201258862,-0.654049404176947,0.195624952601803,-1.00028358943751,-1.05157578648521,-0.67144702743081,-0.62045477718958,0.210134964671857,0.375606807290657,0.423749415602458,-0.124715198557928,-0.0824427208984531,-0.255380905984541,0.0065852891844522,0.0802173134305096
-0.524124393903465,0.0935921364442798,-0.367133566324037,0.293639720812144,-0.287937655386141,-0.126455848541068,-0.368119717616782,-0.073353700124951,0.364512592826237,-0.104873044390543,-0.239563596705668,0.0209478836069146,0.270511751970117,0.31248030931195,0.574083402950123,0.239254162619085,-0.176221486095731,-0.227811791765307,0.657422688081058,-0.0453066966467232,-0.274224315932824,-0.197629011299146,0.0901164970927737,0.262163773832532,0.275299076179737,0.614047554160384,0.40622272011758,0.120745573987772,1.05887022916212,0.506257133757324,0.524136320709162,-0.683228140249601,-0.317408417251498,-0.044374119810967,-0.151757111698143,0.38304743993906,1.1071407814079,0.555446729780269,0.530584345874001,0.385063177584815,0.31410569573146,0.369024106034938,-0.214760450481623,0.21054066562746,0.582401770984231,0.414875166745618,0.909563246934768,0.413078899760348,-0.179267851398083,-0.19663965100638,0.322595084586497,-0.208145135403423,0.278097140209094,-0.24783255192521,0.508063115103507,0.690414317227513,0.441857525435017,0.623805476025696,0.353943693112214,0.359600873263849,0.719525052055269,0.313895876785746,0.0825030108936087,-0.147404665009182,0.162055601919832,0.572178133940907,-0.17107713414406,-0.0989234849042131,-0.0535516362033582,-0.165250779670404,-0.0110374813797075,-0.31360354547211,0.394214282673713,-0.0384127408836815,-0.178021251672376,-0.0886003791187722,-0.0991603708541335,-0.226478909226282,0.0478593229449704,0.326116460312253,0.287222526927559,0.251685419183788,0.199108528728372,-0.0293706580306015,-0.234469282139452,-0.141625346155396,-0.322758179922247,-0.0850234151901322,0.0563854797312194,-0.0417112071197859,1.17159438610412,0.376535635109659,-0.403026159074825,-0.588971306614343,0.00280517320206488,-0.31488727474574,-0.0936546008655211,-0.732236152801632,-0.452331008101746,0.280127140292754,0.255055847085524,0.0360931000263317,-0.458874631265727,-0.161365163776464,0.0100909986616006,0.471720575433228,0.442651473470832,0.734511270916242,0.276759748901599,0.364192365064153,-0.398650718872775,-0.431057839659428,-0.0658116051059079,0.142347802379475,-0.100693958810882,-0.728215756160856,-0.343555718465198,-0.241287081270531,-0.218760744459149,-0.493171363844795,-0.722985602723685,-0.0718964332552406,0.3310725305351,0.372641048892879,0.107788587773959,-0.248299944112917,-0.0391356616010422,-0.382770583445892,-0.155700758491678,0.0458777793013583,1.04819681337202,-0.172267256502125,0.06925420061816,-0.260982502760677,-0.257673106163802,-0.422468641212808,-0.279916443679983,-0.153404692686961,0.0874190940322474,0.296001955968592,0.456896715901792,0.796800182452521,0.709929168136464,0.0941930957280457,-0.36083382533443,0.150049685036516,0.389667851266939,0.171729123637195,0.261995460537393,0.481989070433622,0.222944694675589,0.132871714161926,0.127420128818535,-0.0970679366700585,-0.00673150973275862,-0.539200215612405,-0.0486770888010123,0.0109324352933406,-0.173104457571132,0.249000649613247,0.0123279334414225,0.361952262179355,0.385755343079832,-0.065226382907436,0.00795992230256262,0.175483812173502,-0.143612561505399,0.42715439764732,0.0289450030235075,-0.817734796386351,-0.261535668361743,-0.732439868440127,-0.499620306344386,-0.48503419325954,-0.824129720428126,0.0543849377299513,-0.315423930230468,0.112036329262164,0.187224722689571,0.303501590894939,-0.217879874088069,-0.378848858736391,-0.0679734958169491,0.301217062385787,0.225697623850925,0.0389154403497858,-0.0736253539463133,0.0599070260805717,-0.781414762076696,-0.544872162978194,-0.533547851173846,0.0129453785786931,0.142586807267454,-0.646463263096188,-0.644761443943204,0.321967928470615,0.0609253282120289,0.0171158835427669,-0.245335175785762,-0.10654413958749,0.146829035776009,-0.0632336545119586,0.415948180365974,0.147473997898923,-0.614754779416838,-0.287485663641956,-0.604991007441692,-0.671480022874555,-0.178431955195037,0.122794316753302,-0.212477843634103,0.595298935483082,1.13046499651409,0.553245457216882,0.59064561716979,0.0183955656747705,-0.0507994253402133,0.300698303701407,-0.0291199933763182,0.017864898904307,0.436052277214057,0.0663567298834512,-0.0150677399083051,0.768802685904581,0.799617366945925,0.230261089658752,0.221866742722022,-0.37119562977411,0.272235347869435,0.272669580845469,0.0112560893331979,-0.216964923202415,-0.00431873828595767,-0.952632982720447,-0.0934710437666977,0.269587857329005,0.160178998202496,0.321076023631916,0.794962645675917,0.648411120861763,0.366046149404737,0.287273009729742,0.130519569587983,-0.420352112401471,-0.499552990087742,-0.234590738422106,-0.722803865983578,0.00108691407579611,0.273764657948637,0.0665835226292557,0.0355192312554275,-0.516110096096947,-0.299928751154493,0.119671332226394,-0.353187878321008,0.361070208323911,0.37418208484741,0.589804557133409,0.679317036834849,0.47057845817778,-0.192521995300605,-0.119096612275906,-0.722441457947607,-0.272255479932206,0.127655402370308,-0.0157011232317306,0.00939691497577688,-0.0791489381856342,0.557685590767169,0.0171115781819543,1.21929215723725,0.911595960088046,0.368712534915196,0.535356070078922,-0.0534721736662692,-0.114919521933351,-0.182040686165551,-0.59293311637943,-0.185319807145149,-0.676243748258235,-0.535365365123011,-0.352191481168687,-0.186327248219856,0.375767849418892,0.307996323649213,0.121921298499528,-0.323217526189634,0.0308468286329909,0.350639209621104,0.534629916262095,0.469921137443769,-0.392083414779928,-0.347399054569672,-0.523724893299898,-0.311870640296904,-0.0186538867242508,0.513695860867288,0.193928950913798,0.363325036447988,-0.32184752057917,0.29748515115615,0.000240076542031299,0.237213134369508,0.794338450391656,0.0775620866152968,0.9324931038973,0.74198123134027,0.650424527273357,-0.120733556650529,0.285665967855989,0.395719785913458,-0.0534453361663908,-0.171516692524442,-0.294282890907117,0.363046193825685,0.442922246796455,0.526234745166348,-0.0296273892153729,0.181779263404004,0.125197483813676,0.108145170161961,0.0430486157146758,-0.291994868752079,-0.987123081009116,-0.716608147489427,-0.120751668091619,-0.24343161802796,-0.0990970376345262,0.174223579562318,-0.0816483695292273,-0.15718088957062,0.036748165203934,-0.455077051207105,-0.091454003743708,0.355235325352843,0.0341014573791737,0.642524193437509,0.238809345793944,0.214070339374036,-0.179000399500275,-0.384956213397904,-0.2020883563163,0.170265615858063,0.33598725690515,-0.142969356972783,-0.267143321957393,-0.115739216587802,0.391461755842076,0.541491162310745,-0.0677155617602652,-0.0178358828027458,0.333613586889867,-0.15860624299762,-0.369532210291611,-0.731134447212552,-0.768078444036968,-0.545911877183007,0.141187089826129,-0.0860824991988523,0.142832930682582,-0.484228680214052,-0.236062756508943,0.642591754178267,0.450276415644281,-0.0051724527908064,0.726988273512227,0.352930953780557,0.702355367137637,0.340569795627959,-0.283563553674091,-0.141653785590688,0.681393181764951,0.129303505845305,-0.230103870949383,-0.28692864157587,0.057133538753924,0.296986272885866,-0.427994486790102,-0.159191464370472,0.250791253341114,0.262277400329296,0.288418718965523,0.471921679271028,0.770308267021224,0.527691703799184,-0.131337587725972,0.200970436425892,0.487484701343097,0.03418441480167,-0.000255946977703972,0.0471524508756938,0.489599469246905,0.210828020588597,0.324885840192399,0.486001852943265,1.06160297715244,0.421224902176175,0.190027586718878,-0.146328830813022,0.000698705071715482,0.553179181779622,0.267392451712069,-0.047344416184381,0.346869814961871,0.437690603124451,0.171182951365841,-0.299543539067138,0.0468444775468574,-0.0558206460259234,0.740481860108306,0.844200928840207,0.438968454982703,-0.0854526843554509,-0.15527256142725,0.00371100416162864,0.278505048157396,-0.0197677973565407,0.0683669153967393,0.100170852164088,-0.328183198136782,-0.221389067420497,0.00729838115685645,-0.706054002678782,-0.091964765172965,-0.0843381688623191,-0.467334696566235,-0.0523603056643638,-0.297441087123131,-0.558905954552869,0.134574628694553,-0.465539213870071,-0.021313965887888,-0.0848176985436307,0.139374500285403,0.346142666289897,-0.0689111584221077,0.219057168747702,-0.165223107641928,0.177478964980365,0.571666478231695,0.0781370971946578,0.54240285766572,0.398411030166568,0.203515089041241,-0.0852937420150251,-0.407651364770784,-0.146324490330734,0.0687281586269399,-0.18213688451613,-0.0202410851236003,0.57447687438886,0.159563615327573,0.473704617207255,0.114802731864136,-0.0987237313660866,-0.700410260402296,-0.210910311375824,-0.244692964840608,-0.0384478396615344,0.450728329619859,0.364135679887398,-0.350191981308725,0.253021815861697,-0.0774279015663312,-0.369076024772554,-0.627178993252373,-0.162438822038033,0.010799116541585,0.500831069923837,0.33419278390376,0.379919626733512,0.0777937722876425,0.278393266723124,-0.0431913756791815,-0.450313254086713,0.126510187886422,-0.484868686070806,-0.335299581036955,-0.321835284272905,-0.312159774487066,0.364275399351875,-0.216975025631686,0.377640731027653,0.115209644478143,0.291577886453051,0.688240406598462,-0.897192244920639,-0.465371072544353,-0.361696043189827,0.114517965728522,-0.154854203641939,-0.488018109514848,-0.094897152361108,-0.484590609639829,-0.275654112197646,-0.251518048894191,-0.174190498854944,-0.264924698394865,0.0851533357686113,-0.0672992857620769,-0.187539356999518,-1.03368523003204,0.410006320842019,0.0606758290805487,-0.316032877410543,-0.264147324387278,0.411292390702783,-0.514298476403095,0.0662468800194402,0.735757659012495,0.741848998277302,-0.192937554832,0.428811783706179,-0.249472504970381,0.167040432353491,0.0582896318729686,-0.165790800802564,0.118935754599796,-0.269279989785363,-0.0831706856493885,-0.252202461956345,-0.0213638540492509,0.611783459436798,0.505927939660498,0.0336727041180033,0.0591603883314761,-0.340358786049772,0.0633743940035896,-0.252776139241985,0.000567910956463254,0.119398072455719,-1.0229192101935,-0.293155303537212,0.408218655258092,0.297973144869483,-0.454137319721796,0.101063471216802,-0.207521785910351,0.452683238791608,0.59759055129525,0.720208389509324,0.133607007141459,-0.62439838523146,0.00550571580271414,0.0492613233918257,0.541640838252789,0.429409369621238,0.631802330518126,-0.30398359917433,0.486379553050988,0.24856235664404,0.756444769681858,0.726951256212236,0.401405006105269,0.337146086921799,0.274911732523703,-0.0633592668179043,-0.467615748844892,-0.338198679332628,-0.0854085290257134,0.22667798530758,-0.0499086680285348,-0.0288825359570579,1.21566081226064,0.868893881613469,0.337366104201349,0.0298860546162911,0.0325308349607368,-0.300842946382059,0.187274578412287,-0.110410950745291,0.0957648630063779,-0.404505979823486,0.0983513644089977,0.210782017987338,-0.701947145040297,-0.443248072597055,-0.537598322535332,0.0074071422717021,0.408958136844234,0.0171853559609111,-0.475774496712713,-0.360300930317199,-0.205481918039545,-0.228618200390279,0.337646609317915,0.000926771122777975,-0.269627788838446,0.329858020438369,0.0131719669181189,-0.0199369834549927,-0.0337832458110262,-0.174559257750613,0.336538270294026,-0.0385985570563259,0.260670862667873,1.00032532673609,0.699363051973904,0.624663527437167,0.588535178399043,0.233374700306737,-0.333367809024764,0.121506177989884,-0.138120463664765,-0.394418855951249,-0.273051216990017,-0.245812925808381,-0.268868178193353,-0.20382943060273,-0.0189437053714523,0.69630019903922,0.440097128674102,-0.33583156671673,0.0996058514808386,-0.0930499560549073,0.123759828892414,-0.578355461818714,-0.619545800701417,-0.197444854397539,-0.285254748749536,-0.258767583353019,0.106153966270902,-0.814683288068035,-0.40290783401272,-0.520205899751545,0.266291704125107,-0.44377705386873,0.249448996901174,0.451461100322327,-0.298501070360458,-0.172037662189945,-0.31317242588178,-0.602474383193526,-0.880344609978924,-0.321752948561639,0.305519958531731,0.0150879111606489,-0.529596277397198,-0.0485063954921712,0.88242337005331,0.706256618146707,-0.0215301273792328,0.170968635245688,0.556764972158455,-0.131644973701856,0.120329165072049,-0.140482618832626,-0.208642633716671,-0.0630196574995329,0.708720671170816,0.728718608933183,-0.0432222355181032,-0.00951247516592871,-0.244129690811793,0.181001374969359,0.0538885003732097,-0.130854935243097,-0.107976296689572,0.21529020404793,0.0983329790512855,0.247362686137689,0.859133597954654,-0.233346170054377,0.25559900118269,-0.266885167100789,0.121658362926242,-0.00557311485554662,0.000552364420253373,0.489149314799156,-0.445403114529535,-0.364187054263779,0.197648024346854,-0.414621170714211,-0.350361705709237,0.0196429019723924,-0.151455834695577,0.175563292780001,-0.0095472053897048,-0.181748090330895,-0.524987929722736,-0.745513787343071,-0.647384442919718,-0.430931703920377,0.283500310994613,0.0707788436452012,-0.157969123078341,-0.315410781449361,-0.270025102152859,-0.0353774631391674,-0.119816196556925,0.115512670233643,-0.239656941643318,-0.234266159795506,-0.596788823247927,-0.345054528162835,0.294052673631384,-0.171024197194138,-0.449662041194408,-0.285984555662186,0.612560269618709,0.459609051575569,0.303894019267983,-0.109593101898626,-0.236951385964621,0.206898814241502,-0.10450364858733,-0.392121720987781,-0.448398144927754,0.333939520345839,0.611878638685427,0.996730068822941,0.680989974217831,-0.209514447736597,-0.436141716859667,-0.182485049679577,0.0923808823182464,-0.0574871082603858,-0.280591422307483,-0.341598789580796,-0.0805753506157225,0.852510060371128,0.210158379317794,0.383597803665221,0.278720153590453,-0.656131421543394,-0.0429637347678069,-0.11347095984679,-0.0595439863036523,0.25925890119988,0.108168523790931,0.0985470368823092,0.504178006903257,0.334669948876787,-0.620530901002705,-0.217878077522782,0.256717083256175,-0.077201752134397,-0.437298011217517,-0.142312026172526,0.0447778862824101,0.243020073490117,-0.0284046660854586,-0.600975083469819,-0.669971558856052,-0.358137876361656,-0.727838676306399,-0.219366533728355,0.51098525819381,0.286172437458814,0.230365619831369,0.00746674079616006,-0.162401792783951,-0.677310839688084,-0.859749016678134,-0.556074548290524,0.073643769086271,-0.746784013874415,-0.927602523445365,-0.327074063873369,-0.690332802066971,0.180633289859479,0.593168373850974,0.454192735771883,-0.129530407437954,-0.0162099315729511,-0.270246804629705,-0.17074950381099,-0.018127333568009
0.15905722495883,0.175780473157497,0.164513635665489,-0.0714414231544812,0.0507323776911998,-0.0371184230831932,0.198319220026768,0.0276526845195663,-0.0194588560402098,0.0600064015592062,-0.0135853283320694,-0.105809224494646,-0.432384390095907,-0.0129618366337357,-0.404401541753308,-0.1218496937041,0.255954173435325,0.0901701678481226,-0.158603337398014,-0.0399737558776317,0.207069163214911,0.141373158620247,-0.0499915897098833,0.000661965445836778,-0.102548542759005,-0.164690351016277,-0.124584936039854,-0.176483562132735,-0.361153224571521,-0.0712664750853316,-0.100704302261916,0.310454147188894,0.27918372600415,-0.00247201649077892,0.0273821403644625,-0.0377421738809337,-0.25545933915485,-0.244226027595975,-0.0833283726974066,-0.17434822494027,-0.0636354985092214,-0.151288571307116,0.106848705097085,-0.0489201162374807,-0.165773083209915,-0.213487798902584,-0.584034148803825,-0.296435739440408,0.106059585366221,0.194703104155548,-0.16088540650801,0.0873749731420922,-0.045473844871039,0.15254612201852,-0.229557340662809,-0.280017502415353,-0.17739250479799,-0.105434082335137,-0.039295902129621,-0.311362962353072,-0.247879133566463,-0.0506968714042016,-0.10426254459308,0.0996736922009007,0.0238447713279446,-0.271691821983644,0.227204305402558,-0.0181094512582734,0.0547992918511684,0.0315400615468517,-0.00480987603629328,0.157141528499739,-0.16846652522955,-0.100828843202869,0.207792803266232,0.0355110416167887,0.060096211311286,0.231401834212882,-0.149163953539951,-0.142594944894694,-0.0512459420546498,0.028790720878663,0.0505583170502085,-0.0572996650740878,0.254268648698664,0.0037077744163152,0.257982188866671,0.243536152253737,-0.0110192631054598,0.139393963560636,-0.246883756614106,0.00571301280130584,0.0730535227949195,0.472624808876962,-0.161039600521144,0.00227480439965773,-0.0569418815202246,0.326120652563508,-0.0326590530605436,0.0319142003406833,0.152787481545076,0.0245471598249765,0.0050444967547793,-0.0681158566456092,0.0196578317075606,-0.312970603799663,-0.239424207316512,-0.2702729120647,-0.0592135274391509,-0.013374737080282,0.211808279967806,0.110794859535397,-0.120706724701262,0.00681517822019273,0.0615841451964586,0.00632343325787202,0.280711202444575,0.169655956474038,-0.0577055318185887,0.432885210253937,0.288081544621478,0.0416787457089653,-0.170606905952429,-0.122805843477773,-0.238219087045375,0.0917837426981968,0.114356674319328,0.113479872663158,-0.0212537852901754,0.0205921391405006,-0.337910969342669,0.104184093552608,-0.131025584714375,-0.0530215537865724,0.0583382856695575,0.222393852208376,0.139431092546116,0.0468163374373427,-0.0554300591493951,-0.0886621537326695,-0.108822325786177,-0.224441590818617,-0.198085219122567,-0.0336827598234826,0.113232809669851,-0.144174831502582,-0.352315532762848,-0.0732813542014083,-0.192805835551112,-0.221675827056177,-0.236953540618933,-0.0561036193725446,-0.109582482153052,-0.0139830082698092,0.024118800277763,0.0284754286169915,-0.0761652063749143,0.0497504390727984,-0.0194880187555859,-0.294609704960204,-0.128150411267823,-0.0489549918221731,-0.105309331493296,0.0144248810129066,-0.175560086532752,0.0217225355224606,-0.0344609253100202,-0.194987481476733,0.00571456891857127,0.243153422949188,-0.0225815955782036,0.344189846283604,0.306811479746243,0.00733992566910127,0.357268022090535,-0.00140299499148036,-0.104102163170475,-0.0211905389542254,0.0805203907584073,0.00846699385422656,0.067570873549642,-0.0415835047109149,0.0443257154354952,-0.0317002212616463,-0.103247477915265,0.0206477240392383,0.086141512777076,-0.021542074095701,0.432267117749546,0.106940217953791,0.0595621910123888,-0.0388846697013119,-0.13608247974505,0.188775934209786,0.222927968264383,-0.0920206827920065,0.0704225422074639,-0.147209776075555,0.0918637909366848,0.0309145666871023,-0.0903319485516473,-0.018142836138318,-0.306961750881257,0.0135226204427063,0.119996863804834,0.103213729140303,0.230929350244035,0.0859136254912218,-0.148867488432121,-0.00507912939374522,0.139656081450825,0.0166319590100183,-0.331032895415479,0.004611297395755,-0.299562902992641,-0.0535699834718437,-0.0355836977293185,0.0486834730727751,0.0570556649065549,-0.0334381665872175,-0.13724452042714,-0.00649681055386781,0.00537012589484112,-0.130544682407622,-0.259910362179979,0.0959237037002512,0.0407546784853235,0.108269965978452,0.112531543561349,0.00394075236648077,0.016699092691852,0.129801198984673,0.0449071822534236,0.346431376858201,0.172887284648607,0.0626844661248189,-0.118331082164441,-0.184811372822436,-0.413387445851366,-0.282023192859202,-0.110672454035446,-0.0598789612679796,-0.120937712557396,0.152395980611129,0.0650655649887637,-0.0930668870572261,0.192454608350155,0.0268092578803934,-0.261753564971717,0.164409552729055,0.119803581057593,0.0553157047896102,0.117536710971258,0.0443777880986316,0.0824273411188783,-0.137486189689375,-0.327847533608324,-0.233497421306099,-0.218363742187018,-0.222361176281225,0.115750748677354,0.0731202604802597,0.162730130787371,0.104662460576116,-0.0215537901557947,-0.0156776690801689,0.0306087673996595,0.156613932113661,-0.255698825571722,0.13004202496956,-0.243773406203566,-0.295158933895177,-0.166064068234372,-0.226054421244094,-0.0201956967527884,0.171015391162528,0.130638316543367,0.212543862963173,0.0357090249055631,0.302346216547122,0.1718176036211,-0.0133809887787227,-0.07242232168182,-0.0996284713930447,-0.317649652130393,0.175220800847879,0.0623173537468928,0.121113453441977,-0.0518337009910784,-0.305894804863521,-0.174615745129501,0.127038360381332,0.206457366122313,0.212163726374435,0.204888661628971,-0.166024363296105,-0.0326796006023619,0.0950623059896765,-0.00611958227029827,-0.0671029661795487,-0.0928680594060765,-0.0780671704667188,-0.214819265083583,-0.382692256504252,-0.217006490145061,-0.2347806559929,-0.345890456063399,-0.128014442346015,0.147303536712453,-0.0281356793958705,0.000624970310625084,0.16894742259108,0.0938816268114634,0.117391541410091,-0.246437602753551,-0.146391438393334,-0.0357129494742241,-0.0271533369227456,0.000825330750918354,-0.125642951590889,0.00393239179712397,-0.0657031416241476,0.187088165955341,0.263517321930977,0.173106133472907,0.0705840125145423,0.0575522032122669,0.0424139178709518,-0.119416441471433,0.169767399210895,0.142599095819507,-0.288257660922494,0.135896194413374,-0.00432423436984893,-0.27493091483408,-0.0827910908130517,-0.100191909553914,-0.415040121130149,-0.00876533001517449,0.0868788358015567,0.235737753415314,-0.0665699601559799,0.0986534114158228,-0.235722731489269,0.0603919168221859,0.364342683738695,-0.0606167026330423,-0.0707208274491527,-0.446910701604612,0.183825920222477,0.0771161567478792,-0.110408639235113,0.0287712162600941,0.0531906337997235,0.389164393537963,0.17734216519487,0.28109622901105,0.141474049729098,0.142424475517731,-0.106363308045916,0.0187604932690074,0.0346661118305324,-0.201373084946091,-0.13479587042525,0.0837042091895906,-0.244025912025091,-0.205514566960393,-0.338414785549689,-0.106592048242803,0.0248220311797402,0.302589560986256,-0.317718318779776,0.0785520450956994,0.201475315440888,0.0621033198076648,-0.069599187310274,-0.13547774781948,0.249931954441506,0.193514513222102,-0.10818049690632,0.0469483071934493,-0.0645519823580664,-0.119741971485887,-0.242538571677765,-0.23755031689313,-0.0700618127172761,0.054990948128438,-0.117757657888036,-0.0837801749083426,0.0638162172235258,-0.0897784073847621,-0.163250123731055,0.00661891224656722,-0.0378548457666386,-0.089464159355906,-0.30132417619011,-0.17301209448435,-0.261491817559404,0.155719473095676,-0.0493688256025879,-0.201712032691897,-0.08515756881896,-0.0831413158144983,-0.0567194253613055,-0.22121806490489,-0.0545559065681639,0.0863761458798576,0.0935478885771629,0.104479857567915,-0.291067364868908,-0.412572076497328,-0.413317326648524,-0.329846590106148,-0.0149679356297038,0.106063757574089,-0.0140964151899098,0.0330079176128976,-0.0496825885892783,-0.0588080355345716,-0.0134491092418627,0.0643556860281334,0.070677520607742,0.373592994826091,0.014599701120961,-0.200861353604623,0.0709021995363645,0.14653275497362,0.155467903087671,0.286091387134113,-0.0572161310509964,0.30675389563079,0.0288567950497699,-0.179964899645762,-0.0474819767427045,-0.101720196976889,-0.0196982651073735,-0.068424286549218,0.118550146296031,-0.0124615584946898,-0.143265441920778,0.00504606124611549,-0.112495189394187,0.0384720822502486,0.0455000140714948,-0.0489504205048684,0.217728948781277,-0.0429654489853484,0.166340748420652,0.000676210157690003,0.131771880915821,-0.404783595050695,-0.0772250301989221,-0.221510579818867,-0.0361009316169664,0.105801663667379,0.100525253326742,0.283195430139701,0.0608988287387777,-0.0155633667438868,-0.17276834843477,0.0133045943166888,0.184908517711829,0.16092442359208,0.0281351900840721,0.27965674352756,0.193128426291858,0.0624692926494387,0.130410140286534,-0.188235142189804,-0.0934079243899001,-0.269576097418404,-0.0251227826960695,-0.0114163408166291,-0.0044943346851668,0.091321015890117,-0.110404854178582,0.186056178084845,-0.168039987203775,0.192780553291344,0.23717897969219,-0.194130821325779,-0.132135715769026,-0.219471159484029,-0.0868472371669279,-0.208960110576121,-0.466479191784772,0.342046192755413,0.269314289571618,0.0101656756179818,-0.184603509124383,0.129308789213653,0.118298261754476,0.150667015415322,0.202187555321488,0.173163214441174,-0.0294261202538826,0.174430215218631,0.0396700728505826,-0.0257791847062736,0.256065240234471,0.0513625304093771,0.521732260366185,-0.0419951381910046,0.0252917497715079,0.0449096288938102,0.127332882287594,-0.365212264448991,-0.0315557640776064,-0.153466434295765,-0.0905724305016346,-0.0416576328143934,0.0608001992381101,-0.0447951941731559,-0.0700096880342577,-0.3147119517062,-0.0934199194460739,0.0391024652404947,-0.00533994941294047,0.123696978092754,-0.0998785974971723,-0.0134457980462527,-0.0338909313103594,-0.147990009443993,-0.156398669692717,0.10457155784292,-0.0244205418645464,0.291294344039002,0.144540701488692,0.0063719141904999,0.0757645890755367,0.0513889823079949,0.394044720700958,-0.01891503388088,-0.0627508677761457,-0.0706749308364672,0.0997165514549352,0.0305445667365192,0.0487514734849735,0.0242501656337653,-0.161357029980099,-0.274788428313762,0.0605655605200981,0.271685221321014,0.0851683346030635,0.131945794980868,-0.22374432353947,-0.326675239424316,-0.276406396399759,-0.00376403369722872,-0.134023279437871,-0.06199982222147,-0.298179810117932,-0.0628144094080172,-0.132794996950058,-0.123436196445766,-0.0248098400565517,-0.0455891549782645,0.171744789128527,0.294775214434787,-0.0549971666856175,-0.0738651491944748,-0.00252224658654747,0.0462559836721373,-0.311327665050472,-0.22729599798379,-0.100556728666211,-0.261623844283093,-0.0810264264410615,0.152528705598634,-0.0169689491415762,-0.0349266365619193,-0.128704715177153,0.073113800235497,0.0133583193646904,-0.00770025053078099,0.151271726530341,0.161913491912915,0.28062858775263,-0.100401127560077,-0.312671234921131,-0.000393463419997219,0.271192226746413,0.11463374452142,0.230228902292614,0.0695957368022345,0.0270412814971533,0.0813915458821729,0.173476332177018,-0.0770298144037739,-0.0296675563897123,0.0327287363305965,0.0137596450923805,-0.0536138815847357,0.111494212857419,-0.0718522456696151,-0.191191674709359,-0.195680375969099,-0.255859803198094,-0.241282741588914,-0.242308260890293,-0.267646481203875,0.285450430981958,0.0186036357494729,0.227546455392024,0.146694758795508,0.367170737913897,0.062841946510225,0.117269044626413,0.0954902872401593,-0.0295198325617975,-0.16351964005652,-0.0837193267671952,0.101017687056633,-0.0967120608923912,0.209689966442469,-0.119528050523509,0.165186499945541,0.252393698456832,0.0143771696919665,0.0761710963382925,0.195489601352524,-0.0889948744632149,0.237491280564863,0.0757431524934246,0.118327816078265,-0.139068611988445,0.263673950396036,-0.28371633676311,-0.0306534872726497,-0.0139304401141834,0.117654176563005,0.228352890434277,0.0626599020013402,0.237198695448049,0.0127994446344232,-0.180363178310459,-0.144961704221007,-0.0246727929418932,-0.0344434597207787,-0.112967673665937,-0.206161067036891,0.0194265091286485,-0.164410905151004,-0.174924344820287,0.000177767832456821,-0.303364745599834,-0.137435739932022,0.0347337142420562,0.20282614346962,-0.240568429827815,-0.306362210420393,-0.0330967603298827,0.0271191172453891,0.155363765916198,-0.113407656941501,-0.0890985888779559,0.137162536058567,-0.0334175069741199,0.0167677845360222,0.146495403237213,-0.0686937951124532,-0.25305321985585,-0.167177397593589,0.00969432824596241,0.204989220626075,0.0582588720332194,0.0616109489001637,-0.00625016082106931,0.0444918304972357,0.185415846612738,0.217080612889851,-0.133847322475613,0.146349716260717,0.0663237931214144,-0.025590699220878,0.246341223227934,-0.0040008361634015,-0.076957626639215,0.0575782191231949,0.117856182176252,0.399772259070296,0.289334551369871,0.203402805249387,0.0149813852445075,0.0157265268772524,0.056932458601822,-0.00208515673015035,0.0445667154440114,0.129192760198026,-0.0129109732553736,-0.159045916744023,0.0978792839393123,-0.043921897230308,0.126586000908011,-0.0616071152841522,0.0454765375131796,0.214295442355183,0.0805747882913941,-0.0336839009322727,-0.142065209881643,-0.0240752666589165,-0.231102111026129,0.14484217461844,0.0633175132795012,-0.299758040406791,0.117848534046022,0.192295936600106,0.117188896210529,-0.0019891520311488,-0.178198057339395,-0.278902664510665,-0.287864771701844,0.00749409623861075,0.258873904452019,-0.0408513729806987,-0.0869227155202595,0.160180094559252,0.113607684123664,0.181389238159755,0.0469171351184435,-0.310435849028721,-0.376281220524246,-0.22999856585493,-0.0480937101409065,0.232218579078351,-0.0317296252581814,-0.0725998772450007,0.00271211009895471,-0.0416740512650583,-0.155409619487546,-0.0981966843367596,-0.371825971783781,-0.215244160499766,0.385820854943106,0.154475633983575,-0.154117783686088,-0.033959518680781,0.204970327780739,-0.0214925272208785,0.105575894385143,0.0627932607144121,-0.0469950744569644,0.214426927524132,0.23279583394177,0.102422206373113,0.151986314038855,0.16622735380638,-0.22290694180426,-0.106921392887967,0.0981422462820541,-0.0298373346895999,0.157044470206362,0.304304709716567,0.375208270062174,0.0750909752364859,0.118153316141274,0.222469808064278,0.475303333702619,0.0998946592000432,0.0275657384646013,-0.181536279207327,-0.215037526946148,-0.0499230011729397,0.149816523953243,0.135051466623472,0.130769919243666,0.0774527623740185,-0.156497563504035
-0.0304421046112358,-0.0485456111342853,0.0334162454309918,0.14373917013212,-0.1776039271457,0.118856732177326,0.0105214799379419,0.0600171990732253,0.0564066431564086,0.110733630925104,-0.11503591981656,-0.0823377687962986,0.17991132100196,0.233278541469206,0.174777694824586,0.164816648429293,-0.013669720496037,-0.074124360667002,0.214362163492144,-0.0327599197887254,-0.0365122621976173,-0.0553651312725356,0.122741615001039,0.219028815316637,0.098247831034297,0.30260207818246,0.130216456571149,0.0602703180938296,0.511789406409459,0.422322995037298,0.261817133175763,-0.319879184558742,-0.165711301202399,0.0999711988324998,-0.0487629118785987,0.25368286479657,0.342706314178138,0.183458559206135,0.366229231963791,0.126475943745767,0.0436058994066937,0.0702587380902989,0.143607858144352,0.0365130588441303,0.278104103099557,0.284495013113102,0.24708456755481,0.231750572495929,-0.0909752895149713,0.0205115443926635,0.0850427116579319,-0.0331072156962217,-0.170599192447914,-0.127588156069553,0.151355472734894,0.19543657342016,0.312910345124206,0.420907185013934,0.134612271824346,0.247038438779467,0.30191084208257,0.0687912175345963,0.131063862839738,-0.0278672016944648,0.0394619466048463,0.248949575137527,0.00405777465058831,0.252512379323898,-0.175876866144266,-0.0891708626255292,-0.160235490677733,-0.222914822416728,-4.94786983238071e-05,0.0403605695671981,-0.202689194810522,-0.00445688583391856,-0.0439065382353777,-0.172402800259725,0.143350535995873,-0.0692875310865293,0.189377126110915,0.344113518253326,-0.0597390845450248,-0.126942864571662,-0.0894028667500461,-0.15971814988034,-0.176514592829286,-0.108514553537347,0.0876227714536315,-0.0300912798458865,0.359910271229194,0.118366601302058,-0.154881241096354,-0.161742671105082,-0.0980764647165484,-0.101829005391996,0.0831628525462622,-0.177358789790277,-0.22389362673732,0.183984346392066,-0.0152293998004185,0.135709836147934,-0.0959362491222619,-0.0942288143897533,0.0590997003287518,0.159757225454274,0.221510362929383,0.337473523811907,0.0050180581730596,0.259733999352901,-0.362901377375166,0.0308333093335061,0.108447240574559,0.0530867624910773,0.0199828973795785,-0.185869671742566,-0.288813339983509,-0.298461151668408,-0.234090902471559,-0.127739101983991,-0.300165346847394,0.0101613276320713,0.0787209533749175,0.251817886686021,0.0118354391065681,-0.017591412887973,0.0610251776692261,-0.134060651553564,-0.226958001714865,0.0219429303360174,0.340404317619839,-0.269289482765697,0.0588993583432773,-0.108508547648601,0.0205313931304306,0.00526397189232616,-0.247344703088012,0.176511796792882,0.00141023467252653,0.204423088543445,0.213990388956582,0.438771941320604,0.270999715710069,0.129947907649964,-0.266185100895367,0.223838268035402,0.125643849590375,-0.0027399056874107,0.189325271356626,0.373457482686509,0.205031080515403,0.101090125667048,0.0571999615981591,0.0681898332113798,-0.03111671341674,-0.175988483652678,-0.0172746417360167,0.00749814675183844,0.0125701100657947,0.0823076143055503,-0.124501995392518,0.241921494086779,0.128624201184961,-0.100001078084793,-0.084239900158556,0.00222271322972985,-0.0976822211897455,0.155900565063738,0.0369598512257783,-0.270305749677589,-0.105097051612415,-0.240308364995809,0.0465554218155273,-0.442279470546469,-0.377407833329456,0.0655017885155465,0.0254663638973652,0.10529855774986,-0.0376059744035407,0.0531007072308306,-0.037026401390075,-0.126919675642496,-0.089985089139545,0.0984114970776077,0.121458529456877,0.0547031641111055,-0.0803064106856769,-0.208889667921482,-0.460037533652057,-0.376038388536576,-0.16536780778632,0.00607227834993498,-0.0864577710804414,-0.383645635182691,-0.364220244798727,0.134036773584293,0.027761084247185,0.0430742082989138,-0.231077336012121,0.116820978514181,0.158535562200446,-0.014774751005937,0.170645368083037,0.0438131235308874,-0.212167110022084,-0.145794620940636,-0.244628054221356,-0.339836159813258,-0.0459159304004896,-0.000408320691932661,0.0885925712883159,0.183318765227831,0.483265638357062,0.182419415235706,0.401850435778847,0.191690946517009,0.0459797834777471,0.111042503243104,0.051964039198068,-0.0150812505296509,0.289744085542579,0.020365289382827,0.0258271361731501,0.245744519293174,0.508564448254743,0.111121530329107,0.0747546426935097,-0.12051513197125,0.210098883679088,0.198119732059473,-0.236223489643701,-0.0391097608935393,-0.107969731725502,-0.665124388608556,-0.17192806242189,-0.0312500907561313,0.323869123312713,0.318707833479477,0.34731948647814,0.296213828115892,0.156666651660543,0.0843253498094364,0.0147659431063589,-0.185161348734233,-0.398810943300296,0.0823911788919369,-0.248522586407307,-0.0117822387525899,0.232947373801779,0.0724225052529044,0.0671217421866937,-0.411057072973419,-0.290787937714502,0.00986293924776931,-0.304230209859487,0.250349943081305,0.10637604779776,0.393750232704123,0.347220601237366,0.226515744562476,0.0310418021544417,-0.0593079855227091,-0.321231192376007,0.0404175898281479,0.0256155737417904,0.136614002060405,-0.0360793713217994,-0.0872124405141195,0.221125998718993,-0.0850255559756716,0.449589783309664,0.23688338367879,0.197176933085683,0.270345632053916,-0.106964394887679,-0.075612131834261,-0.0823777882629518,0.0228948931697266,-0.0990127860928041,-0.323950264602194,-0.230266773595259,0.0223217357947993,0.0510495084595463,0.100899870968415,0.187725398955884,0.00875197884680154,-0.0486984274417433,0.076964650114156,0.273151627801336,0.25905091450034,0.178716008331112,-0.322949811249208,-0.240736257990436,-0.16648640484614,-0.13771206585899,0.0141406807979528,0.119108454599107,0.30411185617608,0.0535895847821059,-0.102279610728579,0.0698368169220122,-0.0247039016949999,0.0280791517092319,0.382284341501626,0.00353648294817212,0.361024477997383,0.282542592687781,0.139312545766413,-0.0807875233142737,0.219295178949709,0.138894950919776,-0.0899075480937047,-0.137575670202916,-0.163193297313603,0.259493979142786,0.0159283092607772,0.0791991381291001,0.113705656726043,-0.0465448465180378,0.110941210902467,0.0861340153460432,0.0556957066857015,0.0437786869751042,-0.346553829104001,-0.358608553876741,0.0101876185079574,-0.0819722545361777,0.0399912760848835,-0.0477828536507666,-0.0557506042195593,0.0166757826783735,0.137945270619368,-0.0960145138516573,-0.133325199293063,0.278959612313355,-0.0531555776397703,0.0203394533635433,0.142792382702541,-0.0132052764814712,-0.127896331514544,-0.0358216274076231,0.0382009825234573,0.0676127732233928,0.0629838288673284,0.0171787010942102,-0.136273901758829,-0.0992521566896376,0.312174630009598,0.121678395989534,-0.168781188784083,-0.254267302880336,0.272619839392175,-0.143954811018935,-0.083207347708193,-0.153428552763353,-0.169946137067749,-0.206005592846806,0.20202166762815,-0.0677865146792759,0.116220390102215,-0.0841671228897727,-0.145973374855967,0.150199126079235,0.137028718100148,-0.0161363560766013,0.175940973197844,0.203763232998802,0.0875322102782393,0.0383654808365177,-0.0762685723365284,0.105470321211802,0.40323987775306,0.196363022022053,-0.0404583652986378,-0.137064279007016,-0.249064335439318,0.124134325245644,-0.244067839219244,-0.384169206511432,0.177323086572035,-0.0492340099106744,0.176464542431098,0.184625194082014,0.337066014541822,0.218749723984331,0.0832395969053288,0.116331637830135,0.289789063067305,0.0963018725165647,-0.00348605412912477,-0.0572938261641633,0.18685494160761,0.153833003685351,0.118194745093761,0.140595625148579,0.503940264562853,0.161183249513096,0.0167684955444014,-0.098397780865352,-0.0177013432233277,0.138848213237416,0.168343690332645,0.0926595640061099,0.116832428891676,0.249463969305203,-0.0632029157848908,-0.0300625051302885,-0.129535125683494,-0.0198726030225281,0.27054033691535,0.297790694619141,0.319447697571075,-0.0208922013935425,-0.0102999867031364,0.108176677098165,0.0345427380606026,0.14345470584604,0.0502703948823876,-0.137049057003391,-0.149741765643443,-0.010952892096594,-0.00520619545540128,-0.164792336895145,-0.045238450355873,-0.0327790888650216,-0.177514994125307,-0.075170855750126,-0.105726163161201,-0.1426187791891,0.0677144100287788,-0.153577151024093,0.0652373803155225,0.150652222380119,0.192838448407201,0.117038097955656,-0.0391296689631059,0.139860032192856,-0.154467175523471,-0.179202792998617,0.0451243625027368,0.099224828423975,0.124771311981701,0.136923605305239,0.10709925017294,-0.145030967972293,-0.0154432244514137,-0.1204746977297,0.119805482669935,0.0444700133814897,-0.123698305214489,0.359884351425308,0.122293294815954,0.134154550757455,0.0992624017050593,0.055911130118881,-0.0728874614451231,-0.2055878287271,-0.0197475220303883,-0.0243877244506052,0.228471592390854,0.12914527772877,-0.11152697210826,0.305160674248227,-0.12703422655912,-0.0885242225095867,-0.071212162532782,-0.0751307343499501,-0.100230957349865,0.304115629453576,0.150012756648037,-0.0671072079722015,-0.0190350762587182,0.134488010795232,-0.143599165815544,-0.153869867222202,-0.0262365739062714,-0.166937906814386,0.00584270443932741,-0.111889401335949,-0.147852272043473,0.301287200391276,-0.0192985383287306,0.0499737183675159,0.0389306547104936,0.221132163414046,0.521386481462083,-0.339955651059525,-0.0193804516864359,-0.0900637740652202,-0.055206025483657,0.00287504380955278,-0.114362954963455,0.0140526136049665,-0.189053551208609,-0.17620940929061,-0.00397576031937318,0.119406624634825,-0.044884944988316,0.122332842307695,-0.167393190333967,-0.245024457293822,-0.255712692326869,0.157430745026343,0.00729409337840244,-0.0471550634148503,-0.271534323415027,0.0983878318764716,-0.0920079112630126,0.217500202711736,0.208203923398138,0.105348242687541,0.0328516565610423,0.170905621175847,-0.0351417746001254,-0.142810670323247,-0.0232650845978572,-0.089553827740811,0.195421911931156,-0.0478670084316669,0.235280435744435,-0.0508138662499971,-0.100280873755547,0.165869891850694,0.243839838385662,0.00246722165221677,0.0415292918814172,-0.200666605722941,0.0138999889131618,0.0552947654643112,-0.0170779222248559,0.0749205446157513,-0.388759350685906,-0.0577252456639394,-0.0248827565709547,0.145414420586299,-0.209335587487039,0.158184107459902,-0.0581194887757729,0.18983804632523,0.268800095119152,0.334454987493996,0.191845631898943,-0.270379638852751,-0.106937362975525,0.238236817613301,0.180284328850516,0.118813932170338,0.143817756311469,0.0455287150676687,0.145272743341422,0.137991550389201,0.212523457316063,0.322603725145759,0.00136173636402917,0.148204294448525,-0.105656788114771,0.0829959257295097,-0.382591670353966,-0.131330008060056,-0.00201736692874528,0.120666446958983,-0.0430332123504862,-0.0286432081806754,0.25688846769018,0.338493093816942,0.1200517958226,-0.0383013019113227,-0.145307448160415,-0.202731869907368,0.189363987283229,-0.0722935226309485,0.0410073481138249,-0.0778408607909268,0.0143278564089576,0.129488995289031,-0.349320211674944,-0.221232195978259,-0.346355311058302,-0.152021106756232,0.116053993959483,0.0958181726367588,-0.210562863258672,-0.269123172044307,0.00565277299003112,-0.063747123651188,-0.0146143262541746,0.00380466524038338,-0.0727179459265562,0.250036892239756,-0.0700165471359873,-0.154682424729528,-0.00311824031148375,-0.164912148067485,0.169376045061207,0.0393347833932292,-0.001498884250868,0.296446681097025,0.377330255756222,0.217505023254522,0.263454125226718,0.213134694250907,-0.204945771424175,0.201522007082037,-0.142427792431747,-0.142868385003337,-0.173025021684214,-0.119476120075471,-0.214006147266857,-0.0854318707785938,0.0714392318909926,0.168264169771672,0.0684424411302224,-0.13927136949331,0.0696715437303421,-0.0609575814771484,-0.0487835642233395,-0.289930693649507,-0.259389251105831,-0.139729707076536,-0.0951319942958459,-0.0797584191832078,-0.043663578799941,-0.264726444078468,-0.0606540687133125,-0.286640415894579,-0.0814543709361556,-0.269546130370308,0.0302935542021515,0.116722645468301,0.0142862040906664,0.00587440564699009,-0.0679668594633191,-0.213615337904965,-0.300864068457838,0.125489486056463,0.142662032846772,0.151141641464399,-0.284356328170612,0.0121370369467405,0.343019002284059,0.345044177326177,-0.00451157530937561,0.0708485253334065,-0.0241105957562083,-0.0708029440956498,0.0828130833973728,-0.00476596036533519,-0.019230198102598,-0.119915273571042,0.420515362383837,0.0560426288523956,0.0732701881938552,0.0639875010127203,-0.210404067840007,0.0106836476277294,0.0226380639393501,-0.0261918999399631,-0.269813390679909,-0.0770956934362574,0.0754919023226794,0.27832181467197,0.42069918451728,0.131061683750329,-0.0883682222208384,-0.326982039785943,0.104217571907956,0.0752950199490189,-0.0712820805356443,0.232977800185891,-0.232482513152843,-0.122069386110202,-0.0381211658002369,-0.102030443732012,-0.224110923642172,0.0705911744570025,-0.192760309044625,-0.00688013391797454,0.0969130479810151,-0.199058686765168,-0.0135670223077076,-0.152368954800448,-0.179913266688335,-0.198518355977176,0.175028115319253,-0.199794540635521,-0.00886835385960402,-0.20419506679504,-0.360685734925667,0.0375187490662249,-0.16816787203419,0.102977068618126,-0.0277264303900664,-0.0592561982115987,-0.21586071687572,-0.148752914764595,0.174208467998052,0.0162515297752732,-0.130656800671962,-0.0952105734654367,0.187251063282871,0.258599622096893,0.347246209366477,0.0825491904034057,-0.254168406806503,0.145679858930082,-0.156649751417303,-0.0554093668919424,-0.170685687147774,0.162451720925493,0.204055965622775,0.507348940935197,0.103808699741492,0.0256602895291437,-0.220040595070662,-0.0440038129955965,0.280537879851113,-0.296661857059546,-0.0244419920683259,-0.10393639629589,-0.0721293498332377,0.233701561194051,0.0979217700216067,0.280049866343728,0.0285003966411471,-0.0719591547386118,0.145598633949191,-0.0206007062532543,0.00632502377202603,0.024945697661278,0.000224107467949635,0.0954441965452697,0.197009635969266,0.0387142341718413,-0.410665087216474,-0.117796335503427,0.00776637099935618,-0.0791175275248146,-0.157250942972855,0.0569419295731689,0.100902955853895,0.0556343327642302,0.0530786386053064,-0.338820668945003,-0.108745023128034,-0.207021144074851,-0.157295351600817,-0.048515617858055,0.316740734459253,-0.0332982305186559,0.207430600117375,-0.00889067413584404,-0.0362419333284478,-0.19773173564085,-0.296308670379172,-0.208430435433067,0.14353779407471,-0.36905732523655,-0.363357981455647,-0.367771042116558,-0.329443421765616,0.0931783197859362,0.100749296511634,0.137377986216308,0.0119827415735887,-0.0763529053332222,-0.0403095415504428,-0.101459018837751,0.0461910413844661
0.121253978863145,0.0817125382177387,0.182221096747982,-0.171990628956585,0.25227360548587,0.12267230500178,0.240513919522452,0.2236196382883,-0.0779022447309274,-0.00653171954144566,0.363170820043321,-0.0750544168592904,-0.0356716070660266,-0.315015913220305,-0.293536840376503,-0.178415839697265,0.198975336699042,-0.166473516303286,-0.583897704289366,-0.00942560368398322,0.402381590041795,0.129474774050031,-0.247969339469682,0.178690611812814,-0.300709530767896,-0.410866028380292,-0.235949459478662,-0.194817479101145,-0.63543035776834,-0.366731447755766,-0.428792536205425,0.356987045427304,0.213880216715521,0.174817350313287,0.103992633832419,-0.546787449067095,-0.657074580865386,-0.130433805164431,-0.537424970719038,-0.392306852722513,0.0137076256378476,-0.226248489939807,0.315535847070245,-0.0561616066191231,-0.271502899585609,-0.241138811108362,-0.395575807686795,-0.222202401466501,0.0447313051854482,0.068555552031002,-0.113696315378594,0.0670604593641927,0.128836209466598,0.102655879074236,-0.12839666676824,-0.375659833371119,-0.1176266620063,-0.525601808605223,-0.16572064044096,-0.415520959474151,-0.777979964629629,-0.244012582562423,-0.00931831545672229,0.113191558136456,-0.139363160400834,-0.420025214710495,-0.0135063163897634,-0.0893191330981777,0.00647035101036054,0.0428679527429033,-0.0604534159437249,0.203607102736244,-0.230954406440195,-0.290206180071873,0.0991985672905779,-0.0699110856945903,0.136105060072925,0.108111501751145,0.0592267616311521,0.0114613312873921,0.0262565550599047,-0.272042497341672,0.0156575394610475,-0.178565714452091,0.121742462862807,0.155725709497265,0.437993591527996,0.18662600217091,-0.143765374583612,0.106957618994843,-0.596379215889182,-0.0271181174219897,0.27739639104069,0.446953063113749,-0.0203293757826073,0.282613902174474,-0.00479589860332961,0.374253462665492,0.163643795237512,-0.101064388758757,-0.133292527036015,-0.0814660928192185,0.182738158289874,0.0338586084510305,-0.198785562943008,-0.35649397506361,-0.492343118756376,-0.45739739765031,-0.177288868388074,-0.2820680733425,0.436013009676278,0.487068868342491,-0.241381368914789,-0.098178146502767,0.00039641329815162,0.269840182756377,0.393087463109744,0.130939791651913,0.138068267849084,0.353831423857997,0.645852503366721,0.203033740341301,0.0277964078298807,-0.389302808153368,0.15074004771517,0.12599565247943,-0.113696934143774,0.289662733176418,0.214959632755105,-0.0940420620610061,-0.458818438149558,-0.0205979912983562,-0.0445555171625186,0.327430645495421,0.0585143801299237,0.11835779485049,0.216672540712096,0.0839622281541468,-0.168056353650022,-0.0914083606303381,-0.278901297462284,-0.453750808247185,-0.40569952562528,0.00749142915786934,0.274383420158946,-0.143553927046199,-0.243770287902453,-0.311391259594304,-0.328250624139009,-0.0749469855644773,-0.0815963930089772,-0.168797339195085,0.00251521048586131,0.217673094227067,0.125634198729062,0.217802544885719,-0.0252261709562034,-0.199810432040933,-0.0434960115685337,-0.0926239433371704,0.121511093389705,-0.187002742946152,-0.245614719325722,0.0198546088550015,0.15324212818017,-0.101911455094796,0.0170342131554236,-0.325119145401359,-0.00654349585817017,0.422867747512277,0.358281421208404,0.431917212269275,0.302368852368834,0.355597311711261,0.520804231050799,-0.0384178273366021,0.140047402534738,-0.102946754748204,-0.275124886217601,-0.108193690821555,0.0542304901828219,0.103878131293382,0.171259005810028,-0.0727525998027556,-0.0664459097685052,-0.0776617437867781,0.0515021563996201,0.0239131717775525,0.505528060138298,0.270510558491789,0.229560340865518,0.0184793677645571,-0.106680877964826,0.322043414884892,0.389690982270849,-0.377242775243488,0.0104361813262794,0.00633336669086589,0.259075402664562,-0.0137324588331054,-0.00299681297045988,0.0756084873462122,-0.155913564344676,-0.184871143312092,0.44655254525596,0.168024689693438,0.330278757827334,0.422632509444551,-0.16813535744492,-0.0268185652507141,0.300754939753259,-0.258221895351626,-0.678720421626156,-0.395391153069577,-0.531269479622345,-0.0794529716390416,-0.150413495314958,-0.0599686364476822,0.0388886197909294,-0.0997826010782872,-0.35640593693785,0.187119435531956,0.016003681130506,-0.324501682206951,-0.68562261905553,-0.0286218992116514,-0.255076043785339,0.11900419946542,-0.310997730470565,-0.242248430975355,0.0361439386797726,0.051597474185819,0.249380009221035,0.477956361961546,0.132809185796736,-0.147248516078582,-0.125226242697966,-0.207552043040887,-0.662274067449657,-0.428653093206014,-0.187564347332797,-0.127730831084685,-0.0720610501399419,0.231493917637133,0.0489261269289934,0.12766054581343,0.511334492333339,-0.0789273853436905,-0.194152108115884,-0.0233484307134015,-0.189873141015014,0.231102286967805,0.200890648981322,-0.12608203616974,0.0901348248050261,-0.00465087933542543,-0.393851425861506,-0.20675142210757,-0.443955272676338,-0.254247379439532,0.313202969066347,0.0987384377834643,0.417831375687501,0.182479857825015,0.0279602912078509,0.0632904203612547,0.00543712761706625,0.146318509372896,-0.226151413862351,0.130384555849302,-0.815957703757599,-0.594091450074753,-0.135971608899841,-0.53864869969351,0.0467837432290012,-0.0566240325709712,-0.0135288846979284,0.418486817037231,-0.0337904150035278,0.398480301911833,0.42761644402855,0.299845754724554,0.0810533358343405,-0.354813236453386,-0.187575948914046,-0.0374585276363483,0.167501147106568,0.0746378919838199,-0.151613726073669,-0.26640476121917,-0.515967082651089,0.164486905076,0.280400020688516,0.435445115824128,0.323308011490932,0.169938776964353,-0.103053161672765,-0.219550855044092,-0.246904443715983,0.290903233109128,-0.0469585850209071,0.087505028107095,-0.173274658905407,-0.450605006763282,-0.131852966738094,-0.501284599124917,-0.549026159482041,-0.563166259969341,-0.106815451026269,-0.206185767555544,-0.00523179271717206,0.172884685036961,-0.120245151375841,0.0588450328793612,-0.122368266187496,-0.17408210272962,-0.318791028225033,0.201438799358706,-0.184067048337589,-0.138369329295644,-0.241972189974245,0.0205299476570991,0.120797184970286,0.500028249818559,0.210444253755096,0.369932542262192,0.0916449516181453,-0.00651308892244233,-0.0589773036392477,0.0566019705687473,0.0438599762753338,0.124123697032082,0.311195277482947,-0.215319259098965,-0.0761430333440758,-0.0449147061046862,-0.139873355561453,-0.253366556222605,-0.138214779959413,0.163647885387279,0.167718151114847,-0.0276370045754783,-0.150787050301852,-0.507034944410776,0.210438402626151,0.0103227048261667,0.0316979507337625,-0.103172673880016,-0.229063946595365,0.237268648628554,0.0119160883132467,-0.219178866558904,0.12908181288523,0.188143208060364,0.274858395665378,0.397362801011398,0.472043655199304,-0.0154315109466078,0.0686034401237627,-0.193959872863988,0.509935542085358,0.074898877794249,-0.403298639185991,-0.303271697213074,0.10326947202194,-0.339008142936362,-0.26697997220478,-0.368276877154278,-0.253499518107723,0.0543820103828151,0.0418859758911068,-0.314681222266561,-0.0952313616378975,0.151813146247656,0.167061840381657,-0.091089065436061,-0.170110109032678,0.287904118863003,0.189866044041844,-0.221662602547551,-0.0561277134943575,-0.199368443337777,-0.0255782638889225,-0.454167961554717,-0.535072368812779,0.112214545914674,-0.115471925321117,-0.244423737922447,-0.0436356335610813,0.0551622127864662,-0.124891241521291,-0.300838286542601,-0.111156770579089,-0.311063524950124,-0.108973343200415,-0.527088983099423,-0.322657497492934,-0.0449186627363596,0.00980521293344713,-0.123125707671935,-0.10794784543255,-0.110291118301539,0.034145236853491,-0.248548545166947,-0.0111416291767343,-0.0977932801401703,0.321430860144364,0.211069837426088,0.0662104126285325,-0.242189113969773,-0.539137178549127,-0.221905561389007,-0.204311352795764,0.170877650222746,-0.157428137212201,-0.0940958928106962,-0.352671940708488,-0.202078027774574,0.144835206056743,0.0648488860463232,0.138904163343235,0.0216325706583857,0.446822150831399,0.0166389984174936,0.0770144807399585,0.125300062742692,0.146872058386836,0.102456502011541,0.257287363855779,-0.142559312338302,0.325170860313907,0.120655301759043,-0.135309139465674,-0.0388439861249585,-0.138785347649987,0.000959993408420783,0.040856523303245,0.230912236318134,-0.144427795682132,-0.478588944528767,-0.0274647919056594,-0.15155106069024,-0.274504059531898,-0.19020065619002,0.131544512227075,0.3053266082009,0.0598352922594161,-0.00702379522398851,-0.0813356428991575,0.140268918992269,-0.186650413202897,-0.161471312988711,-0.209881785854324,-0.0400214622521955,0.216609997597946,0.233451366578639,0.250180397145868,0.147159199822602,-0.135303169313559,-0.413881835776633,-0.320007410597626,0.136604972940682,-0.065970564462949,0.0531026799574029,0.238795976645676,0.23994372768078,0.159069520754342,-0.0601687948439243,-0.400915543986487,-0.294172580364653,-0.446017426078072,0.0896728586241391,-0.330650078307832,0.183066883745687,0.112382025595403,0.0283209409754108,0.176682230092136,0.288246015686331,0.129008689852856,0.163593920095806,-0.257560134543538,0.310701126167323,-0.136831752825246,-0.329860268899607,-0.13574825337347,-0.585624839017105,0.622437208443182,0.338845157342261,0.0316728314709628,-0.0696411684179603,0.189540660603089,0.203411425548052,0.0545298343666165,0.262837107992937,0.101000283316255,0.0454117754014786,0.240854738446208,0.282342030851405,0.0214273794361775,-0.00816165009687024,0.0104626345061135,0.56322713138044,-0.0634262199669629,0.151226384721134,0.0131228725529172,0.236795447078699,-0.336160387855136,0.186227377841917,-0.0900259453554358,-0.233768690585058,-0.331725341841034,0.104058068129631,-0.448790024533579,-0.0215735803179876,9.47531262836254e-05,0.219972888009704,0.00671490223944986,-0.000258651575044136,0.122542875415861,0.0235983265570095,0.201234889483342,-0.120064124133901,-0.330679040934455,-0.322409895929384,-0.138625290394972,0.0314462424944423,0.268414253113629,-0.0856382187680678,0.0911450606047177,0.205633759529048,-0.141010362656822,0.655725450079246,0.218825854436117,-0.271749227705841,-0.248831801315748,0.123896994170543,-0.0167749369158191,0.315005184470144,-0.298300059424526,-0.178394525325458,-0.434075496212364,0.0805663952085572,0.0403576949392889,0.114217047595506,-0.0945305531496394,-0.358087504767214,-0.266762385919237,-0.38122720418219,0.238749486727123,-0.140898780834094,-0.0857255626668881,-0.335433510888426,-0.521643253216299,-0.243329633173749,-0.32368637313476,-0.0590292312747742,0.0139153855182213,0.354106280472102,0.318202646400593,0.151501104497939,-0.204567709722511,0.12768982921145,-0.0514072688492064,-0.513449034199656,-0.396502274778872,-0.22199570393475,0.0141946935987695,0.00529730060942643,0.0108504216242395,-0.107189261725432,0.181815079156251,-0.211134520538956,0.232678954357703,-0.0220863835429995,-0.0698475598618179,0.661931682412238,0.469494678602032,0.224038461108072,-0.0693664982444651,-0.396255097903548,-0.126827035726164,0.216217424348812,0.277682937627638,0.205631195197043,0.132992575857076,-0.154154114494282,0.146195766008816,0.249229407841191,-0.215383200480574,-0.101168441311202,0.0519493941880279,-0.00373285633802085,0.195244857306534,-0.223089377289127,-0.00954957258999823,-0.147507875691832,-0.353547004896591,-0.245341487874454,-0.400248000279472,-0.357709862324182,-0.220488643400501,0.136510830491494,-0.00143906718397144,0.1939720233736,0.314649777691737,0.452529457156621,0.00134674745291266,0.0869849997959319,-0.0963077272730705,-0.0716614532715893,-0.276019044062771,-0.229691398153539,0.424803799315941,0.0106958888823283,0.0739762715360901,-0.285981890800098,0.307094210680285,0.537918639197999,0.106466691779389,-0.268754046287407,0.210913121326548,-0.0771310638865833,0.26064903591586,0.145399458159811,0.190466502664901,-0.0933944027266262,0.279678463840127,-0.104525655860592,-0.300256048015116,-0.0706738001732921,0.123592496780799,0.250280015731423,0.27689665743211,0.669256404365418,0.178903778750926,-0.169101857004303,0.0564004534978632,0.251120505080665,-0.0242182100529503,-0.501894753649615,-0.647001315670992,-0.246237242575555,-0.164876089185432,-0.233515001737179,0.180278864467102,-0.0853437348056467,0.1971780304885,0.287456154877999,-0.0178187491320543,-0.423132460770997,-0.29473032211529,0.029188512018198,0.0329708904559105,-0.0151355120423141,-0.051693625007018,0.00521242043254201,0.188379241976713,0.0952292855634687,-0.0651793217100076,-0.28135198238183,0.00126590796378984,-0.503685242565397,0.0109062073836248,-0.0401613482895685,0.219984769511706,0.0236738364034944,0.156476655026189,-0.284180689523656,0.00942623586587965,0.329439083735209,0.396752857488046,-0.299278595714143,0.337035293079303,0.271974643330545,0.0053807203479027,0.199829909153322,-0.171951659517688,-0.327073916227397,0.154877157513151,0.0866874617690679,0.431476072116445,0.269215498389961,0.320063126151206,-0.056307251784854,0.19452803819107,0.176872435075376,0.147347124721477,0.278541887641942,-0.141070335982879,-0.0325889188713222,-0.172931437477491,0.198852527144551,0.00138059074471852,0.19903682852893,0.270294765612534,-0.143148101960978,-0.00108396678710669,0.127236890307048,0.0757329412555609,-0.404810121053011,-0.138964323749183,-0.496412904159881,0.0672875974154929,0.409706524311283,-0.0743905333456232,0.160059342359606,0.120597749559305,0.250421570851536,-0.00420207657137631,-0.360184317461941,-0.451050468720782,-0.16202764244588,0.0288547767961791,0.210894112793399,0.0718142565132835,-0.16900262099153,0.163573021774085,0.267508191266293,0.169509209241581,0.262497811535406,-0.595260708398518,-0.242337146857327,-0.216389310186982,-0.16629079313559,0.357815740690973,0.134688778035485,-0.0732329631895525,0.137297263512373,-0.444482227080924,-0.0437440089342585,-0.114961820232301,-0.406881406105302,-0.0967337340024134,0.439384898366021,0.232380241010915,0.00254841403539154,0.166863957239391,0.432862930998778,0.113475614934002,0.025689700948903,-0.144662467379711,0.0291141415618417,0.283489045764228,0.256110747802393,0.0257089865458591,0.566908302984445,0.167297221324819,-0.484466253853902,-0.134852793660304,-0.134262958322366,0.160478124900339,0.185193416932947,0.407878655283399,0.638633622410951,0.208348086256193,0.0393285491905365,0.512982494543867,0.684822182546979,0.257923707167496,0.441727803157425,-0.111883595976467,-0.274915486538894,-0.315140549549939,-0.0714030899815087,0.208603908346651,-0.0232757366463071,0.0212012054470053,0.0542250184457469
0.391185748632591,-0.0665580266818834,0.107775682140032,-0.129641125467686,-0.0127538692158342,-0.110379578206714,0.42204906718851,0.180404836245654,-0.18487360127941,0.0602486623892375,0.096135325798088,0.0658378421850403,-0.252166783716683,-0.0729816725421203,-0.338294619771665,-0.170826821362596,-0.0607615095056162,0.0306187844286134,-0.186399338012269,0.0316087294733064,0.135598945159569,0.271382943442659,-0.138022693553569,0.0488328717584708,-0.0926537923329232,-0.333907053066734,-0.372609380180164,-0.219192154797044,-0.57300250089746,-0.45084235358325,-0.128106392430135,0.259999420913321,0.444787247235715,-0.0492845269967982,-0.0504749658027818,-0.312798899731118,-0.355908580834731,-0.403756618459956,-0.271764740584477,-0.162489295844675,-0.080791278584757,-0.0938129413559882,0.208112312193454,-0.146836349406692,-0.430012667129961,-0.189576483884352,-0.460038853693372,-0.223750566438535,0.199445255663222,0.149662300609786,-0.177751200023984,0.210919385094844,0.127733481422257,0.026971686381266,-0.209568767466708,-0.176125201526302,-0.220115347233847,-0.422435193061171,-0.162458004716643,-0.163416420443919,-0.440369132028799,-0.200246616408419,0.0208578303588688,-0.0846593466005503,0.0199383089814293,-0.627519827379816,0.103020719554949,-0.1571193162222,-0.256448212554599,0.141028164058127,-0.112374495410793,0.0857444307466781,-0.206889708219642,-0.140245164270463,0.144501837780169,-0.127380649884896,0.239844443411169,0.183842278807611,0.0512677269513908,0.0553518091890595,-0.10353997483796,-0.0411252197805003,-0.0713681424139722,0.194947401145377,0.0826119472802102,-0.012410690826091,0.036457000285767,0.226204446559621,-0.116933439733682,0.112825271367556,-0.486509315110664,-0.189678748766836,0.219850959729363,0.585793286913339,-0.0373473589409045,0.00281098546669209,0.00658320651998055,0.371911682248986,0.304013444318308,-0.165697790739833,-0.134361919493391,0.106331696750127,0.0696401027422313,-0.0800609608544941,-0.106100784608993,-0.248937693147221,-0.411224991736296,-0.533463963888105,-0.102165424181869,-0.0465080035768376,0.0438190736882655,0.318189019534905,-0.0646409578883067,-0.0878072552330198,-0.11065213056845,0.377285466909023,0.0497449406635315,0.0789105354656089,0.244331337081816,0.225162313339682,0.41791973162377,0.0714907787056586,-0.0942607081034446,-0.205444608632932,-0.0705434585760474,0.0630242747063298,0.034548658631554,0.184124111321884,-0.0011353498666731,0.103557786235175,-0.515373746997319,-0.0158436156391424,-0.127481386663377,0.0523537993056923,-0.00319084506272661,0.224514611026014,0.106753158028774,-0.133430392077825,-0.0901884141337263,-0.222865545778576,-0.352874641305537,-0.440924754204767,-0.339973737273766,0.0333792603201625,0.273447210436032,0.0879898819733092,-0.0421889427639628,-0.16253974460081,0.031537412636763,-0.34356492533526,-0.108181000065156,-0.167141636926819,-0.0887467883635177,0.0312546716370537,0.201167107218549,0.353177176294346,-0.139989654688768,-0.178478063915308,-0.0513241576589351,-0.144262544628708,0.00203426202281736,-0.322685502229399,-0.292581792888242,-0.00236895098736127,-0.146831186748327,-0.0664951789234708,0.103747493297605,-0.255083390809811,-0.0738859784100935,0.182392027110678,0.238452663538709,0.28775194225372,0.193374412505353,0.0601521577737738,0.497406157767637,0.0532859918235447,-0.0221728812718191,-0.00240224236443634,-0.0913338751107911,-0.0671898204256405,0.135434947462154,0.00599374757966112,-0.0344930047626342,-0.205627451623666,-0.269835379273112,0.0818559151488847,-0.178174867508153,-0.0220625481293162,0.223203935841681,0.200288706025605,0.233702556803957,0.0857780041150742,0.00357499331120362,0.25704218076939,0.38684142576565,-0.159513423505521,-0.0862753851518682,-0.16238740812459,0.0907391675047043,-0.122573924681446,0.113606474215526,0.052521031752819,-0.188326178578925,-0.0586167306084962,0.428122971140521,0.0879615168905194,0.412972617326573,0.400515005103298,-0.0310266533000602,-0.0907690513358961,0.112905148601555,-0.187678149027939,-0.553356029029701,-0.454803588811204,-0.23674094581758,0.0731792695988089,0.0783326557368629,-0.303818151880087,0.0618636145637729,-0.133486459407879,-0.00949057625766886,-0.0074617992090853,0.0306618434911967,-0.329635594017212,-0.676479250873769,-0.0481721553884348,-0.170549265776586,0.0398023707154478,-0.295871991402374,-0.0444771957848795,0.251274505378709,0.0994492970396756,-0.0644671440949656,0.582700610143469,0.144075342255521,-0.0673988824751443,-0.0701970039410321,-0.08797352971628,-0.477619948731577,-0.459111908635588,-0.0535550022460899,-0.16782360408557,0.0404107640014545,0.262586839044541,0.297740017192423,0.146490098239036,0.352254838828311,-0.0672762969539886,-0.00856499739860732,-0.0894070303331229,0.0306686942046508,0.170162555747113,0.134378399842369,-0.0728608670972562,0.0818954084584031,-0.0753738734226356,-0.125456535830858,-0.241762298537817,-0.345774090294525,-0.250117945868201,0.236468753612974,0.0274882616760867,0.340536330060545,0.0447258931656189,0.00681236528601017,0.0968708045772809,0.0317868104829846,0.099884797862448,-0.369136222166042,0.119992264691282,-0.453205855999051,-0.55962676843758,-0.316929674844561,-0.565912440147159,0.104840472955123,-0.0292541008817725,0.127189140415702,0.361229851169126,0.0764894057699955,0.362171996364875,0.240284536619578,0.228197481995721,0.125394064457261,-0.0819394806832161,-0.24025212042142,0.0892709823884862,0.148737986461392,-0.0887986185512352,-0.254540855669825,-0.198977572630786,-0.179691596362436,0.211699264378177,0.129909895673524,0.203423397342043,0.137487385637937,0.0177690066651987,-0.185093299594812,-0.119918823745815,-0.341810051791177,0.18203953041655,0.0737109741549053,0.012161134647701,-0.103258459740207,-0.431684906447872,-0.0232171996990822,-0.584250818916142,-0.269169450377524,-0.240560503399935,-0.0783884511422042,-0.0584173380967415,-0.449510598132497,-0.130877908646216,0.0524452509908324,0.186656056674386,-0.259781281425122,-0.0806411782269046,-0.328201521849232,-0.0431934506904059,0.0832748821314885,-0.158656237021261,-0.204020294175079,0.148250897181292,0.219458719828622,0.554915216903133,0.309343607186965,-0.00487424697272092,0.030641284368917,0.166621598398808,0.0520285223190451,-0.0435008362959114,0.167893395136886,-0.108796675947407,0.162317841893764,0.034097738250025,-0.168676130263437,0.00289497485708443,-0.310375485981014,-0.359435212927908,-0.207748984598385,0.237351192713142,0.141516872758041,0.0801256458130978,-0.0734104269716229,0.0161289289334554,0.0446758903480691,0.180418753834519,-0.0860937937668707,-0.255612491133825,-0.203834504638347,0.0122883302822,0.0403507229756819,-0.293933514923511,0.114523060568727,0.0743674976135403,0.198271536818897,0.357782689204976,0.157922177133839,-0.128351927824921,0.359026696182817,0.183264596663331,0.41868213083029,0.190326646750705,-0.241947388375265,-0.149167597656794,-0.0692786232702426,-0.313692285768232,-0.260258914614945,-0.228064962355682,-0.156415138155573,0.234618299414926,-0.0181113852474567,-0.376033023135059,0.140878359516958,0.294315482115885,0.262027405791989,-0.136101417671067,-0.00173780779798186,0.2356454915008,0.126614117033578,0.00524242970440109,-0.150057948325336,-0.2869820328236,-0.191792940915675,-0.55875249500577,-0.549745938260176,-0.056204179000161,0.0465060691115063,-0.0793079521018284,0.164406831736221,-0.0549645700085589,0.126303181006726,-0.27669866720829,-0.150841121103245,-0.352374888076228,0.0134241075755675,-0.480486968624104,-0.267518174817488,0.0350187134334369,0.0324373146176362,0.0507727435264116,-0.146654503775359,-0.0675554223824455,0.173010460545539,-0.282198721286388,0.00372412449030893,-0.136457247948575,0.168332359504495,-0.0896540351661312,-0.0180982275265363,-0.312726074779188,-0.455023920545462,-0.397479014242189,-0.179350950345671,0.0648647005466387,0.0146736425716322,-0.05007044025025,0.013602252651562,-0.0458285031058399,-0.0887621427691043,0.117392136531372,0.0802608243550025,0.0756208359750592,0.407894523928497,-0.0549305857434724,-0.047075881247197,0.383582337283004,0.0551468221360016,-0.0869527444912711,0.321391709158221,-0.0937928132752703,0.234589770091832,0.151743471492863,0.0375955370557369,-0.0339436215556762,0.0537420311482938,0.108096466017172,0.00920518857326535,0.10680151266647,-0.0643196462826389,-0.289914940453576,0.0587993993817878,-0.49382408524997,-0.173492516000875,-0.371009005760868,-0.0904873008401161,0.205922099972712,0.22573445468154,0.117402749205604,-0.0843815080753497,0.321541711853904,-0.192839801938674,-0.19800890946177,-0.0909656797533918,-0.0771185935586081,0.119109665533454,0.0603744147340128,0.171067103485212,0.196487208160448,0.0411259330501275,-0.254061469945,-0.0994968479884174,0.0701720336902505,0.00556245185228604,-0.0483912872869427,0.299453028298448,0.337933992296087,0.107102450500308,-0.249907595543308,-0.338750274169875,-0.335798324965382,-0.220552407088465,-0.274877122892136,-0.291937655312014,-0.1716681660957,0.0333865607307562,-0.208694817481162,0.227259110655994,-0.00799347936674007,0.0999254279179507,0.275228733572434,-0.34768729731212,0.210324544008395,-0.234854742806128,0.00817491124742184,-0.0583700264743982,-0.392339660122577,0.472818134061828,0.248019382256204,0.0160681568272583,-0.146352752238892,0.297543328919586,0.161750103940125,0.0299609823233327,0.112269552017526,0.0446910163563548,0.00357294006847869,0.194458260384059,0.366752904327612,-0.152387768079753,0.108022320449662,0.0955197163469726,0.37175382353917,-0.0335117667152599,0.197417088616348,0.245379140328166,0.0128718263916651,-0.252847222880892,0.348848892573656,-0.0844735780992892,-0.40306444576816,-0.310881040335841,0.000989174036743472,-0.205848029815689,0.0918146149459792,-0.0928361058100548,-0.079165364858662,0.248800174539175,-0.0402984033086546,0.16267946478816,-0.0349456905109687,-0.00381314603896682,-0.128700225323527,-0.223282433954383,-0.344251453349683,0.00286262087438698,-0.0467242892839245,0.198603228857075,-0.0516381781892054,-0.123023320990402,-0.0518719362431755,0.000483298466419212,0.343438110888845,0.235341302759753,-0.416779710459463,-0.212769290357819,0.0947864593395944,-0.172059990861814,0.191831414847795,-0.269153331814211,-0.279187167598162,-0.530732942176378,0.0327272542946924,0.176331723097229,0.068023770876538,-0.013779447506704,-0.22590999617304,-0.29739959036757,-0.417145820374478,0.147274255031539,0.140886608712376,-0.113554634867561,-0.445148383646985,-0.500877553267618,-0.134094322655791,-0.302448053219118,0.110413427257156,-0.012220428856553,0.374078047772184,0.218345649741437,-0.0531430613758622,-0.0996677832615691,0.170540252544108,0.0340030259689832,-0.513255206343269,-0.389857952276172,-0.0861933614519557,-0.0127968781363254,0.0174184641546353,-0.031438670472442,-0.104629812426598,-0.18697190207631,-0.178033388678333,0.290238900356387,-0.0418629501957275,0.0892616716962191,0.600042942515074,0.446021056369038,0.203323555538778,0.141135604288785,-0.160027844573564,-0.142085085442157,0.267197234414017,0.251985960416242,0.0318664058586376,0.0840309996768303,0.104979871442633,0.13863294518068,0.247623608958437,-0.0278203196618401,0.0399046875816557,-0.0526108534655084,0.11863845420158,0.145049543248213,-0.125083741768364,0.0455619184866269,-0.150151645860482,-0.419984113956763,-0.289956183675689,-0.348037402770219,-0.133874895087927,-0.138142300646854,0.336294242411381,-0.092935526095478,0.215636175018113,0.172706466513965,0.0407998163676156,-0.0194154868581116,0.12650688447693,-0.0119853642804978,-0.00364427807921681,-0.16193367624965,-0.26914289074341,0.288487871269533,0.0667578546722044,0.0261582591123132,-0.0242704633226514,0.311811029680963,0.243456383491467,0.00724658741067602,0.180585698262158,0.230135275688711,-0.0409765583352638,0.367875387131233,-0.0258528338732452,0.171848011615026,0.104024895485948,0.438904106135581,-0.256178796712414,-0.290949117580861,0.0355874100224072,0.114356282454878,0.110102525380113,0.172379910783916,0.438903350546082,0.172488412796166,-0.13194115631409,-0.267476540542283,0.336520563254843,0.0626418574831247,-0.36605371127107,-0.14109647903662,-0.080369887653478,-0.0654233213749183,-0.210816637825068,0.154578436240197,-0.21324568230363,0.104579063431156,0.0715472102778794,0.142589966384116,-0.328379068368811,-0.308078617815757,-0.0375494059372945,0.00575955998258329,0.0844377277420949,-0.178815166191978,-0.116967270570478,0.0924181601756988,0.159517650773785,-0.339532670023864,-0.33245671607201,-0.222817250906251,-0.448229396524499,0.13906063567159,0.103526292646604,0.055569115245207,-0.00224329362651534,0.128704438177439,-0.194277273886456,-0.244071912271724,0.305147495313952,0.161672595323361,-0.269098834615097,0.567088647465191,0.232725675383473,-0.115460428028204,0.196794585239959,-0.156075256807047,0.0596299170298276,-0.0431897788888012,0.343252279767179,0.253951660007548,0.241995841021294,0.211348978322138,0.00914844814028967,0.12657423361499,0.0319648734226341,0.0537247617383474,0.0958302528341161,0.0186410374525362,0.161798202293097,-0.147274885741803,0.0776514601000194,0.127156357932307,0.181329954405823,0.0765424593303445,0.032671923638295,-0.00377098942225311,0.0995603454620041,0.129691073860485,-0.249915532810978,-0.0272706327234045,-0.314126329893489,0.0482896667538612,0.0849498853512468,-0.212381963813413,-0.00055973284305473,0.177111017321489,0.0639140625784163,-0.380501777959511,-0.31302183828454,-0.596963173078377,-0.100753016179435,0.231629944440669,0.341681787501515,-0.0094486269555989,-0.0685352598003319,0.196704928383757,-0.0860297245726511,0.297590441851336,0.0804938522636453,-0.501009872724103,-0.200822083992908,-0.299026915764704,0.0136331410832218,0.236310031019508,-0.0189473502866004,0.0112280583953293,0.00109471923139008,-0.173977997293092,-0.10049898990011,-0.277300542562455,-0.416774208166516,-0.0928253396122645,0.261339174366708,0.210268740341446,-0.214351153245292,0.372659603789558,0.093572594799458,0.0166756314589786,0.0620356788564609,-0.266181552715555,0.149178986809651,0.211400085225504,0.411976282529631,0.18044536143506,0.297492796270492,0.089999558930273,-0.440935143342547,-0.146554435581306,-0.0559780527074424,0.0199457131169798,0.207308421006203,0.403563474294219,0.223813780611645,0.27312404559762,-0.208144198194922,0.480800222915106,0.564088959716449,0.217090012348606,0.30292332502579,-0.114294038463383,-0.0988607577319472,-0.021898567618001,-0.0631970012265981,-0.0459769255365106,0.151883142400552,-0.038811426894063,0.112976721616957
0.589274302309849,0.360904629305511,0.694392110642446,-0.49642380777844,0.278152397464009,-0.00100897573782225,0.304080606823431,0.265222260149487,-0.668095885371392,0.396145552995405,0.280741552283321,0.0235953197644799,-0.567914021540155,-0.177226870993823,-0.856336258734682,-0.481771210192466,0.149991978197257,0.0812597049383679,-0.99502143278404,0.12370157739165,0.376883157246762,0.15048740591,-0.129618757979921,-0.23704946883971,-0.44533742421778,-0.680777005234782,-0.566498949226303,-0.503319781608931,-1.81037334812277,-0.757010566274318,-0.747658895688285,1.08847765648294,0.650187191635727,-0.0613401027777378,0.0301986626809277,-0.489416086894366,-1.54423046985966,-0.782601435737107,-0.667010367270799,-0.763166746948262,-0.312730222303165,-0.610846892854134,0.735339664879733,-0.0432116861247508,-0.675056016636246,-0.297491928137301,-1.30967294317325,-0.588244003277853,0.18789503337429,0.289045136542621,-0.606939461229677,0.312337942199298,0.0869185318837925,0.445281387783145,-0.509321643030832,-1.01078031942175,-0.858320068496379,-1.05211537283469,-0.45931048332618,-0.50963506295421,-1.30921405388353,-0.472427096186358,-0.320190658388427,0.0635057855804153,-0.338932381330149,-1.24782643785542,-0.0612957255221585,0.0465001880952555,-0.000647832375925507,0.142867548220428,0.0156112566886244,0.461365984064273,-0.727390173951232,-0.163128371427223,0.344492446046166,-0.255254211360327,0.251047052389485,0.57612139529992,-0.351922928986466,-0.223820014485841,-0.137372427401139,-0.582718976397087,-0.154788955436473,-0.0566832946029117,0.28010242530794,0.183242895925005,0.601555038734814,0.437390383367169,-0.194830379501717,0.159586715195839,-1.41242368141737,-0.602909853288885,0.32791586243773,1.02080404269611,-0.0557119426494832,0.414232955548646,0.11669201762071,0.918884282127913,0.38649404207239,-0.37924715210952,-0.338000850938203,0.105868242884279,0.372929793829728,0.159889858227455,-0.0506787029364978,-0.563817575723348,-0.882575928007901,-1.25575677172459,-0.249601380658108,-0.484212666447662,0.602829315150073,0.800490968810513,0.0555462920076355,-0.369882598939629,0.160159631157313,0.660705730239142,0.755848868426885,0.1040731957927,0.468436394908051,1.01028124443766,1.09762975546005,0.338014732937287,-0.769871610268207,-0.757330897479253,-0.301549573238182,0.427023415213349,-0.049223756915805,0.401877367952062,0.371663585688167,0.115317576766855,-1.39258166672879,0.249637511762293,-0.328276914109148,0.20386017281399,0.0542585902300589,0.189986810526934,0.736677279001302,0.225091168327112,-0.347934829544305,-0.680708587467478,-0.98625633958492,-1.31605955634688,-1.31408126407437,0.0946257448537049,0.655645377783039,-0.362877977800655,-0.349829988203482,-0.320345653837196,-0.432139172908493,-0.680375736276583,-0.355355086700923,-0.382910021115051,-0.30289944917837,0.224680327297847,0.031404916135175,0.685385390480925,0.14636968976905,-0.151325702010263,-0.0627162815946682,-0.574951282215239,-0.141549799720995,-0.205769948884281,-0.580117323477256,0.230047589299564,0.204561137022601,-0.289794247901869,0.191611789851858,-0.864139185585039,-0.112916304297258,0.930040195816979,0.311478764811799,1.0008051809411,0.747639329351449,0.883385859228182,1.01212669835501,-0.171540269758842,0.388511187498941,0.0386032692214359,-0.208993731490541,-0.281747055800804,0.276314755730685,0.61080451800793,0.129329897982659,-0.379019107166973,-0.343424886503489,-0.0236475944946407,0.113373555420207,-0.300232353325801,1.19752518018049,0.788098387807537,0.639822807867984,0.167820813011356,0.128382913462605,1.01076666995317,0.774871806037678,-0.649706289499761,-0.159327430430308,-0.337100663684888,0.307931491309463,-0.156369695838034,-0.286856132255551,0.0791201508587045,-0.826762962097469,-0.260937806037975,1.07192224687933,0.498738536691359,0.690654045112692,0.720816484787902,0.0943816561188369,-0.193286582698344,0.423089527742813,-0.962144370415326,-1.52964537033183,-0.67451128609285,-0.934441965835106,-0.18492778561829,-0.0359667130018645,-0.498197797080679,0.117372060107589,-0.241524675939739,-0.716064534154002,-0.0865719037099647,0.207494224576952,-0.97617160097042,-1.271775875577,-0.168199598335167,-0.476920530434014,0.426111277837333,-0.373931477837957,-0.295368871229874,0.361945668330719,0.245309066668445,0.0379160229651951,1.56921155349409,0.506643732467671,-0.26264834187104,-0.353322816940796,-0.691344755448083,-1.45839927517052,-0.991544766986654,-0.63598758237369,-0.424150787677453,-0.178342494841409,0.740654886266548,0.651300114890213,0.35719546139703,1.24648899249788,-0.119397579902973,-0.228243519227607,-0.22085505487239,-0.265871762415346,0.830443547972551,0.7051215882366,-0.388362797171304,0.283778383917107,-0.28341029446101,-0.751242966798729,-0.700439331143378,-0.86240929484944,-0.587337126163665,0.603199832145134,0.0789277200395715,0.849517704561499,0.42520152939299,-0.181437632663109,0.058192740735887,0.221446433981925,0.270074607044727,-0.767830535910467,0.0444348996165284,-1.62376460220508,-1.26929219181645,-0.681433147859165,-1.05998646771067,-0.162905512115858,0.0186751900204429,0.0599645508398542,0.909552096951598,0.357118483744565,1.05294147033841,0.744178112064007,0.585942356717997,0.222679496442458,-0.582552203864495,-0.39238477789298,0.0598169125482434,0.367263233130943,0.140520701108461,-0.651807403032812,-0.707536029143824,-0.877433397871292,0.808088895681582,0.881310904150672,0.91770301386599,0.679180855963814,-0.0680362413385229,-0.814521968665706,-0.338382298173477,-0.210512683002589,0.571705857874522,-0.596307534299675,0.0983107638945344,-0.641620535665728,-0.949044389159153,-0.0766636790314746,-1.41064725733929,-0.85902493793566,-0.90793902189372,0.415655884079238,-0.390537856375573,-0.514317288477222,-0.0836499678455837,0.211821231842849,0.438965393497313,-0.820974272808492,-0.479378783538459,-0.375557476091571,0.0216926440929035,-0.161562462424046,-0.016304234223446,-0.266464293389626,0.275193740290264,0.375901769442042,1.38029210211073,1.0569431531512,0.295386724758474,0.235352885811178,-0.106531572431636,0.117852624108741,0.169463770427028,0.475207817074489,0.0636263107723142,0.565946550222424,0.0132648360105009,-0.582435106947155,-0.0896047100255436,-0.605316144676854,-0.591901648601896,-0.24915744363194,0.577390438556109,0.607407005216049,0.00191031541591845,-0.32782068903064,-0.439563321673746,0.0738048130998404,0.267322705768346,0.361840305789831,-0.559684016113931,-0.978654890000131,0.284326651599381,0.254376384970519,-0.422021314543437,0.0304573153138125,0.365339372836481,1.15845562745539,1.10044508497461,1.12539720260633,-0.181697871886176,0.243455027642329,-0.12739178952143,0.893275787215773,0.401394951220676,-0.819194325211241,-0.650793543346653,0.0752285941881445,-1.18597782977237,-0.638538963745434,-1.0037545287238,-0.613338983450447,0.493183247852067,0.025039602322212,-0.957680440209118,-0.036359637766026,0.463745608796225,0.481019051122485,0.181648306118119,-0.402455076949228,0.734801446078351,0.526757991993906,-0.125982655120163,-0.285431120080947,-0.66003263988729,-0.656855624279688,-1.41790804809868,-0.943103882341595,0.068084840786014,-0.0769395234563517,-0.399512823818453,-0.00802609794315282,0.148335569549345,-0.17782040987474,-0.515101458657637,-0.430712604362778,-0.815141217593864,-0.568533225483838,-1.37821084082167,-0.782706138934275,-0.270603179062469,0.0774260998213304,-0.0522962295993874,-0.565062130081216,-0.436487479386419,-0.0250171725959846,-0.411471263304652,-0.502455816097001,-0.00731361232685504,0.68448410034439,0.181933300828684,0.228752865025525,-0.728110349217516,-1.4485041451889,-0.986900961239521,-0.34408100398212,0.317769181626462,-0.00504459868718177,-0.428988432736346,-0.183442062669609,-0.455239876868586,0.187124278007551,0.511301679053985,0.568168644349786,0.250200757331535,0.855076579232621,-0.11970321632743,0.129633377733607,0.483502840961765,0.293038333440295,0.387007955654059,0.835291238431634,-0.173849993398486,0.653081850622795,0.163989462862258,-0.2010292294599,-0.411682110937274,-0.359726997313404,0.128825657633659,0.106116911652713,0.364112729498344,-0.0256150320109178,-0.984751059636872,-0.0901037630862012,-0.822208439403577,-0.675464121179861,-0.0738793045962709,0.0666260844139822,0.691536372986226,0.425989603642664,0.128175534283394,-0.0309947150140451,0.349549479022106,-1.11247629794136,-0.36437572801159,-0.605946272463099,-0.149158900716845,0.526293162209583,0.67491912374873,0.739403396634292,0.346119248226865,0.119207559650677,-0.816309686565312,-0.567105586810177,0.153333441981228,-0.0540817441080178,0.0141904900862894,0.727764674461357,0.917716966047009,0.234490060916259,-0.0480673303561215,-0.612460887654705,-0.512984868784497,-0.594593280222322,-0.294527043927648,-0.232276513498195,0.18459332408421,0.623299312379666,-0.18068911198315,0.791031754332812,0.416468724601518,0.339104930958912,0.539381989199736,-0.820173850553772,0.285821880489267,-0.505130437310239,-0.333475619897303,-0.416912969817962,-1.26659015332501,1.28818245533064,0.249972610320508,0.584448973931117,-0.023102237020673,0.812864702598407,0.804530576079102,0.290014995865156,0.474581621868987,0.458490478118425,0.42258496548169,0.523701953586488,0.715514682719373,-0.0809962569217925,0.169970566204065,0.317670165259502,1.46906869936893,-0.620561439098446,0.124466471318142,0.604799871135271,0.139483563082087,-0.770953897563587,0.323968457741809,-0.208560143756581,-0.91878436923474,-0.786763963451109,0.162297139015069,-0.55643854338378,0.51110820288714,-0.450528805872613,-0.058033177755021,0.300218200769515,-0.15342920645011,0.256111843916,-0.120618196400082,0.334718708138511,-0.161937478482691,-0.997392134596093,-0.578799079129639,0.0447802497403601,-0.0996135436905944,0.994361874508935,0.0533604917066829,0.181083790122595,0.0610186201482826,0.0236783973805739,1.47547181313701,0.468002354149585,-0.585329472894198,-0.459406815820688,0.675549068959456,-0.143172527873014,0.395529030254593,-0.683857362521196,-0.979123191483423,-1.04878722099841,-0.481594905037578,0.509952627610488,0.139742182005535,-0.120073565089036,-0.603332954181954,-0.596580769320464,-0.841860575492871,0.435373087423631,-0.535471788406093,-0.327667344523557,-0.894854500323106,-1.15495437591621,-0.661504572075576,-0.692095802091036,-0.409231471065761,0.138429708688553,0.848063572434791,0.698588259093421,0.123030239225266,-0.363228823888782,0.084736290395861,-0.00593848311903085,-1.80193335411319,-1.2299753276891,-0.426893638359983,-0.238301315752869,-0.173227277399743,0.574476250599312,-0.279829267040825,0.101246879144905,-0.316315661684453,0.224369232319472,-0.237713354180899,-0.44175802776302,1.07841187435265,0.824948086442599,0.365237383969977,0.112069280018875,-0.693902077384335,0.0559845266976378,0.634315250189978,0.791797877900221,0.280306733719094,0.395621763432836,-0.321669098635627,0.142752576107275,0.349721033786353,-0.440803100856028,-0.00974549341524133,0.152240375104819,0.15519663077585,0.147900929873603,-0.768780492596135,0.12470272427037,-0.497738185862809,-1.03507123427254,-0.857177645600395,-0.766305594683853,-0.739991938860548,-0.506071133123732,0.458900174067193,0.0727443418153405,0.514669107950172,0.708736791115682,0.515491712562305,0.28652306080649,0.19720868214046,0.093933924329915,-0.0446169614579478,-0.843513026314735,-0.497356432107074,0.596209915995386,0.154430434708998,-0.129978122962589,-0.288107107894295,1.10874781245095,1.0103649789268,0.248135327158884,0.3289616777695,0.584265512247846,-0.17005049879281,0.98576530694764,0.500514133595127,0.765309579457366,-0.234811669702369,0.790446464816002,-0.72754879178029,-0.633462416929502,0.221222376361012,0.417259102953913,0.569949135772363,0.804728472416978,0.840862771175026,0.489821780982316,-0.701075422360114,-0.100571036922075,0.698763892071153,0.118733516137761,-1.22600720159696,-1.29283657691187,-0.2440986777746,-0.43424501179732,-0.714100518834502,0.0820422396300605,-0.353145599200513,0.385968982033218,0.229934566044866,0.0146870888246929,-1.06503161357012,-1.06914053713637,-0.0243274546128338,-0.0244421939389658,0.471191077811047,-0.25299635235972,-0.11005977982159,0.385584688871077,0.0932498181549887,-0.291079200810295,-0.549161958363649,-0.540764592447826,-1.37271428863971,0.133308997524602,-0.0688129365230773,0.380556446178095,-0.0305073465574235,0.0264305496413844,-0.252687406690867,-0.505716461105614,0.515722674937324,0.766133906691593,-0.47561332870109,0.756807864671243,0.709424857148313,-0.101735473816804,0.209031310650334,-0.272891284087341,-0.181668380190023,0.322794421531534,0.382746086115064,1.08214250671387,1.00143504088817,0.720270381975065,-0.332379879336672,0.173764299777757,0.0356275307381218,0.3229864155963,0.722158746777307,0.0580297772876328,-0.0432231929564012,-0.210967097948691,0.519613399154601,0.215612249705577,0.758444380324962,0.418745355725033,-0.359546135336699,0.200989000794636,0.554702530600577,0.353762647421868,-0.826868386721827,-0.558102823211152,-0.789126511450238,0.320488556820994,0.343479283874338,-0.231082875104841,0.239560972284731,0.413579775285634,0.587117135249015,-0.58530247554604,-1.31970913353846,-1.33937825956971,-0.772386107517607,0.201139044324533,0.798536695698039,-0.109120314934563,-0.304832251935002,0.287265855675978,0.378866022663725,0.654036252914688,0.109526553075462,-1.31921605213422,-0.411715489106544,-0.641578145775861,-0.442059983851585,0.777016202166102,0.00985601136430303,-0.106704786766766,0.203717002703084,-0.636342582324592,-0.0473357941678006,-0.180220992164526,-0.880586958199041,-0.345389733277349,1.01632360086154,0.398316275135079,-0.267691741628872,0.631447928712987,0.559710807726444,-0.0694900554923874,0.116198294735855,-0.342833203883295,0.187741625024019,0.891983306229937,0.670380359031328,0.374691125600218,1.33070678871107,0.0947807215235923,-0.892287196547569,-0.365651363565578,-0.370334880108751,-0.0620218503546509,0.389528121362159,1.30344070629095,1.10187106594946,0.852567650188934,-0.140520261352451,1.26304449021619,1.4228562328277,0.780088123580386,0.826804933342441,-0.288640897153601,-0.687729686323926,-0.68564822149789,-0.100236078702259,0.19646111394091,0.509799970544169,0.0985053328393553,0.0779392849779832
-0.258393592440563,-0.248996666697215,-0.189470990850566,0.100001343564735,-0.197238257176599,0.0263497024499778,-0.301477486734964,-0.223449926842974,0.309603730251156,-0.0875654280493144,0.0725638881973425,0.0774695252210813,0.206075165939585,0.0576747152561711,0.610817611447032,0.202635609196311,-0.312909848749377,0.0348775824552995,0.495084103547512,-0.119857235106514,-0.188050191805744,-0.186309259942709,0.108159001826495,0.083025375543281,0.0915929471132771,0.491551332981872,0.282659489519984,0.23330106291651,1.10396826188006,0.419945438392257,0.501994215873954,-0.63438296808409,-0.516244165614248,0.0940890291313775,-0.234647651972601,0.116673426378639,0.657671290308454,0.290273355986903,0.370229385819533,0.313522237748213,0.360410439034466,0.299117427690971,-0.222057685724863,-0.0401127640248383,0.41269107552958,0.3491889343337,0.873937634663971,0.336678372855036,0.0714163145238324,-0.172404941731823,0.40768587726303,-0.0913028097358843,-0.0796403232824047,-0.236622148085272,0.291858224782451,0.475452908802672,0.598992693324808,0.654761476020482,0.291525862450456,0.24940230590943,0.510868547932154,0.313306431852682,0.23191900698332,0.0612773875315617,0.115090076989446,0.717780994896398,0.0618662934705822,0.0603237784370162,-0.0810652582189117,-0.0207004975890653,0.133265077054282,-0.281962739180219,0.416975471528765,0.151006404249294,-0.2955154117676,-0.0239524615745346,-0.0671602643999216,-0.0573218330909277,0.0130749272338063,0.11618434741831,0.174514055847416,0.285711944877016,0.239043907446224,-0.0244481146962013,-0.224623364255963,0.123043727062688,-0.606041292465349,-0.366976860392366,0.133589929671339,0.0156409838986734,0.701537895587053,0.12629703037306,-0.266154447092418,-0.507436324014611,-0.127089038430827,-0.257647541176919,0.162153288351304,-0.289034084864867,-0.326567772225149,0.467565829179856,0.0224448536969587,0.106955236138163,-0.246102616834331,-0.0928419023716733,-0.107397868790758,0.444297372461795,0.461779960038884,0.566028182373779,0.233388824255567,0.271111258143409,-0.449120030005112,-0.3236869696835,0.0512909499763153,-0.0252397259512879,0.16156690259418,-0.366341205497985,-0.195106722352705,-0.203263014204563,-0.0673644159572061,-0.611578234459988,-0.506688897340983,-0.166634392118352,0.258427270878451,0.473549619299418,0.122084067262231,-0.111316481966089,0.104710644080072,-0.183294823375273,-0.252675399630796,0.072413415872304,0.668977289970538,-0.124642459203413,0.258464970267075,-0.173294205694744,-0.2268338150028,-0.0684954489308184,-0.331218145858837,-0.165028141129929,0.0727408973939602,0.212562920570349,0.528112327335383,0.683281721399191,0.363201925366727,-0.0413774178670116,-0.375836154782886,-0.00862935185723757,0.38625319869668,0.205354202323795,0.304881273481445,0.222752524155053,0.0372092875843242,0.070674169621284,0.206024795967686,-0.0365988773440908,-0.0138165096850958,-0.383705811794991,0.108334424524928,0.0696100204849267,-0.125684767552117,0.437489337557805,0.0363902871307665,0.220724002827917,0.409465860981297,-0.0909105484064717,-0.0367298788979371,0.308317222079485,-0.106261541070052,0.468771155979152,-0.0020131330405172,-0.324395626737157,-0.197720541599426,-0.629451974910659,-0.295114157684519,-0.377905250171766,-0.566036397617254,0.0366893368375356,-0.14737763555884,0.00715405799229216,0.0102334146986832,0.201892678085174,-0.305316286089578,-0.383290063132697,-0.0394387840200281,0.15807940237533,0.177105342207709,0.0313340263040879,0.00658176243433192,-0.108185214613792,-0.741978572191382,-0.32904593168638,-0.504302705667475,-0.113853107142074,-0.0775579559705511,-0.467956813959201,-0.526915154644013,0.398203395191813,-0.039572189839522,0.169611996901196,-0.0964754624820194,0.0110032297334457,0.122768968574336,-0.144149261879287,0.232109969953916,0.120714284337145,-0.586350655182594,-0.380837156721574,-0.322253791867359,-0.534073227364873,0.0742486825942635,0.148589274911859,-0.11950603230643,0.393704586081724,0.714532322910644,0.512413273321365,0.324547355516385,0.0563768332613036,0.00644704981752785,0.224498072640098,-0.0865250335933951,-0.0338956134333398,0.282351696280748,0.0912004847880049,0.0763487122263028,0.456867405514575,0.903563486858653,0.168505228215202,0.225725714290723,-0.233251250886978,0.150895421667234,0.239528528804064,-0.179653349548004,-0.0948439472649291,0.00117855305051198,-0.53605158721436,-0.029634493464191,0.102604066908807,0.352610416589559,0.364095577744847,0.759749553784848,0.609811074336966,0.447488026258236,0.168048227191828,-0.0316005492773231,-0.291106555543431,-0.447464490122906,-0.301965041466734,-0.543451115932926,0.258495166273355,0.275111005757616,0.115953036565838,0.024366040882089,-0.16765523311845,-0.228477221523434,0.113418676317266,-0.246154762451605,0.123669968415596,0.464820460388492,0.349374032588384,0.572945585405557,0.307240139484026,-0.203297198749512,-0.174332686097631,-0.4813378597969,-0.367227856536355,0.248156294962696,-0.169276646188826,-0.178511613029541,-0.130370660075735,0.235142485674163,-0.0288249576685599,0.940434226931909,0.791953836469309,0.564315289719356,0.475131501993136,-0.0504016633227646,0.0523003929315108,0.13312755555101,-0.551129928518195,-0.193636701736214,-0.581135591817847,-0.306505915174458,-0.201204501861408,-0.23543229517752,0.113170283216638,0.211017514255214,-0.0404848726279006,-0.284421568317574,0.0289064521420519,0.220787429971838,0.437050381821167,0.421229678868481,-0.261619814639236,-0.290976153892947,-0.51645350352627,-0.356333620483424,0.0257165363990249,0.331927381153852,0.354296181323589,0.205604849462105,-0.203077110018218,0.332336768869285,-0.0716643198034611,0.293162175793165,0.603221647262873,0.178511351229127,0.766314873090431,0.487217832252948,0.320344605525653,-0.0834430083091612,0.238406961530325,0.123567222266022,-0.0301153886083139,-0.0661309758489883,-0.277726535454632,0.235436223813407,0.21892310771662,0.348783681435471,0.0874882901977366,0.231317954882436,0.0203545645136434,0.145874776682865,-0.184170789708582,-0.318044088359671,-0.623057879112766,-0.319676300170661,-0.300368966224924,-0.00465762189820906,-0.154301766878598,-0.10039365746588,-0.00766815426800262,-0.134223553037711,0.0844647909361966,-0.378617345985082,0.0917987238769735,0.31423882105728,-0.233620771348489,0.216430684690772,0.258659216142871,0.00100396794085097,-0.28530395871011,-0.333955757073948,0.0714800472473574,0.284150724254914,0.270109948361367,-0.15984548369169,-0.194484079718631,-0.146715071882765,0.216066575169639,0.315063832389116,-0.102056207071285,0.226020227085699,0.421270947524072,-0.0533997466525943,-0.227955669568004,-0.578159842191143,-0.754542865188677,-0.589005350034463,0.148947098902619,-0.223339508728197,0.0874011519024775,-0.374669646556317,-0.0703402226484148,0.48954381437555,0.556580711421322,0.0175659649781385,0.551531407450457,0.347399232052121,0.520981423324583,0.43146646119287,-0.276963677039649,0.0928276483430161,0.436545068381825,-0.141561452260308,-0.33527228561634,-0.313894243206797,0.119433615533151,0.154324359581096,-0.415413457453155,-0.0461546919851671,0.245562353697248,0.207068579283743,0.411918489118152,0.26662198304636,0.745885730346952,0.610897198932094,-0.0539256297915831,-0.00564591164287893,0.242719164210882,0.161128435320871,0.038998089355073,0.051160126297701,0.420524275082569,0.16960153745181,0.523319371100518,0.204052694570067,0.634596525793345,0.541821729413771,0.0894244851869374,-0.13625055012362,0.155387742983519,0.353386421025242,0.309093005718485,-0.0277632267229302,0.168132020043453,0.176140018818454,-0.0197073555093748,-0.294782461743604,-0.0461027061804524,-0.180437322988009,0.497026983883197,0.669290269249863,0.343213146866635,-0.0640596964764092,-0.27991017711784,0.0269081829276375,0.043625434514722,0.115791694150103,0.318502307744279,-0.104427333590613,-0.0960914138812905,-0.0979615557489881,0.0546011348670486,-0.504293507920726,0.0629696520329431,-0.271317975258272,0.0437862193977752,-0.101756680178791,-0.232900831710694,-0.485237422217578,-0.0755272304317749,-0.405647163973612,-0.0330710921350648,0.183784484359395,-0.0502835211599511,0.0514829466282948,0.109786549546272,-0.0711767209636137,-0.367746029912387,0.0992006591977793,0.731327401445109,0.168733231463399,0.447770027882512,0.472090869397708,-0.0130241063975623,-0.197039619724698,-0.409022843033099,-0.0729951458589956,-0.113098044542781,-0.0189370941807504,-0.207675807073497,0.422145799012978,0.251321088780424,0.332933061654941,0.137954292559385,-0.220704930082573,-0.392186094040384,-0.21981973450701,-0.307124641148713,0.113092050344479,0.410761181080193,0.361895735316364,-0.175425168144075,0.156654553956497,-0.184717064845206,-0.194217488213329,-0.668028790837912,0.0678050697746342,0.150857095160225,0.360991997051582,0.352210143979551,0.225214160815295,0.0876840063198582,0.169579532335921,-0.197118650190931,-0.122914399409026,-0.0255471591739643,-0.284166056299053,-0.284376768092698,-0.0615588100840626,-0.390706998041414,0.378884748189786,-0.061539383719634,0.131386855656352,0.106122801450021,0.140680985598878,0.693656061639054,-0.661352485224848,-0.450829484311143,-0.311636127519813,0.115423410319505,-0.489298405198884,-0.453912756454271,-0.332000085971143,-0.498123377902975,-0.423184882317669,-0.138058943349966,-0.148236709724363,-0.218595412600449,0.0233459640187184,-0.305245245672288,-0.141851626476731,-0.708431680905856,0.181115217418686,-0.0597334796615833,-0.300024648953885,-0.123871171311566,0.347107555831965,-0.237710829675997,0.0939184235043998,0.539753221543823,0.427235376084922,0.123843063497861,0.259394233583538,-0.121065491879884,0.0859483504095891,0.00614906759560046,-0.313069505447906,-0.0241666704968444,-0.134331759074045,0.14527665503502,-0.424325127706128,0.02425747793608,0.330202423645956,0.204431226971487,-0.00957875629372088,-0.00738616252154078,-0.262338783777616,-0.0678111609900664,-0.0399444791526108,-0.00515756031872356,0.121967001623337,-0.888684430633142,-0.177185623205532,0.340384318118702,0.306466494664999,-0.344633261774568,-0.102194130088852,-0.386275036670179,0.278281571537967,0.56398273868326,0.495990679331171,0.148676025241971,-0.256463404253943,-0.0396330022369165,0.156224566411826,0.488105950904152,0.441837002975065,0.292278186217387,-0.330210745733517,0.401373516877033,0.0977895629178669,0.546425556426348,0.609330449024726,0.25726636872418,0.329964996103929,0.22072432910867,0.0301676702907603,-0.435050723358434,-0.452579389602988,-0.131862775518232,0.138465953104696,-0.131312470549216,0.0157631955940971,0.939556010082973,0.592664813086418,0.295104794073467,0.216437502861948,0.0703552196822798,-0.377519279963902,0.265851406403559,-0.0756551556326997,0.300721502122525,-0.356375602723879,0.150912096085737,0.258258115675014,-0.539548327818883,-0.440162148656847,-0.264844615999732,-0.0406958604843706,0.352006570962047,0.0149281085751991,-0.295336633232647,-0.297030851644981,-0.0271465407726069,-0.203881279431541,0.0307795887834146,-0.144301995659966,-0.175682894671727,0.117794186414444,0.0572872908922983,0.0306930157115891,-0.127848599237219,-0.117245896388626,0.253915448804202,-0.103605006794842,0.163391322337362,0.653302387580491,0.365073105173988,0.46830039962688,0.464064241475693,0.330542098646778,-0.121873453271483,-0.00421063364630993,-0.171574977044262,-0.459708500994424,-0.398568461643355,-0.082071319664426,-0.175238476140185,-0.026027756156349,0.052608926912031,0.438254957446242,0.238108148675659,-0.376663496231705,0.0861424308439596,0.0967640145051306,0.0677525472334719,-0.49624229176763,-0.602442022029878,-0.280068750874618,-0.234522250924743,-0.0799982900570028,0.216091099698068,-0.532995685573026,-0.276561239800331,-0.523917880688781,0.218991240564174,-0.191730424740924,0.276265747067225,0.258227018630923,0.0527078162893019,-0.31150450508197,-0.0722370528263083,-0.547280715358643,-0.571347601998611,-0.132357294862493,0.197482733984295,0.0569898533069154,-0.331211085165495,-0.148207165201318,0.555874628186846,0.634583812807729,0.150266143229938,0.156984456119349,0.494454664482444,-0.144464722240632,0.280582063017487,-0.243996493699843,-0.212962056060624,-0.0591646485170355,0.590057532247416,0.61738008862494,0.0874056789553802,-0.116976418343367,-0.402200390035496,0.247594057839496,-0.0448002229214556,-0.149205237296889,-0.215917763435927,0.10924480321867,0.274467311989465,0.268904564279732,0.745808795866592,-0.069366422873801,0.118020682258132,-0.23607958197205,-0.0618455883104485,-0.24024792063946,0.143635569407038,0.276583732598633,-0.2397061780499,-0.460604431901432,0.240781105842038,-0.41624174408515,-0.199025869534553,-0.183618122006604,-0.0571647169856327,0.181951857747053,0.170272002546701,-0.162546937969855,-0.293617901180425,-0.372240952255512,-0.319420233597926,-0.48604877051198,0.188627828722146,0.0218998738905268,-0.107906109956236,-0.272417225155372,-0.159447269193066,-0.155373117527604,0.00861338705590147,0.161785973210924,-0.189288299513057,-0.0568398085803269,-0.394547404317472,-0.218139479894111,0.00917754243582106,-0.187504867770621,-0.290229889781634,0.0743725730680696,0.433968452796458,0.255916846672245,0.421700559576321,-0.209215668514041,-0.142597062270013,0.198841684561636,-0.0921057002337046,-0.163393552049126,-0.535025037048013,0.440392821607264,0.717619192970193,0.835895610083389,0.543070655866381,-0.0637989989564796,-0.41158917749333,0.145300348269407,-0.0541093056164274,-0.0623336217717037,-0.107410022693091,-0.324941629372167,-0.0614722784627385,0.690414507117283,0.213127723148785,0.495556314708373,0.106469975861787,-0.474585116912699,-0.015915378940072,-0.109466394993321,-0.172984025193673,0.395675989422301,0.0118957021622135,0.283858891776821,0.470649307060855,0.200300589832095,-0.493717242366896,-0.308041062262463,0.160788905849279,-0.425686827399514,-0.0992744424951031,-0.038631338888726,-0.0220078455247533,0.0283278619715399,-0.28179317501821,-0.393428491732483,-0.434618984444881,-0.0501946947835446,-0.413706115481516,0.0301779354787572,0.635209766852357,0.196579863858182,0.431280436694509,-0.0411986913015274,-0.267981959100882,-0.627110066344973,-0.610742643872688,-0.49747533584282,0.15281075234144,-0.612174389109115,-0.780945599933342,-0.247686267246543,-0.416751209222727,0.106317322644948,0.285495230387992,0.430485058301749,-0.263874002092297,-0.00386266115851461,-0.0872717032900531,-0.0956727198845291,0.00473898550454854
-0.179237059174759,-0.245164255837777,-0.0407102627322139,0.0575853204894202,-0.150444393170605,0.0518623275508583,-0.312482786416331,0.109798148783993,-0.0539380179846184,-0.264402801499068,-0.0639397899534426,0.143445096695174,0.063770827988926,0.101394095978089,-0.0619948922635987,0.0315250578751019,-0.00300147858992744,-0.0468831725289733,0.240368018652712,0.0757907527937371,-0.251153746204137,-0.0330715034650304,0.159072629597319,-0.00182231855889014,0.16970995359179,0.143787552826335,0.0791774833602117,0.126102809684918,0.199953845018843,0.00311912587478022,-0.124696626139121,-0.105392034462747,-0.023735465987433,0.115669425881282,-0.125239461522535,0.0648924948026813,0.11185996831887,0.020644367451955,0.167391084345126,0.0957468585024435,0.027877037385729,0.192512438210994,-0.0544246902992294,-0.0253720373444873,0.270624258087589,-0.0499012894636757,0.247589485796875,0.0302879732025688,0.00967065948598193,-0.243049693874628,0.00427120723158528,0.159344872443719,0.180295885989136,-0.148028864164269,0.078529868691479,0.168972414972461,0.102148573419596,0.223095228146574,0.0195313086324867,0.102533940258273,0.205623394738404,0.106994915250456,-0.0389910109174335,-0.105408014344768,0.272720434365374,0.212798711784548,-0.0847961268210807,0.0276255847272721,-0.0477955867991856,-0.0247952125225217,-0.0265854763623636,0.0712269548438342,0.0939829236898065,-0.0302383487156373,-0.119378613457698,-0.144960756606047,-0.0416660809338735,-0.103047539130558,0.152021661402721,0.211658799151645,0.047790658256667,-0.0276356444277845,0.167682095729386,0.108905737758091,-0.0444799492954644,-0.0311477605587419,-0.213508513161156,-0.0114171946458107,0.156401256032942,-0.135113547196149,0.293893559247915,0.0993748457718195,-0.125780811916385,-0.226273961394897,0.0646282024092134,-0.0142320578986627,-0.1028440054941,-0.237673042093689,-0.0668506146057368,0.222790760594765,-0.0317465974501474,0.000120640044419904,-0.149403300985496,-0.216042228282,-0.00575610007079616,0.00616844574140696,0.167692084285932,0.205379268881885,0.110599612451006,0.0860249565470152,-0.0700097622745647,-0.119621207432273,-0.304911481384391,0.228764665996972,-0.100658211021488,-0.142139144490333,-0.00909563416563393,0.00538347010979815,-0.136152292290559,-0.00541140271787677,-0.2141096853248,0.00858337647837481,-0.0160779600928733,0.204067653273482,0.184331894999845,-0.0273530195727913,-0.0182629904230804,-0.0332463845468218,-0.0651678808566146,-0.00849172502231908,0.204294425252847,-0.0673571042820391,0.0272818818742888,-0.0391448390181942,-0.0566407764282867,-0.0539045504773955,-0.0601628971708045,-0.0505380458854072,-0.0922402733882791,0.0935053029524174,0.0472728155742265,0.142641398728565,0.118735001600073,-0.308409036751704,-0.20334503599076,-0.0672798128062559,0.176714791605113,0.096551193746953,-0.00161786639349885,0.135111209988778,0.145191297119342,0.162367876227404,0.11634382984906,-0.0564214702334819,0.0803479206850836,-0.263637070903329,0.220425921268823,0.0392582387851681,-0.0375365608251441,0.307942708438085,0.0276116244711018,0.034932384461161,0.0178124690324476,-0.155860686386952,0.0612899852305306,0.18818034742258,-0.0550735535256905,0.129214174968256,0.0701022019442899,-0.170618091591275,-0.0548905291301298,-0.270877738194666,-0.13866782324181,-0.129063143780479,-0.0110417967703662,-0.062045869873561,0.00478062366553555,0.0588343906814126,0.0978384792922445,0.142530503023508,0.0504920868776912,0.0304243535798144,-0.0194553562277287,0.0723095994911284,0.00139615033177664,-0.0981345671362497,0.115206651665074,-0.0325281184673077,-0.218428709624936,-0.0116728105061456,-0.267256419110396,0.00290179167147991,-0.0085895835797468,-0.211782581468276,-0.152620345710706,-0.0173626678399151,0.109013107020565,-0.101045335835846,-0.00134897142214645,0.0866908528873914,0.0395883052447926,-0.119334323549407,0.27285136759428,-0.163572874694741,-0.0925457274210247,-0.220676887405618,0.0353737235870651,-0.082170020156771,-0.154110223914126,0.0812182869217272,-0.0876544794391999,0.133957917115231,0.150601558701836,0.153677735204138,0.292900239651976,-0.0064602710124011,0.0382204198970471,0.263551483033423,-0.0102168892106134,0.0177179997407102,0.120013117438085,-0.0411259187049039,0.116288832300385,0.121166864584427,0.277028608929792,0.238344556316755,-0.0173489544370849,-0.16771556859707,0.103735385237477,0.144610847875763,-0.263603991609809,-0.0784357559570099,-0.0985373506395035,-0.125918716485321,-0.0272995225433605,0.15209837858225,0.0387014047935674,0.0603287924066984,0.193494420073792,0.234090368991008,-0.0512163583460857,0.0134626635604951,0.10600763378038,-0.0461318161290453,-0.0686399663841677,-0.129260535408448,-0.186039665306932,-0.0653483652525239,-0.0467469261381856,-0.0186823477253764,-0.00632006736068895,-0.0817719276568921,-0.202780516383808,-0.0476410045054302,0.0175916553037199,0.0870948463674424,0.187449545073011,0.0836761506672208,0.184328845418423,0.154960310665459,-0.0528555895150951,-0.033137713674035,-0.0690605703505138,-0.0750942366586699,0.106129080463425,0.0832555556314853,-0.0584096918118468,-0.0508679052805743,0.0695812380532022,0.139834587643257,0.424207521820462,0.468270438652952,0.0291264267988549,0.0781321280666763,0.165544184058212,0.0187027231467777,0.0399936085355129,-0.191199176139496,-0.0534530137763955,-0.00781382793616336,-0.206229443827788,-0.106151102838125,-0.0746302267364866,0.15352762880593,0.102989887443159,0.0767970320192521,0.0136285169421179,-0.120004931748647,-0.10686634265966,0.216759467318137,0.264872026839158,-0.0966262829225508,-0.115715158986069,-0.0794069614802301,0.0422121305046919,-0.0976522411019725,0.00198687893512614,0.120864117173322,-0.150274704612626,0.0482646933537325,0.0115987697397296,0.0473263413805278,-0.152677900188923,0.292445868374804,-0.0174027973821203,0.322608717549029,0.257667763054365,0.0293857897638309,0.0884366655842871,0.112179869027689,0.0709568633448754,-0.0252002583171255,-0.0689681616849163,-0.119462225920097,0.179654737083708,0.31223388383339,0.223754706881728,-0.160469218299308,0.133242449486354,0.0680305136226011,-0.0148804478720488,-0.0160718033275228,-0.103620095815011,-0.0672924517298532,-0.332783398091376,0.00725130003839866,-0.119238440099513,-0.0466572088831407,0.11386303510907,-0.0274985547053781,-0.0590092415865037,-0.0360468570124879,-0.137323732427768,-0.0694116120592538,0.0519537070463038,-0.0388878075597932,-0.00127068468644936,0.301141247887255,0.114073482820212,-0.336253478937342,-0.138076401366144,-0.296585408356714,0.0871919920751302,0.125729768059471,-0.0534965216948738,-0.201309700777682,0.195919980827093,0.189927648427187,0.0226127097077869,-0.130549985687598,0.095340092394008,0.150954605356139,-0.0734167741029374,-0.0887706543042283,-0.204965123032699,-0.208210013200224,0.0406295376207315,0.226467493244903,-0.255137541822824,-0.00329490535823008,-0.0816318354913651,0.0474685011611615,0.213186284945524,0.252070057941977,-0.0551050662698578,0.0124027999200843,0.167476062949813,0.0493510514220919,0.0238053018634519,-0.167804958965615,0.0764681110245591,0.218538640860818,0.0278796657437462,-0.27361350667641,-0.158332191522952,-0.00663508961888878,0.135488252566627,-0.124373214223626,0.0643537366673999,-0.0155227003928414,0.0682002777917561,0.0815011050260809,0.1467033546689,0.30268588104922,-0.0814851731494772,0.0942123359329997,-0.117044518967362,0.0765900971371919,-0.0715569374277678,-0.0929883506726167,0.0455478810591079,0.204981563192653,0.0851583610676776,0.165905480998337,0.0644381227536832,0.242362705636883,0.0739464447316311,-0.00358120076219346,0.0414216308942585,-0.0241665231690704,0.0118162776005413,0.0290645437637137,-0.0410427571885148,0.115041244892263,0.152861097833363,0.148962750804282,-0.0872196787900466,-0.0424140159307473,-0.0485796192014412,0.0360204922856912,0.176221115610879,0.0314571283929273,0.0743774374239684,-0.0642548806877558,0.0585252238916944,0.10461829026729,-0.0556787902694853,0.134429082196167,0.0310094709617919,-0.0930581037569342,0.183586431034443,0.0553165727124969,-0.0447274092816043,0.0582474990407194,-0.152756149204634,-0.123559322108408,0.00963683621870406,-0.13420413496609,-0.139983574295806,0.0209981146267533,-0.184629119995512,-0.0132029974090365,0.0336638583951188,-0.209876379141919,0.150070193113061,-0.0708788392415288,0.127052395949604,-0.0432263996753256,-0.0245126549045197,0.261903739366364,0.0340934852075286,0.0800792994602097,0.219559333425014,0.058383323913278,0.129174741251374,-0.197965496412288,-0.00937550332874248,-0.145456822732142,0.037308164698405,0.111889183187195,0.212252692342485,0.326912996397404,0.187791222011919,-0.0705016011865822,-0.0202922112391329,-0.155092704835767,-0.177123441199375,-0.0477793769731005,-0.044248906566283,0.122869433277383,-0.049611954405823,-0.263304889659406,0.0605168234871597,-0.145918093691472,-0.16218200503767,-0.237267447060377,-0.0158194932732211,-0.0546626746673518,0.143252459176479,-0.176177054627951,0.211288115700122,0.0507762187130319,-0.101916293752215,-0.0527446113546199,-0.24087420730418,0.0357420898992707,-0.115196899844471,-0.0517548554169067,-0.111208661259652,0.0790199948421014,0.115876390377488,0.040472578874278,0.211351746817821,0.043766663241298,-0.0316304814795008,0.245662325238893,-0.28749393428544,0.0216833495371248,-0.097603798753489,-0.24303116460474,-0.216766783765251,-0.125359527394698,-0.0797941259691303,-0.084765481667081,-0.0450785657180433,-0.260426254240118,0.00897981975602782,-0.151486131359938,0.23469993356645,-0.0609465525882571,-0.176369939371246,-0.18921612003766,0.279292437347117,-0.157309832541217,-0.200419321944591,-0.158833686504002,0.11701731464732,-0.169957310144881,0.00144785056463585,0.029673025641518,0.149699704497095,-0.0302938415098223,0.101656799145538,-0.255801321591898,-0.0363624157803765,-0.139198161888153,0.0753107698675826,0.120645286188805,-0.0854024246778297,-0.0272842332513781,0.00819260883916643,-0.170698750052884,0.271593480431837,0.191981217268782,-0.124347235302355,0.0771059144314567,-0.0639679514533664,-0.066930685570075,-0.0417692575173313,-0.110885965986181,0.00757113018617747,-0.236000205610786,-0.0298288345023287,-0.0587253394471338,-0.00360232430044223,-0.0221371217063545,-0.111010453889053,-0.231042191199047,0.0410492140950305,0.212792447366994,-0.00810309965512712,-0.0977259046157606,-0.0857790193253002,-0.00240453188695666,-0.121295894383325,0.173894063532836,0.174943716640332,0.424114415418943,-0.277141721474396,0.163063121235434,0.07189672695908,0.0480738976108677,0.302307372617624,0.338798223137977,0.136805619805357,-0.014271944398159,0.0384326310990172,-0.13513524129065,0.0132017514431274,0.044040136660384,0.0580028859606305,0.115023897567727,-0.0343124453383284,0.118118385356694,0.136818381069542,0.126086732080101,0.12139734983753,-0.0629142794439324,0.00799716018513541,0.120469065602166,0.134463293142468,-0.0192536862965335,0.0385458065534177,-0.055690796920386,0.065446774374817,-0.13175244548758,-0.228156824867694,-0.0265865247780551,-0.0392289585751781,-0.118718060128184,-0.262178956479064,-0.171260795822699,-0.111514192798682,-0.0320559542518887,-0.0655212808473596,0.0198649878756714,-0.0129298646740194,-0.0748595360809508,0.0850744019634305,0.0950619531181416,0.0783080264747427,-0.140609971522152,-0.0449681105455939,0.210873236543419,-0.157414265393672,0.0758564346976914,0.152724317318123,0.0410211406145184,0.286853286598964,-0.0337001225330961,0.0412916192458761,-0.0802146355923845,0.121458033405507,-0.00239257733124561,-0.0924321764277398,-0.312619217767334,-0.0890609026519175,-0.146020604355352,-0.0475320782968529,0.00410884506323334,0.0960918615247363,-0.0515852301001029,-0.195438567088981,-0.0484744679221753,-0.00676411015853689,0.0522078444158152,-0.0862886849620775,-0.136978614478238,0.049943548707448,-0.168408954887646,-0.0690704766809225,0.115363542614832,-0.162844764617433,-0.0666622112941755,-0.184036547849867,0.156459300342909,-0.0711817647252996,0.143166823985917,0.189688850077344,-0.113124737081123,-0.0761438532156319,-0.0984381162143807,-0.0339102826899382,-0.0819936560331857,-0.216196559654019,-0.0217996545527634,0.16827924083311,-0.129417392053253,-0.0777639243793995,0.268002249635337,0.134352344673275,-0.101371165575354,0.0486260460254282,0.154656783708852,-0.0861464824129337,0.161045496580137,0.0760009532648665,-0.096179033179291,0.137526349434596,0.147108251328448,0.232648619876103,0.0581715243999998,0.00932022977651303,-0.138643190036238,-0.00211914506175076,0.118918152080645,0.00575799476739355,0.0123707663212191,0.113077270747603,0.0518474836954169,-0.000532302526548567,0.269591445240359,-0.0784249943364644,-0.0258955808084689,-0.075995151949341,0.0355539847758629,0.0089382515072875,-0.0713030444910509,0.0310829713576414,0.0493978660866881,0.0460156302843569,0.171008620849024,-0.071912168574646,-0.20652812812285,0.107081299991136,0.026879342394006,0.0967793772297799,0.0465432371167141,-0.209775196309315,-0.168338485617922,-0.434713631135,-0.166830798290894,-0.142490041869701,0.107000766830418,-0.0331027237155835,0.0243229106441445,-0.216824591745031,-0.02089188048828,-0.110991913005282,-0.178993044931569,0.170588756370939,-0.100034835080211,-0.222907457191273,-0.144897185225315,-0.115886974973333,0.124485062210157,-0.0567786619451961,-0.204863152213954,-0.0985297107807783,0.193368686695526,0.052270562341107,0.133178419126151,0.0640332463314537,-0.0741541202830604,-0.103485536561474,-0.158550948353614,-0.0981086581139982,-0.0709659535732921,0.112169290311754,0.317198770015529,0.322951776453585,0.173231928983209,0.134223183167407,0.021236118706352,-0.000124795569103321,-0.137259909069016,-0.061714941414389,0.0614046281453725,-0.133969113463526,0.0565720926606809,0.192108884439146,0.254551185216362,0.158052600334355,-0.0313028174283945,0.0174257168888122,0.0585485868534485,-0.0684511980064853,0.0364891498618928,-0.0640134833618394,0.0116131521348029,0.0194234201416993,0.0147758582894684,0.120647398823496,-0.269829260555369,-0.273452018779161,-0.192916981434916,-0.00872437765984586,-0.0283057641933719,-0.177975311269343,0.0869508386820968,0.0819981781304399,-0.135880569067153,-0.307776273665143,0.103328365904329,-0.04618826439065,-0.108297603900708,0.00910245286982148,0.262681095176494,-0.0381964921806603,0.0555790405470921,0.011873724561967,-0.115119551249265,-0.148782832924615,-0.243344356450671,-0.24337705575221,0.167578268796212,-0.270007601759905,-0.212503939083298,-0.241563185598754,-0.343343199101322,0.0509609620647398,-0.0689257415802391,0.218708903529169,0.0573401667814714,0.0776218639361662,0.000520263094152068,0.00312686554126738,-0.0170446303868846
-0.0513075121095312,-0.00909650515770104,0.00214027198930136,-0.0956961987994077,-0.131336527821475,-0.0853933159030613,-0.00826837232967584,0.0333007219557344,0.200607880438781,-0.0891051819812484,-0.00463758484755818,-0.215945104250948,0.0535363523460674,0.116330741709293,0.230841146851254,0.140410528668566,-0.122572551857723,0.0383020647616693,0.17726799342576,-0.0718017932924763,-0.243020737512492,0.0112813408115699,-0.0269388803363835,-0.00256596581419785,0.174907157562806,0.272925010061039,0.15004650273524,-0.0785480180361534,0.452494004497314,0.0420352510770932,0.278952289378515,-0.31366885957661,-0.299910769566752,0.214545448536871,-0.2388986039723,0.207706918008982,0.490223671840376,0.0724836572585516,0.244944556051268,0.189595962305556,0.126153242166556,0.284242949548554,-0.198826840548806,0.0389439370081121,0.163327006724465,0.201931480199776,0.257653899796322,0.0657946409211823,-0.0947093094586067,-0.111526347954683,-0.0387131692797674,-0.00514466889144247,0.0627688851731544,-0.082705783140295,0.00855000192122313,0.253397376561379,0.182358589748511,0.415918086959966,0.359494431674345,0.340248347194606,0.253632995413887,0.122635618836899,0.228929845253752,0.0526540561327647,0.0261004328591731,0.341611164782428,-0.114840333407198,-0.0676800461519627,0.0661615852820339,-0.203688961617271,-0.0166730119705938,-0.26481452630133,0.265490018377462,0.0471300892027449,-0.277989391818139,0.207624014815254,0.0818268570388852,-0.110964548468468,0.0288131255676432,-0.0106323655137206,-0.0353885020278153,0.0534623222094928,0.0436436931147233,0.0212570976000774,-0.123295967942473,-0.0530954379567602,-0.0201979205223463,0.0515592948521761,0.105017735298717,-0.0260141406122773,0.316552331987076,0.0545097322411279,-0.118305076080218,-0.319048220862504,-0.0815190640912409,-0.335765196661242,-0.0318694231687222,-0.245341902599705,-0.114756670667164,0.0810147688048965,-0.0185159486909326,-0.0566545624253464,-0.0926633290900558,-0.163374287698478,-0.137681993984376,0.178485861589068,0.23522458169935,0.24865518371568,-0.0151131973691878,-0.0627283054044711,-0.184759764970841,-0.303525845889714,0.127169744967621,0.0987185060826771,-0.119410342226958,-0.244778380822225,-0.160765692377128,-0.0731165160409004,-0.0615398862931159,-0.240168071018424,-0.243177715416371,0.195050072958767,0.1781957344991,0.163799812429205,0.105191666741108,-0.130935626699739,-0.0334702528873377,-0.102936728529195,-0.0623873012643689,-0.0550978553115209,0.332820743326134,-0.151911056781112,-0.0601935180586639,-0.213338139409801,-0.0800200273486319,-0.0842678776729807,-0.0404843729562067,0.10695861459409,0.0638557222340966,0.185733186782944,0.234149160268836,0.287922961184602,0.151620607213763,-0.0545308638967946,-0.119142777916883,0.0418214723836525,0.108198095734865,0.196887045268855,0.242544754767084,0.113090637415587,0.263037864966534,0.182777104252749,0.0566211079149258,-0.0744220745364302,-0.0217837852442184,-0.156121817934588,-0.110958101822239,0.127999034799271,-0.0870733152553895,0.162916538440122,0.0177205615957385,0.000814452846058328,0.143935139439769,-0.0724497687638342,0.102994512304456,0.0413478388998484,-0.113926739854735,0.135340392727458,0.189424321682659,-0.156382697350808,-0.102721908138267,-0.187931263628366,-0.150700214607362,-0.130286627651969,-0.257038697090307,-0.090281368323312,0.104525060917131,-0.0461225612036749,0.0820862792406337,0.0606664636805464,-0.153304410573943,0.0585387538686763,-0.00972425195271465,0.0395564686193549,-0.0466553079950578,0.141754034353789,-0.0226418873389606,0.166538734671998,-0.15317228532191,-0.112366668030125,-0.212737737142233,-0.00545404893851514,-0.167970916525209,-0.138094573833167,-0.1409453298944,0.170282805550881,0.161943190788917,0.0930180005183132,-0.0164025734764247,-0.0515054761524618,-0.00239868862612502,0.0138090033293355,0.326046501127343,-0.0489759643225438,-0.459385956880493,0.0251542274578752,-0.164539660562379,-0.0801390830233595,0.0172740862479575,0.161320008846297,-0.0053554535691301,0.322439159469803,0.296455580695705,0.154094368167101,0.229299420276084,-0.00513770161914769,0.0678838791485347,-0.0302392638500037,-0.0267440437183451,-0.132116201173949,0.171677859744371,0.0494658236381774,0.215568023137839,0.266479796567211,0.202937213491634,-0.0452073420981081,0.0912817692675111,-0.244134607371789,0.206836942766241,0.0894559526256455,-0.21150876336437,0.119830645348251,-0.170539793150469,-0.253298204823641,-0.0715561247114564,-0.150650755973704,0.0159745282144937,0.294183952941996,0.262052979970409,0.195271071963691,0.120930037849426,0.00501990315456052,0.13418468242403,-0.350920520814651,-0.140495304928202,-0.102655876389158,-0.277713815079527,0.138902591476034,0.0526708203287587,0.0612682231514914,0.0452026148275751,-0.177105165691475,-0.114679683750136,0.00560130057997534,0.122705320863177,0.204724942832605,0.0708744075430055,0.130717835223088,0.200617732196191,0.106746907894686,0.0258418203404282,0.00398671933242527,-0.251624976901647,-0.161124423792056,0.0513698021584158,-0.00698962096391991,-0.0804555859503476,-0.0704596472949074,0.247536891058356,0.029398954485473,0.509635587987944,0.304685367991556,0.319141220909454,0.119727610609855,0.166484402332711,-0.0220060956556448,-0.0543013569999487,-0.173843094027638,-0.0175383481352216,-0.276038460178703,-0.139804448869108,0.0710109427058329,0.0607695308879093,-0.0109538265722132,0.0348072572217329,0.114971721993923,-0.0567596245306873,-0.00290582946074701,0.172456935784751,0.0685334301047489,0.336948404452436,-0.148285291480269,-0.266038319443639,-0.230599311874267,-0.114235947082628,-0.084049125077789,0.119661477297194,0.26602546246624,-0.0097229077134284,0.151433284134708,0.145609641653111,-0.0142766059979448,0.034363092236965,0.301891479809692,-0.0038743340092845,0.470924950308359,0.100097599401904,0.414034379355838,-0.10882655989093,0.0740738354889151,0.122200766560557,-0.0394953137595376,0.02773651841836,-0.00979099669937465,0.186358575839319,0.0255013321842229,0.157362411597252,0.101676387976919,-0.10820171082286,0.0224309606734026,-0.0436563490312929,0.129819370394042,-0.0668265317504365,-0.402564584858767,-0.406723174906498,-0.0528440295014508,-0.0204298690370084,-0.164197845787556,0.0297203305773498,0.000156098788761848,0.0159818449209745,0.0332965936813881,-0.00839141920523248,-0.0188125060450003,0.211572305316938,0.0190347134805918,0.11134049089645,0.0440821739646339,-0.0640618614378044,-0.136723601863093,-0.241331059615827,-0.0413536594644817,0.164956731990417,0.100621599781119,0.00865596407311953,0.0233710545397167,0.0321195295000178,0.259617301329553,0.24702666207905,-0.0410177794294367,-0.0648478331928256,0.0294797119636068,-0.123923930510425,-0.273973613826392,-0.145437951263241,-0.312174782373607,-0.198180073749228,0.19366504331492,0.0235360436621615,0.216926679103067,-0.0560696958790708,-0.218301947993926,-0.0515275967435474,0.178773140677852,-0.0389485415342624,0.186651626191064,0.121580199268249,0.144397718545379,0.0934798523708146,-0.0308399510720628,-0.059981843211667,0.0813929320469394,0.120582185849929,-0.22097062092394,-0.150756055691421,-0.160147821478864,0.0836658199019741,-0.196056393485937,-0.0150646571864007,0.0200372873709851,0.144322763861401,0.0366511114720624,0.159774802487374,0.191267061222865,0.22294774250261,-0.0100440618446649,0.0551790923047821,0.0974030667827613,0.133486185286447,0.10034261284371,-0.00285377764863242,0.139429926237494,-0.01829083550715,0.220481657681082,-0.0780693774843936,0.243997341385723,0.231915595941811,0.119574151924372,-0.0156635145208376,-0.00408526400497123,0.135724013380051,0.121817354071385,-0.120614707301096,0.340178331305662,-0.00973282188814162,-0.060500724168387,-0.123512202049788,-0.257910568325018,-0.0801512451806705,0.00100320681996474,0.475305277171662,0.14551619271794,0.0495277383972029,-0.0588196246495527,0.0620516665476204,0.029189031391314,-0.0628089886502802,0.143763439524903,-0.0912417913463584,-0.0573533218613025,-0.0455183631177186,0.114013890771801,-0.257519727082138,0.129175824202278,-0.0686442411604484,0.0142466300354972,0.0738289819949972,0.0653431631379674,-0.0755327011134306,-0.0545636443845803,-0.200002398075058,0.0679484036326741,0.119480581681092,0.163916561028785,0.163992996380425,-0.0286583501489766,0.0351704413396289,0.161991728549012,-0.0614159697076731,0.355346739889575,0.161605462320648,0.360616667021965,0.224081905210586,0.110754455413683,-0.260562046903422,-0.16197104787931,-0.0242780446749478,0.174911911400209,0.0334074911244987,-0.0873455728267043,0.222677215263283,0.196005235880617,0.204580885803952,-0.00298806496431753,0.0636351202801233,-0.267188803866514,-0.108953555234154,-0.0622404628825943,0.123152540814906,0.0357225854043719,0.15594388695901,0.0618182700716417,0.283783579300029,-0.120656709948058,-0.10837696931082,-0.128956189871964,-0.086016951388476,0.0211365118938827,0.0955808832315614,0.221002864739186,0.00568445802673259,-0.0497152737762832,0.0483942025730589,0.085166363450688,-0.114017701606439,0.11479699718242,-0.174785792457966,0.0230224592404135,-0.184136844429088,-0.20894919878536,0.434848144566101,-0.108789894910848,0.0717811284820034,-0.0793674947113257,0.0516092644810075,0.170104316805866,-0.320071349219677,0.0463111643897693,-0.0633553924897722,0.0953573989669725,-0.166075282809485,-0.327259169155517,-0.125166614115004,-0.0600598447888238,-0.185410679898004,-0.087837419298628,-0.0307940889119349,-0.188312328790597,0.045092391252706,0.113095723659142,-0.0576315449905344,-0.276280976033788,0.118601418846256,0.0309024643956052,-0.134979224975622,-0.144206159413527,0.338236495484208,-0.0927912854205049,0.145554002453494,0.0135633557836315,0.168328087494362,0.117160622956746,0.19346172576953,-0.0550217651485686,0.173836389588179,-0.197818370319872,-0.143156100294358,0.112679921117742,-0.180887205735805,-0.0677718361316175,-0.0931461137057842,0.011076489606756,0.240533226949077,0.132598807014967,-0.0666540019043296,-0.0604284115329974,-0.109172498690741,0.0674835523123325,0.0163620935963439,-0.136851846461252,-0.102455978603519,-0.520780136959482,-0.140789091109501,0.268168685169782,0.126309100932704,-0.288056867587029,0.094934841829069,-0.0240843345224402,0.046546202781405,0.107238220063913,0.254523889597999,0.0919783778647512,-0.0900729785587499,-0.126096538112791,0.0183020851326552,0.196685386951728,0.123973050113342,0.290341890759241,-0.00237910073716956,-0.0830320488657599,0.165526345298339,0.1562395396845,0.258951165980276,-0.0197137507774277,0.336135791656886,0.084880235992589,0.00710862745359228,-0.277807302546106,-0.340751447830806,-0.107270985273204,0.00728208448782067,-0.0169268322642723,0.0511584661572543,0.452236226162191,0.332481662326617,0.143491461855827,0.266463557409055,0.0483990929122135,-0.180327321849626,0.018776391062081,0.0316012341854942,-0.0626228043732629,-0.0777439746001628,-0.0503457243557689,-0.00724967759794976,-0.36013876430256,-0.177190406184651,-0.219803251805312,0.146481165137347,0.169300236690091,-0.033685947850752,-0.279838005750184,-0.041264681609689,-0.110380557037796,-0.0776011694078335,0.142575522349786,-0.259124645676265,-0.156332630532145,0.144733327134477,-0.106502027738304,-0.198908226012801,-0.132928078687606,-0.0470772510543325,0.0304422962184215,0.205683648877355,0.192385240453649,0.110737431196624,0.0637514829655896,0.310807872460072,0.274099500008174,-0.0397828441324828,-0.155615366889121,-0.0895895757481587,-0.109310181839989,-0.130970865354062,0.00558555358731258,-0.014068601028175,0.115934810810116,-0.158212623968173,-0.0310229226278087,0.305405022535881,0.0964358273037348,-0.127626568564693,-0.0305692038402278,-0.0538171296574468,0.062133071192488,-0.12826352839267,-0.254702995968093,-0.043709942285379,-0.207948862457723,-0.169927568358253,-0.0138427515217609,-0.2158319567385,-0.0389692812707613,-0.256509928725293,0.0226369364458143,-0.243263522322124,0.130161385486662,0.110313791201036,-0.119440431685463,-0.189564682920563,-0.152552117137633,-0.181100565465334,-0.193085109316613,-0.111761150088614,0.239292419905806,0.00135985834644941,-0.0481436137327767,-0.0813763623874991,0.196951375798021,0.0882314360025929,0.100609661600854,0.0652112348894394,0.20024830121612,0.0228306909595219,0.186887995667067,-0.0717585417692271,-0.207841019736562,0.0449595738861623,0.447119764025539,0.174978993218127,0.0110994826918764,0.0385603706622432,-0.0345843097012867,0.0792281751491924,-0.154837689732389,-0.1926864826913,-0.148190199399467,0.00457343368383732,0.0576642837142322,0.0491188033691589,0.409757099781022,0.041676413818622,0.13654518468333,0.187214762890719,0.109515625391839,-0.128850165425384,0.0173075219521354,0.29508863665772,-0.122976159889841,-0.160594158338697,0.219368355486746,-0.0576348404087595,-0.225483416342791,-0.0141337037210964,-0.115415815371119,-0.0683384538321739,-0.0521533708605772,-0.0504144205390225,-0.156879673597133,-0.223738405448777,-0.121023497444644,-0.130348084068554,0.142039315302615,-0.135808953959189,-0.185475299682346,-0.258967979292098,-0.241601026631927,0.14467739910808,-0.0531320443817836,0.231170082916652,-0.121569230220019,-0.116713174396041,-0.033913429921166,-0.18182883519973,-0.0320883403091173,0.0725793664079849,-0.115072855387385,0.0840432632680322,0.322999931138513,0.151559860321098,0.349379910473307,-0.13126288328993,-0.254414002130277,0.0511478318706966,-0.0322321932913682,-0.134745701283738,-0.0360450979052052,0.206922699575386,0.391563826632628,0.262365820922962,0.339681261714014,-0.102157610405808,-0.272408998694308,0.225346401959377,0.0641418369753191,-0.152135008462587,-0.0262503998290212,-0.317801936200951,-0.0926419796382794,0.212443812960975,0.35333802861377,0.225152730770471,-0.00924107266560621,-0.3072613732743,0.135455379237373,0.0882274988013285,-0.148129908824764,0.0114276039515895,0.0239042333239068,0.0353315588083991,0.173964797428982,0.0874319208013454,-0.0513398268669638,0.0328232173545474,0.0548877418787082,-0.115684991593005,-0.174360842130717,-0.0601752547323987,-0.114384576364563,0.106898773261764,-0.0318549110328379,0.00324478024014305,-0.0984396454295058,-0.154644098492719,-0.12063970732304,0.0357304635853099,0.348711069739311,0.0151465450086663,-0.0525357293415253,-0.0316300092503657,0.086282125143687,-0.293181186114141,-0.352106874228456,-0.0456591900287781,-0.108912021284369,-0.222943087420542,-0.46053294252406,-0.200071813786388,-0.138985509810946,0.0147711829041589,0.155628503608262,0.192533565827317,-0.166502967857791,0.0659596881282466,-0.21810191269954,0.0750302429233703,-0.0395960572659977
0.152681158182564,0.207590576012528,0.0766215034920443,0.0473084879904048,0.0655170525840053,-0.0954842684277931,0.228333102779053,0.25739540731594,-0.324746107427132,0.404027875664806,0.356376295967838,0.224590492453176,-0.340159557077294,-0.197381866808904,-0.264887676698089,-0.281451030561773,0.189548978214305,0.2341844645265,-0.369818510238371,-0.0476789477855048,0.351756340659388,-0.0582164836583321,-0.0158832842861924,-0.169740559203952,-0.313098169839121,-0.242323751041316,-0.149609587183245,-0.235651916369634,-0.653720179103943,-0.231818482851215,-0.329963709533313,0.187598698755456,0.288725981960223,-0.0987630559809984,0.00457436050828544,-0.142314308203189,-0.588934941646473,-0.378201029993069,-0.301860355677638,-0.457559765094305,0.0336305614577602,0.0315033571506086,0.309844482801476,0.0525396367416504,-0.220262516581586,-0.086140458355652,-0.649495325308905,-0.32661386674701,0.0492930361880354,0.163071251602056,-0.194689949997164,0.0415517738868874,0.0557993741604171,0.2648971132863,-0.176968670932156,-0.542547772167187,-0.428082043313357,-0.59515051629118,-0.167171811517863,-0.117899276863663,-0.597700333686118,-0.366825418285674,-0.0908579588349394,0.0298640081172531,-0.0944118539787356,-0.516711242482984,0.0364650087472501,-0.0765426799952948,0.0239652593362823,0.162906097094447,-0.0863257434210226,0.241954322694234,-0.26709115850594,-0.0127048332232257,0.145758815807253,0.0199496497322973,0.00909373109819214,0.106556858116518,-0.153625976488961,-0.249943333455692,-0.000757583855676362,-0.223161819341965,-0.200891856439472,0.0831420806624168,0.209478141776314,-0.042409316932998,0.158145052280427,0.159706496319536,0.0371284518865019,0.00737874102350718,-0.69039895814997,-0.263951913833959,0.164657190737805,0.226235600006504,-0.00350622650726497,0.0688952951963499,-0.0660457631041356,0.412951015700269,0.169217766353067,-0.329288178733829,-0.107918155420596,0.149258607286283,0.261319140148961,-0.0752691087140942,-0.148326965587608,-0.472098040725421,-0.543048824062092,-0.398213103970836,-0.0481527880361284,-0.0616196977844011,0.150721603351435,0.399099377358494,0.0261228751821882,-0.00795445818269122,0.0370490544753472,0.455873005473942,0.291777022255392,0.163789821812788,0.179657675447222,0.460365638565906,0.657124633436791,0.193756643852842,-0.244952693240742,-0.349786498351141,-0.100638615217908,0.294015281708726,-0.00706923797860464,0.191872182740817,0.143310518473214,-0.0625274630858442,-0.65842670607654,0.0740142198942488,-0.0737218008769639,0.196772074321774,-0.0219133387994649,0.214574330324785,0.144929543251408,0.035913310655331,-0.22467555525955,-0.131142698526021,-0.344189521483533,-0.513367047571852,-0.423661711645608,0.0302310004881839,0.0583583303305794,-0.00320873223439816,-0.339304941700302,-0.256546701389987,-0.286114540781833,-0.161293562558552,-0.169978242210603,0.00772195659803354,-0.214298786104838,0.0370014856588195,0.0775899850395777,0.240809008892755,-0.0530630113940352,-0.274056946364381,0.0103381043746504,-0.226138010719814,0.0435864792546531,-0.264964289505438,-0.439266581199818,0.0096542927409227,-0.223406468462769,-0.126281502120886,0.159463877364619,-0.488292226355101,-0.0330876826879386,0.307945775014432,0.244957154660458,0.417006646319596,0.516726200570112,0.365532527093174,0.510628125510153,-0.182215104330347,0.170099060661021,-0.122381132115764,-0.0546033375565802,-0.363775159273897,0.267899580652362,0.436275576481403,0.324257079063238,-0.314445056277502,-0.0293680437882887,0.226618166214237,0.131925933527261,-0.107896802396028,0.732220246918742,0.379602188426371,0.422487915395527,0.0637398186083463,0.152380863535924,0.352850024748521,0.416426076673956,-0.219730257633181,0.0298626015241247,-0.178571027834927,0.0770364557687059,-0.042766852761894,-0.261377129716363,0.0611725845670478,-0.364429665746685,-0.237090074304723,0.424219714932069,0.168706661103223,0.340797538959563,0.42036610758934,-0.157653628028565,-0.119981739892717,0.0628802563637667,-0.238034639511374,-0.639306727388957,-0.230089906973681,-0.243192359470398,-0.0536422219910525,0.0257792225857755,-0.173916068425618,-0.0397109968656107,0.0993829306319456,-0.399887557536149,-0.182715963133862,0.0677421800487057,-0.322631415547573,-0.649132186717252,-0.0974351532707834,-0.362384116019468,0.239530835060099,-0.242786722430574,-0.0917799315080612,0.18769116975012,0.20619760109377,-0.00314207937778475,0.722830567357242,0.00728202047851098,-0.116620795977066,-0.16387267854251,-0.0744226325698854,-0.629931381042701,-0.58666790194122,-0.317077452994943,-0.191286641684633,-0.0932088163704803,0.335443059387542,0.278941229709799,0.121567220234794,0.590197423670857,-0.149682281085671,-0.145193126521932,-0.10189446633392,-0.00999979082308041,0.321344226263234,0.327804801061287,-0.203534951647017,0.0556054107275125,-0.273991815783217,-0.277535171874945,-0.456429709302095,-0.548228803309354,-0.281335363395535,0.141965761629845,0.113973257660557,0.399268369950537,0.091478128065656,-0.206540734691506,-0.0144693107301519,0.146221533091555,0.139522612031437,-0.188071763424115,0.16666590410914,-0.748451721935049,-0.486912727391503,-0.384173387334177,-0.377393961698969,0.196392593390185,-0.15725983831132,-0.0584954497039606,0.390801654795339,0.175918595161714,0.548989272243236,0.475001751901712,0.120026205635236,0.0505315020279293,-0.178984790956912,-0.144246927474708,-0.0291462489629647,0.262319045617145,-0.0300836770517882,-0.227432051097364,-0.51153930910765,-0.391426406825298,0.393633997381376,0.354069396410383,0.273639133971406,0.295893957026769,-0.0183342372889466,-0.254542881208645,0.0471696351684533,-0.184315131013356,0.1184971772782,-0.143432969857149,0.224534935362707,-0.196909010571034,-0.440619014520294,-0.0944721999422406,-0.632599445121487,-0.251118861411239,-0.423074963489623,0.0577051037985739,-0.114964693936072,-0.242405613876395,-0.115799371610942,0.261899298026986,0.00557386981053992,-0.350101395698219,-0.0867649827248902,-0.262445561392473,-0.157450030272442,-0.0188137555997667,-0.078826492105581,-0.00829726832433125,0.0393260928421594,0.160071790689642,0.455590083359005,0.353578956348893,0.117851296634775,0.00671381811070576,-0.0861523294062125,-0.0968619759717687,-0.0152429836140757,0.258833916135531,0.0188203782749252,0.368116695692701,-0.0905955364931282,-0.369156796518675,-0.172509046795332,-0.196281440508078,-0.218393741088599,-0.299092670552085,0.331337188775027,0.480987327343311,0.144785173973261,-0.0829141284893307,-0.306978758927423,-0.0822394676006803,0.170288454508564,0.0796901494628681,-0.355182233212122,-0.338213201623417,0.126971543999375,-0.0450959261012547,-0.337917540169543,0.0719634922485951,0.124101536297654,0.483847340730024,0.618836703966609,0.478286858867629,-0.214513316385789,0.234080837292744,0.0298208388753319,0.3071313825985,0.0818053944644341,-0.301964457706213,-0.283672592661056,0.128523621225578,-0.548340005914387,-0.200600956123387,-0.415596631774423,-0.327929282851132,-0.0130164525963109,0.139794343179313,-0.353922597207344,-0.0886127964565801,0.254269236269123,0.472539873788652,-0.0765306164712204,-0.0680525732731185,0.38193309850907,0.156865626034054,-0.29382162230108,-0.141830016291173,-0.192104479706766,-0.391196372015622,-0.660200962736095,-0.490078509499838,0.0676837636575522,-0.0261052897145064,-0.266228785058842,-0.115386781677606,0.0668048893892972,-0.109413289135989,-0.355891201704926,-0.0478265629658548,-0.388163324235694,-0.29258046921041,-0.601116849437785,-0.62053066236051,-0.166140616329798,0.13151251808152,0.0183110208051392,-0.222112502786043,-0.153026495819427,0.0781512032226152,-0.34817389970675,-0.122660614511878,-0.00965674049797393,0.257983332775167,0.0429624089728487,0.157821407373719,-0.215907891369102,-0.6096037250265,-0.454959420359782,-0.171631038815725,0.0813902321361797,-0.0899115934930592,-0.0536579940477721,-0.135203423541123,-0.319973794860206,-0.139064148122316,-0.0136735488806269,0.29814999776266,0.0680304391677411,0.396093615103547,-0.0029857759089152,0.0549612847677082,0.412559277991407,0.0935285890755323,0.0435263280281335,0.219786884116956,-0.269840485343435,0.414555474195273,0.119385245526157,-0.0503135963849523,0.0397148644774223,-0.136858972014679,-0.031115360219586,-0.128310619580697,-0.0438649953949833,-0.0533204725030737,-0.697101124958868,-0.059923448938663,-0.569343392671234,-0.0753003120682157,-0.095670070094597,0.0519490367208578,0.367166187597742,0.223121262892073,0.0513720900928975,0.172102566768485,0.225002699042522,-0.3613562887283,-0.172812376397293,-0.11685309706821,-0.158504609413773,0.383810657658206,0.464609400394891,0.326887208701688,-0.00879066264515442,0.0208817355499181,-0.490708906277833,-0.0013778566121391,-0.0347802142298028,-0.0820285371274756,0.20939324410737,0.192663051841121,0.492077617760345,0.0220452811000568,-0.177407801157735,-0.210024473082028,-0.306716300477046,-0.426972149630278,0.0850804218562244,-0.241387337222789,-0.00430303636626478,0.203833558444688,-0.0451688756871224,0.226190672244969,0.197843156194309,0.188092215430176,0.301006483290811,-0.359851162443599,0.0148648492133726,-0.215713718035866,-0.134726646330268,-0.181714880061678,-0.625158727799698,0.604665336197892,0.418673777515338,0.159969360480772,0.0841930693916045,0.0658034562879127,0.314771120749034,0.160573171919209,0.169968723087241,0.346227599298106,0.150267149151646,0.203969913173859,0.169902430663205,-0.0829413660065805,0.114030366080561,0.392160818542102,0.567401766337667,-0.140592350759896,0.308577219867398,0.380841141261977,0.0451053532480344,-0.418876971878657,0.246608192499664,-0.0347831820554563,-0.187809138848639,-0.41691619917596,-0.0285618815990843,-0.196737112540847,0.0127193247783456,-0.207132532553972,-0.198988921750767,0.11448858826235,-0.157607925712722,0.198319437233167,-0.0690911142499271,0.0846240147433111,0.184163533465626,-0.272959868748546,-0.213520937454606,-0.0933937791917197,-0.0196023702919934,0.232813917177403,0.0662420970822606,0.136110836999267,0.0886919995968806,-0.0629424108223717,0.79542912726303,0.217945596201349,-0.216786455727436,-0.158824645536489,0.269917440088008,-0.0132751321183202,0.158730799120458,-0.16239780453135,-0.384198386901834,-0.512008557645891,-0.0708927317264124,0.211536065816391,0.0923601474166691,-0.062768802114926,-0.204222240536131,-0.333547545894532,-0.529347815658445,0.224869677480876,-0.413974064845795,-0.200916962296999,-0.505056290963507,-0.691037263802173,-0.218889418636904,-0.390582919700757,0.130307447250114,0.0836539081027639,0.552282527359656,0.159209179402137,0.0169136061008043,-0.119325628582084,-0.118503723195221,0.0899918953009707,-0.707195606038727,-0.602675888711596,-0.154138374899351,-0.0560692154833365,0.035899975580558,0.324785652845798,-0.0913109645634888,0.110126450852733,-0.205252370211818,0.502701699073392,-0.0977354194459443,-0.239672218757066,0.536707644870253,0.418572877923489,0.205764799682639,-0.0852754839628145,-0.196944656905891,-0.0141280031747522,0.439836148252576,0.186264625607033,-0.186572020955128,0.158308030280636,-0.0842303002394931,0.259529519965543,0.28532698083417,-0.381037676622059,0.0883321021927647,0.0482925676134334,-0.0317131639580287,0.0456491080240821,-0.223819936597865,0.0959510603167375,-0.149718038891161,-0.345071658228491,-0.607210420041652,-0.346106601097121,-0.386998361728677,-0.0481388539090473,0.117454687320635,0.203394943211261,0.297822659497737,0.26750207444618,0.365840406463763,0.146671767534506,0.117302519978562,0.0785500629044803,-0.0465915221124269,-0.559937786248292,-0.0854733129813422,0.355930196310939,0.100869268368643,-0.132968219291635,-0.206962396843323,0.411533310689186,0.359736837617944,0.183616528198581,0.227539784243459,0.104898094444321,-0.15038353619559,0.562503877376725,0.23358995260833,0.200432637925172,-0.115974052926168,0.367130466684297,-0.184475781771138,-0.296843543820098,0.0935984895516827,0.0279730984342882,0.42539491809123,0.564257242913803,0.557336006582065,0.220110443486935,-0.343308658174042,0.0140716932651148,0.355028264823219,0.102234859085926,-0.568961790632504,-0.749562906134887,-0.211241021578664,-0.0824718105290751,-0.275825322482217,0.128195228276375,-0.000138771101476087,0.149078110184532,-0.00331971430241562,-0.0810619045092871,-0.509516108808779,-0.58253732623834,0.139808430745895,0.083948309498967,0.200120480475247,-0.122725115547404,-0.179008366456304,0.179476223258713,0.0706849548832777,-0.122586253454786,-0.136332128654433,-0.245228142707186,-0.79369836605756,0.111548587999437,-0.063024024156378,0.182933976950369,0.0790524961200618,0.102298374384028,-0.107734877630969,-0.316107136319214,0.113088641045083,0.252041243253713,-0.186824370031146,0.433752596350916,0.24637014364934,0.114283358919033,0.0296393894228572,-0.0792762342189405,-0.128626721562732,0.118547521081432,0.21323766186403,0.572733334437506,0.592714621288144,0.615574971585283,-0.136275856827032,0.0635583929103563,0.192583720150897,0.167177402469661,0.154303752368356,0.0258830549694047,0.110177743329492,-0.145438519290552,0.140754058366495,0.205517904402477,0.391426115385803,0.224596638443942,-0.0358436801307334,0.0961090622208171,0.448236925566376,0.0665560593797858,-0.448203048456508,-0.218429293699845,-0.34356509851882,0.145951779952114,0.239785510994218,-0.211312301493901,-0.00830740089426196,0.122631997642818,0.294640756057304,-0.290470415099237,-0.471978915712007,-0.612762707044601,-0.337763896182972,0.191534670340899,0.33588404993802,-0.19063460442581,0.0520927729820586,0.0899331022532489,0.0361865062175707,0.33719349528184,0.0416769649146375,-0.543603791953219,-0.297503053855475,-0.460185407483267,-0.0735842730743807,0.339245782637508,0.0960951171928629,-0.0437732262646959,-0.130104027891068,-0.212088712614945,-0.179196900046714,-0.142952914294712,-0.228547413501123,-0.158712329440146,0.618009149518513,0.136943962612945,-0.182921439036511,0.225752728563359,0.192858562981546,0.050360201636361,0.11909845643124,0.0570741531915793,0.066050300612865,0.413455691406192,0.341285024178639,0.229302934926799,0.529197867637056,0.175314829971444,-0.315051977346314,-0.02993734817188,-0.323664346031487,0.0522897004205356,0.185262836542576,0.644888418648192,0.388988822331691,0.600032139196864,-0.0438040883751218,0.561560084618502,0.725457093612178,0.356072925420018,0.495590617184694,-0.144910520982119,-0.293296314700519,-0.408214451827096,-0.101539765928507,-0.0646479938132108,0.212703640902071,0.0715906343026612,0.079928163546646
0.425947814929855,0.190976019662421,0.384956293877644,-0.209210202111789,0.261812351627992,-0.171085790503377,0.479297050530878,0.228512081478862,-0.316484865092917,0.19897831975694,0.297381165385513,0.0592237465811336,-0.312707577339592,-0.195233813534638,-0.639377854091318,-0.229345312573606,0.343021195498296,-0.236372808973274,-0.595619130974125,0.0493623301597403,0.229222398973981,0.182515011707102,-0.123233490857206,-0.181302667207358,-0.330819965255282,-0.616975071778034,-0.499993570277447,-0.379512700734606,-1.19969606285041,-0.487717048974074,-0.627095283351461,0.809041336753819,0.625346265281416,-0.270252651569246,0.300558556129897,-0.277798931105864,-0.948281962849139,-0.503968860498346,-0.768217917099523,-0.523621589960304,-0.299742026279735,-0.319737108142055,0.330618541166586,0.0280969209650966,-0.671639712340328,-0.342065438116247,-0.935420343245194,-0.46206493816209,0.0868048966742339,0.165761463275472,-0.475220073861093,0.222778765404497,0.0449504590545405,0.356891177305116,-0.393412214603113,-0.768369971058524,-0.550705398936939,-0.847271412771618,-0.305944990016441,-0.438053715617602,-0.880445585107809,-0.370113393292226,-0.406437109417937,0.0108293429047129,-0.237228654884918,-0.648213535711297,0.145833590322337,-0.239796168567849,-0.0224136340832635,0.334283495122672,-0.041251967461201,0.371825125622187,-0.539967304044036,0.167865283993254,0.223308968565958,-0.272592044394258,0.35074161892814,0.396403518846468,-0.140428893511234,-0.173122404019026,-0.209348713192826,-0.505165468992219,-0.128901707955886,0.0261959447277143,0.379788803008632,-0.0429281969530997,0.457377969604627,0.27689080778036,-0.153052805273354,0.0150014936350312,-0.975487412923518,-0.530915447079781,0.385679993781723,0.541583706573864,0.0685953862581497,0.247187880529131,0.00845409643922561,0.780879328376109,0.183745867069604,-0.281591267929173,-0.163287494751691,-0.0285355084356042,0.285155831263147,0.110386708900367,-0.0486244385247783,-0.609771603268815,-0.49323396217068,-0.784280062025983,-0.299111636209973,-0.32922672792118,0.394931422085104,0.511971447191282,-0.0137228088085048,-0.225811981624093,0.234502810628539,0.640784454747415,0.466475347006295,0.245459628779512,0.326125168895047,0.785086402482056,0.853477362988158,0.431326799412455,-0.206319250139753,-0.498394270727425,-0.205555139007796,0.283602022825665,0.0489974219052684,0.322166870852519,0.201307041288677,0.211605494391728,-0.875124121282496,0.18405015261507,-0.0590216922955797,0.128295423909992,0.0345677150943217,0.351039582136895,0.437368197731732,0.224765821662805,-0.211077901894661,-0.483476908548448,-0.446462960561218,-0.963001919984716,-0.624015508082866,0.152081313734992,0.473738249155025,-0.281482966135089,-0.453131511215653,-0.138216225934642,-0.271638037399099,-0.29927842958303,-0.351724866038775,-0.0577658873373937,-0.196899219559083,0.0452972644232047,-0.127992226698342,0.290658349872296,0.0202600154993102,0.0218248029441486,0.0469875542654844,-0.226829884309619,0.07714626094702,-0.304869552388834,-0.450608477332374,-0.15091886789179,-0.051409038589842,-0.140766875319778,0.0947956515934246,-0.697165246614593,-0.0456210201830597,0.678765346823902,0.269850702181252,0.68422929060204,0.369310407530433,0.648486147823937,0.892728747147323,-0.0543414621302632,0.104608501120111,0.0641584578703081,-0.190418317848609,-0.28554984608372,0.0841061116594015,0.243724378186653,0.211024213981705,-0.142487167891373,-0.129210895122963,-0.0256615805362983,0.0500181010670241,-0.113697176896476,0.873244606330388,0.525634656084895,0.498054201909854,0.270688582241817,-0.0871007786251443,0.75335815620408,0.668165267267362,-0.326480664664747,-0.0406010236343483,-0.177761663697204,0.404409794832778,-0.157435779603233,-0.146702721170243,0.192756816919065,-0.381023695681755,-0.0845223631253089,0.632445468322231,0.313998736816603,0.421692686981578,0.640955498557061,-0.00937350835275669,-0.0519223809641092,0.0894774356136237,-0.559472243601693,-1.17755272247229,-0.648452061675389,-0.57803946011534,-0.0396910480019692,-0.108085316222857,-0.49732411790349,0.131458723214057,-0.0889913460218269,-0.400726949338064,-0.156306979014048,0.133401580208813,-0.634561319740205,-0.953473743554131,-0.227560483326072,-0.10001388587695,0.448612164265209,-0.0633155675833567,-0.424050577773474,0.104942801276812,0.164637612043042,0.213312108711415,1.00260467639715,0.342149575031203,-0.149974975923486,-0.208420861419542,-0.340739751601931,-1.02356618563529,-0.724447476425172,-0.439660447355914,-0.351574477630707,-0.0403776497266801,0.474368654702182,0.405536043720809,0.19547339073943,0.681224194881793,-0.124470274109645,-0.0867247214070572,-0.274326079891422,-0.103575118072199,0.369908918705173,0.390787432637324,-0.209371678716462,0.0434784185256202,-0.184153337987786,-0.585218196248352,-0.636541393158233,-0.76265327481306,-0.365897081171347,0.3902315938202,0.188685260989493,0.654174543748297,0.26161180405953,-0.146092176943105,0.12690645469268,0.0800596947740988,0.33786159393615,-0.582055336106448,0.0230989858515433,-1.34486755416634,-1.24012382847394,-0.320870562173681,-0.70472506699693,-0.0570151790172844,0.0621695848305475,-0.112472301270765,0.401019795031505,-0.029632382559085,0.598283448324102,0.636727292345438,0.437703778879305,0.172490278022354,-0.311240930999322,-0.357601329056737,-0.0360161506972151,0.312058318870308,-0.0165560172281111,-0.366386322653802,-0.683327476934303,-0.411925736804485,0.368701571659175,0.409478717447459,0.511934620713615,0.398917833397967,-0.121258470036055,-0.44997057210425,-0.303253082280241,-0.115221434853789,0.0983001367728599,-0.140601361983567,0.0542719131343213,-0.366691140998408,-0.810654948967199,0.0308374474410422,-0.887448346119135,-0.589490048459852,-0.535181858730919,-0.0122695411126704,-0.338997566843826,-0.0165224699553134,-0.103594630039901,0.168224366049259,0.385500604547856,-0.378865184248255,-0.268395217588571,-0.650571505206183,0.0129656655288369,-0.0640581222805547,-0.225466295985209,-0.25958850771739,0.0814687845175672,0.464484456709859,0.909695798436379,0.928489447763985,0.170457696432293,0.290222203037747,0.0112137572847593,-0.135255436247031,0.105759249798407,0.161352284275422,-0.100258231970604,0.191153967140909,0.00442077896325212,-0.32716440395135,0.0253129314408986,-0.527209239102302,-0.475076902063946,-0.218076382027539,0.453528255828872,0.479202690953561,0.0866243705354027,-0.2088482611433,-0.445974068429818,0.134969134743389,0.197809928778739,0.130865580692983,-0.205176278060272,-0.56904318933335,0.0688004082246887,-0.0430448984258873,-0.362088807993458,0.17905502620102,0.260499699093385,0.843773953548281,0.74581989014199,0.722814153570822,-0.191042169256144,0.101776240486735,-0.0223189155435822,0.426726398469358,0.366672970792233,-0.724672999120371,-0.418771612895937,-0.00715655998221887,-0.936935145069427,-0.302232034375213,-0.631947496013771,-0.228849559070878,0.216752365644275,0.0862653362811372,-0.770131582798335,-0.0236877522029679,0.701726072277735,0.249851371812454,0.0907849038495073,-0.255926842976418,0.388094966041034,0.242769145342178,-0.24218541132237,-0.217723110643564,-0.519021279863753,-0.409554142038564,-0.879884961372239,-0.581371600264656,0.0139424147821556,-0.0487847560521412,-0.475980976734095,0.00106155302501819,0.0852902854975061,-0.125009306979488,-0.490577926939391,-0.214351055555364,-0.744409426029644,-0.313949430774481,-0.992149998201106,-0.621503022988416,-0.25324692546559,0.222277480289146,-0.0142519813787897,-0.458568489634578,-0.345082166036812,0.14358702061718,-0.504905613550944,-0.303651292966787,0.0681319733104397,0.431483101555482,0.136164101269459,0.239972498295749,-0.6892083798793,-1.02696504801492,-0.567126151383069,-0.218101795337467,0.220340524791979,-0.0909264116495326,-0.486647648113019,-0.11860500016824,-0.443683805211333,0.0723598155527225,0.0704463966745578,0.143437335610871,0.249583646013044,0.578250555114645,-0.0305365215605745,0.0706246368709112,0.289968329462091,0.241593239882114,0.205912049065439,0.730630308796442,-0.0651351329658153,0.60982510567408,0.146293542803262,-0.0841013586390569,-0.202846079398261,-0.1337928877648,0.0320882670796413,-0.216088058813805,0.301315574966959,-0.0254525630050069,-0.828305296661076,-0.129962452372793,-0.449505684480705,-0.417602054199975,-0.0432008615591477,-0.0825482044727545,0.62325877074106,0.310495497159218,-0.110853111185023,-0.00215191175553436,0.282884635641197,-0.765735497463254,-0.441379468338799,-0.517226225227766,-0.0547388329113586,0.253922617030661,0.577841871034097,0.569429182005214,0.111040199755709,0.0395373351849215,-0.468156664104642,-0.170124054987094,0.438880854173136,-0.278458843998174,0.108216625472702,0.464068543402701,0.710759884511973,0.00522746918297208,-0.0554707860495945,-0.21471639390642,-0.46986672775673,-0.466157083451651,-0.200337230338099,-0.22057253107456,0.0445378214399598,0.383843832112786,-0.0575005704782205,0.302216323958418,0.140303707136035,0.209087886814176,0.597852924802877,-0.494373565554571,0.145715067063187,-0.404228668589757,-0.180589616395157,-0.293402214744576,-0.928699567336924,0.885981472369496,0.18793545402785,0.280545404922625,0.225617595398755,0.455243348518177,0.47948685682252,0.322298424649273,0.514203428909685,0.34764043688314,0.184322722502745,0.28452933466049,0.495709288282758,-0.0391029260549354,0.276603599059011,0.278363303121049,1.07640167855732,-0.384147127812909,0.181879026733219,0.593690728476807,0.206248152831098,-0.443038958734348,0.473799324062719,-0.160076400461029,-0.411876194405315,-0.666074483850573,0.108404334053925,-0.597856818086455,0.180697237296249,-0.135986279459087,0.0784665756383692,0.0710082405896087,-0.057744427062884,0.174469628949471,-0.043645978280029,0.078127001083156,-0.012284467454948,-0.522247973293822,-0.304527218476221,-0.0363588220993089,-0.0236030699081931,0.649695663718453,0.147348764855052,0.124800057535769,0.0292774215295642,-0.197096134410014,0.997697130182489,0.225849502113904,-0.452260833694158,-0.309964549054294,0.342738053494139,-0.0876661194326474,0.343701221945973,-0.394774298501759,-0.534640455730556,-0.533297859546002,-0.410340202322671,0.606379150749488,0.137766945183032,-0.252357240995545,-0.512303246292282,-0.636027674568164,-0.826750921975509,0.384312067035982,-0.426925552097049,-0.14715826976585,-0.547436557397116,-0.857261438291595,-0.358153456293334,-0.451040208222281,-0.00499876637354937,0.0180467193412817,0.470764430360591,0.437479401286863,0.0753753403608311,-0.145918826726404,-0.201182464290166,-0.107843451143742,-1.08219323151782,-0.985684706149961,-0.319075237192896,0.0650380575981756,-0.254115258002674,0.294903678451427,-0.317341541978894,0.124377935459129,-0.272615528722314,0.372489078470827,-0.104114556170842,-0.29401694625902,0.72148838106386,0.591385859259616,0.352035405947108,0.0690679947305263,-0.483526537726578,0.0312454465707219,0.623728080608639,0.487615658113884,-0.0189104197653871,0.0865320722222657,-0.199710411114498,0.128278087364338,0.425251679214303,-0.315515581656068,-0.0343286511781866,0.0693447035781988,-0.0511217509021895,0.0673332022119882,-0.184348131919084,0.036511374793802,-0.111749407497072,-0.87154048547603,-0.49093260999171,-0.64310680176453,-0.686159685899875,-0.278270848751702,0.248669130198653,0.212234547621776,0.285782510156473,0.295790463286875,0.389656271543657,0.241265553584541,0.292822330207475,0.242175049576762,-0.113852003720195,-0.536857291418718,-0.207155390086277,0.493716970354686,0.214525239674485,0.0402246571857743,-0.242472771457563,0.572803674009817,0.614374721092817,0.310173234865411,0.0979049669344899,0.371414377082709,-0.110754410762305,0.752207634184458,0.383417692957156,0.699474973750115,-0.147722698908609,0.250294686288263,-0.319950885590507,-0.618491443045568,0.106143051400797,0.296861922168423,0.248528805384716,0.713374927741706,0.853412596570207,0.425452625828077,-0.439866523528309,0.105937471625651,0.547196203793833,-0.0437421132517982,-0.771499368731977,-0.71551042672319,-0.0433613778677054,-0.172159411368604,-0.434538279662595,0.230564942733537,-0.229498066318124,0.12589156398445,0.298381718547123,0.19998002171876,-0.905105876864915,-0.786659523527822,0.227305936121638,0.108781491006523,0.214844879810251,-0.159131485591787,0.172118560261845,0.513220536309663,0.0519848145204344,-0.492939456666328,-0.450479416469857,-0.425072229786513,-0.903544688568971,0.19063569526412,-0.142887867526878,0.222062222436238,-0.050849935917262,-0.070852924468768,-0.110129215075225,-0.0967619688488176,0.321776810214465,0.561796659312244,-0.328870719749008,0.645467038425936,0.237912674879625,0.08809735370373,0.193415231206351,-0.197179135953501,-0.160366883495535,0.426538703432194,0.569578278433014,0.807093071463136,0.601089006316742,0.607329169623554,-0.13108947620412,0.0977253095696379,0.173899362079096,0.12612693643717,0.41974212498625,-0.0579780131108926,0.315431090948048,-0.172773804553288,0.34508947615703,0.196817424934022,0.549087253882929,0.397696986747131,-0.260545042805494,0.289275622582355,0.537741681994905,0.334856891391358,-0.519082476557405,-0.354524525888782,-0.595303942925389,0.208320138641317,0.345942805361793,-0.370822964827706,0.259117474842827,0.396683187622242,0.434102209089767,-0.287785600699495,-0.658022292073833,-0.842542901505745,-0.448946621140641,0.24041624355956,0.529154725737582,-0.0305565106657937,-0.260747552996654,0.0901446749408466,0.31698688324782,0.387271343478158,0.102966230248151,-0.95511156567131,-0.366790521937692,-0.508059388721667,-0.0103859418326933,0.524524357582677,-0.0641283173145965,0.267645607733928,0.0794920819880888,-0.507961469533626,0.0489634900136649,-0.279752508756135,-0.468986558941914,-0.107636153605925,0.69726845232545,0.223388603940568,-0.14743907715321,0.343941126452475,0.247977843377449,-0.054010474511442,0.0712027826981257,-0.321429612051911,0.194045114537596,0.623674928893981,0.394529208799693,0.374859144337152,0.574753447760301,0.0473432958619874,-0.589867774286547,-0.199051035670095,-0.262566904334113,-0.0892203111651693,0.0546709603258053,0.866953533740823,0.89458268879987,0.72547523172681,-0.030385384334213,0.758594241860265,1.20889837858303,0.459131684843696,0.784187916609238,-0.224945990259846,-0.500926117578252,-0.576330927056413,0.0985637870890918,-0.0402808659792949,0.36160710481002,0.0527868565496279,0.0737725365818324
-0.466872188444853,-0.132722499631739,-0.320144854904749,0.114717935643672,-0.238788169697585,-0.0186785586885566,-0.285145908001375,-0.248704142805298,0.207182174653481,-0.261598085058939,-0.334326927049695,0.0353624698373482,0.34164751941317,0.267912119523373,0.490344607736054,0.171126827675915,-0.0837353221843264,0.102406111591778,0.304965070905222,-0.062988308875261,-0.17702286187331,-0.15671229461335,0.231567565360684,0.1158300061169,0.2474644917507,0.480116472349216,0.3564046587363,0.169528171192991,0.759027813595573,0.203121659757355,0.509156075451995,-0.611653887233152,-0.369728101564327,0.112678844995885,-0.109994755935144,0.271516505985974,0.61124293025546,0.372503623384132,0.584958213329076,0.396824561657974,0.00341853363059619,0.319666098110928,-0.263206194912285,0.190811448289661,0.360469060836923,0.0861391809875621,0.60942027094634,0.246527466343385,0.150026023211178,-0.211161334326773,0.325126239843769,-0.149706397334912,0.0589674298667279,-0.240909530812973,0.257218459781447,0.402769995642983,0.308103041423161,0.410183732581871,0.114781847755786,0.350818761498388,0.56707312942566,0.0165736109806756,0.0760602655439148,0.0526806017091695,0.0465720552180102,0.537114168612065,-0.0501211363795854,-0.0784539436909014,-0.0402771499510007,-0.345962072796171,-0.00268876365751309,-0.151098500309167,0.271206383911842,-0.00320199808404737,-0.16834294282686,0.092864436801704,-0.167695494684791,-0.280715868643955,0.134632658508081,0.187065869728916,0.0327341757601185,0.337709279322882,-0.0200577935612499,0.0132275203939661,-0.173756068374721,-0.126046789950042,-0.415002171204043,-0.0920102551345846,0.0996795032598102,0.102487091015573,0.505106376847632,0.345342155669723,-0.325722326399161,-0.4589761043051,-0.198832888524495,-0.109457430711115,-0.266392363358198,-0.378023373177818,-0.336170380269105,0.19555386085191,0.205423984673648,0.0671399463273572,-0.372124522452632,-0.100824469202625,0.0494971603664042,0.278670131104771,0.371780048193884,0.490633252661827,0.154794170895393,0.301163136084412,-0.313291415426395,-0.446234051078107,0.00504865127857081,0.0200688243629471,0.0736804011373424,-0.465417112448608,-0.332500751009708,-0.0885835552912937,-0.186580263790495,-0.432916248065106,-0.389657430535658,-0.160144362578864,0.192744878051315,0.290967798154192,0.174605286663801,-0.260144798312157,-0.126023418183539,-0.137178144961351,0.00142753909907975,0.0515243783252794,0.534766035875422,-0.105430606309216,0.189196387060765,-0.0841554819553096,0.00187612505519705,-0.173092515837213,-0.305899777767917,0.0155145573359362,0.157861785462928,0.310844830458902,0.341701220294022,0.418120214447819,0.37068781425404,0.0290299974484803,-0.31800173349457,0.256653402078151,0.308891235317855,0.091706729379535,0.43597377909383,0.140958760349357,0.320100998052735,0.183824244482929,0.0398817399307878,-0.285027269993303,0.0523102951136572,-0.251765780845927,-0.0292691648818385,0.189277184389656,0.0136734720765107,0.116281408037276,0.0519731248749459,0.220941541374462,0.277278917877052,-0.0316944559239328,-0.0488256124597009,0.289650765132085,-0.241434554544573,0.362996713835739,0.00577678417388127,-0.350829641529487,-0.210690786503582,-0.348326202877938,-0.247427096063198,-0.344301537286942,-0.412005260258753,0.179700598493114,-0.17105661830679,0.133998614040924,-0.0354927598348398,0.0429405966587238,-0.0810336403975381,-0.171981443105976,-0.0457365642366618,0.127695433332488,0.195719002103932,-0.00716837368182064,0.0541919038617997,0.148556035273978,-0.761429230347445,-0.529529745036805,-0.323634530953064,-0.044854469737423,-0.049263069168576,-0.429615341678311,-0.523597866463706,0.33785443898217,0.00119835348802211,0.0413895803546232,-0.102548937911287,0.216680289120601,0.0794505227688417,-0.0927507164719172,0.266806433338169,-0.0278609599402046,-0.501583730600892,-0.196224681742626,-0.451134481539451,-0.439819107857071,-0.0575770664924335,0.0795077255157592,-0.00644802360225791,0.351592387151032,0.782486866597919,0.552930228658834,0.396986610997576,-0.0124984899073631,-0.160844710008194,0.0622029134673402,-0.155068745019334,0.0520314107109709,0.321783436570283,0.164711283943969,0.0397842425503018,0.23944131200004,0.607267731228149,0.181612800317024,0.152788681116375,-0.390032233958328,0.291973710370796,0.259674610570828,-0.202854224505538,-0.184625306612299,0.0575455593926978,-0.75554761654811,-0.0498007124486123,0.0640652108188896,-0.0160783098071411,0.323924874072767,0.614538150673577,0.574207068887044,0.347816218474108,0.143936024322818,-0.062964768335743,-0.29984019496657,-0.328668419151639,0.0367725686977577,-0.42864622359473,-0.146706044437237,0.123113228611592,0.0325221636180272,0.0174256014946622,-0.32517874277304,-0.466896490641306,-0.0758299350950278,-0.0831499870159697,0.240182711445077,0.235453764489608,0.409725419684886,0.413936102949273,0.227681080347802,-0.30272366895717,-0.0455108907530553,-0.541806933424719,-0.179508585896622,0.0112594280316813,0.122786931133569,-0.0926968772568312,-0.0589031779238926,0.239339372896222,0.0911503602531898,0.826308298594353,0.791523918011348,0.34108651832329,0.576712091234899,-0.0367055298788336,-0.123701760301616,-0.0118906668125525,-0.255706824205366,-0.248069076662255,-0.556264477066603,-0.497154105734276,-0.248282267902229,-0.0250510617503026,0.203121981992592,0.268493651132242,-0.00867331915365737,-0.197064370577034,-0.0808374087013128,0.38215993921467,0.400034149186567,0.375840993899203,-0.206053756960187,-0.339653482067124,-0.257670700558217,-0.257635311278576,-0.0757085722021612,0.194676451287337,0.089759900185705,0.204164898047861,-0.309114695586124,0.370477081530662,-0.0662884169199553,0.121323121680631,0.423743377738877,0.000995389383553563,0.806010067553339,0.435287751104686,0.453000852781822,0.127031487156566,0.256950578391198,0.30727634336186,-0.154747381450837,-0.0880724453615677,-0.12362030395928,0.373950000320864,0.162122764685388,0.463822582869611,-0.0392677372006985,0.205784206727509,0.204386557038862,0.253940475268271,-0.192859001928129,-0.17454701796908,-0.752319747351694,-0.531477242271136,-0.342333925396566,-0.156875726408471,-0.0984208494175612,-0.147502728354282,-0.107020352322971,-0.00166322028986984,-0.145570847770379,-0.253346791635904,0.00550667011175998,0.248372161525978,0.0221880044108818,0.209062607907145,0.164148504294279,0.240520927209777,-0.38623333817842,-0.386947617710574,-0.210646117898003,0.127766501158245,0.142586260765367,-0.137774553920593,-0.100117657704081,-0.157599958838999,0.139286103708542,0.49966840320586,-0.182384063192471,-0.0661231377186631,0.242474035930379,0.113320991958506,-0.197119781586815,-0.596428745054292,-0.475802118906587,-0.562651026710728,0.12642925835831,-0.162648641423511,0.204811275613003,-0.219186120847701,-0.277872191537872,0.180197396935274,0.299235522795668,-0.0277709121858439,0.360952319331245,0.272153962401412,0.478991351675464,0.238190521804802,-0.0788461847687294,0.00589447452761384,0.382847501588794,0.103551395154785,-0.19810009841238,-0.131697716885555,-0.182495274480994,0.113578671613543,-0.242862483403081,-0.265845760051465,0.348686160887842,0.246201343554267,0.299351862548935,0.285472544021528,0.447729474751634,0.515380673759742,-0.0981255856146132,-0.00302235694865843,0.305125839833545,0.0785058812260466,0.120285589099887,0.146757165072103,0.242882836562937,0.0866221769871868,0.345760476506448,0.0827972255720139,0.441916259963294,0.363642996888428,-0.0393912139371156,-0.266629778766152,-0.304455649474415,0.145642388181523,0.298010024370384,0.0123681208514634,0.113602386226779,0.378421061580078,0.0552312577083962,-0.320092412708375,-0.240764156202123,-0.167349587998868,0.390151168963241,0.753942071642866,0.37027178978764,0.313039295950795,-0.230214068496476,0.19688172342144,0.187087069110785,0.0665261730136444,0.251530305358085,0.0166291288587369,-0.0101617241220092,-0.264545262050794,-0.00369692780432934,-0.386539263991946,0.185153646017836,-0.140234030893099,-0.18014954813514,-0.0943554901762738,0.068259037372956,-0.271687064346896,-0.0212119745322194,-0.310463941432372,-0.0969956988138582,0.177507253274503,0.168404322866967,0.20873638547792,-0.000190983068188787,-0.0145462772690235,-0.0772682011656986,0.0299271866660624,0.64646088818926,0.023044647358539,0.26813645964257,0.212539166921101,0.0076031264121291,-0.10228885145037,-0.403004606562161,-0.132101966493043,-0.0845020647132989,-0.0777818697080517,0.047261140198111,0.502009499911661,0.382693795761853,0.211932065938289,0.128589190430921,-0.276005084763684,-0.243712588398966,-0.464177920936954,-0.0672320476774584,-0.0219252558089613,0.497746054077363,0.222713110020019,-0.288623449418745,0.134531684034691,-0.237670031036993,-0.386477854552145,-0.490958578876636,0.0342531802751576,0.138904618644409,0.285305641171606,0.120181289286979,0.18412528305597,0.016498099265739,0.142918298628456,-0.0631208912530175,-0.206705075938189,-0.0762270013473856,-0.196993892210626,0.0232468980943276,-0.315386799816819,-0.350111021408789,0.289291181928309,-0.236409725477437,0.360202233437268,0.180664621127634,0.203597763693303,0.710702744638118,-0.575482383641441,-0.217167923122931,-0.0985225260525967,-0.0602977085120951,-0.200920932335751,-0.312168761934656,-0.265075545308968,-0.185868270991295,-0.175735646824695,-0.0885837637746467,-0.20146253797537,-0.440235014473205,0.0759620070026164,-0.125012232608483,0.100834862070254,-0.71204508562815,0.177598628541151,0.0607389976565547,-0.309575140878592,-0.294910681774289,0.32127353169462,-0.15268814041531,0.216179919919966,0.415523854906918,0.493064937987648,-0.119000081695457,0.447473922533642,-0.155884803463645,0.0777686638672013,-0.075714414263199,0.00955038644297211,0.195515348452446,-0.0891459318304278,-0.138432092080537,-0.370462291326581,-0.0837256184833699,0.470238459130929,0.444257631547215,-0.0570461348507868,-0.0768691110878612,-0.289203714928227,0.0480546805508461,-0.010582122524648,-0.110204218711176,-0.0720269052012031,-0.67817425469466,-0.0391934659028204,0.371712808398134,0.205685290659589,-0.334462733283249,0.0415669210356766,-0.219044335183953,0.228135283473103,0.455270858480388,0.33901195755309,0.00618487047024985,-0.294346957401114,0.0754038494041996,0.15115478928879,0.246042796133232,0.349006293888279,0.352088251891005,0.00757551043650867,0.214050144910886,0.302859909960957,0.320909921059111,0.467337561094715,0.305281548169881,0.355680237086599,0.136221893108647,-0.153228453880555,-0.512338165519242,-0.265960242361983,0.104555683841057,0.0526096645959543,0.0201497888298547,-0.0739832352470373,0.74917456267859,0.531099056314665,0.0932036241399534,0.0965921579487201,0.0488892639094609,-0.320417397064003,0.251444650289408,-0.254200094314854,0.0992374200663295,-0.158691478627374,0.0263068954828307,0.000388402870135085,-0.389760429140508,-0.494140802373338,-0.218325429186052,-0.0868573958104585,0.300889541321621,-0.0710285204082824,-0.360539401149806,-0.16876390631617,-0.185865613982349,-0.141719700916494,0.292082855648216,-0.183902447827606,-0.122951139159879,0.338898580411296,0.164082131635857,-0.00557843642819372,-0.298058141497701,-0.120033385021248,0.180218830736338,-0.203511653129812,0.118886906913209,0.52059867512157,0.392347478919211,0.22506037335578,0.551144076317968,0.170953310449674,-0.262097726652795,-0.120488378598745,-0.160984100571068,-0.419001262829111,-0.252522726885322,-0.0183880385134765,-0.0312485738292357,-0.0532095728321539,0.0300570822395748,0.502344328232186,0.0725990347737583,-0.237663073810609,-0.143174147555246,0.0481211997299233,0.106593675099172,-0.446781100316058,-0.224388391839553,-0.237249821282761,-0.22451100583582,-0.188075990430666,-0.0295684876798034,-0.431711854657036,-0.324735511397684,-0.159836978674813,0.238192006566761,-0.246913707655168,0.159855494329379,0.335662113112143,0.00556248262864197,-0.330955304659224,-0.165669712055635,-0.396515490436261,-0.558617852982377,-0.373317312833205,0.350271504819937,-0.0286440716081681,-0.160663179422561,-0.116640438297787,0.471939811036202,0.615462257086772,0.0576285942710342,0.325992968867634,0.390450469336927,-0.236231694569456,0.0831249795155336,-0.284232707494878,-0.0253367969200775,-0.030304871887866,0.645174422529519,0.630718518415567,-0.132614837022601,-0.0555031721831296,-0.263475370594945,0.356425548445574,0.0453500355579111,-0.0283714617784676,-0.11599918947873,0.136209935060401,0.308123608100057,0.441961260824827,0.519095201326017,-0.194800056553544,0.127213715572883,-0.0996489914179155,-0.13857384986903,0.0579707653483171,-0.0222768560938514,0.14694936551242,-0.339896923606132,-0.303976589555152,0.18627548024855,-0.598234706395476,-0.157150514610909,0.0192108960884892,-0.0756590624213143,0.0610326436119824,0.131596839774119,-0.123419399626617,-0.0666027798223067,-0.415646595998131,-0.33065404315772,-0.428334398026218,0.0274540993764138,0.0307483374740459,-0.272403226757868,-0.0985223755307129,-0.165056026060199,0.0155542872333412,-0.0210054350246719,0.352766725577218,-0.28834944148785,-0.0557591170149875,-0.403954287098629,-0.0543655633793773,0.304044619640363,-0.055144806080251,-0.320295618916751,-0.150603487149099,0.339383393851151,0.222563536633372,0.284932482255091,-0.28090983643316,-0.255957885193832,0.220597570807818,-0.160148482129642,-0.278991370463739,-0.226471121368556,0.245601473223516,0.367223954251596,0.62006117775724,0.208771664019597,0.132905527396393,-0.129658332629334,0.016776934045805,0.117032601965897,-0.135808992204224,-0.126394441626176,-0.349741674753393,0.0394017352874713,0.487310804662799,0.131298839903181,0.395831328701724,0.0789825385078427,-0.360092817255371,0.0592145648508461,0.0387401043803338,-0.0464051116893324,0.572568023738348,0.0540787416795393,0.145660176320524,0.544021894224998,0.306040613233348,-0.39466392520077,-0.243062187332032,0.240359523753822,-0.189710699432641,-0.335882355802358,-0.193779986698221,-0.177136755653341,0.0922537386795756,-0.114457386880312,-0.349669257145314,-0.28366501108033,-0.160095648365903,-0.592328657352909,-0.0522891086778085,0.287636574413361,0.0952995414293394,0.0686106427508093,-0.136375059514035,-0.0719686903219023,-0.428239853157015,-0.524260507629686,-0.384054760628563,0.0169550062184867,-0.556428577298626,-0.667270828053146,-0.133184881467442,-0.419545082158162,0.0440862648634442,0.121622923263835,0.342548443610691,0.14209833090653,0.0715298216717237,-0.172250396529239,-0.0881050999587004,-0.264647818736128
0.585521854335247,0.234441588190032,0.381406664274975,-0.232671649705641,0.334421193918155,0.0982024559519612,0.245711175520413,0.0465302951896809,-0.314593432653681,0.322376069373133,0.162645022172541,0.0995097852881415,-0.613218830849125,-0.345984261270433,-0.814517739507994,-0.360551284416775,0.090636603496527,0.0645658916712394,-0.689161297225907,0.16579513158355,0.402277529521243,0.232555548111498,-0.197171917048149,-0.245266614797007,-0.301385281092868,-0.53297099190002,-0.469646359517081,-0.355431052677439,-1.3180800414901,-0.535848772118111,-0.666026197385623,0.741000004936551,0.749271752039442,-0.0801174425406083,0.304430349585726,-0.345204710941284,-1.1211228404933,-0.636752711686701,-0.711840737587492,-0.468600756816879,-0.110965523223497,-0.470670538719577,0.429717003038667,0.0128656293837399,-0.497171767456569,-0.175406849736895,-1.10436749480846,-0.389494061682594,0.115560359219828,-0.0141572880416751,-0.419956017363748,0.150155276156426,0.0382738090997116,0.372674246374468,-0.421941282735425,-0.598138158648658,-0.495236350241228,-0.871778885822275,-0.375659001630839,-0.525964681398959,-0.932035082306258,-0.418702452506355,-0.214120788801905,-0.00804942054905582,-0.0938066964954399,-0.760047873097836,0.0875035091908749,0.0561915174005583,0.133229255396673,0.0181023085180744,0.0761024184615909,0.277557987128983,-0.424793074708585,-0.00848065107603295,0.376033998617944,-0.16392414412417,0.092079323935545,0.364229522420859,-0.279098935819052,-0.0665676108878358,-0.198814314265859,-0.489401249266267,-0.0225249282552688,-0.00821106782298728,0.232916078773378,0.145452955716354,0.144612980536739,0.173556873351221,0.0541825707031831,0.116648844698486,-1.13066324124287,-0.257919235899769,0.307411703936022,0.746897829545307,-0.0182512551295843,0.0865337380888217,0.000424256014556632,0.781683058089492,0.39138576108988,-0.112362637541302,-0.144515948985435,-0.0744698074340474,0.335862841821514,-0.0575989151778567,0.0528003722881253,-0.485669485197957,-0.519989752084294,-0.877065232993106,-0.210716278060148,-0.339607314918654,0.482793993078812,0.630114507024907,-0.0281107328732901,-0.124290200838418,0.0335915096582666,0.651898930238736,0.557671133648223,0.120470552971716,0.325571275847489,0.707097658313548,0.906238898685642,0.18951845787038,-0.385386132450861,-0.627135348269215,-0.139478168288369,0.428130971065014,-0.069779156367613,0.519656448709847,0.364638196310545,0.14636404777027,-1.18387605035943,0.259570965664536,0.0353074962223655,0.192384682425783,0.117277868131061,0.340017027922577,0.306831460562853,0.00773346795521505,-0.306978823137449,-0.318611553815154,-0.556148943446483,-0.918300900423157,-0.78324593565512,-0.0466214793234237,0.350315718045347,-0.176967526385746,-0.263827875182048,-0.294376737273222,-0.389091800112672,-0.402275612493212,-0.489525664854232,-0.170575222183407,-0.28879281132278,-0.103358530463929,0.0330889777907934,0.438538881674534,-0.0396413348347699,-0.0717465132291354,0.163458956977332,-0.369218684063734,-0.0973672132265494,-0.223696488248497,-0.506071470176915,0.0416256495201759,-0.13832146832576,-0.172081354189303,0.0754843338726597,-0.765335606960655,0.0672687254078213,0.547315954016369,0.270150477680345,0.730023256663711,0.477723754049721,0.361149276242789,0.846762335072449,-0.130108772011435,0.156891173317062,0.0557975696394151,-0.172566248700219,-0.361583044607082,0.305404023451893,0.110626496938022,0.305392631485391,-0.325196448144863,-0.189103037412254,-0.228194478894508,0.206274163366398,-0.163555535833138,0.929400497806605,0.45255533427191,0.693353125590032,0.169887137960085,-0.126708204128579,0.741038737846732,0.642930227728438,-0.587900716131922,-0.152302464900108,-0.000634274243287589,0.297224102080664,-0.288492301509774,-0.108163778067585,0.0155625950484439,-0.510098778413886,-0.127411857489991,0.720376675996937,0.250260107680904,0.48380683780137,0.790745446972434,0.167324653255391,-0.0786471583787702,0.327764440678085,-0.51937492315502,-1.27780388855088,-0.639859540255023,-0.561317966034498,-0.133539389926198,-0.00722511633236442,-0.304090763829268,0.0234050192524467,-0.0123164975241675,-0.497500911570174,-0.111446292334012,0.0396367142676368,-0.64622119086366,-0.999922884163802,-0.0413048381369137,-0.23534769903326,0.39018329221556,-0.295257888267258,-0.125825311175398,0.154882142047894,0.0431006400825384,0.0720944907212135,1.16104523832495,0.230114148214838,-0.323673404681967,-0.30886521849418,-0.385129171462687,-0.638001572283337,-0.786691173910502,-0.524562601385645,-0.31554496142295,-0.0654742671522963,0.363066999949757,0.526000947013597,0.091823668930338,0.790225071979608,-0.0813632989406903,-0.288592526251048,-0.0888443734948083,-0.124165524452495,0.647591605884234,0.440325589125808,-0.241921707334002,0.15127914140617,-0.249517014988115,-0.511821163682633,-0.571648788262389,-0.549139008035084,-0.439070549281085,0.306602389272635,0.176266934019264,0.843766299728135,0.390271368239361,-0.218156103705073,-0.0233180145659147,0.0863636768258138,0.183220733873381,-0.491572611579167,-0.0738100073329915,-1.45564791604324,-1.13205914843154,-0.302585852606911,-0.70117155249368,-0.0809744542758428,0.0493343050295849,0.0756188836621986,0.766501084507916,0.195325248034451,0.813453072307667,0.698590302284714,0.415095473268176,0.17957282579925,-0.379646972094318,-0.329293326214433,0.243261501128511,0.339183363099552,0.122198014592032,-0.413850867979431,-0.866819828950862,-0.64128087406071,0.481765343604232,0.568008692951022,0.582630720077705,0.371399634534508,0.0855394941783479,-0.627690912627581,-0.260211204535175,-0.272410539779921,0.0610568278555468,-0.193946923340509,-0.0181011685255513,-0.446358904598944,-0.967289272919451,-0.142303047658526,-0.975463642516611,-0.675553366646301,-0.762095512773542,0.0195581107099521,-0.580058766374001,-0.322622200910603,-0.00294216989824543,-0.0727711034647483,0.277396251465041,-0.383798331246699,-0.290224362261611,-0.389653286774969,-0.075621658119405,-0.10724785563034,-0.114416516915602,-0.159593732014528,0.0574096727742634,0.386742960077093,1.14524591722968,0.666464236951164,0.323295406979112,0.231023741143553,0.0832682397913464,-0.0300026619935252,0.274059240185795,0.437077774431353,-0.212945575673972,0.340342345929868,-0.0173577334027594,-0.455172723780968,0.0497185101080727,-0.421632024302674,-0.398466028129705,-0.22438966709672,0.370461384661576,0.54267694378127,0.127901767295632,-0.406018743978759,-0.334297848192681,0.0773382377446466,0.498644825233585,0.0664773921391218,-0.444043215594972,-0.548535655730547,0.316541174118113,-0.061466014694237,-0.43736790542927,0.279755693965087,0.271800217170103,0.904013530208988,0.93680036303816,0.867399335544652,-0.239368142738799,0.239309906067874,-0.082375308488224,0.537049506535747,0.418707507341656,-0.59249569473706,-0.465538343032377,0.217403222094971,-0.832446921134444,-0.583650019516372,-0.680417676516403,-0.446815621380175,0.410618897901793,0.0724614797947143,-0.620155166769189,-0.0650809453956341,0.56475729155061,0.410879270890906,0.0232589341363749,-0.336266978551984,0.544407305859033,0.38064195499287,-0.352559346670869,-0.25115540872004,-0.487602510480259,-0.492564174395126,-0.948158386411591,-0.994571839419644,0.0218970547613867,-0.0897068128144603,-0.392945618235848,-0.129926710892477,0.0937105221622263,0.00371366897193323,-0.7914985355772,-0.222285550563266,-0.614228192031501,-0.427933716041801,-0.921622990842486,-0.738752128021947,-0.0251970090380904,0.11298217351275,-0.0102839270106025,-0.10086065510959,-0.365729507548577,-0.161987579075187,-0.458940934611986,-0.473003110780624,-0.0327300752677632,0.54464610936691,-0.0594491290677783,0.138820746646334,-0.513246221282224,-0.999500679433273,-0.594976212064248,-0.313226388160779,0.265324675110763,-0.0513227654730335,-0.22676584496892,-0.170779977279036,-0.268230856353038,0.0156041580622828,0.239896572806261,0.325460024994611,0.112169094828923,0.803423371972396,-1.42378163802692e-05,0.123872258646856,0.562936912081637,0.199455295364156,0.301613148561926,0.574144753650273,0.000196004885286052,0.514947978153904,-0.0404510551494322,-0.349307934036075,-0.206866059437381,-0.179444501151585,-0.0102499860515099,0.035893777335567,0.108517229839641,-0.110523555572377,-0.773996976286274,0.220059709813993,-0.509003839526359,-0.587611021037514,-0.313370092619861,0.0150218465319887,0.557399807604083,0.478408984571012,0.0155565596453819,-0.141326715268956,0.293676919995774,-0.633165165538983,-0.563384167287442,-0.375746442132511,-0.098170547337096,0.2034012663867,0.443251229428913,0.580131101878742,0.0978011532779712,-0.0725540765161069,-0.500112652648458,-0.281802060312861,0.326143092748837,0.0181809753046903,0.150711426687437,0.412591439959699,0.826173412013572,0.00455589324051023,-0.133087190632602,-0.299562025701535,-0.503999338197637,-0.39370852468247,-0.154438909237676,-0.286464324571,-0.0103745607116871,0.487741023330677,-0.0894180726957073,0.516750268359507,0.214006825016776,0.408119655993041,0.363111648459988,-0.565341741042716,0.196800572203271,-0.121569331935551,-0.417589259022486,-0.296340480378673,-1.03773009102489,0.972617512711576,0.399436485187252,0.358367395955324,-0.0547079327901581,0.5785438993927,0.52123399775799,0.164349808783396,0.57327757657328,0.56047055335351,0.182615152173581,0.385257354816425,0.594388277612039,-0.0241089266062356,0.171566558952941,0.278569948101278,0.962614816850774,-0.367549244558139,0.155885045554894,0.359910063038498,0.351320488002167,-0.404080643572374,0.199739244892254,-0.16741324703655,-0.789478106134662,-0.554108270116569,0.121190237420672,-0.556409436327376,0.130065470687742,-0.240112204172389,0.0314785055275588,0.270271369170479,-0.249807685340075,0.212489207688702,0.116885337205832,0.293909014045297,-0.0734410168543697,-0.666999205483307,-0.41706049717801,0.0498210209251178,-0.0199685441081068,0.559099230114153,-0.118266902491675,0.249176342153829,0.0565514611148255,-0.0201870077274905,1.17145512922105,0.404545150864607,-0.424605075509538,-0.125512616237076,0.508876996502452,-0.0173407452419364,0.422898713592252,-0.396522833079036,-0.6468144844796,-0.859885607001195,-0.16761615111947,0.552327252286595,0.0447644677919885,-0.125100050846433,-0.559220471703138,-0.521328032022772,-0.658711387464287,0.288258601107579,-0.529438193102362,-0.24547097539948,-0.652645098050597,-0.944538263872918,-0.307689411576327,-0.607777262974977,-0.298463506661648,0.112527905747769,0.542696774014695,0.478301944445195,0.0544770480019304,0.0535815110548132,-0.00626916831125989,-0.067517857054077,-1.32982605789212,-0.819682452309002,-0.410893751197172,-0.243663060369532,-0.220938539343743,0.230557479278091,-0.0657009294648485,0.0329746025936363,-0.196496085171891,0.463277660404346,0.0309507220511102,-0.196074625880093,0.787277995035499,0.597368001536588,0.291865391657266,-0.0509916828105744,-0.533528270136456,0.044652149931082,0.510634367611669,0.456014336621669,0.185083853334329,0.0875157084842111,-0.17689870474347,0.0593980756938703,0.40407434958659,-0.413995417475384,-0.00415588797308009,-0.0178807297444835,0.0618556629294072,0.0585325241953905,-0.547275849888861,-0.112938193820663,-0.318531247971087,-0.674075991121859,-0.62146774615596,-0.621287325949329,-0.950647087779563,-0.240305690531423,0.427333246852719,0.240039463342373,0.264687132503427,0.426762544142414,0.401094542180427,0.217931380970972,0.256239392499583,-0.0194157708883668,0.0214673152732762,-0.748797841136068,-0.373315937287951,0.388708243821815,-0.0569104669497473,-0.0997667138797554,-0.441942204512641,0.759751634830681,0.790516575349434,-0.0313046754142295,0.274797413132764,0.390800953920868,-0.0178054630354449,0.797717487594193,0.442338553421994,0.651876884748198,-0.20434169973704,0.578672757878069,-0.312854952918061,-0.433490044940754,0.181826711865698,0.257038658301056,0.476504213828609,0.441146932751423,0.689347951813392,0.512564393601263,-0.477008309257347,-0.0612944209804936,0.414029291078462,0.0728839917766561,-0.875365985422919,-0.975145774996388,-0.124149722021422,-0.524561130962521,-0.390045011935942,0.338294679688237,-0.19168051821212,0.0781744251487609,0.300601835667634,-0.0945462969047151,-0.912106612420121,-0.834071201056954,0.163165285658696,0.0525722903634036,0.59899594371773,-0.257709909974115,-0.0742589691416542,0.426761181313989,0.128920231573191,-0.349296291870266,-0.46075041169805,-0.322259842072333,-0.918064465679024,-0.0205589546818194,-0.160558107731045,0.247396993241467,0.0516462752192793,0.187555110102718,0.0129102540476813,-0.266624622433664,0.448725610822835,0.73343639696029,-0.248870750403988,0.608863318988335,0.275148984754695,0.0204070493567724,0.327491477598222,-0.129544512920923,-0.214600197246225,0.234865108150964,0.518459400349416,0.876264431946304,0.657774758128607,0.47597244826082,-0.253716668789302,0.0429839977461942,0.212735355138778,0.104963945310793,0.241517843921872,0.0142606423211994,0.0905278214458459,-0.274800523683014,0.109441353079475,0.227078442152051,0.618145413701295,0.40661502126239,-0.167054261212865,0.0858305873720081,0.377808523924273,0.315711299360499,-0.57256086487134,-0.485889211697159,-0.699262260426971,0.300029048362739,0.541334513169389,-0.140448784136529,0.180273653437745,0.308404791458686,0.476311044573591,-0.567328665672595,-0.798264636511278,-0.933567009613512,-0.481977059233059,0.0716156040458443,0.480052849869359,-0.0971761756971879,-0.251437802238025,0.22312571785493,0.212937535584149,0.65989729493772,0.248752854556071,-0.832734212785843,-0.344913603990021,-0.527373553970586,-0.167707899828785,0.675953237439139,-0.00471462956443934,-0.0779628828627592,0.193724316997398,-0.337259192123656,0.0269305469793413,-0.328224479132108,-0.618952469588005,-0.271340424565428,0.806584553293251,0.282244978955122,-0.158677794713925,0.416490353925947,0.422658792112891,-0.199963613333335,0.153981017915003,-0.386135396125778,0.0955820173101866,0.729468939899914,0.543949085835599,0.326063965024439,0.854420699901063,0.00236927607041153,-0.649455605506575,-0.335767428668142,-0.189167008692336,0.101741393319754,0.374199876147547,0.929466748146547,0.818760045896379,0.72878626583048,-0.123412106731111,1.09204047065254,1.04871989877334,0.580225962363142,0.612434957014099,-0.0469153884517119,-0.521276564184937,-0.416786602193927,0.0985703614383703,0.102553844861819,0.352768004475442,0.0827981443028556,0.197578123953047
-0.0512831832471612,0.0679415166991139,-0.106172383337154,0.0842467233828362,0.00608780610080798,0.0601853315243533,-0.152385905313557,-0.0745071177969312,-0.0139509067936676,0.079448337111739,-0.149842616154707,0.0880149548390798,0.0208580181517207,0.0662279791801225,0.0359386827445639,-0.0731240199069706,0.259068652362222,0.0708705821811291,-0.0743472402363242,-0.0625421263036398,-0.0116389729781594,0.102150843480349,0.110070447035406,0.00601236986625361,-0.0372923916301335,-0.0148124901503182,-0.0827033654708327,-0.0496443212257243,-0.0705546535964799,-0.22027704932048,-0.0890597385090444,-0.0134417520718202,-0.00503437503479734,0.113057237514446,-0.0386191168503336,0.0181000337594344,0.183792195170999,0.124853621679235,0.0633527485060269,0.0405905410004987,0.0832837207825877,0.0163411697175947,-0.0288358410886168,0.0760755798099776,0.199929392924921,-0.0468606905661236,0.0625312365258654,0.0482163505171055,-0.0721216198205344,0.120551901882079,0.0130235815429241,-0.111943226209817,0.0978947077984645,0.171790642899245,0.0382950317947209,-0.133751184429765,0.100586763612736,0.0418330436838967,0.0814717756475801,0.149786141519358,0.0622034895175131,0.0285655387389718,-0.0477169468028382,-0.0610065501565101,0.124225175097024,0.0703931907832809,0.0678859760291171,-0.148604388483026,-0.0588640903317394,-0.00535405720370772,-0.105218154900186,0.0314658714116449,-0.0439473132966428,0.00986889909428012,-0.0318865549717952,0.029955076934307,0.058850742336254,-0.0413950288995376,0.0863500219805591,0.0674534389554627,0.0064405458097868,-0.0343128444941247,-0.00255516589810522,0.0171609202209788,0.0645478725711689,-0.0833948851559806,0.221783767248406,-0.202922343763598,0.0302364213047685,0.0172771660123351,-0.14754086589615,0.0835323730231563,-0.0146970899764295,0.0384995320122505,-0.0527426026500033,-0.0250434397840157,0.060310885609686,0.116519668940604,0.0913717393144129,0.00592344883787144,0.0394674492535447,-0.00601071364505893,0.00466289008615936,-0.208383108839971,0.0825182547824329,0.0876864701657539,0.0937054132707261,0.106135729075677,0.00549940333423806,0.0728547996445522,-0.00967120094385382,0.0843941959161289,0.0122318136125207,0.0444251564992959,0.0628272920145659,-0.0164874446389452,-0.0679832460122094,-0.108196105246714,-0.0171226211163522,-0.0858817630106601,-0.143401842211161,-0.0680112257034992,0.043539015696121,0.161584741599668,0.0529727944676728,0.112819665506377,-0.0743591148319527,0.188331952546655,-0.00968246407091028,-0.0692034336552244,0.0415470193009293,0.102047580671675,0.102887133356327,-0.0502110625362613,0.00453999724791482,-0.0815742318023785,-0.100614806466919,-0.121976050663808,0.11506632611003,-0.0912095163956481,-0.0471551186046484,0.125699177516294,0.0508439393430697,0.00746307556715799,0.127985933345765,-0.114347407793902,-0.126374643056306,0.005184098458467,0.0426922120796883,0.204858346398233,-0.107838010218459,0.0243490034039178,-0.082681944448205,-0.0762008604609544,0.0793736699368367,0.132547573923353,0.0757839900119607,-0.170281187876021,0.116134186443505,0.0808432860956165,0.01335696168442,-0.0480111306298614,0.138536520186897,-0.0547310105920132,0.0476679581889016,0.0238434816447284,-0.0514486735836759,0.0333565092413014,-0.129658359072209,-0.00390861430341371,-0.0707357424497126,-0.0377430351214597,-0.00445686121112635,-0.0628910753859079,-0.0302893493434929,-0.152148258929076,0.0930733646823538,0.145374826311253,-0.106437631196901,-0.101850055014154,0.0338170650082212,-0.192094761932033,0.188063024440508,0.0218300701716145,-0.104866838884973,-0.0767274203876515,0.0646486297674006,0.142744325356083,-0.0367296108857512,-0.0093405167450125,0.0017916688517094,0.00583575176430115,0.00301522597746972,-0.0866092558180935,-0.116886404007858,-0.148401943418603,0.0862305045005367,-0.129422914184859,-0.0467872825306872,0.160127773701696,0.0741244233142134,0.0321888846327529,0.104631500347641,0.096547513628563,0.0591157513576492,-0.178302098007986,-0.0322752597919664,-0.247996675785838,-0.00810380590106297,-0.0843109365194977,0.034824478393002,-0.140363731128967,-0.132452127546753,-0.0302479138896507,0.0256868053075975,0.0439083870670602,0.101970739840075,0.0172422286154208,0.00468965373872353,-0.0916309242635584,0.112375997092758,0.0477884280995005,-0.0892411206077537,0.219932999082594,-0.0248007938535435,-0.0127509389391756,-0.163462336421215,0.122329793029842,0.00916324942293235,0.00786417936788156,0.0562737014453492,-0.100025818873891,-0.0722476207470719,-0.0691685812974065,-0.118941203281996,-0.1067223327841,0.0304469795197942,-0.0618155137698818,-0.0617963335282057,-0.0102483594533584,-0.000298981941344491,0.114272107388928,-0.123878561789839,0.0410498893929824,0.167068623796378,-0.197029274384364,0.108422153788597,-0.0491555873983323,-0.110429805927606,-0.0942160964865594,0.0115316860461756,0.105412604666759,0.10528138283317,0.103950771505251,-0.045250670300031,-0.104129029257587,-0.0766074481145473,-0.176668640078299,0.111363009132222,0.0127057092574624,0.0438265387949945,-0.0707600133335055,-0.278172042914484,-0.0239930168243666,0.0707954481331139,-0.0121193527692602,-0.0203772619160881,0.038549672205271,-0.0487668438145747,-0.0480971909683695,-0.104052313097651,-0.119456645267993,0.145087783138206,-0.0449038111444332,-0.0672231224647827,-0.0696195978560068,0.0361981688151055,0.0863419964418642,0.00758249660823128,0.0873700977819513,0.00578714902170411,0.00840548122148204,0.0142914669890235,-0.145468875894966,-0.16314656060868,0.0227053952486988,-0.0902386121696479,-0.0879413830861428,-0.133018922900924,-0.0486632984261042,-0.0719386175933739,0.0381058395129082,-0.0627580108074679,0.0888643620258867,0.133788851527796,-0.13711807910497,0.110927584296712,-0.0174886896702939,0.190587950355123,-0.0753196614583855,0.0538983197503394,0.110295983004411,0.0278380719474057,0.0235609890149312,0.00358139883723118,-0.217365901338676,0.154578684865335,-0.0493977206307284,-0.0734018704790157,-0.184719846900068,-0.091436748830281,-0.135802681636824,0.0326060764267277,-0.0204897072844287,-0.191583661133997,-0.0852961594210125,-0.040147903455778,-0.0399526049493347,-0.118649983044366,-0.101458121383138,-0.0832104940142807,-0.0493109463224163,-0.08071013429586,-0.090790499277716,0.178111563457031,-0.113150432412182,-0.0531335627713546,0.104024380195849,0.0576149440807676,-0.0894796874213471,-0.0912307583017996,0.0294461946358899,-0.155317838473095,-0.0160996977296487,-0.027220857416328,-0.0347800042959702,0.0790142207441669,0.00887203884527364,-0.228339417290283,0.063072241305672,0.134825929230815,0.0482271931192304,0.325222709731164,-0.0683479346024189,0.0534003023523163,-0.0174845082368483,-0.0466037663944359,0.0108271846825588,-0.0417054726852637,0.0489066066591567,0.0603313675416019,0.00967286712744345,0.0835571397590756,-0.0291551090958796,0.0246279971472747,0.0609563569945864,-0.0248357281122873,0.0291874701462407,-0.078568915726609,0.0795226810105976,0.0398117918022111,-0.00881700211583013,-0.0593645605341405,-0.0348860354830752,-0.0166149325898002,0.0677568258883712,0.10411095294831,-0.0553006178389394,0.22115231405873,0.104024917704432,0.0369316389395979,0.0856974522311565,0.16772624599582,0.0888416789376315,-0.123194536242642,0.0779901240434648,0.0446855675142179,-0.230889340475722,0.056996070796731,-5.43944353252118e-05,0.0350695804655031,-0.0472772857991841,-0.0195531336059625,-0.236522044358111,0.0943715939484447,-0.094747002591978,-0.147640935780002,-0.0562563150287566,0.0915691359856441,-0.105718841661926,0.130177042247471,0.0974579177852568,0.117129661644656,0.197983852017918,0.154811921635232,0.145018469425244,0.0637720089408404,-0.0110218742326665,0.0620141839421919,-0.0679645770737129,-0.032369831727218,-0.0759943741540465,0.0159738120856198,0.262602324103708,-0.0273258237266926,-0.153589154805548,-0.0488850421311964,-0.365029067473253,0.0537400680601313,0.00559054975289707,0.100702140503043,-0.0598991881151177,-0.11640597549108,0.0656777158157789,-0.116952362597558,-0.116845660891535,-0.0483044620033976,0.236500716847415,0.00556929231978721,0.000379111625515063,-0.0527409463772591,0.0995487131942802,0.0842498694907456,0.0968853346913429,0.0883253310082471,-0.0268856326291145,-0.04516405003088,-0.115722959219923,-0.0823956943442211,-0.0938877903833751,0.00519629913744499,-0.0357786006481205,0.151459332160454,0.0431909201645211,-0.15941553605359,0.0292896603231033,-0.0977166315067977,0.0227903476074231,0.0209075544970822,-0.104317823430965,0.131166344433223,0.0910465826550748,-0.172337759960961,-0.139503288368505,0.0935613079827234,-0.0635450192418639,0.0937505012979967,0.0379471498404427,0.127459457865531,-0.153899085979433,-0.0971548633684288,0.00339617776203958,-0.0125860821494388,0.114428997912669,0.143538425203875,-0.0429554995140796,-0.0247456049173204,-0.186446001256332,-0.025379553674557,-0.0104521895919658,0.0149078189247793,-0.051348858138343,0.142721630127662,-0.0160522584832618,0.0996063010401038,-0.0888331533786456,-0.0236858577761939,-0.00899820471757791,0.00277091933862671,0.110519328132938,0.019394077464384,-0.115813874656768,0.106520930221929,-0.0185908093666273,-0.151791858313726,0.00600436396762252,-0.0706709794964976,-0.0782417214880135,-0.2168979047611,0.0698940678499736,-0.0968292215303697,-0.101336615157191,-0.0730506974753209,-0.171200715982629,0.0125543088819649,0.116177221752052,-0.0919962865817579,-0.124190003876564,0.0114927799757069,0.0583105666495389,0.0131909738899926,0.0699863568161499,0.081085995076634,-0.0679115202778606,0.0874566310967665,-0.0210663912064202,-0.0726460732958112,-0.0631007786437915,-0.099904214957485,0.099914796875818,-0.0417433239152414,-0.0941210509373488,0.061017884007125,-0.161356120507809,0.0370636399008952,0.0200237890632096,0.066997081388651,-0.0578092460715016,0.247783348519659,-0.183619766756335,-0.0127468081498935,-0.0975973733010505,-0.0772559683362367,0.198561341801044,0.0124974301163809,-0.166162665006428,-0.0855630592305997,0.0931465430908467,-0.0971832958663266,0.00833039514330024,0.0853156227932847,-0.0104462128101742,0.104381557699849,0.200352806492158,-0.131554165915975,0.0406778386953499,-0.0505712196931284,-0.0168205185855711,-0.128997412149204,0.128741478350765,0.0302680862210189,0.0178656819665513,0.119581049699334,-0.0536999483421441,0.0252206352219435,-0.0994240641868019,-0.0708702496262189,0.0044393403238722,0.0572761937359334,0.0587930697775556,-0.163874518701861,0.00163005491461857,-0.0847039809109724,-0.0940044244435889,-0.0813714103015205,0.149183525023267,0.100733234347056,0.0373261906608037,-0.0770024730910201,0.181791124477059,-0.0916928355072613,0.299499689411068,0.0518791074348472,0.0507192315309795,-0.0262902693568381,-0.00162254981539603,-0.00814464778040721,0.0454510361845987,-0.0245921217431694,0.072613049153831,-0.115939658350252,-0.109370098114581,-0.217485758147674,0.0587247793210686,-0.0846368841838244,0.0334464616114218,-0.0682311929961422,-0.011675363797919,-0.0484510970705177,0.0629386754183755,0.126158158528449,-0.0778626129733333,-0.159790748263916,0.304031465416045,-0.0958482408289116,-0.0844535075234524,0.0147053284646473,0.045495664634954,0.000368469198046969,-0.0244355395959876,-0.0867761009135821,-0.150221477871695,0.14738198903718,-0.117044071833556,-0.0103196405957111,0.139207030977649,-0.0528430672632882,-0.170741881091373,-0.0814335931430075,0.0418092540418148,-0.0323883961407265,-0.09823997131973,0.0614732441730825,-0.15126091809721,-0.0180077950429894,-0.0178338456183146,0.128868525647157,0.0203526855831792,0.118081178169946,-0.117380686135491,-0.16292211921114,-0.165783061685982,-0.0930642952064084,0.11500011708234,-0.12927503970274,-0.00251614349553227,-0.00125003060536474,0.0265677464525356,-0.158715611188308,0.0394536615902131,0.146697056111825,-0.0942244443615994,0.0162064603149465,0.124612967771667,-0.0137881350703197,-0.0919963790653255,-0.0242295446749915,-0.0314337558094808,0.0111472849046055,0.0575444333515582,-0.00496296073953622,-0.158891604208746,0.0346568267939329,-0.00841892737064777,-0.0350637435237934,0.029265718581526,-0.200066426049195,-0.100483652068674,-0.0131429728399635,0.0440910584432545,-0.130613233406403,-0.019492728544342,-0.176569662315172,-0.03880648330656,-0.166425569844583,-0.0699212711905843,-0.00958871643677329,0.0458545234876806,0.00755308420959261,0.0416870235688192,0.0742153665754073,0.02150479578557,0.136910105792806,-0.078478736734114,0.0354116968501247,0.0207978553966468,-0.0581222382208221,0.0247750044547844,-0.145159653767165,0.104472280925893,-0.131561150341142,0.0702283224022364,-0.0381257384296732,-0.0594736352977322,-0.128541019361695,0.00479621071494459,-0.0269359972129573,-0.0719457074398798,-0.0959154208291499,-0.0430508900774853,0.126036409585571,0.0821055521424843,0.121951614783882,-0.00223102393291056,-0.102159463688866,-0.279276756420863,-0.015932329484443,0.0971010161157386,0.0529280832197216,-0.0581880012599114,0.114463235324685,0.2064069968592,0.0171792696069415,0.134734450553973,0.112093762027098,-0.0872883359980706,-0.0800964372261469,-0.105023297408806,0.00169419441061624,0.029210253915891,-0.132604368533526,0.0853013693865276,-0.0964200797728243,0.0582633921456547,0.0173889850575013,0.101248224657628,0.164464110240122,-0.00591032345392752,0.0541870222089077,-0.0474158403003305,-0.11172247492121,0.228154101954817,-0.0142884000838812,0.038417786552862,0.00273920874351794,0.0668783480804466,-0.0789130726851689,0.244685422032065,0.0560787511542198,0.00123764288927439,-0.109198831664515,0.0952485793202626,-0.10583428779812,-0.0388982344674449,-0.0514893165930127,-0.153849279727992,0.0312598008041082,0.109130109239208,0.000247869374313722,-0.0190467286581337,0.0258798605486185,-0.0525847639606442,-0.0411631207533488,0.104089464813896,-0.176503847044953,0.212469759961441,0.110397180124956,-0.0419729588739207,-0.00691893363186463,0.0067420616413337,0.111304408055243,-0.0450680584188553,-0.242994048270263,-0.131861314191256,0.0169025728497083,-0.0229553970875175,0.0818390998240845,-0.0791780577947419,0.196655852004428,-0.0446482043064201,-0.184265871591404,0.116291725272221,0.0590907083829123,0.211279176159414,0.110912277597724,-0.0066958238812876,0.120597274250234,-0.140038511780647,0.087867490387409,-0.106740098834833,-0.012173107155924,0.0827582921269262,-0.174803122501484,0.0487731821250297,-0.014293603465539,0.00919323544074931,0.0734418121579671,0.0427730326661107,-0.0583639357217243,-0.00073249018656155,-0.0293342552254871,0.0650830369136328,0.0423356442263908,-0.0647541405658791,-0.120871892626512,0.228531932865804,0.0305313627370267,-0.00110739469430243,0.0266161913742496,-0.155966428757522,-0.0391055215490824,0.298813010905654,0.205576097155608,-0.0386095447078276,0.0290275853557412,-0.0604521989641612,-0.18340975445603,-0.0966829909040226
0.242229429205124,0.0653012521069482,0.330473023693591,-0.108213367170626,-0.0649827270174441,-0.0678121856689251,0.324916804768603,-0.00302413633465178,-0.406081854477516,0.148833857218049,-0.240160734886144,0.017650175300347,-0.213839892611121,-0.175997922899376,-0.465151895160474,-0.301644516158777,0.179524343029864,0.125104511769387,-0.353477335464672,0.107073723342723,0.0206633880621908,0.0805488741984818,-0.292047333135995,0.0227600755615207,-0.216513072938914,-0.368786751878166,-0.327446941739046,-0.152744233843601,-0.568150438216145,-0.381778211175251,-0.511734903164359,0.369450361873712,0.267195215864281,0.0924493239320446,0.061820244394118,-0.256239172371612,-0.539755223772718,-0.26520378726966,-0.364191385095494,-0.305262295174342,-0.128695720448987,-0.11907625434003,0.213083776745944,-0.00750761791172674,-0.201308526419618,-0.0995434421028147,-0.599566616190115,-0.180222058965378,-0.0379822489900144,0.0491189446812367,-0.1538819279837,0.307453435772806,-0.00686946666927513,0.181342853571692,-0.178036273479399,-0.310252496802658,-0.124794300643882,-0.329633259651159,-0.0919901029185302,-0.137209627008621,-0.549252585841513,-0.113208963901089,-0.0543321288388862,0.0712594858518731,-0.256138790921684,-0.380589880673765,-0.0532280485657437,-0.000389505098574862,0.0804934082380232,-0.00652524850771703,-0.0942352710325847,0.105615163223031,-0.146647328389276,0.019634731344967,0.110767091765557,-0.221172274490537,0.186448106126995,0.22890476749208,0.0351694354026285,-0.140791426755806,-0.108478465014276,-0.299398662374871,-0.140692027483938,-0.0155061706258428,0.01628102294302,0.0628710537062492,0.319693821065662,0.182462115687708,-0.0575348043675077,-0.0933084480097367,-0.639044901890715,-0.0228005229965092,0.174309936195153,0.256654271153036,-0.0201343949222087,0.113395550094713,0.223474123692154,0.355788788567673,0.192205061697456,-0.0744676587275283,-0.0772806970329953,0.0291746360551629,0.166917675747645,-0.0951902070353203,0.125091091664253,-0.376463772963577,-0.362794385844022,-0.556249856203125,-0.125133795479448,-0.174189007984288,0.196292135810506,0.322290920869696,-0.116969042825842,-0.163604547485384,0.269784686756923,0.362634564149374,0.316621229805957,0.42870244680495,0.00161688555389017,0.392409640117247,0.555754345341603,0.0632376101561267,-0.0118828738252074,-0.428024490778867,-0.0384900593619441,0.0835118664488938,0.127124412383522,0.191653700829093,-0.0519656720235268,0.0458788802950102,-0.508639522189277,0.0254122245182635,-0.222983284523312,0.108001857150831,-0.0151874612254005,0.201560416743764,0.137800128003903,0.100024036132321,-0.0317433565815095,-0.229008717524676,-0.263905266629667,-0.294646084019003,-0.480911723918941,0.0375988856910555,0.315511394078853,-0.189310676178509,0.0187844101136351,-0.226471532162002,-0.0268436023588642,-0.169347721168398,-0.181050205249675,-0.152361629749226,-0.280041095002567,0.132174637562819,-0.0209164694039932,0.257961222537465,0.150714415870401,-0.187225358869422,-0.0898882985020403,-0.0965135034329097,0.201453433106397,-0.212841162727997,-0.123360613992882,0.129763647904756,-0.037904826070956,-0.138154225669394,-0.000420774843692476,-0.215090689891161,-0.0909581690199209,0.226141908156032,0.216966368912093,0.309885030092709,0.357335677885389,0.40836307267438,0.449286806312041,-0.013899770742446,0.18251532472975,-0.00518061984326887,0.152756922911364,-0.0237709990879513,0.0529695755094637,0.242769781144178,-0.141983458195147,-0.216115406504723,0.00697543034344579,0.0637324833453729,0.0979823481650538,-0.117349832436776,0.43300089879076,0.190978292121869,0.108566179953582,0.00200007840378275,0.0602327639684831,0.298222746734524,0.366201517790137,-0.173094359233102,-0.025772046763616,-0.11300178087185,0.335552077670773,-0.0150001219787956,-0.0383957056423981,-0.0674058905077889,-0.274821544525587,0.0136137757712137,0.278718319008628,0.144592759525044,0.175040004789843,0.400650449903329,0.0163899441106747,-0.0745143964258977,0.211857350857979,-0.17470028280448,-0.633985412615761,-0.376719408734338,-0.192089579827727,-0.16816050005914,0.00256625404898107,-0.275034370305166,-0.0758444741133835,0.166840146252111,-0.172805633394909,-0.000908881304042611,0.0325225595346438,-0.416752428294503,-0.556878726660022,-0.0902656892552156,-0.148419141190044,0.190880132599002,-0.195404030374837,-0.203638610871756,0.0194277102804421,0.166538654499166,0.116499388346496,0.750771463516431,0.16621033712397,-0.0745045382242092,-0.187959504443771,-0.218065599581056,-0.543120539698661,-0.35413959644234,-0.0497461555830201,-0.0855878644298806,-0.0583012355327574,0.175299638222467,0.292979211000373,-0.0517558005208524,0.589550386003144,0.00173550221563701,-0.119446764934482,-0.153391515231047,-0.0817050503322915,0.204953947342902,0.287353911251234,-0.175837642339885,0.000445126715266836,-0.115922468873997,-0.362627847055634,-0.301031391779226,-0.491373648790222,-0.246908199543448,0.237271506977546,0.206835593325068,0.370895741000941,0.342543387973373,-0.0307147072750045,0.141031294198275,-0.167681396306922,-0.0117528424177684,-0.325624641767052,0.116025931664758,-0.711269929245617,-0.552280865160082,-0.237645330943131,-0.377959193473151,-0.165166288351929,-0.0456431186058326,0.0565504679950768,0.388677667004708,0.16769684699963,0.523857811567187,0.399121225907107,0.147676096006784,0.0599793130735672,-0.278500425279097,-0.189571589041531,-0.0655601935890953,0.136319377424614,0.0631537827588387,-0.168796032845034,-0.330050971061429,-0.411760358976689,0.199680871800613,0.279994361432398,0.33017170549623,0.173833831425915,-0.09369904340748,-0.252768278130307,-0.0325046549340511,-0.0199934370794935,0.290270139552058,-0.136776912578988,0.123371351161869,-0.254593714372822,-0.327735683146254,0.0826557034175047,-0.799196087187253,-0.261412867217033,-0.297785894732388,0.0178232412557549,-0.180523898690789,-0.158024404060744,-0.0136624604643814,-0.129432372560952,0.0714457760563065,-0.295851782396623,-0.290467932648877,-0.184043849462234,-0.024005981460103,-0.243301631608298,-0.0559827614298269,-0.154577245851576,-0.0627157180344441,0.167593115663239,0.434187928690172,0.349274430119007,0.293711759044338,0.0682229919270785,0.153057620111903,0.0540455739154426,0.160621121300337,0.0844245849349571,-0.0797970790511857,0.289633375463839,-0.00161645590909622,-0.123641111032391,-0.116742817523674,-0.349714930781323,-0.137210320021326,-0.231516073704886,0.158027318710733,0.240670323305848,0.00869100997786276,-0.196808441273237,0.0024831120674613,0.100983081489561,0.273518433888424,0.0764295726825231,-0.0701469629828175,-0.335357768921095,0.115581381784004,0.0445745818854039,-0.149036175745944,0.0955346546740285,0.149140939755814,0.359856275753607,0.27382563990071,0.349319688778551,0.0685344918958571,0.190886460075621,0.0341283757040918,0.183634088012518,0.0489555842119502,-0.217654300436664,-0.32656104661442,0.283789388904299,-0.370242881337721,-0.0860918891150064,-0.392282993523725,-0.107186105198176,0.0523115282542856,-0.0917878275668204,-0.262459537333693,0.0449325780755828,0.220656933739174,0.255350025298914,0.0632327812047642,-0.0973918811941012,0.353089756899852,0.228065894109403,-0.24453137218407,-0.231896891481424,-0.464149260989353,-0.133652670536039,-0.633126997484246,-0.389444871701462,0.00844970130337706,-0.162821927566202,-0.185773466311362,0.044204872178504,0.0857028140662532,-0.115099971953408,-0.127950490647172,-0.139459418654875,-0.162395342422663,-0.249048504710667,-0.577628666866236,-0.448268733790892,-0.00578744649234378,0.0794171050440974,-0.0448728016255657,-0.313592757093369,-0.187306979598009,0.0895762205041645,-0.245180943061603,-0.134354504666724,0.00193436205051022,0.199859845954081,0.103359844783709,-0.00089702104747702,-0.23023745777172,-0.597394902905716,-0.402523997327664,-0.030506232192128,0.0371979482715078,-0.0823785950452883,-0.237329252590686,-0.0914630114741495,-0.320196245963195,-0.0582793515684855,0.154900558041507,0.232317668937028,0.0824834202846637,0.52706440575809,0.0413792502759254,0.169432826371455,0.0985470373585209,0.0854096827482684,0.255260285119612,0.463043764363141,-0.109824252539169,0.13484491112825,-0.131672342471043,0.00865041946256638,0.0818783303170652,-0.309623179987356,-0.109511185249873,-0.0417794701653243,-0.0736841668680438,-0.0721930033856321,-0.38000955391648,-0.149655590071323,-0.443739299208029,-0.00693228393326389,-0.146166146508782,-0.0123589009786287,0.329597194851379,0.151993460756821,-0.0929387609425553,0.0826704712361356,0.186125211371506,-0.29027603796608,-0.111582727632832,-0.275429700861817,-0.156899790812312,0.0679720743490233,0.241312008468156,0.528604166116663,0.209385787640475,0.129193062767586,-0.334904988126628,-0.109532972396418,0.2669657084582,-0.0697106047230111,0.0708154816842675,0.211934300592304,0.426578890615805,-0.00713247089906029,0.0464283522465641,-0.110306299922901,-0.225986880810906,-0.133717337811305,-0.118954477641386,-0.0741703224275066,-0.0207083000966699,0.283033062476575,-0.0484753447262903,0.201984486523299,-0.0335387979806514,0.231775415300638,0.195666059817346,-0.28950298652427,0.238023216203808,-0.148591861758134,-0.0298686671929086,-0.154638415257916,-0.591499017330632,0.564128016413741,-0.0251876557720598,0.171896213880863,0.00411718882156576,0.295186996849999,0.284494605100315,0.174667385441015,0.257981058427712,0.244075679587141,0.199830183181822,0.0481112494169592,0.262116229905931,-0.20587928503755,0.216747592908728,0.221230632294098,0.456557264641486,-0.160620483869747,-0.0700810128533129,0.147983281393442,0.0113650158936289,-0.155994923793759,0.241710511900691,-0.0581550701987274,-0.385709765422686,-0.239243147498931,0.142551591213682,-0.307487363936985,0.0336368251937814,-0.0093087513115704,0.0598994566716722,0.0364487173124423,-0.00460838882620279,0.107605577854913,-0.00892145426546403,0.00032436683357609,-0.0256132276921447,-0.356974685017599,-0.210378156499588,-0.0373437621524729,-0.0304267671713229,0.424607913582268,0.111369903213463,0.138212785176662,-0.24575367862577,-0.145580465338667,0.468075546153888,0.0589086339672349,-0.193950549100393,0.0302486274496384,0.262558859607095,-0.198898222079518,0.253353387609136,-0.38648984628174,-0.373888660059802,-0.385424081742104,-0.245159514297891,0.305408477202239,-0.0344176327748373,-0.225991950858688,-0.275428171748313,-0.130600102182213,-0.275840140575164,0.286435517437188,-0.274587967116769,-0.195305646370814,-0.228638647789213,-0.601544486413786,-0.345942583535686,-0.238673322004685,-0.0466225995902067,0.0430525177486591,0.240100025618273,0.297379394900608,0.0369734301106759,-0.00778174700681369,-0.0859322571607664,0.0115374252596325,-0.512124069055857,-0.504290379347253,-0.0531544713112806,-0.0394495863750017,-0.0266895465871377,0.18361063943367,0.0271286461867986,0.00596471060102502,-0.0528205200167346,0.0911754316423517,-0.152773954942809,-0.0341398235744732,0.537462684503943,0.32084941956181,0.381575456863215,0.0344718182770673,-0.286276048470445,0.00316042585838367,0.241742192630406,0.213078234441413,0.0315383214173918,-0.0716348900109546,-0.00507670232728283,0.27185512568906,0.19462622229318,-0.184550730781627,-0.0499384362219044,-0.0036912190860603,0.176717487863879,0.174478686740408,-0.0591345437785432,0.0116090548806578,-0.133153844441703,-0.344869761617818,-0.284921064013225,-0.402234883316541,-0.177577331162771,-0.0685788583193499,0.111867360556183,0.165105968455207,0.0136072390562171,0.157441540324625,0.0180052592160906,0.199678824694363,-0.100642632566424,-0.0131259980232988,-0.0450743968612281,-0.328869568622249,-0.239825223712802,0.271230537459381,-0.0719723812792965,-0.0994104464849778,-0.218052019749671,0.334396175171707,0.385654878095967,0.173665703218899,0.148255143071558,0.402225182692011,-0.174514261186645,0.432051269953307,0.272615595227784,0.321480170882948,-0.189336861922774,0.299216885426435,-0.108044482038737,-0.136778705954754,0.0110187339010378,0.208983581688111,0.295852117143995,0.343695170234614,0.560631894914655,0.226204114052177,-0.260104962663593,-0.129342533918179,0.193457536407877,0.0902799122309614,-0.327751524892676,-0.532115587555828,-0.0989672762207991,-0.313325231428323,-0.30058967429652,-0.00908139305239705,-0.170419995502078,0.137331926390805,0.151982912758914,0.00368519634505686,-0.559976340919082,-0.292398081758773,0.105591583674778,0.00518453861198119,0.189169527935902,-0.136552939686609,0.185831208659033,0.281824926538704,0.0595628597962204,-0.227544544983163,-0.323342415122431,-0.093347074158879,-0.4279605883505,-0.0819506186756738,-0.0383916533325319,0.116390504543144,0.104878045548278,0.0974604253763801,0.0869205991475494,-0.0320596709496431,0.255368840168471,0.402529562830946,-0.177905670928699,0.295025139228401,0.260356683179457,0.046854184784779,0.214730199451808,-0.134339033742276,-0.216238525784396,0.0531698118195125,0.07605624914065,0.336661145148013,0.363878269153613,0.284766802193073,-0.13710740402386,-0.0764423803564184,-0.00540407257770854,0.10239754967504,0.155931590106277,0.0122642536958043,0.0140285035215429,-0.117836821132701,0.119555000042726,-0.0750854480953804,0.434547614457852,0.151921625632964,-0.154031029514547,0.165628150901523,0.306850547684625,0.0433737924786689,-0.181018309165418,-0.234989178338135,-0.302662394209544,0.00610302996920055,0.130708138957866,-0.334196326538282,0.0856312208625163,0.149181848497473,0.27154803645762,-0.177042689417616,-0.425058899188803,-0.456415704105429,-0.41930690680999,0.17973247276503,0.306578256890438,0.172400942023561,0.0529411961285736,0.262383426823481,-0.0317345540980346,0.160754252310096,0.199356101147683,-0.50934302523994,-0.19112906083616,-0.348691331956961,-0.177807061917051,0.357530681439852,-0.1004265411037,-0.111813891098026,0.055906889895965,-0.361454837931884,-0.170482502018453,-0.10210190997599,-0.231405866458381,-0.0879371833677518,0.225817989469143,0.0879128725406059,-0.317632031318421,0.260492662753873,0.173166808529057,0.0803936073199671,0.138603729186214,0.036168418631478,-0.00386148080940274,0.457696624894804,0.363231221113745,-0.087496787115721,0.405219284493223,0.0932331218875118,-0.317513656334158,-0.0392811613538088,-0.0399834901146485,-0.149909794809656,0.233897563545638,0.52743087276323,0.331581579802878,0.347431216062751,-0.166072203363672,0.484399303792395,0.564485084929684,0.107966980746516,0.281702950604873,-0.239485105997893,-0.135665776075719,-0.344344564332813,0.114566642430143,0.0498324729577993,0.0884692176871215,0.237661579798981,-0.134644910553698
-0.0345076386558079,0.0405112123527878,0.207782502803125,0.00874535600017262,0.0365608490790323,-0.0231577559114213,-0.0710005997185498,0.101583242023182,0.0633044457202844,0.0320757697856666,0.128715249256029,-0.0011070925900123,-0.146704731197008,-0.0759200924732198,-0.293200843209887,-0.225410901019463,0.0361485178751755,-0.0397137123211792,-0.148669569767405,0.0946601650780438,0.144425177495832,0.0848353544911807,0.00455281380554312,-0.279923377271548,-0.00864734772598134,-0.0995238069783442,0.0354518926540445,-0.115825155576305,-0.157480135162147,-0.148234168588535,0.142780567263849,-0.123655057547927,0.212025727846318,-0.133637344260233,-0.0258998738263288,0.025426600001422,0.022293555765636,-0.0500476279726832,-0.181644985918541,0.000151891555437475,-0.0317989349435273,-0.103033372300749,0.130939237253975,0.229432711201056,0.107955065508759,0.0574281282877594,-0.0628347749042268,-0.0577260645200539,0.00962702364853376,0.190363339747226,-0.12129186327395,-0.0595563186032647,0.0398947996035273,0.0707375055389473,-0.159238139200838,-0.135900592223961,-0.182872496292185,-0.0909069334129095,-0.0376344006170828,-0.0904485331426633,0.0204870880666496,-0.0199533275972085,-0.115770571232729,-0.0924404485863836,-0.235505459281003,-0.103059673734912,-0.0558239284038109,0.0881301945741035,-0.048742241829521,-0.0445200979657216,-0.0127799283167601,-0.125416000443877,-0.0719910509675895,0.104347588365413,0.130298214954674,-0.148584784170281,0.0297508225793982,-0.147979842181775,0.173095959582906,-0.122142936639614,0.0868046793366509,-0.0438626271583663,-0.058373418759848,0.0629063118985991,0.075137794999027,-0.0424410210818823,0.29755071097442,0.0887521219274282,0.00152322966458763,-0.0753051959795264,-0.07310923032147,-0.180591296679752,-0.0206665153120435,-0.0639973664427721,-0.0790342812491876,0.24390384124021,0.122984963566083,0.155994419314977,0.107965083885983,0.001096193856931,-0.143995866989733,-0.0479112872232035,-0.0867536452319279,-0.0751123381353977,-0.0948312786629524,-0.0678150394064916,-0.0581047741756343,-0.134613985796258,-0.0498542753031107,0.00871965286786299,0.0402217981171192,0.0320849857982935,0.0188184217223994,-0.140211934344102,0.0877468488552872,0.0126901995712913,0.149809361413779,0.0128203797931925,0.0890049858771416,0.1489893911761,-0.0414219207111664,0.249947831213745,-0.172032265275635,0.0434178693756787,0.123530174596761,-0.186184765866052,0.0231946927923558,0.0924233422859156,-0.0512866773189973,0.122528360484817,-0.232806065016024,-0.0095857765103621,0.0525827934665875,0.00845583719510013,-0.24332638878434,-0.0602496048888845,0.0529957259210231,-0.0542710253580436,-0.114527381752121,0.00620322310396318,-0.108570023323921,-0.0763501345214616,-0.128505908886812,0.0998449013497838,0.249567922626983,-0.0993260960092256,-0.0225699718936993,-0.0473782729097746,0.0258020446349384,0.0307440074195539,0.0449022839807605,0.0379863717493611,0.161270207565061,-0.0414467577994048,0.056827695921523,0.0210795139433712,0.0539257475806391,0.191891072888995,0.0296072132451806,-0.100796726479796,-0.105691727437526,-0.0300269346788875,0.0242859266281691,-0.0821905481901902,-0.0174431621280139,-0.133304632228892,-0.0973146328287314,-0.132317557947373,-0.00917798474003155,0.0350757741994433,-0.0212051213414351,0.106542344839283,0.226673023002997,-0.0992125885027527,0.0497390151515131,-0.159788516003182,-0.0575716593461441,-0.0633283255301221,0.0761286197235221,-0.22797781458417,-0.0370409892318146,-0.0234152114099718,0.0279794022105799,-0.0155962827655924,-0.0248665406037649,-0.0998134990009494,0.157766701255629,-0.099553155162406,0.264737071564004,0.17164524037022,0.0943513953263288,0.0131912394859357,-0.190206210538735,0.0254168134803301,0.0727355766630105,-0.246538070038069,-0.0546591248737723,-0.158308205015618,0.0510915851508633,-0.0587486001937259,0.0554798091376359,0.127411236727908,-0.0743114185998451,0.213621293023159,0.207845176896327,-0.258419394931494,0.064278041559975,0.374698127787581,0.170937540703746,-0.0980942868100622,-0.142884254501353,0.0303954981015461,-0.227335082080583,-0.183130637199615,-0.0102861912953913,0.0369589588714643,-0.00371978127135895,0.0155360495776303,-0.0247916102142708,-0.0695912141319204,-0.13189328223067,0.0140953565416398,-0.101119169475665,-0.00029808090674506,-0.185543089646701,0.0410498410717791,-0.227974586059522,0.169460572902173,0.0261780536405829,-0.132052769103389,0.0410084157328069,0.292050911128695,0.00146643940624882,0.0915993568032372,0.130697657100383,-0.0890435725747767,-0.0377702650306612,-0.112547806831822,-0.0371177612345469,-0.110110905945128,0.0063813660286839,0.11106634533831,-0.0311796307526203,0.0276479071653185,0.0226822622120926,0.177435332529895,0.0826622214515968,0.0975282522218688,0.067462461702491,0.0874966970410703,-0.143193601719234,0.0289136783538906,0.119679253323908,-0.155895235921745,0.0818894458165394,-0.407541230356103,-0.256304016088209,-0.227772120999808,-0.0698551854055118,-0.00744861867599762,-0.0834011946392156,-0.115304432636297,0.112168082920136,0.0713830788191448,-0.0200619196179253,-0.0122554704087038,-0.268888494267418,-0.000217266644113707,0.124329247788066,-0.098505354147348,-0.210727117598895,-0.20660825198219,0.012437167813739,-0.316840171233792,0.159238813542436,-0.0516017529506935,0.01456410271491,0.0448081199145981,0.11308385364635,0.150502026742978,0.127206538738363,-0.0772830627222349,0.152237061470918,-0.0145167634908758,-0.113748526689088,0.00438262298346801,0.158570564622423,0.133526151788769,0.0799581706493943,-0.280288833311162,-0.232210369071323,-0.042514386550362,0.148947246573227,0.0286677797347395,-0.125869361242885,0.00318211773407604,0.0378300172502218,-0.0383830281088693,-0.0239119902177269,0.181513746725847,0.00821509805721575,-0.0236920672134834,-0.163161836328802,-0.2862911731431,0.0201565755557437,-0.116069473712694,-0.302168288624694,-0.0637810434901349,0.163826476157283,-0.0315527351704348,0.0652289939641037,0.0558608037260096,0.0619845569671971,0.0818511469956102,-0.103659766077547,-0.139005937436894,-0.0308225099238127,-0.00411135137484766,-0.0431507427363176,0.138647535049926,0.0585701598412053,-0.055764347952318,-0.00700969175733096,0.117947257732313,-0.0344634138674363,0.0379929241510272,-0.0217295432924031,-0.121948977182976,-0.175707417093958,-0.0314244972874916,0.114017621307425,-0.12676330885321,-0.00157724958217231,-0.0564383316765535,-0.0293344163658224,-0.0745778632375504,-0.0497342106620248,-0.182475174623595,-0.160994715704859,-0.0712718001644387,0.135869177455509,0.0994774151761241,-0.0702609469060102,-0.122856359898825,0.216230340572132,0.146038652848023,-0.0825774847554214,-0.0913937672931743,0.0507017545432416,0.154326966149624,-0.0311677703665804,-0.133421691193666,0.0537109456543696,0.268126233755489,0.230187702931761,-0.0140728171108861,0.175157438998565,0.0467261251889422,-0.071819435318769,-0.0382398213291142,0.20110253449469,-0.012430174299664,0.0703188384545483,-0.348819252471301,0.0261251505038676,-0.233383701601294,0.0613105696785518,-0.14954711094125,0.0520353429259411,-0.152765674064572,-0.071765441116155,-0.0168966189990934,0.0642350689277238,0.240507026016475,0.121680209315313,-0.0845140749117942,-0.0467957949651884,0.0238439462130395,-0.0193909311995349,-0.141987385803001,0.095684247357511,0.0114927855646106,0.00692622346770688,0.0454683514183795,-0.166342603355657,0.0340070039399595,-0.0502843376556817,-0.0186333772003798,-0.0242791631479461,-0.131655927444384,0.0679893389758279,0.0131485882657465,-0.15411500229857,-0.0171321404314717,-0.0462990988113412,-0.136020805101091,-0.123483389521927,-0.203485637181637,-0.0231504920053871,0.163928925568841,-0.051539633748495,-0.146932062860133,-0.0214135973133619,-0.20945135607212,0.0675472629125221,-0.0553209025950051,0.116315260263641,-0.053481958189142,0.163888655014077,0.00187893902665846,-0.381652778581282,-0.045838650588907,0.0238395699744177,0.0207841982223097,0.124996136893945,-0.050123252082771,-0.208532592423917,-0.102233503695786,-0.149694376088034,-0.00353086876489872,0.0487445163939854,-0.124741186321685,0.1152231282946,-0.0817984520365942,0.0316079071222724,0.0288200669309452,-0.00524631367126567,-0.044051074363159,0.107021337946563,-0.0768706331669221,0.226389590044731,0.0229081525960099,0.00615505030458957,-0.0169133923275113,-0.0589794842144648,-0.0520282078494562,-0.122535045991137,0.130328145247853,-0.0664289622179954,-0.0480988182981975,-0.131583182704936,0.0176413061995197,-0.0337350431026902,-0.147492977516397,0.0802572934026325,0.194833234997478,0.170216910294321,-0.0274985318567871,-0.0410807513428076,0.0695084294650545,-0.107233961437873,0.0589889481367621,-0.213397800051925,0.0762810203387131,-0.0179611329611043,0.125909413269921,0.0399174942295189,-0.013093465557226,0.100373072664435,0.301456724398203,-0.039630267579959,-0.00870356165241021,-0.106234012834771,0.0120544312728079,0.0128589578896524,-0.0170802991428879,0.057352586950947,-0.0308515328315352,-0.204910951776031,-0.13887633752725,-0.218584260941716,-0.0462021774205159,-0.138034345068761,-0.0280416493730549,0.252982669516509,0.128060298400962,0.237120350876594,0.0779796350853151,0.110470839733763,-0.0939589677573617,-0.21409494525887,-0.0902406064835816,-0.0972482490444705,0.0368459419119799,-0.117872318637345,-0.147038829718926,0.0947619509281196,0.0533085136679207,0.168647144062251,0.0375253822876959,-0.105808005423351,0.231354963251796,0.177963172447891,0.0729237157251858,0.14677533416333,0.0278421653520822,-0.0679692510642358,0.0765049080071601,-0.0308622879066314,0.087126939429389,-0.0956935218821641,0.0792096973787336,-0.106536327890131,0.0689400456425794,0.0976578812211034,0.00101061934052146,-0.196061587945901,0.0120916377249786,-0.163662129974918,-0.152133457032445,-0.0562681909318528,-0.0801646949652187,-0.0680046956329768,0.072677834124754,0.196859998630004,0.0302052849556378,0.152051655768266,-0.149857013719875,0.0593972650400138,-0.041048242275558,0.132493314600763,-0.075486818229522,-0.110903814410502,-0.129601891814538,-0.139088276030065,-0.107777972000721,0.176201217521874,0.0187668082434777,0.166081795973252,-0.0355073251767305,0.0259574171796687,0.0607255277956364,-0.112420641470462,-0.161982199938497,-0.167836152216,0.188243159048659,0.0719309976912533,0.129639005614468,-0.151745435049874,0.0126456694249314,-0.0575045397966838,0.0609850521276345,0.076140696516769,0.135854343134521,-0.0677758370767411,-0.144947665293163,-0.11489529916126,-0.164520358260141,-0.0573481884514739,-0.155025401788983,-0.188133224804779,-0.143465954695264,-0.329545069567969,-0.065497181033243,-0.142705862751819,0.089279549920897,0.0855726254202983,0.108672393085977,0.195796598346943,0.0882539815349216,0.163927362536632,-0.0245837183709883,-0.00589846250097342,-0.061774768878856,-0.0931874591660313,-0.015679078574789,0.0155271843877568,0.0789598912453446,0.0733840881839092,-0.161536542613406,0.155848580795235,0.0370696587946208,0.0027229088447052,-0.130753926994051,0.0809025001173513,0.269505086973404,0.211430524465577,-0.0514528424011297,0.0393634120044681,-0.134125195846707,-0.0582774451501426,-0.104100029350356,0.17108445852337,0.0197186456711036,-0.0963883689481947,-0.00285901829577133,0.0662492656424813,-0.0101861589131389,0.0891607816678159,-0.0860177790017833,0.0564370009968838,-0.0677997303201108,-0.000387758082018672,0.0386361405005951,0.0895289683926632,0.0598295168142,-0.129401296495384,-0.182908601739726,-0.198950968497458,-0.264777560410314,-0.118988619543546,0.0654133185351582,0.0894650691545039,0.22006563325875,0.249076301521906,0.132020407506852,0.0908397479061614,0.00126199176330727,-0.130257196877673,-0.069460228647071,-0.0876595913173384,-0.187393619970289,0.0264550746295655,-0.0491325155101652,0.130387112362979,-0.0503786688422774,0.164209786660152,0.197262813451871,0.16276142401501,0.0829295445672282,0.19072917687596,-0.0475790460224625,-0.0804914561779759,-0.142286865617777,0.293027520027001,0.0537449709067243,0.0197197459732324,0.0831702346047501,0.0447017584725639,0.0104289772769045,0.187285413737068,0.09007896397768,-0.00221563972608492,0.00656617522711832,0.0136073095025601,-0.0521833346065976,-0.00026080695645184,0.152297202895276,-0.0177167322148004,-0.0333764147925189,0.0316267905467025,0.0241714413875846,-0.0212818131534841,-0.268078559757256,-0.086574774958703,0.182171554946124,0.189732286593325,0.0631039178009952,0.0516124822697339,-0.134002290562004,-0.00326309357698706,0.0164302043927445,-0.0736275069149687,0.054634656291162,-0.0434519772211629,0.0455023356259744,0.0705113573252909,0.0713831114649614,-0.177581399602494,0.0209419352761872,0.0655365861739992,-0.136497737757802,-0.0483882681731416,-0.24693728050685,0.00307305473919502,0.0132188523240163,-0.139100364261193,-0.0451340822151331,-0.0199787367916574,0.00827275948979555,0.237423614583516,-0.0692596289706041,-0.0951254998404364,0.00169995322720808,0.0478908709980723,0.0281251230989663,0.0269305170124769,-0.0753364748455038,0.0476634710423764,0.0557330365562775,0.0368842768404433,-0.0155957734821386,0.0751143915410588,0.0128618311971786,-0.0239969292334095,-0.0926612823617667,0.0327204624684389,-0.0361139841199056,0.122214766953248,0.0456466568917841,0.00942243663937591,-0.0216849365188982,-0.00442211144764616,0.00856812469197475,0.0568118055412138,-0.050102271638385,0.166015649285409,-0.0379057840610954,0.0694398960768361,-0.119963255681065,-0.129696384025522,0.08080298129645,-0.0439496616154701,0.0337026135961924,-0.0928376480266842,-0.0794692360491311,-0.107648551011276,0.0245622646994778,-0.1339218254573,-0.193443700362952,-0.27841755981975,-0.163164376067968,0.0104685264930921,0.207086367578844,0.113237516806607,-0.0133139816383757,-0.0762216057605492,-0.180866561168557,0.0169986170856372,0.129674373722052,-0.246537750451473,-0.216995775851516,-0.454005671278277,-0.0141980954008189,0.0692219794225348,-0.0382113431042778,0.0372226363326911,-0.208495111912051,-0.0339354094916162,-0.014263088418698,-0.0408968122317801,0.0141724376686366,-0.0977105248164179,0.186845010016734,0.0877143730363677,0.0531323768931131,0.115056282470741,0.0124236665258379,-0.0233994952133245,0.00405168334067033,-0.0106320537143257,-0.00485682072641419,-0.0433729472078005,-0.0768795135917559,-0.0770284985331117,0.0879409394923858,-0.101442131328661,-0.184949369402315,-0.0539541733023549,-0.145434933507332,0.0140502390530017,0.128577715531886,-0.126611339432099,-0.0641281777135482,0.0157421435894635,-0.00944289268420547,0.103083875686022,0.147932057754467,0.110416564813151,0.116844136484287,-0.0978418459497993,-0.328591324367853,0.0119975845053621,-0.0848725795403325,0.119186956228106,0.00684175668148944,-0.000963619431090339,-0.0458896667391775
0.08931309417439,-0.0728234978647019,-0.026718518846325,0.152711255413226,0.0563530727952396,0.110706137521327,-0.0821054063967445,0.0103251752961227,-0.160254666169879,-0.0194249215287254,0.108839143080456,-0.0256831898844818,-0.0543638940743332,-0.090314364296827,-0.163855200818392,0.0418058728413674,0.00274996408256462,0.0380524259288448,-0.0581748787556185,0.207730865701281,0.149232546693421,0.164797003018815,-0.124236843023989,0.0177180627154246,-0.214369588501347,-0.239943151430172,-0.0968137879656241,-0.0117137725379665,-0.385444376711378,0.0987712881768171,-0.0343594958160551,0.174733785065935,-0.00126593975727642,0.224824213181206,0.0376902613221221,0.217710233221824,-0.109872821027541,0.0309152256568356,-0.0173303739139398,-0.218006259151473,-0.206335779819385,-0.115953092603811,0.103417916896919,0.0138831723408619,0.159889086126342,-0.221238807077584,-0.161408181864944,-0.116452302296023,-0.033437864224909,-0.0281591321106854,-0.219105399644424,-0.198665775172459,-0.0536311636884983,0.000161509872009698,-0.114312980896622,-0.107605213114591,-0.00425063511808219,-0.126230317558162,-0.103000653637558,-0.139973490013441,-0.108191319377172,0.0801391016184946,-0.0367479128395831,-0.14118745671743,-0.119886367164691,-0.0274078961250544,-0.0884549328725678,-0.0968587808963498,-0.0544661880131918,0.0846233141741312,-0.0377027252483583,0.0585864428117191,-0.238824050746079,-0.00155480646982116,-0.0316708799770267,0.00316583785400187,0.174122973658664,0.195143853588481,0.194748770272936,0.0777124343753461,-0.00452232170052619,-0.246910950236262,0.0421793709216023,0.0181406754433891,0.0746177512943317,-0.000140357858393527,0.112710202459288,0.0373097414627035,0.0452694275745047,0.0153575097316323,-0.429197060132499,-0.0535911059175939,0.0999653161589888,0.0238452986408245,0.0494635538332743,0.161633469663447,0.0457319458729182,0.162724857149201,0.215930042475024,-0.144426241244512,0.19914910433103,-0.0380591109305028,-0.0119764591521764,0.174412386198904,-0.0564738922790055,-0.213868350894159,-0.0207995906283429,-0.0200149933785271,0.0554807600880094,-0.0842196677733508,-0.0316954113242949,0.157112821571596,0.0978194356335595,-0.150776683515729,0.122884997705323,0.0263293670986873,0.126332725197327,0.0974240704655188,0.103731201823251,0.221429926693353,0.295562587649078,0.0197581802656787,0.126661208516984,-0.223665390532066,0.0453533060310607,0.173518893335331,0.00604151050046903,0.0628085502132594,0.0408427454125103,0.127058400380518,-0.157796878323974,0.188011127128564,-0.225757162919417,0.00696454381626935,-0.0555786982200516,0.00120760842434998,0.00790881540052613,0.0433581126539462,-0.246246860909641,-0.0317547303516468,-0.163904275383159,-0.185117297205345,-0.239164924653684,0.0541283246495529,0.00346809962355306,-0.072465738261289,0.0390195868877007,0.151448469963488,-0.128463871745441,-0.0536577845103173,-0.183381787268587,0.230924047299585,-0.0323382626224871,0.00421754166125955,-0.0912187456422355,0.16742109708628,0.182046185696577,-0.0910449470647552,0.111233541099473,0.12253509272313,0.0281547255261931,0.011382089899064,0.00381799086847183,0.0151991635444394,-0.00752759073726836,-0.043066984549139,-0.00503678966829385,-0.453670159121837,-0.141639240178629,0.207206873600058,0.109786331384022,0.047051296498589,0.230176575203837,0.0804184415187802,0.456474729767115,-0.0374409311633189,0.177035252396811,-0.0798005901576858,-0.0658881058384263,-0.0664259799639049,0.0650051496850692,-0.115562494053257,0.00843784281848043,0.028342973004166,-0.223708308225216,0.00542910931260722,0.104798218083201,-0.197420375902896,0.0885655068094027,0.0114469581912214,0.193170505549009,0.0228587278675477,0.0492158585001575,0.0594307296215472,0.119808441724124,-0.0807477455405554,-0.184387330427128,0.217111277191886,0.034884835463487,-0.0389967350876621,-0.0215305763601624,0.0151434394149764,-0.162432721066764,-0.136762772641316,0.140698403407,-0.0266079459150254,0.00065075179892779,0.141150265262446,0.0609450977475243,-0.0862393275618853,0.0323580089949276,-0.112670596456135,-0.125995665823487,-0.275805843277273,0.0126926073176818,-0.0976843620314996,-0.023407125484276,0.00688519135324633,0.0127981831087245,-0.240508190379609,0.00766111566830158,-0.165811512753902,-0.0520254433619113,0.0466466251393141,-0.137307707410222,-0.0987761177557693,-0.106134361932877,-0.00478174716336899,-0.000844471777856674,0.137030239716256,-0.0804274395187363,0.10110146390162,-0.0986655760888721,0.161702249607162,0.109470340030083,0.0341232771282981,0.0442769521230642,-0.234498181013506,-0.338615467421977,-0.325661756395733,-0.101607603315958,-0.0706910017172165,-0.0104159975727826,0.166863689172707,0.132894763303963,-0.0409824449658145,0.199206894683127,-0.0183466988184759,0.17293283013171,-0.0645002149723058,-0.0224778602596941,0.0672876376393103,0.000405419684741989,-0.124419741763095,0.0147812610233495,-0.156712953493335,-0.159675372532793,-0.25992587505856,-0.0858919362560994,-0.131101877928215,-0.0587096271042048,0.00279748448010689,0.112024439459277,0.0369365383545578,0.152640854069789,0.00856359654701318,-0.095935653461991,-0.136697291030135,-0.04106781226486,-0.0576749829103752,-0.137821068580331,-0.190230771498517,-0.17507650790126,-0.127711685486817,0.0795126641375758,0.0800460974522096,-0.0948900946608877,0.0682438682129529,-0.0526280628445567,0.0747030040236955,0.0207464644128976,0.10669710391628,0.12600398536905,-0.113183031197965,0.00361649547664493,-0.0388692301098623,0.136333359207357,-0.176396200889322,-0.0954639226399834,0.027493416833271,-0.217211509197876,0.032085730699407,0.0265433903583451,-0.0457760192578877,0.142497445863541,0.018763636859817,-0.139883382328354,-0.0518389075770729,-0.0807376724929707,-0.0967318083471667,-0.10581404256661,-0.157324593431825,-0.0107995940614227,-0.165471414463747,-0.0894170963782663,-0.436494503058964,-0.0591728842777819,-0.218960032327302,-0.0471794308693279,-0.0826812099355898,0.00874544393541478,-0.104891244410659,0.0383273329060577,-0.00904142525070816,0.0363969104420072,0.0386412807798401,-0.0914924805202934,0.00246861043706133,-0.0999859985668925,-0.00445585049044151,0.0451574538772014,-0.0363814265626136,-0.0967841058639045,0.31918558582824,0.342040562792739,0.0826121540087215,0.0126028724043636,-0.00219321467014004,-0.187938414160171,0.00180221802502588,0.0530118183718761,0.0568549338709092,0.116985205564316,-0.0427563219814961,-0.149624952577661,-0.0367385517875908,0.0843285410684688,-0.210303542030549,0.00567666866298909,0.00456347318406237,0.234756212805469,0.107007113980331,0.088888174617048,-0.0308305987479387,0.0614225259346559,0.0539273062454404,0.0358640822269377,-0.0437036269694985,-0.175033690200957,-0.0409075167345889,0.136191918501776,-0.195479296440701,0.00775717474472588,0.146944801528951,0.412429733814686,0.261139241703911,0.209395211031681,0.0314676161511264,0.048048558283241,0.197955637213006,0.195794491461069,0.00217054189626668,0.0117191012174477,0.0224863731645449,-0.305133999960026,-0.150503865982274,-0.0579848885337783,-0.148384965421104,-0.111115205421694,-0.0482175169098992,0.00372182580542291,-0.182878927275254,-0.105374517738131,0.0543350949411071,0.137762576638762,0.00880481960408092,-0.0307396549047352,0.0800238953032445,0.0832585121074778,-0.017882430652688,-0.0459492882936838,-0.23655395453525,-0.191369719811689,-0.117598770009951,-0.181480910253402,0.0882482022363472,0.0146115954393269,-0.088648258183376,-0.175035680145262,0.174477032547676,0.0304521505817042,-0.118855776194734,-0.00146244421366593,-0.137083898038428,0.062944530582273,-0.164695623575908,0.0527431842496471,-0.107135732227478,-0.0632988350340319,-0.0782499830310594,0.00600985538059748,0.0432048149856666,-0.0497632178242424,-0.0235599824906896,-0.0794229659750451,0.023553226092234,-0.0497873135988522,0.0459909831263883,0.120055736047527,-0.0679226657998964,0.0606750716542162,0.0214260082879593,0.00319686902554706,0.055101734240715,0.19956547473183,-0.120640373849303,-0.0265523502956665,0.0126043145145544,-0.0418107023022983,0.153685395203644,-0.0684170929785105,0.136886612330424,0.0707298245613581,0.0701993433730084,-0.0309552116605684,-0.0568206147375952,0.0413504148755691,-0.102263928382666,0.233622927645219,0.138525013378854,0.0105003398347234,-0.0374997654527354,0.0589551099111468,0.0735984705711124,-0.0868047359079984,-0.0486266097079877,-0.171098315087715,0.133324776662275,0.171955323094331,-0.178388878168326,0.10661377548989,-0.136911749232825,-0.10755577311527,-0.171665905881625,0.0464491489675873,0.110105371940927,-0.0192066407576024,0.0471145021257936,-0.0172453015496617,-0.170234546790954,-0.247090111428239,-0.145773569525918,0.236053678158001,-0.0256665167493847,-0.130324309761619,0.196046751505539,0.190555430131663,0.0553742204288525,0.0551053533356848,-0.0423254808547398,-0.211647742784668,0.0959903446337433,-0.116818887315601,-0.0154863884067466,0.180509664862367,0.00462589465314536,0.0310366954210881,-0.0842469288210657,-0.0214564224566239,-0.0387775491975744,-0.000308791700409233,-0.0243847169636764,-0.233403209349645,0.0782159225686308,0.0333357109532993,-0.156146822473887,-0.0512831503362618,-0.0233603047533767,0.199903857781745,0.0796677098220796,-0.0250775521920356,0.0921709205385628,0.0420606078833072,-0.0302572467632652,-0.317129318664087,-0.298446075838085,0.148598829669472,0.033695157141785,-0.0608950851565841,0.137719456069851,0.0388009169059129,-0.0472141350302119,-0.0081163740266036,0.174402744827553,0.146607719311022,0.0364795145173655,0.147840365742835,0.157411190627747,-0.0896810069632402,-0.0575460951949241,-0.0798794917025844,0.293758563236744,0.0416479237272754,0.10754589726559,0.173990694308418,-0.0702916350449599,-0.0200162444790844,0.113679751603317,0.0182058072466364,-0.11904497083601,-0.0843362916890657,-0.0472970335178849,-0.038184030816764,-0.0559636047145302,0.147174085348162,-0.134327018102959,0.0281044538221703,-0.118415231831488,-0.138662276572859,0.115842555409884,0.0387982994525829,-0.0378708026595811,-0.165140994254445,-0.0774193778987327,-0.135073927482789,0.157090786736609,0.270463734137818,-0.124442259504955,-0.0836409224764292,0.051534892662175,-0.0243779514579302,0.130189602327009,0.0389269987210206,-0.0764266375375935,-0.272753448398519,0.0313581598917974,0.101637735098571,0.0258040491995225,-0.130641952985723,-0.0297769824655346,-0.13164645199636,-0.10613900149104,0.0958681982978483,-0.115221195724405,-0.0346592294177139,-0.103807517530958,-0.298753006022716,0.0894750845681718,-0.0718925418999258,-0.0929536530042519,0.0379806564228616,-0.115294776573981,-0.24113804118475,0.079425927816511,0.0962580779692029,0.0523363555858945,-0.0726467658335802,0.118858092328092,0.217138214503359,0.177241796046771,0.0204876192981641,-0.0377582274070236,0.0215398353178085,-0.398044625259325,-0.308728916023722,-0.0208125430771935,-0.031218495914544,0.00728190421244108,0.0773905067737609,-0.0533588930682243,0.0661177760431061,-0.00368782041348562,-0.0087507747495174,-0.257386319610056,0.0144421743789067,0.253926753857465,0.191794668947311,0.0235543048216363,0.0726679314200771,0.0364231097665847,0.144096368504088,0.0563943872243526,0.193489281031234,0.00093883926147844,0.118327885321525,-0.0809357448978885,0.00191457879204569,0.0930890336801486,-0.122709773629238,0.0640829038736862,-0.169328851306401,0.0252861193832376,-0.177461635714867,-0.030695280410175,0.0351956370011388,-0.120346040555976,-0.0298202534290134,-0.164460912667719,-0.030807412872286,-0.20231610104835,-0.0484141891399099,0.0887694979866517,0.139299534520346,0.190789286838102,0.103161172746934,0.164238718110752,-0.0127807545807286,0.075484114490953,-0.11936481220514,0.0826875751560745,-0.128679494091258,0.0587316242632548,0.0827853420915369,0.179251003102335,-0.186813324362622,-0.057607701083737,-0.0237131581273031,0.160137734563774,0.127755161929051,0.116423568119402,0.00178067075099124,-0.04078397680532,0.0735258593506869,0.0369512060404956,-0.0516745129697136,-0.0903368702660786,-0.0851072918005112,0.0175663393853377,0.0381693518491727,-0.0908354006678134,0.214860068403864,0.229063412863833,-0.0779735405322943,0.0727844358531314,0.215482573942549,-0.177092248035473,0.102998836392731,0.0343094959647523,-0.301201586635369,-0.240825907887639,-0.232217787061203,0.0577045520997668,0.11633949660001,-0.101849783702254,0.0698001937769106,0.0353698347237905,-0.124275237447484,-0.169958023611917,-0.0610975227380196,-0.217060797292505,-0.231711723243859,0.0625899980312939,0.0667746068233919,0.0892715471686857,-0.0706119122690808,-0.0142118575237071,0.0387358573173326,0.101682457869346,-0.077464698759556,0.0129747188764262,-0.00758569412070348,-0.0897384817005706,0.0377925731377805,0.159644076771669,-0.0400041111208973,-0.146872719539206,0.0472882978137796,-0.12429519295135,-0.166229688936955,-0.0947768121076785,0.158488372414034,0.0404756113440475,0.0275509009517276,0.0807022364313299,0.057611883335967,0.0842774799483497,0.00951954447765541,-0.161162234984259,0.222688981304036,0.0800630551266361,0.153724236262335,0.0283687396315173,-0.0888856362701362,-0.0049293468137669,-0.0257337903393638,0.118335230894974,0.155988509570005,-0.0172048783588326,0.00596290804291093,-0.152313395162852,-0.148293657713298,-0.0962888470686288,0.0902410989342176,0.116353510979878,-0.107280682849528,-0.113388133592367,-0.0420207254473769,0.111703075457992,0.0785948475873957,-0.0571173254279252,-0.119794677460237,0.140597835517176,-0.0371119593298163,0.0639248781527705,-0.158918838941922,-0.0365613077521885,0.107460506328393,0.228427971316579,0.128437775584032,-0.0784936072432407,-9.11381948251744e-05,0.0357993275188849,0.156011687947307,0.126402740398448,0.0829385158043025,0.0552320048643256,-0.0738601780927002,0.148533210942353,0.0575290798829475,0.123366344631818,-0.152951760128872,-0.028962877907514,-0.0987479873890903,0.200982812856585,0.359027809330341,0.079050610030627,-0.089439127093848,0.0198700463726282,-0.0656610551403164,-0.0971292250468033,-0.0765445360218092,-0.166121178046417,-0.174494030756769,0.114581542647047,0.230002851813457,-0.0976327607069341,-0.0259615060126976,0.0069519334273905,-0.0107655767272831,0.161259655739724,-0.0871446983229468,0.199959684248007,-0.0897890264462036,0.151455379252155,0.0780725076914929,0.053903393444259,0.122382039068082,-0.046625344180887,-0.118094059507824,0.0552252652580101,0.0127426913919524,0.00804725252662004,0.291067540198036,0.35126245421218,0.0707933114581205,-0.0334428802275827,0.0755471844321912,0.341164895373741,0.227360577674392,0.144225206389155,-0.276682253683886,-0.280478884745953,-0.196330486485791,0.137109520871403,-0.180509516144824,-0.0535956533878352,0.0309982327921041,0.105998177329791
-0.656178673197801,-0.226382497793826,-0.294521604940634,0.214587990353058,-0.187463890431853,0.0907179749838318,-0.341605964197507,-0.045943449961922,0.574800762186657,-0.296550058358526,-0.377536962156011,-0.0677520398108968,0.441580531422428,0.304168533538232,0.867953062268054,0.477470380116698,-0.249433706850928,0.00529922418916805,0.869091600446544,-0.206295315573873,-0.282126047972362,-0.296979483625002,0.408679743694113,0.255262527770606,0.53361697019636,0.713551194855363,0.622152473838429,0.376589510654429,1.28110288777883,0.449863684176495,0.825139671297737,-0.869212312309394,-0.650990194518566,-0.0816692557327784,-0.0846378032517212,0.387929121134965,1.26483603073246,0.553247676730031,0.700589552696644,0.615921663508388,0.375151086062857,0.286265430950485,-0.65402178422826,0.0992026708529696,0.568524328008912,0.324019962495015,1.23748317614842,0.408644302375617,0.0586501752035084,-0.38880582759776,0.477194956916445,-0.210772390775452,0.0315470263238915,-0.341161901202639,0.491314849499182,0.694670452408902,0.722292773184685,0.796130922437999,0.390994656976593,0.486861783073719,1.22404250304773,0.461786557812709,0.286876392159316,-0.128070323990798,0.148843487964693,1.00977448788657,0.00215193010395254,0.0183183687849516,-0.172406210416217,-0.130773898661609,0.0139819588488069,-0.457519195887215,0.72170684320381,0.178230314502641,-0.18446976363861,0.32215462598237,-0.285362567824523,-0.392286454671895,0.221901899019906,0.138653790971408,0.11918978927283,0.477238416314572,0.0982883876649591,-0.0821707647187149,-0.377920635064139,-0.0253460466295815,-0.594765905172559,-0.408496089152989,0.260290091907489,-0.133813525607933,1.15180981327883,0.24612799674644,-0.366360704814781,-0.947745094223569,0.00542223483512982,-0.228890985956651,-0.108377824509612,-0.648871215628824,-0.545635832401056,0.462002530394093,0.249322544448347,0.0997810110113198,-0.42129395464349,-0.150303316534829,0.111343253451342,0.676430408937079,0.947708081530426,1.05218953404106,0.190843713322375,0.286466228033281,-0.443200464584989,-0.570623134331191,0.238242420190404,0.176311405146902,-0.0552094196180479,-0.647610689251238,-0.572765414659222,-0.302162740051113,-0.345422322187963,-0.755864092657809,-0.997090959958579,-0.274085537910031,0.372545338351974,0.68624377810204,0.163274528635192,-0.518112816494093,-0.120298383876334,-0.602424740413253,-0.0664198783983834,-0.208799235990501,1.10280311223324,-0.141398921327975,0.183700593667572,-0.357789494266547,-0.143455758480151,-0.491650982778935,-0.540822522796567,-0.00257678682350855,0.322993913727308,0.436822261232891,0.595614511852492,1.00776896721914,0.777808688448283,0.0764140926422459,-0.53196612985368,0.14624159566008,0.522003955776772,0.358511666351178,0.404531582241536,0.518681860495895,0.369932766726822,0.268392002634376,0.159406275201352,-0.0707309477683157,-0.0230837471827147,-0.339004660698154,0.0415888648690753,0.0777865775873407,-0.0358554141880545,0.369935361008276,-0.0800127717356008,0.323195825676312,0.511598261933487,0.0637561525434349,0.0403363498870622,0.213723282725949,-0.0279882115431725,0.845420274859591,0.0227997770072034,-0.631244088519221,-0.24507933479468,-1.05613906787237,-0.508460973550103,-0.617459576815743,-0.92671101120673,-0.00812643501884434,-0.412089364055534,-0.237417445126091,0.138163261142038,0.179524882030981,-0.205350617399204,-0.389540668317302,-0.227317456337592,0.26082138212536,0.281685056938137,-0.0123043869116953,-0.0801931602752784,0.109895024034432,-0.951535301346439,-0.562788623227632,-0.609816366939528,0.0739714718466344,0.0481844929642168,-0.921340319408038,-0.63664403332245,0.509423044473843,0.102725419778565,0.10323220619827,-0.255151843772071,0.253569977801518,0.0297519583944167,-0.140515366289983,0.577272880243347,0.188545967985062,-0.979587064747184,-0.587879271077068,-0.625594640382804,-0.920525291322742,-0.135301895163317,0.154160867534068,-0.161701440640425,0.610488322569704,1.38307820146741,0.859888073294675,0.771434189645614,0.185466864693278,-0.0600470845917752,0.511073824576889,-0.122689523750839,0.0717390956661936,0.70461385251733,0.0867108920961912,0.152333718597951,0.782664257794526,1.15485631481213,0.306305085919801,0.269487065815373,-0.358198671434585,0.232313682502019,0.240809641384806,-0.396066144075547,-0.350913371882728,0.0319238307846743,-1.42504545608556,-0.123016555333619,0.245650695078847,0.3670661657423,0.615153414281304,1.12206031699585,0.701489595925581,0.4302673801185,0.280185616416769,0.0821208858776668,-0.507036213613421,-0.605578944182595,-0.156744167815318,-0.951864933861971,0.168362658413112,0.264908470136922,0.293178460319183,-0.110228704168806,-0.798233282985475,-0.380922219762314,0.105756801557007,-0.193546148090437,0.286180079891601,0.65526911817611,0.633361467864664,0.823977271055268,0.508325701058357,-0.52873216904312,-0.19240076893591,-0.937846850636796,-0.302163297166638,0.20664187996188,-0.197817073142825,-0.139029852235448,-0.242687178274896,0.680215300879802,0.127934028057608,1.65004190066402,1.40135095677346,0.588393594672084,0.714133098783162,-0.0115405111868711,0.0779663946700882,0.109631971435155,-0.612779775792658,-0.260401264385311,-0.922322176777548,-0.742869994027379,-0.199889717547771,-0.280662634044144,0.409387910372699,0.271965875289245,-0.00543091992716238,-0.478035921599861,-0.0536386871174941,0.629634419383767,0.745745162619102,0.642435385191449,-0.595307893880301,-0.673246377545517,-0.822688330771644,-0.667174695509237,0.0696822744510321,0.629079900717166,0.311621999618093,0.30115994094505,-0.276739707987399,0.3432084327714,-0.144293476470248,0.264753253233732,0.682130402012547,0.196415684017224,1.28121906894486,0.821402590741881,0.788578204026296,-0.316051377683036,0.439138824936934,0.559275770943305,0.0100275284318775,-0.172127630811465,-0.341736765265901,0.598426339194028,0.354123477106451,0.513096173791177,-0.0220466392034326,0.21666616174849,-0.11616469506641,0.386043652892874,-0.06104898979926,-0.396151420541565,-1.08469384776584,-1.00508177770776,-0.273913054061743,-0.341797852759958,-0.270780612092841,0.10147983522224,-0.0791168397938996,-0.426259440297165,0.0380934747441311,-0.538642102246418,-0.0931127104736326,0.503983476453631,0.305791699464284,0.60298279179166,0.547506999544301,0.378731598215255,-0.413236119936906,-0.71700732278925,-0.168742810260991,0.410992017009199,0.3383489344786,-0.183880344809201,-0.311966717029837,-0.0889972805118185,0.554957809460279,0.799720389261609,-0.357960357706534,-0.0321997894447267,0.734480046833916,-0.196149407479138,-0.379529183971271,-0.872012259755637,-0.97702017815789,-0.943263266110203,0.328824206592176,-0.07237289491973,0.077963383478092,-0.688348684833907,-0.21668540547398,0.86909481810842,0.722421376715917,-0.000416695485122437,0.87332189372318,0.620405443022049,0.818406734765548,0.434242820191541,-0.382879210153014,0.0583514958125667,0.748837923978283,-0.0646226584850077,-0.415918525393875,-0.537743557086976,-0.0335234016869435,0.14428320724902,-0.715834148592264,-0.383361711298894,0.296134880869808,0.44466447258418,0.682818337563405,0.749446572030475,1.21091899570908,0.886758722422685,-0.0562109904618829,-0.0343312540322665,0.410485247040514,-0.106052232657958,-0.00699724199798887,0.102681086899209,0.538123761100046,0.329081187370204,0.639563603764807,0.319997956313415,1.16241151184026,0.93989565210401,0.172253411447529,-0.132681955001509,0.169989919306749,0.534541609463275,0.345289364331886,-0.127076925907835,0.461619999216492,0.391337639360138,0.106598365840777,-0.472808151278556,-0.26637621059903,-0.138115885599003,0.822351659909671,1.2140718136349,0.857510474739237,0.278889468040744,-0.134180114774831,0.183336933779045,0.404090474376018,0.0648105163094411,0.43837304696624,-0.161533319454711,-0.0678160440789271,-0.496999037838293,-0.136947182791883,-0.784449901723787,0.35731281077251,0.0451940371785242,-0.644304125889129,-0.110339461746216,-0.182967218638816,-0.90501564197748,0.215233552301977,-0.480381132115742,-0.0307734279229491,0.129458454579342,0.0533929486071845,0.311995426970514,-0.210370685300331,0.0746851002882747,-0.384217657735263,0.0397768166537563,0.97129122496894,0.0934860615537273,0.749355430325185,0.652547461689014,0.156094865337182,-0.0754866346330931,-0.7885744801227,-0.386820385089507,0.116831912466396,-0.0432215088982712,-0.325835716085099,0.96735651997322,0.443996033628321,0.535543886895591,0.0194497482536314,-0.298648068794442,-0.468687234676396,-0.691484255877501,-0.110630467004994,0.0708725994115992,0.816152231293647,0.453548796862087,-0.341682995854973,0.0794880742158991,-0.269049424659442,-0.556480121773706,-0.916438854544653,-0.0378764186878096,-0.0314102509855571,0.437964695521345,0.490466918257522,0.450927943604686,0.103570317462927,0.145879680741957,-0.095752639548005,-0.419395740404284,-0.0243332377678201,-0.355591270640749,-0.42157537530495,-0.363113033789631,-0.471454806900574,0.650717312078187,-0.263641176803663,0.499940062767268,0.162065167749728,0.250354107624996,1.15662158820719,-0.978957904906377,-0.301909672276302,-0.324555053871879,-0.0395910369737933,-0.328545426528649,-0.595126634721862,-0.242866131444525,-0.515613005480399,-0.486273320299714,-0.504539645217583,-0.510145312975944,-0.334857136385361,0.248053161296007,-0.212853296957084,-0.140383220047608,-1.20983783746379,0.518107048810614,-0.197985181355037,-0.297292434521031,-0.251196955814177,0.694906867276484,-0.346631957730561,-0.0163151486087312,0.736675793513425,0.716662913591538,-0.152638167164163,0.69806680709656,-0.348290169570652,0.106143280321024,-0.0274315397525568,-0.193283382783287,0.195087443496184,-0.208579050386827,0.0213813400850943,-0.434615005102464,0.190161224809008,0.838568416605718,0.512283726914546,-0.112878067291214,-0.142884038864016,-0.877247759307319,0.214922138698503,-0.0555456466594332,-0.151020767629802,-0.0621597901331289,-1.20416216264141,-0.47522614119236,0.645242295296644,0.376526373965387,-0.395092592524879,0.125424423812193,-0.266782228963106,0.561746974320165,0.827265720611719,0.882606392745287,0.198101656835742,-0.378876848854584,-0.34000702322772,0.383639413486184,0.581596918942588,0.843579237307594,0.785958237689707,-0.41377942099378,0.258235825938543,0.327997390729914,1.08486606900675,0.908080320072655,0.651752161538671,0.626082412082791,0.274952058409852,-0.132834002841351,-0.636627754836539,-0.61118899435236,-0.116877693911365,0.279146502496226,0.0916975167296378,-0.049579420966222,1.78806851688923,1.17024741999895,0.087893901540527,-0.0321705294479194,0.0370828209618031,-0.315157664339421,0.345728859429422,-0.225361826885958,0.416265896452498,-0.579788950010538,0.0761495824795007,0.340074653008134,-0.862313184689543,-0.783834142678442,-0.512324286651591,0.0318008066783305,0.551479727182154,-0.10710780709498,-0.612275388929747,-0.802692576794704,-0.198001072117635,-0.317144887273301,0.161166803111155,-0.273454753845619,-0.523450251987254,0.303807642036917,0.109688092084857,-0.0196259828464796,-0.349165163201836,0.00710703669768717,0.425037025783021,0.082191023322818,0.225995409338986,0.875456434990924,0.880901789269495,0.727496135370382,0.661270150724904,0.428177220122226,-0.389936002297833,-0.11591415929216,-0.666207849709398,-0.563783862082052,-0.366006384044209,-0.24425475096577,-0.273625820766975,0.0389458262306541,0.0519573681507871,0.655447279254876,0.301585555093918,-0.493888077836958,0.183916491021447,0.180463071335532,0.223866999863357,-0.970701253173951,-0.756608249557076,-0.278822240225888,-0.377038822847346,-0.363550416529525,0.203500021026002,-0.751305415111836,-0.396263324590393,-0.588833491564975,0.0918403906066522,-0.574659308929153,0.399339760724227,0.415422108776833,-0.0595458848401473,-0.305030607861958,-0.576897058685267,-0.804811829568008,-0.815285301399394,-0.434159037660123,0.440905870238607,0.00351745901156653,-0.430982546352284,0.077935685232223,1.01856962402193,0.9549901007539,0.342151641656686,0.393958387538701,0.451550153729342,-0.277060532044053,0.184189638740464,-0.293403356060037,-0.217110782149131,-0.0725476681706307,0.863451994260061,0.937256918221998,-0.0476762408659436,0.0734437785125774,-0.504374210314596,0.471711476449612,-0.022026432911591,-0.322097252312785,-0.260432254285782,0.446351365091452,0.464853478582735,0.564731857532695,1.11543808096874,0.0585387343292056,0.0626742781198985,-0.347508892925809,0.0509133577632598,0.125535844364129,-0.0414509811622425,0.428925188644134,-0.296452927185146,-0.765346759895873,0.439426667250409,-0.608245762314455,-0.543229818971599,0.144832206410019,-0.194099686070232,0.367826271715402,0.287370439492932,-0.130367377338424,-0.440283101090183,-0.845802947700209,-0.817202554570925,-0.553890236613811,-0.0435065068561759,0.0536748578954009,-0.21576604701035,-0.390016239694476,-0.431291610204712,0.0214253954838133,0.0607188640552057,0.290736142622726,-0.411970933863143,-0.139596209593076,-0.55656538996861,-0.28011194531364,0.427869474214051,-0.103615111484306,-0.418257037925699,-0.471651223501508,0.791165655646984,0.375816144623539,0.535713494841806,-0.0945402194968373,-0.52591380621598,0.323372856458141,-0.158231112076225,-0.381994008316555,-0.414085083419836,0.380944468773099,1.11255016312382,1.29854165098067,0.425074914458086,0.071894800459897,-0.674353895976231,-0.0188573959587359,0.122320241678301,-0.261446522648763,-0.19073317908888,-0.384977635647914,-0.0401661212113136,0.936948061632932,0.438858040915079,0.931078089446493,0.300350317421782,-0.726247580020987,-0.116623041368509,0.0213560778024023,-0.151152043564157,0.372280906297416,-0.0254246540626541,0.413601235729812,0.889993201720831,0.235783860470752,-0.717764762914191,-0.374789442177503,0.215026018116786,-0.329077284833869,-0.29507599419249,0.0599348242570532,-0.236145871481127,0.370041752575478,-0.216832051937382,-0.768626435483091,-0.645025459364688,-0.342988674208517,-0.968013748080735,-0.108228726769113,0.705354939170004,0.37424830199947,0.398728613320389,0.0485909839874866,-0.246076949113157,-1.04685068549594,-1.11904895766603,-1.01540072520761,0.231654373861559,-1.16274000104159,-1.37824553942391,-0.550025883029071,-0.555267242162669,0.337972932016513,0.563709348870753,0.526269644051584,-0.0301947903846901,-0.0166729466830002,-0.132965748686019,-0.0322500715039498,0.0635105763374493
0.185922622058174,0.0933142633973843,0.126003373431607,-0.0619834620577299,0.0415498652951819,0.115958847567499,0.100376451006913,0.217421294553095,-0.14876439233073,0.115069816234621,0.234236639671454,-0.026653159700094,-0.372637649574723,0.0119175635740902,-0.0491413490972996,0.0780497652134737,0.0736764204644864,0.11259841168747,-0.0427724929262057,0.175019899317698,0.101665482954631,0.018149871578723,0.0731339434178717,-0.116468282251298,-0.255153627931264,-0.0675746370819779,-0.304583151587054,-0.137176537952386,-0.390281819559027,-0.127710038481528,-0.274114173314825,0.176060983454755,0.291599337807404,0.065026164140037,0.188303635098771,-0.158592851355406,-0.350819969417605,-0.104986770400448,-0.0913285617179731,-0.174609614269785,-0.153766438168956,-0.13344778326208,0.276541598715676,0.00788781878771369,0.0672056323599914,-0.0351189545289573,-0.477442912061673,-0.051162533930147,0.0307289956201575,0.128920212909015,0.0110273663516849,0.212919268313236,0.00384461625011974,-0.0571234603206028,-0.174658545675986,-0.0238372269827506,-0.181889997945743,-0.142172424455311,-0.0175109317184435,-0.15271565816551,-0.364616888785912,-0.0815589671358724,-0.0846630840805183,-0.236465271595589,-0.0321850247397868,-0.286828291007134,0.0638966186660879,0.0747223225495941,0.0853856899774383,0.132772701645868,-0.0234484770139502,0.144844608524751,-0.0801440269211442,-0.109063786857792,0.0878797891850033,-0.00321369525531363,0.163991095688708,0.0840442268858274,-0.0741122581872048,-0.136837075850945,0.0719361794282962,-0.24716303514921,-0.0627117757083673,-0.0595523478640872,-0.0459081020410716,-0.0268285932261285,0.298634257781838,0.153585371696607,-0.0631001723232339,0.0775560341621315,-0.575060732848131,-0.157293845122398,0.102389489596804,0.262937874966543,0.137282684252952,-0.138967991382455,-0.055018609361885,0.381878758444762,0.245576602621244,-0.092137398052661,0.000523794075386941,-0.216037496909386,0.0299432273981365,0.0612182829233741,-0.145273832145732,-0.319911571492191,-0.150781780457409,-0.322013682397104,-0.0788020539849476,-0.0148664461297116,0.292081627165348,0.105192532347431,0.0398405519608979,-0.0232912404637825,-0.0266428874084376,0.25523978893698,0.165624226126514,0.0942224253739891,-0.0034627957089398,0.39701186446789,0.13347497646617,-0.0212713326007041,0.166976859434989,-0.222809948155422,-0.0506066571758474,0.0632455230823795,0.0883719202431339,0.0459256220486031,0.259339477252343,0.0856055728985244,-0.433728529240441,-0.0493168794257299,-0.0636008564137099,0.0113752388078423,-0.0526128866599696,0.0111370736369664,-0.0429471370995035,0.0917779934071657,-0.129595343069902,0.0508588636315128,-0.162694330147107,-0.329264864367003,-0.364910553333039,0.0692038705605717,0.187834225474151,0.124963627682825,0.00245090625932803,-0.106298374676997,-0.0267667550301012,0.0150598514601927,-0.12142101118813,-0.0430023774313959,-0.187535230572445,-0.0755246107075328,-0.0391275165690773,0.210281915154143,0.118561129166562,-0.0365551795199758,0.12999341101738,-0.202516779817222,0.00300628964066729,-0.110219116580239,-0.0487291757731794,-0.119549060147014,0.0239622440508903,-0.138231394341425,-0.0185248661577898,-0.245687797037051,0.0193699953953349,0.0746298864314422,0.0990610896346658,0.240274305381459,0.205325800581344,-0.0756402826778625,0.333685714121955,-0.159789862186413,0.0927422210081232,-0.104785597289531,0.0452704568134177,-0.0306156471749145,0.0198783856829983,0.0771576362093712,0.124177158929961,-0.0461366688877675,0.0739815732640949,0.00369567508616901,-0.00358953271099188,0.0780742392350977,0.340697360447794,0.146773637460254,-0.00880636940034163,0.0780475700550713,-0.0611799068499476,0.225046660675741,0.167263360008102,-0.00968508956633037,0.0183149821030988,-0.00439959800379624,0.0713212606957315,0.00885836050435081,-0.0978544086464728,0.0827224202385732,-0.148921092442722,-0.0854413183149868,0.315630531357416,-0.0455847747055804,0.226387769293173,0.302455683861774,-0.0274454147437078,0.0560996841149698,0.100084059229373,-0.149601554236261,-0.362755984823641,-0.131608350315365,-0.018851154421316,-0.170937171848012,-0.303192282147365,-0.0713289064315563,0.00933158420143913,0.0157388062756573,0.0597491744934148,-0.0941107666185292,-0.0589278777059666,-0.301398429581508,-0.300230088743953,0.131168489556114,0.0574508609572124,0.156133798593535,0.041721815088567,-0.0200962011719172,0.0111705995637175,0.0584236959177988,0.042468806152089,0.495695181087497,0.0217568935974964,-0.117026254290237,-0.057330486440975,-0.0997520154933514,-0.326609876088475,-0.0670378203870663,-0.134711665594871,-0.158114947396029,-0.0381669322530494,0.0938489482932164,0.144493565742068,0.0943360797112739,0.427007103235219,-0.0635751660794781,-0.0374369985872113,-0.146067534592609,-0.000556770234984676,0.0504899516322395,0.143785599793186,-0.200950065921177,0.0166732501156022,-0.165820961912038,-0.193027767608406,-0.140071947772428,-0.109518483208139,0.0516129850806104,0.00974690267806452,0.0654150932368235,0.320806714317386,-0.0602619387551127,0.0542860653348926,0.00939741726965291,-0.249812235354996,0.0367042749675523,-0.0861634347145696,0.123244878108766,-0.294303518467428,-0.359467577971883,-0.116838401120251,-0.438426038688929,-0.125272865189004,-0.239157369114716,0.151259629849621,0.396206886828252,0.0711249126830263,0.153614519532311,0.23975552194381,-0.0785363681328087,0.0147033769390455,0.100676585887552,-0.0594666924056695,-0.030087679088426,0.256882005777149,0.0383785532771866,-0.181705357129321,-0.154586167627424,-0.133564899535701,0.198631298208195,0.331934325154269,0.202862022582872,0.115272022979621,-0.0356302120537695,-0.211433570436336,-0.0770779239647488,-0.20695429696686,-0.195881573259566,-0.0868897524918543,0.169977262127532,-0.300667767401691,-0.115897834776277,0.0860427462994829,-0.21435920622292,-0.0447975077618873,-0.17171278666987,0.1121013889047,-0.0767356532836995,-0.189143175819709,0.00070152590999886,0.000280997472247003,0.210260560016169,-0.0846009947897773,-0.23995369471003,-0.129797216906269,-0.0813333364416969,-0.0870089933097392,-0.0938707191813413,-0.248316437940376,-0.107776761062491,0.0912092594918433,0.326707164590036,0.390463507513502,-0.158861952769423,0.0424648229218989,0.0775620888973219,-0.170616289064796,0.178908124579565,0.15986318795601,-0.105480237609911,0.135983762619405,-0.0387502595804659,-0.152615209615158,0.0406390513535383,-0.316388448913,-0.0425574817927766,-0.0297202497679769,0.0169186804402226,0.11087425467304,0.139151140781768,-0.00776524573453868,-0.172032053818463,0.17929619202646,-0.00508491297809671,-0.0313118187461452,-0.120453851879665,-0.0965573887023522,0.0717101956635156,-0.00638478373698588,-0.244693256397985,-0.0849476496469664,0.220510650934854,0.218273230133478,0.370491780185375,0.105756175305445,-0.0768966692659189,-0.0338449289372135,0.0469742808973651,0.194393047126689,0.0282992334491453,-0.138262683709714,-0.0685748382391882,0.0376826891828673,-0.27759379681488,-0.0144989243496851,-0.24331662149424,-0.287279300198988,0.00451187315357293,-0.055684820799658,-0.199415406722082,0.20203415731881,0.120959253309319,0.110560531825993,0.00363907431404786,0.0232896555847883,0.0958544400460138,-0.0076151817825688,-0.117508498451814,-0.140332548010488,-0.163887587597262,-0.198092276118259,-0.311426474816165,-0.318968997419271,0.022215905358193,-0.121183704039554,-0.0443229649085071,-0.0826761697113153,0.146010799713595,0.00860887569336888,-0.114804590551388,-0.0724483512803629,-0.0357787695681386,-0.174358732923467,-0.289352347164931,-0.176221220757197,-0.0824401073174744,0.0155692759985484,-0.072574452572048,-0.145517620550994,-0.272568741563749,0.0673160227042739,0.0545446653596121,-0.129462246142062,-0.0666975061407417,0.157230082898696,0.152601698872577,0.19464600300368,-0.0957159898107313,-0.106645826735694,-0.332287138933737,-0.0517778847632084,0.128046686918627,-0.0928627241097728,-0.0573753319317078,0.0989864618244372,-0.273190417557862,0.156668019611865,0.150159781035993,-0.0279159977444338,0.003966893040148,0.148660616493445,-0.219311710339225,0.0667516823109778,0.19139074111044,-0.024113416898133,-0.0324812172854341,0.15712107842195,-0.139282516637676,0.296036294114122,-0.07857941396159,-0.0820541157285187,-0.0131076446171985,-0.153566152700499,0.0682650544877832,-0.0377706563270861,0.252729496318974,-0.208347764041258,-0.25007986449325,-0.0389283035734331,-0.332387269321139,-0.0155274080981763,0.0382876569641881,0.0219390037668561,0.229004395263124,0.149494259353577,0.25787601800273,0.121379605954151,-0.0486592822580967,-0.100381347546771,-0.0694944249914785,-0.156559243487199,-0.072193006589415,0.157435765832084,0.285013618445185,0.18910028802375,-0.0548253417213913,0.017495657605999,-0.224201234226737,0.157168331636462,0.101872730311436,-0.0317240874070188,0.0669377564097799,-0.0195493277945752,0.16582216089165,0.0908042549633886,0.117526002777041,-0.106095018057157,-0.151643128761965,0.0206279610578623,0.035237829797922,-0.0665405199493325,-0.0879160911163425,0.15372504906505,0.0560017462423922,0.122278143551551,0.0870044492447643,0.148138033176446,0.0664048332570127,-0.143650424514591,0.114946722346502,0.0710427714759102,-0.179097633510379,-0.174669743141434,-0.457057398671966,0.390650414718265,0.122052448042756,-0.0883246429968215,-0.194165935616207,0.134525247844549,0.223617630449715,0.275334680755154,-0.011605277120737,0.117359901472237,0.145878500786275,0.161218139603486,0.0765005726246825,0.0201502447471944,0.139605097531706,-0.0317560500086771,0.211658139079424,-0.136538986361946,0.0395022565345023,0.124565866108547,0.047478506512282,-0.0755008186457942,0.148745114679404,0.0158000592088586,-0.247612833476073,-0.147755078773242,0.0896905749902274,-0.265775418832377,0.203279374459883,-0.157133408355468,-0.0220430676394912,0.0816374491328319,-0.061588496780975,0.108816089257883,-0.0488175975792219,0.0917682256658456,-0.030839970750098,-0.253891280675955,-0.0851785819876976,-0.0428530246001366,0.0839244436667689,0.232839895218348,0.0679708536064086,0.0923660107901838,-0.111565639786927,0.0361506334408512,0.44362921183039,0.0309702558517326,-0.0711908438414352,-0.213527138143539,0.131008718579031,0.00513588960219446,-0.030769477947574,-0.0282435689511124,0.043218934941618,-0.28364990319513,-0.110971700295743,0.245570657766181,0.139569693630613,0.262211663965328,-0.182118131968911,-0.214289528387929,-0.171956509381225,0.116420359809801,-0.131768299920325,-0.0186447879324114,-0.192803641439561,-0.228968811627783,-0.228838668911777,-0.24936053485159,-0.141243162108743,0.0155981908080655,0.261326431099652,0.194680560149735,0.198169618295732,-0.077067147073171,-0.168166249195289,0.0467296564555411,-0.551488712349535,-0.242593036797889,-0.16922727495322,0.0495691979735796,0.0227181760505122,0.0764824280022209,-0.0669434900442806,0.160732569242091,0.10810894604478,0.0273936631484542,-0.0276766926916496,-0.0322482333530217,0.266669948038784,0.306857939529903,0.0296140018914981,-0.0660173442990492,-0.134594884766091,-0.0536624785459417,-0.000502516370791378,0.146144674071283,-0.00237083953088938,0.00926987588673413,0.0395775437127142,-0.0413474480042247,0.201015422727566,-0.257436286550658,-0.0934536861062555,-0.00343832825974993,0.0959175598169956,0.00223285280877846,-0.117907153711854,0.0354792211272371,-0.0144960272137947,-0.100599513139015,-0.13915050329897,-0.160487654940176,-0.0425903503828782,-0.129180568499423,0.111376546855308,0.167010470628026,0.210615807747273,0.134502549434285,0.256898148230777,0.0318785556382117,0.225154101249952,0.128125048689085,-0.0543221585089326,-0.402564857073106,-0.042033266026964,0.0801915527241602,0.0305681242431726,0.0270391219601997,0.0656986670536038,0.267718760394499,0.120253041897716,0.151551555498811,0.0204647262409103,0.23052380635309,0.0801994750526448,0.363804748142203,-0.07480045480131,0.1754889205413,-0.133376303486349,0.178565280066858,-0.017600433614583,-0.123833777741636,-0.0493107650234503,0.233361044955485,-0.034001946622592,0.296420035897503,0.220271484560602,0.181769990971686,-0.226074972136708,-0.132470102922906,0.0891545166766805,0.0101381788910075,-0.221689142337207,-0.109101454904184,0.0784296893432513,0.0547915541243967,-0.157614510819914,0.110484391440792,-0.0330433014871228,0.0962343033660407,0.054650075559335,-0.00182336285213383,-0.166180104361268,-0.444467897538812,-0.000163492001702296,0.0618886474084717,0.0659932203944601,-0.0837525696906043,-0.0482015619700555,0.0286587413368304,0.0261808082992399,-0.140632694041974,0.0226485121310726,-0.173254536788465,-0.363945970407017,-0.107329794568703,-0.11271154724326,0.00197745493332072,0.128749091682287,-0.0160278104825275,-0.212364606969813,-0.197739602571478,0.172883881217886,0.00282452965646818,-0.0343859485109149,0.282555789253273,0.193779460336481,-0.0418570291898968,-0.00463285312820377,-0.0224979048831809,-0.00607919627648835,0.186811421187353,0.389472927212497,0.362402018581871,0.120229608841865,0.0631103820891711,0.00408993826949094,-0.00211414517307931,0.00473658801131468,0.312920325569079,0.101671755239648,0.104449578211267,0.00997019527458828,-0.134135364033285,0.320357416012574,0.121904014838427,0.197607927521758,0.146132424892275,-0.21633430849838,-0.00819056504275411,0.117410460624118,-0.0844322184108914,-0.351132717018563,0.00601027283725668,-0.0514816124286794,0.156886481071801,-0.0153661204438098,0.00246523935170426,-0.129691101724228,0.0773071157162737,-0.00846959546239737,-0.0627346842177972,-0.478442205188655,-0.348741417255674,-0.0512957412098138,0.139123891328982,0.0547912874114025,-0.131865312980498,0.0362805632928267,0.214621483272949,-0.0108517298789875,0.0799948715863804,-0.0211199711362617,-0.331364668225943,-0.219416450766818,-0.386387770683182,-0.0457257731024827,0.271837240449969,-0.0824138506867638,-0.168677214389859,-0.120256920062195,-0.208438423651717,-0.134454138484921,-0.0422723025025765,-0.121295561797913,-0.159469743131814,0.185499760223333,-0.0877317589528161,-0.00427302066268822,-0.0569594353482238,-0.00990701481512631,-0.00247244078592016,0.0455486471801639,-0.166728203115046,0.0705358122990288,0.0537370032299513,0.0990963537100589,-0.0743778587604836,0.074387689146317,0.0304716073562632,-0.188899017915527,0.000583373575244864,-0.139159056818017,-0.0635591159898308,0.172723233250934,0.339651699594897,0.0793264608616537,0.235673506305686,0.052968834270488,0.117842803614976,0.352876679747515,0.286262705345315,0.12722997186492,-0.0646146801686682,-0.12103715836232,-0.0672819832970329,0.0151930739815272,-0.0179387264885928,0.142164896615122,-0.0692425148134885,-0.057939633338496
0.0830774699273949,0.159802742229326,0.206679439802567,-0.0691443170562466,0.207372333639959,0.003817058191275,0.121072130217384,0.125859279810901,0.0876826708295715,0.140224649311692,0.102028220004285,0.13580268149402,0.043231852041638,-0.141235803046323,-0.205092026968537,-0.151171091805517,0.0974091718808404,0.013318317174858,-0.120852046065686,0.234025687614676,0.36929132869242,0.217237787146057,-0.0126010011024515,-0.203891089001961,-0.317155148970966,-0.238567760577185,-0.058100758093452,-0.0872151529958534,-0.606761068166108,-0.196164210164839,-0.222831378803992,0.263249141132323,0.294868079960904,0.0758260004729933,0.0903230944892282,-0.0598771729661125,-0.309084926703021,-0.170254402784421,-0.239702778403466,-0.278879778842227,0.0514219312401004,-0.334889011256318,0.23085878193908,0.040295835677769,-0.119593957322289,0.0132686321471875,-0.223928829994249,-0.0867550949160478,-0.0104759327600133,0.0796385816361596,-0.0808488838289866,0.142001704995216,-0.177769024450018,-0.0603284844471016,-0.237696665241459,-0.424572407151136,-0.189581526340745,-0.249695344886003,-0.246209777521976,-0.0277260116955433,-0.27218429291462,-0.0886798092928049,-0.048537874340554,-0.181646497989006,-0.138247457608629,-0.235440622676944,-0.126894201382208,0.0517590811762696,-0.198639964736279,-0.0619855618607379,0.115362351721688,0.0394157244934648,-0.169967180575689,0.00824613754111208,-0.0177927531302872,-0.133846805256391,0.0582239138168638,0.196387495662014,-0.128051139627593,-0.0972292039544797,0.0414604693421507,-0.240531042983212,0.00275021964759531,-0.0446460339473442,0.0623624899009232,0.100124728635135,0.250717307164144,0.038669812535678,-0.187819046443164,-0.206216495524906,-0.448643353786085,0.0772664335956036,-0.00664840723703083,0.414202160508501,0.024121546972236,0.204226014751508,0.00118092043717236,0.245644317068884,0.187361657928159,-0.0856884549338686,0.0686577881793254,-0.181883384158606,0.195123452241059,-0.0281347171913626,-0.058922101881366,-0.300972872096171,-0.219773082355717,-0.144600579698867,-0.119310566544937,-0.0947802091457578,0.202272651085824,0.183951917728713,0.15061850439677,0.00926578608411127,-0.170849431621617,0.185143752292961,0.0228617714741578,-0.0483345935069718,-0.0862554706875112,0.317853199191126,0.512890538042364,0.23744032616683,0.0348967347272735,-0.135586966765366,-0.0262763670620724,0.267922123148298,-0.157959488563676,0.151759317386308,0.131652171281289,-0.0775179272566897,-0.178500295475779,0.213841661940428,-0.00429629197445944,0.207049693944369,-0.0656941415869536,0.107508706530891,0.120930541203369,0.053906141147685,-0.125586365204121,-0.312087440993612,-0.210049793082692,-0.532494858621113,-0.481651866680829,-0.0230489641400337,0.195432735721593,-0.0673437985901782,-0.260825628230477,0.035788562532098,-0.0916596289923388,-0.113914890265721,-0.0573671429806081,0.0265100729114322,-0.177511289449729,0.148225756163319,0.0520105903534119,0.373614295909723,0.00867634749702396,-0.062970184489908,-0.0549740217034682,-0.0389436346219746,-0.0128323344336566,0.0102847422260821,-0.245329765756496,-0.0412220554966839,-0.128399250455458,-0.0652021100875547,0.201069022413992,-0.328888979804343,-0.0855741785328853,0.168557383355366,0.22454887767337,0.0223744673873815,0.0988752786256329,0.205072237069775,0.270086488980946,0.0163878985592868,0.0799404540309578,-0.0106250509042365,-0.20256678311397,-0.0726995213155894,-0.175205431433766,0.101884993741242,-0.0448539608365651,-0.128143560896822,0.0305705559077043,-0.0616126238696053,-0.0470008990349023,-0.00127104145158746,0.361142849597246,0.332059089750184,0.195861080825907,0.0742089417141942,0.0534861508144588,0.155949898432206,0.134984794149783,-0.152484596719105,-0.177488076710108,0.0129226837994667,0.0530476996619616,0.0837348673293252,-0.00937475555526604,0.125345052273921,-0.139134560685166,-0.0205503694021521,0.283224504333878,0.246518552702593,0.222727902761568,0.236888645909507,-0.0818448990353894,0.0422147157499267,0.0561772050753052,-0.500676080268642,-0.254614378370713,-0.337163154210067,-0.234393427678492,-0.0383726421866467,-0.197169730933953,-0.176332683013576,0.083988440872741,0.0745476385945935,-0.264914308103515,-0.0305027593459055,-0.0758875081861446,-0.207659538058006,-0.508587001354316,-0.127299752078137,-0.142391998691856,0.126721058486503,-0.240843988566237,-0.300973979712326,0.0753644511762719,-0.00496279764170558,-0.208364712424938,0.446859873324694,-0.0656615646727089,0.224989289099271,0.00192121058521778,-0.246123300972316,-0.373598928801328,-0.0746084030853224,-0.197287251971551,0.0843129478475007,-0.128412436919426,0.223114161503094,0.212688116812555,-0.0744062179046574,0.289217415609318,-0.00920728895608566,-0.0668735335865071,0.0593471433406688,-0.0306810021246779,0.274736814387109,0.0214561482438125,-0.193453133582806,0.0301905362595547,-0.110254300965153,-0.244914733547281,-0.083862909409115,-0.289316372558841,-0.136356191094316,0.305865983207897,0.0816648470036838,0.177808660842036,0.259947455330426,-0.0442390771055427,-0.0132037461353716,0.210166675394287,0.185454911810593,-0.106509422631943,0.10518389759282,-0.633280496833553,-0.224628349835515,-0.26366505769416,-0.165770472220991,-0.15367843722681,0.0198791972247801,-0.0619975374803668,0.0320641297785641,0.0319273051766361,0.514820417813717,0.25049046082719,0.0457011469051982,-0.0458124217581657,-0.212720157725795,-0.120668388125228,0.0495366308807049,0.0463202696833368,0.0283636240219904,-0.0325862910005087,-0.203629351656326,-0.2528957800389,0.290509653278652,0.247150116170158,0.320897695451081,0.285953484835382,-0.020715884498439,-0.0922383306296618,-0.115797133050471,-0.234609836365623,-0.0252746004702653,-0.269526489171209,0.0633480115313093,-0.149901850691729,-0.356559015488799,-0.0524712980600758,-0.277399056039269,-0.143313058635213,-0.307490419025953,-0.0817711221510998,-0.0824544735386175,-0.252882879794258,-0.0364243681615091,0.188918221555208,0.0797100923061872,-0.248250154495675,-0.0612705448502537,-0.0840406372836159,-0.107338132169677,-0.0807643112051144,-0.180009761330867,-0.293889944121291,-0.146529781246543,0.12931950999877,0.233429605454456,0.469527876090652,0.11776401857875,0.135105392733285,-0.0264751201739767,-0.199519504290177,-0.0728161171741959,0.163827145033861,-0.0411372924089656,0.21675679439837,-0.0954900253555334,-0.0653212818399836,-0.0558111111457618,-0.237080712417932,-0.37487177570454,-0.0775416454695545,0.313638385690707,0.227258223061073,0.00250916660758395,-0.15873416933891,-0.0788057012952393,0.110560128584353,0.215620238196417,0.00122782296331082,-0.209940616925785,-0.27071991395656,0.244722766858843,0.166534714821136,-0.198867425640764,0.0507621822234943,0.191145421014078,0.342977853565077,0.342303574744582,0.192156140973769,0.0667573268732743,0.0893500456072568,0.0233874698753669,0.22967995799407,0.222207540769126,-0.212530392470095,-0.214082246246494,-0.0453276891813971,-0.184743088830757,-0.182777354012191,-0.39854609612262,-0.296170532372519,0.0479893454380825,-0.00152505352050288,-0.334368235284252,-0.0802128274127445,0.14621580392823,0.0369176261560396,-0.158650639190592,-0.0968621098558098,0.054588474477096,-0.00142148531873314,-0.0166234339248496,-0.0447842925653936,-0.241154708681178,-0.256411564389044,-0.22661680205312,-0.0254014187445664,0.00611840821621632,-0.0246168059458098,-0.236776830568296,-0.0133138130760304,0.0484001486621303,0.0484259281160596,-0.139604294014797,-0.0361299421758755,-0.291396498172821,-0.06134722197,-0.346913876226261,-0.246709815552157,-0.141033561982688,0.0280316522530786,-0.063523074139938,-0.197883062480283,-0.0922520632062647,0.0414534234250916,-0.250951192256188,-0.0690403311376717,0.0771879468063045,0.162815431263508,0.0588893296013947,0.00693664232103535,-0.0492155464545145,-0.221170489081335,-0.142733198287769,-0.221782651428099,0.207962728301492,-0.0482620584751531,-0.118594332809272,-0.207774341893758,-0.103544198363913,0.0729613091961849,-0.0366491910406865,0.10644016697821,0.180575555426567,0.258604416438666,-0.169347002782233,-0.178383304544237,-0.0647677771530751,0.125020988457079,0.254914276274511,0.107957933620981,-0.118864875376038,0.312848687519491,0.0686890995749752,-0.0950391351941532,0.0228338182844383,-0.131610330706409,0.232686731177833,-0.0406683683742093,0.104707729406637,-0.242825937324836,-0.227916838018101,-0.027013097142256,-0.0854338086779254,-0.256119734405295,-0.0224288550468879,0.0282550689604825,0.21508009070323,0.178407558458557,-0.00783882100434566,0.0290330143143008,0.237011542286571,-0.296735342649228,-0.0792117156185717,-0.116362659659331,0.100625451803081,0.186427379373961,0.279804368094695,0.152210542715153,0.216655071336811,-0.093403458881766,-0.165120020116541,-0.125218309077233,0.255037769025766,-0.102782940610449,-0.0651399967684897,0.210171627881185,0.387448645569306,0.17658916035997,-0.00239488363980034,-0.151971513429932,-0.213644299149576,-0.118661022346359,-0.00625707219120171,-0.0520107395055591,-0.0632805365804876,0.336699162143156,-0.126433921595961,0.183817923459229,-0.005255489679133,0.111778984691343,0.186268391388572,-0.0514570536992666,-0.0831799822930635,-0.274533719712966,-0.0104114892683992,-0.0642474385557939,-0.272096718666923,0.472145819408734,-0.00381858942409385,0.0186346031984812,-0.0691215183441813,0.310990683017975,0.280035028771036,0.10774716536129,-0.0432040789227005,0.17951185679666,0.156858570781527,0.093707853333741,0.157845229749335,-0.0846704244891609,0.164373424290942,0.117439382654933,0.288893724123841,-0.0503519352999982,-0.0591637221988468,0.145595258267513,0.0761321735195771,-0.110707139753809,0.30463099270141,-0.060860627394553,-0.384868182540991,-0.416965407496009,0.263191857181944,-0.182910324644296,0.0178648072047617,0.0617662882244921,0.0175495823308993,0.14623318673114,-0.111088321430158,0.262586187264561,0.159840407837133,0.0942364999769612,-0.0752265224584416,-0.418021214264901,-0.34804449885011,0.0144480878701699,-0.106893508188229,0.140579571333446,-0.181974884915707,-0.104968100299084,-0.0410400321814372,-0.0300921186629713,0.439093831452964,0.123233188344679,-0.260613107408791,-0.138528655633046,0.256057523471603,-0.127599617480824,0.267732199854932,-0.11570900747572,-0.323242828175856,-0.343450402087632,-0.106637024641071,0.12616194389931,0.323841347729921,0.178191737498646,-0.22151790501887,-0.14609553861134,-0.386334495842327,0.169206992781676,-0.190310722688198,-0.0696323830418859,-0.268308466529162,-0.318179008653777,-0.0390112389255833,-0.338941247677988,-0.0446424045139332,0.04461955125491,0.317460113652465,0.253267038228541,0.161817332504748,-0.0585376828615658,0.0649783725199167,-0.0077104089961791,-0.374792915216819,-0.553435138385052,-0.174550545365575,-0.177368651266207,0.0623444501287645,0.434174219966742,-0.0775185519149519,0.0241166419531673,-0.047723252887676,0.253169315404708,-0.0855312878301945,-0.0805633023462545,0.0968013045543813,0.271762232524657,0.259418919125643,0.0909008911242165,-0.349813290995677,-0.0175042155290506,0.333993942085564,0.24961595853368,-0.148609873002461,0.167539939785301,-0.00335288539274139,0.0739428804650911,0.186026587747703,-0.213339837958174,-0.224345761435437,0.0570084586445268,-0.0844600003119646,0.141239100585901,-0.101738588232161,-0.0908138467095812,-0.189327059091079,-0.412133591736243,-0.236691886922381,-0.290464258791269,-0.0630827008575992,-0.162799838971326,-0.136025382897186,-0.0500253008094883,0.244139696031268,0.164524983640868,0.388393949480759,0.0802938531549626,-0.0447131433816296,0.0159472325767583,-0.12215119815602,-0.514144110542744,-0.0741154067560095,0.0452311098989021,-0.122814994960549,0.0504738227064923,-0.078393844027437,0.153090488054086,0.194871005451904,0.165155646040183,0.0246862868618754,0.12547408642284,-0.112518891181458,0.274514435418739,0.180106191966032,0.266407974383134,-0.341070244556353,0.224496673665587,-0.0213105568748428,-0.0431466193736993,0.107344896422548,0.200501150607674,-0.00327758750246995,0.233075637856483,0.384985789831908,0.0712188910255339,-0.312309274740663,0.0472842266835607,0.215150543866663,0.177729002117845,-0.303706959081211,-0.474578271820032,-0.299203650500223,-0.183739192748082,-0.167458396072826,-0.0437622623992645,-0.232679550295397,0.0622811517550275,0.216006230197486,0.0362565433600204,-0.374783701160579,-0.365114834532389,0.0655602982204064,0.0777512708524098,0.274259804132269,-0.308051322795502,-0.0359800019195404,0.0124594702847952,0.138285656834702,-0.466261665976924,-0.169410263134522,-0.327956226581616,-0.258586835465533,0.0957575006547316,-0.135266652396154,0.449952176431558,0.0824727623446669,0.0911809442239219,-0.160383470090367,-0.243929720612127,-0.00560597625842771,0.12479059490912,-0.134914817548708,0.192303439010389,0.0883705857804843,-0.0193910773121505,-0.0123772598760499,-0.0442770214403094,-0.090767334752963,0.249936139264241,0.144830540843116,0.169810772064804,0.237724799452603,0.177385095114552,-0.154853950315274,0.037364060742576,0.126061377199763,0.429123498028481,0.234669901863058,0.00478845240069335,-0.0283515251196122,-0.144217633267696,0.0766162962319405,0.236182929772032,0.309138300855802,0.144950577366144,-0.294217382971216,0.223513639380873,0.284327770691715,0.10975583017936,-0.164485127369255,-0.13901575489957,-0.339601146005052,0.173403160852937,-0.0549823943358359,-0.0353459887900118,0.0252838806166848,0.0867939505824162,0.247661484113875,-0.119211139921501,-0.526738192344347,-0.460525638529343,-0.239743005530739,-0.0250660609201174,0.22659548466754,0.162347383165712,0.0629406375947016,0.101343901064477,0.0568557283485294,0.245511802589917,0.139901654441955,-0.375366014382098,-0.0537707937422247,-0.163098205143261,-0.0322945786823632,0.376954778607305,-0.0337383834850285,-0.0558113825148271,0.0911249113098559,-0.204532708735598,-0.144889820853019,-0.0975126835947161,-0.232496376180552,-0.141989341345537,0.384813017386604,0.22681908093751,-0.166903192890537,0.304643168769783,0.129361758268553,0.0697304615046981,-0.210775787605227,-0.218632425871985,-0.0341544791705203,0.342320488640846,0.254663868385916,0.235033565483897,0.380062427788744,0.0289096632040461,-0.120907073987369,-0.176908350936596,-0.235242266954382,-0.00521178496479793,0.123942867662958,0.224958578979287,0.376628463798177,0.351721444384704,-0.053746048204252,0.223999402954463,0.567917197822816,0.175525180913086,0.192021455556603,-0.0522123842169018,-0.24350146853584,-0.233219670843487,-0.0735086445068755,-0.130691482323303,0.214512701355542,0.0143258739644206,0.0147301597325172
0.71978738450619,0.240630655751261,0.461413348903713,-0.290281070752581,0.577240429082779,0.0716198139954238,0.656041846753909,0.0858965061314871,-0.607160751455511,0.473892077201651,0.286454439663267,0.0246984901716757,-0.72118135605615,-0.414858935919692,-0.990059922934742,-0.748510239517483,0.446808314483269,0.270346043230026,-1.028271142807,-0.0307384802374573,0.392644030018542,0.22719862531307,-0.197626079275757,-0.217684015550377,-0.687164216677102,-0.912275506630141,-0.705045996033634,-0.63086563101522,-1.94504067641861,-0.690456687567974,-0.954445075945088,1.23833544333565,0.807048655155182,-0.0731812168290897,0.171720070734391,-0.400326284804884,-1.65978068867389,-1.00985029411586,-1.06193441158671,-0.703678029169797,-0.358083558339198,-0.513571765327522,0.582931444821513,0.0214803091899105,-0.529866160549239,-0.808433235344593,-1.4888872074464,-0.818951551318937,0.0892518587658666,0.383816108581043,-0.660713784795254,0.245400522347299,0.0996446047551873,0.343462466109476,-0.44016409632783,-1.12193135661285,-0.772473328862792,-1.20966077519557,-0.440693843496272,-0.655816858223158,-1.28512235530398,-0.621219766767505,-0.520894611852427,-0.148842391819175,-0.159808378219752,-1.12563009667204,0.0350559631963585,-0.171214568439315,-0.0403231759789398,0.336462598765129,0.0164688812685066,0.556576818405185,-0.595646165680743,-0.0311602012056782,0.284092865638375,-0.221684242692551,0.173280204129012,0.31313837025272,-0.266063186745319,-0.312349931907533,-0.0467696363968143,-0.704062354667306,-0.16627320383626,-0.151009977305296,0.360321974321962,0.163799151007349,0.739921944007493,0.173525339678522,0.0364053857971934,0.20347424123823,-1.24090213431461,-0.290527752900011,0.535121602520736,1.12506283985034,0.0381691876712208,0.352002594808384,0.091051794023555,1.18556128865134,0.611929197213277,-0.634310806008814,-0.243339376872081,-0.0611732651954159,0.506840883107111,0.104986924940264,-0.13918240670803,-0.780812907360721,-0.923506981013951,-1.27502768397844,-0.424844496492943,-0.421270799792306,0.493173673530172,0.713785350305729,-0.00384925628070204,-0.245034135922895,0.167776481132004,0.751483303292086,0.667170082807616,0.336502813804276,0.415348688193268,0.885468266988787,1.50175209297227,0.393190232051111,-0.571748762873629,-0.777231123981149,-0.111129102668326,0.57413671549512,-0.0659896486029473,0.596242790785576,0.273372346609582,0.0672616952050742,-1.5322771209658,0.296457055011282,-0.320353603207936,0.430006108982448,0.181447198837558,0.381402525536719,0.547255106507601,0.159782530410435,-0.356533281296249,-0.584956917326257,-0.875324548514964,-1.35209942599529,-1.2530461184701,-0.00471307005505407,0.686109465432809,-0.500323277115977,-0.421561297403274,-0.585091505106057,-0.601950815466556,-0.708568940222337,-0.512193187809,-0.245667300612284,-0.445837812569118,0.00647097383099049,0.225672613824905,0.71585930171394,0.165864609104861,-0.126894975121071,-0.124168550504525,-0.549698822096918,-0.0913809863507408,-0.447739183386478,-0.708904275506491,-0.0977323445914263,-0.0125241334314481,-0.358364792239689,0.234020606025608,-1.02478727653287,-0.121616017889536,0.970765074851251,0.343680440740797,0.983372054823005,0.989160276554579,1.04883546813557,1.21468761144062,-0.278042958320648,0.320482086764842,0.0146778006548963,-0.275406182027679,-0.321538111653969,0.479561398387095,0.457635129639532,0.180408889707354,-0.303077564957823,-0.357039021755624,0.0632727596555528,0.147133809754914,-0.174807158559689,1.13814977082311,0.687922944394371,0.920256006194266,0.197100441810394,0.0232606838729875,1.02765058738383,0.757670083590965,-0.565863245896179,-0.0519349036492178,0.0701902413559467,0.33219231794553,-0.227104155234803,-0.388200104525096,0.0326257930922147,-0.569763069638871,-0.297099214296711,1.31667680231778,0.432607366805495,0.793460493343589,1.09138278148325,0.0990051883972477,-0.194693500237371,0.214080678385683,-1.04725332688309,-1.73835833651376,-0.889130412316844,-0.965692763556519,-0.162960556277963,-0.274959108779296,-0.680089425140984,0.0518824613409664,0.232598515708624,-0.717382676272896,-0.199534711394656,-0.20305062669614,-1.11740013051614,-1.50162026532721,-0.192945899883733,-0.565516203595566,0.798113387085052,-0.491690995467908,-0.217238680910828,0.464974979567624,0.326307756196788,-0.0531826621810128,1.72645520186447,0.439329312973351,-0.279908819101217,-0.372580876394601,-0.713525086677387,-1.34127308642308,-1.2050215889534,-0.629214921785134,-0.479543943934939,-0.148211324719689,0.683944811881973,0.671647390476403,0.353252831971489,1.11685432194068,-0.298893179084946,-0.322732790850316,-0.44234180921415,-0.239909377823663,0.832472411823435,0.55250215259924,-0.403407363628062,0.20103694675439,-0.147714207696099,-0.641401014178464,-0.899115760923399,-0.901658623621232,-0.744915549382093,0.648113729845592,0.112805116641,0.794972965433447,0.436332936639091,-0.0908638118843755,-0.0213005965118892,0.295567547370438,0.141434261483228,-0.690383069584712,-0.0602895097135912,-1.71426344261982,-1.51772788820172,-0.675521917442193,-1.06593504392628,-0.0556038925700315,-0.0599722380572349,0.291276896007197,0.832830994630832,0.4083402823019,1.06168276424516,0.689335475724641,0.450848412086784,0.0296748307365539,-0.416752314361447,-0.458620125905799,-0.0855138172280944,0.534646121789581,-0.0704215998336043,-0.692650225832767,-1.09032590769874,-1.14882354371999,0.957342252242324,0.738601237092991,0.773583029308644,0.499081844442758,0.09474656264372,-0.711059588575952,-0.497550526555093,-0.190689535879367,0.371143488448623,-0.565728326495818,-0.0773262149580425,-0.633090739973344,-1.23225626962119,-0.148088480174073,-1.85485290654425,-1.02937341355382,-0.740146254405743,0.197239990338481,-0.49529095908173,-0.472443595743856,-0.192011879735446,0.243338064095852,0.302815393247599,-0.782311694660736,-0.35975616944094,-0.481320543766572,-0.137218558749985,0.0236793675711294,-0.128931193235882,-0.438654096268823,0.300881608811588,0.410151674965458,1.34034227188196,1.23553293071427,0.26501892035863,0.307621503430967,0.16784782357104,-0.152465028023576,0.136127887749703,0.516829816330407,-0.0205251077744988,0.829346299301172,-0.0100975463713998,-0.48423173744309,-0.102313358897359,-0.598421319897648,-0.730454695636911,-0.626392111935489,0.438001629899286,0.861974767643512,0.0104565066503099,-0.359568986914077,-0.460593746976586,0.180426915511202,0.397248645792685,0.209417135227593,-0.65970578964622,-0.850239309683619,0.375888870260022,0.114301062804956,-0.547916477786474,0.0645544691013693,0.470957269507363,1.10719801710042,1.29859907680644,1.17968583841973,-0.177817309815569,0.244982235051682,-0.2035734771471,0.753028404156729,0.40230907970135,-0.84283202324523,-0.613650218285548,0.111454213745194,-1.27739087975139,-0.722772853827879,-1.02974474868845,-0.361292825111587,0.441032182093426,-0.0849022360833366,-0.984501575875248,0.0355091831205333,0.743671672045222,0.500792331068895,0.0115056414496639,-0.324473823735378,0.790501476681569,0.437025484392467,-0.572866530456013,-0.27134528518505,-0.728738503305317,-0.570611302232094,-1.40726270813521,-1.25315567197341,0.15000915878579,-0.144794852694692,-0.612305215932724,-0.0915624168543732,-0.0627979281501552,-0.163773807028349,-0.931788661231308,-0.500993520055046,-0.760256753694889,-0.534996801361318,-1.43537070509874,-1.04647116916678,-0.138111266262326,0.0617831009630535,-0.0513946771370836,-0.605876329472849,-0.604307819184734,0.0926965992410098,-0.750756408165534,-0.484665697669577,-0.15175793339301,0.667149596066009,0.217817144405478,0.110728549005968,-0.727141254962839,-1.59054773356016,-0.882987076090766,-0.495232901184461,0.300408448771849,-0.196704122759483,-0.344494986731274,-0.402212112363087,-0.537394403821551,0.0389073738136279,0.243498194685058,0.510319958740202,0.0383653233349657,1.0170985607415,-0.140460846998535,0.27964882542512,0.554389942071466,0.360990174312935,0.407565874026187,0.941375981102545,-0.272048154819873,0.648407283642586,0.0649797861412829,-0.317502858293707,-0.224250229884442,-0.578513618774412,0.132990000444566,-0.315462277362889,0.275295161369034,-0.180946906781299,-1.08531114667812,-0.25741399150049,-0.909441296520619,-0.696396971196628,-0.307440047596565,0.076854312013789,0.668836366188613,0.361976497492591,0.0594363141879506,0.287969689297374,0.267926661233073,-1.12205354663336,-0.489990563348362,-0.653775874880897,-0.100643822466561,0.291489064309634,0.800592540513651,0.830818852384401,0.223049493642514,-0.0449470604683006,-0.739830191793413,-0.419104694335887,0.24845053546835,-0.366090648779955,0.185139467938359,0.82016917797959,1.06552516169436,0.155490291968106,-0.278071201661805,-0.462118910334086,-0.624167537761736,-0.572448638371463,-0.389271078904669,-0.0927071542657237,-0.0296156403503418,0.570581856003019,-0.0639015719028722,0.684492132868627,0.495957532125285,0.588364937617096,0.595288132251591,-0.745295611954759,0.209678498132207,-0.302347909961332,-0.333339691451174,-0.568574639976778,-1.44609284967894,1.59234609444537,0.544108313244414,0.39937862646714,-0.0992453375972731,0.818514857537832,0.708189762600023,0.55687318106655,0.882803624958111,0.516583969857403,0.31178037352804,0.453113583776609,0.591372853933849,-0.220465093849192,0.278614395021556,0.52548663069953,1.53423847940689,-0.530545994226337,0.0571010179612368,0.530726296598741,0.528993699254757,-0.653237747870185,0.482251190138356,-0.261986926472524,-0.864081949600916,-1.03075287858007,0.218671139191338,-0.802367155953066,0.164582443897396,-0.492711192268664,0.18902644251114,0.2276797383194,-0.217457174844211,0.214025796551768,-0.0436115514734311,0.465673160685425,-0.323137172074717,-0.780684036232857,-0.620932600787684,0.0725024001339936,-0.0211395187381493,0.759401840228174,-0.188399148087281,0.253343416199406,0.0139934982726459,0.0301620137068244,1.64929501502683,0.476978935157003,-0.641213695770925,-0.459325722167162,0.548797742070662,-0.120657585637638,0.634904211889546,-0.831710578853811,-0.820882560614992,-1.0728492214155,-0.283269833648243,0.545441543071052,-0.00526482881509269,-0.406381710523553,-0.811321562398519,-0.801822888672938,-1.0581291252274,0.588240102146257,-0.852107467852209,-0.386529778135306,-1.11028789514893,-1.20664983516727,-0.697355397106755,-0.742923601711538,-0.201552747522892,-0.0203862390679152,0.738184712366078,0.737245593209319,0.121418910235021,-0.289327220663587,-0.210018855997088,0.201487610499059,-1.85942704179694,-1.40260595342182,-0.623848854352789,-0.0431915299758024,-0.252966332024921,0.611962581627837,-0.272254162411264,0.128223408053901,-0.404858267085646,0.71450316265842,-0.351776671133442,-0.286769207729498,1.0908639470162,1.1019771156663,0.58187893696585,0.041582958500181,-0.730150078200598,-0.0378774281356827,0.813676783687051,0.755767967335204,-0.0171777170835098,0.158607896568311,-0.450794939263696,0.118646885132783,0.469063103492359,-0.383150271454518,0.00384571755586652,-0.0620423071647013,0.332215106330987,0.20522847612625,-0.598245677024064,-0.0484870631579718,-0.527369501472588,-1.0246584893853,-0.93466055438913,-0.975810479836772,-1.07261942107418,-0.453602757240076,0.455112643299322,0.160007130809744,0.520539812678364,0.704494162473397,0.352630288181235,0.351921728782855,0.217943781161809,0.0461513368188839,0.0329786636935344,-0.836356823422824,-0.431206695621488,0.773660666474086,-0.0311693107004478,-0.184019918372611,-0.379044433479968,1.01678677574367,0.976592639006126,0.243986410859642,0.218115267375711,0.65840349299285,-0.263942892149122,1.01216521384418,0.508877412863239,0.642874780931591,-0.370471665393385,0.508749155199628,-0.547288792634338,-0.523709616003007,0.0570711583741851,0.376802723146501,0.68661554876371,0.925937071464028,1.23296495198492,0.676440842349839,-0.49125721948854,-0.170663906395052,0.544325008935347,0.0397640174868397,-1.30819568357556,-1.27872057710482,-0.312250158306765,-0.311680980342303,-0.817302522344369,0.175178151451163,-0.235663721075253,0.314682278634208,0.187637803343028,0.0226110063306431,-1.27319171438587,-1.30626156061473,0.158293662531573,0.0399883353500778,0.682935993273534,-0.487939909271806,-0.000879459927561693,0.394799968071917,0.244086948787528,-0.575981908219793,-0.52490418373332,-0.642224974881595,-1.7093438227396,0.0677989911383738,-0.246617687623907,0.396113786217365,0.086076922361344,-0.085669123423143,-0.29433469048885,-0.352268035072383,0.426340643025972,0.985526941503685,-0.586735128007527,0.837916168151868,0.653574399865095,0.0948969252240726,0.152350738068065,-0.240717581236934,-0.155604510540326,0.199005756251071,0.597365683633369,1.08630425192372,0.870427233446554,0.751645529688543,-0.159836116841176,0.0592705286377493,0.196066101576482,0.681735313465722,0.738366485910869,-0.096726704016278,0.146755945783057,-0.311313935566127,0.616804631762656,0.249151796647452,0.89988615505511,0.303763722585731,-0.501231158554678,0.25768394440546,0.653042676942476,0.328501201079303,-0.670466959401718,-0.370749930128275,-0.821309177883011,0.121421990392159,0.601220535580661,-0.315787057919743,0.226729920589304,0.470765057070123,0.68534617541517,-0.491309608657832,-1.17143574166772,-1.35591191223279,-0.82369019341983,0.106024850830273,0.846707029621876,0.00667341174299776,-0.181209569163501,0.277839997099781,0.377998056094144,0.582612063847305,-0.0310856572350905,-1.30030085965044,-0.605489103428679,-0.874970483586968,-0.206164502178225,0.832433795402006,0.121222529341418,0.0702235469473215,0.11516740804501,-0.721011851958877,-0.10189733524984,-0.524729433606166,-0.74426078994291,-0.51032889148228,1.12901911527281,0.636566989403647,-0.30804878408054,0.594777621777297,0.624904889787576,-0.118624464374298,0.168680895946661,-0.332738932409461,0.194931524523915,0.638592160798201,0.836781212846723,0.297686907049387,1.08088845921505,0.372770469329388,-0.845621456473682,-0.365506645341359,-0.496150280290175,-0.00292019434553388,0.570209036563198,1.21959258782726,1.43800399779511,1.00651094106125,-0.107675332259803,1.19573728490754,1.66342942795543,0.62824342758528,1.02879606317302,-0.414076632450096,-0.740609574012461,-0.638951188783661,0.0500306501238474,0.237430261523055,0.261195527625289,0.192407728677768,-0.0858234477761625
-0.577399730299163,-0.374940572207304,-0.160957863167103,0.346931882805081,-0.234684327436429,-0.117522722719799,-0.408456429781697,-0.319978282385733,0.405750050401202,-0.432978735345968,-0.238911919581867,-0.167342547402375,0.457457423613917,0.171360931431665,0.622994678029955,0.433829466687179,-0.394246182119379,0.0197389210655253,0.646114472113141,-0.209336112567189,-0.323993907825339,0.0906884169507733,0.141813250451786,0.322872699621409,0.650545736951389,0.699453991754033,0.525139852288504,0.496477664050582,1.30226162535022,0.595331856026645,0.840535922898458,-0.852252976517846,-0.718019588715915,0.139232953146495,-0.0165338984845183,0.547480830078774,1.2832052307803,0.704073704542516,0.7114081167519,0.857199863832752,0.224898111609725,0.466610862011864,-0.3069069784698,0.0605767482889336,0.605276254676431,0.481872400470974,1.20563261983955,0.520032766069046,-0.157552833892467,-0.262837297447772,0.669863612126536,-0.0983564789170012,-0.124765544754203,-0.376404370712687,0.503231083267534,0.748085036531837,0.620525173997433,0.920910617403545,0.387906489722804,0.547064895456327,1.00596262888152,0.364373789346024,0.346326785460241,0.129977361947298,0.295978344468783,0.819472639173774,-0.0814980062519699,0.120967421297361,-0.1443530972421,-0.164544123567211,-0.0185902879998719,-0.411311754000648,0.52051487303863,0.0517503635795508,-0.299657449387691,0.065410323532264,-0.339156792691071,-0.415863659478073,0.283947412842014,0.122953996018232,-0.00656434331228069,0.549725980500269,0.174347525803714,0.139016496257723,-0.20325559643166,-0.0186412977804698,-0.713887404408977,-0.268672394154522,0.346889081719405,-0.172533278791049,1.0891339866719,0.27051501585597,-0.382947592781623,-0.847509987147479,-0.110746764717418,-0.372731109698367,-0.208230118085321,-0.953362691753692,-0.535317306020137,0.324937375898672,0.264190038542182,0.0911212088913353,-0.401996003640026,-0.137687765240121,0.0299463797267049,0.675795401195334,0.685731463578288,0.873623884890367,0.235985107396859,0.286787326266219,-0.479231148888065,-0.530814971876714,0.0798518651001846,0.209709633269804,0.00107869480723488,-0.610003037227173,-0.434831739622217,-0.29881484483367,-0.198379692872146,-0.772909850282976,-0.920131734496909,-0.266743857243641,0.335613897820441,0.622113645688921,-0.0168688357700685,-0.360365757607387,0.0274717262910703,-0.347807288411826,-0.334577046613108,-0.00274941892407397,1.04569875565751,-0.170053416602211,0.315181479930148,-0.174484814859988,-0.109493368709755,-0.443843462295541,-0.403092833538824,-0.168090992660947,0.154337614407716,0.321034709383127,0.590649419259064,0.921892305287194,0.892402805315025,-0.0594980976804197,-0.495474202411886,0.283935315244156,0.502090176498881,0.183448338067668,0.288062680373558,0.502777107257009,0.227250510574477,0.151134717409195,0.464653258036057,-0.0552430533985636,-0.0818612469170368,-0.468830370088442,0.226018685491788,0.218049667086294,-0.272645381160781,0.449390230304186,-0.0261608612675385,0.390285620249733,0.496485747994399,0.01169423917048,0.0127213480447743,0.11980096173452,-0.0678939695194943,0.778177980243015,0.136359517932906,-0.659681116265821,-0.284312668244545,-1.04135783000129,-0.492313231122195,-0.46615225143185,-0.851471075130026,0.149863855093901,-0.376546260420808,0.212573891530429,0.112517586719131,0.324133960295646,-0.288490415627589,-0.238340726557373,-0.316719981542152,0.279955388528432,0.108813685504844,0.179583771592407,-0.0137727738336511,0.0528278304425915,-0.959780422242526,-0.64039375669615,-0.669132879544467,0.0386290976750773,0.104427054242642,-0.804339823634251,-0.827234685797421,0.547508377314872,0.0162366735729639,0.0652961816241873,-0.517739414532664,0.159404839145967,0.179027275735614,-0.142106882164234,0.51009373229386,0.0748881208982864,-0.830424662573307,-0.407074171536055,-0.728765598835269,-0.810573041167894,-0.0389029355609587,0.199271241380154,-0.137123909008007,0.58294905278448,1.19694177009497,0.709757811590735,0.723291056217604,-0.0606297679336569,0.022017021773081,0.440897604093346,-0.194493924189951,-0.0343500853606145,0.547094140084163,0.0394565457511016,-0.0764579645352848,0.695288715727808,1.12045972557959,0.204833324792969,0.426836424457878,-0.466300623452921,0.28111615723422,0.198459436151695,-0.222001394674528,-0.174887230210821,-0.0942041760054535,-1.1562226276773,-0.327983497301677,0.14000218631888,0.211165311403696,0.402437149016427,1.13711557080457,0.646995393913491,0.567725944829079,0.288917130574581,0.136446105857046,-0.349355235792277,-0.485331454752939,-0.269039952304004,-0.943235662208137,0.213439967680573,0.143434040440277,0.209847472397527,0.138071530662045,-0.746531885251266,-0.60994211614183,0.246877051762579,-0.131416171097997,0.218068070755972,0.45513074173894,0.583910459129162,0.882048473144272,0.577544498189332,-0.368535742686768,0.00309821948969036,-1.01003328584458,-0.227653064286665,0.000136408747856157,0.0512603876453173,-0.301717486477228,-0.186883656575386,0.48596513784239,-0.115408256267175,1.29254985060557,1.28704409428889,0.513773519550296,0.680864425142351,-0.0871832815543977,0.0589694319083569,0.115444000919735,-0.550379688353692,-0.293109163324196,-0.841354033925732,-0.632417205091523,-0.342924542545343,-0.254615727593802,0.422770359874403,0.599610006848726,-0.153478743246388,-0.378715838253316,0.148643083098686,0.522344529953461,0.692207241842635,0.664042195249456,-0.634402853460493,-0.473004345664526,-0.691805288639013,-0.427098872691042,-0.0483509405047592,0.72546595928503,0.377829336855156,0.282270878887409,-0.296574218446317,0.319354732727225,-0.158428621796381,0.574823038426362,0.937349968141836,0.138620191407946,1.31218404028152,0.798055905105805,0.705092226730109,-0.0790974442954785,0.234424448022989,0.350590799551955,-0.0222091461871981,-0.252582861487576,-0.441222844494242,0.416184842920681,0.424517130446432,0.283795322922185,0.171324696586757,-0.109230686063396,0.0238888222741774,0.283978897903293,-0.300415186309872,-0.356181420141448,-1.04530866831829,-0.887898633290896,-0.207422616203298,-0.178185552902526,0.0934164979758198,0.0714667086649054,-0.238475611649917,-0.304659312856162,-0.0352052510641669,-0.498444141005043,0.0880749050589988,0.518729436206304,0.169673445434286,0.468754786719286,0.548240957990363,0.275889422759501,-0.459509895072374,-0.565531494597719,-0.031416128738797,0.453152561247871,0.312307906671228,-0.427237578474878,-0.268804906981342,-0.165295531741351,0.288048223513165,0.520419310751075,-0.276299907777651,-0.258663004534602,0.504499904395456,0.0123488472344365,-0.571779636719393,-0.872872558523427,-0.890490936202541,-0.894470294451278,0.263188313719612,-0.323302154792863,0.164442779673214,-0.599612666150474,-0.276738892769636,0.778392617558333,0.499574123253622,0.0703997601476909,0.791871188266494,0.422614414524937,0.687757529842987,0.428510863408723,-0.289451356431696,-0.0200160252403772,0.773421948804908,0.0821016168628812,-0.36342828769573,-0.435694235120821,0.0558045338910792,0.234938055230934,-0.631798210703439,-0.396799650489496,0.296380380361987,0.402191515286732,0.670908098990922,0.449605298442134,1.02651088482415,0.931576566183711,-0.0941039704389574,-0.226416807038487,0.21726610435369,0.0493374100712068,0.041363204843706,0.181664129978221,0.4714490849575,0.14764113387205,0.613048071845798,0.272379536659346,1.08117241251162,0.866533043874345,0.178583962640871,0.0880688990146603,0.0863404304095809,0.326306405531293,0.356129655518566,-0.0422364823315839,0.625731561264784,0.429874038789553,-0.16180048520168,-0.480192692024216,-0.197455851484287,-0.223192352623757,0.681590665688382,1.18885798835058,0.683385524145181,0.304003723295777,-0.117891167457324,0.106255332371032,0.312874525721711,0.242956743790205,0.189658245562504,-0.0369530731786836,-0.118791448131358,-0.328144939579837,-0.128398992333928,-0.877428125349905,0.157565160091247,-0.107923094963898,-0.231950107268578,-0.167952184607722,-0.463063143691736,-0.522800631802804,0.193641010968394,-0.509904571693896,0.0240633577175038,0.18695134296089,0.18729275408094,0.34154117871414,0.0430471761357873,0.170790186975678,-0.205684831579832,0.17820912056108,0.977160821105834,0.320871904606376,0.59490643188511,0.325082419466461,0.136663068779739,-0.256070325175104,-0.788467980245957,-0.27734145059413,-0.0187764832477864,0.00612909437333499,-0.199728061384572,0.808643409059824,0.339528298623304,0.668968191600305,0.075972560489943,-0.311964142527532,-0.464001850333908,-0.587687107579272,-0.272438724520571,0.199107429897783,0.541948989060089,0.260019572237328,-0.222625441205181,0.0820021470491839,-0.238102299053838,-0.42297298400338,-0.842625241445543,-0.124794963818122,0.0519136033834576,0.502302808023928,0.451236404757424,0.509343420512151,0.150413950339144,0.419640566667506,0.186864419721266,-0.533237503542004,0.177602320852656,-0.365677055475631,-0.198318440424618,-0.386626894648657,-0.328796045333657,0.625364422877892,-0.446608222517763,0.446862716562406,0.403126282865304,0.45847453255843,1.0733832852741,-1.04524772877919,-0.460570671151111,-0.192563196073565,0.104367814815357,-0.485595242837576,-0.739230586034186,-0.162001391387184,-0.42644279731634,-0.370020437197954,-0.366826461604281,-0.430615052929515,-0.559190255472432,0.323029628863907,-0.177792915773002,-0.463865951184367,-1.1678640062701,0.346406336203059,-0.228421334159054,-0.206875241131953,-0.17570574280711,0.64889165201882,-0.385260688084833,0.31235155779991,0.790117185257081,0.701476571496368,-0.123447087165488,0.679497048712674,-0.303704731651458,0.272982707923101,-0.0309392146076794,-0.0721715537591756,0.31495388003294,-0.188743807399956,0.0911204587563327,-0.242685310126607,-0.0250152782292519,0.805321833640878,0.431104584895948,-0.147066983023648,-0.111361236963136,-0.805767422591027,0.0602558632571271,-0.104113232480101,0.195443517303441,0.0548653457208529,-1.29072334971165,-0.340566333528498,0.567695098163792,0.403271063623814,-0.430736689994832,0.179064617062941,-0.180638632823751,0.668714677544376,0.564426053428933,0.834794164668672,0.254104852129892,-0.550318556089907,-0.121008365248922,0.043152879105612,0.486864659821256,0.59370253553903,0.706865414605926,-0.401042290290284,0.4322824126127,0.177489312703474,0.800575258525162,0.958720485614385,0.500572228296307,0.644585843589542,0.451761146899129,-0.159184996292582,-0.657190873775006,-0.501391695625406,-0.109054791395757,0.0643237438774244,-0.206283405963212,0.0191403414115275,1.4944431685536,1.03583709728319,0.424830037540384,0.0328312939033245,0.198422728847796,-0.369697597935422,0.291833812046186,-0.0570573692747829,0.115943934964086,-0.615419454331636,0.144242708060842,0.343359211182598,-0.923712046697798,-0.873566157739889,-0.581775988032022,0.107343090160764,0.608607933911428,-0.0722051799092368,-0.63590108465159,-0.586943028142247,-0.234555595905149,-0.300184728340988,0.3323102504436,-0.0886756295497413,-0.335617946490968,0.364270641756853,-0.101854293547498,0.0136260033750419,-0.142923661546853,-0.0976348838495039,0.35821733190991,0.00152215911751678,0.31824498144127,0.783683479178896,0.571032415888414,0.688950335491993,0.823176197051615,0.332319689563472,-0.216974879359327,-0.162130957248085,-0.327826882943814,-0.553060366612489,-0.486822761693506,-0.15598791305507,-0.114600560172467,-0.0114163331105319,0.009813102350974,0.863538069254522,0.54212101918998,-0.324870101311605,-0.0543442278202889,0.0532728790906246,0.357184037879825,-0.683164722484895,-0.712844960053783,-0.32877124728351,-0.213169767433242,-0.300899371692205,0.139670705913008,-0.755139062623028,-0.369558558133718,-0.730452730343549,0.214173878737244,-0.512166504621192,0.440675620535028,0.398926242843461,-0.120065368029417,-0.373422101166148,-0.507104896713678,-0.757029713064768,-0.760500529847636,-0.31107676045726,0.738434314939949,0.153987164975443,-0.337708774311994,0.120581829539581,1.09648311901949,1.14782979228093,0.203788063984281,0.360133061738587,0.781743923648541,-0.254592387693162,0.115034749876046,-0.197521534088659,-0.384763827432389,0.0185532617598871,1.05159713916662,0.695865473873057,-0.134742148861561,-0.0244668892784622,-0.50487547734532,0.209738348458389,-0.0702505791330669,-0.201729607924255,-0.243268136866029,0.340821285835997,0.253896959819293,0.41145330157894,1.0213171458676,-0.0763488455724618,0.0440275602917235,-0.329611851219151,0.0666139464672246,-0.0879611726730608,0.218219216540436,0.0969411808715408,-0.355155333465774,-0.781739394830996,0.299221980065935,-0.614470987007523,-0.358891327627523,0.0140555439042122,-0.126230675295379,0.147486178599241,-0.0271324533998457,-0.256528494529301,-0.456978274408972,-0.879075743317678,-0.710619459161236,-0.584153144308541,0.315522866716881,-0.204035196631346,-0.170790255476781,-0.399133924958138,-0.582973229350392,-0.101355246548269,-0.0788415577794464,0.376036951115045,-0.367752840680599,-0.339333117090525,-0.58282922328998,-0.320949840128166,0.394494212384671,-0.308856831175161,-0.326457461582276,-0.356082636395935,0.746955595876015,0.544876102628986,0.564246188537933,-0.216675703457287,-0.339502496076751,0.380583353530127,-0.0331108410327058,-0.26544821298534,-0.540348862932588,0.499368440930567,0.83665019118785,1.07687156347413,0.526488486911073,-0.340715090527915,-0.578341065048504,-0.0176889799989826,0.133996050663665,-0.129451162797978,-0.26914126063114,-0.604286879161493,-0.186153980040603,1.0920276715631,0.377642400196041,0.618612016113002,0.137658895594189,-0.744520797587605,-0.0926420552496114,-0.133594341638732,-0.384666122698996,0.639686870288307,0.15453490583753,0.427836144884659,0.635207673512179,0.379817823899594,-0.912202796176236,-0.312469134993666,0.307315077786171,-0.571978214502626,-0.486247800595649,0.0374795981498468,-0.104497788352572,0.314394662031054,-0.249532070615539,-0.741400694237227,-0.679216686572718,-0.317719726926865,-0.71345401533718,-0.0449817025146698,0.661393057576198,0.294782892526955,0.244492242710758,-0.0812835514295256,-0.35135560743524,-0.969645311252809,-1.0573341587088,-0.747529149653887,0.133657247529322,-0.812556687062422,-1.16000011332299,-0.45576360104964,-0.873371098577045,0.357582119630788,0.566475726841151,0.568798701697528,-0.0208119547134121,-0.192496328817656,-0.329054042493324,-0.173237244672941,0.0310812071316706
0.116312309344717,-0.0747374977836777,-0.084126926171832,0.0288840294335676,0.0756110902899344,-0.0356120953981571,0.0210580921842084,0.0303110308367988,0.12257849827398,0.215530239646491,0.0549292480798475,0.0220596922967804,0.0728961171063857,0.0980231661737073,0.184275222523886,-0.147801409511587,-0.101552433682581,-0.149822583185561,0.103729373097363,0.215268322391937,-0.169860818461185,-0.0898680630596772,-0.144087109169104,-0.0183209835193705,0.0338301315071191,0.151193612399686,-0.0307877623065054,-0.0760472746111759,0.0820373064817545,0.0478998629202758,0.129511800777863,0.0718230844081428,-0.028792705166969,-0.10658196623693,-0.0416892508490515,0.257735542740582,-0.280292366795979,-0.0260333183931095,0.00841774035309269,-0.104789386980655,0.0984086301320619,0.0859363055747552,0.0805922461361649,-0.00866085620446559,0.0918473183021278,0.0654962748283221,-0.0666718825767493,-0.0543157506303114,0.249064271635293,-0.0922847978442008,0.0123276319590705,-0.0311777165627654,0.084554371229962,-0.196020733521185,-0.141018424642042,0.132366281535894,-0.0496773573335975,0.0196412399306484,0.0103392898318776,-0.0267015673158932,0.201826868201898,-0.0621558120361215,0.00651748423136229,0.0385833433525573,0.0529114785140839,0.0508622548573306,-0.0963335222596161,0.0296819168411991,0.131432108632551,0.110710283174116,-0.0308718164983799,-0.0405524206631908,-0.173235128404762,0.0509760224733588,0.134401564539457,-0.106319044929273,0.0494921225587453,-0.0696559656812559,-0.131422312169342,0.0758779361612257,-0.0699756907989232,-0.0303211167550527,-0.105248356014257,-0.0469408972070478,-0.146209155302942,-0.176384561025231,-0.0482360002202544,0.0170665862247777,-0.02848563786267,0.0408057362245655,-0.176273255058222,-0.120191351296581,-0.133681774819013,-0.0527000463149712,0.138057007208127,0.0385189703474934,0.0612524539003439,-0.0199738797799902,-0.165207939960878,0.0907236938804353,-0.0715207223233592,0.128393175407852,0.0216246731873348,0.105540714842342,0.125601666447637,-0.0360029192904125,-0.0659987218746736,0.151104990475499,0.0329085826396163,0.0184797883461512,0.0486258083442437,0.0639860617379024,0.156018560625492,-0.268953997229091,0.0276218106042298,0.07690676700886,0.0272348087951466,-0.16739884370504,-0.164605131197885,0.0788491750627194,0.0431169075547268,0.0186896904338029,0.0945355258056442,-0.091556325736901,-0.0503096208077074,-0.0989812617049419,-0.0479678923680707,-0.10564161438678,0.204397201345727,0.0284029790317921,0.0124604542541127,0.131019665004186,0.0224666445259731,0.0473303708293973,-0.00433740590228422,0.0360398356990666,0.16275240645914,0.0540090383658483,0.0213967945974172,-0.0921474181863365,-0.0944450720624364,-0.108033381931655,-0.137457743417493,-0.00759975953711347,0.215750373428741,-0.0515803448323181,-0.0890541800461391,0.0707237739626851,0.190658586646845,-0.0149831918232266,0.155804795485347,-0.0651957737200356,0.145810945618146,0.0769899229852902,0.0130746648995062,0.00431027834689124,0.143942806747505,-0.0704356431011335,-0.0605303770224865,0.00404250894215101,0.0481355743498464,-0.00693469768444195,0.0967934554866006,-0.0415906820851395,-0.0343350767123654,0.0209124983371353,-0.0603897344140923,-0.0181363281365723,-0.143290760023105,0.0217943935060661,-0.0588981145285245,-0.273282241601674,-0.012021001141572,-0.170442636263562,0.0171506646804916,-0.0247513936342088,-0.0471081551938691,0.315202297088177,0.0601670466167416,0.045719319101101,-0.0510338174468433,0.103976386029602,-0.00161827352061329,0.0114117308016999,0.0289223327241857,0.0586272487754104,0.0394680501662532,0.00890096766496036,-0.0157264857519966,-0.0307748144643124,0.0722915733872887,0.224641333757528,0.332528753962127,-0.0109742004067705,-0.0760597898576538,-0.142702031911024,-0.00354344902472461,-0.0394474085116979,0.182067099526631,0.0440406018163052,-0.140855848731137,-0.0820569558431874,-0.14655139630664,-0.0699911824896041,-0.0766569223902996,-0.155911805526357,-0.188332708182726,-0.0225177426665115,0.108848081215534,0.147529329463023,0.0470006614688079,-0.132209062084585,0.115791473278743,-0.010104699789532,0.0471763361990658,0.00349944913818352,0.0455911108572088,-0.0390911434219685,0.0643292776777571,-0.0982201609195447,-0.0852216794847634,-0.175634386360809,-0.0999683582731682,0.0212152160429176,0.0520345480111039,0.0563021103848969,0.112983781696323,-0.0102058177122348,0.127968133866053,0.163834663603136,-0.129914359751782,-0.097765620443056,0.00596526167055489,-0.041121373047048,0.0613582747738615,0.0989404804051204,-0.058572550698856,0.0436149401577779,-0.0848033171079622,-0.0477100037456807,-0.139712321200534,0.0558245719423785,0.146679123835661,0.0385511618857974,-0.119138005326007,-0.0244326777343612,0.328834924802807,0.249364880761785,0.17655068008618,0.0438053647420099,-0.0522882601310459,-0.320452223056378,-0.137255845065896,0.0269314352923433,0.0386329521164664,0.0503310636140658,0.0759874666978273,0.0511676848604623,0.0564165596258761,0.0714818992973428,0.113641152509948,-0.0728813678542647,0.154836826411352,0.0735458043195307,-0.1947385642078,-0.013373263258663,-0.000713927915930552,0.0685376008373737,-0.129024594421181,-0.0225429830726466,0.095101127924027,0.161625958081347,0.00307854217361666,0.0792670432431785,0.0721831451001784,-0.127287886657369,-0.0535242850686226,-0.284004944857046,0.0234418297180072,0.192116641514015,-0.0872201233520977,-0.0010853286645219,0.151917431501201,0.180716468596401,0.0376736517960237,0.0537924052889783,-0.108878613243555,0.135742889373244,-0.0489922458887542,0.0777460370415238,-0.012920696563706,-0.24379820194674,-0.0291767639888978,-0.103954093622239,0.0585137371792872,0.111005759829677,0.133929691409123,0.00752118518320649,0.0623489747005386,0.0437906925817767,-0.0724438755173135,0.092373478671726,0.026703094806267,0.0159115237726744,0.130701259531753,0.0210045188772428,0.0227669493390763,0.0393367824001539,-0.00755024142973974,-0.150640505538373,-0.0090981399986729,0.17320489614652,-0.208392725122374,-0.021149123137557,0.13705831782731,-0.0564106495786133,-0.060332548875494,-0.125108222874454,-0.0325744992664617,0.0163607476827263,0.0247719939583058,0.0235565791999131,-0.0215315369524524,-0.132919926535182,0.00126825446076234,-0.176428748979979,0.0667604904380514,-0.0402710589785595,-0.0122770472637484,0.0133955296302214,0.0141218616509046,-0.0619373602003281,0.0200949469908202,0.228702379129718,0.147012059906917,-0.17545490860109,-0.00731818569798572,0.183467390779765,0.0529438420926052,0.0534383543295545,-0.0556379995591682,0.144100239170509,0.0758635147322413,-0.0442711549529716,0.0213052314530565,0.195646142490945,0.0526362849264275,-0.0019821572856313,0.0595410693663405,-0.0327888121794721,-0.114795153436497,-0.0484177443181814,-0.0411115945183891,-0.210759001630994,-0.0758367064879508,-0.0150813899318376,0.0768277670403787,0.281794804096576,-0.146415455468381,-0.0919624479688077,-0.0889354583052325,0.0883530643925116,0.187411786114603,0.0175767487159374,0.0398798750791411,0.091082201406159,-0.0326884009476577,0.0569301582477763,0.0979501425572267,-0.0876685514304618,0.0451232225841883,-0.0730096429644243,0.0756144470827831,-0.0719145937170875,-0.0352802007289663,0.067919413220584,-0.0324998845591771,0.0971060342563259,-0.106016472461232,0.126066167410525,0.177568265865182,-0.0558402893587758,0.0346192277099031,0.0509491667041538,0.119250765058091,-0.0751763258887694,0.0215675055337878,0.000715429308955289,0.00549363579849013,0.146386468825763,0.150167565108842,0.0172034031801212,-0.229962004409363,-0.197291046245753,-0.109838440405228,-0.0723836526042154,-0.0893417504530012,0.113635268673465,-0.0853348824462356,-0.126310588140859,0.123530748785916,0.0204390839619676,0.0132466033739662,-0.0250063206847303,-0.199648342485646,-0.00942124248029378,-0.0532587946971789,0.0722855413537048,0.140653031582648,-0.063361502973252,0.17110835225977,0.0691186641339825,0.0623144506571314,0.0444982275920964,0.163317416481031,-0.0287489008749122,-0.137585338496547,-0.167358040399961,0.00929828241535297,0.0538095713910851,0.123036056127453,-0.0520769059392693,0.0332169556631206,-0.10554957805812,0.195205548035377,-0.0719155321799798,-0.0445800338208874,0.148748014772481,0.128797693449009,-0.0818494199122477,-0.0863784083391422,-0.134832427311209,-0.0590476656500762,0.0215571554995697,-0.0891820911449495,0.00629559143104256,-0.0599512157576526,0.025491774914776,-0.00181832564036818,0.00249755441361951,-0.0265041386034625,-0.232982389684222,0.244265531137767,-0.00519051983140726,-0.0115734345479714,0.0864870361993676,-0.0460366346210681,0.119818864632127,-0.049566396512011,0.117123708563085,0.066558376900257,-0.038146873562731,-0.260620973351521,0.0675301373720806,0.0638281203077715,0.016230299164199,0.102770994520819,-0.14546546624991,0.0548335309111614,0.0141508251072203,0.0322259241777959,-0.162773462009519,-0.107389728939856,-0.000151529751858987,-0.0145333509709682,-0.261324640352627,0.0736568656486899,0.00608700422447022,-0.00835846132675696,0.0509304967713352,0.0486812160690585,0.171161700483507,-0.0364639883794178,0.107159467327536,-0.00910488011842195,-0.0496629402212751,-0.0519025075617832,-0.104850606242342,-0.0545058977930307,-0.0782552141269195,-0.0621495439467081,0.0315348499071641,0.0506026127059123,0.167518111786112,0.211471107066788,-0.00499833092497926,0.126693303158693,-0.157892874799035,-0.0316194389369545,0.075633462026763,0.0927173982903628,-0.0570783970532761,0.00211281159350251,0.22613368687686,-0.183984263890063,-0.133677371143511,0.0595742709293729,0.0300199628380666,0.050225098122821,-0.0269465132239586,-0.0487602259153684,0.01131489041177,0.105491515507207,0.167183957099541,-0.259891569833077,-0.0178049143511584,-0.0483907629207727,0.0846581947401036,-0.0889669418575761,-0.0542748638147038,0.178789374627718,-0.181183683248347,-0.259442008730526,-0.0268879639552509,-0.136098777377981,-0.145502032651561,-0.0718377267309617,0.000889436154776017,-0.0164968549523543,-0.0161972871756386,-0.22404397190925,-0.0937607438084137,0.125351588448277,-0.0419810182046411,0.0304066452069221,0.0399463071002301,-0.0500313965792451,-0.0181241791110436,-0.0499486360438282,-0.11342005007355,0.0872404983583707,-0.0286280585487355,0.0899316765016614,0.109490634528085,0.129990730311776,0.00316643957001766,-0.0885929217533479,-0.0422206247232036,-0.0536354123059202,-0.094438429670143,0.0973662201015255,-0.0844062781948732,-0.134676649168457,0.000184383078071868,-0.0369753441383238,0.0474900576388231,-0.0825207459529707,-0.00638076982738623,-0.0824065946378548,-0.0112605637866995,0.133064520040477,-0.0245385635299827,-0.0235654662017684,-0.0426485265884933,-0.0396127043514731,-0.00646921429598311,0.176904308930147,-0.028971737530361,-0.00797257842337656,-0.235709828769907,0.13891326655468,0.0179391009212489,0.0256069255340644,0.127205003628954,-0.0453192746455553,0.167161857349694,-0.0772204976010648,-0.0180069887920706,0.0544156240325797,-0.106948081113547,-0.137433642672458,0.0659928814353611,0.00522871099816366,0.113833246707524,0.0720484852055647,-0.163747554249286,0.0749912021218819,0.0949838115453055,0.156850486043757,-0.23169560317004,0.00313141733774529,-0.0136024829274909,-0.0947553252845902,0.0643659919265972,-0.0881788692055774,0.0648277492827693,0.0321353818736005,-0.00318945713820885,-0.131161171249194,-0.139707576374503,0.0763023255037157,-0.0299574824015711,0.0667023089411253,-0.0218396504674203,0.0115843723753033,0.205672182008531,0.0768434705562338,0.228242395468352,0.194376431050579,0.1073867506729,0.000844294724181033,-0.00620401570589195,-0.0727424557675912,0.0530794894552473,-0.058523721158265,-0.122668406048916,-0.109543325671119,0.125336821854506,-0.0744047317602924,-0.0145650529065713,0.0816278282456661,0.0856111132094791,-0.0471298846764046,0.0693457874703864,-0.0769023960278307,0.192447225905485,-0.114689749633939,-0.000375435564654726,0.00307452315052067,-0.0607560422047446,0.055487227751252,0.211398277186112,-0.0557539524816915,0.373689333842077,-0.126897836087058,0.00628500744439103,0.0458067734069973,0.10278879878892,0.117679264006546,-0.17356755811296,-0.132784761910944,0.113028706961711,-0.0402279663136914,0.0060705532049572,-0.214091374432134,0.0356995886615591,0.0455896836028139,-0.0804821356433253,0.114684953646802,-0.0747912177083893,0.0282850217500619,-0.00579857182836665,0.0547187002575154,0.109547747473618,0.0361287777860267,0.16105386347755,0.0724648237271133,-0.00730784528277081,-0.0100517552710021,0.141635510861156,0.0157240926096044,0.0672619241142588,0.138218494157029,0.0477184437786447,0.0300434252826901,0.10625255889009,0.0117916207390186,0.00334286495998979,0.154236720110619,-0.121944480221146,-0.128687598430253,-0.00026996216010839,-0.0134452424481327,-0.00756186368445513,-0.119141345175293,-0.117883735750944,0.0532706420363664,-0.130175798681459,0.00206840842672418,0.00870243826462593,0.0785738289576192,0.220780257706093,-0.00593471505074218,-0.128437143520473,-0.116005607287454,-0.103378410268136,0.219701661274718,-0.134807747879578,0.0691033150907327,-0.0565648516566553,-0.126306076648639,-0.099910284392604,0.139782097875138,0.117790329545389,0.0918526924072399,-0.0408849040057533,-0.205978389238548,-0.0598288130565754,-0.0810728694970164,0.0353945210071959,-0.243045549843637,0.0659342649292268,0.031171376507577,-0.215138036780164,-0.053418864843576,0.133907529937452,0.0940833708669113,-0.306589042303097,-0.12820954623148,0.129039663607385,0.162772072485718,0.242681228466011,-0.051394692662908,0.0848875342510303,0.0368931879379263,0.0766490972795314,0.0211808141921955,0.0338171132068056,0.0977946058366352,0.116754794143575,0.108343952086805,0.226612282567156,-0.0116710138622716,-0.0970703457812114,-0.204609408573546,0.290045533492356,-0.0669774383292444,-0.134333944755829,0.0179573270493439,-0.14587163969453,0.307693530134472,-0.127969158715062,0.101156513662169,-0.103794833258117,-0.0718902724498675,0.153147053997201,-0.0877193922205639,0.0122913987395936,-0.161820424920948,-0.127848983990616,-0.164076495375574,0.158514876724007,0.0650568621641059,0.0201858286913531,0.242971566241602,0.02411955140108,-0.072372728779308,0.0141404975581025,0.109268577683434,-0.166942938752888,-0.0728948711241933,-0.142959715846927,-0.0610203686652368,-0.134760686516398,0.014623100068159,0.0779391204794294,-0.120939167670765,0.139312454824583,0.0615315117735513,0.121824535577043,-0.0220210753638596,0.0441900411618698,-0.0542721901400957,0.0189110142243258,-0.0101896282792001,0.0997125596207856,0.0198730708427002,0.0558449771621973,-0.163709103232111,0.0449176555940617,0.0156893620298492,0.194265935801961,0.0406532188260761,0.0247093533424104,0.0189787136344571,-0.0192938289258893,0.0252162219814214,0.0182757728584767
0.0787843565120983,-0.0383128746204172,0.0477358107733335,-0.0425197234374433,0.1117113333244,-0.0522806340934097,0.199986686155633,0.0219318585911748,-0.00414294895531973,0.043723097191021,0.0673803084531913,-0.0881848368637249,-0.0546251472792339,0.0361380664858921,-0.254742325883869,-0.33344120797643,0.144377885844441,0.11095187765768,-0.143181092477154,0.0560737618653928,0.107545272710611,0.112276436353645,0.0476209418642846,-0.0500430934578057,-0.0811169914444439,-0.0670581229139669,-0.14959748593872,-0.364178194260387,-0.411359764317531,-0.0536210754822079,-0.174704085454794,0.15887337165065,-0.125499411783241,0.0193854126489463,-0.150116081124002,-0.136791755715566,-0.376448067661606,-0.122225205580345,-0.244580803072022,-0.0458376318773878,0.109431767228684,-0.136162502957683,0.0981256376126022,-0.0609550458512611,-0.208020955920113,-0.157573281392733,-0.235196763255624,-0.143209164348342,0.0759955743008481,0.188632769005809,-0.22298073886844,0.146424649851757,-0.0402366483614852,0.0333709516448464,-0.111060822714497,-0.17444360937343,-0.115702541621203,-0.348662781015377,0.0805220963777032,-0.20221481993695,-0.169655636249669,-0.00731763458240733,-0.23410069381911,0.0498842540332387,-0.13540817472336,-0.0802628688216963,0.0265167007108539,-0.0173610633656464,0.177690572141655,-0.098530729700633,0.109372746352069,0.244823609116271,0.0634114221246485,-0.0561668536178157,-0.0769769490676903,-0.186090977991923,0.101528981968535,0.0586365676591953,-0.191000021901108,-0.0776184808763952,-0.00225264143447465,-0.0890425825154566,-0.0586647249857242,-0.0195237133904404,0.0828929199682454,0.016598351439046,0.383681266813626,-0.0519926603397894,-0.18085932734472,0.253420645188048,-0.219511028563188,-0.0648082942430915,0.0672905915883039,0.282073378717113,0.156673802737654,-0.0191957378930075,0.0889344020221736,0.264313488186588,0.0963727458658242,-0.236365793150255,0.0474736048335652,-0.0354510174370016,0.120818235963866,-0.00645081671651347,-0.21637920757329,-0.12073100409914,-0.205146695991105,-0.176290525820887,0.105578924977955,-0.044348995772343,0.157058539316376,0.13665022408067,0.0477422175811863,-0.0157480507119266,0.0971309325579802,0.350710774161886,0.0753320756035764,0.0185088218514122,0.000531019500556201,0.170415000172009,0.145798123388774,-0.0194982868254431,-0.100457192247665,-0.0867313675221056,-0.127341043491344,0.266809779881648,-0.0613380955173919,0.176091943419879,0.190769979756197,-0.164621161321471,-0.2959031934872,0.158515088270124,0.0550886050632075,0.0881539857649064,0.0514985412477619,0.0341635323795069,0.0439541401594831,0.177748968288012,-0.0933066488270563,-0.120829985566732,-0.182174257664894,-0.300172625100929,-0.271895960138058,-0.049636395391726,0.186454720695544,0.0153802521827878,-0.171439930188208,-0.121858600778133,0.0540138518409932,-0.171203637541716,-0.00549825908006508,-0.17145480496399,-0.297952451253571,0.0138192973035866,-0.165547913559284,0.126507373487328,-0.163093558559161,-0.125024740821801,-0.00380453834576183,-0.0349338127605134,-0.0881718189341697,-0.14460332020222,-0.137430480002182,-0.127508246809635,0.117252233150503,-0.01751179404239,-0.00125819486278543,-0.218810182172282,0.31829842741501,-0.0770650890301254,0.217523910927887,0.337769227521831,0.0613786530968664,0.0171794400273172,0.266133119411937,-0.156435643634383,0.179641640540663,-0.00167347044294099,-0.000402180953263449,0.103796344444404,0.0919966852574979,0.281544746090126,-0.00173747147501473,0.0181707046404224,-0.145669440609719,0.0628526151602099,0.238576921411315,0.0398772657014891,0.257964401692589,0.112173494061761,0.298302512548374,-0.138560600895611,0.104938522780716,0.121273981142288,0.0685127180612579,-0.0948114595571088,-0.0706836156505308,-0.0923292173635041,0.202650257136119,-0.0707030039384154,0.0414684491172688,-0.0564119151575537,-0.105002428933443,-0.157047924435513,0.170372263267658,0.13286553828738,0.183328376408639,0.184480413121283,0.024669260563375,-0.0822196514777964,0.0537658232027406,-0.0809576463846241,-0.343992801970106,-0.270513168684334,0.00126811395807772,-0.129524254148719,-0.128466454082831,-0.308602413724429,-0.0229607715056858,-0.0640060439954517,-0.0633739366498921,-0.161110521116411,-0.0223585129914909,-0.166056239679547,-0.219028549426496,0.00565432939255428,-0.0538781147132901,0.149988872532553,-0.154598369371976,-0.0184546871226315,0.0068870371131818,0.147681821109908,-0.0897307697362479,0.222324450255605,0.00192630031561555,-0.0384088349199331,0.0708577333959483,0.0418474386554414,-0.358416501265593,-0.0774846243755687,-0.163086192012006,-0.133984593569663,-0.0864197830003794,0.0917951034765524,0.15046778853955,-0.0579554687640528,0.180529728545319,-0.181335693439541,-0.0618269391008092,-0.10523854727043,0.0883338253178445,0.111173760031423,0.377342306505978,-0.10360847870844,0.052151136318331,0.0479286263941102,0.110382268548622,-0.0520479365695829,-0.235100094543911,-0.136055111797668,0.0397362652375692,0.0748694283362109,0.0935250103708213,0.0854011942767495,-0.0395873467606499,-0.00709908095893878,0.109315570386037,0.0994998592952994,-0.027227411848509,0.139361713961063,-0.342825045271432,-0.109051251214197,-0.177153207343474,-0.230761231345918,0.016028104764936,0.161445118935431,0.130706919225071,0.0872378260074516,0.110239288840503,0.358167229844997,0.170889735017665,0.104169324629057,-0.0841676897396179,-0.0956680619729226,-0.169628723331319,0.0069895065665872,0.049045113436269,-0.0172209830694174,-0.303329387497628,-0.332695818386031,-0.208038698618277,0.130180449314308,0.206233240120031,0.334299496663449,0.256283240794387,-0.0277381886782433,-0.18728026455755,-0.115861846339987,-0.0541325560668319,0.210775102697036,-0.12368482112516,0.0318258242719509,-0.179189084810353,-0.283522426483348,-0.0759452536095939,-0.204064857200067,-0.108228836293499,-0.305384472860449,0.0414861443940724,-0.0645548117535562,-0.0327201515455691,0.0186394000773064,-0.0874387867339572,0.344499729963194,0.0810699256114994,-0.0217703234230873,-0.0174185622501983,-0.0909094391586793,0.0047068860262373,0.0272294192930951,-0.0696912178302153,0.0618996540184781,0.190165106361882,0.251642475788299,0.320311515223232,-0.00415514364532114,0.140194264325181,0.137169703080553,0.0290539776067386,-0.174742099472132,0.170887729206679,-0.0575025020236128,0.183255812778423,0.0857323882278601,-0.061499274966288,-0.216330595663081,-0.15178104488136,-0.0722286400621614,-0.156119201525587,0.255727723340647,0.156836263196336,0.0462076897656767,-0.0446841485364216,-0.175556360948794,0.226084469496653,-0.0412106361251243,0.140990009182415,-0.0768713698668312,-0.252462963483087,-0.0193831352692669,0.0291161906110765,-0.00640056995478465,0.118400782935869,0.0627409308150892,0.173083222207062,0.218766243645988,0.115261823854914,-0.207065080240967,0.248868544041844,0.0285299727338733,0.115280853436146,0.0859617593655167,-0.155264444743542,-0.130435157792889,-0.0385180997956658,-0.172759682138786,-0.202901324703732,-0.197727996610356,-0.212733365497165,0.130367231583457,-0.0619334208701488,-0.227936997160736,0.0339979619826982,0.309967503837681,0.150212166171559,-0.0529620644323505,-0.0726901781517062,0.200267116800001,0.0531635803541208,-0.160584589155653,-0.0716386015315797,-0.0824212686656979,-0.186919112653226,-0.235827891421614,-0.139081103868098,-0.187235780279498,0.0920798901770869,-0.129205038073828,0.0172765239434983,-0.0539313826554096,0.0819687340218009,-0.0606036517614181,-0.00122703421535787,-0.0399681169370799,-0.271307152690506,-0.39519276201228,-0.323130606858148,-0.0943494186510265,0.13917422990249,-0.0291665702801041,-0.179219620836966,0.0104113037733278,0.0979788478257561,-0.130435565862793,-0.201956158768479,0.114534022944295,0.196711911508202,0.026753385285476,-0.015536091507792,-0.0384090016667605,-0.310400848571708,-0.111643745783084,0.204246860646586,0.0303462399157289,-0.261964263014504,0.00540642009124802,-0.0181086320279192,-0.111252913922314,0.00676831643874979,-0.0253773598748456,0.142891175027814,0.117248855211181,0.283026220614997,0.0278934446798203,-0.0195553067820738,0.032658687957324,-0.0789013917642606,0.15962128455754,0.171679070760397,-0.1916047118109,0.121999789244515,0.148118320621218,0.035274421334065,-0.126434942250817,-0.366150139455671,0.0777847276906004,-0.198960538156112,-0.00965464949475388,-0.158477834249135,-0.140363762877818,-0.0222608225301404,-0.237011779560265,-0.131197084752119,0.155775283039225,0.0834184236366798,0.226395177666967,0.0268876110031241,0.0877941008874157,0.11334269260576,-0.014117713691093,-0.454700218557385,-0.0590910712453342,-0.0335891958025716,0.0485483986629548,0.193396142673149,0.237447262679175,0.25390718073569,0.128765690645327,-0.115697467114573,-0.175339783544705,-0.0798116867546066,-0.187783076297884,-0.158371342009076,-0.0303599021881883,0.216454177492947,-0.0428502065613592,-0.114671080441325,-0.0804213752952905,-0.0333210082338322,-0.165634210783744,-0.173919975171001,-0.0622120849928833,-0.136648758408055,-0.0944062657481264,0.137539215447729,0.127685057731859,0.17308017223344,0.228579540210123,0.0639453783437204,0.0485093973906633,-0.0751829222559609,0.0838899568284472,-0.0074997185170943,-0.0873936473276303,-0.116568427051744,-0.32221261415479,0.397532833605549,0.128523987807175,0.166134174842051,-0.181314650492623,0.172824636810361,0.0242183193953469,0.0594505272113415,0.397080860273694,-0.00581772940453755,0.209799534261495,0.164273632269463,0.326073747951154,0.213070356758575,-0.0752654836663723,0.132306743092196,0.289399725566795,-0.309282593324181,-0.073763819722153,0.197510320392085,0.25601221623339,-0.342188305505054,0.175253005074523,-0.0495721836778695,-0.2443479105155,-0.0244992062437093,-0.111935683109395,-0.174982463346226,0.0740654531940238,-0.138356054650546,0.0440569894273779,0.0491169504941607,-0.0190721685317312,-0.0294096457446535,0.0743876733993534,0.0117072854751386,-0.0807914673422366,-0.2543521961511,-0.12083027163561,0.16078221379522,0.10942864786663,0.289859919573748,-0.0772722804640471,0.180928579394223,-0.00747340945721181,0.0406911976654308,0.53084807461922,0.103559009997479,-0.138004590546086,-0.0412221898075875,0.02489130161619,-0.045016432339987,0.116749815295782,-0.0422918318602644,-0.0478892393493134,-0.376767157445846,-0.0200999377712621,0.0586521864013422,0.0372601864469431,0.158128493321988,-0.185246096980736,-0.199776370668945,-0.22704044311934,0.0689054699653692,0.0682623286349978,-0.153341509451471,-0.142996523983789,-0.311350403817302,-0.0714475169612663,-0.0641179295601427,-0.0228810739547427,0.223514874905127,0.100813247068164,0.240087888434166,0.163853014501145,0.0338694329319413,-0.0552826623504952,-0.0908374026300804,-0.369672552745599,-0.333592791396014,-0.12086636148597,-0.103910445080812,0.272154838813551,0.104898868122997,-0.10589170732115,0.037966164223685,-0.0244882075910789,0.0234582343203627,0.00593641575983173,-0.0135056609589321,0.179023104536406,0.0751352567129935,0.204107610816986,-0.0672621919990233,-0.134179865011256,0.0808015158662359,0.0961778678952249,0.0483052586258928,0.0266305844836685,0.112576609054632,-0.148518216488028,0.098846699771222,0.0157271870277182,-0.139287075430448,-0.0337196032654959,-0.132833265963155,-0.0615312936362521,0.27636333927575,-0.136797594294215,-0.143516259883793,-0.0471170859748782,-0.182091428850039,-0.217974758720145,-0.239491391916898,-0.00881207823804639,-0.0195179924215109,0.0635244817496259,0.192493780612008,0.203394342834313,0.0764914716375672,0.030807325360378,-0.102042556083568,0.0407143092679663,-0.0743217327821867,-0.0870295018231786,-0.238171099014048,-0.0849236615442443,0.0301829359496714,0.131605475603323,-0.0820377891935038,0.0548405677905265,0.0645876908421633,0.158669949730171,0.0479828017799193,-0.00104131315670325,0.0757667426297928,-0.0332772245572201,0.37719855983446,0.102957754983895,0.103147269760656,0.0619217437382984,0.0925087215346092,0.0312848984136095,0.0573709912917023,-0.0413995229086556,0.159318944131791,0.0592864775845511,0.271224845181014,0.151345548216516,0.0177338711225565,0.00934251657199407,-0.0718593701273414,0.045406350141856,-0.0837758791740588,-0.435225674642481,-0.105031239709739,-0.0799379400259238,0.0982395164756071,-0.217340392372381,0.0065915631317174,-0.175267892789621,-0.0198578664473244,0.0283274341196354,-0.0850094631329454,-0.152421777456641,-0.292839067091306,0.0946514492336138,0.174453022064605,0.192619245322305,-0.163025342474257,-0.00409287711229793,0.110906369578042,0.043183076308475,-0.0586833895893233,0.024413920048044,0.0784908295527201,-0.250135311644802,-0.0506477141358161,0.0719794520155296,0.102273373851246,0.152555420270167,-0.0882498084886075,0.0268525306024901,-0.12849605545784,0.259346909020672,0.16279697708667,-0.0373694682591559,0.259007151779559,0.162244546161255,-0.169620160163645,0.0989662857885316,0.00948020187729497,-0.0822975283695506,-0.0144853299638046,0.0760805983187889,0.11278155661555,0.309433132438442,0.104872960195027,-0.0182357432406338,0.237406132598323,0.254268683585916,0.0609656877722018,-0.018250216954966,-0.061234512987885,-0.0412767473423086,-0.0916754888375513,-0.0278584111360652,-0.176482953107708,0.184112988482732,0.154840092856782,-0.0595435126268479,-0.00817927602672577,-0.015828826975664,0.143282119885621,-0.166046133552366,-0.223957993732719,-0.161658117697748,-0.191468533655771,0.0518075554304675,-0.101369503696872,0.13981446197151,0.12564242972152,0.167420212453805,-0.219536535591876,-0.213871043237994,-0.336207897530503,-0.142691660631146,0.00404545701012338,0.278116723175122,-0.181539116811018,-0.140516186469792,0.129621705214936,0.0107326847259465,-0.00302916576389092,0.252360349148703,-0.286289826623027,-0.135636703093697,-0.158814258147965,-0.0941380033929611,0.195283766675679,0.0218471336888094,-0.0821266727574244,-0.0401945225508268,-0.119604124243002,-0.0681580907119349,-0.139112178140197,-0.216201217816598,0.122917587646231,0.283020216981027,0.0334888188187783,-0.148935940192674,0.151162092498261,0.195288571504303,0.0142157093882275,-0.012143041492772,-0.0336768565245028,-0.0312231500687992,0.259470320215707,0.177113356087894,0.130830133392849,0.43482917590698,0.0485915917326522,-0.0932769570651995,-0.0139978669641184,-0.199925044094835,0.126558807252952,0.128524446907089,0.207259778125626,0.479811729307598,0.260308707070704,0.0458927985672845,0.361669011923892,0.364628617578519,0.097755645107676,0.314821494563295,-0.169006755283725,0.0341951231575259,-0.172242530479653,0.0338386833172048,0.0769804436039636,-0.167844454013066,0.0361048682756764,0.0774402358260345
-0.00320325801529833,-0.206036823044387,-0.223307496440071,0.172638101060937,-0.34080412502737,-0.13104467494011,-0.0132409271861954,-0.0448273252745963,0.181166249814066,-0.202096454936019,-0.207768421103587,0.039016369925043,0.0851306935674667,0.014300435076793,0.220797606003692,0.0616827813603574,-0.132592843025873,-0.105162250914642,0.277163409852702,-0.0941210378694328,-0.152164489389633,0.0326340820136924,0.0975658830082202,0.026600898711396,0.159120050018535,0.261493802222751,0.252089823627651,0.0706134248187046,0.371680121661312,0.374684672804722,0.268888192721391,-0.205923524689716,-0.124036326582048,-0.0299189825843221,0.0519052198151721,0.173620624569785,0.413346563847249,0.351131050109306,0.269542848616376,0.214875578452786,0.0813259928900347,0.147488209990725,-0.379982910278128,0.15656595925428,0.175398723840241,0.134149430458756,0.296834213799301,0.085926101065319,0.124461244110631,-0.158476600215345,0.212290062214345,-0.166236252122778,-0.0513022875180479,-0.0922340209906177,0.193405066676768,0.189457314214118,0.190048698462116,0.632382759646091,0.0922799408728431,0.280464230357306,0.36653593464659,0.0225522723243005,0.0233928832106606,-0.0295074965551987,0.0799480333619778,0.257452165290801,-0.226721187340641,0.00902075467904818,-0.25137145465831,-0.101681828868383,-0.038092225616033,-0.15559702525349,0.118994840070638,0.0567029840692222,-0.0269467261517725,-0.0632612687059103,0.0322014188539878,-0.231494501528882,0.107487548551656,0.136662457755099,0.0505202064792806,0.237024514968804,0.244398500554874,0.0349158207165648,-0.0756272487103875,0.00337343871192409,-0.120751387145927,-0.132758377977296,-0.0212645628580765,0.101166484108742,0.401133056447947,-0.0325599668002722,-0.0702838539890029,-0.264462772572102,0.0043916630521851,-0.0548214776516083,-0.148280713265759,-0.246346751252573,-0.159776062168782,0.273912408393789,-0.00767442639442191,0.0878032133544492,-0.109033535269064,-0.0887288851828144,0.106889825750515,0.0785871684534062,0.24422470306358,0.457373015681975,0.100222225893011,0.276617351789868,-0.191056809267164,-0.276394999337472,0.106463473591979,0.128701884430813,0.0439785043597609,-0.29842031536315,-0.129194102428803,-0.110242204133781,-0.088617276220677,-0.327064271426979,-0.572701668206344,-0.0923211600058496,0.145916528962781,0.411550806970119,0.150880235676331,-0.0958168310420184,0.0618546473510976,-0.180017351950265,0.0131617128260644,0.152801833093824,0.410217665839762,-0.236399180027533,0.0789797129934551,-0.0658200623039508,-0.020590400838936,-0.187800250057562,-0.367674219028661,0.0631077219147842,0.199106656758635,0.23818495989404,0.109685608244617,0.310744886501562,0.261301590866905,0.0418173714169353,-0.14171499032796,0.121402265240903,0.0848740444093924,0.193952585986756,0.190133468748712,0.264235968671519,0.12693633741264,-0.0748825648737379,-0.182522309076738,0.00634771771095536,0.133200184049044,-0.198784744198203,-0.135870972049474,0.148068185554924,-0.222487061611344,0.27022769138397,-0.0543871261402793,0.0266465525265072,0.186980284479979,-0.0308570312235572,-0.0438448680143443,0.184463610970752,-0.153765948371644,0.252141900929322,-0.0844276738395772,-0.0947209511982433,-0.0207669846082175,-0.331695381634556,-0.237796066011648,-0.299101942994222,-0.514386232328784,0.252703400504131,-0.101018255407132,0.16584202534699,0.0630794754193703,0.128646928654361,-0.0861596265150193,0.070584394266329,-0.137887912955191,-0.14083494600984,-0.0920170725190215,-0.124015356632875,-0.153836987927596,-0.0558867508687191,-0.366645117087097,-0.394287082474035,-0.252962781905577,-0.0526668543253775,0.0422323901332041,-0.350023163002515,-0.332813460750463,0.227502522694597,-0.13573515895316,0.135757850111554,0.0405585968260631,0.0545793395405392,0.067428095813678,0.130586138242019,0.230609499912352,0.0434112691504534,-0.245699683292157,0.133544584095153,-0.262403970422577,-0.360738799897464,0.138362693836014,0.0872173636557244,-0.0858814787346218,0.193637494971768,0.390130741677728,0.071904459380737,0.263704512784295,0.143770210614895,-0.0665427868844012,-0.00198717017183958,0.118076256769857,-0.0638696532318456,0.194625010137022,0.0661777010720458,-0.265443654724079,0.323225599939696,0.241046933028918,-0.0319923385790429,0.149405504964923,-0.209593632900663,0.250777546798203,0.129904275058845,-0.212939096982971,-0.173755967860974,-0.0152050394472256,-0.446996131844529,0.0305144574503994,0.123069818761644,0.144158853710496,0.229187770142285,0.308848043852861,0.335237922329194,0.0672589130830081,0.172940893687685,0.0858683908318561,-0.136458477311168,-0.169637056341071,-0.0136707488865309,-0.258667093239413,-0.0709214709389799,-0.0874689796371959,0.120705698559802,-0.0841198722586537,-0.00620721504291738,-0.0709285698312581,0.0430327710286922,-0.161279473353992,0.171712678391022,0.140748419539794,0.253613536252115,0.357015533482685,0.136090334324368,-0.0660457553397221,-0.0962940420892004,-0.478671709416929,-0.304169249546298,-0.0109635015205346,-0.0890309190829747,0.0568046013031029,-0.16102890484971,0.211152113297454,-0.131767600112149,0.574561408233459,0.420294266287001,0.080846712898576,0.251857276939658,0.0160087996310432,0.0422816605516726,-0.0715678283599275,-0.203473133751851,0.0216833826534023,-0.530396846186481,-0.219497476842838,-0.218008581890897,-0.060882487719935,0.177257902504859,0.149474542223919,0.168912643978994,-0.227759709639043,0.0265123116421426,0.198250532746516,0.403376708597466,0.440459376698094,-0.211244168260131,-0.284884754387272,-0.287758186147189,-0.20821422485973,0.0926463887284995,0.18646251743545,0.0595211628810022,0.190951626515095,-0.096269244414208,0.0491165897929227,0.0275030922387965,0.16543521170349,0.262805944050602,0.14537153529362,0.573540200446489,0.251547542650792,0.238774649308229,0.0532353546865149,0.0784327888943425,0.116150041791178,-0.0838294241058543,0.123574352003898,-0.0953046749522404,0.311299551394164,0.0860546504676102,0.23785699829459,-0.0487175916064866,-0.08855552413795,-0.0645921646118644,-0.0176762888639249,-0.233461226281674,-0.171674261273691,-0.362982076046714,-0.330384098401658,-0.0853754650599139,0.0960551576151042,-0.0719520491076129,0.0144058352487692,-0.124742589740245,-0.102366679241953,0.193389639657747,-0.402083617211154,0.0613550763667759,0.154966637527058,-0.0373669836340384,0.143473656830772,0.184638144982332,0.15073943619204,-0.226152429342035,-0.208311366789551,-0.0221517330953693,-0.0223508137734131,0.145917734984741,-0.254200021014841,-0.169089282005989,-0.15250075059697,0.0620394058311404,0.159427834909819,-0.131476727614221,-0.163590176531501,0.0660485818064607,0.0123549932290162,0.0726651470430928,-0.425397919016467,-0.236844190894721,-0.304196130480554,0.0379174874686031,-0.0671420392479532,-0.143517447463444,-0.187986324820363,-0.198007603556693,0.388771868084313,0.06877708758535,-0.235973445579128,0.399244661768485,0.341277203223839,0.356381491347111,0.135635915119485,-0.337923449629094,-0.161551837440132,0.280779120123535,0.0731540093535878,-0.266139361215351,-0.138080053303048,-0.0754937340565478,-0.00397021346892998,-0.17561804532736,-0.214513773317985,0.185091529654887,0.0933044107365771,0.117355587682045,0.175693982098286,0.332091247318211,0.271608810577333,0.166816759145691,0.0489041241990663,0.16485917503392,-0.00454196531379376,-0.0580384804440329,0.167246687157886,0.235990340929972,0.177067686810024,0.366473069338997,0.0482610716386041,0.343039913570712,0.274686844085358,0.189195444520576,0.000171536692199277,-0.00227881498798317,0.203667390512183,-0.00476662496935309,0.0148928292152154,0.0516081131798086,0.234529984331366,0.260438094206713,-0.299128632189297,0.0842692067332445,-0.182129697088175,0.317163590668909,0.393634424009393,0.21964972319415,0.0816397188685174,-0.0377095447527416,0.201719988494603,0.0698912433883468,0.0670211062622028,0.397961763837212,0.185867697328066,0.00397854436236854,-0.152828716073175,-0.0633011844113104,-0.321663261946229,0.18036319052316,-0.224279024908334,-0.274116118692595,-0.0983816091774908,-0.0375598104095055,-0.389576763019567,0.180999882725448,-0.0926199085367302,0.0288856606144176,-0.0340393084536627,-0.0100488967728736,0.199147784785838,0.0546890243776673,0.0635662551336465,-0.0767524464026291,0.0829322786158562,0.280393920194362,0.0281505921917208,0.253048715324149,0.069244755854762,0.117727927594146,-0.207875477225604,-0.348358078056719,-0.218498025461113,-0.00234170378909437,0.00959945692939777,-0.0738130013449799,0.147696623649109,0.0470378135805319,0.0910891833593887,0.227543874395194,-0.134992399591736,-0.109858795817941,-0.303150384642216,-0.156716028325878,0.147600874628064,0.318536086082625,0.117451420089844,-0.107530044572068,0.00705742459372372,0.0615083788695619,-0.121717572008883,-0.27528094063254,0.108524668254531,-0.081171709464488,0.189033741801124,0.195814355814437,0.290396039066856,0.231197175297282,0.0424077310036368,-0.0848535211093016,-0.1758414954289,0.0143001481590853,-0.129346461145018,-0.092168870706745,-0.229417680672763,-0.0526496335307327,0.417187750109479,-0.173462466331519,0.163730608457271,0.229405833104258,0.142286841204009,0.397770885700625,-0.357706101645972,-0.314053146422085,-0.275125190515432,0.0534824703796024,-0.160101320575785,-0.27356182749987,-0.179488208864641,-0.0863085806093272,-0.085476771765358,0.113976163743911,-0.148753364905469,-0.121090324635937,0.00689412570486945,-0.111560869202429,-0.117643374029271,-0.544007454392866,0.0932122733487443,-0.078887909041131,-0.193823699550329,-0.0648040513196473,0.346046787010786,-0.0119499909796806,0.143289629045743,0.291933510263017,0.185792262897268,0.129181139029025,0.14161953821392,-0.176602445548658,0.145956542824854,0.140282066443204,-0.0360395884365562,0.154773661495264,-0.0296614843459937,-0.0758040446531215,0.0512458566013688,0.184438859551772,0.328852041954966,0.24919601460537,0.0879771292268887,0.281222237063409,-0.235197966938221,-0.133251734299998,-0.049998631065595,0.129929101628737,-0.00228523253474491,-0.478923014562225,-0.157128911212449,0.189799596885715,0.00474310250490714,-0.138198417472638,-0.0888762040782399,0.0685056529913163,0.119977428575821,0.286510433984157,0.338943044553762,0.294216587400617,-0.227165377369164,-0.124526006588751,-0.0335772458641144,0.156697840816379,0.258395134380901,0.27073898685419,-0.154827932417574,0.307557441213033,-0.0797638866000288,0.24857212772634,0.23605654604952,0.188850483704702,0.236346020027432,0.10015145288921,-0.0337645592806901,-0.410096599050394,-0.00703457772602681,-0.0138026824760618,0.0242335527223394,-0.157723911255229,-0.131192763079688,0.585115070251099,0.406841239728131,0.203930172929064,0.106029294661774,0.143637139578468,-0.407355584269382,0.0542243280853816,-0.230687698909809,0.0350819776933822,-0.135225459604856,0.0725911651500264,-0.015187801519942,-0.381542453784345,-0.16935363542227,-0.233613216524638,0.0344812350938076,0.194694595860028,0.194103059811228,-0.513230011685963,-0.167282268444129,-0.0361687568787809,-0.0556381443425589,0.0598442962580798,-0.134408579165905,-0.0938994983629701,0.151445403146774,0.0943663759905323,-0.0658928253673301,-0.14467667879616,0.0724895162891438,0.360695924913513,-0.0363825479336298,0.108470040931309,0.231252430454171,0.193010755651831,0.139158459055063,0.273600063419295,0.05588747930518,-0.0520452607994832,-0.0119225554980121,-0.208857486452553,-0.201612549360226,-0.107119834576935,-0.0936519683028389,-0.152808246645713,0.102194700189924,0.0502044828665251,0.327391725552944,0.194693867059896,-0.283468865965361,0.0314581461666061,0.144627590658687,-0.304962133965621,-0.262421839280999,-0.457845356820098,-0.107214615971026,-0.0211880573138239,-0.146293067042229,0.203420203040209,-0.344857475021753,-0.21995179510953,-0.421154145087699,0.0527030723325377,0.00696948700788141,0.25222101176071,0.0582459053244784,0.0110060845345574,-0.0927609186720356,-0.117367572441426,-0.239728727056306,-0.310285702547559,-0.0555517256769579,0.155631006142069,0.0614166366514418,-0.177592846104446,0.0185115017952915,0.248051183145903,0.163586709039376,-0.0403881055544359,0.14025775956977,0.265537231792562,-0.207390957265176,0.0821520332682288,-0.0831037499604484,-0.0248455814198403,-0.00796379980975679,0.266840621397601,0.305983837640441,0.0232035072618559,0.155274891279671,-0.161334525934336,0.0518202539349539,0.0681875171281294,-0.207985656426088,-0.231487014338151,0.258590216143563,0.0561524561936286,0.024519015631997,0.558335972402522,0.0747418403122975,-0.0767634069524195,-0.283278565385167,0.156893707356719,-0.00573979181951228,0.131621038754554,-0.0363877503980351,-0.126572993732527,-0.133119739597462,0.168378642913574,-0.472510958791213,-0.0842812626246584,0.148720697644354,-0.101409424098922,0.194359570059653,-0.0176328079627718,-0.0171828084843651,-0.267018740569343,-0.392894532886318,-0.339275465542391,-0.318345685072212,0.142783470323816,0.0238214078379383,-0.125260849735252,-0.0335937024548759,-0.349908032943412,-0.16011293777031,-0.0882092100993558,0.0202139833752421,-0.103477482180574,-0.163830608567589,-0.232710558676179,-0.231174970744093,0.0476027553786654,-0.144138559707372,-0.0227014622969359,-0.238583724637266,0.266549768773789,0.344597165832135,0.245210790729768,-0.0145776664726183,-0.167611983786333,-0.0118835808681857,-0.120888969119585,-0.136400425037514,-0.187547245228943,0.157561359137932,0.214449317281404,0.476872641583609,0.237708195544202,-0.017482719545945,-0.199292126518632,-0.0753915334503471,0.303862252610855,-0.0670722225478967,-0.0529405953347118,-0.250217745199,-0.233068425317571,0.47451555103723,0.164501986264347,0.358773004812378,0.238148110115594,-0.210244885237345,0.0600767670375187,0.00926565363670315,-0.0312860362977541,0.183219596445303,-0.141656942330662,0.253545819234122,0.200770404692363,0.0390078461914654,-0.0740921794650632,-0.131431888295993,0.0780766209824942,-0.175051795769673,-0.156881795791238,0.0305046548910161,-0.0774396327751997,0.174144580644483,-0.0946124524380078,-0.0225650058398305,-0.200638616913672,0.018114724778551,-0.437325384937064,-0.0434773378795718,0.329075620156461,0.204780614131106,0.176365084719915,0.0221071145521506,-0.116066733135046,-0.345638552679346,-0.230797032273961,-0.114235561229568,0.159088922573619,-0.353902969985181,-0.466612224990959,-0.331769923337043,-0.279203902061969,0.127819965140826,0.232571118703457,0.0936574172293689,-0.0589516494696542,-0.245944738797782,-0.0192942672833544,-0.136187051685073,0.0212427694922236
-0.0791428990791558,0.248554995227785,0.132702095913201,-0.261970482618448,0.121281457152698,0.0204992629214972,0.364613968232989,0.323685250920978,-0.112642737938821,0.124261083698697,0.15192401517865,0.0310565905701408,-0.237284753820596,-0.182394193115133,-0.299398055342,-0.0239727541270694,0.310591736783458,0.0221017236617614,-0.295255783836365,0.00644508178757383,0.220205976047051,-0.0428568259921158,-0.0608507621003631,-0.278457860854795,-0.359533400021287,-0.384504204218422,-0.379053000047654,-0.0968539864672479,-0.710074304000318,-0.260620004542574,-0.367200513009689,0.303263275354519,0.343909735949777,-0.168080629343788,0.10408041521391,-0.243621951890919,-0.761684029194795,-0.340926083191601,-0.34790060906469,-0.36440160485062,-0.273307973529235,-0.253169698937503,0.164945771250622,-0.0892135519351323,-0.202398201195897,-0.343041599471373,-0.578168519253148,-0.128253902893737,-0.108045139936106,0.119008626392519,-0.238508370952639,0.118299456350885,-0.160492200930755,0.108708205132902,-0.159818459417456,-0.257523511447903,-0.322144034522363,-0.265261522110233,-0.0974621438788102,-0.0205796274725623,-0.638876333766806,-0.274372469012152,-0.184092941178134,0.0138431565595473,-0.115812455448821,-0.407244431231026,0.113619582680883,-0.115707994839816,0.141783208281023,-0.0243437261769531,-0.061954661761312,0.121392533675602,-0.248273558271281,-0.11113896941107,0.0463136605111363,0.0557030051670061,0.298327327209881,0.231794767611694,0.0476240215616719,-0.0583747676272041,-0.000982135184885533,-0.321916411613062,0.193615048604595,-0.116664524138334,0.0589385543807719,0.0992047185940771,0.248513743477701,0.0958188253476725,-0.0820833246906993,0.0475591278489384,-0.660886298286521,-0.301281065851752,0.271300298102733,0.495901072952703,0.0813701479289505,0.266995611004975,0.0714694236409779,0.749832728847788,0.171458720349302,-0.201736825835481,-0.194102148642375,-0.00758217730214855,0.325368687399261,0.0257807913165807,0.0498848370846405,-0.446620038867766,-0.351138831188425,-0.323873736370669,-0.183211216674013,-0.0544455555538005,0.196547960701831,0.266215118157033,-0.0320688251211789,-0.0346085485153602,0.0303626081258283,0.16783556620605,0.287023387149326,-0.05230299588889,0.320880643306077,0.490164769848352,0.422392702313159,0.215352636006783,-0.0757184810241086,-0.127286502917073,-0.0367612548871376,0.151813987096774,0.0679999441052339,0.194406279321251,0.0567335058640233,0.0845573423722774,-0.562908534098249,0.119107170463964,-0.136040375937808,0.153036035271943,-0.0495522869643917,0.0583595929245204,0.209333372605769,-0.0865930581671621,-0.0842114084638176,-0.320332431627873,-0.36313704782741,-0.503557539973489,-0.547248781721873,-0.10000109961624,0.21933580553286,-0.0940184135846246,-0.16163214649841,-0.229831069201842,-0.198693297265773,-0.340895515530554,-0.00875333476727352,-0.0518994680068019,-0.176824095148287,0.0931808948023929,-0.13446048550626,0.229605327374953,0.110368905683334,-0.0766317518584161,-0.0413463945557603,-0.15116331298211,-0.0660785015072267,-0.0694699330388598,-0.372795382465031,-0.0834161419398709,-0.100706942841167,-0.0971521630216558,0.0272705750768421,-0.510362609383833,-0.0604567496318193,0.306418714693146,-0.100644639758664,0.519137433715533,0.387816567080667,0.179341834547583,0.314070711589969,-0.0280935465236324,0.178112186135588,-0.15548739657332,-0.0991579635002412,0.0199308947554204,0.127674023184786,0.0812693750582507,0.00861314742436876,-0.28086956351591,-0.0930536510977141,0.177180220360578,-0.121300201756407,0.00613333316448192,0.33959272086645,0.147254771875117,0.227001060514105,0.0895553240902829,-0.0101384342437026,0.286632497187084,0.453676683385312,-0.213485732622462,-0.125093450293227,-0.0807061275923467,-0.0959312405841059,0.0327611718545213,-0.139017635577754,0.184708099786225,-0.390793407304815,0.0359597687716136,0.280056818935433,0.138377217314095,0.280487735482579,0.488645162360755,0.151083728198408,0.0152756590735791,0.123493881294749,-0.218503988635688,-0.678962104731088,-0.297577283048607,-0.218748743878917,-0.0749512139454768,0.0445069701282878,-0.346983232729738,-0.0933271739278416,0.0373632999295419,-0.287778742669003,-0.113228893521899,0.0887043724961498,-0.420662926689471,-0.550454972514287,-0.0982373556981108,0.0515575459114863,0.397545364117802,-0.0352058138763011,-0.288045776267659,0.00458388546808874,0.166500118418179,0.231192221251126,0.536094741470535,0.298336221606781,0.0198722944021746,-0.0944893780612641,-0.311620889727488,-0.58205671160815,-0.460328020077498,-0.11322198288932,-0.113844891559516,0.00450841125735696,0.168763310378003,0.186422409561105,0.101279824359127,0.507508718561837,-0.398644647933642,0.114725272987256,-0.101299838226591,-0.0771527733706201,0.389301921733654,0.284756948632237,-0.134842102428757,0.0824433009276834,-0.233590270092359,-0.328272730945853,-0.445517287131512,-0.536471968010836,-0.289651552715486,0.218810072519574,-0.0247376693335469,0.390961199381691,0.101826142388056,-0.121153017398419,-0.058752756180657,-0.0250090440367936,0.158217914939109,-0.220668336000677,0.0615070953307312,-0.499846513713547,-0.608053962763796,-0.298910786829565,-0.27232913779187,-0.0614398934071405,-0.170964059210689,0.111423346510215,0.347307173307784,0.0635177343285155,0.343188551316837,0.429459326789336,0.270040820241623,0.208984160648533,-0.27678960100096,0.0105077373753925,-0.0171025368860021,0.138977776996018,0.200532357385757,-0.22007440020441,-0.394319661601426,-0.31494766175839,0.252684540508052,0.130417182745154,0.38593317235067,0.28034462739361,-0.113381754155093,-0.342708674232284,-0.194123738941515,-0.0663881389120552,0.129239148104285,-0.193270795064192,0.0305678001263423,-0.146570591571064,-0.432498727849834,-0.0603564260379345,-0.574352539058095,-0.378176534366266,-0.331361701305891,0.0196853004233255,-0.10784934204219,-0.199884256361896,-0.0221568275851302,0.00484365358444592,0.209804458000184,-0.351460554038713,-0.133579368973379,-0.00184754420388453,-0.0140427030021145,-0.0624847168327857,0.0906211069845695,-0.0608932603566087,-0.000953242779490132,0.0386195685173223,0.434269448181611,0.572990876132594,0.0941468065578036,0.0721986022809973,-0.0402894871177224,0.00118029962836098,0.149479913829718,0.131392520617308,-0.153969337671129,0.306631592229954,-0.0589929126195563,-0.129181736203264,0.114592799840178,-0.373637406878175,-0.191642632837518,-0.166278411995654,0.124466651132372,0.299735189466695,-0.0046052425006356,-0.105669184883818,-0.2543941512217,0.0514226446176283,0.00884853197585944,0.149407799972779,-0.247151238316445,-0.359267881049106,0.188803110479787,-0.102784810396259,-0.376800542204671,0.0399792992750018,0.232829360755205,0.463167104509096,0.549418858598779,0.486645263952154,-0.102872094355801,-0.106291648874232,-0.091242532055419,0.378755243541068,0.0620304948702743,-0.363059790161936,-0.348749132937325,-0.144680181529745,-0.434079149138471,-0.286005872057009,-0.23718019732033,-0.213992510407664,0.1880818478179,-0.0498343406487975,-0.300868202777809,-0.0133975089884735,0.345226172026967,0.119626497120677,0.0628850209647388,-0.0952359465576646,0.0724870957030642,0.194854665545913,-0.121191701647508,-0.239840102124158,-0.357463069286337,-0.344671299090918,-0.483251662188878,-0.442968520966646,0.055809820152698,-0.0335934372772742,-0.268972178467573,-0.262259438464811,0.030800362875635,-0.190362676617722,-0.24739237419188,-0.192892785138296,-0.207056980336701,-0.103769403333159,-0.419070109834046,-0.477999886306556,-0.366170983779646,-0.00999186952839336,0.0229910572254447,-0.279603807602952,-0.142313777718923,0.000160710182649439,-0.297996259232416,-0.184998176682628,-0.111586273010051,0.215639655168121,0.171982667067618,-0.0585914608017824,-0.277202500169885,-0.733581532252146,-0.306508943259623,-0.156418796456275,0.212819879772653,0.0596914489815815,-0.192164851002937,-0.15075382562527,-0.230926864735253,0.0747324360030235,0.250079451276383,-0.00568264185821504,-0.0660279169214237,0.368295081791287,-0.0831060036062642,0.0964599954863891,0.125175225236788,-0.0672298462227668,0.177744924633479,0.527558738048893,0.0804444872547037,0.168747210981323,0.0249184459244133,-0.0327122074895694,0.0581414951411859,-0.194883630076539,0.0513215957474579,-0.124453009508425,0.0469368534505895,-0.104422928177159,-0.587549562929722,0.158631598116603,-0.0654533649049493,-0.324607115221043,-0.106142428377396,-0.0127491916356574,0.199850338454438,0.204915691070388,0.12429797619896,-0.139832090601171,0.0859953425587399,-0.435364417689162,-0.444352360346931,-0.302733965510055,-0.0852690204843933,0.0658708617755042,0.162873106436931,0.322859407728271,0.0335241807385824,0.0578570154283545,-0.233164757780062,-0.256721445262922,0.00949016070844001,0.032098306219922,0.175534622945868,0.125248781562106,0.33021575921639,-0.0235273428894401,-0.169482091159179,-0.297946915153683,-0.233325559648229,-0.184758661535219,0.0525526057265459,-0.271508995628469,-0.127949496402919,0.110535439995044,0.00928395992422373,0.320470089953968,0.103511119202989,0.0995376202270427,0.363686878895557,-0.355901146331486,0.112117145646927,-0.257504567803422,-0.136866697568036,-0.109291275815033,-0.462579929600499,0.526757911625172,0.167609436635298,0.237861564421411,0.052390280670133,0.282018689439165,0.232742720562103,0.214879460839002,0.0942331582600054,0.382341836168409,0.193409236436552,0.142993550199392,0.262020284417598,-0.0627633709558769,0.107130805483213,0.101831589201846,0.545549117117723,0.0100172483793676,0.0221290837699828,0.0376792955407078,0.0963177636252861,-0.3821003849435,0.192836013588767,-0.0826322263984233,-0.37340055244063,-0.0117617751643655,-0.0432990661282016,-0.0880215289184363,0.141387863543035,-0.129387457552248,0.0690194439902868,0.162808124140995,-0.312735490446926,0.0242299760540998,0.0519607042573503,0.310688796772613,0.050429135876661,-0.467248619267023,-0.351483887479669,0.0820338981673496,-0.14954727960428,0.172858997169643,-0.098715088261577,0.0870606139783105,-0.0027015352015688,-0.0132261987903923,0.597654151010616,0.34112578100004,-0.367540916914548,-0.0797524753215392,0.217444370234214,-0.0243726955360444,0.203959500135616,-0.443767688733568,-0.330766167557177,-0.433042344796211,-0.0225269997594482,0.34092826179569,-0.0951092122096,-0.0529009314243164,-0.277783989065758,-0.1951798965724,-0.404017391552785,0.252550111538696,-0.0704413730331964,-0.0758757750237877,-0.263484313407372,-0.491085347407975,-0.164702208822211,-0.49963581588871,-0.225839548837424,0.111983833409103,0.455576444955076,0.375508870063099,-0.0397449740217886,-0.148790415370437,-0.00519887581706795,-0.0850980530289457,-0.494116800087472,-0.616569065649544,-0.165952387953536,0.0960884677736092,0.0516850976334252,0.203678044483377,-0.0447951013358186,0.143797910889957,-0.116316179455926,0.246650568095871,0.0821707145269778,-0.057079983489067,0.26748572868446,0.170207347250521,0.16090836047621,-0.026040602781589,-0.213943921653132,0.0318695785386162,0.449230230742112,0.162541624577604,0.0333722754831939,0.230076278950114,-0.180389676758695,-0.00546020319945879,0.0652945217931112,-0.267633251411909,0.144706688274797,0.0600014212525755,0.0466488309715733,0.0680408560463595,-0.365827296364363,-0.018929543632647,-0.0021608056036049,-0.297718159621682,-0.329156874151378,-0.279219321992893,-0.15892543646482,-0.176161531311005,0.195826200944567,-0.00987959194084884,0.294619177255407,0.268679448478721,0.236020057222668,-0.0404745419897002,-0.0589743033265565,-0.0999207035340975,-0.0364165880840826,-0.477237821633134,-0.0630609079569506,0.113367311724939,-0.213930702893705,-0.0691475739022227,-0.0128292645844219,0.376043492262047,0.371513682909455,0.0607859007371045,0.120280940749922,0.158584956728136,-0.099338100084753,0.308478173096177,0.214137336679643,0.327913716208208,-0.0111875835408623,0.235253404336543,-0.0825824574769661,-0.140989115941159,0.173745128506928,0.146756230952763,0.377540269406322,0.270205558484722,0.422037707900723,0.127991919990725,-0.294873819342352,-0.140712176531356,0.141898766789806,-0.0132012133703287,-0.430440553513304,-0.45173371176697,-0.0316587629414848,-0.265161334937003,-0.299744739632706,-0.00647315855869018,-0.290201525558519,0.0183044741572993,-0.0779819841489115,-0.0419351829204091,-0.716791743277353,-0.367446777448709,-0.0656071368491614,-0.039549217000554,0.119874581714896,-0.110879546858258,-0.103707314088831,-0.0372103623522085,0.0877014377396986,-0.493380636088919,-0.0592175902496152,-0.181194378580356,-0.463528454821167,0.0286961376974528,-0.221089258345819,-0.053232544287167,0.00384359129012155,-0.0911102422912431,-0.0242540077084951,-0.134444197161418,0.143138240723951,0.319217288618696,-0.27987174452948,0.188884599652372,0.351418065759481,-0.0469331950609902,0.084740334822286,-0.0467095344235496,-0.138049926938377,0.130657358596909,0.123362890776401,0.425583115591313,0.274320304203961,0.280249927045173,-0.201919249971551,0.0522012833509051,0.175974700599924,0.215964704959276,-0.0975548435429938,-0.0808629377528863,0.0469591809753861,0.000299387047881017,0.0792518419363421,0.0824086283288945,0.376867518007619,0.180408089373008,-0.215836307297235,0.0970132082054465,0.257832276642612,0.151823453836107,-0.223256009537992,-0.197901520723318,-0.420183016570124,0.153331383474739,0.162927360017507,-0.239564560429246,-0.0369918746847716,0.231618274295549,0.19439520545714,-0.17463530961263,-0.544146028289879,-0.507265570098401,-0.209638919607571,-0.0430299790388674,0.259702457558492,-0.181372181702145,0.0466184056768662,0.22632557195944,0.3084429004624,0.366117664421434,-0.0753168706283146,-0.474261352806082,-0.169723775670941,-0.236420561650025,-0.172982974817342,0.461980795718492,0.0517052217078031,0.238327488359661,0.120422104983532,-0.34819074210412,0.00697859048072349,-0.179194543503804,-0.248644339990523,-0.0638340231347336,0.424364330418102,0.169705945925739,-0.060179716839856,0.0219896433568686,0.27117489963024,-0.100126804050746,0.0797765396421603,-0.0227226108128927,0.05445959642617,0.411740406736786,0.322876448419682,0.198656106744034,0.36357635365219,0.0456389127263576,-0.328803597952421,-0.0787599400233809,-0.234253495995553,-0.122856907743462,-0.0145045399569952,0.261004778521558,0.451407335608396,0.246153742769419,0.0453670190358642,0.61861493606556,0.582085691665903,0.334509079498481,0.291002074581178,0.0248868761026763,-0.267749547181391,-0.141127933088489,0.0958199182562521,0.046350215758352,0.15584003105605,0.0852857742245555,0.0154159959186744
0.294513865783798,-0.00208701488252036,0.246791428055312,-0.0946030006737382,0.140293061495242,0.0820607412155638,0.412278570004527,0.106678129336555,-0.0677446483201362,0.17499604219056,0.0594611456128806,0.0307827587650823,-0.260139091431386,-0.234565914998944,-0.41808097895123,-0.367880172897066,0.127219572080367,0.0764464063267924,-0.643626637172242,0.188693398491481,0.336162575255409,0.15520638058424,-0.00414424953993275,-0.15617023061374,-0.128940086744596,-0.262718606785568,-0.298055378108677,-0.332051122194582,-0.994063581192878,-0.284591892044472,-0.488386974514731,0.60132034811181,0.448325054593963,-0.160495267213997,0.210637402783512,-0.305152353335063,-0.742039653998057,-0.379064551019759,-0.51067226264329,-0.468901720030846,-0.171636736382338,-0.358672560042812,0.362946199979415,-0.0976692197393834,-0.254525571754185,-0.215476588616515,-0.663779637143882,-0.422096408577563,0.15484147950067,0.323792425686891,-0.273291646744944,0.217950445099132,0.0739475908102347,0.0390968158581421,-0.316792113337855,-0.473421582312766,-0.284811502866521,-0.628656334633095,-0.17451980863405,-0.365969003449545,-0.657571148309932,-0.207711955706443,-0.164318065589551,-0.0122397201587354,-0.253824178449856,-0.618476048926397,-0.0154066825622101,-0.0335220507384022,-0.125343020624583,0.246036363791185,0.0209435893994136,0.305152410299527,-0.521931859277656,0.0287888865809585,0.197822564710559,-0.083733245607065,0.237309974468549,0.618102520839108,-0.185696477078518,-0.175374185458007,-0.13977091674933,-0.361817640026949,-0.0127752196255248,-0.224235814115197,0.261895751942321,0.142574890155527,0.354691321037039,0.202427783860264,-0.182461956431439,-0.0607677865311973,-0.883615065299546,-0.235716120821552,0.285344165978031,0.496118744312978,0.116217675808432,0.225245866097029,-0.0759199766077634,0.584845245749698,0.486092992075697,-0.220384500528387,-0.178466985097353,-0.157371674566486,0.206656079269405,0.149615668772642,-0.190903681247585,-0.500101661548294,-0.58656608487312,-0.457792783791263,-0.168852283916086,-0.19132164535063,0.383022762220444,0.439202566338354,-0.0429733340191388,-0.213403875971262,-0.07026462048864,0.536687932097523,0.468719558595334,0.266257902862937,0.208455969995928,0.462397233286592,0.766799990792261,0.0655369294281327,-0.226086083505034,-0.320639941166654,-0.134765968499605,0.110957958535871,-0.031086690830308,0.504335360080722,0.096940750634684,-0.0270433174192893,-0.613595538092073,0.178874003065159,-0.313535534804652,0.113888311918969,0.0897808617676239,0.279799610517207,0.363212510567262,-0.0834573531351404,-0.109022226222054,-0.291515129057221,-0.399575350542432,-0.601671408170392,-0.594509293091239,-0.0512284155209791,0.276697353882336,-0.117200974406811,-0.378504601462177,-0.429788749152419,-0.398131887307306,-0.195022190723372,-0.248745274248969,-0.184097980758049,-0.297995438242881,0.063905396155753,0.0644011732665201,0.502624665382611,0.139669673747268,-0.144713854202635,0.139495069903239,-0.290244149163677,-0.205169347877632,-0.259562349702338,-0.467621767872477,-0.0661237802004973,0.211405128135684,-0.0886239632372653,0.151663669018565,-0.551780832475734,-0.0444630091947262,0.288408949181898,0.137071182442958,0.757902753901021,0.498019018682195,0.513047630919683,0.281304400403473,0.0677353977195284,0.0681604468532225,-0.0840154483624867,-0.100015741751863,-0.13579588441182,0.125880358730243,0.250458088040176,0.127332384116681,-0.268274511332353,-0.102585807303247,0.155846425611147,0.288547393701746,-0.0898232915980994,0.627812663115249,0.353850971581854,0.337265608409342,0.125091906730623,-0.0179145018962009,0.546199826413176,0.379363309800173,-0.152550146610382,-0.0870662149539858,-0.042145229788915,0.180917254134021,-0.205853982499218,0.0399531702894917,-0.0256404592931528,-0.415789323080021,-0.20198383697276,0.424097204587454,-0.0052429247393094,0.386662511365569,0.502026141925165,0.262185681358585,-0.119537263224144,0.290621620634739,-0.562212964802896,-0.808488180895874,-0.64417463251002,-0.440748507759754,-0.0577441670723728,-0.0935407405633223,-0.399764128160219,0.147610747354096,-0.105067594623324,-0.351758582736112,0.00065165260154966,0.00412058681052891,-0.261246976517392,-0.935785612554849,-0.0626995842534425,-0.262267968152925,0.468417051304293,-0.310665878486152,-0.137004908843964,0.154157814904587,0.140844264643109,0.0608493213647087,0.928435294547584,0.256865630660419,0.055909290406642,-0.229583088451337,-0.243055281048046,-0.574607705982995,-0.729142035904335,-0.212736670104826,-0.113247127956812,-0.091698518781479,0.305511197359708,0.42842942557799,0.220244923582684,0.746004726458792,-0.0554155170013623,-0.090884567271895,-0.0744942606701914,0.0828047135970329,0.426459260430004,0.228050758996497,-0.309579327701968,-0.128504399529677,-0.258607258951206,-0.0561099353503978,-0.357038266269264,-0.408189240320807,-0.14271934048819,0.334011432734999,0.0733008548080645,0.54846828081241,0.361745642444827,-0.153299572910692,0.144761064848766,0.315035334020443,0.203707297510784,-0.335832468408151,-0.0639822005217295,-0.87195069478193,-0.79549344407801,-0.28746042894397,-0.372130826054967,-0.0836602110659896,0.102227732750506,0.143002799720147,0.416297545917643,0.199012669903859,0.648363246159966,0.377120840423713,0.390656178272808,0.0515782692684164,-0.337293755044687,-0.414614314900836,-0.0258551252545122,0.23718843941063,0.128648414360865,-0.230656026489509,-0.498739652013886,-0.552754292454007,0.623396371331971,0.495459356069183,0.622583259514925,0.457596062868745,0.0916327440231134,-0.541862122656937,-0.0402282969728551,-0.318306090337402,0.161597207833269,-0.256480283052635,0.0710447300810973,-0.273275964562674,-0.687515402850321,-0.00613385533476017,-0.776647866349317,-0.44831514941216,-0.335286366170501,0.0853765676039426,-0.381230210532205,-0.0332907505221948,0.035396052810068,0.271379371246275,0.349054283529619,-0.31688523286476,-0.219292416752549,-0.547924453139649,-0.0332563857028864,-0.0391118278942392,-0.0667348396802511,-0.132967506134562,0.253707440470193,0.349089219462755,0.672571352310084,0.842041364350575,0.0696332943874301,0.243042071935406,0.0645016365356139,0.115654265705596,0.124984947630177,-0.0292468371549552,0.12160591616187,0.224230919473992,-0.0394871643261634,-0.205995466316612,-0.0270719357642168,-0.387501718367789,-0.214360810896612,-0.223160812783061,0.22948419083402,0.451857181589562,0.177411319545691,-0.141095420543689,-0.235410231837156,0.0193531542858172,0.031077624528158,0.250347707190167,-0.31512825130015,-0.566481078773519,0.0952891612239493,0.149763304720447,-0.271120535835352,0.106312937259807,0.252797521677345,0.691965001760316,0.698073211745756,0.620875875670103,-0.277132070774642,0.121693156821051,0.109188798939613,0.411409551785881,0.0568157696486933,-0.406876465812612,-0.577119827447491,0.0671161889518799,-0.428604276858332,-0.356225912983188,-0.571404751232817,-0.327528001532693,0.326911557499952,-0.0109981714600935,-0.637356508215062,0.0442619447074175,0.332712955649224,0.166855496378566,0.0223288099048873,-0.234214665341024,0.371366593059796,0.272867711013183,-0.307933521219615,-0.0545636608387398,-0.469679225436281,-0.366159865459734,-0.82639454497314,-0.487301111581398,0.0656106692983756,-0.117722661685553,-0.415998495541378,-0.149464934784992,-0.0540979332030645,-0.141203159468666,-0.447723704743794,-0.0690988095255082,-0.328634962301144,-0.182342360903352,-0.575185711119602,-0.632673005036572,-0.141034317036567,0.132606921227991,-0.0149343544071156,-0.401204370391082,-0.214319458746821,0.0935839572311118,-0.410371162683247,-0.210785382181756,-0.140174351383181,0.189283719809209,0.20571959907846,0.0684789799947618,-0.379248658797787,-0.706279040381955,-0.549793344413859,-0.122914121985318,0.163917964556708,-0.0220627899493371,-0.232195617979375,-0.125660426729073,-0.170622538473463,0.0543033852760699,-0.0179282746291123,0.13679916720175,0.165604537887407,0.516509300739311,-0.0791874661216643,0.0802941203443287,0.0367721273187284,0.114962081447333,0.30413867882761,0.358212188071837,-0.0345779197544605,0.390598789305957,-0.0264464832976908,-0.129346965646691,-0.0674106510601342,-0.348106601481517,0.104881791742125,-0.0379930577168505,0.147934572855939,-0.0620963725995431,-0.560254501550876,-0.140428098459536,-0.5297901593116,-0.475278537517191,-0.0875063858208725,0.0185373830666532,0.387997526320195,0.39514738457282,0.0413215113323825,-0.0539098766957897,0.341084345767892,-0.526733847588679,-0.192836347312382,-0.344295812437261,-0.0816145223153985,0.138896665355313,0.371619566095719,0.47619938965872,0.226157255666333,-0.00205771371342929,-0.400339445713027,-0.176029327696544,0.143125766116452,-0.126964407264879,0.180294791160277,0.235637261941524,0.623063099227642,0.0230164507738487,-0.164589236380374,-0.313147457952845,-0.373743188611998,-0.264905568319969,-0.101148750137521,-0.250600945662002,0.0633486164758679,0.224252500634603,-0.1701938149964,0.402169124997593,0.194627797442946,0.355243657748421,0.202520336666279,-0.333769421932356,0.171388095018526,-0.209380457857683,-0.38994133850543,-0.289591452632179,-0.699413492133861,0.586902819771341,0.171854833012307,0.23600057122743,-0.113246175559603,0.485721028975464,0.267192414095747,0.21659500432567,0.386255073380638,0.494611302046517,0.1285152967673,0.273095345190765,0.441461879204435,-0.00233987622132635,0.0302941663657032,0.352195005469434,0.644120952599182,-0.270614633722596,0.0454754016390702,0.33410024491561,0.205136890273586,-0.562774080717438,0.183237188870718,-0.283338745104659,-0.400044113607647,-0.454230471150597,-0.0286648857462615,-0.345524664407081,0.0802864473992388,-0.261716856523648,0.171993659909444,-0.146838397166703,-0.0585488356668945,0.200602348070733,-0.00637666478052777,0.262817085140481,-0.131187756513523,-0.334929788215346,-0.29822890915689,0.0785397357835461,-0.0534046386420982,0.551014087361755,0.0201645887592307,0.193798803400393,0.0394948191712598,-0.222054820184135,0.9767407274974,0.372197406553249,-0.474125013320341,-0.174397259670248,0.252955700281578,0.0743979608915182,0.377778933948588,-0.489811300804005,-0.485362271596791,-0.552642680355537,-0.0531665745426874,0.417990309564666,0.275609832439557,-0.0989049743256912,-0.513528622207553,-0.358429263210009,-0.604385535323701,0.305153913635099,-0.282784883513024,-0.0453423899813997,-0.532845439444841,-0.474431264968181,-0.261869250911646,-0.460903080351065,0.0540591412441022,0.117646143367595,0.27414806936451,0.270918400464603,0.241901349021546,-0.0728273138349409,0.120114197188263,0.108123294954908,-1.03084891060568,-0.612133962795446,-0.209519522420277,-0.223205376644758,-0.0682572531662847,0.129062495748763,-0.165433567136053,0.39209922285821,-0.0966873012507879,0.404630584700198,0.0889348373740756,-0.157418786091151,0.706966343863712,0.513044499540436,0.276697902123603,-0.130893520235715,-0.362383322084569,-0.0777731396071782,0.476196671358764,0.417845041450363,-0.05387471126208,0.119970021662211,-0.233946315420008,0.158499865334094,0.379794191889901,-0.466564131737933,-0.01487464414622,-0.127198983445315,0.200330182325196,-0.0234536698902714,-0.082901981911698,-0.168364028909013,-0.333616261369569,-0.634135483708799,-0.536475664446531,-0.437026908790169,-0.493260653210968,-0.1338095311856,0.260137352504782,0.0855188432014788,0.216285404317702,0.522959862580364,0.310425955898083,0.167991700845106,0.210139329482674,-0.220150093201208,-0.00461375913205095,-0.384413308707008,-0.237377219296133,0.301403961402717,-0.000718193060587246,-0.239052230689612,-0.100353247240188,0.462058362868204,0.384946847955317,0.187789545493943,0.231749120615497,0.301930871993286,-0.0741479278212963,0.529061776822619,0.257647005321706,0.653383381587041,-0.0389523097218042,0.222919103106975,-0.227768620216214,-0.192493137927944,-0.103116038147436,0.267497249282338,0.265646922405847,0.401844229942439,0.615211869891479,0.180290888888587,-0.305444115278852,-0.0523324227556393,0.266618071813897,0.186039340120945,-0.72951221626008,-0.680415373800144,-0.195614592985651,-0.11758011646714,-0.361948058263651,0.18414443518314,-0.126286798166488,0.109286107433998,0.137774799129978,0.134913830423445,-0.433444723827874,-0.624093934443172,-0.0680323703089045,0.0150783280025825,0.376099118059945,-0.112135546029635,0.0917656653048653,0.26001115333688,0.233608724662609,-0.279185630366665,-0.267157404348824,-0.468564938826079,-0.755187853295294,-0.0431049916939805,-0.0863755492540898,0.183428912765167,-0.277111218712679,0.0638490947657783,0.0238924149067278,0.0163800011274856,0.0914413876177531,0.393145967721478,-0.401744207561236,0.295544863508617,0.178354963468037,-0.227022927021708,0.120725681743541,-0.107906653470599,-0.103023748646077,0.272822881195339,0.0959660561049268,0.478525848418105,0.430870945834742,0.320475878761929,-0.178951112008164,0.0105364992870435,0.131958022685426,0.305497716376436,0.284369449676745,0.0336080705824865,0.139939657034472,-0.200643444639648,0.27511866824097,0.163293916990981,0.573256271813069,0.158558232151253,-0.322195320340977,0.186966660107566,0.286882955757398,0.371177483839776,-0.369310542732987,-0.132678574096277,-0.234780733295531,0.13020781071583,0.214079036333539,-0.290507164538843,0.207629834365489,0.201308739938159,0.19879957537854,-0.0342173229710482,-0.635422438676063,-0.597060896043689,-0.344264364742235,0.0154925345104636,0.437512112141852,0.128220580105356,0.0076732533351663,0.16058108775502,0.0476843270191234,0.311097988966988,-0.0688854645424095,-0.778914521184538,-0.301541746687081,-0.38619681344522,-0.246063547367789,0.643395529276679,0.105995456646597,0.0242138578106196,0.154194318250643,-0.44019360144029,0.120232379931287,-0.46813759688373,-0.223058826372252,-0.188654460709664,0.458966552493751,0.171817563669938,-0.127693286376579,0.0846238175084404,0.185649639438773,-0.109560278314304,0.110498298263418,-0.00758911632143025,0.025049631734442,0.395303425369229,0.434391079660471,0.0944549525038155,0.478056813925316,0.124080385446707,-0.293281220488254,-0.0662856501418638,-0.336950033116886,-0.0376385804843346,0.275678718590911,0.723706900360517,0.63427070620879,0.541977491375087,-0.151810858240805,0.568689172516651,0.846864896044912,0.36912118340157,0.434066400443447,-0.24575053279767,-0.454078076307066,-0.548344375727378,-0.104394974438235,0.215015209770523,-0.0120606082405873,0.237732172453551,0.129893266806723
0.072957532820464,0.0570418055079751,0.176015214425944,-0.254481115542618,0.26083531762213,0.0658559502370606,0.429527974794235,0.0224898842586051,-0.36964277474558,0.244428746882261,0.123132353142576,-0.102814285608439,-0.227152829163932,-0.306102179509385,-0.354389346466134,0.0463853374082441,0.268576069088059,-0.0348952360945762,-0.409704790740451,0.0810079866435794,0.172064129894295,0.112251238133412,-0.101499058626925,-0.281692279919228,-0.502875833225406,-0.284416508033933,-0.340083729392321,-0.310097302661641,-0.717518965713487,-0.261138289733246,-0.384813108793996,0.532335087306291,0.483564332040882,0.0242312538932561,0.0547548745048848,-0.211320374039339,-0.637768636163668,-0.433352698645616,-0.420046101447345,-0.322956599671798,-0.201478764652027,-0.0882772289369414,0.293396738172238,-0.0460716337902932,-0.251964783990977,-0.469731146931776,-0.588079191939272,-0.120785341842847,0.00413794604274997,0.0996426771211492,-0.299707196363079,-0.0121025191544527,-0.114851577331747,0.229389775436936,-0.260562242738793,-0.619518392104986,-0.383014316055788,-0.488612528459825,-0.340883932136252,-0.392042484540817,-0.609104161043684,-0.160693706763685,-0.344726900692342,-0.046210076332154,-0.11261275053292,-0.710397187588825,-0.0658419126911086,-0.128136504416275,0.175171240020769,0.302478853503856,0.112835260174961,0.107166468979818,-0.400087211536495,-0.248869372529835,0.12771424895044,-0.258526903191951,0.184053432338572,0.159834141404976,0.0186114437586961,0.0513573048839055,-0.0721479238095179,-0.400602089976447,-0.128853397100074,-0.147788446040414,-0.0179990535345255,0.118538898319575,0.253081813228098,0.233187146002402,-0.0477649757197011,0.185277279620254,-0.540988855447522,-0.162156004323352,0.128304994030389,0.450726738338535,0.0375282446333026,0.189754144617866,0.135588025963079,0.378876479148448,0.237398174539134,-0.243566704768801,-0.119957940134625,-0.0741694678517313,0.0816908653936359,0.148399228865339,-0.145542745596898,-0.359716850587085,-0.527207868066238,-0.338182420143595,-0.112660650039786,-0.157495487321391,0.469888235560006,0.403383254048094,-0.0716196124441987,-0.0988370007842578,0.129754613566784,0.47355126405152,0.344276507793883,0.14151936006214,0.188762031128985,0.566520730780978,0.442872293785182,0.0871446614087314,-0.202387251136569,-0.259965391783593,-0.0364839489057076,0.22659009918523,-0.044825756265654,0.155567360108117,0.316599511661986,-0.087048643737105,-0.772963066036469,0.0377249529896585,-0.248310459463547,0.137149607777696,0.141649775517995,0.289185196564121,0.293148535684312,-0.0224227115211641,-0.267492586678251,-0.379378171655202,-0.44742646967188,-0.867123158902392,-0.421148514300231,0.0843159931439044,0.377062431040555,-0.160110077496306,-0.30388047286279,-0.211550205288215,-0.302484454612155,-0.370944098097078,-0.325978561645562,-0.103836994467313,-0.170339941406948,-0.17640199635453,0.0317932291011862,0.187062566410898,0.13770674876942,0.0725612475319118,0.188826230309674,-0.260436526065414,-0.123512582504256,-0.0807914305275107,-0.402669697112404,-0.064705322944358,-0.103074522802001,-0.0812805344223957,-0.129634833709103,-0.504399660330448,-0.0328414375648511,0.624734247815332,0.0799879593938402,0.501204932674407,0.445750025589102,0.332684020009594,0.417994732488213,-0.212190726313802,0.217766484472642,0.158573029064525,-0.166903277956381,-0.213997513494773,0.173926810308957,0.115223919137034,-0.0404752497084625,-0.134338121750061,0.016502253494464,-0.0444879911079663,0.214760153733539,0.0603771267550579,0.590481967707566,0.426911331957291,0.297341446618681,-0.0583292677787932,0.0513190977384534,0.572450329891884,0.373573936089331,-0.220038934695663,-0.163311850179631,0.161885942574041,0.214406923511527,0.0372097874179249,-0.13662897883195,0.0426701022253679,-0.308263995524989,-0.115023388987134,0.521242659477283,0.2720167203041,0.396244574162327,0.503562186195028,0.115415912303096,-0.0516984955036772,-0.000503754155526254,-0.308698317902182,-0.885689163578633,-0.395049282708097,-0.464873872609613,-0.0796972830864969,-0.117219674145285,-0.20290817136021,0.248584624175787,0.0422949272526898,-0.352062881102957,-0.00425859420023614,-0.0331478392926006,-0.432767816890819,-0.754020832727289,0.0673391140332101,-0.211566791456113,0.157433314697269,-0.321474194832006,-0.201842911878264,0.178166109503724,0.0781365067255567,0.0575511277545023,0.815556592507044,0.147146650015814,-0.133618388637885,-0.0542058794133402,-0.388311213661508,-0.673044234359692,-0.468010290823994,-0.215058219624407,-0.0919969368157727,0.0925056802139284,0.320301187806074,0.34759344662497,0.137903923271675,0.377237066707585,-0.21909703424931,-0.0258291814575177,-0.0786354814622497,-0.0508307779534048,0.37717721595118,0.503670699752573,-0.0812300072922084,0.212813560740153,-0.159490080076601,-0.400590931234207,-0.547392162892537,-0.603927231537472,-0.392835788719716,0.234741821363427,0.0472072699208975,0.441721690907502,0.233747066669294,-0.122472937389125,0.0185614389983429,0.308231315128484,0.196022379392995,-0.343175339013283,-0.159375222626294,-0.676862769252702,-0.826458929744873,-0.298548452986364,-0.418764461322501,-0.0188854694645771,0.0991678617171795,0.0673471193818822,0.530792061754501,0.175799867748793,0.350962537349462,0.297435199603922,0.207965206507079,-0.0364999779069147,-0.0751424263706967,-0.155955278279633,-0.051051234817111,0.494590633844495,0.156098955193344,-0.328357284575374,-0.553409303522035,-0.401572558705151,0.188186465962951,0.24756207195986,0.377330300466788,0.192338663828124,0.0453717800105035,-0.421316943186669,-0.27316518029957,-0.122971867256503,0.177864485183281,-0.258939536205834,-0.103868241151991,-0.0423765248495198,-0.604044722104452,0.0913312532257626,-0.814406567112044,-0.524811989827783,-0.335135381485061,0.0426870615504653,-0.159784669625998,-0.365312856074477,0.0268546072365582,0.0206592417890405,0.244864045671515,-0.241699033414926,-0.123599731039894,-0.320486330646529,0.0366336396291162,0.0227218901373782,-0.0880662277245689,-0.183940432458335,0.0238122229388377,0.204224679775269,0.679051214027533,0.597686950012493,0.129414281900457,0.155110520429366,0.0317933976953833,-0.0168132126392229,-0.0803422860224621,0.063443476090611,-0.0491811140426112,0.268961669425613,-0.185013468798695,-0.308183281512146,-0.107203177331348,-0.362166980648468,-0.326334340466417,-0.0114078082948669,0.169971843369414,0.360799312206235,0.0778124719910762,-0.0261894751929566,-0.304064787918493,0.118958303961458,0.0910097762254496,0.102286188404904,-0.190800226298913,-0.530171385688723,0.146962741132184,0.0441470402038172,-0.30766764948495,0.12115643517624,0.3806317124352,0.480929222273523,0.574924122253021,0.505754462777632,-0.174761213502702,0.368851577267583,-0.00966752844862111,0.47911917278122,0.15288169659586,-0.593849210214952,-0.265497600808442,-0.31988380005128,-0.489702534983595,-0.372018739092281,-0.480729788961933,-0.189352509593041,0.106857226648494,-0.00176036379019215,-0.297841905923115,-0.0276625160972715,0.348805007360483,0.280872611346464,-0.15785847186915,-0.141828488831363,0.420799279098133,0.305335276780145,-0.0963986103659897,-0.316009734473182,-0.412001162647239,-0.368412992090977,-0.78006133240647,-0.573477499865916,0.177331123153261,-0.0924350154560647,-0.273018620549977,-0.10859631198853,0.116969484680832,0.0101055904617401,-0.284460320138399,-0.189618230966814,-0.459775328332123,0.0255032025372507,-0.622748962979214,-0.502022614304564,0.0625396535695552,0.115748192371988,-0.112125649132131,-0.373889386458477,-0.311756877561617,0.102263108958259,-0.227787220540321,-0.342818690395478,-0.0353954845018449,0.304296250262872,0.269804612020612,0.0431956750176291,-0.393554068347125,-0.627195426843924,-0.244133169812631,-0.0780716063381257,-0.0390596674435308,-0.107376744534501,-0.0176646411596829,-0.212113960842352,-0.326295253717332,0.105135999140557,0.108974248923763,0.194115392129977,0.240527226892479,0.515588648413818,0.00943819378198625,0.0504587268738845,0.205893584668079,0.0446733266344343,0.142468119608937,0.377283440539258,-0.0404035656456957,0.419459073833116,0.0830425641565367,-0.229942155657081,-0.167617007587191,-0.286889193365535,-0.0158086555026521,-0.213748521549882,0.00435426788183745,-0.023718888403849,-0.261480049750335,-0.0649577641036547,-0.344218431539064,-0.250179290125838,-0.276030872368968,0.204053171248834,0.504808313552952,0.291609755381757,-0.0117912162289933,0.147813825434447,0.24875023511737,-0.505162876209844,-0.211735427572145,-0.279162532327058,0.0335523762587684,0.243646833000012,0.169511276894547,0.350910334988897,0.207143475725521,0.0739679031176105,-0.539186121475647,-0.0445674496897254,0.25352997783482,-0.043831431662793,0.122285335161092,0.063962160765467,0.360955384139402,-0.0771935142981476,0.0343233087588762,-0.119883424589535,-0.436883250316347,-0.178760080090535,-0.215172171960107,-0.0278565458138213,0.0476751993628295,0.248081320717449,-0.0790950971829556,0.324507858203951,0.238439590758203,0.185505709178677,0.241868945438715,-0.214613914860358,0.234504640759172,-0.257632447914305,-0.149329161465569,-0.383511321531688,-0.80431614325635,0.582837067877457,0.135911072366734,0.149614977102321,0.0409285119398654,0.230254731946016,0.382236386751564,0.28418753496514,0.373581770474344,0.380997656959595,0.127900939443819,0.294326994554374,0.328027736605926,-0.0692484251437608,0.230570753357878,0.211231421235027,0.721336047754803,-0.132732631285511,0.0306198797569863,0.271361324429087,0.193980514133299,-0.382891238806961,0.189637263106531,-0.114500698967423,-0.675563938583114,-0.576464263391061,0.17920245959583,-0.53998108967706,0.143385523537505,-0.0589669049899479,-0.100570588087468,0.210770414511709,0.0291588753341318,0.26385574214213,0.107553356622656,0.301982240813401,-0.24403273158637,-0.471800666318078,-0.226660613205106,-0.170367358942929,0.0420475338827219,0.498829551924482,0.0144420248859252,0.130850865013764,-0.133407843649548,-0.0674809885753601,0.740177791606763,0.175847123778083,-0.384077856382013,-0.106636109744978,0.450321156468548,-0.117675248404597,0.187468396433744,-0.305467081353995,-0.414040947056685,-0.418284230808953,-0.152785097608012,0.397831551826363,0.115881037978522,-0.123679306447057,-0.285083215225754,-0.615600598559822,-0.399349237855698,0.186858466117448,-0.304264691880187,-0.248328117421782,-0.359183044964463,-0.639295905920278,-0.256122929866622,-0.404960353485036,-0.142379505681081,-0.00118469632298751,0.295254756955461,0.356772456898558,0.110809435176357,-0.352921540908742,-0.245686902458513,0.112372190264093,-0.975769447377376,-0.614635412382215,-0.120962888475844,-0.0259154441475871,-0.00640460514330735,0.238685261125609,-0.31482739181408,0.07035827416075,-0.0125757010116292,0.164132885053729,-0.199510648495565,-0.322011133879835,0.447199241948938,0.557158300749311,0.285375691569742,-0.122977525880252,-0.179354477113352,-0.0368681387713226,0.264267809337354,0.259725232266358,-0.109203609920366,0.195573368163165,-0.0899207210756812,0.103966260506409,0.0640269148051539,-0.323051124420709,-0.0734326986695897,-0.0448132750402717,0.0527832922818589,0.166118595786141,-0.375980319439001,0.0949296713114007,-0.0579383782789939,-0.341464471931628,-0.514637920471817,-0.467475659560293,-0.528880579656624,-0.288487185457192,0.291302415813368,0.00410713513078968,0.293208933175613,0.462000964852334,0.268894059778018,-0.0477427340993949,0.0398688067200349,0.126008422366004,-0.00806133368133791,-0.461382153018754,-0.219353560490594,0.361724558909188,-0.0283637293798421,-0.0553068250532312,-0.116619410543833,0.367767795375525,0.569333973544583,0.0954380396580373,0.227835024399275,0.167928993087234,-0.274649496079824,0.579253665289062,0.150407764066604,0.244655385765381,-0.0499762726544178,0.420632101412883,-0.0416912452443156,-0.357730741104046,0.045128903517925,0.353245796000755,0.170686788282583,0.36993474271916,0.566741586331839,0.197957254080283,-0.324234813195517,-0.128718990745328,0.267799963744723,0.105065675903775,-0.502801807468431,-0.517388771680931,-0.180888801321054,-0.0486910054422422,-0.401073625608469,0.173280395027365,-0.228437580012536,0.0810264027690968,0.229289363601466,-0.0745765448389315,-0.550246959491896,-0.545196981438314,0.0484638950624702,-0.221583719622614,0.184493438957758,-0.212042391053894,0.0182584496919031,0.0613492827981608,0.0757157299435586,-0.350703949407948,-0.14326037008398,-0.252856103608504,-0.839809740858944,0.00783605503478689,0.0176368381821418,0.201388495169448,0.0404718286732454,-0.141182033730542,0.00151727134512529,-0.290702113449306,0.324638098024408,0.303319893546386,-0.262807817441049,0.375816771672773,0.355842354638414,0.00721739251261052,-0.0491419057034837,0.122668001664403,-0.0581266404210692,0.0623619970176445,0.242329221149005,0.502457312257822,0.423617284129379,0.372335849059013,-0.0626398034760462,-0.117350375034014,0.177923829181052,0.306507286726376,0.530380173158843,-0.0383769889908773,-0.00687371782565138,-0.274604123432913,0.0810837678421468,0.0549868826197943,0.365529661739665,0.335432259820879,-0.154193888982595,0.219987440893198,0.210716928015991,0.239376568459045,-0.566878949957724,-0.292318269801368,-0.289510577079417,0.102812010571862,0.276873621358215,-0.304264322639368,0.18510947044722,0.276368420181126,0.347910182490417,-0.153549879375048,-0.643692212663338,-0.679708398796529,-0.34062321221112,0.300818499425788,0.257501202106602,-0.00416392048400777,-0.13660622007444,0.143887965321605,0.239139472031384,0.355433318725174,-0.024289471608839,-0.714385946911819,-0.226205330385821,-0.266559979610119,0.0277227193035899,0.457838896761179,0.00163278271068038,0.106424992209629,0.262351811802541,-0.252714769435239,-0.0438760918537109,-0.403490723592586,-0.294525105831812,-0.246984540866345,0.497618494486128,0.297295636267637,-0.0198020368093524,0.308092500403251,0.288721495649153,0.00951337480372607,0.111637187020175,-0.0697051520979256,0.126029293118519,0.451943588358422,0.373270922728053,0.18750912610715,0.419309141328691,0.150142028204955,-0.415308063249744,-0.221298774189826,-0.144529149487217,0.181175171415224,0.370940568205803,0.558322101867324,0.680332579241725,0.491922155430228,-0.045581929684149,0.57310907095763,0.848420614356053,0.345694114063232,0.47202965352674,-0.0206176994930431,-0.485591544993506,-0.37946027261589,0.188756841176748,0.126641469110217,0.224538951054296,0.00308548054146029,0.0818419151889169
0.0750272313772728,-0.0795742259648599,-0.154110097715075,-0.069661688235323,-0.103834808632858,-0.048481460221817,0.0873032374844284,0.00929721718851249,0.0110766344378224,0.199460047879527,0.0870851842504664,-0.0591968747510331,0.058676270863926,-0.0464308678596638,0.0778889043356334,-0.128728497607662,0.0863311659469983,-0.00834594450829718,0.204694218878574,0.171280895279614,0.00542545817588012,0.0288882087798673,0.20222032432962,-0.169659168251855,-0.0706958758329616,-0.0617515617786785,0.399590720997611,-0.148898917970995,0.067312000379984,-0.0550628642830486,-0.0726282054973549,0.0813741698981118,-0.135713187821398,-0.0187697557717867,0.0665991727890759,0.045781477519442,0.0807745905792846,0.144897509710955,-0.0813818086675972,-0.0637207011296277,0.149834161115854,0.126542783825359,-0.0181916935035568,0.0549551086387808,0.0423957102269285,-0.0230081250851954,0.0881529961003875,0.164574368305638,0.0486072194230213,-0.105255673188362,-0.155505649864661,0.0311041320471564,0.064338044056797,0.0442981217150123,-0.0194119695554105,0.0974341338999118,-0.089198079052775,0.207650250718627,0.179331876035251,0.0943863880675846,0.376241114881091,0.0402661313961646,0.0103150514469868,0.106167285893038,-0.0933432438456255,0.0806622461801639,-0.164258509319959,0.0955342438752618,0.0879325155390547,-0.0305616868774321,0.0367148842599202,0.0346855263116634,0.0752070185955473,0.0303042561508289,-0.221431503789665,0.159547222526455,-0.158551392760596,0.0183095136206342,0.00857464657230183,-0.0964125123585276,0.107725352440165,-0.00419302644863073,0.0128111773558426,0.0245361293028668,-0.17385680764908,-0.0388277739062582,0.191131544069232,0.0441653090593218,0.0898753638244498,0.044145667152196,-0.0559746218580676,-0.183162244001742,0.142494372631194,-0.0408666023619748,0.126983351465674,0.0032989060906825,0.0380169963677625,-0.257141862076278,-0.0894849420794811,0.0673466083127342,0.0964560083231494,-0.0570607382697089,0.0712263583804027,0.0118279121894789,0.0678964459573068,-0.154684907430379,-0.0581004331978367,0.0621249146349367,-0.0709879423481411,0.0441356862069983,0.102594575823695,-0.0881019870310521,0.0475755419371573,-0.122908339206298,0.0381010694249165,0.0208898778949696,-0.0226587037109834,0.00455563321500937,0.0671741622302037,0.105071732121209,0.0145212331782637,0.0247890817971473,-0.0177260297560519,0.0156998851884366,-0.101274626904761,0.109747860026687,0.107383455261246,-0.191420144262914,-0.0681347833889014,-0.00321982956679347,0.122871542314785,-0.0986838423556778,-0.0471102613295591,0.173897208304008,-0.158871513842543,-0.0665512875152495,0.159078983003981,0.115300823863141,0.107826320345811,0.114231787622993,0.0247014967971519,-0.0540699029247445,-0.176591980168713,-0.0337812139794379,-0.075639419270513,0.117997944741874,0.122715828653621,0.0293711441690711,0.0809719784546138,-0.0772870867505608,0.014535299906922,0.135082118901663,-0.0400118756944753,0.167845415561113,0.00296604213683454,-0.1008002168199,0.00201946543696077,-0.0789561931208136,-0.026418848455024,0.0328510659409311,0.0117288072785542,-0.0183282345270041,0.195768237545743,-0.121978535175955,0.0315519406097747,0.100779316724209,0.256033794218835,-0.0544047256678207,0.055080219198954,-0.0548916758021621,-0.215840842508238,-0.125253327466936,-0.0389706095852234,0.0557482282621457,-0.128769480124522,0.0062783604538228,-0.150702236283814,0.144766175834386,0.125747290560882,0.125242226534877,0.0181711821422067,-0.017389220966645,-0.183354596438106,0.00514504140402047,-0.0103089746928873,0.110938899291151,0.0443392287816368,0.0914470308754055,-0.152710096492193,0.0545910764472673,-0.162827034588367,-0.14326742489592,-0.0446383893176984,-0.040372388331652,-0.0321459775467405,-0.00124456331184213,-0.0929665918702518,0.0846152656447705,-0.0212425945108312,0.144639513051586,0.153780071575397,-0.0132045995573342,-0.0389542845457853,-0.0377017130318402,-0.181453510526289,-0.0231767495328825,0.104290112802528,0.122351162245897,0.00153889516229068,0.0171795680827848,0.194861337143034,0.0509442851400517,0.0149774533946093,0.0310698779514037,-0.0367074893243434,0.0344103174204631,-0.0943721070000812,-0.0812093089403329,-0.110290709706937,0.0366445533536224,0.151661361531651,0.135174194119208,-0.151925103515195,0.157224691120456,0.15874888717303,-0.0811201254681319,0.184575062039709,-0.0713752982790265,0.029750264345176,-0.0701970299259581,-0.0245398979401719,0.07671348396824,0.00481075349071123,-0.200041136306838,-0.0780635700770709,0.0925589721388153,-0.01830955966082,0.125820502845792,-0.00259949636634083,0.224275192014817,0.238444028143794,0.0733927946617099,0.200114287373381,0.0445814405419492,-0.0282682939900553,0.0960888445029936,0.0205904017661406,-0.0231571402312428,0.123163498516932,0.340769790660131,0.128514128191956,-0.0817285568726268,-0.0867806482403075,0.0960710603177357,0.106442997509335,-0.0584277746692789,0.0655230500091552,0.121016850402141,-0.000296986298323393,0.109887631671304,-0.0121634670339045,0.00927740134506334,-0.0329546969363842,0.0409699162297785,-0.0117399805735656,0.0576926557530431,-0.150565382146425,-0.0368196719512988,0.111363060556495,-0.143929477694317,0.109401121370048,-0.103357326443751,-0.0320137625541128,0.0928213459023435,0.0542437470771154,0.0309174168462526,-0.160530575109898,-0.0501510758808764,-0.0123857578584135,0.011282465097223,-0.150136475149168,-0.0251521355434546,0.146796617429114,0.102213586023083,0.0182994979971529,-0.132118046924966,-0.0312452495487637,0.0610848511125837,0.151390010123824,0.0411180450199591,-0.00909128262645499,-0.171756500624127,0.0122435863333549,0.0733519413907369,0.120757733791791,0.22531279220424,0.109066364638093,0.221466933252414,0.172930248348048,-0.156399740662635,0.0381774662434153,0.159024663210932,0.126284416831322,0.182169179670299,0.0934229779578243,-0.0819323021018313,0.0272601976435227,0.0288576337185227,-0.171972236731573,-0.0543817635845429,0.0633456815250186,0.127744814404568,0.0292069896205144,-0.223305133369661,-0.0561474333901154,-0.0636519317386959,0.0791365260321928,-0.00938083991248827,0.0037445429243173,0.0658328955466512,-0.00776617670932124,-0.0784399327736813,0.189669734387549,-0.10518104427132,0.034686911731069,-0.105646450913962,-0.0788336879755083,0.00569887499337854,-0.185706551742475,0.103423282457587,0.173914876655718,-0.140002021087635,-0.02672378308067,0.120657641841552,0.0780463519272945,-0.175991082764561,0.16185550950278,-0.0982829745462827,-0.113183669484352,-0.0952012601723602,0.0619476928612747,0.0426356046433255,-0.0281138115078677,0.181290884633855,0.057592425291571,-0.0370421955425691,-0.0108901474775152,0.100104415099179,-0.140592968199163,0.0442316267341898,-0.112961184831299,-0.0278969418581975,0.0371525733871104,-0.0669657431481988,0.0194147831025986,0.119251132888927,0.100102071911287,0.0943502041801782,-0.0553777174829556,-0.137962655437891,-0.113816148631447,0.0299414870021813,-0.00318208453903452,0.0289799687825328,0.158195462065059,-0.0648048853534147,0.0472865348174388,0.0442762598136892,0.111627974346093,0.0209519019559633,0.132953987156939,0.10074585347068,0.1035013830426,-0.240434105371419,0.118551267881585,-0.0977384642555268,0.163647014730666,0.14073417218181,-0.019981078788939,0.210911132950421,0.147994415393963,0.0756592948929895,0.155218018495273,0.181771563849434,0.0810538080362612,0.0481492242415867,0.091874252955957,0.0330886972546821,0.11709676632598,-0.00182160075537215,-0.00944540171164041,0.0922972053901923,0.0905035712497731,-0.171038715623482,0.206758681220526,-0.0299270134730053,0.12820347843649,0.218099185809737,0.0340381029263119,-0.00522408365336416,0.0433812689338645,0.0786221887531182,0.00473671218747518,-0.205694827865468,-0.0865422290441621,0.0781951908719058,-0.086914270262358,0.142765873796559,0.138918996255025,0.0163106318332379,0.138655500035396,0.0810633159030789,-0.0446292072748727,0.0684373045309941,0.0069213814803032,-0.137932729580544,0.0147678267268012,-0.0488966778999698,0.0392906483282552,-0.0727272433478784,0.0269893732782535,0.0548137239181053,0.124127979732992,-0.0800992644071895,-0.109890498144279,-0.0467652471857964,0.0216370331842044,0.0770635724566385,-0.0958395377089148,-0.042622856393036,0.0137714878957227,0.0209080863425363,-0.0114435704049768,0.028520211983732,-0.055327546207797,0.053152730320083,-0.134723288285912,0.133390823355981,0.205964366006204,-0.0499675262906047,0.00952474541714448,-0.235726118387479,0.101029580473018,-0.146731326578069,-0.0399688647386837,-0.0406432458899109,0.0254253553874767,0.134415444964247,-0.0230306193844143,0.0977154255425717,0.122381994602163,0.046207543637261,-0.185496462371268,0.00806387194020408,-0.0121885259369209,-0.228253144008469,-0.0636400166890895,-0.000936631064722001,-0.0302376994181916,-0.157298635439603,-0.0842103319660112,-0.00262516894231647,-0.238415997536939,0.0326243259721526,-0.0679614129134353,-0.0697379907806488,0.194793379142979,-0.0469797476807941,0.109663344164021,-0.120762252121225,0.0445401556482943,0.0675016560871525,0.0890267265989655,-0.0771564349585041,-0.119263759756826,-0.148032293916726,-0.0475223930109294,0.0311565497963224,0.0826111352775751,-0.156568793197525,-0.0739303040567204,-0.0550113235695475,-0.0468126967143916,-0.131680656402037,-0.0128076445238266,0.0575201661529154,-0.12287915672801,-0.0656431379646255,-0.10249269908738,-0.00779637105460878,-0.0225229138749026,-0.222411460498216,0.144907112536665,-0.0925498215151754,0.0187966435853407,0.0899032595556678,0.038958287843696,0.0290494849174779,0.0236751092505281,-0.0347877334231516,0.142416479660566,-0.117204731696744,0.000927458500177347,-0.0422705426612479,-0.0440576637891507,0.0248986858781462,-0.104237385718512,0.0086803243342582,-0.0892519343518863,-0.0473884390751609,0.0837988158153618,0.0241980176885614,0.0953582150932912,-0.00296317903114483,-0.0396394954902164,0.142721938619536,-0.0442298494057937,0.0526695145681995,-0.112836499683376,0.237868204654303,0.175251378698412,0.0762199495211974,-0.0611825049912815,-0.0359070787034805,-0.0894286688887893,0.151839579262526,-0.0796967577575987,-0.0497155094195943,0.120490785493085,-0.0145950474701881,0.119750167643496,-0.0248566153245648,0.0761840221290229,0.0372921629128801,0.0203840123850684,-0.00733640977433626,-0.0728671390576899,-0.0356174322252464,0.133081029945883,-0.152637576086697,-0.102668240719173,0.198698212280882,-0.0355446725970721,-0.0370209395421345,0.132437432811001,0.178625665264453,0.00429259016529711,-0.0249566881859745,0.174132632750405,0.0580283180772402,-0.105707156180789,0.107856816871247,0.107755946759227,-0.0284098892602229,0.00463595329797598,-0.168287789699789,-0.140377477322487,-0.105614246275976,-0.153258338082826,-0.0477722949041542,0.12015249240305,-0.063370779699135,-0.00978585136520952,-0.197514741507925,0.207868160191503,-0.126641556867391,-0.00233564288103696,0.0764394541167871,-0.0728371530232476,-0.0695536021175852,-0.053359547809694,0.0223460231810435,0.0253334212827807,0.0599883092698369,0.0376229232367898,-0.000689534617119181,-0.073418492927072,-0.11718864487238,-0.00328637462926232,-0.11640578660258,0.0553802429545422,-0.213344842380778,-0.0634303402353197,0.0343532075785258,0.180113139530876,-0.00267817446409265,0.0492928068739648,-0.0494506403648487,0.0922604808818166,0.0624743947220259,-0.0613668033946676,-0.0156039419059972,-0.100355034831942,0.0813083686402205,-0.0461874066084714,-0.346576989999444,0.0708569051127248,0.151815419555276,0.0543227415376843,-0.0113327781598875,-0.172525825167918,-0.124958389311865,-0.123867422923283,0.0815475130650784,-0.166193312814668,-0.0545132287581768,-0.10298323450455,0.0266517204230885,0.0712888215663104,-0.0222206763096235,-0.131967711617243,0.0624348142886076,-0.134626874467083,0.0370121478118914,-0.0681220358262872,-0.0850988938844149,0.0522678814858163,0.0588106900181955,-0.0793102857791816,-0.16106776512187,0.0478646102140347,-0.147671482087055,-0.0286626647932315,0.00892364574230243,0.0425463358852244,-0.0841074570778784,0.200561126432751,0.210374795568537,0.0634669528358782,0.0252154058807985,0.0919787001524077,-0.112766487697141,0.0207151951326332,-0.0614725820096497,0.0572812234785809,-0.0392810892122929,0.0331166006634946,0.0111447190606999,-0.0594520661448225,-0.0778718695327105,0.201060300996009,0.0699881322336757,0.053908009730464,0.188332554361519,0.147132744188053,0.214503836401961,-0.112544326234516,-0.119997752896561,0.137415102454001,0.119391840358352,0.0332730414811539,-0.230057165970901,0.0585019271714504,0.108993374952518,0.0155033089924029,0.149910834040948,-0.0160456000619158,0.221762482103657,0.212679366754591,-0.00879163870036955,-0.00504976298672866,0.0925298837627247,-0.0181201750528041,-0.0197665014938043,-0.0834611888213141,0.192338255276583,-0.115396897988097,0.148796101416325,0.00450663507668474,0.123153387903211,0.00774639942433059,0.094124386762616,-0.212056270190746,-0.113836271181466,0.0213078191259774,0.0718724254484771,0.0932406431733394,0.0579156406224235,-0.0247187982952415,-0.0156675495697753,0.0604910185826829,0.0521184296434603,-0.196054383709882,-0.0277706823653413,-0.0462413267706887,0.0364666680184526,-0.0982501623234824,-0.13016543258717,-0.040562849529006,-0.0319781452174403,-0.061599627133723,-0.0134723814068707,0.0334815147497438,-0.131695788427005,0.0153250600996708,0.0135806601700228,-0.0292796008873051,-0.192313456454462,0.170882801544408,-0.178775632643286,0.0482225940695545,-0.132073789476756,-0.157893894900925,0.10119528945208,-0.0623585859114838,0.0228801579360943,0.0634883675331691,-0.0728052411606444,0.12382438402445,0.0294274727286139,0.111845467447225,0.0994904138580626,-0.0147935397673714,0.0217928215148725,0.0285393014377289,0.0726782552680705,-0.00701861361900881,0.0558220992741879,-0.111272450955489,-0.0938956826710692,0.236536122003219,-0.0596550601882398,0.0296306048767488,-0.137355328171305,-0.122133048642329,-0.0955409815180898,-0.137520746403139,-0.0714352573039993,-0.0324051048724039,0.13048415157809,0.0127616920451773,-0.0644062958337559,0.153403494765887,-0.0424120119878406,0.065402687118599,0.0309549169647749,0.0259098590764996,0.102021744820579,0.0165803051488991,-0.135660536715341,0.100010751050525,-0.0796921601750371,-0.062277742443371,0.174588304917062,-0.0889841803370595,-0.111484785148616,0.0654521940522146,-0.0762929066493591,0.0883765873601814,0.225915507534292,-0.13443625723306,0.0149755198583654,-0.144851158898339,0.00857983581868368,-0.0755010314147542,-0.0183194919643084,-0.121027672294327,-0.0107207808689166,0.00815080460007803,-0.060189824177871,-0.0283199817754242,0.157553023214889,0.0493771379042577,0.105295142871708,0.0305796204585297,-0.00600460509779031,0.120349838078715,-0.0357425089837309
-0.126972108588106,-0.0143366058445593,-0.279408781096496,0.0931747574464803,-0.0238255933698136,0.0499197368442261,-0.0797258325684213,-0.0276832886633042,0.267641169371048,-0.135451302166774,0.0289502990961643,0.0530703689554769,-0.0512074679742915,-0.010542900105106,0.254498904754513,0.0599585689372394,-0.0310769814600857,-0.0278269272479776,0.00269443021933985,0.192772087491522,-0.0370234237435047,0.046047980117688,-0.0347618410628793,-0.0455328839348368,0.0723071608939369,0.155138979115174,0.139406388917988,0.119494833316744,0.347021051181625,0.0521147776436885,0.298079679067056,-0.149624903360596,-0.226856194138916,0.107649289250061,0.0275724070751661,0.085122630137749,0.147170202561209,0.192441317834166,0.0857858907048437,0.113705618327172,0.194261762589582,0.259939991380227,-0.147338537824961,-0.158982791940984,0.144514853837043,0.200839033527201,0.204920542299653,0.191524081735246,-0.110568927496936,-0.0866196228041146,0.205001724781296,0.150667068487723,0.0437192919613729,0.23063132790066,0.112687890890423,-0.0517154231138716,0.208614149139632,0.177876618982311,0.0011482513381874,0.216116876265338,0.312801570466345,0.258208714313268,0.0886162757490586,-0.0802985221134448,0.179417258852807,0.170160485630306,0.0907142909307598,0.231545987649335,0.0588974717361636,-0.162598135475531,0.0304832512279692,0.049729127969919,0.19014049397064,-0.176564090082651,-0.115178012192907,0.114610446940924,-0.0951231563388894,-0.123914175386577,-0.0334511975022354,-0.00369866033345827,0.0103519610079833,0.127925144601548,0.0608354484149738,0.0653215512653497,-0.107908843150171,-0.0711835452235428,-0.136521454158188,-0.0551677650461386,0.0331340403958217,0.041747951724256,0.352895148761178,0.0994871712827403,0.225356847144496,-0.255811336753405,-0.22490951691791,-0.218582852627463,-0.0110633213181224,-0.178817820599103,0.107637944572597,0.129086702454633,0.0323574987921391,0.0407777783125032,-0.0588021556169424,-0.1456513246486,-0.13944104356856,0.0804879776272594,0.159698805962082,0.279759288416234,0.213787599214785,0.0888201934007679,-0.100065329804403,0.104558993223502,0.0989225751966035,0.053499187727376,-0.175323154640599,-0.181576054994534,-0.148198567346602,-0.076285667479367,-0.145734906164193,-0.0267678967561883,-0.19999060780839,-0.0192792493926325,0.12999799766722,0.0742532008414345,-0.0839363666451485,0.00226494230831085,-0.0722130526231567,0.0425503646013141,0.0334639281520322,0.000553304264743024,0.37173009106851,-0.123654190748734,0.117260926416172,-0.0499592069920866,0.0195434036441088,-0.000936795360700751,-0.00757816293878535,0.0626070394611727,-0.0916938555771605,0.166367841944745,0.200033377878748,0.158428185794554,0.328805271855465,0.000348286390828074,-0.197556530182279,0.0440841359975065,0.148906191469897,0.0718523413003937,0.280530855336462,-0.0431792289271388,-0.0473260591447621,-0.021616270020512,-0.0371059788148087,-0.119041707396036,-0.0620260998385298,-0.165567515489294,-0.0836383649449451,0.175599593820566,0.0799887087006209,0.0968942222562969,-0.0539135342261194,0.0763422757666524,0.242730056641526,-0.00199008609185598,0.1154787199319,0.10513375054425,-0.065280709264874,0.294775753169494,0.0972558675656392,-0.266241291469746,-0.143113505311716,-0.435305731055182,-0.133168735495712,-0.103222761630581,-0.0356907337689955,-0.112878977130224,-0.0872634043028344,-0.285402795453642,0.109810074848585,0.00274611841220497,0.0137120141407683,-0.10983387896719,0.00695827861446631,0.180869996020629,-0.0557677779535639,-0.18095282877946,-0.134287560713206,0.0305353902081532,-0.133409206751625,-0.0878709252483215,-0.0187088659859502,-0.0955206420699029,0.0714341748800013,-0.0128413905525195,-0.164927376603172,0.182767763530784,0.0221264399799215,0.000821171093368841,-0.120901810561499,0.0530262809632417,-0.043902911335231,0.0172026362931942,0.162865454479051,0.153007557556363,-0.188743958073989,-0.0454855489642225,0.0422035933431444,-0.217282760612954,-0.079379170573408,-0.0380746047181168,-0.143989922309489,0.145273367798426,0.191152895216785,0.0142704757137952,0.433846170102119,0.189204276062965,-0.126395870140515,0.178442991470537,-0.0570114955367113,0.0366863665876818,-0.0140635949433331,0.0970785754085086,0.0276603346411851,0.0934720472162058,0.315990411619302,0.104977856551294,0.215654789846855,-0.169403325218363,0.113204357280359,0.0292541933419771,0.0212150748108184,-0.0982302369779937,-0.0786311794321989,-0.355060960920768,0.0207364102878699,0.160719475652392,-0.116936435577504,0.0306954572057087,0.373722073330204,-0.0183253835258105,0.119544811165205,0.146344741334366,-0.0736715440944797,-0.0424665255455562,-0.230529506463506,0.0769802374996564,-0.191922477491029,-0.0793837066914651,-0.0514660848747963,0.259401451185223,0.255996176958949,-0.245542461087154,-0.00214072938559552,-0.0121932133041531,-0.0572609316010345,0.0546065928985626,0.0928944948964855,0.0758272136087949,0.285339949781318,0.418110957600564,-0.182571730105652,-0.0645099525304115,-0.270163682358664,-0.0686735281471849,0.0808753467774542,0.0232249292006756,-0.159376509174819,-0.104507385432441,0.0958726234466829,0.0108710970628787,0.238731143060467,0.277162460971967,0.157716419069355,0.195985296157097,-0.111911937570559,-0.0859806122237574,-0.0699458261976263,0.0230528659005735,0.0266471879911976,-0.162956528756389,-0.29618905352916,-0.0489836201322048,0.0516316331041375,0.0462891198561245,0.0157585539862735,0.0394287451126323,-0.160528252643759,-0.0234084177216878,0.10286483166072,0.135314191124475,0.239328822876784,-0.277430361019698,-0.242675153756521,-0.125061396197389,0.0802885712735829,-0.0421327609293771,0.217152171222227,0.0418499936768318,0.0964859900566315,0.0747762561976311,0.1959224699393,-0.121690091989998,0.0213580526421254,0.192379494117633,0.125993813212175,0.361609283366811,0.324515795430138,0.100840105649777,0.0851804003271126,0.175643784604299,0.0752858280202379,-0.0649553325712916,-0.027043221118762,-0.0986934553472479,0.180026431458322,0.0910149046549143,0.242521481766187,0.0328236552001068,0.11012823022319,-0.0299796546545248,0.0477212363473982,-0.00795526652855625,-0.0129150203305162,-0.186872349463113,-0.0622526425745617,-0.0537755006147455,-0.0508504299483109,-0.205178596203738,0.00700345219354787,-0.169940590097305,-0.120120631687248,-0.0795976247723896,-0.317698501163346,0.103589225116191,0.115428944817853,-0.0283914289708381,0.0597744469918757,0.19091915110866,-0.0781468609820801,-0.030734795280104,-0.392258330084629,-0.0518327917627492,0.157760324805471,0.262190224034927,0.033068415564004,0.126527911275796,-0.121726195494823,0.201527076648705,0.243905758994849,-0.0503165321657425,0.0807005016677621,0.0650299337132871,-0.138984947808091,-0.195630386264964,-0.236379293611479,-0.270866158054465,-0.154639197240449,0.04561467805357,-0.0471512519676512,-0.0273745118351631,-0.217787637857527,-0.0508412353502596,0.224481239131196,0.123884285734225,0.0909077952527053,0.1479339307734,0.138048389334546,0.213796713788023,0.222111262773793,-0.0579604231263064,-0.059043468852289,0.0362903667075863,0.135246040836189,-0.170247188317547,-0.153439131986835,0.185144191286122,-0.0560545574540958,-0.210664243752576,0.0559539709797843,0.169557170859566,0.182171437321297,0.0977870982362705,0.126536492523081,0.414082923854135,0.28027307544603,0.0759719723505918,0.149510709873228,0.177542703020127,-0.062917191137386,-0.00385722982497449,0.225862384983114,0.163693489029303,-0.0137964787271686,0.178272090358514,0.00229143318180763,0.220512281665707,0.286074373047285,-0.00553575321769072,0.0143212313673277,0.045357570584703,0.123167975214956,0.127252135604267,0.0566446560659138,-0.00962153275160041,-0.0616270470984817,0.0580906610130715,0.0354663157431915,-0.00478546120522012,-0.0432889497430915,0.0887983827287368,0.238134355304643,0.215965064838808,0.16531933926971,-0.157223068435613,0.2055861035596,-0.0407518060983708,-0.0198996172797603,0.0997708019460677,-0.0354176780562578,0.0603268009449646,-0.210979815044017,-0.025156386146894,-0.154312492420589,0.0644377856944519,0.0803813420014617,-0.0408820632594417,5.19870612836759e-05,-0.0361306404633828,-0.042176969640708,-0.0401187982348995,-0.262369076448342,-0.0298443379589232,0.0328863791829184,0.0410432588421064,-0.0909677985007838,0.166041748497319,0.0486119841464333,-0.127503667199854,-0.0770726832356268,0.280842628559454,-0.00774454057047284,0.225031533258593,0.165902503169341,0.0648571186756597,-0.0167991469947375,-0.167392679427704,0.0289135877073385,0.119490637954294,-0.0599733742765824,-0.122316796875479,0.228526759596173,0.218180433947846,0.102789729154899,0.0897314784679381,-0.0043331831058117,-0.058254066239763,-0.0116185820588873,-0.0816403810515983,-0.0557671719887419,0.0812327895520534,-0.143604753424168,-0.189312587294843,0.166686219697584,-0.10223237981496,-0.24471610933764,-0.294184225077526,0.149963651490597,-0.00249716065010837,-0.0529432232285893,0.143894478056459,0.180629733689783,0.0934593720986333,0.0517885041855864,-0.189828343651563,-0.112332534116202,-0.157231284490466,0.0492835328424555,0.0251608942815826,-0.135264160491717,-0.0401006533537765,0.0272329010838495,-0.0986352953003383,0.047933585658815,0.148443163196138,-0.0374534318792663,0.285340806547586,-0.231775986161029,-0.0787595789663475,-0.0968296918351317,0.0813467086316909,-0.0585935985263743,-0.15926017262587,-0.237831573968028,-0.166847760797129,-0.325245472124705,-0.102480076977448,-0.0948111410709492,-0.080953385714309,0.0397890931592838,-0.0460330198013569,-0.0790953068032956,-0.371958734523221,0.267594206245678,-0.0784899710610695,-0.166577201141637,-0.113673359815329,0.220318826787012,0.0986243054457615,0.0126745686086032,0.156059404699056,0.256602475081797,0.0529985630426828,0.343450109312023,-0.0642977708771998,-0.162386185030753,-0.0454682304386089,-0.104399974432922,0.0983588883927801,-0.0693026390187172,0.0757171536192168,-0.124437834675975,0.0996780510606141,0.0774460162469988,0.291038541437021,0.0838493538413937,-0.0658483443912975,-0.289402346452636,-0.0419250101461416,0.0555925716646665,-0.108981586271167,-0.170699215355389,-0.311272851865848,-0.131257491081125,0.0827299680188978,0.0727344706964819,-0.0769972296789347,-0.00141379694781669,0.097522425402175,0.186980634132264,0.0343640772860779,0.229997445715406,0.0461367996747172,-0.158027879055473,-0.0808651669677445,-0.0164572232439862,0.16327752666684,0.0038830979197845,0.128189056193999,0.0270681295917589,0.0842612282087612,0.0289761368020268,-0.0647343287358892,0.294760548276519,0.0149972684772429,0.104089776598395,0.0864316399297112,-0.101882152049903,-0.206312676511302,-0.0374951194915088,-0.0101293205739371,-0.103620112804629,-0.132501796274509,0.0442487472769126,0.243362019952459,0.343782685549686,0.143163580795577,-0.133445551888497,0.0589521811626048,0.181474797501343,0.0849837593368844,-0.138500241778879,0.113739706832841,-0.138624013128907,0.100859520557843,0.00856156494225967,-0.13113564146038,-0.212892995255305,-0.146607892285612,0.00544137023463185,0.0833928857379668,-0.0111002309996502,-0.166061791092046,0.043164321724969,-0.112778626185297,0.0865356306304514,0.0323545813892084,-0.220574048410728,-0.0904491711681054,-0.0100404430120143,0.181151448725828,-0.0437958038240349,-0.0413654368850418,-0.159269288211186,0.0584152511674831,0.102778657063069,0.203205427522681,0.220063169326793,0.361060161544409,0.30221883752902,0.150020840430636,0.115832657307183,-0.262611366796774,-0.10470689272413,-0.00637004761775123,-0.232800717439354,-0.136771818533196,-0.0780312861089687,-0.168359358369768,-0.00544561733315231,-0.0932176669071892,0.258766433041213,0.0778330492222747,-0.171967789574074,-0.0130688897922883,0.168806787946531,0.127441668030145,-0.180711808187199,-0.151000948345247,-0.205742685378541,0.168028519133513,-0.261800014605482,0.0249454131149843,-0.0975141402330436,-0.0691972374262378,-0.249701970975438,0.247369317108244,-0.0125159150630361,-0.107506715576173,0.307138099787791,-0.0332013975641701,-0.0331374583534451,-0.00292242731448658,-0.252425238548322,-0.271225386512191,0.0440063909652516,0.0774222648357944,-0.0326938219156818,-0.0481663755954731,-0.0319535479556008,0.234510004424454,0.15394030822659,0.182752540265911,0.00936276348879302,0.112287561637737,0.0943721454651344,0.0520662495812169,-0.145639912877808,-0.0254955032501946,0.127359987689539,0.158865263311299,0.0954064687053012,-0.0383435628893279,-0.0653854310887843,-0.142473849754644,0.0532321350108133,0.0485837646696768,-0.0163367580047886,0.0439360350703448,0.062840495846151,0.0200898628289185,0.22538822937947,0.292248841305733,-0.0285914721539038,0.103721215394109,-0.217846438130563,-0.147510373454287,-0.0612489884130881,-0.0331219213634297,0.0725439191944814,-0.168946266232873,-0.0685649908097648,0.117384255382896,-0.173133055659778,-0.0321752949687576,0.0152559358811788,-0.00940859434653082,-0.213588309108403,0.262829324194612,-0.0290750504203147,-0.111920321417102,0.0428325490272628,-0.211799374240448,-0.083543534781464,-0.0361578867405535,-0.25128281508045,0.0665519230012147,0.00301108922214147,-0.197084943565959,0.0381170301963719,0.0839121858434134,-0.00657227074255076,-0.254561895363719,0.0652988469791677,-0.0999609277468084,-0.0837768378686669,-0.0794458633947484,-0.0445422040376138,-0.1604875105523,-0.0394604189158694,0.300023123023785,0.153341847987138,0.165610246628832,0.20311584847758,-0.0646695358803187,0.160222410709024,0.0917363347729772,-0.0644409861357133,-0.0291384569650145,-0.0491381495657098,0.113712528724664,0.190074916225826,0.0727891864293559,-0.198886996978964,-0.257396511025174,0.0167728536264256,0.0671859494967386,-0.0556065161193279,0.0231153414434394,-0.19547705062696,-0.173462396994277,0.322169686000133,0.150323373222535,0.152967053170828,-0.0149582298200724,-0.11390246402336,-0.0187674275040036,-0.116492122125676,-0.0419530297100018,0.118513534479589,0.0724647336018081,0.0813705772248439,0.342716664342412,0.133563834616077,-0.25687423130652,0.0110476166397613,0.112968630560377,-0.146393750446577,-0.0139128382728117,-0.0478091110442795,-0.111089787585699,-0.0239696238091433,-0.02493697108282,-0.155924012878951,-0.132515336991012,-0.138408795283328,-0.289336903022582,-0.16704870776935,0.0742639987839091,-0.0313476701717881,0.0747185389422342,0.0381072508258786,-0.0247540999000987,-0.218404128499611,-0.226325721421381,-0.20748854020923,0.231115264984946,-0.361261716339473,-0.294718473222782,-0.317571063172512,-0.0380582419706746,0.184707145330354,0.0326965182685265,0.115995092871574,-0.0424257900707398,-0.0777317949109825,-0.0782566376000272,-0.1528059716827,-0.132162505176412
0.421413066945509,0.178265258299461,0.419633300979775,-0.280214306516037,0.317880740660148,0.115565581981251,0.559037181417044,0.247947646884057,-0.428651505963932,0.413716062500487,0.179918828715363,0.0526340826163246,-0.123484677659885,-0.220656105498102,-0.739699635081674,-0.276211791330847,0.313314620676531,0.0989411429490758,-0.856414711545852,0.138110348250147,0.370751698923052,0.158895699928732,-0.226195726019028,0.0342848634516811,-0.426028963793657,-0.620004752418324,-0.451069240920541,-0.284956963433133,-1.32574039472043,-0.641988859071058,-0.593623357557234,0.602387316021646,0.777676771382805,0.0484982925166348,0.127185182605473,-0.312945567362315,-1.15276789453575,-0.879875532235175,-0.619128030030754,-0.518035453182082,-0.097300268446628,-0.468824807901912,0.533903417356091,-0.10315386492415,-0.353711231628777,-0.332974193912387,-1.01651910405008,-0.450998698305328,0.129236741957515,0.267058834491144,-0.588414582111538,0.34631015173122,0.00626665028139377,0.331271237141555,-0.529800667327183,-0.708014175410054,-0.574000368478285,-0.746707162967469,-0.267205786551302,-0.493671248023795,-0.713839140559797,-0.268373116714445,-0.444240350454808,0.0338833522257336,-0.225882674709011,-0.914705004023946,-0.0220320548519234,0.0592285063126905,0.00781019860106121,0.167416900059981,-0.0774120219811714,0.385279250509379,-0.518329781276854,0.00451362356653888,0.252588767304713,-0.11589332097849,0.360061729460238,0.395105877635829,-0.316465016258674,-0.192405650191438,-0.0740401405547254,-0.228980738738912,-0.0699194628084187,0.170171231177257,0.123437055758303,-0.0398783407363789,0.589734682008623,0.276507441819261,-0.136691775641027,-0.0084191550229822,-0.996370952364877,-0.451139923991188,0.558665985596189,0.632241557001775,0.146169846259746,0.275213295192282,0.157755405190368,0.902452508334735,0.519185947177162,-0.293077705309514,-0.326126179054256,0.0102960909334572,0.474684205231054,0.108995123985842,-0.0235448287879175,-0.667733964259238,-0.842061047022514,-0.829756034546678,-0.245397446655924,-0.104851780216433,0.580245205695454,0.586478090196673,0.0566947913652217,-0.200429706203753,0.158302924020762,0.807983794984608,0.549034217492736,0.35783275049799,0.283770378235307,0.621441258858098,1.04460697899696,0.0893494201314805,-0.371746768510542,-0.485725217929843,-0.0769091768469451,0.417274741759818,0.161129002935306,0.372942733705175,0.279941142071585,0.065683549552289,-1.09800721637246,0.219378844214927,-0.371243150778899,0.0578389780277845,0.0934381410809112,0.101120402091167,0.340028532465543,0.072356931178925,-0.129229818603274,-0.444931502592316,-0.523169193418905,-0.835135999909868,-0.860007463164225,0.040325650161096,0.492970087448454,-0.245054566435888,-0.285989914956365,-0.290338581610065,-0.318035172487019,-0.511764883089223,-0.434707558387648,-0.237113748381427,-0.145951167339616,0.197326015772392,0.124481786090656,0.459575816403305,0.00409468527035781,-0.226820004831737,0.0726124800837456,-0.478812649813119,-0.16169436393307,-0.261126166605557,-0.572357570960863,-0.0461172210298092,-0.0415163037565186,-0.0183840878340558,0.259323691032324,-0.774646932949827,-0.00109776322864387,0.601093496427545,0.126597923283681,0.741189884493579,0.533915710020758,0.683142428897949,0.908840389034232,-0.057755478365795,0.255234846943332,0.133521018387281,-0.0395173027492096,-0.124536885580756,0.170902297225782,0.324450757213925,0.208745919013265,-0.362480899730747,-0.34714352105698,-0.0846138790386603,0.09097835489529,-0.0871101329094118,0.952097064462375,0.41374303870954,0.537571309207728,0.184881808116491,-0.021715946865237,0.690022390552669,0.640705854106167,-0.419902160749962,-0.144157105407473,0.0547484951919377,0.349778748154136,-0.31432874609994,-0.175238509722273,0.141358418366767,-0.685684492894823,-0.218085639328205,0.816828484776372,0.341472677941485,0.636830335419585,0.779442861834887,-0.0228120066613802,-0.0951126802094817,0.306315888092378,-0.545073887132659,-1.02614189880408,-0.705010441088794,-0.492146211241017,-0.152814288037879,-0.198134993800445,-0.320641931225057,0.366550407830222,-0.168948970123292,-0.676061075782047,-0.244529999104803,-0.0791909313495755,-0.608635358294253,-0.972087639826168,-0.0863918307696921,-0.342628616117052,0.438741859102118,-0.322379563416805,-0.295523357762283,0.362653836434111,0.25187541761855,-0.10612510381117,1.23753042428046,0.433141703699065,0.0268453381968163,-0.260485298302629,-0.44544677557523,-0.970985650565266,-0.596116546587732,-0.44452859317448,-0.36325619404607,0.0211602235743868,0.568831651530449,0.550034685930265,0.319411739579856,0.788678711066826,-0.177392599396134,-0.181717326187416,-0.198930746495006,-0.0791612851181197,0.286290800815918,0.44792204050769,-0.245106912555432,0.114569886249433,-0.382991180622254,-0.604484713099056,-0.418736471141503,-0.76595310014541,-0.445416464158845,0.545433200290709,0.0676379260442465,0.816911135195731,0.375807342954557,-0.157909487741355,-0.209806608939245,0.0788595199087817,0.284557283942488,-0.691285855541892,0.0225077781363847,-1.33450006266313,-1.13597480455837,-0.633453123624579,-0.616696288629492,-0.0739647094760457,0.00248152462635279,0.0707913880163908,0.522054085030733,0.308939399842643,0.659213856277358,0.641138866986201,0.18225321002138,0.216839186548256,-0.487981820742592,-0.411672751893233,-0.171327343583644,0.453505832478332,0.12559789251565,-0.232925501436169,-0.816629949819331,-0.821212822449348,0.482749303745504,0.507338097006688,0.688239975912895,0.380919681928818,0.11220479580235,-0.623411064122245,-0.184097875848323,-0.213487886319552,0.297437636404657,-0.522122646907515,0.0240802657708328,-0.588243395173583,-0.815924545935356,-0.13302303786031,-1.21906640331163,-0.552850768165733,-0.63647986950928,0.0249827585581933,-0.418240987965348,-0.509265287892872,-0.0283697700527412,0.08224082035475,0.296840327493323,-0.421026074038615,-0.338425002458314,-0.292607476626957,-0.146142993912371,-0.283483162552873,-0.130321191358161,-0.314129869174518,0.345501781536022,0.384020932996523,0.908659203255586,1.02869950348988,0.142703442996154,0.24297553084034,0.174797950001595,0.106569261606201,0.182947343751542,0.338001156119409,0.0337144170508076,0.517850511584248,-0.129748347674119,-0.462440150358286,0.095459070191617,-0.717960494026197,-0.557839436264059,-0.372373958392519,0.464852171677983,0.468410688160278,0.205641636032342,-0.120585716569009,-0.187945361271084,0.00351685497919993,0.166100962329609,0.225148455251073,-0.427717370479777,-0.786542607604722,0.240739428138737,0.0214390071114236,-0.400045110659295,0.146532344194753,0.20654199990247,0.582083559244583,0.858829491877919,0.878777493644705,-0.175021774311323,0.256063491112422,-0.15833467666921,0.403290924028724,0.213395960395698,-0.58749742939549,-0.52007900488308,0.186020266960293,-0.760101774124506,-0.413991595801215,-0.688537833180519,-0.388417131722902,0.242679155990548,0.164986603322302,-0.706837245921491,-0.0767910790227511,0.538625478553717,0.350304230271124,-0.0652572591974757,-0.276423696924451,0.579591603061333,0.244290388829583,-0.323466529075666,-0.273849404267002,-0.636213555756587,-0.487301996514504,-1.0973597550027,-0.732591385598938,0.105715247343483,0.00764694895736039,-0.652351091584804,0.125406141664513,0.00839453573135554,-0.12387640193775,-0.515736191634208,-0.276413561314891,-0.653395094691313,-0.434053352025886,-0.953257719183139,-0.750759138944185,-0.19044558782113,0.10433815242174,-0.0871674087929257,-0.463348701905548,-0.294802930249174,0.00826903170684842,-0.477609411919751,-0.201960069144073,-0.261677936656601,0.534555813482992,0.164632282151782,0.0795761988221513,-0.580241667309075,-1.04096827102324,-0.627533691617575,-0.0771065094202908,0.153488279551084,-0.12391716940608,-0.519558807825079,-0.161952498263207,-0.384740844282408,0.138009209121217,0.174095507400394,0.353318498049433,0.213325080751419,0.8309357467476,-0.0810761189433822,0.199913694762965,0.464742809828404,0.109874269462253,0.362323968533797,0.688413846541859,-0.0444121344966181,0.574872278593477,0.241638563716657,-0.203286999917518,-0.104742933197939,-0.206846180809934,0.0223163276675224,-0.0815614573978212,0.244738692921124,-0.12660623387781,-0.930965696403047,-0.00596674220999011,-0.594977486850452,-0.38736135519834,-0.307717736874681,0.0457795680139691,0.562947702897449,0.168762787483729,0.00126523227195621,0.0763349777149931,0.427054996839592,-0.680580113299793,-0.241801005108953,-0.459867006175223,-0.107344277545079,0.159773350132149,0.60172648868668,0.670615846315656,0.193287439631352,0.0718265524781194,-0.571833665557163,-0.461799222806974,0.171840061944902,-0.186555762739426,0.355464692971299,0.55748528458292,0.735365437434994,0.00594251064989168,-0.114185262372366,-0.302865991624958,-0.623329576484232,-0.387919350803335,-0.193255487103193,-0.19529589808046,0.167425688496375,0.291096605136265,-0.327333473148868,0.536255538203725,0.494864514005312,0.348434937111352,0.325957395586963,-0.435567607781827,0.199702357249515,-0.43638981721086,-0.113253404858594,-0.264018465959659,-1.12242254677632,1.01166564386825,0.344108311681804,0.30986836492688,-0.0623012389154064,0.429017188757955,0.53280594642746,0.182858502957139,0.536600378072527,0.619118202827325,0.292938991271495,0.183847385903962,0.487430084670517,-0.222106909118699,0.0547592103371886,0.365043953131717,1.02363658018607,-0.384564201537632,0.162690990169145,0.548020297040147,0.420905930041028,-0.547181876197082,0.245321521288395,-0.0960240921438799,-0.703610861594412,-0.575764864810533,0.0629906435435163,-0.626996438143532,0.329042252660619,-0.291131880996594,0.0384681859249073,0.155490083558916,-0.207865823519856,0.176607464382828,-0.189131153783167,0.272566821783601,-0.0873162953043015,-0.575694007126231,-0.433847551979345,-0.18313127473166,0.113963456234041,0.731810804941289,0.105822589597585,0.0949760659506667,-0.0355109618899565,-0.144707078346447,1.32878306742267,0.242741174704305,-0.642902937551908,-0.389635921151652,0.458302639570826,-0.0249481021944535,0.411408925388112,-0.507362357170912,-0.656704563161284,-0.654784475784566,-0.293234161924548,0.466561780920296,0.115997225414255,-0.0812544387119228,-0.658201740864246,-0.657082030108115,-0.724955321194606,0.281680302612309,-0.410317088094095,-0.221574540566286,-0.743466173539656,-0.846144189323736,-0.607689621885448,-0.503248215225141,-0.102921321857062,0.0801880380066307,0.673889406062361,0.402661240317228,0.131806936507763,-0.179933142450977,0.138708243637697,-0.159243227281422,-1.29837929724452,-0.705096638670492,-0.350535727306385,-0.197816417931316,-0.150155388147941,0.283071801202064,-0.305250820229959,0.320801225734724,-0.405686112914123,0.468917684852685,-0.141541744996548,-0.391492619178423,0.746853735562111,0.513249421752375,0.490677056789164,-0.115056220580915,-0.484464538664298,-0.0417766928065673,0.629514574392104,0.645711905237219,0.0868446929227636,0.290620074724692,-0.255595233348884,0.200915298450653,0.358156950716614,-0.582728807207858,-0.126754168543556,-0.188667786675971,0.110552300832976,0.174287753912424,-0.492311805167438,-0.0120167742754307,-0.220951221032348,-0.81283876966254,-0.731526181075498,-0.726238235956948,-0.636105385442391,-0.299021447203813,0.180925904269534,0.14160221334018,0.315385563796613,0.540850477859895,0.425221680371401,0.239549911571397,0.121111496094697,0.0772576619798968,-0.0776536841646444,-0.663286015054418,-0.365113587755297,0.511872245130734,-0.0420940205592358,-0.250053419623857,-0.253378407502667,0.657073776777264,1.05110650911812,0.243177407121033,0.337494474181582,0.479214090393671,0.0630694180984548,0.737662269031635,0.264267332061887,0.766642388242523,-0.143955999614356,0.599750984153442,-0.448309865819664,-0.543745165104885,-0.129277280866682,0.295610151930908,0.42818331955991,0.746713960785163,0.914393988467673,0.532879038714929,-0.504685005709987,-0.00186819687319537,0.400140685551188,-0.00410487930105482,-0.989101773093077,-0.868583192842505,-0.200642281267023,-0.0697272479250515,-0.460357488674005,0.100881440205873,-0.173620433260824,0.185567957074035,0.210074930307464,-0.0610316016836847,-1.00910683075869,-0.853893301493517,0.0756874307014852,0.05795846446286,0.398965300317003,-0.289850907684004,-0.0742502395082921,0.277180659797291,0.25396737950368,-0.368763364920869,-0.314110945207167,-0.350291727950338,-1.25358119153792,0.00332573047745778,-0.140903808358225,0.340217451314539,0.0689945171696435,0.134300706836241,-0.0234707400963058,-0.494628890312567,0.433176003738737,0.526368832290453,-0.320750000786374,0.668049112814474,0.379424635753444,-0.172649645525174,0.211798252773625,-0.0427807182980332,-0.216944075507978,0.0956195533800601,0.335114862816772,0.717864594493911,0.874465435321995,0.619808267533901,-0.043234385411869,0.0941915959772823,0.193195790613359,0.253255905621713,0.400871447393341,-0.0837740134767668,0.0387358064803968,-0.4167642293353,0.236766251135494,0.197543024999794,0.805405604972091,0.369297176666311,-0.282428945444126,0.316330199472284,0.488505718571167,0.280468482279453,-0.629208584761052,-0.664904636291437,-0.568528645827743,0.173805783156808,0.243291812598306,-0.274832350357523,0.0181859758031938,0.353672736397637,0.366398535906629,-0.266147808599961,-1.02365323791151,-0.938545458781384,-0.565765686123706,0.122713945009803,0.601569776510735,-0.22887128419824,0.0194527858256291,0.267880891308251,0.216257676281737,0.392071006992817,0.0109914709839593,-0.876663411584196,-0.358777948522797,-0.52531329808531,-0.0696037404279914,0.830418982245955,0.0236304719111633,-0.0283781718245023,0.0950821528701796,-0.466109681682814,-0.122934100533867,-0.271810592697815,-0.703163981591318,-0.127439355888069,0.695931110244275,0.366711924373982,-0.179546079571094,0.298178799411411,0.390634772891602,-0.127690295829191,-0.0072710781372168,-0.240173949005555,0.0444515313518376,0.666662950928811,0.446908519200423,0.0331522530602302,0.911389071472386,0.170448830752037,-0.625838133311093,-0.171452103970969,-0.332549130893094,0.00536401868933399,0.226157953227216,0.761658288138193,1.02110837773601,0.77229483847277,-0.226256043549929,0.928445979745976,0.916424881481909,0.560859290148608,0.66586691452161,0.0158220167480148,-0.562226171641498,-0.537525389524346,0.0628839584152868,0.133399231339591,0.149371089251815,0.025327697829229,0.331696528788016
-0.522053165317194,-0.409329208013756,-0.102703419410845,0.436914663570145,-0.431673594935225,-0.0152084204935561,-0.529380914207892,-0.339901399228454,0.56837666058461,-0.302927457283535,-0.338431745813655,0.0405701494032058,0.249856487216077,0.409194989255183,0.884473250067062,0.558526426335881,-0.229057599270471,-0.155799667754883,0.702478572080999,-0.0276449816829868,-0.376375173397481,-0.0484019246352738,0.146566467274479,0.315931309467746,0.469859941733563,0.762501146976736,0.494814184429632,0.529917443766292,1.53004575318087,0.732375253291813,0.745987312585163,-1.06812801900127,-0.487381382661257,0.0257023739299297,-0.225807522144695,0.576026716058769,1.30835104416604,0.611820033387481,0.901043187070866,0.889178256292437,0.286331528798987,0.542460961124421,-0.579191224735499,0.0260794782241684,0.739473107772757,0.534208644352218,1.06717678575741,0.509042630324875,-0.0964775217350718,-0.371197176927712,0.635837185585322,-0.0673873678535351,0.220754622168286,-0.160718586578913,0.430445660381505,0.677109056225209,0.624176777206935,1.02550259767437,0.40523007339553,0.612154309071577,1.02453649325787,0.428724650092136,0.455029104348579,0.027647339999332,0.31047275846874,0.968563213664625,0.034440417196664,0.217539398737552,-0.107110815939628,-0.202195369316392,0.154045324067779,-0.576846642051174,0.507143848028098,0.1360460694595,-0.437354099832552,0.0586330804763253,-0.528623754126122,-0.474615128922441,0.0727796891060151,0.1306104206585,0.0950372419554283,0.551309369753176,0.155248493251249,-0.06753218833453,-0.301108319804423,-0.20027267901322,-0.673129632722885,-0.29086622729828,0.259449516558771,-0.0763231165308229,1.4185639666025,0.342241234389176,-0.542205565229819,-0.876347200158136,-0.256792995371618,-0.269801715860745,0.0192177864682057,-0.901747725425136,-0.520286604733997,0.384839429138716,0.338167546268467,0.163845296064671,-0.570202792413133,0.0370754845698107,0.187014879881972,0.661332281788749,0.937560024478427,1.10634812948926,0.233890595871757,0.203679901783484,-0.387232202085318,-0.676340610013078,-0.04814018555923,0.181710789799545,-0.196529985582442,-0.774939524040009,-0.67389554481263,-0.392040980994155,-0.424241828824908,-0.788850711559222,-1.07099774890611,-0.375482162275365,0.378068900048228,0.767927814314137,0.128944477246916,-0.300752984856514,0.00473134710713893,-0.393367840678524,-0.248874473419331,0.0868383360549116,1.25590370665176,-0.195643498329141,-0.00576088808940362,-0.326454731537166,-0.12062610586553,-0.226687993594058,-0.549693485188308,-0.176676897747047,0.446347688023659,0.330588370732473,0.68852002295902,1.06270008252483,0.994545556755261,-0.181548401768401,-0.496587525913013,0.189662143453907,0.359069182413935,0.344974283239555,0.420027189519129,0.519761896624198,0.158373828075531,0.331538032548773,0.398564692531034,0.0144524562937847,-0.0713611251023374,-0.643508096431644,-0.0911323740684227,0.299163040494607,-0.18475926586299,0.447327010296121,-0.0847382727187246,0.34488751079743,0.625912053946744,-0.113451754571675,0.0416235911245339,0.20977403566483,-0.0982000875745175,0.723518182368073,0.0457966175081445,-0.648443568731463,-0.47410333058531,-0.894420098612935,-0.625787234108993,-0.931416475056416,-1.06361716122245,0.192088463131833,-0.45533975704076,0.0807790164973485,0.221032459024866,0.201937669813114,-0.150429757951768,-0.539369450073988,-0.158316986797424,0.531237027057417,0.247096935086404,0.112968739187288,-0.0838772602793305,0.228560935730896,-1.12007145140671,-0.679138523254182,-0.845378237596816,-0.00264820797719917,-0.0249334507250292,-0.789155202717103,-0.853781879611313,0.592322671261342,0.257091834080537,0.00156168681039687,-0.441979333762437,0.18836711720883,0.0116243824274798,-0.0648027405216934,0.59863968858258,0.337173547585515,-0.907903505854076,-0.469640015597854,-0.784952473621825,-1.03483253164722,-0.239955100782689,0.0636502847316633,-0.397902243570491,0.623160261177638,1.46932691911362,0.73028201163838,0.966126124036577,0.0251727906096835,0.0614173941058154,0.521799298071887,-0.220041868067367,0.0735044251531156,0.901245723767985,0.201444224632283,0.138369311381559,0.74808006176591,1.3007560731344,0.20305177956293,0.428970441081767,-0.482359406159862,0.296427216213091,0.433090079970665,-0.313457042370596,-0.402892314222677,0.0721840085769162,-1.50810494501306,-0.585524832310247,0.305729143722348,0.355819420317618,0.730884475872421,1.24406992079065,0.950384552039907,0.604470962824552,0.449379014309178,0.201578675210137,-0.542426864638187,-0.483679907638263,-0.189871736167232,-0.947884755554555,0.254275272405844,0.447333432563932,0.315154474316,0.0980180689069639,-0.514732974145098,-0.609570668337801,0.300177438954064,-0.191037589528224,0.355456661540487,0.647194606529058,0.685782812859706,0.788577346189964,0.418970920862176,-0.634974331509412,-0.232928464067596,-1.02248677527291,-0.436066656615991,-0.0967838692961659,-0.152664015205972,-0.0767770166921376,-0.297877016034355,0.663426709566277,-0.0941221397114044,1.42619428129732,1.26138487917716,0.713232053012513,0.858866258057926,0.30716950781875,0.274232575877672,0.112395557155405,-0.878361913774169,-0.106994131057453,-0.941159425309485,-0.793387640760031,-0.408862771004458,-0.0588412867923124,0.341479460433882,0.416108004325163,0.163501466341235,-0.43948878272358,-0.134723713533084,0.421783884357381,0.680924492929757,0.742401562589933,-0.814361717409193,-0.792440492352705,-0.654649265597508,-0.567703220305248,-0.0849036823155917,0.721920294706754,0.318037320411116,0.229976601270923,-0.408301273157221,0.279276079449089,-0.196593378756399,0.377566034862308,0.92253089110858,0.0165749410304637,1.41783899360194,0.765584979503337,0.61481869509856,-0.165532474327229,0.567598166258679,0.541871177084294,-0.0507320496404972,0.0107600726455737,-0.373116575359151,0.616587754060626,0.26762277516641,0.591906761465025,0.0673480810260393,0.155569094811487,0.124706143290369,0.396114933761084,-0.253581797228017,-0.50765163222693,-1.1565641226335,-1.03767073215103,-0.342290530932854,-0.367715153423375,-0.0876338216677718,-0.0195516162877794,-0.169180985861731,-0.328108492550057,0.126225283824753,-0.290892102767752,0.0847698796393047,0.561482380383642,0.034895059161194,0.785494236711024,0.511797415281813,0.645047663137542,-0.457385191996928,-0.636945641286276,-0.0350959628405383,0.231275267124359,0.571000604214727,-0.429226920567336,-0.469870876831954,-0.309096019563502,0.427983503134028,0.885134332250066,-0.380646298160133,-0.219682861051287,0.497907146292948,-0.0987531678347681,-0.653789150958666,-0.915193718657715,-1.04050728851927,-0.885891355547978,0.112011091990694,-0.107797104600091,-0.0309271568678297,-0.737611220050415,-0.182912934043697,0.936924276152987,0.475798061059531,-0.0896319730875692,1.15499155595555,0.479807518309218,0.899646318020787,0.351717302063131,-0.447384519972321,-0.113357396077664,0.948748703939705,-0.0956849369793244,-0.602406310074655,-0.440776835048222,-0.214598632560551,0.435273964057214,-0.920539848703152,-0.499557885615986,0.355409232548068,0.203111541278664,0.663594831593289,0.739517373965774,1.23265806776454,1.12095363413369,-0.0914193000509139,-0.0520628823744874,0.385285559091592,0.115056054107977,0.165291289757348,0.0940859316875186,0.738117310965128,0.269450289234259,0.676743337220809,0.23775777835885,1.53127147881838,0.988922342294909,0.083682874671312,-0.0892907963312738,0.138612212897792,0.582073255904228,0.383857329218515,0.0824050217429519,0.500605103479495,0.53209949015135,0.157830666065106,-0.525511851433823,-0.260201537400822,-0.00944904554438519,0.838911708176875,1.05751710834483,0.732021126256943,0.240526621059428,-0.174087754731083,0.142759279118003,0.251675990396804,0.357566949466373,0.433765035652845,-0.139984853844686,-0.170804624450477,-0.253774261304998,-0.153229657035936,-0.933095376741806,0.129656185374454,-0.0339383237660684,-0.359472774276949,-0.258192607863484,-0.312057417536745,-0.769526074732013,0.297634570872062,-0.550997379519477,-0.00178733387497969,0.166272039152921,0.113338458909626,0.369282512302202,-0.0559786617128631,0.163204107950037,-0.209015197396238,0.220991695094663,1.02033188979543,0.182891113943582,0.678543326242025,0.658161792878715,0.177341745701559,-0.215076847296574,-0.567802740218755,-0.358884768945405,-0.13406407752629,-0.125759758849136,-0.366735242997505,0.883751817313232,0.593511956534214,0.493018603357928,0.194240106540593,-0.217044997883813,-0.470875231482431,-0.543693699639725,-0.283182188571453,-0.107557061718396,0.661363524115506,0.522254712048033,-0.264820595602965,0.174365977487624,-0.0878718865945546,-0.437451432525095,-0.765773499219041,-0.145254067894536,0.358877076552669,0.587926917621848,0.552571820026565,0.543418639603276,0.110488357615696,0.363125923372022,-0.0394646420748042,-0.587675879361884,0.0256952358966521,-0.399926702982288,-0.201253131016697,-0.483165226313271,-0.516607936391303,0.536273266207651,-0.379976683635307,0.316041545501369,0.284136166627014,0.243148183159999,1.43324571800485,-1.08097788087982,-0.527652284160077,-0.42254194704295,0.105146427535621,-0.438530695596024,-0.627905716461062,-0.235525353182276,-0.687491047348577,-0.511358718136115,-0.319852139018857,-0.446552054585386,-0.433200691737836,0.217272458894647,-0.0243825141003044,-0.460180244242902,-1.24624347173364,0.376652088412001,-0.0700206959904433,-0.487671772381528,-0.388675167852275,0.620798899448672,-0.404533141885551,0.155383829550158,0.938222486448679,0.690747907344604,0.0300337996078087,0.707797556772928,-0.443758706447049,0.237383529866198,-0.185627449821248,-0.385986675022794,0.124830297420412,-0.234223295410681,-0.0647176826827466,-0.280716973223702,0.306314228239278,0.702394212790644,0.408335576066735,0.18547088317932,-0.117341454100322,-0.706789609287184,0.0705707514032179,-0.118871914324684,0.0932393301877741,-0.0441757416669216,-1.56780958288856,-0.557344295990586,0.583429781404866,0.540081616270616,-0.615508130472629,-0.0062747624030737,-0.362351917947325,0.675995804746603,0.675827740217724,1.00257851333909,0.24425600308562,-0.433331407743916,-0.151297605684957,0.120576306296699,0.699113042368454,0.593040479475182,0.821945484390809,-0.453027863083722,0.61156434310204,0.393732225698515,0.774774809939829,0.918719790639298,0.563583681205964,0.736440803292425,0.331413308610567,-0.229205818570591,-0.76129397656283,-0.698297911089678,-0.108712105457041,0.307626351063868,-0.0288687073914714,0.0413034162233667,1.68039902940357,1.20426333507984,0.371461305198837,0.0061987833139462,0.177102716780279,-0.319280310392898,0.292294867282175,-0.183035185423424,0.352842104168498,-0.659305024213906,0.0958925273225836,0.434539426748898,-1.00318525832934,-0.885494275498695,-0.571987419345726,0.0886265177141214,0.396035999991985,0.106507510913897,-0.699463582852084,-0.599363051235451,-0.140518962456495,-0.316217739132147,0.335918841201777,-0.318124430433334,-0.481091157459774,0.286203062534215,0.226150861366321,0.0283930458609487,-0.124748699579919,-0.0983333832942433,0.385295547298525,0.0647200169701711,0.386305476211868,0.998730893906695,0.973072649019703,0.821335380958557,0.816050191447689,0.431084533678769,-0.601882994511599,-0.126399962469076,-0.439897960734085,-0.61341217881124,-0.429043683348695,-0.343801923858519,-0.199110315727432,-0.164162134404088,0.164621225775502,0.954373404548018,0.425839785913654,-0.708390247693905,0.160769077783733,0.0443037514508073,0.225451634364503,-0.788631708517685,-0.937409324163799,-0.301048261047854,-0.285248236693844,-0.398126183107714,0.20992137811323,-0.943891175420359,-0.429897135951117,-0.845844201818514,0.352061766973187,-0.574026054861477,0.634153675127145,0.536002868092059,-0.17252344976251,-0.308721634445639,-0.530458328654275,-0.662044658208943,-1.0428698107074,-0.59454795159784,0.387282549181576,0.230028402694178,-0.396068019340333,0.0174282602624404,1.20295430298261,1.2378875827694,0.323225102756372,0.362121539416646,0.642234170667933,-0.277139591828728,0.431738337617521,-0.32129808540079,-0.304080210084695,-0.144969201048707,0.967606010400242,0.892518941879786,-0.0498620394612488,-0.0761954070246218,-0.545979709329974,0.446699899418603,0.0603693593313316,-0.304063828695919,-0.165946676704096,0.567400148771708,0.373995992113502,0.364849873550279,1.36169158005841,-0.0425375033050013,0.135819869120792,-0.31033034890574,0.0285855889209121,0.101214781645227,0.0725026758927893,0.422652511270758,-0.301006765682843,-0.787959791603505,0.298559546478092,-0.777860034945715,-0.60314108585909,0.0484624653279226,-0.181562433915238,0.209139177979639,0.224147086092419,-0.245816745664976,-0.646901140781136,-1.00954902418674,-0.677249979341224,-0.921561229591441,0.0826716927961177,-0.0595450218793091,-0.162944157651834,-0.347436601705935,-0.587901900552504,0.142167248285625,-0.109776700250246,0.451102333493474,-0.380255304026642,-0.378096291822955,-0.832968390291361,-0.312557166428232,0.451478589889295,-0.173631657733592,-0.444943099701261,-0.490718744356718,0.719506365797439,0.386429829302493,0.610320206087546,-0.0864439864513948,-0.483462885251417,0.332363421104107,-0.495150601988413,-0.231409806218532,-0.507596293122166,0.36295138292116,1.0896609823549,1.09074275788133,0.590630941448858,0.00297432798457578,-0.428754051961165,0.0744981204821269,0.155158744537805,-0.336212113951509,-0.129036779453703,-0.596500454000895,0.0457489479041696,1.05810875519656,0.320018945063442,0.749411133937046,0.0987879210616374,-0.873660478390158,-0.111409901436928,-0.0842443553160273,-0.234824540110834,0.798926663498702,-0.0581291377812207,0.16030282380385,0.835271891962553,0.545077236766295,-0.97921300911716,-0.651247531558998,0.31912846866321,-0.326469660128193,-0.376533442640064,-0.153932174025874,0.0853616672299177,0.452825590559053,-0.193345542861937,-0.706959247294889,-0.542680494679419,-0.35250714330017,-0.914223392032107,-0.220642913130622,0.752937152525588,0.199209490971022,0.391340052317278,-0.0719485469527116,-0.439473350733897,-1.0149306710573,-1.02905025301354,-0.801334437299074,0.175461996258356,-1.04150774523346,-1.38261646843266,-0.60343411521045,-0.923053523453336,0.274800893924476,0.479889936121931,0.520581455865567,0.118339707942006,-0.203011891361534,-0.326453979047685,-0.073335367563428,-0.19387429415146
0.333441875974137,0.239419798408165,0.265773350103016,-0.0827432167057896,0.0834969781238765,0.1242448532777,0.132304901940249,-0.0299376574343537,-0.107931239245855,0.0922771408640607,0.168274769989459,-0.202829799902465,-0.313008490154926,-0.0722796841550394,-0.344517964849637,-0.208102216132819,0.210204858065926,-0.0629760604529064,-0.242950499795013,-0.0410491553303472,0.0968518415777462,0.190998556224106,-0.0481432451840232,-0.176026010599151,-0.152241559925183,-0.280907168513453,-0.0174055759622749,-0.235547900378578,-0.528331239930118,-0.0734724931714479,-0.325288634736613,0.26094799909096,0.469003097816178,0.0378347301923979,0.125437252057149,0.0401387098470226,-0.575672166736112,-0.246920937398088,-0.110610665802448,-0.198323881603233,-0.138307728118692,-0.156627434283707,0.19901692543328,-0.0235537606177824,-0.306369326613632,-0.132431989034316,-0.385190165845214,-0.315396423722303,0.0978537321857833,0.0121233649089384,-0.125509766659028,0.0500855741324605,-0.0904879378815195,0.0132565383865915,-0.241697625624092,-0.317682642161375,-0.363456854419808,-0.466294582406099,-0.287441063396576,-0.306863369697326,-0.457825275360556,-0.105496056088982,-0.162651767411244,0.0970149954919571,-0.175083479920986,-0.345839551821097,0.19635381032933,-0.0420831989548203,0.00276808695754076,-0.0264064353841192,-0.00299932951459604,0.0431984237143527,-0.0468232836391821,-0.342279048630372,0.178407786703861,-0.277267530223551,0.168947165671913,0.0477980292282312,-0.0879641858419812,-0.030796363538396,-0.174479916398642,-0.202110986409621,-0.11614383967073,0.0365412192189678,0.20296283949159,-0.0464133063764439,0.539366544798134,0.282743204648281,-0.0887429360661018,-0.0293350247559156,-0.304398810118266,-0.162503504491972,0.179694485550355,0.218859127123679,-0.0150128985355512,0.166607058018683,0.131151925129667,0.422553991863241,0.247949279808414,-0.187508820317331,0.0605751593193153,-0.0475215063110403,0.173181729769901,0.13335298285174,0.0574486335757035,-0.118009137538839,-0.39785625407013,-0.409301787336525,-0.103347724192479,-0.133823224300367,0.303721994024315,0.415851953459551,-0.0911203444183007,0.132392151413917,-0.0595057971527453,0.184144518711066,0.267690724471182,0.167251058436632,0.123746054978687,0.465168996662192,0.499340871673775,0.142156694290049,-0.233693618748267,-0.173414557407135,-0.0117295530343199,0.303612244095563,0.112228183269379,0.10248322545695,0.0877769744063109,0.0578566663747605,-0.46688991542798,0.135656453743432,-0.11420396229797,0.0353669334859593,0.00566981087134316,0.127203197941359,0.199214794245305,0.139869308387939,-0.0222503506732748,-0.277650602661316,-0.148479910361409,-0.427854618020512,-0.566764331565522,-0.0512496767904512,0.252061660361956,0.00846547647364741,-0.272769142069793,-0.337836121141378,-0.0904468923844897,-0.0920024726509935,-0.0405921474103737,-0.077938952967176,-0.424836555330012,0.146288004762303,0.013300856511761,0.289996454039642,0.0567405577692496,-0.0257290677267415,0.104179454626442,-0.0788785299551985,-0.106188924074252,-0.201761320603403,-0.11208411329613,0.0225781260285533,0.204033438280994,0.0313119029368691,0.144252509918927,-0.0690899175911277,-0.00264181868615827,0.22792329679324,0.171940351161757,0.409050925094782,0.198961616404592,0.419310837663175,0.570198783810319,0.155022377607448,0.0938892137146886,0.0669591924809176,-0.134120698112551,-0.136342317628166,0.150257785024324,0.0462417205208968,0.115722835595726,-0.0365003986054792,0.0352250014240172,-0.0533909552199605,0.0540957941021521,0.0727673856861439,0.241936319953994,0.245055224665853,0.211050576315377,-0.0779144339574767,0.0788878334823442,0.290741825291823,0.410919094749381,-0.148638500554266,0.161662066101589,-0.00722681450693112,0.089142274015247,0.0304858331205484,-0.106207699344591,-0.0276688759594542,-0.380973736805603,-0.218647140789239,0.374041909228051,0.0786950354814772,0.223617278403509,0.344480230264874,-0.0975128994140073,-0.151106588641082,0.089088066120518,-0.50559861957739,-0.527546331791895,-0.300107414908995,-0.335819657762442,-0.077958584100343,-0.00878486158844385,-0.089294307683839,-0.172148103850791,0.234583466284768,-0.219674767290461,0.0192614708998431,-0.175618828031372,-0.420350864470213,-0.400993325215784,-0.042095600750337,0.0370807592745305,0.237224607262739,-0.195271041778426,-0.128474824131709,-0.0140910765117476,0.0321690979265024,0.0538426096804887,0.496809145211272,0.133809225585283,-0.14997086369471,-0.24894514060717,-0.224856079803817,-0.5043630883576,-0.548236877290818,0.00818344914290686,-0.0786371491928746,0.206852734311474,0.419009606229678,0.309680929467679,-0.00439224901874095,0.28779980978547,0.0452401235002998,0.0577999400498291,-0.0538310790556617,-0.0883069427424052,0.377435575245741,0.321020284554096,-0.105897609435628,0.18318858478675,-0.0838459139026807,-0.0532135161083273,-0.426642924332454,-0.317820850005098,-0.324897450763432,0.159396996024679,0.0600092907504944,0.52040965351263,0.189290904172623,-0.00646745936201336,-0.0985773463810256,0.0188260961098041,0.236566863925737,-0.160031145071566,0.0351623206742428,-0.722193745566583,-0.519056104862197,-0.22302037188444,-0.375686112648913,-0.0550355712946255,0.273288763226955,-0.0404751301818259,0.238868792039392,0.264325588156942,0.295946733787477,0.172041076053703,0.000575422715521745,0.174860290285299,-0.0665134384488876,-0.0810177798772154,0.305059112062477,0.11067040132325,-0.0991774749543832,-0.349813025070505,-0.206998675050111,-0.457131811140351,0.222320005482653,0.520529625864741,0.118125378478638,0.36280112637292,0.0188506618149532,-0.185302245106687,-0.108219765932193,-0.125963206756346,0.198173413493755,-0.261828267910734,0.116848211021523,-0.0719074599654878,-0.242374715272038,-0.0155715446799579,-0.546467740688199,-0.301365871310453,-0.364348377339275,0.219647591986627,0.0442202154460849,-0.188727700075504,-0.137454298038864,-0.0379299941197262,0.204071580604353,-0.329224640028525,-0.0409009803452324,-0.0860994417906386,-0.081782036962109,-0.00519464802787622,0.00209037883323101,-0.114183675312747,0.0228627264495868,0.360062849521876,0.530859097481213,0.336149493192094,0.0933382141899016,0.260550849358788,-0.156640561813765,-0.135722184434788,-0.0956447179092546,0.130402299182624,0.0449106136745527,0.309317229025752,0.0445911751670754,-0.148738733258222,-0.087260041804277,-0.379232805425067,-0.209994891781722,0.130622293249559,-0.00440323630818218,0.260968197478849,-0.0975085279632539,-0.0210518760364398,-0.159498265129752,0.157936485760247,0.122333222825261,-0.0548363351869412,-0.268335270645833,-0.266037073534547,0.10321518740869,-0.0844110239894618,-0.0793269571850412,0.0127448277759784,0.151569606598706,0.276914570399088,0.111071765161596,0.422157763334952,0.0743190844694742,0.256587791946393,-0.122286353881982,0.326323891906247,0.289536696447232,-0.235599108208557,-0.161041086978273,0.0736453632085566,-0.428984998050166,-0.218642469706269,-0.206217288803192,-0.227937720836151,0.144348882629946,-0.0247543470246743,-0.325772234240114,-0.0365041218341172,0.223942686627603,0.0793410733222685,-0.0472544656446241,-0.135934353545668,0.375645138498621,0.149733377691324,-0.0334367934961692,-0.265083636654038,-0.270343324433065,-0.298703046475089,-0.400472556518173,-0.336167276297969,0.0529600373710293,-0.0833488203114646,-0.227418653267002,0.025450730305986,-0.155323429482895,-0.00622374938534554,-0.0921320794966664,-0.0619205155123031,-0.21995199488179,-0.185512738537421,-0.531352741184364,-0.288547843892952,-0.0878861734006125,0.0323485879478509,-0.0454947320663289,-0.128257264841266,-0.066328385351561,-0.116501739676446,-0.268541830367202,-0.226740620397955,0.185387051594339,0.0700794289023129,0.116767794468891,0.10043447640159,-0.361840531004247,-0.332179225381798,-0.224345311062438,0.0266379985200158,-0.0187139921439237,-0.102253139702941,-0.0663403944473681,-0.129511899866491,-0.274254517990283,0.0249524139694176,-0.000585853232123942,0.130934039775096,0.105466982879992,0.190221461263467,-0.191532776836662,0.124865122649202,0.102263736668384,0.205362681011608,0.047965627018725,0.170577131794615,0.0126576193632771,0.275430133114228,0.0874332273926215,-0.0273594438308552,0.0407479360830182,-0.0177898815067924,-0.095543216094411,0.146148152742053,0.00747615824901134,-0.263148282035217,-0.212946411089167,-0.0205128506800708,-0.434035719253308,-0.262138680072283,-0.105004437856986,0.0545200867087045,0.203419790784959,0.0406754075935942,-0.0603113315939777,0.209337846758339,0.143737683731085,-0.287724762480972,-0.150269881150617,-0.0780961879346293,0.0426813197644838,0.27071830320733,0.144354827797224,0.416928543984209,0.31062617942037,0.0068562856341383,-0.250096765616857,-0.229897218172962,0.150727730525842,-0.0842548706241035,0.162937217178709,0.29548085004915,0.328037814879875,0.337077436917621,-0.1223319164504,-0.137705941492314,-0.187999174262931,-0.101996901332785,-0.192145654370898,-0.0109398699321743,-0.0806060149192033,0.4175121198049,-0.182660367182234,0.294113670059642,0.127774473752506,0.260024080873036,0.0892916513426266,-0.0288843599892207,0.0908933279070047,-0.125608803895969,-0.132460354934148,-0.0888230807755333,-0.736632958526411,0.589692698858114,-0.00857801460378466,0.188551899321645,-0.0200801541722372,0.340658631010623,0.289510050820432,0.117218828809077,0.202024704649932,0.266747773084918,0.0919287204233817,0.250387663414942,0.286644657883703,0.111983948469194,0.0405716923650989,0.349966436369571,0.45612267362717,-0.0124462796621474,0.13357104559022,0.340581050459566,0.00655069722391899,-0.144948409894629,0.336786850445566,0.0656086618437528,-0.346327293023551,-0.328153515868575,0.158483359354876,-0.357126997378426,0.156065503753222,-0.053055211461502,0.164600286551059,0.172751045797677,0.0682293491710432,0.112563092002861,0.147662657057191,0.138382831627732,-0.239108461721543,-0.295253266979291,-0.310547616508594,0.0487870714581998,0.070231816889536,0.2340712685452,-0.0759655334267761,0.171961012418864,-0.0546093055655263,0.226342621000751,0.283693217039634,0.147537158998648,-0.308215864130733,-0.21072067346744,0.189854148277579,0.119878337932007,0.0399644504356005,-0.300316418019169,-0.290386501337609,-0.404577042325686,-0.209651829859961,0.133910181623237,-0.0370941845326915,-0.0660569678558985,-0.293009127020525,-0.327519826647995,-0.344641394090487,0.286557340193382,-0.150755645579358,-0.131770644452916,-0.28443742889383,-0.498045685174148,-0.179918375798604,-0.0592841287613083,-0.201291330701339,-0.0238193965809461,0.0947106988728491,0.247250013826423,-0.144136370648751,-0.12744050278531,0.154358892192229,-0.16707973920778,-0.764073185735231,-0.363986321071461,-0.169879868541757,-0.131308320008421,-0.0771330810520019,0.344857094355117,-0.237116538519196,0.0270966921579408,-0.18202603084917,0.120740184861993,-0.249358070069791,-0.191320689424081,0.329559508621865,0.216727297190598,0.205642456621171,-0.107111822434955,-0.104352787699512,-0.0377819478953908,0.280837140574534,0.188268771350045,-0.00636005978358192,0.00464836638412305,-0.121906470046116,-0.0964600043958595,0.28839489426991,-0.203179731766803,0.0585611267160789,-0.22648923377802,0.00999551859773661,-0.0133541414576364,-0.0982742413846139,-0.0259155305469541,-0.130515703235072,-0.348686681229129,-0.220422184662134,-0.265360326497796,-0.473747753440537,-0.174395417763551,0.056637580454326,0.157697507679901,0.217541141006961,0.223036360560785,0.25149917434036,0.271165970349979,0.240189034767534,0.103384269634652,0.00856250117300317,-0.389260284331341,-0.244752748316049,0.311366939724216,0.0247528145551778,-0.166901682874867,-0.292864825538315,0.440578709884068,0.395362615960916,0.173308029712126,0.17750512394928,0.279098031162637,-0.203791527620527,0.345705515954569,0.169160949558604,0.333263397816365,-0.100095379561514,0.313142300710773,-0.0346205251939084,-0.117777366493612,0.176948525047056,0.10743370802699,0.272948306132933,0.316329928986102,0.394186860265972,0.143147793311304,-0.29464504348638,0.101366017457923,0.320875712937911,0.15396469990192,-0.529091909846227,-0.285361072611448,-0.166243220519847,-0.172850540272627,-0.183030114916635,0.00699633664040566,-0.103207757770071,0.145560209675983,-0.00538132505063678,-0.133753557063408,-0.500329019514068,-0.315705042993077,0.0413975218336102,0.0482717577017791,0.175229925728606,-0.141199628433391,-0.136589253103878,0.0524941997149674,0.0229376147191566,-0.170078440835951,-0.155186470757874,-0.305562807990557,-0.672618329071938,0.113602480841279,-0.0283001124684802,0.220953284340305,0.01121992876493,-0.0334684825999258,-0.0827030747133266,-0.0119019258610551,0.155048518003036,0.343949213355805,-0.0657736746860977,0.232464426402743,0.214015465220224,-0.0806495701956761,0.0768062493986352,-0.0206537200982673,-0.0484108590142339,0.111707369250202,0.164475735955001,0.288708496791216,0.323421868016623,0.278467850368727,-0.243780631477523,0.0254019460787759,0.00817064541880476,0.1386808905504,0.16155877388963,-0.0241140170880303,0.119026760743556,-0.171273524625298,0.0911912431728291,0.0564020492973117,0.284079521530469,0.0675165532661288,-0.207849914952637,-0.00756119486601584,0.27175336007172,0.244833633169698,-0.347516792331775,-0.166900094908382,-0.246942103829369,-0.0575219616222483,0.239062655204936,-0.157449926258633,0.0577211448317011,0.187406606989018,0.305071758233078,-0.220516330420875,-0.397152400729873,-0.590228628790438,-0.280893227568226,0.171888546684809,0.134838538539448,0.277194430837116,-0.0536805277942681,0.284199775903687,0.18306659829964,0.0355168858462697,0.0231821592981306,-0.413042919603347,-0.152533122286077,-0.211820697898541,-0.223226667549156,0.229950959917672,-0.0173719250644786,0.171082028231019,0.121656762988735,-0.276778664894257,0.0567332587120149,-0.257274302915736,-0.30813318735957,-0.140374104205877,0.213954698830274,0.175060791485454,-0.156416224375618,0.0302075818248322,0.301638035466733,0.0831416108395229,0.0497397967621214,-0.0843926764338906,0.191634516959262,0.404351125085712,0.251638156384288,0.134343373023031,0.350178329052567,-0.312852007019591,-0.281037748010431,-0.190908252003115,-0.235493307848682,-0.129379817399392,0.274234205205869,0.468079773347245,0.526049334539016,0.182746791844242,-0.0903740047324521,0.520170275266794,0.633670859820545,0.11809874890875,0.444359355516767,-0.147414303237718,-0.362757984192623,-0.217494591793706,0.0456766379423359,-0.0676297373123868,0.113709323609998,0.108312437415404,0.0105522540054205
-0.271055030594356,-0.0906752861805397,-0.0342872790769549,-0.113802775446271,-0.0899152651110058,-0.0020769587458888,-0.222282177041034,0.0560182893200932,0.0398026544950168,-0.0805108613969403,-0.222805936938856,-0.0755195329729955,0.352218705221551,-0.0703261547618446,0.248367400657719,0.145356260493204,-0.00508829036764938,-0.0234349430516424,0.300899369625914,-0.150242491071128,-0.0597621593664193,0.0312133627501882,-0.0379797111927036,0.196559671162787,0.101502976942665,0.0545064782508836,0.0553810425059418,0.0989477899549818,0.292155883802177,0.140545827736758,0.083053034956611,-0.191303621773166,-0.063873133754992,-0.106242709959779,-0.0939098714816129,-0.120639389316037,0.485733711087632,0.137862819386978,0.167999331653285,0.0578139854082136,0.0270928318992652,0.19508344591606,-0.0640562861250034,0.0335913031735411,0.130176864402481,-0.0568588756923349,0.334377060335994,0.131093863667982,0.104334282368912,0.0416594988751907,0.199840495291895,-0.166658547160608,0.0774568894254984,0.0489008751512233,0.190322422135948,0.0210571613725026,0.150695281561408,0.328252639379183,0.0666354935589753,0.160401342610836,0.195953771212838,0.281106576058943,0.220162106989296,-0.129399065326375,0.0830660013324343,0.0179231817248625,-0.098939775739326,-0.0561236300032242,-0.0992837051662611,-0.166294590537718,-0.0291362789353025,0.000636015722042083,0.33232843280995,0.00286162474002639,-0.136155724252128,0.117958255358819,-0.0944737188980373,-0.232416495066645,-0.0979954860455416,0.190583865380811,0.128214133093443,0.0697927864003892,0.0155728853776138,0.0210179592297779,-0.0170685142007671,0.209078132792072,-0.0721602979650875,0.0508745943968509,0.161467166994497,0.0660201411985061,0.153248977632593,-0.0177916305215818,-0.00247310856333284,-0.192626925996559,-0.0056827109609012,-0.00179151714401408,-0.0225444275363476,-0.22930040278559,-0.0494772026449128,0.118545601375078,0.0611667945662046,0.147615724200263,-0.0666195387615261,-0.0208767959647867,0.126060810963825,0.226184375455381,0.0489521925979125,0.0710026462276301,0.163543629090748,-0.0704966379101258,-0.0134785589310321,-0.0699182140834446,0.0634804218268478,0.00859031999852959,0.137661013515712,-0.203434573284568,-0.240439919762506,0.0295620048701647,-0.0541214496972149,-0.00142773214066969,-0.14569270226375,0.0483875275779689,0.0339209258353158,-0.00921433648282241,-0.0255133122107762,-0.14610133932599,0.0181327938400372,-0.265229182156873,-0.161759722205789,-0.0371729767449063,0.236658501629009,0.0849406434417658,-0.0916408821143252,0.0165341266066868,-0.107551470337283,0.0363166605668004,-0.0550603045456372,0.207070796375862,0.0116289777668389,0.210880601959432,0.126775006954206,0.207344315976992,0.29151455244724,0.0496607129770715,-0.214597116780731,0.0825057679841442,0.141621404931106,-0.0116144977822236,0.0799224857496861,0.149591954401682,0.0460573750275525,-0.0719340899366309,0.10251691477218,-0.0744930187083443,-0.0182321477413176,-0.0432071823093286,0.0337228594966652,0.0182606005748118,0.101008014991751,0.250774651408988,-0.00944266903499322,-0.0258382233630372,0.106618151325651,0.0444211552023366,-0.0889278298501626,0.163333260946963,0.133334923868276,0.190332097510853,0.121585306363107,-0.298830258012661,-0.0302659069314238,0.0648321215545297,-0.142989520994995,0.118051314402527,-0.175135516779653,-0.102922367574833,-0.0881412640060983,0.05800536570763,0.0354716868750449,0.121095560294378,-0.0396429095108837,-0.124874746503459,-0.0142863835390583,0.0514121984864229,0.0344548311098229,-0.0734477773084604,0.0774685993333443,0.03716804786835,-0.185723460246025,-0.109860743310764,-0.176996229514424,0.0157908726649073,-0.0846261772609976,0.00442114814463296,-0.0739356176618891,0.11574222065721,0.0669916178015281,0.0837941682787695,0.000810630337325841,0.0689785141915719,-0.0161349727468393,-0.0389285410171102,0.127518157653233,0.16397243437088,-0.206253419163339,-0.144354641948061,-0.111378418722756,-0.243546313522318,-0.0287866267588949,0.0912952601902903,0.0804955730655229,0.113989612486483,0.327416747411039,0.228742632426515,0.295444191610867,-0.171930946306782,-0.015930686926155,0.0980829170018057,0.0161487745003399,0.00331142304359122,0.230634325061347,-0.0578943040905787,0.0990542055477321,-0.0368042793607521,0.19356647222535,-0.124017026297928,0.0612710460024964,-0.0807281597299938,0.16985654912779,0.125723745259744,0.0431147073632753,0.14407751871797,-0.00703546261171799,-0.170792852705525,-0.0895869581791373,-0.0694899283737396,0.112561964478857,0.175356990400632,0.242157219375655,0.164760524631067,-0.0501214543564848,0.0454686823949763,-0.00761598085624637,-0.187777795476253,-0.149853530230527,-0.10612223334829,-0.0990505063685443,-0.067884071769352,-0.00533232595214048,0.210656410315549,-0.0229287601688531,-0.0608364784019734,-0.187021533098554,0.198045099522681,0.128474447455453,0.0771076330574928,-0.00303183132793489,0.162158000080838,0.156242069241124,-0.0719339498066743,0.0502027752116251,-0.191151359539035,-0.195783685695715,0.0153291715430042,0.0723745950521861,-0.0880461673921822,0.0473093880873601,-0.135453558637079,-0.00109016428874747,0.112390305203031,0.380390963688489,0.205368427215564,0.23864839417568,-0.0134222819797636,0.133377619398004,0.112298099908253,0.0404645425584728,0.00658436289110492,-0.0343216962863359,-0.199905943292201,0.0702717718043046,-0.059046849169398,-0.0466049289793721,0.0801529671660875,0.118017774025397,-0.0144905392488655,-0.0322259554040403,0.154118296679966,0.145695602927533,-0.0571897836461073,0.238319699737712,-0.00911199354053843,-0.153561798307966,-0.144830302541221,-0.249694376178985,0.156651918788611,-0.0215915965757811,0.121075216091703,0.0445189653382982,0.0303083533725584,0.103102457744285,0.0415876006658825,0.164325698928063,0.142015449598742,0.0995865968539241,0.297727835871276,0.19287038310822,-0.0342723944442117,-0.0982793437137658,0.12847703488382,0.0332934606198112,0.091581941788758,-0.0162271664191942,-0.0364799489571555,0.109534235533996,0.180381358605708,-0.0495453799363287,-0.0583654959674007,0.0530266980910536,-0.102560899144473,0.000690115489905385,0.00768180461467229,0.0065132778754748,-0.175644625989885,-0.323137073409946,-0.0284672308706896,-0.244241735521788,-0.0163223584344428,0.00790313716344043,-0.0461351518782638,-0.010965396733018,0.14675227381035,-0.0778765545841075,0.0488723649581563,0.233649660293265,0.267398704774477,0.104056829964062,0.167900158630143,0.0348346576752847,-0.0160778595457771,-0.351199204608943,-0.0364679063094854,-0.121002590575466,0.210469041849714,-0.0219402350418045,-0.181482797136748,0.0209671990045417,0.148997255849358,0.218898007475066,0.0103662350645223,0.0600295935113246,0.180515878925882,-0.106256485122415,-0.0714806777655057,-0.233959602940614,-0.204210660153707,-0.138625872586262,-0.0694396600676608,-0.270682865349001,0.00657847283236936,-0.021383135745506,-0.0185018339351823,0.0722887545091729,0.0802516960591376,-0.0450682828426206,0.254269223572903,-0.0440440484639698,0.207967487032304,0.0877526623592246,-0.224852291513515,0.0844753447845979,0.0808708580946571,0.0448957045599254,-0.231441309695479,-0.125136194230288,-0.0519693333882916,0.205758681024264,-0.284386597366282,-0.0362191808245909,0.18906079137994,0.103494274554472,0.054245350970639,0.269344453300764,0.238113871852826,0.103117630973622,-0.0837515852924813,0.00803906687809047,0.12146987945932,0.237691076984802,0.0353340422318746,-0.115624861857018,0.274488472494249,0.162913425217727,0.166952678021432,-0.0172362608812225,0.12472616932085,0.126008815575525,0.199444749180808,0.0660136275200491,-0.18269541970146,0.0619264719262829,0.104666803584775,0.131463390626326,0.0634409019926725,0.0476752084382536,0.120956621602362,-0.17510692629472,0.0852055202375682,-0.141225396722967,0.10870498203816,0.296380404359291,0.188054309908446,0.107200993014463,-0.0371605576391181,0.07671406528856,0.138122290519638,0.1255616502257,-0.0220892315160327,-0.0794145209621156,0.0337175020034165,-0.0683401868535793,0.112935997173778,-0.148137531744962,0.0585539443253937,-0.0170564820609654,-0.0694487524464012,-0.224451753020403,-0.207520361028103,-0.0808382771180983,-0.0448694337320141,0.0620594144531428,0.0846158533140661,0.123139432011512,-0.0104768959724899,0.190335707517252,-0.0164508532365721,-0.0569436475219787,-0.0634368960467239,-0.0586210172438922,0.159828443627924,-0.171068035250091,0.0968352828653557,0.0719461657216488,0.0728529426671305,0.0232539571287934,-0.180876337320764,-0.117384604964812,0.0766617886136437,0.0901243670563174,0.126791001122481,0.274254589144879,0.218038266386526,0.192374068248333,0.0198709632940942,-0.00987982348140892,-0.332781356682551,-0.0609324949890852,0.0288960672568853,0.0373701336448481,0.155882640255506,-0.0583811524381051,-0.10122823759763,0.10766735495082,-0.14642985656846,-0.170595081408668,-0.235528725094716,0.109990513238274,-0.120844241470424,0.156614353686487,0.185767629713825,0.329617030086464,-0.0644391196284894,-0.0718224711791052,-0.109104255239688,-0.25595749265803,0.135625634867806,-0.107443003349976,-0.00935308967185876,-0.294490893994172,-0.117982462078138,0.146407266316696,-0.111635317469274,-0.0188840792086777,0.147319519565845,-0.0784910362612868,0.185323404412487,-0.0899503203986837,-0.270425617757884,-0.229841363050803,0.080409454313274,-0.0621328178185253,-0.0201938290151704,-0.0157118984129816,-0.0795527951614415,-0.108864426297828,0.096630203040143,-0.0387539032686161,0.0754643551315542,0.0422805491827743,0.154653170184841,-0.180150939356046,-0.297592806254173,0.254675058456549,-0.129510260024735,0.0157953070093309,0.0324559644015258,0.0694997084132083,-0.104142821502172,-0.00871154543284893,0.0627208237497253,0.249219171336473,-0.0762024960672568,0.089252136926633,-0.0135164350375445,0.0635331322364664,0.0928370187711724,-0.177956593610575,-0.155548775198266,-0.122806475712396,0.0523752531270717,0.122924116151673,0.00460265516206054,0.143145770784981,0.162746662652199,0.0561823658158392,0.118290582693321,-0.187721773991244,0.162860582478947,0.0447084283265781,-0.190093751867637,-0.29086438099372,-0.429593417415692,-0.0120117729877679,0.193703775452128,-0.11777607616771,-0.191579826822714,-0.0204292749148896,-0.202526356824281,0.275607858626611,0.255349902135208,0.105567923822201,0.124934229784846,-0.16706490954457,-0.117464649744919,0.108017167065963,0.114924807833451,0.185641622848976,0.109708763478962,-0.0855385200099856,-0.00906207607716457,0.218102926520228,0.119427433664503,0.184602309701829,0.0512697929033092,0.235001603068844,0.0379260485624706,0.0357643254007022,-0.143491471726528,-0.267795738196172,-0.043425624065319,0.0302242324773157,-0.125613503935731,0.0339197542888248,0.123677019298901,0.230553796506825,0.127533800618657,0.0729850863242895,0.00848985917238626,0.00271199672716908,0.141728599912044,-0.0801319847359767,-0.0252714812200117,-0.0988583007366184,0.0348877998458274,0.0627920330153291,-0.430366025078553,-0.186711356617756,-0.00842366775105112,-0.0987857954408263,0.0744350382809241,0.126452601854671,-0.0842270621193029,-0.119757865097588,-0.0297003011681784,-0.00142003509776278,-0.0480197365280001,0.0129411808356143,-0.244051399390525,0.0985188325427671,-0.0197264844775207,-0.109224314275992,-0.12641915746078,-0.019793414611182,0.0745146757937521,0.062673765300911,0.0166333417382592,0.0631043045594374,0.020256776335933,-0.020340062849334,0.214468295598849,0.0601159299792701,-0.014720528763924,-0.0689798632401419,-0.118002669744077,-0.146966980223934,-0.248045190057828,-0.046705530995471,-0.0234432235843445,-0.0110965297221766,-0.0280837142020563,0.245475603465799,0.104113867033815,-0.202158916420156,0.123161266219221,-0.00399220998490058,-0.0543960141421981,-0.200176959958468,-0.135936489833623,-0.121638544268231,-0.121751099999029,-0.0905351455374376,-0.0446067943805361,-0.272444426856221,-0.0410097254223193,-0.24917760900138,0.223517230297858,0.0292213114949879,0.210502544316444,0.111623915829834,-0.0813311166387649,-0.0280138648836069,-0.102088499388725,-0.236064062360105,-0.117391216104778,-0.253065894808879,0.197119982794077,0.0307587943099476,0.00597897869595022,0.049776796736427,0.205794039567249,0.0592534161334447,-0.0101737117265162,-0.145612673903972,0.294635054953645,0.0758757723770443,0.236757266101443,-0.147598197001167,0.00516793476418144,0.167418875882569,0.12046105363771,0.200617454630633,-0.0349916063137282,0.0531008283004099,-0.042710443587174,0.209417728969353,-0.0135662028186609,-0.16713279546215,0.0296132951495805,0.107158196318762,0.178343309386959,-0.036601989024398,0.253841886720457,0.0383781693087711,-0.152942194445957,-0.116512509671682,-0.151921969029696,0.046488109513773,-0.140195758762489,0.0627904401083074,-0.00994984095921511,-0.276937463942455,-0.039203876440385,-0.0850171556442572,0.184572306476108,0.234095119856658,-0.0732035902809676,0.156252884448927,0.127638341270272,-0.0273273017368669,-0.0728021948931996,-0.202373157791158,-0.285779970506296,0.00862176744012175,-0.00621682401523419,-0.0466292267106987,0.133585494626353,-0.206441486225103,-0.287394729880193,0.00589807706199015,-0.0815995908621786,-0.0979954609853327,-0.0563904411564163,-0.141166261984309,-0.230952149206893,-0.0217978683220553,-0.135740348353476,-0.034950181843275,-0.14493882796828,-0.238010679728104,0.366112581730478,0.184449381098192,-0.0256041181511255,-0.188921870620349,-0.135603281557625,0.0861851430397452,0.00207427608499922,-0.163300264558473,-0.174834304898149,0.0422289883462023,0.26363220373155,0.337053557534247,0.238278922911056,0.0335422877663462,-0.0139645170853512,-0.111201517086462,0.0731502793497553,-0.0966259213936674,0.0299419185897291,-0.165894609133988,-0.0513956943791383,0.119366343347995,0.0703435577109481,0.184116967088553,0.192827603857699,-0.296130513395228,-0.0504644990338155,0.11884232692761,-0.0658684025630648,0.125987695094834,0.0201722774170105,0.0792952538546924,0.201913739719024,0.147218077401217,-0.252148519536106,-0.0461501431502629,0.10192629464108,-0.0670194117247242,-0.142786230503245,-0.00621823712561236,0.00910132890470175,0.0329787865240574,-0.0952838954448077,-0.058737586979789,-0.0341862120503506,-0.09814876564551,-0.250706699769926,-0.0710484298596448,-0.0505730666838281,-0.0839882358461819,0.142793627573919,0.0765472061260545,-0.0512672536711232,-0.124714253716029,-0.184764010111587,-0.275968014593978,-0.040479426099965,-0.149217374410762,-0.128125642331407,-0.180757265725014,-0.177232554245939,-0.0137772963151873,0.0977512210093934,0.155234960061004,-0.128677127244612,-0.0918928350944916,-0.0867770943873397,0.0277829055717014,-0.127357951464703
-0.134704018621985,-0.0779201457309428,-0.119860015194122,0.119777972243368,0.0440108548397183,-0.0777088279820201,-0.195623789182502,-0.028472098378553,0.180446807393136,-0.0923835697038607,-0.190042653833244,-0.00259450916344149,-0.0819847442310252,0.00286186206011262,0.254031652902358,0.0163934413432461,-0.0488656068183157,-0.0694592206021456,0.0875328428456347,-0.115074067727862,-0.197445123259724,-0.0494221483269629,0.0416539168809951,0.302212083982988,0.165217051654133,0.123662647572197,0.0439029447148886,0.140769417680969,0.359037392207355,0.103989808479184,-0.0138790846667245,-0.239317089930044,-0.0204885789917141,0.0266387303930921,0.185950806217319,0.125808908487085,0.343802863958248,0.0780541701974065,0.16959898713163,0.16312709723725,0.0584694366751407,0.201738303078989,0.0683261429023424,-0.00359397802733373,0.171362812427023,0.0730793884688989,0.181436785883126,0.0844784728751459,0.245463799375829,0.096648301853367,0.0848684261935896,0.0629801494666407,-0.0431096392832953,-0.183696533908531,0.193551432287362,0.300711554375731,0.0013866758256639,0.273195218414782,0.20691669031091,0.0721668168209839,-0.0378138930450181,-0.00707730546536817,0.0756865273391258,0.0872118115448408,0.164188965812874,0.279786498842903,-0.0614163272716329,-0.129517232193032,0.0203028892957752,0.149627617498028,0.0737872408256752,-0.141090996196754,0.251017753970605,0.0453021469846471,-0.139952309394811,0.211851611725792,-0.187515248077108,-0.190937778302026,0.00915049921593201,0.121234401141323,0.116696625307937,0.25345108488023,0.0864382966231761,0.00118801683236915,-0.0409201660856071,-0.0881539288804976,-0.246175451886339,-0.0264805704659396,0.100920560456253,-0.0156720466971575,0.34703186570097,0.0539837283190035,-0.138353587364156,-0.136965150222379,0.145538071123694,0.00777191451564957,0.0374153833091848,-0.0412938590328158,-0.416893672470644,-0.00723784190914065,-0.0210568347779149,0.132532287201778,-0.143439423421421,-0.0601392514684354,-0.0078679752125373,0.236285862982647,0.247792317201544,0.111828271573061,-0.060119459970354,0.144022054324672,-0.258060591035214,-0.340397494621555,-0.107748429912346,0.122142735127731,-0.0675486384788263,-0.10131109562822,-0.17941165979187,0.00484536741869437,0.122427253879537,-0.152663228538551,-0.228558555715459,-0.199783246123668,0.213009076804301,0.328970820941615,-0.0460397421478371,-0.0128446706010494,-0.0464376561322128,-0.0866495946174404,0.0591496016356101,0.0405070807633398,0.227428464515161,-0.086328235718652,0.186920021148857,-0.118020878997938,-0.0660390008135429,0.0500399450783917,-0.0726092687423973,-0.122350971462281,0.0100672107724556,-0.00280310148243745,0.010141109547145,0.166409975845242,0.291097101520804,0.0113561340459957,-0.142304865071036,0.0403072291391133,0.195575809233414,-0.0207279972886406,0.190677668525399,0.370252829136644,0.262036080129387,-0.0129633562682936,0.126358133639463,-0.0590801109182471,0.0484651093198774,-0.178961329034499,-0.108109591329075,0.0428982668252695,0.0395079602119196,0.155560680556211,0.0876411263123551,0.141780373043694,0.0131086008707047,-0.0191067353241146,-0.112627605872655,0.118926174475549,-0.0498078529270829,0.134661045927988,-0.0187213091195581,-0.124921817265723,-0.148807748351792,-0.236995081127104,-0.129869386918999,-0.143585204768802,-0.234907235681606,-0.220751563766418,-0.170528631854299,0.0808480497736016,0.0189599327214686,0.171770658372183,-0.0358739907916684,0.0210250844823622,-0.239485646641641,0.16747857761122,0.0268031751342447,-0.0381421682103006,-0.306528310983929,0.10740882633245,-0.278549475541962,-0.150636670112251,-0.222826368209774,-0.0654984875257354,0.0559704704226649,0.0272843129183007,-0.33893843784188,0.0493628514825958,-0.00641463504894242,0.0203452375109372,-0.0569568321369593,-0.0120067932102705,0.0761252086627392,-0.00747939872181153,0.22388731157242,0.00550904118440464,-0.202326457175923,0.231800200862852,-0.262033618788714,-0.169784095514954,0.00786562353810369,0.0288611998637391,0.0232322201566493,0.0809745647078191,0.285337055617082,0.198052428425122,0.324124082606109,0.0764114880010795,-0.0671943985947488,0.109948297500344,0.113018077350518,-0.0467690957655712,0.170980085065771,0.0101894124484481,0.110458588526287,0.225131371312242,0.294872943767775,-0.17204934282416,0.142611523258715,-0.0424333640297373,-0.0449073583887573,0.164831946418276,-0.134098011231934,0.0336635693841051,-0.108648607435613,-0.134270786537759,0.0852688994846396,0.0897340361151091,0.0407772991219411,0.15720584940794,0.320662204807552,0.178212017578386,0.0862169307519969,0.0505203205574732,0.0546007882898141,-0.118842850926863,-0.0283845000220662,-0.0521673368783062,-0.215303076400219,0.119703752332597,0.0304929567747602,0.0709037033062683,-0.144325899165394,-0.0126126833676363,-0.136954903749064,-0.1068543843923,0.0528193958428344,-0.0389296461709265,0.22423082498177,0.249787337965737,0.38329146429492,0.370308235076811,-0.110169702024467,0.0753174036504144,-0.237976540119313,-0.038600401860538,0.15994790946237,-0.0557941210762767,-0.102362068086953,-0.119856649599962,0.0099325400726986,-0.069708905778816,0.24105805005157,0.314441200630952,0.110661873464263,0.207725810975882,0.117888533570475,0.152995612946838,-0.0874306314359191,-0.222628116681275,-0.129630870694852,-0.353518413303195,-0.127488612301539,-0.155055591232424,-0.128794146218425,0.0713305568957525,-0.0249220386797963,0.0269983236406158,-0.0887165166961358,0.105140216370309,0.0130121791958852,0.0834724836806821,0.219607862714811,-0.192379516930656,-0.128705696824467,-0.176093030353641,-0.10344457828509,0.0238113983770336,0.0964450764849645,0.018640254415447,0.17187226979547,0.0433634347540929,0.254654413510621,0.119083728127671,0.0214469317113808,0.297146132765773,-0.0278749995826084,0.21949108616929,0.148658408360683,0.124601849426342,0.0372471747277335,0.216585533480194,0.120606279007804,-0.146940146434175,0.0236130579692663,-0.107440629816522,0.210584284487481,0.046003780997187,0.0569516873637137,-0.0650938757192984,0.0688921173826258,-0.100713447219782,0.0982341432596576,-0.26711764112503,-0.126124525460858,-0.230513807268677,-0.361966933845438,-0.0789807062891789,0.121976736815163,0.0180723345713434,-0.0765687250829343,-0.0604866537340148,-0.230404078045326,-0.105024890782843,-0.140098907221417,0.0968998703598105,0.19561519443485,-0.151018404784113,0.186990318923328,0.097749327151723,0.227181524763496,-0.136266861549761,-0.0741680617119309,0.0894679711503181,0.0718429387461045,-0.0405255257082316,-0.0484914527668922,0.0766082747259948,0.0209259161796423,0.117560046162266,0.0848407722118781,-0.00450806231061092,-0.122557669006176,0.168446957997297,0.0636620256797006,-0.29138372531657,-0.084516438954245,-0.313497041566625,-0.332982437013007,0.0890014584608077,-0.236512570074903,-0.19591464395061,-0.181940021436259,-0.123698247731433,0.20591720210942,-0.055022392152472,-0.0603567660737765,0.299567122153672,0.132408362940579,0.338945883375888,0.186626818214848,-0.170076221147578,-0.119582936312787,0.336171371572288,-0.00815255874185927,-0.0299832318712594,-0.167607479994537,0.184093197720781,0.184533979623624,-0.189719615384111,-0.116991702057951,0.166503214721142,-0.0458622936843341,0.083821985857189,0.135120124188897,0.442164167431258,0.312093950105102,0.0552360958836784,0.0300708921965472,0.156259657668955,0.0764160335179403,-0.0018204230752003,-0.126021128594479,0.295941020387752,0.0897303547902819,0.238636571481117,0.156638291654747,0.186944941632587,0.227555739352733,-0.0748071808255534,-0.125576408426322,0.0202476527598919,0.318545598315167,0.159864307138299,-0.0463173030553729,-0.0357270489056722,-0.072971731898855,-0.0775249373211208,-0.212319250532798,0.0324379739202242,-0.142166532124904,0.101362224961094,0.112876720573023,0.0620319517720513,0.109970835580238,-0.0667068141195613,0.136211548458356,0.108059261909014,0.106517907767339,0.0159448056215693,-0.0879926611205045,0.0745429633436282,0.0963640442390757,0.054996984750265,-0.314188862537324,-0.0371738910890321,-0.0321163437170733,-0.0762274982883548,-0.0399907600931856,0.109118573106473,-0.167946005206893,0.041435356070786,-0.135872775459624,-0.0886203799804427,0.264102972456278,0.0463755140148813,0.192819891753888,-0.0428457722797839,-0.0260329135253623,-0.00164286944191595,0.260427153434425,0.373114177578147,-0.0203117253620261,0.259490563756205,0.0539529987984002,0.185000720068482,0.00615449016528515,-0.231139352503489,-0.0638725071515757,-0.0290867911785453,-0.00140012085222892,-0.246172790728738,0.0984105289714887,0.04323470696768,0.0996344148570654,0.0400842431795843,-0.0833746129181198,-0.117849582470635,-0.0141039489222159,-0.130969123724082,-0.0262245988813668,0.00653590322571196,0.0902262414832841,0.0282550824886969,0.0667122967384373,-0.116142338072765,-0.2737797338842,-0.274095096149254,-0.0265003906268643,0.0590476775625418,0.232244201441128,0.251102865920335,0.255329001637,0.0717372500683863,0.0335619822613037,0.0713205990115062,-0.096539178453455,0.0488320167931511,-0.053496699353809,-0.0722135920706449,0.144245574775605,0.0186074402540331,0.280300334421932,-0.0544507534262246,-0.0215031940031739,-0.0402606044238379,-0.0325547291567004,0.322745581287514,-0.355185647942597,-0.00404136738647952,-0.0166130175297415,0.0288336044176968,0.0224566676883824,-0.0777024907928762,-0.0816092001270748,-0.100584538160499,-0.205947919325041,-0.202578929910106,-0.013091862579912,-0.263032194105235,0.116926925903204,-0.0554163892866642,-0.150159280186763,-0.230716204421251,0.0855523123376454,0.100486038091659,-0.152316488172246,-0.0400857141650148,0.332135875918517,-0.0573039870080945,-0.0107266230705623,0.0448741374867662,0.17319235895206,-0.038505252708526,0.177986242334001,-0.0129031056024466,0.193726977972749,-0.0638555515582716,-0.0608543302969823,-0.121851272789018,0.0602473573658668,-0.0137478076117599,-0.167193462856942,0.107051099405117,0.341327827769491,0.135215308302505,0.0277251022183031,0.0166557537137452,-0.0571962681167534,0.0263499433646663,-0.099509801177751,-0.0178653020297618,0.0429029075292357,-0.56198716876523,0.0206079502559541,0.0563899539139661,0.0446754990547419,-0.111207460836294,-0.00427106668415096,-0.120804461738588,0.138486051585266,0.288449804863503,0.0690659744052258,0.169786616838577,-0.0626121791374384,-0.0692681425338733,-0.0303920890799343,0.216277354352166,0.166132542530732,0.336038044514616,-0.0574100572905262,0.196980667645368,0.0433697911483841,0.185346786592013,0.245136170936562,0.199497053752553,0.208445219856777,-0.13246919091265,-0.0127950793595977,-0.133240266717081,-0.111743269653585,-0.0913682741687749,0.250053315539238,0.023527770046259,0.0795989304971039,0.394992774216636,0.3036954249554,0.132347955603222,0.0103887809955859,0.230015178777198,-0.269454310029231,-0.162647976374149,-0.0171575926683605,0.0491494965267238,-0.181155815064523,0.321099384150277,0.0938541814198696,-0.277142717088385,-0.129938771334051,-0.258121927482015,-0.0149178287603553,0.085812578660613,-0.111754764756285,-0.236839214607663,-0.204590946020113,-0.184632345060981,-0.0644910701711472,0.0557222545793804,-0.0543469531515484,-0.204250025447601,0.161544360569804,0.0610364931015725,-0.0641462391720101,0.0738577316886724,-0.108237956252644,0.0963211890720057,-0.0634835364699219,-0.0619007702325929,0.398250470242714,0.0698042371296428,0.253919725607551,0.295509488721204,0.355811719350845,-0.00154741805401744,-0.170471904611912,-0.175990800435051,-0.236659175510064,-0.105377685558486,0.0155241850199865,0.102231426826081,-0.00554415170746988,0.0784523731988716,0.0865430580799307,0.105846264548375,-0.232110357472604,0.174131762269319,0.172292039164066,-0.0197562564594901,-0.102321098934942,-0.400242612453024,-0.271143154380875,-0.140750622597402,-0.0557837117194535,0.138314045215237,0.00589538777729104,-0.212691432327539,-0.0252301894813545,0.0795829154638769,-0.101968649700518,-0.00658415158806912,0.0383146033263284,-0.083454982928088,-0.174782109487934,-0.121678216932108,-0.0481613353626025,-0.402096103409333,-0.247516305222664,0.176192672277565,0.0556598290749875,-0.266242618054852,-0.00134753951451103,0.216036302202211,0.075009877459244,-0.0796204267639133,-0.00276645099764415,0.167628372536399,-0.0165168082050692,0.0577437455918356,-0.0882434679894,-0.20109511073682,-0.0696103002013079,0.267901113206688,0.431075452707648,-0.113734804533877,-0.1123157538139,-0.159500041284026,-0.0259805745704313,0.1959477735513,-0.231471914654241,-0.124812736047776,0.0557801198759655,0.0676896439393216,0.0919495720012243,0.168274736406195,-0.152534913760654,0.0088342729951176,-0.189291917061261,-0.0349199769079266,-0.0431603650401501,0.0722169936363233,0.227911175656255,-0.183093497744887,-0.21121845089426,0.156050987109739,-0.30684241158122,-0.114807022975796,-0.188903920104662,-0.0975774028411176,0.00565637014845616,0.0654955125955333,-0.117097216318112,-0.240629199663138,-0.177660974313318,-0.109730242811875,-0.198014260305635,0.150717669015259,-0.116173519526333,0.0501250497924241,-0.0425023405164941,0.00559859082578396,0.00874991720368147,-0.0905131911751992,0.0259698481191081,-0.0692904225225701,-0.125364228529399,-0.268802243709563,0.0701106878744609,0.265567908123385,-0.179882214260924,-0.141100485912237,0.0350990104600939,-0.0338110303038083,0.304069940389066,-0.0696829398627693,-0.0679654944667607,-0.155525493757876,0.113157970982585,0.0753614411217751,-0.0714649169769227,-0.108373545664144,0.204561343294702,0.210645577790703,0.228440990858561,0.197428177121952,0.101174853557066,-0.054386961560372,0.0234585018190129,0.0542595729723257,-0.0386742864903243,-0.213565414152462,-0.283119246633438,0.0110408786354283,0.421560616846976,0.111371293040208,0.187147138698609,0.038057268520036,-0.368660008003024,0.0367801197845499,-0.0571984666257665,0.0121876900594072,0.131539310872613,-0.00856752613808766,0.0051439993463577,0.107302346176572,0.116795697245239,-0.192902838999346,-0.112735029179507,0.0817436666622971,-0.00288928359905354,0.020181195921604,-0.0639936065276215,0.0643822949035471,0.0980965902554888,0.103119237694427,-0.14826822937171,-0.212422116009817,-0.130786203368701,-0.237189316735101,-0.0509040870252318,0.0822535180370923,0.107016529929069,-0.0323743138220001,-0.0414405996626865,0.0402202668343023,-0.318413125222377,-0.210438747096844,-0.222510136868487,0.154272280934156,-0.296195973397657,-0.337710677920217,-0.129642572229532,-0.263798714747939,0.00201720786987822,0.270066287771432,0.129887402310885,0.031706636168115,0.0933790158662005,-0.236097342362795,-0.124641485242567,0.0131747147953969
-0.0276807797569972,0.0205555713704969,-0.0216455808203269,0.265389255586955,-0.131163759837553,-0.158887171049914,-0.0819621432097181,0.0541314422847431,0.0804736673636974,-0.179180586957236,0.0993683203406421,-0.113904541831747,0.0322236165894273,-0.0140546421045206,0.0877514281229934,0.0889974940579028,0.14916326115276,0.00637853167312723,0.131660820518914,0.0483320064248765,-0.00826039445112776,0.0159820319318173,0.0361946254114492,0.0825434945671329,-0.0100136365033612,0.0167829416247937,0.0852462230334948,0.116186547424253,0.274910654917213,0.212314901531934,0.113497252329453,0.100128157978742,-0.0648290483125734,-0.12389292610375,-0.0759735568029869,-0.0690564696840087,0.205783142917576,-0.0193918272762596,0.158037542935137,0.212485560913409,0.144192680199278,-0.20066118120609,-0.251998559470886,0.100074999096466,0.0197008808711967,0.0988961930450726,0.0629971352529103,-0.0258834934501212,0.110986322642217,-0.1076397919419,-0.0196011131135937,-0.0495646396356796,0.147522905359651,-0.060684843321427,-0.00238555929845609,-0.016103060508259,-0.0232895810785115,0.253103038265797,0.0570621213392238,0.116424419674292,-0.0305587138705939,-0.273454160506644,-0.00193949343282709,-0.175871091409538,0.00859997377927854,0.268328024010045,0.111894617958552,-0.252508427623413,-0.0806633526264613,-0.0181554296660081,-0.0345047412780767,-0.0722123126111567,0.154615719152375,-0.0305599874196818,-0.000675032107342148,0.0414747624505093,-0.0850137676052302,0.0206884714247424,0.0751547200686863,0.100618512518674,0.115104470839374,0.0188699897362974,0.0487198226892055,0.0612969843267531,-0.0977564452723623,-0.0303667924153787,-0.348416811064296,-0.0409254665128713,-0.0145162435785211,-0.0711049711073275,0.0755743427822475,0.134992362706035,-0.0689429294107069,-0.338989589990361,0.00602947025474216,-0.170632782368124,-0.0336577255390388,-0.108489009058267,-0.0532765375226953,-0.0200049779979258,0.0701922967634034,-0.0569203805231422,-0.00413045423203466,-0.139312716918938,0.0364175211983421,0.104848050778003,0.208314285847258,0.164435143943719,0.0552861645816406,0.14344149522912,-0.10316292614539,-0.146757433534875,0.0408719679678035,-0.216752987766281,-0.226398211177857,-0.143330171516039,-0.0370543474335483,-0.0547659270040838,-0.106684926329285,-0.0761645395407128,-0.214740368624138,-0.0975882981649262,0.018976564816479,0.0913167618112184,0.125263294404462,0.0611030729308223,0.139499520540637,0.0539218875659819,-0.0925969877617303,0.114106335174013,0.326750823318086,-0.00580132962654208,0.206193295846664,-0.047004945408386,-0.189447162956244,-0.00410667717398852,-0.0613772844783806,0.133966366854581,0.136034872638422,0.0990614297081474,0.0274598768649287,0.134338532591748,0.101772401733735,-0.353853401828058,-0.109597682301593,0.0334905103024654,0.259195299911082,-0.0535788947732168,0.0656107131349818,0.0553866255856802,-0.0467806626892586,0.0587344949028445,0.00569489159730967,0.23551963368446,0.299406110724167,0.0320674977357623,0.0158308984789054,0.0338996736513433,-0.0108582807464151,0.0422439514072398,-0.186620569523612,0.0191838398298246,0.0946788034267954,0.0630277323228859,0.0350716492835305,0.0528960181233052,-0.0500833511808719,0.146028531482962,-0.0438613023260627,0.0526864713563339,0.0122283475474487,-0.113018058704759,0.134537090967602,-0.161545872527758,0.0214845794816936,-0.0494782092345038,-0.0584033734363786,-0.099227690979526,-0.155672499814852,-0.0924423428673238,0.109318011493388,-0.0800560786257379,0.0658702884638914,0.0463030590077936,0.103652790331801,-0.0688735549471034,-0.113615851158774,0.119315489846153,-0.0593855053223309,-0.114998710941823,-0.127057526499096,-0.154062015185778,0.0865689641551732,-0.0508444326632039,-0.241310208996059,0.0884915219281572,-0.0571365112212582,-0.122471043451464,-0.0885037315214355,-0.00784511288929737,-0.077623669664303,0.119637091513365,-0.0671776097386025,0.105128215166229,-0.289728174902361,-0.128833050261373,-0.11496596483046,-0.195138186689974,-0.189176263543704,-0.0206817247636024,0.118276791204759,-0.00723973381649147,0.314417708929486,0.0902471291592605,0.104527057274981,0.103428956244316,-0.253673990987539,0.146183337444225,-0.0594196622462945,0.031331885202097,0.127303615818264,-0.0806983731895694,0.0647212540053503,0.201029321350108,0.206251882276586,0.206132610768979,0.112835894459953,-0.193169240090933,-0.136188688540758,0.165807757809442,-0.0991770869091279,0.0608704115177019,0.0209798890714662,-0.112019188914102,-0.169643463997096,0.032954868594014,-0.0788621695969574,0.00104183536914113,0.071383668061317,0.148341195374886,0.17896868345275,-0.0473892956795216,0.0264086495360319,-0.0670537197142328,0.0371390966416335,-0.0235051721642425,-0.235099590139457,-0.0564449840709424,0.0103546361009301,0.027770062535912,-0.0028852959295361,-0.256382136224663,-0.139510623378005,-0.0243752331993905,-0.187157808489097,0.0514124800931001,0.16484669136538,0.0696374526584508,-0.0750598114561901,0.221636860377714,0.054133257780126,0.179544167241258,-0.143667323679659,-0.0601451403631006,-0.0369140284744869,0.048830879616202,-0.00375542576658077,-0.219402840426539,0.227447068952222,0.120999745327998,0.110059876344441,0.161046181352827,0.0519480361450017,0.26763899339119,0.0244193645844861,0.105662473131291,-0.0897776106372331,0.0499690977818582,0.0455372065982018,-0.118124629982785,-0.0640853430434566,0.0301507299246873,-0.0591799209453522,0.148831278226579,0.133983318906655,-0.168512636627503,-0.138629760186416,0.0326053224488209,0.108244654052254,0.219921284418746,0.208345466527186,0.141513269984747,-0.257659729465335,0.0516231889811076,-0.0247978341668355,0.0125252593582623,0.0631720509015178,-0.0308534173698029,0.192184776735103,0.0324856885595138,0.00345957130526504,-0.0228556400499255,0.109335754744269,0.127894910027702,-0.0786676836530082,-0.106369034107451,0.150868109136104,0.0823745297134527,0.153565046199333,0.0837477835616464,0.0811292510026907,-0.116415737915849,-0.137085020856215,-0.0412985075018128,0.204813502743156,-0.0141990468501119,0.174042129832173,0.0170981867658065,0.00916161460110324,0.104890197358294,0.0758698393567207,0.0103823864570032,-0.0476160602263765,-0.195485504116116,-0.152909352907399,-0.124961796347392,0.0198615662409286,0.0306620139343673,0.083211001511839,0.100457393490098,0.00882049771050662,0.0921982571986712,0.033326073239153,0.100617156281045,-0.0102473155224775,-0.120921790214718,-0.0108518794836167,-0.0292448156721345,0.00512190340677875,-0.0804507137231868,-0.0743688221060632,0.0298903954677776,0.108658922669072,-0.0732795985802087,-0.0978109480597959,-0.123339728086619,0.00617266240011576,0.101071247976881,0.059211073117514,0.0131890820756267,-0.12611511104453,-0.0149506979727946,-0.084752064437159,0.0152429990020875,-0.14588075382686,-0.155838017012845,-0.152428456354437,-0.256600478076327,0.0458455055688707,0.0617393865891034,0.0991146047646696,-0.100221792144358,0.115586118115496,0.00493433249877188,-0.22959147099866,0.142758528834922,0.0311490621589898,0.0946463385545279,-0.0125622506959023,0.0428944411491486,0.12927592459671,0.252120625226268,-0.086262681090357,-0.198656826369346,-0.0865784010055236,0.0376239551979627,0.020214298874749,0.041396450578009,-0.0493081842925608,-0.160354976145352,0.101384349069083,-0.0546371861605317,0.345911332223596,0.316625113265333,0.149573332142355,-0.0569055657717154,0.076251260999993,0.0981235479852926,-0.0898694859058371,0.0478065623430003,-0.0870932780854062,-0.125664245055794,0.145608544434898,0.095611996797914,-0.000476713220926406,0.0022967965385659,0.384571846875192,-0.0565245612866284,0.062431854230876,0.0986781371009129,0.123088618317592,0.0406619730366808,-0.113853187779396,0.21179775479041,0.0155762903457673,-0.0955740764272175,-0.180006763816056,-0.0536622110694853,0.0567505248175004,0.107059148792401,0.24742066237797,0.0680439339813772,0.133352334783401,-0.0963280882584589,0.04190133116113,4.98760212002541e-05,0.0578345984202071,0.0984127149421468,0.112084077260412,-0.110925722290226,0.0959122326822631,-0.0708278934616509,0.0345919422017658,-0.0381374510039034,0.0271941732077772,-0.0516203319716515,-0.129874756892449,-0.121786790424448,-0.038430389543522,-0.100882979696773,0.0495883248513908,0.0524894789600516,0.170336969159006,-0.114491403403273,0.206996432114675,0.0582548557340688,-0.100207563869442,-0.129697613472149,0.0170979722205605,0.00795700941233998,-0.0447433724119907,0.0507789502234992,0.323595722765895,0.0267699366531716,0.0423748091024226,-0.09927929991743,-0.16268226972021,0.121172898105038,0.111483310151522,-0.0421402091837984,0.162667021102332,0.0631284746091591,0.13008531409118,0.11826364489283,-0.150003596646917,-0.0682447440443822,-0.22669197776389,0.0444579800329307,-0.00338332394294137,0.0114054284150322,-0.0728250544170096,0.0664601261708595,0.0618846308374599,0.155432611789314,0.0455796765880667,-0.0386614846334048,-0.0354311618685119,-0.174826850837233,0.0287888343815325,0.109566621170739,0.0315116513867107,0.0811076927326099,0.0160563506176827,-0.0907274028534424,-0.0576561815217155,-0.151437946183432,-0.0616393989983327,-0.0675501805687112,-0.279580502921482,-0.237910775457019,0.0209063381239597,-0.0456345420087709,0.176664351451537,-0.0909138514739148,0.0251169372623305,0.144449276566589,-0.26217165386134,-0.0277080509896843,0.123218544996852,-0.0614651085245388,-0.0464299163695459,-0.126685514059588,-0.0210058388122592,-0.0519075492639525,-0.123007956665799,0.0757917435627785,-0.0992519973168755,-0.154848645889283,0.0216655061563881,0.111525851320086,-0.119955985108715,-0.0369881747490411,0.294363873481431,-0.139717309321049,-0.0966968317228037,-0.0222221121895162,0.110625906993339,0.0595038763539426,0.199185128841569,0.245046949852006,-0.0207730784351821,-0.126490740388646,0.0355235072566899,-0.0608753231237011,0.197675149533715,-0.100475312622934,-0.141644550603985,-0.103689725580875,-0.130298209747195,0.0709088918046821,0.0568941291805806,0.296889933385574,-0.0596158573113209,0.137383659097083,0.038881039871409,-0.234846588916767,-0.0876041827795333,0.107263573026292,-0.00912635154304731,0.0243025237052309,0.044042884777876,-0.0964588866300925,-0.205818958077302,0.0029211335636747,-0.0514340159882753,0.0319002204926489,-0.0529665514285705,-0.165848513859202,0.0962535622719854,0.14035471931943,-0.0178972050220987,0.15085996889567,-0.111879890133946,0.119195681603992,-0.108663726312384,-0.0221442453053877,-0.0892227101223176,0.116894370315955,-0.148610625214402,0.0222836364336748,-0.295062521313429,0.0891092179307454,0.0423185353931244,0.110413066546997,0.109809230219689,0.0511992639491875,0.0159624101478949,-0.141965313149145,0.0551726122406651,0.0363530121786164,0.0444297315672317,-0.0478268699404549,-0.0178925533297072,0.28388495104555,0.151442776677015,0.0708067270873001,-0.0562519543040357,-0.101426834333413,0.0356266185222597,0.0228129450658388,-0.120498737357217,-0.0442587359485819,-0.151612094716111,-0.0757508523178946,0.0190478047629389,-0.218656969675373,-0.00100847582422854,-0.292662165935998,-0.0737953404166827,0.139825748270698,-0.0699860003072636,-0.110565189497311,-0.0909277514553146,-0.0722255178123326,0.11088941678662,0.091966612598957,-0.0772530869779527,-0.00476044361901185,0.0282510620720907,-0.0429823677137943,0.156358190053788,-0.0339656269890769,0.0516671739938371,0.0121534251026143,-0.257569985249512,0.122113339566296,0.131406128059597,0.282965245164307,0.028568264022193,0.20992440327268,-0.00898998901848914,-0.104481262913373,0.0229154303290848,0.0149261310281095,-0.061946512199038,-0.031946804278114,-0.219169274053074,-0.173220067165171,-0.108749718210892,-0.0387485918545875,0.163950815687008,0.0880756804048196,0.123691572192679,0.042211083471527,0.142226764351692,0.12120992108839,-0.239320639048928,-0.0301104864171535,-0.00613331752110603,0.0298676141012504,0.0917770635865222,0.0437380161290355,0.00554911591106005,-0.220429755803369,-0.111450071079949,0.101296434688446,-0.196644880306109,-0.0158114596616621,0.00515752803514986,-0.103959423546046,-0.163061094030302,-0.167339220699884,-0.0575263920941311,0.0508666325400516,-0.0836239696827108,0.134128938916479,-0.0430131167169442,-0.106775055984767,0.00618444917694302,0.0843981019620504,0.0877857304053597,0.0463394262597094,0.0131825504022635,-0.130908621316667,-0.0062997329842893,0.0249646546780333,-0.0738130785146975,-0.0792800325888753,0.113953676443287,0.246017226839772,0.115511870370079,-0.0830529133649424,-0.0555559199761369,-0.00800279174104133,0.0756435002397244,-0.0690289956447421,-0.03644840982718,0.047497118188173,0.154389833946487,0.0142795253164494,0.271183360150166,-0.0764830692302939,-0.185722813911999,0.0242029754690266,0.0123862169310719,-0.146897641265624,-0.159292798627943,0.380126521611754,0.261711912909982,0.0840029123580039,-0.0406197090920979,0.158585629349493,-0.172225167071484,-0.17059340525268,-0.0760650646924298,0.0721300329237326,0.207301799467762,-0.0145556869183607,-0.107300832928921,-0.132186180675263,-0.00660912133636313,-0.11255991435669,-0.301392997579349,-0.0991296454737132,0.0636510477240227,-0.136496169530596,-0.141755076802672,-0.0407799225276718,-0.0914195113376268,-0.140777656115956,0.105525617092387,0.0321449802045469,-0.00147033419164151,0.0289035361379687,-0.011132854037468,0.215026587649105,-0.0950956372422544,-0.119101596419979,0.0107033183037706,-0.113268197019539,-0.141004110812922,0.145948666439096,0.0788482040779674,-0.0964160974562467,0.126278118073449,-0.0222800790764322,0.0569276587148365,-0.104884811559799,0.26936650007753,0.179963994924608,0.218243972948995,0.0449931776831051,-0.0679448102680182,-0.0779667898909959,-0.157122286379953,-0.0591315383386397,-0.0425401754021042,-0.130404200338262,-0.0270656941322161,-0.165378418462429,0.0780022262372471,0.0637177600773145,0.0665411601105867,0.0780344946872364,-0.27089364476803,0.107728601495462,0.0210990618892436,-0.0766231371377697,0.00809681783757601,0.063122960846148,0.100129648699363,0.107688478146259,-0.0205213440033617,-0.129387604800607,-0.0510010041894544,0.175709988751999,0.0339060125071082,-0.135988134382992,-0.0720858513363981,0.0160410657624362,0.0235610173166193,0.00285131003382936,-0.0720615206535606,-0.0688051083655851,-0.0163567086201884,-0.0492827660421126,0.0235983376499009,0.168390664191383,-0.0674991064499818,-0.0304161040674384,0.0148738967215343,0.0411711764326234,-0.189906856072644,-0.286778165205935,-0.0226621287642571,-0.0260761772040649,-0.213639497190749,-0.378215293229817,-0.197807707753428,-0.226501908287794,-0.076858643848238,0.0477034647916878,0.108760104372023,-0.0268521059524724,0.0843815550772201,-0.0409875445799446,-0.0236921319715927,-0.0421831115225673
0.172549588991097,0.13304026599252,0.106574277440278,-0.0791401194821494,0.0253195673419933,-0.0102706136294117,0.0632635872222139,0.153027421554555,-0.113396842862848,0.0515734200487318,-0.0440053834322355,0.0226918695141305,-0.0921895003297354,-0.190530507360031,0.0450761903435427,-0.0267556544724569,0.0779181323728185,-0.131679201129611,-0.125002097207223,0.0226323669824201,0.171968924684275,-0.0771029808845005,-0.169852376647353,0.00394125683884488,-0.0990977203304729,-0.0388176786934062,0.031183685857682,-0.173495285421408,0.0194561843158515,0.0353679641184702,-0.0879729550089962,-0.000309956479083121,0.0938331429923059,0.0252905499398469,0.227579197070338,-0.105183063786994,-0.251460799460163,-0.137080459194696,-0.209357381854004,-0.16613891040633,-0.0374830534374236,0.0554765555417607,0.184473499174939,0.0373364508049216,-0.0589575686013814,-0.128631136612853,-0.153549516044207,-0.0197409544364851,0.23396696846602,-0.115270460288493,-0.0381850796868227,-0.0715690098803874,0.0987363487297359,0.162839756814409,0.0302076599521879,-0.2752677738239,-0.143217171860438,-0.210785869627876,0.0983417407582728,-0.187850864248188,-0.0499962373221455,0.0387845689224953,0.0479045266552613,0.0106258415882067,-0.138248613888153,-0.0677973375688739,-0.0530571448345412,0.029551627136421,0.0675486166748313,-0.0291796804523715,0.0458198174749111,0.0487507173095681,-0.162467478776364,0.150785301797995,0.121688987819655,0.120050542618979,-0.119167845131792,-0.0480171721082799,0.106809230948506,-0.0312236926620981,0.0534014084669625,-0.0113388385387739,-0.0298310686323475,-0.0434860616809426,-0.00506834094976544,-0.0718704780576545,0.0143612766484904,0.0239053033590555,0.141140509041015,-0.017601832715094,-0.151817918191065,-0.131222081722292,0.0298451868281195,0.0952002528350697,-0.123389182117851,-0.138321625872333,0.131110709843447,0.0536153832948578,-0.00920229289264376,-0.156402159736859,-0.192808813607307,0.00231080856479473,-0.0131720526835981,-0.0964250827223028,-0.113821973860931,-0.137096070831287,-0.00756056613841646,-0.128408021894681,-0.0690850190127661,0.0347667434015311,0.177348243849951,-0.0152455162300573,0.0187066755162797,-0.124798132478782,-0.0125975088695584,0.117033745014405,-0.0453730521142141,-0.215894411492584,0.0211655727653724,0.0466127064660129,0.0354138195861006,0.0954508890004754,-0.117111811373205,0.0378605505275474,0.000550310377772296,0.130344503501918,0.0846479546797039,0.14558892002467,-0.0184370298072471,-0.0934089221832689,-0.110767557563833,0.133974348846864,-0.148547327334166,0.0650032951020441,0.145449166852004,0.0238832400335287,0.0822024510372828,-0.07673994406713,-0.11224633064465,-0.0158321696522093,-0.0773387203288108,0.0600450578964492,-0.158121365520393,-0.116859878094034,0.0265221196352605,-0.0123677932476068,-0.111540252335166,0.0083372301050433,-0.094488619846336,-0.0499709397747647,0.00512905319446403,-0.0402436351873573,-0.138471964842413,-0.0650113833060696,-0.0321437609443981,-0.0295135631153601,0.0523140526284215,-0.0951790398431999,-0.0226007227108111,-0.150975381828503,-0.149876588101079,-0.0543495318868707,0.103968348354718,-0.0292607328823308,-0.0310570468252256,-0.0511535763466729,-0.0711550892852132,-0.00679148099590808,0.135639672004042,0.0732467257404357,0.0728012911364073,0.104682691567654,0.0500003921000238,0.096394604222059,0.170840136188581,-0.150551103053027,-0.110725941426592,0.0454356335926964,0.0319560878929376,-0.121103632588296,-0.0435392553770755,-0.00824348845152652,0.063969843076841,0.0194280575278643,-0.00616604463227735,-0.00362432329853597,-0.0479673091690906,0.00398660192715603,0.194527428245429,0.0697884724747026,0.103785412524404,-0.0147827101523277,-0.0736687710304535,-0.0204705933086808,0.0785625977124111,0.111508840797935,-0.0674792691664627,-0.114749524441403,-0.0212397611002077,-0.0243423087767388,-0.100685573992756,0.107875599475976,0.147274985495301,-0.083269970774345,0.222283564607911,0.106723696393749,-0.00715047763878045,0.0316281054769779,0.0880111752782424,-0.0634482682440644,0.000807961942191463,0.0445718523623174,-0.0535433286126625,0.0513214812251391,-0.0755086939894415,-0.10839571044326,-0.0632895497152497,0.0219468108530756,-0.199184398852427,0.0245525071561217,0.0978532290401091,-0.137104653021362,-0.14217367091954,-0.0214520835134356,-0.123422499172883,-0.0661947454993617,0.0415219892667147,-0.111787717970777,0.0812296882824794,-0.0413983351990291,0.0563939747706958,0.0167060058610573,0.0426060218889715,-0.0296327414717394,0.0426378556213161,0.0308494292298336,0.0166501046850737,-0.162471383000225,-0.214620245569078,0.0116475652588725,0.0152449662956649,-0.0693364330427334,-0.0854044984026429,0.0402691544766645,0.14822685249599,-0.0283693783635136,0.164084054774994,0.0504658712170191,0.0150131629089482,-0.190890166118613,0.198608435646507,0.124848746105691,0.0255284555878733,-0.198533756172733,-0.00581674350794349,-0.0864571580664155,-0.0173654636486562,-0.302300500944801,-0.0310273604517566,-0.107282668025816,-0.0292025365957003,0.0535665874534981,0.174498537455218,-0.0771089130121745,-0.0726108080986274,-0.14973808488306,-0.158528541506656,0.149894973614471,-0.155788549349836,-0.0517357183205277,-0.17952118185395,-0.268704186406197,-0.0419237369205917,0.0330682295012008,0.0431183508885274,-0.116586087121264,0.0456207575936293,0.0224066581049138,0.161190154379669,0.0155823898835775,0.197174173621135,0.134305874914735,0.224316181654236,-0.0875218782600115,0.0619666982363411,0.135295061176395,0.0996069848359371,-0.0352848591644752,-0.00747262404561452,-0.144443476065479,-0.0885033264456449,-0.0227614751250455,0.0357599971095714,0.175460407835587,-0.0736875176887109,-0.0393471268931204,-0.447147043855001,-0.13212554324544,-0.0756913807623674,0.136950445774929,-0.0632641286395081,-0.0526074452288107,-0.202102521127777,-0.194652026179327,0.121309519228636,-0.158303500956936,-0.128962341988457,-0.196049110918379,0.00902405808344675,0.0761588431775627,-0.0833947035486386,0.088863391118129,-0.0380840989030249,0.263778424862526,-0.013302895224614,0.128510542458611,0.0161437079913166,-0.213370332058208,-0.0839246184347871,0.0503923652603747,-0.0780460135582114,-0.0457940843574268,-0.0761756784594065,0.231156677652051,0.141698516277709,0.0440320526429372,-0.0415222511161046,-0.143522290274366,-0.105764228796387,-0.0863353658362755,-0.0371204261360616,-0.286153162013283,-0.0117734799461241,0.182191457469674,-0.198279018229484,-0.146242130818395,0.0496664203816317,-0.196458635757994,0.0660981416401371,0.345347736571358,0.153891613150172,-0.0611756769635272,0.0542622339383287,-0.0648969098369495,0.298509257595411,0.116974025027419,0.0720795475084505,-0.0900126627273884,-0.00491697631416509,0.177870930018979,-0.110708896018295,-0.0253916258625458,-0.0159721922359423,-0.0416268898607645,-0.0841970455622981,0.0338399798026118,0.117393270612712,0.0107033908660958,0.00533046238279433,0.125826615696417,0.0838368757049445,0.00772042033268138,-0.0212746684997191,-0.0887649258751161,0.172967722564906,-0.145910020906393,-0.0363151542797227,-0.200835008232235,0.034355600922032,-0.103886581686435,-0.0948242715301547,0.0921172580645507,-0.0366814742794747,0.0288351581053247,0.0690385174891638,0.0948272773443667,0.0250189053750048,0.129190264974894,0.0889895571335875,0.0926842650046058,-0.197776726752097,0.159620727804602,-0.152968144631821,-0.0533297624320762,-0.212998493151472,-0.0163467426394156,-0.0118728100507882,-0.0769402672987594,0.0556348420965138,-0.0213760381927295,-0.0540660368599055,-0.194521497084178,-0.0341065371791889,-0.156713660926263,-0.0514006012698711,-0.0636865707048287,-0.179892477053168,-0.0317534769268709,-0.0627197002714672,0.0643062907393084,0.0193720557311248,0.0678710409306534,0.102865184571027,-0.122432534003178,-0.0775781208962916,-0.232657029744253,-0.0840841872598408,-0.0607659755051341,0.089366553044985,-0.145307800388994,-0.134017897904383,-0.0749853103646188,0.138505648704347,0.0428746328615639,0.151189047016076,-0.0880996251912121,0.040100351356645,-0.0712830873066378,0.00258700561395,0.101425777340418,-0.107525669316672,0.209917592721225,-0.0586058858047343,-0.0296098945919343,0.143791377950955,-0.00556940672418507,-0.0726424404606998,0.0243938536312093,0.048835772404549,0.0552367883561955,0.046366615295515,0.00673882601703932,-0.0128996032643565,0.0188230456380051,-0.253049054806723,-0.118601087036487,-0.132406474234167,0.0264085098003961,0.0415042345582543,-0.339064120116915,-0.106043370559132,-0.104122350354785,0.0658512231411002,-0.00951004866537363,0.0214340693008574,-0.188509224734533,0.114806128521476,-0.0503494834237635,0.0426938378214561,-0.13105825597953,-0.138397713215342,-0.00792212836759958,-0.0754139716909669,-0.0472551820888125,-0.106945584524669,0.0438431891324769,0.199240722042694,-0.0447915948893453,0.100550863404684,-0.0266422576564226,-0.111056068290353,0.0135133434292822,0.060456613819999,-0.0945283964119354,0.0877515059447304,0.152634887143196,-0.0152364965852242,0.0582403779288621,0.0363114510835765,-0.146108332054927,-0.122373274977929,0.100879057043516,0.0504704725871436,-0.0114866401362756,-0.0546031865567968,-0.0628856127388508,-0.0417169097709395,-0.116968124139607,0.03776203636743,-0.0353297134273267,-0.0188629781851805,-0.118345426110888,-0.0581856555668934,-0.0287334913159075,-0.216836804823027,-0.0209471380369938,0.0936478163487034,-0.0179877120102029,0.0126803963358778,-0.000715678366313256,-0.0268662668007736,0.13447377377703,-0.0379444988150096,0.0871029435892994,-0.0373811670785168,0.122389540031737,-0.0121026210461257,0.0153668397029476,0.0807528327981182,-0.141006657854059,-0.018838780342956,0.147728265039087,-0.00455490535139699,0.0211672850275848,0.0143304636417322,-0.038711429660659,-0.10552776246848,0.136514010972709,-0.132090316470841,-0.126398280358686,-0.0726326376427378,-0.108262903826159,-0.234240745599033,0.128463774621768,-0.107492082426886,-0.174581496591074,0.144473375610463,0.177737567935851,-0.0093326668263717,0.141156267090268,0.0239637318232273,-0.205051454752481,-0.169405404247334,-0.0481940632732558,-0.0462533502534487,0.0128239782263743,0.0913242246492204,-0.0401748881839513,0.0674102813215843,0.0673438316513189,-0.00436711988815631,0.15555397993467,-0.00909706745709993,0.0698063152940886,0.0627504345980813,0.0306781084587773,0.0934567152971641,0.103086060454893,-0.216301471060741,-0.137824500963454,-0.329644293343481,0.00313961349518509,-0.0751453457640172,0.0271455919563652,-0.0865026614739773,-0.0291188706254219,-0.182352343259771,0.0202863849248336,-0.0446523861319758,0.0520888405726837,-0.0628152382147275,-0.182780653608451,-0.154414224628966,-0.067857368305338,0.0698458357447728,-0.0609323737270261,0.0589236536630258,0.0771076445860275,0.112596764140513,-0.0158992413206062,-0.184060190230648,0.0246609808821016,-0.0265562408566906,-0.181204293084414,-0.0934505171819598,0.0221867428640559,-0.0532548934931505,0.135090329810888,-0.0352466764146407,-0.0532795008220452,0.0693188408351676,-0.0166507778220686,0.0352381806366476,-0.00699232051543482,-0.0536567995678933,0.105199666477375,0.0810864724804187,0.0399684640763836,-0.0671797423413957,-0.052896574870159,0.0871920380487467,-0.0505914614008244,-0.101752345907568,-0.182081487532935,0.0876956516297103,0.00224346789707398,0.0814181234848945,0.0615851971432872,0.077732601111164,0.0461268140184674,0.196599566529862,0.0806512620779006,0.176635597764757,-0.0942246268135334,0.0121264916882725,-0.150447356902038,-0.117545447045993,-0.03359297891315,-0.122864135860406,0.1062763191167,0.165553544336711,0.0658113796531689,-0.0793867113153714,0.0591853764227855,-0.0823189195577682,0.0550508486390042,-0.0532473979530511,0.0661673135756877,-0.00741844382514832,-0.0458616518657752,-0.185171089619389,-0.0323768850486594,0.130821423384386,-0.0919357054783807,0.0679726327835923,-0.039410702774458,-0.0151257600996311,0.0398648157400629,0.178726647765579,0.206274281999157,0.123135383555225,0.0775520099059139,0.0754513496662068,0.179223790418515,0.171340084354317,-0.14116452149389,-0.104482690371323,-0.0875049714667638,-0.0728434235077264,0.0419874928091565,-0.0144485106349339,0.0097965559830287,0.111554357272063,0.180911982890022,0.169838704668146,-0.0270693460408319,0.107048987764568,-0.00585813499729158,-0.148263448499812,-0.284791719800466,-0.226187389124383,-2.03142013469847e-05,0.216426568917456,-0.194703094824484,-0.0350214105753159,-0.116748389639199,0.0401926371959247,0.290111014468115,0.10115486457378,-0.0579158240389311,-0.109198297047424,0.0139390563969729,-0.0302211858600021,0.113818005272016,0.0511521882239252,-0.119084711195901,-0.00172434385724426,0.0202509105688285,0.0277690430070254,0.127627081995712,-0.198771662750671,-0.076865687598466,0.224796281327762,-0.106449533435689,-0.0573142192392084,0.0341866432652123,0.0555210100226028,-0.0637079552477302,0.090689169138473,0.00725588580935854,0.0672531078940873,0.0399102456784465,0.126924687846068,-0.021570253722865,0.0759948659466156,0.0459164407691738,0.00708317818682984,-0.111226396483263,-0.15728734875204,0.115588845150503,0.111921404613012,-0.0764175051397155,0.0853406448124691,0.0457897451477634,0.0983260284941375,-0.0675973805818473,0.089818863897207,0.120049960951489,-0.214027621711739,0.15577535242856,-0.0311371133359343,0.133831189036754,0.00269014841188994,0.0276264090923808,0.0704759249783211,-0.123522872348695,0.0770542365329014,0.0631379804931047,0.0388657876385012,-0.0747100276251155,-0.29309419564159,-0.0752000262478558,-0.0540126776591116,0.103977228024182,-0.0611201307114066,-0.136699833070475,-0.0080550999296699,0.0919868442981802,-0.168720332309799,-0.234831251445721,-0.114813799264237,-0.073147413496725,-0.0408301071223932,0.161509096890198,0.0978684821277596,-0.190501073859466,0.0474699990358976,-0.0384388988031661,0.0614245256211102,-0.0638658567184423,-0.0218611462912432,-0.141181616177082,-0.0468464732345742,0.0682913341180123,0.125364375043964,-0.163080122377359,0.195610209513265,-0.155482349184945,0.0330666994899624,-0.0950673774183185,-0.0111494009202524,-0.211546882079472,0.00915550463658803,0.212630658662432,0.0957354932679909,-0.120096828288262,-0.0760644162816961,0.0443153066604711,0.0717551857844067,-0.220458561277365,0.0690414373226553,0.136597221707837,-0.00291413184789879,0.20396367485418,0.0666678817099953,0.0524533574191737,-0.0138016705112998,-0.170052496640224,0.0190202583112049,0.106158549543327,-0.0664772560598172,0.0187778116657906,0.0160404615958747,-0.0122251041616549,0.0256034101032536,0.139134805847074,0.312876661221297,0.123823907160991,0.142732643948238,0.133732975218581,-0.124329171266039,-0.136758605692418,-0.197615104429322,0.0479007924724179,0.0845502536189616,0.138261255441675,-0.00391474020024038,0.189392367014332
0.172489424029414,0.0116736777247349,0.22912762244797,-0.0161837712346655,-0.0647874564022164,0.0121183444300486,0.346893582045525,-0.0422855267301812,-0.141813138702397,0.43196055419699,-0.04647391263866,-0.0159823753199462,0.0695730593576634,-0.0147021232778785,-0.358293002236594,0.0327368580288996,0.0736427123800961,-0.0798595446029823,-0.273742158187586,-0.0140614918079568,0.181577254807917,-0.0103097286146721,-0.199664979140915,-0.0377962904442946,-0.187967054025369,-0.254716576628978,-0.232194264557453,-0.289293435025388,-0.432868380881036,-0.102161918037243,-0.403403470572142,0.490545638872151,0.366252528821788,-0.0175109293432739,0.132046283532699,-0.262700721821639,-0.407178068064935,-0.522935646635106,-0.333085600205194,-0.401778003107552,-0.0901768592015817,-0.231627347895155,0.276034899255085,0.0526013732600937,-0.173992779797458,-0.177438077937168,-0.403516694637849,-0.157177509373664,-0.149718587829297,-0.0161123661732383,-0.281760455911343,0.0397169212483442,0.0247603099529741,0.143127452699131,-0.257532414132889,-0.200974355419635,-0.283262500220871,-0.307484325376882,-0.244066969704389,-0.316440373705804,-0.595500667454731,-0.36212466067477,-0.0663509233205971,0.111821784021983,-0.145440224056173,-0.227209028356681,-0.0108949351389608,-0.0347411390481482,0.0584087292338017,0.0824902087734188,-0.127999379218988,0.0801656186021448,0.00168006259023373,-0.141909843118221,0.152187304834143,-0.0615883640158944,0.218516704215305,0.178352525837291,-0.238416262311025,-0.09285420409274,-0.00662582422316873,-0.260075608879254,-0.0482946338601824,-0.0577998603353182,0.0941468986707501,-0.0258666173104156,0.322965148646257,0.112683431410838,-0.197110389111403,-0.00272811984254021,-0.650420407153466,-0.0175643424840878,0.187277707537164,0.270079543250828,0.0990509754250057,-0.0162734853350686,-0.185846527562544,0.378020639949917,0.253604617533971,-0.0659435293193667,0.036346468863888,-0.147582085187918,0.127189699714381,-0.0754574104281255,0.0144241159157843,-0.215710798719253,-0.254945947725589,-0.368915639319797,-0.137199708796766,-0.0557039367994534,0.120949306634053,0.159075703354138,0.0716600813112233,0.0235617592939528,-0.215328537019177,0.202626463385003,0.27683977745938,0.0985784319639096,0.113329230424707,0.28976269190316,0.404421798902816,0.0240378897004361,-0.205218446203903,-0.113228370448804,-0.0599703400765234,0.160858535735749,0.177951471947817,0.113004609313869,0.295078839534857,0.0390924484423777,-0.625491127677114,0.0707789603909699,-0.0219045103011939,0.256351523023138,-0.0381828192973389,0.233093082200757,0.0915875727877165,0.176247136391588,-0.193217610946642,-0.0716465048656759,-0.282488689502932,-0.298659349013715,-0.403139866008516,0.0235160789608549,0.239429395626477,-0.26713253667212,-0.146752442110917,-0.163731035317671,-0.200560891659976,-0.166354290169189,-0.191162644416169,-0.165991249652671,-0.175072739055417,0.151796060001064,-0.158973893186096,0.167374848068125,-0.0378445602012468,-0.0706568458095646,-0.00884471660964181,-0.2098085115804,-0.12426714734884,-0.171882298825206,-0.137932069794694,0.0803510285997867,0.0614551231182508,-0.244868090872287,-0.0521724186085439,-0.175617122069965,0.0319251726878138,0.255837112910941,0.145026660335845,0.213624081292476,0.165558893315065,0.238828708585467,0.416416456317533,-0.00188937479091048,0.0783948575697707,-0.0630607497369123,-0.175709361423238,-0.204366344457668,-0.0855063809223094,0.157322013862557,-0.0397610837896271,-0.203533792430359,-0.0549952128938999,-0.0162917748937082,0.0259153072674571,-0.0974345432012755,0.401310643433971,0.235178514741101,0.167201757368539,-0.136353922205378,0.0242237761522458,0.444420845388876,0.166528355604793,-0.176423245927503,0.128692231499369,-0.114336334608745,0.111972016771798,-0.0270181432987669,-0.0133079377076263,-0.184207830566041,-0.159629026988618,-0.123535582438545,0.479024582704042,0.214699522612712,0.282530284921281,0.242601821704943,0.0459333214156854,0.03690983011474,0.25250789362086,-0.408910563139452,-0.469956676351209,-0.376379169138688,-0.29467942852407,0.0878151209786814,0.08509383707184,-0.0801117333353274,0.207306985900677,-0.0445598558468177,-0.345142338088693,-0.111327841243523,0.0695012286152427,-0.353570208634316,-0.390511450816912,-0.0266651751022136,-0.0613785228073064,0.309347248023418,-0.117234285001637,-0.132953294584708,0.126466687747461,-0.122520015124721,0.0801905268437894,0.40088470705722,-0.0794881428409893,-0.122660171708803,-0.120882317823781,-0.123215445301174,-0.507323233277684,-0.408584675766286,-0.211027392332006,-0.223471674331287,-0.0109443219401049,0.188128747800933,0.234098278996227,0.144871995707658,0.510678442092076,-0.0811169351816944,0.0269267806268356,-0.0223703458301598,0.00290141337206906,0.109122360422013,0.329024788430269,-0.00337643946744196,0.0917964771947039,-0.220601570901068,-0.297918780280069,-0.239983875514637,-0.379251527068244,-0.0765004790977362,0.196043228776291,0.0739753138029461,0.269598972229306,0.172395331439125,-0.22604059429012,-0.0703561237239162,0.119316358120761,0.00199560089673954,-0.359055565424841,0.0589389029599159,-0.593983777742699,-0.623095438938935,-0.137227377184512,-0.556309099120042,-0.115943340421011,0.0286880639100071,0.124551583489778,0.295059105541392,0.106820830941863,0.313896130522689,0.262953487610767,0.310013741523269,0.181405241926084,-0.114821921344546,0.121568828548547,-0.0605379798470287,0.275422415890706,0.0200437771090327,-0.350581431156796,-0.142706941303224,-0.354566975258194,0.15723811234423,0.24002756224311,0.381750384934007,-0.00557460773090415,0.0230083816484044,-0.32430586780262,-0.0837522420608902,-0.0997819405708082,0.117611629004255,-0.0327744073398446,-0.00039869766955444,-0.212575764369036,-0.373789926376636,-0.00205381797481199,-0.426824579954449,-0.264313807168577,-0.28606858097249,0.134432615241674,-0.190442502782378,-0.278185629263222,0.0655026244901555,-0.0806336415239491,0.0304058747579367,-0.218005396367553,-0.125653931100343,-0.246972236413008,-0.0599003696181223,-0.0799409640016083,-0.227576146504489,-0.0802788266797475,-0.0606976254763279,0.188253676258133,0.4680580620991,0.261103041660177,0.00466185704716174,0.189274868875114,-0.00720497016399444,-0.124969476759304,-0.0948241389763733,-0.0591158074999801,-0.135000484832866,-0.0497007102615738,0.0904709289127495,-0.0764903212358777,0.0402615685886283,-0.332852121142422,-0.213349628392314,-0.176437816991736,0.252479886508433,0.285184042653027,-0.0293254656694936,0.000772176062764321,-0.185112578469344,0.188926075649816,-0.0770881489585154,0.156084715286747,-0.150550918748217,-0.27612054340797,0.318085347703552,0.0465079205072867,-0.260691136221612,0.0727360116428045,-0.0116024144714819,0.523892242069081,0.578701352046768,0.193382919799459,-0.024040057407651,0.0126304023124957,-0.14859532130316,0.432000568916614,0.0772170963974752,-0.409010832378491,-0.160724631602557,-0.00287476600340982,-0.472955646418096,-0.184727669388864,-0.264524642422498,-0.258936517729194,0.226105814610394,0.0839349496233074,-0.255762847643524,0.10175621351719,0.321478254278586,0.326784096421503,0.01166637175989,-0.204244921863851,0.360363073633944,0.05749533440438,-0.0824394471743225,-0.0864832870658527,-0.213847195309693,-0.225300823960939,-0.56688902278179,-0.315141991436301,0.0164503826358612,-0.184502320214421,-0.235845162689654,-0.160276556198406,-0.0959870098205628,-0.0215812640572017,-0.19561381249897,-0.254851687321753,-0.464870215115322,-0.109754576559241,-0.362420519769995,-0.253953458549729,-0.0198036003421198,0.108754419864284,-0.21054208054121,-0.227287418075367,-0.0278842414533668,-0.00137045800285775,-0.182408712009308,-0.175510624221647,-0.032608051335048,0.117490398931753,0.207624136407508,0.0342249271532642,-0.254003633230592,-0.479039996304181,-0.270069808272096,-0.226709841904101,0.130040025478704,0.0897176393139073,-0.149633838165135,0.0115115937591313,-0.234507568917759,0.133464592498672,0.254309499544892,0.150211576668421,-0.0384740581985852,0.263698855733056,-0.0126973473840952,0.0583367856881755,0.0338324732871873,-0.0352488642207915,0.130812761141848,0.144931891781511,-0.01160833802961,0.28625395538344,-0.135317092155577,-0.142540603706589,-0.0593171243567593,-0.00165477878550856,0.098643795644035,0.065508115397507,0.0051298829516451,-0.144492974045137,-0.311071502871493,0.0251625258364449,-0.334268980045172,-0.253882467682549,-0.272699062390903,0.106494789104901,0.269479647070738,0.107680719551794,-0.041022336798983,-0.162453849576925,0.151246967771524,-0.425175511628904,-0.0493667096361916,-0.307541864524866,-0.148553194474537,0.0911433372336471,0.179710625994283,0.387290509553807,0.106001248797162,-0.226989717522646,-0.205207314000598,-0.235968610959838,-0.0131033082865372,-0.106257789291197,0.0540801781050017,0.234018413174296,0.434921807088571,0.112773224353684,-0.0114022748842791,-0.326620355609232,-0.127480745694076,-0.174079114908118,-0.00805429815493587,-0.0979810424736763,0.0936159752612838,0.240450526241397,-0.2498822186047,0.0985922441888749,0.12413608509675,0.196067788547036,0.116895478153343,-0.172512449478962,0.0735378595879441,-0.0283698917245863,-0.169958147775628,-0.0672305140327464,-0.380744309555739,0.290492117583274,0.0325214319015123,0.0769719871676396,0.0576386522956208,0.254104487659275,0.177513093952126,0.191256467456444,0.0310120077900569,0.270880886925623,0.198249506843966,0.119755393958354,0.172747978936347,-0.147467353795709,0.163791390802056,0.0268198405190551,0.413084669847573,-0.149890019426871,0.0817044479179573,0.161072381392116,-0.00137379188893506,-0.400129362070873,0.366272514933552,0.225905859874815,-0.170751631939685,-0.376672527560128,-0.0473025909892117,-0.266812095317123,-0.136270650317919,-0.0875636712596691,-0.0442131504909221,0.034881932008328,0.080235921527369,-0.036052127269301,0.0780390659471558,0.0538556218909543,-0.0371478281973437,-0.364510527586663,-0.186222440492928,-0.0158188819718234,-0.0514659736916356,0.36043132869109,-0.228220519355209,0.0163217114994785,0.149551411424477,-0.0962787595607483,0.411109747028403,0.226829691155641,-0.324607290306851,-0.116170442411573,-0.0364163415596604,-0.00212748364450147,0.243840826674412,-0.130690017471324,-0.339900095543401,-0.292613428484262,-0.231441644126063,0.240315226295963,0.0924562374764728,-0.188336334804037,-0.193058468876946,-0.149618943874459,-0.13842995830962,0.224104092606907,-0.0341976405254631,-0.174678317603469,-0.406251705799907,-0.468671731944829,-0.300870247735572,-0.0946730998009046,-0.0710386791581351,0.0643162546715232,0.450580785932281,0.218278641580627,0.1879664490789,0.00136404399565933,0.00721520905133253,0.126546866459798,-0.707584309341106,-0.526662446805644,-0.0951601311694277,0.0390451965618345,-0.0667442477988278,0.250097898376007,-0.22375140880691,0.0832715327356314,0.0729197869480332,0.0353960189981482,0.000359843785260536,-0.16058077769291,0.448734195542926,0.367093967439384,0.209574362375744,-0.0833843170804155,-0.203161936716497,-0.0191268018940393,0.0670762385606527,0.0297258444350795,0.119223500816007,0.109184601125014,-0.187750371771765,0.32645923444527,0.238818841794563,-0.365183656602684,-0.00580753408309666,-0.184593563966219,0.10230326586066,0.063421980960238,-0.154006627589714,0.152547773169947,-0.123486476014046,-0.417069256778852,-0.0875096099804262,-0.28964584196037,-0.286876049476354,-0.0580077412562636,0.0336296967524418,0.17181693233732,0.116411630670185,0.124379713200177,0.267003825460103,0.0450165084816302,0.280469698037871,0.231691684773224,0.159655092292855,-0.316831253964805,-0.0600671356862848,0.137787916396183,-0.0594579471979163,0.0575601312388585,-0.032230629559625,0.421383769225172,0.204272067893632,0.0880239582754817,0.12986056953624,0.150689102923869,-0.121186673053641,0.340357342943202,-0.0148855546762375,0.154422458157766,-0.0678480078482353,0.112185408925384,-0.120085864711803,-0.247095705288418,-0.09779176149645,0.263344771549718,-0.0847793722766876,0.253858929211014,0.326240863682533,0.158159559512286,-0.378461215882658,0.0419851804316229,0.315684234409444,0.111663456870339,-0.366994587724202,-0.525851496505231,-0.130128170514488,-0.226063944416781,-0.208126336928578,-0.0306555493454746,0.0133947973725084,0.106460987044104,0.178834158598641,-0.0582935492281527,-0.284109690049345,-0.378142403599564,-0.0832927186012263,0.00616675416197384,0.0968035499370655,-0.00760143253129918,0.126777633881342,0.221125685346945,0.0521910932106792,-0.0889804131024388,0.00589243578279494,-0.257691140782193,-0.500288791494177,0.180859671240702,-0.0234138167704002,0.224084403992964,-0.00674591995064843,0.0517304799164074,-0.038143699640176,-0.127836244841829,0.204640794413641,0.185114410598902,-0.22895861285123,0.172305155902199,0.0396747551533822,-0.0525619253328813,0.0683293347349074,-0.0580725624925455,-0.0370728187032633,0.229470046857948,0.278012659884612,0.292220374095061,0.221003635658027,0.248524820152188,-0.173107752233222,-0.0196029931555194,0.0895987273516895,0.208793082971432,0.121485334231627,0.111981394054537,-0.00234342422452753,-0.153456481525238,0.265027592600406,0.0477278278507052,0.362560619973655,0.183140917040223,-0.0482493890348689,-0.0954050160293398,0.138143221064149,0.0542364887888737,-0.346062052572006,-0.303827071854437,-0.243545981206274,0.132019658737142,0.111168396053332,-0.238975023220545,0.0849695211336816,0.140402807575583,0.162814499314494,-0.269041639343179,-0.183622487199698,-0.376209820454027,-0.116616024844987,0.108533571166807,0.183277787002632,0.0887372795776519,0.0143036498600827,0.14566817253751,0.0769910681436957,0.386318012579869,0.1468201174252,-0.459766922181915,-0.044890324570133,-0.156158990185137,0.0613717068287147,0.346263449507843,-0.080701374626157,0.0683553652401431,0.26603833320523,-0.234801280961973,-0.0511796019357409,-0.0374980341836348,-0.288003342326979,-0.129415339658082,0.237020743675733,0.0190697101995558,-0.141478506106093,0.118735557272712,0.172785465560494,-0.0135208322113992,-0.0568344500443956,-0.155071703523457,0.12298059985076,0.0368505705350804,0.140690380386774,0.303508348519524,0.440054471275756,-0.125769742576739,-0.0525041332181896,-0.248833040440452,-0.127925181207864,0.0280986548296936,0.151044273163525,0.458331108995733,0.355726980884112,0.258763710917505,-0.256541995176232,0.23428186924823,0.438946918053562,0.0896181037782974,0.144381948882997,0.0661164918308547,-0.15325066263924,-0.197624108428982,-0.122647287450756,-0.180916786134258,-0.0123068979040947,0.0195041896035093,-0.0623547712774341
-0.0469349887687834,-0.0336328339773722,-0.1534278725117,-0.195550316428497,0.031188744788766,-0.106586513820844,-0.274410488057976,-0.0303426622334603,-0.0435784405672364,0.0827964799876951,-0.0213754012505364,-0.0562261934437595,-0.0299109401462353,0.0108260567904751,0.0592280624350801,0.0260862608560671,0.115787226346274,0.00490589313176089,0.115115229913826,0.138320086636425,0.0610077204355282,0.107876348721364,0.0906360466782357,-0.0752865537353465,-0.100511053871566,-0.0618856212593011,0.0901789309503668,0.232970084212544,0.0245117391667166,0.0744170744348167,-0.0619542151999884,0.0897816026137588,0.0428867888667272,0.14135957815594,-0.102655436123765,0.13420607007144,-0.0828907508265403,-0.134056415099448,0.0929206789551998,0.0110410702417166,-0.00942105779901657,-0.0329891173887641,-0.034493390380432,-0.00160511495405407,0.0449365360613804,0.143115307511248,0.0648252533250151,-0.108688740233679,0.357770111510824,-0.0358802336674956,-0.102403146395893,-0.0746586360069683,-0.0260749685327205,0.0200940774709679,-0.0819019707324387,0.00323418325983015,0.0219797789553645,0.137387179363126,0.0168026557188717,-0.0768827497667736,0.0511041825605099,0.0583181512588863,-0.103941032287205,0.0681819950284964,-0.0436229249841228,0.000410526521138315,0.0506683396892635,0.115292481259117,0.00619519780844834,-0.0464782364830621,0.0932332832884045,-0.0316969494765868,-0.0331781323574303,-0.0841773639987022,-0.174261496244955,0.156883586903674,0.071146195746768,-0.0745398255024161,0.0520096707038189,0.105517985051967,-0.0811417599721381,-0.088736039661105,-0.0240888659217634,-0.133942338118964,-0.200704960849767,-0.0346495738325052,-0.150018376013301,0.182915416920137,0.00334907653176867,0.0157581941465037,0.0213828695739827,0.165319645619764,-0.0271087639570064,0.0340871532317203,0.0547037327478217,0.0407250425165262,-0.0127591925388904,-0.0467287032132423,-0.103781251927548,0.0442614998289384,-0.0108354157510575,0.0701164174692637,-0.0338090901105327,-0.0318719184214054,-0.0417592037806492,0.0508286938479323,0.0652163908398491,0.0520458635966101,0.092290435737585,-0.00818139402171553,-0.0737415378549218,0.264756131888782,-0.197115399978994,0.0412437105502868,0.0748413440183271,0.0662191455527326,-0.0614897533812733,-0.00729006198185918,-0.041027459560295,-0.0433109852662369,0.029006475994981,0.0689151859651729,-0.199832332746516,0.062985335410049,-0.0176963131149385,-0.0898643243639045,0.0811285507199381,0.068230967389602,0.0679919908693565,-0.0164959474546155,-0.102166768235789,0.0769298242081942,-0.0811328158705089,0.00938121690985012,0.0337762363192247,0.0119881866368779,0.0400154601005886,0.135766249863109,0.0426852656596166,0.0105031400142202,-0.0283468695001784,0.0216731675883795,-0.0724276256949824,-0.119591430233106,0.00899457764152401,-0.123026252812675,0.140311947850054,0.0938615430500861,-0.0950057038214918,0.0586261407186993,-0.0159335786347857,-0.114357438507236,-0.0098120684363537,0.140588616103616,0.0753482849400923,0.00659322911793084,-0.0444112586308815,0.057208840645172,0.0270320217310224,0.0164041869674765,0.0923809261534833,-0.0554794305052563,-0.0255561302770855,-0.103279747516896,0.143521575784711,0.0700109302212035,-0.108051696672704,0.0268445911317395,0.0051775690251153,0.00652136818570129,-0.0281729826582152,-0.0322175219351068,0.0300706281583914,0.239275934213217,0.00146647446509397,0.00016129850882257,0.0677824385355174,-0.142661733101627,0.142760105615062,-0.0220301011586457,-0.0320996748174467,0.00747571284344207,-0.0960571868502349,0.0773047983932028,-0.10967969446531,0.0716686491636167,0.0189845010755444,-0.104745396270084,-0.139337314295864,-0.0772249289966798,-0.0301163609406323,0.0431410020438827,-0.171831875198688,0.178489543233435,-0.0573682160830906,-0.173103809953748,0.172753479590274,0.0208722662994965,0.124476526888046,0.311886981563372,0.0387667631782189,-0.200966696898237,-0.0424236901924487,-0.109659872322151,-0.0211459430956238,0.10631530963988,0.279654007840791,-0.197920891763118,-0.163949400709184,0.0559925689945368,-0.0597981535092376,0.102847274372127,0.0846225259244494,-0.105350244975123,-0.129851252271288,-0.0449840103474205,-0.136503478060672,0.0638191757311143,0.139014534758458,-0.198283265164173,0.00746666409928724,0.0139242500858516,-0.115058647692628,0.0633010141152409,-0.0267329391256161,0.0755214144060526,-0.00327488793989939,0.0145870666005941,-0.015383456517736,0.119030161423365,-0.0958662317303473,-0.0397465326061198,-0.0396211588932137,0.00226601409480442,0.247928367289103,0.0554581919110653,0.0548021962948954,0.0786870748737934,0.0549932920574336,-0.143108157547201,-0.0477340368166441,-0.0943288728164278,0.24537546167791,0.163316890736313,0.0746461999647949,-0.0160405233843265,0.137031062639518,0.0773391130389506,-0.324638276795521,0.106860330110485,-0.0923066936113418,-0.0397392086867865,-0.0624853663103883,-0.056084928258503,0.0886361272404543,0.00151694429477246,-0.106024630905783,-0.0238115846581523,0.174064945385671,0.0325223950428105,-0.016336265615365,0.0541225798263728,0.034562231483849,0.00462381574136738,0.0807438486952162,0.0476119846964852,0.0304488089156754,-0.00766125942038745,0.117374762396827,0.00112592643826718,0.170272907807363,0.0316928925256764,-0.0161716661238185,0.0655359587777735,0.0675473638501331,-0.183897840177881,-0.0152213200401112,-0.121545811626179,0.0881388248090267,0.194654223184231,-0.0189599936164157,0.108324908580947,0.0296762439833632,0.0726434943707383,0.0172208896061984,0.2120325315206,0.0137971427170807,0.165793654844055,-0.0191928971143847,0.0426473284585482,0.0430805330843622,0.0226901939612401,-0.130003109073931,-0.0692487275730665,-0.151540514142438,-0.066927248798858,-0.0931526217276027,0.0379095092358222,0.0154540753842984,0.0593850346749251,-0.210868970531551,0.105017517391339,-0.163225713169706,0.00988492256694093,-0.0396665447702237,0.0955088473857621,0.0260614442214837,-0.0717050891081892,-0.048269283524452,-0.0683686243959154,-0.0300068244133188,-0.0402746840332526,-0.0892323117759271,0.105819677114336,-0.0845403877350983,0.0997633617802778,-0.0378687728517721,-0.094146319022641,-0.036541895456428,0.317021064778181,-0.0606864791592801,-0.0172418961028493,0.049250636568139,0.0890188925456219,0.11733152699529,-0.0637823567932968,-0.0765634907465094,0.0415388757531568,-0.0775688024593471,-0.0731427843969233,-0.0647707099148046,-0.121963116213029,-0.0951915607461367,0.0668230739827524,-0.09028792964252,-0.115507881986511,0.029616402770232,0.0153255536250373,-0.0492457368550964,0.00262456551923523,-0.120740657671818,-0.00888866123670925,0.136660933350223,0.0425762420598614,0.0854376843216825,0.0736553237479123,0.108981157343592,-0.0477628657843354,-0.0526808086503145,0.118911111108286,0.000277810031964169,-0.0387230871574937,-0.164557944444292,0.0325585218051816,-0.0990206078303238,0.0276545464262095,-0.0253685891780536,0.0421851190791396,-0.0284246131085716,-0.0557128336947452,0.119705016199894,-0.203226962845605,-0.017841256293758,-0.0641400205714211,0.124639547340241,0.0839649699673739,-0.0691758652304824,-0.0448328826378255,0.0937649385308289,0.0582481199661729,-0.00884895726544042,-0.0496379737071103,0.0426153001533963,-0.112480600994138,0.0504919866202776,0.169660696165915,0.109082471120012,-0.15414816819114,-0.051641324127726,-0.124599794138435,-0.0244550009119526,-0.0349424996355431,-0.0373408392053085,0.150445044705883,0.0557846129617751,0.0113344703264936,0.162889496226603,0.0193170023586781,-0.00924417150693081,0.0369453704134795,0.150126433594259,-0.173811631272383,0.0698632727983876,-0.084042636227207,0.0733878055079439,-0.0627997006082551,0.0196466836652144,-0.153805175776813,-0.00165027907500207,-0.0944113305325544,0.111900410975596,-0.0627201916701975,0.0862505909018889,0.0356006992144987,-0.044989886025012,-0.0759299176374949,0.136830535678659,-0.0022286289315317,-0.0603222296486755,-0.0408563781345493,-0.147309065704443,-0.0260848917454659,0.0496047976591285,-0.0866801683284605,-0.00387957258163131,-0.0976165189488456,0.176050677817208,0.194625788982424,0.151347966801844,-0.0219396787172662,0.0400487426289104,-0.135352713941255,-0.0125681433171492,-0.00322458854829559,0.0615798181742752,0.162085295321771,-0.0682576586737629,-0.0175526580003082,-0.0327445875834331,0.00951177997182438,-0.139986319702513,-0.112512306018667,0.162906759511213,-0.0593827078341903,0.097381106775141,0.103013617982483,-0.124881966913259,-0.121413300340592,0.0956274232527358,0.0424918653539613,-0.101968382454477,0.0199196867657064,-0.287068315407879,-0.0674758621658959,-0.0793509633519459,-0.0264920475421828,0.111421008808959,0.0312796157530465,0.103540100648228,0.0498080609269896,-0.0177383644985752,-0.0810765825839809,-0.0251427908935473,-0.0300063092376334,0.135918405281143,0.183348396258745,0.0242514081669588,0.106898128748399,0.0406338190343889,-0.0129767711074611,0.00691643025429219,-0.0948051044372539,0.0345178302373123,-0.00258415783414522,0.0131102278918389,-0.0515864015885268,0.00920684241766176,0.00615003419792255,-0.080698212033223,0.00664764715694543,0.110909019285688,0.128582786642586,-0.0233017376460861,0.0861407536212394,-0.00292474668635335,0.00896642354671442,-0.164590564071841,0.129103024773069,-0.11199514522693,0.0191369844071219,0.059004771357989,0.0284701043060535,0.0435554110736515,-0.0267099374802041,-0.0486681243344951,0.137623908636501,-0.228730172981841,0.0290811654367682,-0.00317548673959513,-0.0165652637347729,-0.00738324493439941,0.123531899827003,-0.0829528176997302,0.244299834487981,0.0446572257631297,0.0389315471179191,0.0749921177129445,-0.117918987460365,-0.0557914374142181,0.0133005860491221,-0.0128957506257239,-0.227718407255088,0.043083791269324,-0.0840923990110764,0.197982598358559,-0.136195960096419,0.0216727090380279,0.120407824913492,-0.126044957299518,-0.0212654662347079,-0.125939420704768,-0.0300725850242287,0.0959889310715392,-0.122730289253162,-0.122903828058381,0.00760148638777,-0.0548102423264146,0.0826868340103802,-0.0556471353792201,0.0385875753992906,-0.0193177776925415,-0.101215626505609,0.0154251143979439,0.0975100686579841,0.11866312579186,-0.00789710082997772,-0.0639762866970296,-0.0377746210325538,-0.0599557898676016,-0.185245329268155,-0.1149329584457,-0.0801550412938971,0.0022713342051346,0.0872588088867308,-0.111205118447953,-0.151102392790051,0.0744561607879217,-0.049225875177187,-0.0603513103048967,0.00629736957352734,-0.00490561227786441,-0.0246577725770762,-0.10458270674142,0.019097538773393,-0.0384368752219653,0.0521956177478121,0.150748660529605,0.110537612905031,0.168312970717794,-0.0157582312154928,-0.102370424634407,-0.113306152781782,-0.00115589272372034,0.0695917740783292,-0.0689489806336499,-0.0674982034905314,0.286310134111114,-0.00493274986513232,0.00808836784692818,-0.123699506618913,0.0992753357246391,-0.0331815517485367,-0.045491178468999,0.00328541613971091,0.0772240773794665,0.204233886540964,-0.0689149420168968,0.0378510797361763,0.229988720215106,0.0043540306930045,0.100166618265389,0.138534418603918,0.121039649880763,0.118001824450268,-0.0481512328744346,0.0907568105362942,-0.0766099872182644,0.177999698878094,0.00779662382032468,0.145622182915287,-0.0838934636160296,0.0150467745722786,-0.111726061593764,0.0258839196728619,0.109410557674249,0.0240340959180226,0.191162694318771,-0.0167581983956344,0.0308628583118606,0.0397652439731724,0.016416413102279,0.140316424963861,0.0110447804296643,-0.0986635596952398,0.213755531883302,0.128624733977405,-0.0656745443940688,0.0207168096793581,0.0340361915822094,-0.106824107991886,-0.0269896499630936,0.0171940190573593,-0.139091582554766,0.0830998176556563,-0.0944419130168356,0.0488937790112259,-0.0539909592181591,-0.119632494658011,0.0431747994075571,-0.116960995783245,0.00918814527592271,0.033742886225572,0.115709362211564,0.0109925690447948,0.154837014311636,-0.0980392053283848,0.0482860052272165,-0.107672768882465,0.0232186157433754,0.0549734236364591,0.0374368272397829,0.186065813538273,0.0255392313233576,0.104966276530919,0.129634676341639,-0.0528960886106932,-0.0510006337019161,-0.190573618124826,-0.201926141069317,0.101547143839667,0.0905650141161818,0.161585131271771,-0.0235831709870296,0.0711483622908342,-0.0778952365221762,-0.0423045720995079,0.011446722459261,-0.00488914091066944,-0.0214493286380555,0.00482952726630859,-0.126372207471134,0.0617084203088831,0.0389671099954368,-0.0879491697116397,0.0695580051619705,0.00820809932069695,-0.0293030583076455,0.0489156887334282,0.155167860328107,0.0377348845638587,-0.058905121877058,0.103150270507207,0.0231384210693963,-0.103801631700427,-0.0749297196536507,0.194011617014267,-0.0467921343127675,0.0410539928293545,0.0274545185275275,0.0852986737663559,0.0450579960473292,-0.0742074052052368,0.0975767826361355,0.0430384832500768,-0.000555318274087598,0.0284546084653321,0.140273988793356,-0.12860456037287,-0.0944877545775784,-0.209976512796312,0.063418121707901,-0.0070364752240649,0.0814818836703984,-0.183551299181094,0.0982106791804463,-0.0304103627146711,-0.171120336098614,-0.146806007857231,0.13979086268407,0.0714834972493571,-0.108156056921053,-0.0479083406405889,0.0982925710631608,0.00248767028000224,0.0685183172247948,0.142631027756651,-0.0505642419171052,-0.193540313747048,0.0121686025052893,-0.115814877916873,-0.218644675485426,-0.0305878235238635,-0.0784608691306232,-0.241678444290498,0.0953911120806958,0.102910123566264,-0.105486647586113,0.0928807794587061,-0.000147697658255311,0.026124992622672,0.0590570489521338,-0.0150005973736168,0.115575008304852,0.295545848997084,0.0841976090684391,0.0408267824282347,0.125249155638449,0.104085159527687,-0.0533011307528798,-0.0212737371187354,-0.0203728718263699,0.0715077651309029,0.108356673234248,-0.0387628411786805,-0.0686313408091414,0.0646330685263723,0.151309161130962,-0.173437808232752,0.000145329732743632,0.0434993672509405,0.0703005115221464,0.136271307956686,0.029004642405033,4.14075829547733e-05,-0.112892079022946,-0.0162037192618801,-0.0699877345039876,-0.01965773778295,-0.0573310461607992,-0.0893055699153343,-0.0676500431876662,0.0689657124800102,-0.104228297523189,0.0193853194278559,-0.225280112461708,-0.0787636444941592,-0.0638095450919607,0.0487609457166876,0.164346850285788,-0.176435169492648,-0.11203047545096,0.0504969604239412,-0.101630144272477,-0.102531024363595,0.10919514082261,-0.0845052880038143,0.151465294825857,-0.0841165396970094,0.080279151096858,0.0119613817423951,0.0714971158364885,-0.0596271151887846,-0.0328174035300858,0.0409931172875245,-0.061035084050785,-0.0134412555422468,-0.00696404952383644,-0.308996908362479,-0.172109759460359,0.00737396854573969,0.112731241218328,0.0609149404444034,0.028512714892051,0.137838433678115,-0.0616371164833767,0.11527307202698,-0.0585487025996424,0.0522004863745177
-0.285298213146609,-0.0853093150377447,-0.0823509917899755,0.108436138678544,-0.0210629467385874,-0.147806082927446,-0.166713254036559,-0.198604283639466,0.109344133466911,-0.0385486075297898,-0.126241231762533,0.018123772295556,0.219837215948633,0.123158881107291,0.433307683313982,0.0304861414216694,-0.0981357117489503,0.0563164431646894,0.143834036463809,-0.0286489235420938,-0.170622913350592,-0.0442238099822909,0.149331719778968,0.0074494660378998,0.147833950927918,0.312869384510934,0.245878407882766,0.131253913799688,0.371706763062103,-0.0189516187717794,0.211079148437847,-0.0700690394300861,-0.309090075361027,0.058934318956302,-0.0603619994533525,0.227278882155719,0.221691486261638,0.262943627871173,0.22699061197655,0.349427701789504,0.16435747009529,0.322203053346065,-0.154888432397604,0.0760686098170223,0.212551111608316,0.315594683650773,0.47464837144308,0.265281578972307,-0.0468127066287587,0.0998200969098675,0.104408369567118,-0.0409730331569344,-0.0341277277887753,-0.0392998665184067,0.189960990960511,0.426811889447548,0.254102140727063,0.263226036712146,0.13159019735929,0.28798376806952,0.536673835424329,0.125465028668245,0.0360029506286195,-0.114804330021964,0.141075265643457,0.218207886545862,-0.0209260805577801,0.175843283107274,-0.08783400100951,0.110330249256953,0.00060620436184338,-0.26429841511259,0.279955516721311,-0.000836383391214373,0.0071912390391393,0.0184451043562405,-0.0758416310092849,-0.0562906142505319,-0.013230081796858,0.0846253903718923,-0.0484763909406679,0.310126082745927,-0.136128485971105,0.0030620104677691,-0.0431111769997345,0.0281184826478706,-0.0650377990084713,-0.0287338869536418,0.104150274584422,-0.101911228362513,0.408946441503724,0.132092274510524,-0.0963400485070279,-0.38996035066004,-0.0579364023043974,-0.266892669250951,-0.0465981034499119,-0.178771992273884,-0.23967294794467,0.267547975377737,-0.0862109364631327,0.0694978335010796,-0.346958139192795,-0.143571746832251,0.190528985751603,0.31957710627521,0.244083806615068,0.478159790587571,0.0437494461022872,0.000113053417314504,-0.0889602212730441,-0.326096187644221,-0.0916503279773404,0.148687029706832,-0.0157441123292506,-0.163419847323357,-0.00963653328179356,-0.146080656089423,-0.223963666946405,-0.3220899725057,-0.447633220183963,-0.233272306194035,0.290771037324331,0.178319228022455,0.0899971598111205,0.00127978048663072,0.130193033436206,-0.0348905624422458,-0.195160599828849,-0.114831170212373,0.33522451913777,-0.0234141609250715,0.111913596462683,-0.0650927491396133,0.0224268477663393,-0.135636229632433,-0.121445222262864,-0.0449023718832216,0.147632540052237,0.202488271132978,0.307596028914384,0.106736890288556,0.226269281582519,-0.285957707668474,-0.0584210642072985,0.0800212040598144,0.0349553974432177,0.306330083006459,0.225324763956013,0.0978821040950922,0.285780041048284,0.133697279912015,-0.000145185433556572,0.0585301769365454,0.175419334900329,-0.366962129327716,0.0711567148696732,-0.0391140050870596,0.124495039083678,0.0579972088498307,-0.0378800190947719,0.0648971768639245,0.344201822583813,0.270872310979298,-0.185592286437329,-0.0314627217050831,-0.0396454723110795,0.309171405462645,0.0386577372462533,-0.0969442892973456,-0.104369045459769,-0.255634781240229,-0.326407425460152,-0.273066450155481,-0.351378336539654,0.227786938890352,-0.00764878770881108,-0.0534213476550056,-0.0116321929096961,0.0599925746370172,-0.197173757894588,0.0544416691447726,-0.0647603136499441,0.133977522048017,0.216310177273096,0.000515993022113985,0.124506459778589,-0.00360062408945786,-0.266869278938394,-0.22493453777065,-0.268780029261213,-0.092538821796193,0.0865375488122119,-0.20236513395518,-0.305340412930182,0.0977213890813224,-0.0415265035925374,-0.103060289594019,-0.195940559355727,0.0464010457340894,0.025424476541341,-0.0306827782386919,0.328055381729723,0.189040679814402,-0.433907062138723,0.0468336935817869,-0.285979683661597,-0.19858540998965,0.036978222285517,0.0555808667956757,-0.200025221702711,0.239511926835833,0.466036256719923,0.110767396165443,0.236307542942571,0.031811710159471,-0.097820232651405,0.0477350355900666,0.022071122338635,0.0599557710732579,0.0954955636455904,0.0161173492659456,0.0950176175217119,0.0120253162569061,0.51888180221226,-0.0274322788551956,0.187060577741177,-0.106493517610919,0.0439942310369532,-0.0858867459426878,-0.0284687531599561,-0.0742151507316873,-0.0706798343086818,-0.297168453484866,-0.213811410663223,0.166250664524104,0.0261810475156606,0.195424989031216,0.328487902707955,0.188765908290247,0.246750564352125,0.173072649049356,0.172896044240108,-0.0684009509345939,-0.0893238408889423,-0.0300969356359633,-0.194605281488335,-0.0101704278042432,0.0909109365029521,0.0528368984909248,0.0447854524351682,-0.297899141597047,0.0153277541891501,0.0499096884202301,-0.0606318950609663,0.0725128635364688,0.267167461006731,0.384276099006942,0.141224075081766,0.184286763528341,-0.192449453260796,-0.0875860523340708,-0.178281070621222,-0.0151729536259892,0.086317533105068,0.0978170767132025,-0.17840263061141,-0.119661312243259,0.184958055395351,0.130587125048197,0.379990430682134,0.313375921829262,0.151904034391137,0.245676126907352,-0.103572208415763,0.0322800719846433,-0.15021145429893,-0.174947564412181,-0.0989666187644133,-0.313543102043998,-0.296370178002859,-0.300263956030231,-0.114827883413291,0.145356025294777,0.212072968155253,-0.0861122256205805,-0.106162297090007,-0.0490707378631041,0.0672153148224361,0.347171944871191,0.0761904112834569,-0.1224305592639,-0.121277620275475,-0.137801126462791,-0.24551090112743,-0.0405387622235085,0.191989600142129,0.102860691993724,0.234469866162494,-0.140008084786254,0.262613541798155,-0.0595006523476017,0.345703911422688,0.404723734050604,0.165655191844097,0.483236769459306,0.33048644830492,0.216409575399277,-0.0159351268652489,-0.00580428019939608,0.068601672991482,0.080538633465264,-0.216985169596916,-0.115029845628989,0.308226670359058,0.0789532732144313,0.221062521399483,0.0918781944506315,0.218074718152171,0.126176344130111,-0.105894749770969,-0.000656855145442226,-0.125741587883442,-0.5153624901012,-0.255429955282243,0.0922005998015557,-0.266125312398811,-0.078011384192392,0.0631723124209617,0.0141743541219774,-0.198676658630176,0.0610551682552139,-0.188094149867667,0.085774876300149,0.112698047606718,-0.0507885004872265,0.117071164824216,0.0844333849901583,0.0754192874006138,-0.0995149390591505,-0.0264479561999963,0.0918750406847977,0.0361177386909867,0.0782371139481147,-0.0822591626694055,-0.0210304447806778,-0.0536039181313135,0.177728877455662,0.0850556150032336,-0.200822825449592,-0.0431154478869853,0.101257411473236,-0.195631160309569,-0.315035825739385,-0.47203996252065,-0.405538286016877,-0.240661731891904,-0.167981730206984,-0.0624342610638149,-0.120344243815944,-0.174614679884573,-0.229617166252587,0.238320692025368,0.188110343862022,0.065615509797041,0.27333907383756,0.265683125918862,0.109068064128278,0.0357569858910968,-0.0162437128862622,-0.0633194533531776,0.160290664275417,-0.0114164380329895,-0.206871646691535,-0.17322114759915,-0.0569137451237157,0.136872554102588,-0.199580411452501,-0.163429896189053,0.00459136293798527,0.120985083260987,0.271523807013555,0.156434435324966,0.295620492578301,0.183337158366405,-0.011407258661534,0.0223273520745469,0.204476495499276,-0.0609603882881457,0.0455711557245166,0.0342197978514854,0.12117062010005,0.0282652938750961,0.300213902850364,-0.017933242503489,0.426164596864383,0.0627575670489897,0.0321463801096727,-0.0560994945654464,0.128497639373157,0.236929553688267,-0.0680626664174809,-0.0870570143014699,0.154263612257102,0.154270155929064,-0.0113864456537429,-0.184095572194885,-0.044110584429244,-0.167709642581053,0.214481594394363,0.466281355970183,0.535215231325315,0.07508566870773,-0.0941367897512815,0.182964298133054,0.0225468331875427,0.0473592557054343,0.140204093633724,-0.071447137674575,-0.253257546390018,-0.362881484999854,-0.188336419831261,-0.390712723156651,-0.00607409722164219,-0.0583028833386127,-0.0508890199862325,-0.146136686698132,0.153926836916914,-0.244171312584866,-0.00303388808823234,-0.210058793436356,0.0234518753073299,-0.0992238511110047,0.137707058327689,0.0909108564597908,-0.216498469461112,0.0798625174072824,-0.228364038423225,0.0683827116310603,0.16987427237569,-0.0685379651626101,0.239141446221218,0.294471852333213,0.202541063756152,-0.104119204590345,-0.205929725095861,-0.0707619670182105,-0.0479416163159309,0.0616268624966941,-0.0448935905327437,0.39561476013325,0.186873393232187,0.233773108603723,0.166786543567604,-0.133048053357845,-0.0500440814857791,-0.0678856077166274,-0.121047909046919,0.0102080532914367,0.42106810210673,0.0241389985749606,0.0720693685416209,0.130090467718379,0.0258487426458016,-0.0817347115116217,-0.368975262652399,-0.00389860088761715,0.177539791030677,0.0516109862296336,-0.0519756654024404,0.0524233504637615,0.0945286629681053,-0.0252196198968409,-0.0745834105976841,0.0150823643213008,0.116513799350609,-0.0902870322975229,-0.0900588924436362,-0.094527768097005,-0.159247556586415,0.112098191671512,-0.0172153936184964,0.124968520149082,0.00677775253723732,0.0898210940248728,0.410476299591469,-0.250725899689215,-0.0738567707900967,-0.193215202699469,-0.0355414258137503,-0.308002418591156,-0.143728754234031,-0.159472256856202,-0.161145448625733,-0.0806475053508335,-0.195367700280528,-0.133355814032078,-0.257680073976077,-0.127156942683348,-0.185023215942934,-0.20242865270942,-0.51124948146783,0.00643954927634408,-0.0797986708612869,-0.243231869033437,-0.0349181032483306,0.268552600139781,-0.0963782800273532,0.0409653096679175,0.24483459166637,0.304473293228135,-0.0269843874946967,0.361420012195949,-0.206032798247392,-0.0268875525910019,0.051253283535689,-0.0673431722337225,0.0515421706283143,-0.157995402065393,-0.129704452967907,-0.0566447746836477,0.149335230199491,0.158885665648555,0.0485049943093382,0.0341285649520286,-0.0775931118550122,0.0612250791292284,-0.0620215154933841,-0.0736393052703957,0.0148993308522367,0.216467096991821,-0.501325354822521,-0.148204057554431,0.0953744585871872,0.178045332397805,-0.196512285326029,0.199700998740997,-0.163390712384945,0.127002405470663,0.403071605802638,0.283157444938999,0.040446971286512,-0.0957420572335045,-0.0282961785870617,-0.161692761716771,0.101742995648422,0.18236781753782,0.3393194393187,-0.168684197982801,0.112814138353846,0.0973346914433973,0.344788346197462,0.419009423202183,0.275962620922533,0.183894568810475,0.0150448732964094,0.0800387316884671,-0.21288351376599,-0.0457187585491375,-0.184680448580997,0.0289209626111032,0.0766772164885322,-0.229465643406256,0.537830259046025,0.35691441098032,0.0436258547736397,0.0554361959913064,-0.0887945249723894,-0.0440756200802707,0.210525050807673,-0.0437589913657893,0.17566455689656,-0.04486526618798,-0.0245677915297483,0.09752113548022,-0.427521162670005,0.00397046047850597,-0.101915714686684,0.00552150802485343,0.119488073026505,-0.174790038445213,-0.152083879253877,-0.314024898185873,0.0561823008421699,-0.198169381286374,-0.0416933840849388,-0.0711283354218786,-0.0524237413604205,-0.0112001808462784,0.0739887185926882,-0.170322332925624,-0.173508513108461,-0.162395666078553,0.0805511608943799,0.0008975130645754,-0.0455322085873941,0.311428922703355,0.141990573815124,0.179094086623698,0.487021854431519,0.306714199292601,-0.0824494616617544,-0.16730138965038,-0.176051432241243,-0.140358789755894,-0.230315673968199,-0.0536851638086469,0.0216661999695158,0.255237011064547,0.0925703164937011,0.281165650949882,0.20724048509277,-0.176336833129746,-0.0585073118745715,0.0930393753366271,0.224819231485659,-0.199919818389967,-0.22300596029646,0.0526700877436258,-0.11396907062542,-0.212401786372398,0.342352142463288,-0.257467435081514,-0.1038436207968,-0.25494957108287,0.0843934763206582,-0.168050292190247,0.0900927898305334,0.108069977510292,-0.00267063020522854,-0.161382128841127,-0.186137441700333,-0.218176188111892,-0.37518951216409,-0.23648797646058,0.144576042905125,-0.0756415480862049,-0.0645976960022125,0.00347061811097539,0.544722805270055,0.363347021749261,0.15221530831339,0.215950025801396,0.195852384681685,-0.0802552573881219,-0.0614117186856214,-0.0303821896569426,-0.115965491876681,-0.00331318276945203,0.48176122669711,0.204539424690425,-0.00437355591421506,0.146057723051873,-0.375294667880063,0.104229689509095,0.0277346305521137,-0.00170895032045179,-0.0745430832843547,0.240991756821185,0.238117888314518,0.103830559489794,0.313573175048499,0.0696571775941288,0.105259799452184,-0.339894982815233,0.208306305826136,0.0197018865754196,-0.00398726832366662,0.244968727127837,-0.00510154416948977,-0.320434932720035,-0.108822383228361,-0.153240092139492,-0.183103539903197,0.133911940434322,0.000199641435625314,0.163101972344654,0.0866481957703933,-0.0940938003579874,-0.286183142698563,-0.300874342067777,-0.335006571290742,-0.386416918638098,0.142852934350763,0.187956006764858,-0.0669105282593988,-0.234065581817327,-0.139271275295657,0.15191514495033,-0.0506554334745941,0.185084809651196,-0.138135491866365,0.0177330967203986,-0.243601989048157,-0.110705169464738,0.082965933566336,0.00259785592627452,-0.295118275921645,-0.100829256212545,0.243582569304809,0.173487572365922,0.249408830116745,0.0415981017376536,-0.0195299274340522,-0.117844209441538,-0.0115213076237433,-0.154771244386434,-0.235724913979847,0.140247659600279,0.328270269720664,0.517428543802574,0.0650618063394824,0.159451131460427,-0.243252423146202,0.0180205043308766,0.119381588793202,-0.19647736494603,-0.0655153084321818,-0.0907473176090999,0.0857537232463914,0.273023086926872,0.309289533914643,-0.0625585154661938,0.135004684818596,-0.14767310602064,0.122780636799548,-0.0459666378502896,-0.0216421034119418,-0.00655942997059997,-0.000922383096540323,0.0236778988982994,0.0945730200770653,0.114032240407694,-0.0475148255406845,-0.0453109264597002,-0.134189164364037,-0.0806983167039118,-0.068654626265052,0.0510116100482245,0.0429697861096503,0.18976999298413,0.0235056064197316,-0.258060561636325,-0.120335594037831,-0.119175021917646,-0.221707531569619,-0.0249871379962827,0.0666416678286108,0.0958048189346635,-0.120524242638423,0.0219845833535769,-0.0683513293782422,-0.383281558942877,-0.419170776508269,-0.287914369745995,0.14362025170408,-0.426653260717242,-0.31302841911076,-0.0745102740781731,-0.265625230417605,0.00510531315699454,0.205101737534051,0.331939129205668,-0.0206367661386976,-0.0259286108355317,-0.247684083763462,0.106538023751776,0.186537111785302
0.366397037013961,0.231940441354322,0.191810327875958,-0.0917773391163116,0.370964285204079,-0.0257959013771144,0.342768037547235,0.113385236417273,-0.231985034055149,0.415938790359375,0.214982801881506,0.0431591665504222,-0.366036821987568,-0.292451922312122,-0.488065175777498,-0.558618639568426,0.18923410325795,0.103330503386466,-0.62246681362671,0.306017032738403,0.189497105110934,0.067222078527457,-0.120083734458331,-0.144604008120702,-0.252040039353119,-0.522751732523499,-0.334373311175435,-0.200654768204483,-0.856727979740905,-0.339768433890117,-0.67387615581092,0.523560612837751,0.499009132359086,-0.0948133672739556,-0.0461074402834511,-0.286718459136804,-0.797531100774645,-0.508007102597325,-0.394406121538112,-0.553901536108065,-0.155530720230439,-0.381094081039984,0.340546466954506,0.0176728885324425,-0.52517539103913,-0.383582084538365,-0.734015400803205,-0.331096930703547,0.123596331313481,0.256583546259635,-0.436684199430928,0.169755671426966,-0.0602949451101443,0.3689108256318,-0.291200610023614,-0.496804177416034,-0.5088668822166,-0.510703530745286,-0.214132109839876,-0.617249083123379,-0.667409905498229,-0.432835214218089,-0.246137009646219,-0.125699247331007,-0.129338139559725,-0.560175684535502,0.145697655979794,-0.0209382526697081,-0.122475978002442,0.23626384716284,0.114883865675386,0.409516508254317,-0.530371628979965,-0.110904878849569,0.308967238434452,-0.226694596742008,-0.00921305858132354,0.184492176099295,-0.359979581705817,-0.182821151965681,-0.0666703334325072,-0.362706754019625,-0.121513154450955,0.233109539676107,0.111802677615894,-0.0440617956783619,0.515135841899195,0.171766870921552,-0.165332703276816,0.0812011477396378,-0.695258162451044,-0.237908247836876,0.267918960216823,0.318022338752394,0.0700060691154647,0.104843689820812,-0.102668216553299,0.642760760820854,0.445930272205284,-0.22505863729177,-0.110503641476793,0.0367685160317717,0.27033890778479,-0.0579701188869909,-0.164629039784406,-0.395082595115405,-0.477655962089813,-0.738293778812645,-0.414713433349332,-0.499517345799647,0.328732113940528,0.269768462679245,-0.140085282682603,-0.291119628365011,0.225555139301759,0.620006520258078,0.429219710627434,0.0975650245624058,0.074704150534647,0.611393036353403,0.677286419098238,0.128507559315994,-0.14016655658216,-0.437562196894975,0.015960161309462,0.302572404213601,0.0369345390089998,0.406366917040365,0.221990364715947,-0.114569728465802,-0.91774501530202,0.00998337359087567,-0.120973989207499,0.231312993009596,0.0681781263837922,0.30341741548073,0.532680345384975,0.136435189753552,-0.0805205307454326,-0.0306743441674487,-0.280586388642357,-0.610359564355317,-0.541090693627635,-0.0557540526963971,0.33734102799186,-0.111896903278321,-0.22391573653399,-0.237488065085414,-0.284100628978725,-0.288372288962998,-0.562965860086528,-0.10945184543031,-0.310416125362612,-0.00243309885286058,-0.0375968379681813,0.224479305425162,-0.044512293815712,-0.168219223344732,0.045551265197395,-0.079180412658468,-0.00778767595983791,-0.366689163970712,-0.514094230785547,-0.153307263534733,-0.171757577532074,-0.0499270984316704,0.112452674708125,-0.444507695932271,-0.145999968017367,0.436336014138138,0.164887217774005,0.730096070035925,0.459528255047432,0.392187792864237,0.749358471109529,-0.0460435657225728,0.0746429667025534,-0.130076939442653,-0.15424385757316,-0.111273986978516,0.158032543373024,0.278647166319707,0.0160087810651169,-0.28669944621702,-0.173894979600305,0.0392634101127886,-0.0464579451586857,-0.113273791128082,0.818425678079534,0.245920373354233,0.376170168980215,0.0246821966994347,-0.0672968195046316,0.572268687828659,0.362486130431969,-0.148425145173335,-0.0740634919121996,0.00164070982011879,0.378798170056934,-0.0511020519898362,-0.216468511114634,0.304737694829714,-0.43762226065674,-0.0210240795645466,0.664371647345502,0.368056910480609,0.471477123238506,0.490741493621888,0.0779512169394393,-0.148100930102583,0.0677848599813859,-0.404950446498654,-0.830519634669894,-0.428759313310583,-0.491042277497912,-0.0142403854154832,-0.0703299605376597,-0.310850744843979,0.00875454439196703,-0.318694149633619,-0.301479288977965,-0.145612316031757,-0.115676124249851,-0.480692930270661,-0.751810796731624,0.113572879674051,-0.109127005954513,0.440409488054486,-0.409854949090806,-0.261619816758037,0.0548502559453958,0.106225049440709,0.0371401284397867,0.951317693239959,0.214022739736049,-0.168170845183733,-0.0913691461110301,-0.407044490507559,-0.65910647490333,-0.657147559792587,-0.322177882112502,-0.337404998599801,-0.0920772073263364,0.562996131204228,0.376134262859409,0.0391867564827015,0.626334371556329,-0.0792042391404271,-0.148137473960363,-0.286850597422598,-0.197193873839213,0.406796148278882,0.336407957142995,-0.241915046615047,0.140204378374339,-0.307701781631273,-0.381925587650846,-0.800504586127338,-0.32936086059646,-0.322610265654739,0.468366868105773,0.167061512206317,0.461725352266038,0.278644050676912,-0.0832786699033459,-0.0933048919597904,0.0449107735521094,0.074567629037469,-0.283071343431691,0.0234432920511417,-0.812534195754528,-0.997652850094391,-0.457489880974806,-0.526659402428123,0.0534286529909739,-0.0706121627605601,0.0157864999648423,0.239493481290538,0.33162485689201,0.625313428838862,0.424666355200491,0.316351402618525,0.0761910900792345,-0.357581832832401,-0.310285198547823,0.068636630668553,0.415506145323517,0.0663340285220659,-0.380570674728709,-0.45896437904838,-0.453383827835876,0.440146841282007,0.274705118859998,0.234858250178012,0.272147365787543,-0.0230351960030803,-0.226683301205554,-0.0382855713377427,-0.294375986414896,0.107457534375445,-0.242437178858898,-0.0518316139343131,-0.345855472524196,-0.595637278698948,0.0246135248776574,-1.07189340494547,-0.599732509550834,-0.4563535225817,0.0613894327064582,-0.247777761063349,-0.241518698901025,0.210232016255259,0.102742648408233,0.235810084843584,-0.431628772567997,-0.283964244095883,-0.324011768468407,0.00380420221070571,-0.0354303705125965,-0.135027215571685,-0.30430929340774,0.0872132053611891,0.352578997696184,0.653867026778246,0.58704029187706,0.275210209311916,0.238979357419931,0.00768793456099029,-0.208930246341819,0.0867268638728722,0.196913122396566,-0.171703998249508,0.40043132463393,0.140627080404993,-0.272556267075886,-0.0694602604977306,-0.456745594279419,-0.396635237012184,-0.20888703217897,0.222439352318269,0.298030430136759,-0.12390203571729,0.0143702723727141,-0.203664315703583,0.107459444240711,0.303327514773083,0.212750313780833,-0.423091167157943,-0.617924093231353,0.204437965454647,-0.0515318033773537,-0.258082088116182,0.258089342980441,0.373045407467256,0.549424505740079,0.691964811032655,0.671690636054443,-0.128529559362941,0.197875817506142,0.0389665065473153,0.539682961666081,0.244833190733783,-0.621074962166845,-0.483848035919166,0.149501389431053,-0.715587732262835,-0.328558165256812,-0.497189352994719,-0.154228098987257,-0.00170867693208121,-0.0699745059826854,-0.571435534597698,0.0922212509851899,0.332108142451507,0.120179599079798,-0.139324800201378,-0.216032103019447,0.591541146232842,0.104231288028375,-0.203167390845338,-0.0775791194694424,-0.554291302209829,-0.368846634621307,-0.801519260611595,-0.634653097257304,0.111394701183434,-0.127488897048967,-0.140715124929369,0.00041419503311238,0.100493091192933,-0.0907168117139296,-0.543684323006286,-0.0714858589590594,-0.293080678912952,-0.18626045958297,-0.848564560304008,-0.529172250047175,-0.279240068621327,0.126706972636355,-0.119811526367465,-0.386617910371737,-0.406263979532013,0.035914847868266,-0.324738033565722,-0.340137556814608,-0.0356910686057865,0.290515318115204,0.110597179003428,-0.0267541985732956,-0.675066494436015,-0.640896002745669,-0.528464963908406,-0.242990712856121,0.240923424799623,-0.229368366846623,-0.115173707492292,-0.16999983320069,-0.242574731230426,-0.0980682718235831,0.0492802060481993,0.0289240638659495,-0.0222666900474301,0.48945235058023,-0.114119662054981,0.0440296311304209,0.369713873998205,0.207289878537667,0.348424108155457,0.497353376005715,0.0033893550063412,0.378684794708861,0.125116371958451,-0.26867093305287,-0.0029003830724896,-0.29891352802835,-0.0135997626959476,-0.0483886917861256,0.195491931898522,-0.162739335606633,-0.694991382838675,-0.261950759775732,-0.329531235534843,-0.471628554543548,-0.301626205547519,-0.068069102055451,0.568901018306576,0.207164378526555,-0.0161287179061753,0.167669221817005,0.18879693456625,-0.44764015476109,-0.363471915131258,-0.366202098510448,0.0455245774818835,0.223621590489345,0.379178319158916,0.566304893354213,0.0639943733472306,-0.0221499201463621,-0.301376901364128,-0.132559663382588,0.256794938226183,-0.0242733446333616,0.101217931512767,0.509303103958214,0.467410927514026,0.0843875906400043,-0.094911142261118,-0.288507671611999,-0.301632960106361,-0.304113840803896,-0.129220015064733,-0.199337314937261,0.0433392827684651,0.334904179256946,0.0308131705487419,0.344564747642235,0.0280300351918343,0.161841752249579,0.205910282954999,-0.385343426812487,0.192525312346727,-0.343151916603239,-0.150258804989671,-0.126239231928377,-0.809302458242916,0.685827059518523,0.299821739449993,0.318223268256295,-0.0776136132183592,0.234275480394847,0.571026557478034,0.219944020394771,0.486633521200621,0.428078935375805,0.192149515063387,0.145064023690775,0.289544620401215,-0.223645223787319,0.162480361346315,0.268099992132368,0.781579096071985,-0.213142400489896,0.0634669040062341,0.316165011444611,0.311111660448059,-0.382398705259444,0.173377322876788,-0.173693132437558,-0.447540982659449,-0.469047365692483,0.0546949417164882,-0.328655600239805,0.22859714625056,-0.337814424133679,0.134760596152777,0.17290731700877,-0.331380595788373,0.222910795113644,-0.0602959574514877,0.238375564477985,-0.0411783719556439,-0.523577799771362,-0.54241097009044,-0.067153626599146,-0.131768199817255,0.436199462650404,0.20269812424933,0.299719259569611,0.086548760565208,0.0284513849652569,1.0605633639025,0.193187349515548,-0.331195490902109,-0.192486796732674,0.528559771804253,0.0080876103719096,0.122299538138914,-0.347335443591611,-0.750389092871426,-0.675388497131754,-0.151223418801024,0.360265572285346,-0.0257569536302377,-0.101622865509909,-0.283387785529484,-0.461530757205936,-0.631364791002492,0.370961524880938,-0.316913464797782,-0.171003734527844,-0.481234164580081,-0.705774218269115,-0.35956267668112,-0.3588171345631,-0.185577382650496,-0.0233989755900543,0.290106883748401,0.380860533435217,0.0309173116034382,-0.232667611780534,-0.0272598839551583,0.0254421327722932,-1.03737054300006,-0.819629534120294,-0.199767134438993,0.0386895087510053,0.0869979089121337,0.279442859127703,-0.213291668700575,0.0348895036978144,-0.137818037525121,0.251672278253753,-0.165754348957521,-0.337518310407744,0.685190866533143,0.527065740233401,0.294854418357354,0.0236654457107895,-0.299970286954531,0.123338034246659,0.393966971239885,0.562384676808153,0.0309641880183667,-0.0105701769419255,-0.310564608036194,0.178294761747857,0.321612570552094,-0.319891364917776,-0.0175429047603435,-0.0619085642051243,0.0863261157519438,0.160258626226436,-0.325544007593859,0.00650161428733972,-0.133826049388931,-0.644315077780948,-0.475375706616573,-0.458920593777548,-0.623663535896413,-0.174867045268403,0.36462409834032,0.0967970236700126,0.251428066840167,0.23314048755596,0.251694960362449,0.311171689535715,0.214065255184004,0.0325903232043401,-0.126842128618203,-0.554257264549287,-0.345525493844077,0.28973710677827,0.07863159677022,-0.239223092804831,-0.0518329196347302,0.639443738149355,0.531886709820501,0.21685174813622,0.361842844829173,0.461808885557585,0.000585631275780776,0.611365517327788,0.286179513059557,0.532774128647084,-0.0980113393564449,0.363882004760209,-0.138530574586682,-0.349419918233542,-0.0020854967442195,0.384269696045396,0.281423980476605,0.473305417998455,0.501728414254171,0.367980098317935,-0.3272485569255,-0.340144899669067,0.341285736798275,0.0680914457430405,-0.761083579574289,-0.629173931795643,-0.227153886088582,-0.296024904096073,-0.300373620186119,-0.0457449348789947,-0.207633401769334,0.247708083126879,0.444216400291469,0.0742196889539776,-0.754289631168355,-0.610187623991941,-0.0318168757203632,0.0040967931202484,0.367548261472742,-0.194014198702666,-0.0360942245701145,0.205484925942386,0.0611061598272931,-0.390096336762967,-0.467365380601636,-0.366871327568271,-0.891377671970421,0.0638907162839329,-0.159595067909135,0.249835479107454,0.0967522115170305,-0.0408522726351895,-0.0697684632158734,-0.374705369779156,0.110368488702461,0.450645873704302,-0.300319747418495,0.368499377526716,0.276412375487575,-0.0368226076637706,0.203494754741989,-0.0912438434177807,-0.141160794070436,0.363575467099696,0.304953603806472,0.600811239817879,0.496109498068468,0.38439745526308,-0.27343264448428,0.0935158217002382,0.12144863024345,0.375146906859188,0.488023281481236,0.0592292823118597,0.00505447251492003,-0.138019582578196,0.137901693257281,0.0971588535197115,0.512119016940443,0.221207218937945,-0.156730521280323,0.123891005689798,0.245722025609472,0.207446694665183,-0.583557336353206,-0.366540743136338,-0.646222332126962,0.00587282323835633,0.105278713873747,-0.227790083445343,0.151513319672826,0.0918482485285506,0.474196809738635,-0.208047835900069,-0.561100347797673,-0.758582591340151,-0.512820234086064,0.0616323609207656,0.517009333540556,-0.208759823530011,-0.106416588688846,0.214244658171028,0.134303990959203,0.26009932031167,0.0367496869630562,-0.607353681221105,-0.31694013799829,-0.343536264835899,-0.321897030299029,0.476616023692772,-0.0305329814833534,0.204071902837412,0.13200114241622,-0.381008237412522,-0.0264210121291149,-0.245723795186042,-0.488035357222705,-0.201751502322377,0.57867757531934,0.285799291052747,0.0224737615118488,0.287785268022336,0.426488486592242,0.0697399814807806,-0.0302880552701854,-0.168405750295644,0.161277473601837,0.531654396482843,0.198711630894985,0.219691876905279,0.602167479546478,-0.0233703853943111,-0.375333631712085,-0.109296360029979,-0.13575512219742,-0.142098385594909,0.231541167817813,0.600105982483026,0.615463501489989,0.482067356868167,-0.226179037907014,0.692942086181537,0.999127071174345,0.368674309476136,0.535294385725646,-0.210192114570669,-0.4237144829152,-0.337767828058729,-0.0149287997988536,0.141417465005274,0.236554737785204,0.157143293024432,0.1280849431832
0.0894154486476827,0.101799220968582,-0.0135299759460032,0.0197902115824924,-0.075482283750829,0.097082402934213,0.241492771228063,-0.0692250404766997,0.0231153659301181,0.177882507822683,0.136150250937707,0.254067385274587,0.0394673707830646,-0.0196015868607191,-0.236318278155183,0.0292019987991344,0.0354320805658644,0.0451542740844776,-0.205477749058914,-0.0592557735339303,-0.0383109064124735,-0.0523913946168005,-0.0698700784165821,-0.0730628987438456,-0.0088277216821748,-0.152613253082429,-0.0554817000529769,-0.214828114735879,-0.289535997558638,-0.186379623007368,-0.141212076438188,0.0870709185579057,0.206561613603094,0.0354990510491793,0.123491276619252,-0.0750826072257109,-0.202898412835416,-0.00626852827487898,-0.249636859954441,-0.223228186816781,-0.0588100773656143,-0.199821748914639,-0.0424276695743576,0.0787164204843762,-0.139472612423336,-0.119796432556042,-0.275353603228289,-0.00596463847102932,-0.12058008783511,0.126099364845242,-0.208510601557579,0.19211134802901,0.0526812881659316,0.0237606632236197,-0.0377512735281624,-0.0553202958430222,0.0519828785414705,-0.299871606743323,-0.0187073348559399,0.0120912412094129,-0.203082282221725,0.116520816412451,-0.00924327180487758,-0.0637982072482919,-0.104744727203519,-0.405881997217138,-0.0854564010136828,0.0125921493206832,0.121921188122868,0.0137583541433979,0.0815430474215897,0.0479431433178753,-0.0601062117511114,-0.0545355875276402,-0.158792111962131,0.0447319295698679,-0.0481270227267195,0.00541351670453386,0.0533480687278981,0.00894783216686613,-0.00432485168107652,-0.136453227530628,0.0491175241927675,-0.00644385773768793,0.151180669174815,0.00488909006333026,0.0400992081123844,-0.113043313295449,-0.149374214609946,-0.0379632285069375,-0.285502106484136,0.0222336475349429,0.120746485404539,0.0476484253384103,-0.106333769834989,0.0382411093551928,0.0824757337316558,0.292743831895033,0.105751285955371,-0.00971275000223511,-0.10255754283979,0.30257544983712,0.0832915279357621,0.0827903326343419,0.0975700753104566,-0.14600795955119,-0.125881740199329,-0.26946536386035,-0.17370918949235,-0.0721873109843105,0.340029801613538,0.125319381855665,-0.00771311885196838,-0.132741080662117,0.0745073791243716,0.354961061568908,0.155258005081768,0.203128019294627,0.0634147640608503,0.228413872062803,0.09873676716477,0.111935536675312,-0.175635153149618,-0.112643579823391,-0.118694205164492,0.178634951701127,-0.0839901733301,0.0366369278905639,-0.211228959359131,-0.0780195314421733,-0.288347468186941,0.0890437549549283,0.154066134674851,0.0970557495631739,0.150810598053502,0.11636120856472,0.0746772263352768,0.140509928468285,-0.0196251075536824,-0.0272764988070796,0.0839448616944412,-0.317410879224147,-0.206059914244876,0.0256949483219835,-0.0133939108822246,-0.0194313627767805,-0.26211182137131,-0.0247797555469135,-0.0252281026090056,-0.244693805917895,-0.0673868752230736,-0.0831280583631723,-0.0465841506677531,-0.0364107518217116,0.0893172975955,-0.104302071703564,-0.0577840482681661,0.116922270930019,0.0849367106898588,0.0220876583154839,-0.0142415404327861,-0.00814187567124217,-0.16405024402788,-0.154992138785205,0.00217928034937025,0.104573326839462,0.159128756929648,-0.268706958655731,-0.00446424029935601,0.0607309136774855,0.223073330676426,0.135384743394038,0.268986043480589,0.0473752487091369,0.185297122330015,-0.0821662809483127,0.0554680997952642,-0.212631646397489,-0.0309588019512254,0.100872139591647,0.0200622026546998,0.0380214842178845,0.0270737321371296,-0.0834022364098788,-0.110276972655456,-0.0439343068661372,0.0785507109006334,-0.0212697056375223,0.119990010030574,0.0916399719159064,0.138559900176749,0.0334357334614782,-0.0313703908666658,0.0819789378448072,0.156753999548397,-0.221264001703411,-0.00286321189817203,-0.0252328194556221,0.160746077016768,-0.0735185416394677,-0.0360257276333654,0.135586456510942,-0.0557446831541003,-0.0060323501974647,0.180264512647714,0.0798690441908971,0.159755830428338,0.152996892517614,-0.0502599958839927,0.00323706280615516,0.139358491362307,-0.219625727192048,-0.13107096554677,-0.170109842901238,-0.139312441694478,-0.089833134559497,-0.0554037287717956,-0.0943380476923394,-0.166341557386985,-0.0786207493852869,-0.0748863059630872,-0.14157586783094,-0.0337165636270362,-0.270900385295753,-0.121299945511602,-0.0338096723904411,-0.0731571148438732,0.176114308996179,-0.101156033525674,-0.0407625688252642,0.162623501218279,-0.0111424603027822,0.0271863697977748,0.315216198332301,0.090788748684426,0.0409666482717104,-0.0846715623851108,-0.0472283251530409,-0.284259020819061,-0.245565421264787,-0.14265642394528,-0.0460733860280197,-0.0422280417371707,0.0610840362460599,-0.0817713973611069,0.154947272786857,0.269735422895039,0.137047757778751,-0.0309655784372801,0.0918489510264555,-0.0621482110015835,0.175360601736016,0.0794080280447653,0.0305147129864476,-0.150263709761694,0.0749645069944809,-0.166578171782767,-0.308477846807802,-0.141338186172895,-0.033323739157035,0.127682014116706,-0.0398555029434863,0.141228073662234,0.0661593306447491,-0.0890316910602851,0.00175810902175856,-0.0246266272603536,0.0476381924053237,0.0187966556977566,0.0547439345593624,-0.224543562351112,-0.375160884354882,-0.0653512055362929,-0.177243179278672,-0.129783342602517,0.0929270147247429,0.000249047713827482,0.138938011208998,0.016036662254824,0.190289909253917,0.0711772479554157,-0.124578833715936,-0.00959055607482277,-0.16810195010461,-0.148895826962874,-0.0938731317753387,0.194765984962065,0.0229383967474917,-0.0940146277092578,-0.239842766107991,-0.0641628318641974,0.154701381904586,0.156600629419685,0.0887500489904583,0.0048619198706569,-0.046627208513593,0.0783879304251256,-0.0920952951842932,-0.114971659312643,0.151820242542364,-0.299235826137998,-0.106915963282545,-0.145806813507944,-0.362620863121818,-0.0213982255017196,-0.183778246614515,-0.0676177877295803,-0.251226885254816,0.0844105176159746,-0.139663588671921,-0.0656488526427067,0.0326809291568727,-0.0487277724946993,0.0841776995040428,-0.228159660101578,-0.150645100882371,-0.00679992216181774,-0.0823016873360277,-0.0151548325531023,-0.146499812457018,-0.212724604656733,-0.0439627632266232,-0.000919384397629286,0.337437576187135,0.0583278325274428,0.014352884195646,0.0507136359997489,0.0806663219932123,-0.18326820079802,0.0709113418897105,0.218767171925726,-0.037727944099188,0.0896504154559438,-0.0069311411247653,-0.181075561004555,0.0769652426908827,-0.0335218287149083,-0.130381698985876,-0.0723185311758143,-0.144011061672642,0.0955284017871082,0.0207296494162099,-0.0175313245940794,-0.115795079490154,0.065832401083213,0.0058497680538389,-0.0445741343890428,-0.15158370507592,-0.189312914052774,0.202286559202311,0.00237004724428039,-0.109229497736297,0.0505759738667391,-0.133816410998252,0.186795769977363,0.132095394272131,-0.0223376886241973,0.00339763055649659,0.122463856438797,-0.00711886299358828,0.233984953109329,0.000914655595955299,-0.306650889339444,0.00908464425385802,0.0660580858617637,-0.321453528763628,-0.0497707776132315,-0.0160369450459513,0.0487616884243862,-0.0360101398884375,0.0643815811126514,-0.113154768747249,0.0480316118096414,0.300440148103811,-0.0976157301179647,-0.101788484237862,-0.136810280793993,0.216943880800046,0.181749634444633,0.00377661621314046,-0.180939419053501,-0.0764215800529587,-0.151704491887644,-0.268072496979146,-0.281060416007199,-0.000850703466461718,-0.0615414446107261,-0.0528080620483615,0.126143432706111,0.0175256763960573,-0.149067144687822,0.0154796710852958,-0.0670004511345054,0.0108697373280167,-0.0563768007954792,-0.104245188336446,-0.200588239240794,-0.0604319283464901,-0.126779199264374,-0.00736348148134074,-0.050293462378837,-0.021439355500761,-0.0434801585712407,0.0410430641797642,0.0231056218586298,-0.0887160416396533,0.113938019389561,0.19176960751687,-0.107154369413675,-0.208416731336983,-0.338767738749535,-0.0397799790546171,-0.0632299193989937,-0.0593739778267893,0.0139407863600127,-0.0312821101792593,0.0543393905034493,0.0265483286084011,0.0706334376405879,0.183604747047282,-0.00687657290596834,0.00950439877032025,0.197834331320072,-0.0886005680036432,-0.0267080567153539,0.160343776549724,0.0513854743826332,0.0150452565975331,0.0505725306494748,-0.0103024938904005,0.116392999509836,-0.0518560720679734,-0.0232173969792937,0.0802961468904015,-0.118230844620955,0.0938567754750225,0.031038534878825,0.192646402535789,0.0345892466356763,0.000465671961863867,0.0244137124498856,-0.149605116242498,-0.117828002870215,0.0393705525234316,-0.0518603877750887,0.167718328733755,0.259078746693063,-0.000932699345033133,0.0622549242829902,0.172247108821595,-0.212691584597498,-0.0470210556664728,-0.0871601275978523,-0.0572282639137264,-0.0839002353834317,0.125040802510534,-0.0151873217340498,0.119261667590432,-0.0485744890712928,-0.153539059027981,-0.169858077598755,0.2346519105441,0.134914151841734,0.123283482944883,0.0315680669184639,0.209989152604871,-0.0107143822847505,-0.0238181994929735,-0.179979389393429,-0.219079435335921,-0.00974506530780848,-0.023001215177471,-0.0370617721649745,-0.00785274546829623,0.128968292617834,0.0982081187039679,0.202831994441027,-0.0412084961992204,0.242436468328818,0.240448913967352,0.0697700801719095,0.113603526096396,-0.0491818590218058,-0.110740393817059,-0.0299405638281272,-0.104110114477436,0.282797816919055,0.0890022136698886,0.17202415358525,0.0342303161469849,0.271292861013988,0.279885941836826,0.0666153665404305,0.125351961276631,0.0993422399177221,0.187333498008663,0.11290323462422,0.161472939450055,0.159254722881226,0.0515565668412858,0.0562070881507381,0.301997957611781,-0.0489921198566652,0.0652645339550518,0.0116599937631125,-0.237103536744816,-0.14111434401231,0.126582639926297,-0.148417181216874,-0.0145456770427563,-0.205227330202639,0.167922532071043,-0.179234901563159,-0.0481381393584515,-0.0549063063770018,0.130080950049048,-0.0100915795792009,0.150880329335208,-0.0808787397654384,-0.0816542630654095,0.150937576507191,0.000260244460930526,-0.191421535028326,-0.285680356633041,0.125565974604529,-0.103162531525441,0.0456526213978424,0.149386450013834,0.031421246531915,0.0664439157828967,-0.0512945443821838,0.261649665775594,0.0729137604616183,0.0140778420116085,0.036407390258852,-0.0826149648998047,-0.179548161041593,0.284500239872682,-0.0870075932935881,-0.213744697813223,-0.17550854255454,0.0410442570778318,0.138722600686573,0.0699423812098593,-0.128391493468193,0.0511708354791752,-0.139713589338312,-0.18103533024786,-0.0299263681345055,-0.104698867728363,0.0332109499937924,-0.0226889221938142,-0.189128572537968,-0.2667161291347,-0.231678221928631,-0.184763983796671,0.0528279725780553,0.148912906188629,0.110919243409145,0.0889306073700639,0.0332732875818392,-0.172251987161617,-0.15846247973961,-0.424437174046292,-0.431424308184981,-0.122077652107819,0.10901302441248,0.0344447352323596,0.0410953767541839,0.240425356723615,-0.115384700101665,-0.0815168084927394,0.0996946672438825,-0.0784671619186749,0.0893875794668961,0.166572367946037,0.252602036674906,0.0137792846269931,-0.0966555534549413,-0.00472258955235219,-0.140833655788771,0.0691812395010044,0.114749151736587,-0.00421234209162958,-0.0459578257242259,-0.0858132303082748,-0.0547303774632291,0.107536151059465,-0.0998101276821869,-0.00994129325110925,-0.0134441114092732,-0.144094282822184,0.0182753782026734,0.157567606095423,-0.0770418695532922,-0.0891156163912897,-0.187534259261173,0.0238554301043596,-0.132751353468181,-0.153284538488166,0.143949724108222,-0.0126110613102501,-0.0540585667431994,0.136051126228201,0.230977816906251,0.0477294617250682,0.00281236331832319,0.0239965027012943,-0.0849289433680437,0.0153751615932706,-0.00305634960158879,-0.192730447032938,0.106578106848042,0.0132899092801891,0.112682636906882,-0.145075437305451,0.190616020152876,0.0149149551033648,0.0858702523230665,0.00689410501487422,0.164004059853782,0.000514382993217991,0.2711272938153,0.0409958042645688,-0.0206651987960786,0.0645689159138363,0.334516257966467,-0.0873807770865372,-0.182264762593554,0.0746899100875215,-0.0229180171202653,-0.0197603552207602,0.0993432881722199,0.213851162672232,0.165546140163765,-0.145263206208182,0.110641955304759,0.255243253730202,0.0658877657299971,-0.325163154235987,-0.372485917540877,-0.0419418164556093,-0.170748515733254,-0.0617614163524493,0.116466739290437,-0.0993228312607257,0.0890828377030607,0.0338642512695174,0.0639885572161237,-0.11558464427472,-0.21507333370113,0.0756991083362589,0.0767942398883183,0.0261206419449238,-0.270680735645822,-0.169992579727505,0.0942669038260026,0.0463981467252677,-0.0718171858475154,-0.0827837742743976,-0.213170499135656,-0.255077096563741,-0.113311734130902,-0.237372058340046,-0.0763736954879004,-0.257070283069006,-0.0104928590395753,-0.00475833937214972,-0.0678679698717564,0.160371404258003,0.0663284872006585,-0.140566303427027,0.136708454353915,0.0976955914464305,0.0445752457308105,0.07629733470073,-0.221057017282471,0.0698188392219917,0.108602436771565,-0.123865058634831,0.290867219221645,0.0895739799699525,0.0583450658917039,-0.148525796034947,0.0999359665744664,0.0499153634522129,0.0806344554413981,0.0573536690335031,-0.057230351830589,0.0570478126738605,-0.112093745202189,0.112033172981396,-0.0404711379403066,0.13528626943934,0.0253576796981551,0.0502031945000635,0.0265731591837819,0.148457189514772,-0.0095424335524444,0.0232494656871809,-0.0310651389982951,-0.0742382388517759,-0.0202693710195804,-0.0760135111462961,-0.192598284266376,-0.0429053256446502,0.0648553429713174,0.192437368391332,-0.110372985704542,-0.124948385166124,-0.0681163657854172,-0.261493020876545,0.0763938695711666,-0.019888418272864,-0.00681294973557573,-0.0197388456667442,0.142560270902602,0.01053393382583,0.096064644884162,-0.102274418396371,-0.398893802388655,-0.342704186032352,-0.0728071743243134,-0.0169721214941298,0.152962243583258,0.0888758281105327,-0.0579472765155989,0.112892190625808,-0.0967907471405723,0.22439128686057,-0.0421574925161186,-0.244569975455557,-0.000426106881352487,0.148729903661976,0.0707300578039701,-0.053153614450735,0.0549677979652418,0.236487430879689,0.0575752978059303,0.0510083309150345,0.06582484160257,-0.0521002283123516,0.243330961338074,0.0347065559289097,-0.00135476708088784,0.362948193933585,0.113592875852226,-0.200358143919515,-0.015481847906661,-0.0366319888290606,0.0774228992846904,-0.0463855589446236,0.284986824260929,0.185898911437662,0.289606329737148,-0.0990347667324242,0.206704080553289,0.230413340020101,0.206054332413567,0.174610506560354,0.0490983350451145,-0.135986158336491,0.0787842361705999,-0.0658553204626916,-0.0380090775015724,0.00580389510106744,-0.040351623130538,0.0394083203086269
0.136982638792295,0.141599941062201,0.0400880613342287,-0.0388499087237685,0.053951314218947,-0.0467977023006311,0.135129103662106,-0.0369391147244132,-0.274547801760019,0.155283637183676,-0.0374962544260965,0.123027379798154,-0.0998048738961296,-0.145864803798038,-0.269704229682986,0.0671359418954583,0.179829288525575,0.164073264835935,-0.319164586980981,0.156927615601001,0.137529461488123,0.235275202207823,0.16729589780374,-0.131610085177831,-0.299841914839446,-0.159318159544553,-0.0193410033640355,-0.258289360795964,-0.686188421864538,-0.0984578405108321,-0.435476724254459,0.186792069482642,0.296548126384225,0.0303048522274609,0.0282107119120502,-0.270304111833022,-0.573261908814066,-0.276478795963152,-0.224117692737804,-0.232262916290098,-0.0894618312542315,-0.160703827289819,0.210945339713305,0.0677875572735527,-0.198901697145471,-0.205070767832228,-0.316490831921008,-0.033956790032109,-0.0617225892753963,0.216804500228486,-0.193502023342614,-0.0159025527322504,0.0276645625051073,0.0990019145243161,-0.327332507789067,-0.394409940415587,-0.282958304645524,-0.480143277942258,-0.117054015173866,-0.146340023929645,-0.398074749512289,-0.265617763884678,-0.295947935317337,0.0501998349514076,0.0133942839345471,-0.304824252867805,0.141435804684837,-0.0903839576182461,-0.183977567657993,0.105865697726716,0.0297296408790552,0.13744610524386,-0.0891608427175248,0.021955657759353,0.138068274865001,-0.0469128913587825,-0.00201628515243386,0.129452330574351,0.0695909230509671,-0.0474680081872072,-0.0864092920593812,-0.202049340895544,0.10724294690713,0.0040528899249592,0.185139282710596,0.0388849085244062,0.244065098941246,0.0582431582040861,-0.312147741225612,0.164958138578674,-0.522793005455574,-0.301968887141266,0.11538105481565,0.381798092048876,-0.144426500345513,0.144017870480111,0.0275323208379819,0.308847991756242,0.054133355156744,-0.399647205523729,-0.0980182894778701,-0.0560092148698332,0.283740635155266,0.0333815232011798,-0.170720017781139,-0.304267595900018,-0.511052355394453,-0.331814125327567,0.0636098293047071,-0.171007494824152,0.209256183753305,0.236338808324779,0.0136132887059744,-0.0149317912814045,0.104692475902766,0.451841098872412,0.313516706784285,0.000222398997792861,0.0878771110527764,0.289695790878744,0.48256839069356,0.0128936467075821,-0.13717285105288,-0.413581786574504,-0.0520223466436804,0.211534996025573,-0.0155779888532248,0.395036797796287,0.0272904963529057,-0.00974190898543364,-0.566756772347398,-0.0890126740819679,0.0634615639476027,0.12755866065707,-0.077794607870546,0.175053055604499,0.127820141768457,0.0937765215362177,-0.100124827561715,-0.381725324641443,-0.121551209682354,-0.431887472341398,-0.136086964118743,-0.039563890687176,0.18618627380981,-0.169594286826,-0.222087146345675,-0.151491014576235,-0.197584171964246,-0.203332550402432,-0.175663594179323,-0.0332269174459565,0.0831836386802153,-0.0195366362891545,-0.107469483815311,0.142380099274964,0.18825273057897,-0.170512566074689,0.160246793373844,-0.270083499510142,-0.0693099842809703,-0.224416084164545,-0.429506759612876,0.0963572255273086,-0.198856877972458,-0.209991734946958,-0.185170875948015,-0.0559629155894892,0.145803533485257,0.256047531287949,0.202259353118581,0.396424183912268,0.129868631866791,0.327572939715664,0.316298582417196,0.0198469844196913,0.108955674729672,-0.102521141492744,-6.50504636482974e-05,-0.162986719985859,-0.132010204406534,0.159224553486096,0.0891667856037409,-0.0395133337686362,-0.0671702754647218,-0.162892457636515,0.298826069644009,-0.0764905217936264,0.417779402065194,0.288634367529881,0.150228549964882,-0.000173156895243214,-0.0129538050648061,0.561682676035379,0.337454270883065,-0.335253833307941,-0.220168849703941,0.0708553195153471,0.218039799792317,0.0403516222676755,-0.200870877271987,0.110728786041132,-0.111505502736483,-0.0324528805962131,0.332003046168036,0.140482961470017,0.26394176309507,0.16213841737298,0.0757082399313693,-0.0671154758411664,0.125517891269603,-0.356310995450968,-0.514591941908133,-0.36533774857612,-0.105714244338439,0.0851055009620463,0.0701373087978051,-0.29415089621757,0.0729754303952974,0.102104942023682,-0.157998293042155,0.00354878647378834,0.127015829049073,-0.393050017237879,-0.314289566005363,-0.0788410035872516,-0.0289652589764088,0.339406831976222,0.0189163998304655,-0.0559070516586019,0.214085917249527,0.0427854163049452,-0.09832449555209,0.495728174124098,0.162252422051782,0.11036300601513,-0.158443988305527,-0.158650034624329,-0.28541803217614,-0.378390580391233,-0.143548737077215,0.0366578077770201,-0.122540742594859,0.1739175587171,0.00113676325503875,0.21388821775944,0.454484483820573,0.0207832958278582,-0.0639879043986746,-0.0549601067496082,-0.16595099858333,0.35870596347007,0.226308855574787,-0.0271090359721742,0.0853643995230638,-0.202408071954397,-0.241039021272333,-0.2327862059629,-0.394865580113616,-0.112420359634103,0.0879304699200137,-0.0458598239327088,0.39788852763725,0.139531961820136,-0.0233781353451692,0.0933291128786622,0.175037323040242,0.108066932549703,-0.0846332324579283,0.127316832597212,-0.380817398949582,-0.47197129098751,-0.144117154661506,-0.355842673943238,0.0883866946135709,0.00479132019217832,0.111966274336807,0.338828367355523,0.126702972852004,0.294606517354825,0.298959543244743,0.226588495851334,0.195808850804251,-0.142589563945307,-0.161096699442121,-0.0891271217093559,0.141145548631114,0.264852928959492,-0.18919422458147,-0.310409658764468,-0.232373083743545,0.106645933418414,0.154731058937038,0.247226305023516,0.116712955714135,0.0494792376868301,-0.0576990953313617,-0.174258245543765,-0.0531844718134797,0.105213575531193,0.00956038745713667,-0.0961848878895294,-0.27477620746699,-0.210437380631407,-0.0144017332059596,-0.635159089918308,-0.367749209247707,-0.316674330008606,0.0556859513543141,-0.462053246163932,-0.24230159005657,-0.00471444331887563,-0.0993855918166592,0.346002344612996,-0.0873588004053698,-0.130621666915708,-0.106670623874614,-0.114812400449404,0.0483096497752015,-0.0562469343713762,-0.248919586976786,0.0740753670561541,0.133521300054562,0.460393318471726,0.420082057565521,0.195695752630827,-0.0768030485039218,0.0473883231941779,-0.114310180814746,0.0543237240377088,0.162853840938265,-0.144080824698084,0.270016634229816,0.103654322344086,-0.349642826019369,0.0588638741443704,-0.181189785138081,-0.337174682793255,-0.0173662113492715,-0.0299707078503354,0.293410054137508,0.0145160146926008,-0.165383847311882,-0.265895746171379,0.13244409579117,0.0630386726564692,0.110328559342174,-0.166699975594323,-0.342497656890154,-0.0292990697870084,0.086739521194693,-0.24209638976453,0.106594942754293,0.139824147262262,0.330825910928071,0.305660614272525,0.446621402552308,0.0256232695575314,0.0798108094740165,0.0578052513583857,0.362499313492266,0.370438798747238,-0.310205814702804,-0.114330559669885,-0.082640247668838,-0.194695090210002,-0.0115392342777031,-0.234113363033361,-0.0625015267538184,0.0866640656988008,0.0788623199720259,-0.278038929272884,0.106602919723319,0.258888326541963,0.216284578991494,-0.0991143764953047,0.0590713802286113,0.260715955071372,0.153086390751286,-0.329499992094798,-0.09255961800586,-0.265445583422018,-0.181181093098724,-0.376526930531537,-0.445601848775117,0.10021837361891,-0.0913842805122774,-0.104952983266422,-0.0209154596509322,-0.0490877052402205,0.106918730987538,-0.310959336730588,0.0104784316043256,-0.348095384841173,-0.149139860540538,-0.569516643837515,-0.461269924560683,-0.0542563996453614,0.00156684124441898,-0.196593234272042,-0.024124438335951,-0.109021785980729,0.0765531620172102,-0.159118544269181,-0.167996729679738,0.0714188534346271,0.331049446419915,-0.0181235979571799,-0.00733085338288669,-0.235478797524393,-0.276650291124023,-0.117027229645592,-0.0738981186477584,0.0910172321126557,-0.103016732117876,-0.283508376312037,-0.104325848116324,-0.212216166974627,-0.0204651520204352,-0.000112605238142674,0.345706684356362,0.168159432562033,0.21277069670932,-0.0408581625312345,0.0442393679223555,0.406834460044475,-0.00983527946035817,0.0735456921292141,0.279478041140582,-0.114640588472537,0.304747898646381,0.0253766206332526,-0.0227253111674366,0.0012465529252208,0.00336570328980237,-0.119087602118506,-0.13783450264938,0.230903847954336,0.0161708165731703,-0.283879936782561,-0.116329074950392,-0.359105637165925,-0.110427043841933,-0.0691335936208055,0.00718157118590814,0.199420589294923,-0.0756229535869893,-0.103894519560717,0.0191121841136813,0.16275083839427,-0.396095671232624,-0.162525267435372,0.0961881894285356,-0.256358840338042,0.192871394996862,0.255503789283464,0.276933871864828,0.0988291250281864,-0.0491106816675085,-0.36754954608757,-0.101247154908682,-0.000263152507811379,-0.202766617318379,-0.0405744831620146,0.214782608853626,0.26834444714379,-0.083782697272027,-0.109724213000487,-0.10565382057307,-0.0953874005315593,-0.164957798416821,-0.0861978880359039,0.116663086453381,-0.0870956572949285,0.112991005489709,-0.0125917090095876,0.160984067731121,0.27669395198255,0.0526091792854041,0.0165591246295922,-0.049100270220582,-0.0417228061571085,-0.0189405262831909,-0.170191856313099,-0.049061839020935,-0.339466048724101,0.393377441979083,0.202387118621767,0.205096236242941,0.119040246834172,0.0823638424241307,0.22143523034792,0.0636029447663596,0.139331042661708,0.113344621887179,0.13725607591876,0.272727890776443,0.266506677295158,-0.118871033326501,-0.0117166759345735,-0.0569686698392985,0.539257368352775,-0.223381539824103,0.127132644688864,0.268574681718636,-0.00789486843148464,-0.135982244654383,0.117003568300318,0.0429627705014483,-0.231555101800601,-0.297232099316178,0.222637731482659,-0.259965091791938,-0.0185857945493881,0.0626539331461687,-0.0094818768095132,0.0850052711095216,-0.0801124244623938,0.345378251873016,0.217724751842885,0.123672193519337,-0.118065151663026,-0.36605861309072,-0.0486100934836788,0.101781760660879,0.0553536761205865,0.201570992140184,-0.0742849391651976,0.152401507294963,0.0152341021374896,-0.0610835580205405,0.593743877978734,0.312855924681043,-0.324129439353194,-0.0177933953371222,0.208788598369009,0.0604760213719144,0.13262370737315,-0.311948829084963,-0.291338141949643,-0.310192601519392,-0.109620197570096,0.105709011832574,-0.0705780990573265,-0.0467524109750769,-0.325428522980038,-0.226171628688493,-0.278261904022864,0.0385227118631571,-0.189148136785365,-0.0970866129209199,-0.264903841891015,-0.465459524717513,-0.154574864230799,-0.0805068153261957,-0.0271325012950244,-0.0738399593119795,0.254816640793515,0.169699844563608,-0.0197673685651401,-0.0258478816755701,0.090014417265461,-0.03168183809988,-0.449400136293849,-0.312953567472468,-0.205516768944325,0.0918211888602643,-0.112538181999296,0.185274305169311,-0.17897286112555,-0.0788380481058607,0.080760152319249,0.201785607724761,-0.0944592143847511,-0.0480240043844924,0.19364149951821,0.211234313067191,0.200552328275169,-0.0121186059073851,-0.320850797622488,-0.171104865520748,0.226979360473432,0.314667442594016,-0.030807570617133,0.317916554694984,-0.130848882681805,0.0158549568978075,0.233615084032536,-0.172616756816451,0.106357009034966,0.00179121923606913,0.136646335763328,0.0965201229242737,-0.132291001313853,0.151706054931757,-0.292113044863441,-0.265149725285456,-0.245617048608739,-0.107804677843187,-0.439641201768663,-0.0442968791937118,0.195772214745791,-0.0307852051125024,0.269306134680997,0.115611916380602,0.251547718927095,-0.0251312109326806,0.0524903939553795,-0.0827757299252384,-0.0320504293275078,-0.275106908586781,-0.0618734099718943,0.212953416695264,0.0686871300736165,0.00979400085489355,0.04213683650323,0.260847777366534,0.333736077835719,0.0456121846198047,0.0584676076310828,0.0886794537584268,-0.21813707723333,0.422366612105107,0.225619460450061,0.255403624254788,0.0852524841498941,0.317373412076652,-0.359704576289872,-0.175460602986501,-0.0617752375427956,0.0540768804472447,0.317081053709998,0.140763516004548,0.652540975211481,0.205767069675208,-0.172130640126462,0.0476521562003319,0.111262091497203,0.113759950218566,-0.483124930857425,-0.296378526653656,-0.120464042008064,-0.0786959043763777,-0.233785460497829,-0.0108998993632351,-0.198412833963997,-0.0932043161782758,0.272002022866384,0.144783953263221,-0.324377037898011,-0.35183120275892,0.27358718552252,-0.0193515936153785,0.206278724334874,-0.0847636965855506,-0.0214455947025065,0.194132256719186,-0.0666749031944162,-0.241027581014211,-0.329273933455602,-0.273119767190391,-0.62590398572665,0.0430728311581672,-0.044719172455512,0.0856012024209978,0.129444447038632,-0.000284758318040354,-0.104425877599199,-0.030170974391174,0.228375738191737,0.248452112923206,-0.216163630086439,0.120970394498186,0.327805395622327,0.122149635636803,0.130876449993807,-0.0762777697333296,-0.0280589335722682,0.27623943728291,0.342380952342574,0.430850739058372,0.30085258346702,0.448275833446461,0.0468709795309689,0.0557915440539914,0.0975971337317267,-0.00397074409418782,0.234053985968901,-0.00115043193414427,0.0730367680688862,-0.0969854845517777,0.0840054281081404,0.0246448621002954,0.226914726681158,0.260176782725673,-0.182106949315703,0.159472508025107,0.0724915909205667,-0.0846913981987913,-0.376292480868002,-0.120892191603741,-0.264032805344782,0.195727771107307,0.0784750249649188,0.0209920455236932,0.117289125651419,0.215420484256988,0.397498998635141,-0.197947792227052,-0.206445774966259,-0.461517601376783,-0.194126121410725,-0.112935193865773,0.184050240112637,-0.0944785859559158,-0.034156337446223,0.0408580110761458,0.133225451012892,0.254143425879882,0.0437420112858455,-0.406263654026695,0.114000492948254,-0.251975772257753,-0.00964252373118804,0.152310993245693,0.0837025799791987,0.100919255166104,-0.278683047263543,-0.266992264999036,0.0292340285085731,0.130506864941311,-0.206930588321699,-0.0766518727496368,0.388134773712292,0.116608320086176,0.0162420196216441,0.0941288928799743,0.0418647362251112,-0.0333821458585596,0.0610018295930895,-0.224159402304049,-0.0688423169709798,0.267820318231622,0.339850359181894,0.25143808692082,0.0732879260121895,0.231406099231548,-0.320334412755548,-0.162511816872209,-0.0260905391108155,0.0786338368214572,0.166775208948173,0.269195790076145,0.370795880221304,0.234354718348068,0.139769753558525,0.309816067787068,0.565090935699817,0.369693591130333,0.26806219372138,-0.0642379414988054,-0.426009447463023,-0.249703770834692,0.0918301792640913,-0.0678178369965229,-0.151731447309655,-0.00921946305192742,-0.00175760486463421
0.30949086398063,0.135616580035631,-0.00352478272365006,-0.0785096881951437,0.332747557646443,-0.0622909893110235,0.302958624576518,0.177287687519123,-0.0642268554056846,0.257880381405059,-0.0297061409191878,-0.0681117833041668,-0.178517982494542,-0.2234129938941,-0.163131945413229,-0.279379841524001,0.203706726920386,0.0989119861979463,-0.458028091113395,0.129992044034318,0.109950295631181,0.0402897713675445,-0.18258365826828,-0.103147987748408,-0.326604201135509,-0.307259028020749,-0.341485221102597,-0.288147887955765,-0.748800712295743,-0.291148380092981,-0.430907445212936,0.435870825370948,0.246906169673028,0.0427576955249055,0.0474446396477581,-0.457831928782799,-0.634539297408262,-0.359920127445518,-0.457623272717832,-0.410007148438759,-0.175639935651335,-0.380915268259049,0.344335015458003,-0.120945631125718,-0.365743287941731,-0.325517983586983,-0.89770582745381,-0.163838858366624,0.0163112154662931,0.108873505906025,-0.268489471323322,0.156309401418485,-0.097723331975048,0.169945534039611,-0.354801472138142,-0.466663372731233,-0.169135906083009,-0.527830695312899,-0.200792812935735,-0.337845411790808,-0.356439975931201,-0.308555950915908,-0.0443419748388625,0.147149092338888,-0.143762667249476,-0.509448793744817,0.0765965846471479,0.0732100410410726,0.0298552765927893,0.0634302312256745,0.0448052953754519,0.331098626475285,-0.298491229752193,0.0549498684834995,0.273886609880816,-0.0370794109050311,0.0115250880367413,0.206278115873279,0.0735887813205557,-0.120271137948548,0.0774033539160723,-0.332546888315668,-0.0257010904146771,0.0902830644660761,0.227855468324544,-0.00290827885814784,0.292969145573406,0.271127016956848,-0.0148871725440685,0.0909372408924075,-0.78111770197155,-0.00890745896689882,0.142557144387992,0.499926955272101,0.129592051781043,-0.0177026673272485,0.223096404671153,0.459806620000197,0.260414921908531,-0.159386754548029,-0.143331364296034,-0.0809200710412063,0.184712751599169,-0.00729967457194461,-0.0746365820554953,-0.291934743724159,-0.40952005836985,-0.642461087621072,0.0624436712223592,-0.0437818980591221,0.0960016087017911,0.224638807629253,-0.128662757093761,0.0552507820472274,0.104179147182785,0.354670685962731,0.307751295388805,0.226099379528354,0.158087181712579,0.301223194189973,0.70110358412235,0.0295141107123196,-0.362594001003909,-0.423707241101365,0.0222051710743412,0.160092356936016,-0.256873743893486,0.289404539965975,0.299812523546121,0.0443066910995959,-0.547165786379293,0.0946484555226822,-0.0255260928964267,0.16591304071212,0.0880948572418483,0.108031689491895,0.340077204561556,0.151074274226825,-0.116310459952375,-0.211992097873762,-0.278268262631241,-0.595180176498203,-0.481320837873062,0.00218695116774736,0.101223097016384,-0.0810183552184393,-0.187943908301526,-0.137359516430141,-0.0804869136658889,-0.241886299271038,-0.117518690316141,0.0738871297518396,-0.0588592956187417,0.125490539366492,0.159545514946161,0.140167868335269,-0.129000636890688,-0.147639730083303,0.273488970283514,-0.164819936781541,0.0441387806280754,-0.177969418395551,-0.325456347044241,0.152159476142874,-0.12989417165455,-0.130434902427948,0.124711395147036,-0.416913204432526,-0.0914478291412795,0.491768282073653,0.124082534656092,0.346933579066126,0.356108169218334,0.351553303046383,0.532506096471362,-0.234574839668554,0.261932098416971,-0.00799787877147466,-0.157558983375879,-0.155991349131959,0.0602913592380512,0.117470239483788,0.0691516943385302,-0.106980031221813,-0.121557825825442,0.123522727169444,0.0139626878028496,-0.217027715901865,0.504842575271384,0.264661173324771,0.346676322029601,0.0271070352108353,-0.0876206215687979,0.345953253616629,0.316137459225413,-0.261928826961212,-0.0140236148353587,-0.228993165854697,0.254217476113454,-0.101390019496207,0.0192440220882823,0.0336469013035711,-0.147248028478731,-0.0638636416064411,0.522650684926624,0.0197956209447227,0.296360770304917,0.489978633022915,-0.0292466571400647,-0.0543136857066947,0.0565016050407763,-0.39245738867251,-0.680981566905767,-0.299504180555153,-0.408787589926158,-0.105505884596106,-0.156751035672516,-0.250021898514294,-0.0407758953887187,-0.106249282698441,-0.299796901083331,-0.157453096431532,0.0501372574884998,-0.337771343101233,-0.418500133171534,-0.213363164172632,-0.11103117475151,0.29021611250035,-0.103846320982964,-0.223011547995022,0.0713655182339232,0.161383552467063,0.0472978444369975,0.710664055581476,0.0530055387688775,-0.236978724792707,-0.0411289889816509,-0.515273519106006,-0.536322909290053,-0.549536514703857,-0.240690667581824,-0.0534821436435352,-0.280563801986309,0.205617095392358,0.238364821508386,0.263891111326337,0.53328920195975,-0.0465492019225255,0.0782629623625511,-0.2751096612836,-0.000490986794008511,0.201699597311012,0.341940656067183,-0.198920186816769,-0.0972939137858424,-0.0939221636104096,-0.242751216083486,-0.236045022987528,-0.267301280295114,-0.255097505265363,0.258808893050887,0.148885180865487,0.401908299766197,0.248581451517285,-0.22897536069923,0.132878868636004,-0.130910858871055,0.16555613685435,-0.210877878891344,0.111788883723624,-0.840426393199885,-0.68638932302528,-0.35299798907656,-0.527959105677718,-0.162983687795661,-0.00893509249227563,0.0801773776978265,0.620987971707297,0.324324111296255,0.348152664250201,0.392800961366427,0.16477369980885,0.111143223363226,-0.205599723423579,-0.348254200391731,0.0947792865501857,0.234521743106261,0.0103579568739425,-0.0755622027063552,-0.51965375059811,-0.477788341292885,0.242822575302736,0.259324669867596,0.345862834960605,0.19707045516148,-0.0834853633092476,-0.263651561689634,-0.158564646195874,-0.0620526380027852,0.159248365406991,-0.104911619283056,0.0139533632924602,-0.106349145284008,-0.351819868565693,-0.182797918968504,-0.590878823666038,-0.411244425977837,-0.28874773233946,0.00997109465570275,-0.189162640915273,-0.0334287998685065,0.104707251486434,-0.0288675448601235,0.0474772410782455,-0.234624059876489,-0.162415991037905,-0.210624068125291,-0.0423781037124323,-0.0641951363818435,-0.0354479125166435,-0.0310406300841932,0.145405263142992,0.192093227555446,0.535087997705705,0.643605467591289,0.100009811248922,0.314601615039699,-0.0543286849225935,-0.0691568876457848,-0.00771899157009645,0.0973262819914174,-0.0961807087448976,0.206338012346804,-0.192397846582954,-0.117002250164884,-0.0055703865050225,-0.200152115061251,-0.420692682557724,-0.317939374502315,0.406155861887325,0.293230413899984,0.0645990379856755,-0.0525106123679311,-0.143822147435656,0.12463207736096,0.008022721407726,0.0719313403009154,-0.196110580047653,-0.280348013175886,0.101588555505667,-0.00102559622985936,-0.19902296835892,0.0550437879353827,0.126176060584957,0.453725289449211,0.423721787182148,0.580142716482211,-0.0105330389974834,0.262591358987972,-0.0502985728315457,0.279324026022214,0.0828581963394516,-0.55228749752557,-0.384213655671487,-0.0773128255502014,-0.483740624169881,-0.121620579849773,-0.294444883252287,-0.430374558537228,0.181685748205188,0.0405851264849238,-0.371109706784305,0.075073558416951,0.479091803913652,0.145118330772985,-0.0594884305399354,-0.0874883990362945,0.321540943802561,0.170279197865408,-0.152589798807055,-0.2182759531695,-0.226825029650248,-0.364523720747783,-0.350703953223318,-0.538424779759303,0.142809762385305,0.0275681328852418,-0.139025391490286,0.0199715504996885,-0.117631587025089,0.0522887605278044,-0.226883663478083,-0.075878537964484,-0.300767030292597,-0.0552470336460248,-0.455515622044154,-0.473923806149572,0.0763793143649521,0.0140001065278013,-0.139271273085836,-0.16808681532837,-0.258184277555116,-0.0433025271239529,-0.30706353851413,-0.264158577325245,0.0510513022160977,0.279929142320994,-0.0519084917196262,0.0871470791418499,-0.28545316165931,-0.537676179949746,-0.152269634957338,-0.041366475752354,-0.00877338041689098,-0.0488306331157844,-0.0510287699207471,-0.0970570121868792,-0.268535392156336,0.106187632399734,0.0889127753545986,0.174896010748286,0.244547766033095,0.322742989034301,-0.147910254307315,0.23650044043942,0.0498742097497625,0.217704656971129,0.22058618260092,0.330480036028558,0.00437506609380447,0.282898568199739,0.100672341371639,-0.00891548043078132,-0.176980272087363,0.0641980802879604,-0.104815454761415,-0.103804923697653,0.0260820644357939,-0.0146296845101855,-0.557752110681031,0.147902924434635,-0.198503285372203,-0.236878365500133,-0.0507610827781962,0.0714316802073589,0.310760080915934,0.224361064639506,0.0536363140730492,-0.123654104012285,0.0379985702782738,-0.487307075135031,-0.237153123199568,-0.0340922189517016,-0.0340727524746492,0.00198073997948142,0.223289965346905,0.354778452724833,-0.0176909722211659,-0.104299167407032,-0.29279728981173,-0.215862024996786,0.168576087510567,-0.0611825031182792,-0.0250148592636272,0.145871226842497,0.353096937653304,0.0391065646641062,-0.0777252894893849,-0.192204379447643,-0.195608129134248,-0.0924047861562639,-0.152188513524357,-0.121955861828847,-0.108040195928364,0.0889778530101999,-0.121369941161934,0.173613341472468,0.137330963348184,0.307963438663527,0.233013446922023,-0.466827791844109,-0.0284848545071047,-0.0667260389364,-0.0901727852962699,-0.119750316446396,-0.700561382661481,0.607798138595885,0.31356481771398,0.0371262387450268,-0.103257151019982,0.137376571940701,0.0690645817399375,-0.000997064471470605,0.259283899091586,0.26939074044237,0.278359307538992,0.177055927402312,0.392340263316164,0.0978883825477898,0.154074376562171,0.251073805504596,0.692169841911498,-0.0883486261940884,0.0834024755115461,0.205768863411392,0.102445528616945,-0.362048235259728,0.250326223331311,-0.122911177127646,-0.254005253619215,-0.299708840251501,0.135050650634585,-0.414252990322898,0.106786515355174,-0.0550592787874698,0.0946088462764051,0.221491349949801,-0.134389575595455,0.05998786717264,-0.182440164399801,0.0277458548538125,0.0397667358147164,-0.483779379398885,-0.382748128108906,-0.0599849575345507,-0.0510599510691496,0.175225072273391,0.00653356664981697,0.0698961471263359,0.013843976156164,-0.0633656724210374,0.521088541945827,0.189101856432745,-0.276626009987746,-0.0836098541273232,0.240898050035525,-0.0762771225925044,0.141992408015296,-0.479942023731355,-0.466132218061602,-0.390808420059842,-0.35441097651925,0.323049140591707,-0.0928710141790583,-0.0430629104641176,-0.312167702416009,-0.246154857528626,-0.306653198396175,0.167974749550374,-0.062510358855904,-0.219718013097015,-0.277875784569634,-0.527269094984557,-0.35865988952421,-0.279877650173935,-0.0377116226726163,0.11747844465299,0.378642577749943,0.482881003086685,0.0493439873680058,-0.0574837837133155,0.00613374512803164,0.0737598230194135,-0.899854209173319,-0.425716248308549,-0.214137047012114,-0.0434949627174284,-0.190781828460948,0.0815699102148648,-0.0849720630235574,0.0129365658795131,-0.0870365778901424,0.344630781746389,-0.0417207438370021,0.0398848518084497,0.408695248318221,0.444345092957851,0.174076297279863,-0.0312901675895757,-0.0566788939738148,-0.0610419695775182,0.332572615473103,0.375565883231337,-0.000817384755245051,0.0917674251020546,-0.141507154140831,0.0988070023095246,0.298435902227684,-0.340040496315167,-0.0492608054020001,0.0040949404649231,0.0177470686644376,0.0394974530309684,-0.236848654632487,0.120053277762422,-0.339008743141202,-0.367609894373279,-0.35345703464899,-0.250182872388544,-0.373795615284462,-0.195335074405695,0.299490247433016,-0.0297017622562595,0.135343231377386,0.404984933003005,0.250674125443935,0.053357116644101,-0.0663190818260505,0.0237937077619561,-0.222128675820035,-0.392714537823809,-0.195164766612006,0.192029956702337,-0.140554101481652,-0.144673814034646,-0.14963850273834,0.558035341045933,0.605415096129988,0.0475325557422056,0.0444212999845732,0.191428419504879,0.0664776525763511,0.600729223092578,0.227432297252671,0.267733922166069,0.0862486401336429,0.223787881496741,-0.281506721161386,-0.310823476194664,0.120155316772724,0.175770247786474,0.161347988550976,0.564148262711855,0.519723125744941,0.288906528271352,-0.276340763257628,0.136309495162951,0.236802277539286,-0.142525117587036,-0.276117415070158,-0.534988497480698,-0.0738284200596751,-0.147666822708681,-0.156098480494846,-0.0176517418216359,-0.0997694423492019,0.290419761023439,0.0398359011145539,0.0521818082611127,-0.486903026366858,-0.634842116198312,-0.112488649691677,-0.0738392950274468,0.368067081032371,-0.0581089249951923,-0.0319168887895174,0.267294461035837,0.264586086552929,-0.227775083672848,-0.312794153256534,0.0268362803304122,-0.596822747876258,-0.0898036438245388,0.005917046523504,0.164118712279682,-0.0894958183266551,0.130533822749914,0.0944261017144189,-0.114830868434044,0.244560659445299,0.331176032796469,-0.0822128245199873,0.395128038861631,0.167568338293845,0.0329828398996934,0.138008739261259,-0.153363588728624,-0.0354596394281636,-0.0593792857185379,0.272240697565687,0.347198322829167,0.578047682517564,0.259203497634971,0.0251058542497503,0.219459586717842,0.148940919253669,0.0734234478029018,0.17428586915581,0.135379585523588,0.0565399284716284,0.00156470560731184,0.133537586485544,0.144892828314802,0.387490401228809,0.336523071285643,-0.217494632450122,0.0309207230866783,0.116500401159188,0.157620552437473,-0.265928360691624,-0.170622635506026,-0.384175627420559,0.142587503825204,0.370200655953289,-0.379586760194798,-0.00406663614904157,0.11018332479024,0.142468049064293,-0.175350258808537,-0.488770962249385,-0.609522795837208,-0.258973366181924,-0.016598016361123,0.282176963495439,-0.0348936238072481,-0.108072149161852,0.039739517912591,-0.0509486960969758,0.242365024256606,0.0488938132190126,-0.438568188896672,-0.239776439977216,-0.2703875604608,-0.0708712176595978,0.332728685249461,0.216905947050575,0.134622849342485,0.0578755391050066,-0.198658347984417,0.0540537661721116,-0.169397856916797,-0.286146071421699,-0.145444643870175,0.134080675801047,0.121351298423889,-0.151849266274598,0.172382058341226,0.144155216443079,0.0334327825841217,0.124733654325215,-0.327130231747357,0.214764184110242,0.337131539244176,0.270664728448459,0.0332831078894519,0.331467168607606,0.0440506979392812,-0.114069537717481,-0.0227629393418954,-0.14633466606267,0.0204153687396384,0.10854300276566,0.535041782601258,0.525879091117972,0.484938402914462,-0.0640050219382877,0.698844727530958,0.600489040956497,0.388032880997417,0.355581072130505,-0.225941752581767,-0.33857008074928,-0.365999429602256,0.000257857458404509,0.115375682950942,0.260320717431379,0.0332628574256229,0.205860009769655
-0.483291573623585,-0.216166454467892,-0.410535593634721,0.244899195971326,-0.393620949383051,-0.096380575634908,-0.151070113714259,-0.0233264803619293,0.270721594714838,-0.313203970897466,-0.147138338220812,0.0933196229649614,0.25819313947764,0.215278392776354,0.776140147988211,0.28329173956562,-0.212067408923917,-0.0188870696988016,0.485814042154813,-0.140818500221948,-0.318216499181494,-0.0462925607887523,0.14430314299441,0.063047379901832,0.399863083228577,0.55094189933761,0.498483471975603,0.466750448776252,1.27536699998331,0.357284198699996,0.716043931288617,-0.64197886513344,-0.589222849217526,0.168041936068644,-0.084193740964613,0.42159781050179,1.0856384723754,0.692546061777293,0.38826718909272,0.55400249087169,0.361140914578491,0.496259429221283,-0.23391871317414,-0.0804527767223603,0.557273551451712,0.242947783127594,0.81414865517781,0.320026942926431,-0.235047409854644,-0.0591143696314712,0.550605081274697,-0.034479220084233,-0.0319368899878889,-0.362885132221931,0.468913017199365,0.731341279968496,0.542292003264436,0.712031029671533,0.249831794755391,0.466782935417146,0.832528677500395,0.382056394820249,0.223329493078324,-0.113227507886247,0.245255138209386,0.826718258407698,-0.0540966026645367,0.120628474288537,-0.147577041749164,-0.303033752244435,0.193856339371217,-0.371757554219116,0.486397653415972,0.0988276471763575,-0.159265891698192,0.192903994251015,-0.227651097925755,-0.334492678134816,0.328443769039505,0.0481807679467554,0.0796085650814617,0.478639239718712,0.27165010969024,0.213043352392182,-0.263910217365468,-0.0253984578472382,-0.577133713119271,-0.358261426668691,-0.00556938828664666,0.00402401114721247,1.04599857965955,0.333478418105739,-0.28993541298315,-0.643411622658264,0.0389909392209892,-0.108380719984398,-0.0719303729534271,-0.699304611058949,-0.418833316680613,0.470300287149369,0.241508112699453,0.0403625462535135,-0.211186587379383,-0.208945586196673,0.0426538081571086,0.613233200575512,0.752849064881345,0.821638126338019,0.279811699443384,0.394673182114798,-0.484037742971732,-0.385647835646641,-0.00523802855253139,0.141986795739233,-0.242353612938025,-0.720300356204008,-0.3939510702245,-0.183359913096914,-0.366530436424744,-0.754429961896288,-0.898648234502011,-0.257093951083782,0.360871570244858,0.801943066321103,0.367088950836171,-0.44109845219522,0.0176144328049592,-0.424803407938166,-0.166000582106843,-0.0622122871109252,0.825212022545385,-0.0921523866248873,0.1355845757459,-0.401778587553641,-0.111575569969724,-0.207078245814138,-0.313245506205189,-0.160272722516296,0.0798351329758517,0.45446773290989,0.530076691617326,0.829779229698837,0.690658045252909,0.0282976520738618,-0.175600973849229,0.393027054930899,0.25686027442938,0.209567846506365,0.315088114712651,0.45210609395809,0.20439763147183,0.0750346076870484,0.169011902980681,-0.09996904864875,0.0229428091630848,-0.433879905504669,-0.0211678228223724,0.218051657263949,-0.0949860929219169,0.188461271286367,0.0807246548384917,0.343337896599468,0.360905752769077,0.0910237513496317,-0.190250864498234,0.15336801531926,-0.234791534141771,0.615109215325143,-0.253456513133929,-0.391568067718822,-0.00156781739348458,-0.70591871846372,-0.479237994084779,-0.674601930656283,-0.570471865616748,0.0990643685853073,-0.217791763331354,0.0834875462273271,-0.00635590250242188,0.236652466897364,-0.1268300437568,-0.415014933513969,-0.233524018455451,0.186618216163966,0.104745440995287,0.0433102551021473,0.152575062185237,0.0844957827318554,-0.728061503775578,-0.454015862450406,-0.628243601839449,-0.258610529832425,-0.140944760023212,-0.699879517976972,-0.559336403459368,0.35768461086329,-0.0440283809508076,0.101199344543308,-0.333111447359424,0.082014874065872,0.150926032894672,-0.0210851568105644,0.485082024667548,0.17642831258565,-0.888034366984996,-0.560946452330201,-0.595357902139759,-0.729216731228271,0.0895662858210066,0.0763794639040867,-0.131204662552519,0.664017113083329,1.2313675549027,0.616971623993456,0.742044908036796,0.11650809240759,0.141057350681325,0.261701618503746,0.048000935784075,-0.139042513300924,0.3811459782767,0.292750830566893,0.0191207187265724,0.604234325279601,0.846334080100747,0.101999307645836,0.024157055714623,-0.261550689757447,0.411294753586609,0.128704487308187,-0.218452897257175,-0.158743292101786,0.0450996410878709,-0.908519628939675,-0.439818683031667,0.403139586050517,0.10651866360112,0.369282303811591,0.845302115853177,0.669325154829602,0.379080743742734,0.326290602401283,0.137109443098171,-0.538872920840564,-0.176586280666911,-0.168224407404674,-0.747861868361074,0.0514925069118947,0.0194625560378422,0.0298991723999325,0.168896217117345,-0.586437735624119,-0.496959258628469,0.0752860433689895,-0.171811891510437,0.335037701090506,0.307628980391142,0.533099551568923,0.788223582845392,0.372307063988422,-0.302760409847981,-0.12084020520508,-0.724344836480525,-0.52876220410217,0.202148290519236,0.0458728580149966,-0.159386640792532,-0.183301287891776,0.436888368976597,-0.00880837850382835,1.20246787892344,1.06235765379228,0.543227055869588,0.730964820741291,-0.0316179203698696,-0.0639076517264372,-0.151416035787278,-0.565333624533208,-0.357914488584322,-0.847759695986617,-0.639300680372322,-0.252119958281596,-0.0847330168337939,0.229753227448415,0.39060062944238,0.0827320070624175,-0.436161646456444,0.0267901815210014,0.344812609677567,0.789309389809006,0.638367887133305,-0.442599277954569,-0.57989898591512,-0.536828069719972,-0.264752520060212,-0.1094753788939,0.606353693263435,0.178367035095943,0.236826522804648,-0.219001564541674,0.516161039737968,-0.0444741547593294,0.349955145504152,0.676362867399115,0.0768674679646554,0.990367484280509,0.643955859667346,0.744746122274343,-0.180537712067933,0.269032555037205,0.219064123023298,-0.230568810982892,0.0158982756527585,-0.218953610047564,0.354391620299017,0.254185250607276,0.450814209422113,-1.81089399531945e-05,0.137541232815586,0.137115525288077,0.377514398988074,-0.16787457058334,-0.28123307418229,-0.885248180286489,-0.671163972600678,-0.263815143697602,-0.0532609495034164,0.033645371376685,-0.111127792139496,-0.10639047039828,-0.226988146144718,0.108642718552313,-0.41558654643236,0.128521678592229,0.393740470321825,0.016557750892838,0.442831272403265,0.384320674331224,0.326238401117662,-0.346324361536325,-0.544459181179139,-0.0455397671634879,0.259184773623222,0.274632236006711,-0.125420821624058,-0.226123552625169,-0.194968693707376,0.431588940415497,0.894850490708567,-0.176679009593708,-0.106106080211951,0.250655291377369,-0.237080989788059,-0.456516394094479,-0.771112382500469,-0.74506194579777,-0.849105987011848,0.0783314325290554,-0.349890878867351,0.032105522253748,-0.402747762190218,-0.177699537752736,0.62116311746532,0.348277542179626,0.0141263357069966,0.782424771088948,0.360827604680639,0.588115235267196,0.297147486846048,-0.37406424324571,-0.0638089496527618,0.620420947610292,0.0683739421695341,-0.490734060587026,-0.296560967071834,0.0430330384786632,0.30121535466538,-0.648842002622291,-0.303717853280991,0.375553290346722,0.27205078581069,0.468517400438272,0.39491286104267,1.05234982029181,0.657439506171565,-0.055558761311258,-0.145440037424937,0.535828839375729,0.200212533034981,-0.0655635417637924,0.10765362350239,0.532515199503543,0.176255294574746,0.616312115067064,0.188099315017393,0.93629987764157,0.681209248145994,0.120095947827088,-0.0573719379709604,0.106826117575675,0.50063812917475,0.365143489978375,-0.0232071483827355,0.466334125673201,0.320378329172808,0.0253508585042016,-0.524312917491008,-0.162421296968881,-0.288572928341335,0.506146429222987,0.979289968266743,0.419561323175693,0.17033466912221,-0.315259609080166,0.128328705421259,0.251430313468247,0.10916595523353,0.293648682557652,0.0563362463960248,-0.273249871439854,-0.253508331741481,-0.198297890197184,-0.768976559207463,0.131170955480073,-0.175349982194763,-0.433639920248099,-0.204491107377342,-0.348255288621633,-0.698205271538821,0.185526170598113,-0.33706783378574,0.0108135670908586,0.222685301197847,0.133472836524128,0.275062600758521,-0.0522868204753597,0.0467127255686705,-0.0569832479613246,0.133758644094474,0.941769397117296,0.246815568561575,0.509121328230923,0.630243861764599,0.126030676324665,-0.0521289058709379,-0.578050487333708,-0.408722660795052,0.0691690263573945,-0.174562058991291,-0.188400324534407,0.743424064900618,0.455135290145694,0.357727421088744,0.121565532107252,-0.171875496356752,-0.439879444493578,-0.510840704070107,-0.192237412579144,0.153320635581198,0.56946292674099,0.384980163189795,-0.292819740397085,0.280137813473262,-0.264517871601258,-0.422475401033715,-0.803681355996862,-0.149265368557112,-0.0401177026603989,0.284167187875839,0.399070712953573,0.33112235929773,0.213974952063843,0.140040615478506,-0.131996039247276,-0.335836310006054,0.213774571183899,-0.465779918649449,-0.0537789168735413,-0.366257519347159,-0.360956016807376,0.552558123701944,-0.146279082511289,0.29317495570596,0.381693781628718,0.422725871783222,1.03787166601685,-1.10239016266926,-0.226919053537868,-0.237430574497257,-0.0075999002732859,-0.431814238808016,-0.449296288077687,-0.424640524611337,-0.252678239981771,-0.363719438231964,-0.241361048916359,-0.211449574431408,-0.498565538114442,0.363504480234796,-0.0770927690569592,-0.181237152066256,-0.95412722533225,0.330764768337848,-0.0890628454615879,-0.377056386950696,-0.315433089743314,0.494477316091153,-0.503074196096841,-0.0257171821668004,0.665041490554797,0.56042674888962,-0.149856312230555,0.44125346412326,-0.24440264050678,0.231977151089519,-0.111407943087893,-0.113884787258187,0.188668104233505,-0.153617914685686,-0.108518161826354,-0.208426179653537,-0.0518847195149944,0.571240495607794,0.322176313553547,0.295543049236794,-0.0655723683225335,-0.682444457865773,0.0534028517767426,-0.0710039719122814,-0.00190682779636635,-0.0401701088099119,-1.16075099948534,-0.485784192208916,0.53105394130359,0.334695968867926,-0.365184346842078,-0.113343609227143,-0.323918560234996,0.533632175688843,0.56835529529543,0.740260158847454,0.138782807933369,-0.0140426796749295,-0.113569258858736,0.303657258814504,0.350786221069029,0.439474291798689,0.708572523834417,-0.428538042063284,0.350918602249778,0.196356647841499,0.691788108960234,0.802531791482264,0.453837010397598,0.67611145121049,0.0822157394517917,0.0113237125552411,-0.532534025583226,-0.610091325307741,0.0290188007474764,0.352745925416165,0.0751435030286714,0.00025030278390175,1.23094332971177,1.01665017537223,0.410891609697969,0.257269758784814,0.116981885805877,-0.489880536922084,0.227439631634674,-0.061515240902154,0.221044283665737,-0.312143499940647,-0.0586636868818894,0.0362141525338805,-0.93879640754789,-0.70416410004111,-0.343307148835551,0.129313660133616,0.387574469697001,-0.0319069206560089,-0.576143702689684,-0.480210532948139,-0.249176406400142,0.00987525951544152,0.0937449130839846,-0.150573902120072,-0.319202346083379,0.37676862093765,-0.0551196427761585,-0.0339830041236868,-0.253949461926306,-0.0960324295849566,0.372604738071912,-0.164602931858266,0.199304990598947,0.737987579379585,0.671389153926628,0.654417200299354,0.71269529962828,0.355587222505894,-0.179100694650658,-0.142690328104624,-0.240362804016951,-0.710845969215435,-0.377820411218331,-0.0302406192513025,-0.144078392496785,-0.0825299637847617,-0.0145363517436943,0.703691670177717,0.291333017036905,-0.588088987666105,-0.0504155280277787,0.0531865305214736,0.146898415555179,-0.550844900525162,-0.620823319260921,-0.176157413526371,-0.428701904388037,-0.599841748809169,0.152934490926382,-0.880260205977687,-0.362314866582788,-0.353826548243325,0.161803810603301,-0.449791816727838,0.421839001650784,0.441361770890775,0.0428574547214967,-0.301924026347905,-0.486747997242582,-0.610841922222195,-0.710629005547952,-0.330122742616329,0.311444709917754,0.0239838905363962,-0.319989895652717,-0.086759002071985,0.868389266279738,0.8618634506096,0.228443184865102,0.255005714264861,0.422295850596264,-0.341903211067184,0.0918623894537445,-0.373730716409467,-0.252686095266866,0.21936819713297,0.943592457361332,0.860845435999197,-0.0863566704674783,0.071265432813444,-0.443746356582252,0.234023595512045,0.120217481857313,-0.189664230724678,-0.234708654982826,0.42326701021033,0.365144291956684,0.230457129436724,0.950532622168793,0.0311014612035413,0.126822484161668,-0.2515998518853,-0.0459356884647591,-0.181692258895993,-0.0892454288113593,0.317102278664285,-0.355292102794062,-0.618848988498107,0.228816098890119,-0.672758727678695,-0.370327893969755,0.0380879022981561,-0.20727404209091,0.304392086579499,0.355402678859311,-0.218896337256486,-0.236513020503807,-0.937354925111872,-0.616747915251479,-0.5289637646675,0.297126509091642,0.00641042356172558,-0.146596606330565,-0.389853193946792,-0.471389496456445,-0.0372941733065364,-0.06443493899274,0.170142320387524,-0.283467629684974,-0.169343383411631,-0.416869800651978,-0.213894489524552,0.304419476173207,-0.0216040986068927,-0.380783498765643,-0.0751880416326465,0.564946752035657,0.57915789558604,0.368921894614411,-0.145709985113211,-0.269493221866505,0.163461758384507,0.0882979910131805,-0.430477816862593,-0.331105244489413,0.28092564587601,0.852387114918191,1.05501004609099,0.664137552594031,-0.316551385419931,-0.239766485595972,-0.0703557168584768,0.00398680494635989,-0.149338250628872,-0.135117904269596,-0.3545199739556,0.0161141566017107,0.770236447333066,0.372136432965556,0.43373382633777,0.0344879901632909,-0.620125504334375,-0.185310769535402,-0.142469622094405,-0.201391136280477,0.44243476612513,-0.177144047345929,0.309222482344011,0.500268626847511,0.41014357754451,-0.642797530523901,-0.194958531756041,0.108945116256991,-0.320703387849595,-0.240017496608782,0.107950071651748,0.0284191255233556,0.204722415369543,-0.180585489930128,-0.662441409003569,-0.585353212008273,-0.286587135469425,-0.94611613761044,0.0436201349665437,0.55826967738092,0.367617573765724,0.340961997068678,-0.0392762634045795,-0.375005026909587,-0.815951315820537,-0.811926055825568,-0.835740360383791,0.193895635918054,-0.703355313057461,-1.11680309509063,-0.577699933545311,-0.780723005119326,0.208007035581448,0.56949242959811,0.253040498368894,0.018657705807965,-0.1566538602998,-0.450026545324738,-0.214525735739724,-0.0285996769535712
0.605285919452121,0.319868449701999,0.150732078643476,-0.0563528929441267,0.150112706385259,0.0481290821770957,0.341442006356019,0.145014429328006,-0.472577992463599,0.157166915105751,0.175094523416854,0.145829844769228,-0.0649558523418587,-0.0906815940716976,-0.520067570879624,-0.285359859536112,0.282952848548975,0.136161293283547,-0.530126493056373,0.212013968793353,0.44533124904758,0.186224812681726,-0.0462489616708398,-0.102634918022038,-0.19820964939859,-0.553318910742148,-0.38915237311839,-0.257140172763994,-1.14555727531375,-0.270235927032603,-0.468156291833674,0.5585410552017,0.448500803403121,-0.103928607295341,0.0691963273733807,-0.25763241503505,-0.838686357360552,-0.376892414196028,-0.40899838127363,-0.552767705179521,-0.333932180760591,-0.347948939693651,0.319561394869421,-0.0396250852172597,-0.357339687441341,-0.230968579750151,-0.785350896262548,-0.320082805880756,0.140145683472269,0.199199015742277,-0.242602632134025,0.0620719608512123,-0.141390846158467,0.183997358702889,-0.278116788181299,-0.382642207436243,-0.292977582741512,-0.598498359130498,-0.396643480244896,-0.408078740553607,-0.666599088218877,-0.303740455375836,-0.203145671284025,-0.00755520719138328,-0.210994744411309,-0.516211144580885,0.146566383925639,0.0293781339249819,0.0883372296472733,0.0591030833847507,-0.0872394648931242,0.329609161339092,-0.356578648263764,-0.162984922394202,0.355285549076441,-0.0523421267950685,0.0636496274814941,0.242753747171364,-0.0856160795233057,-0.170233727061761,0.183095092535895,-0.400777566167534,-0.186667832674396,-0.0331637010989097,0.067283851058634,0.261277987939623,0.311425465782901,0.211991256349407,-0.024715277628903,0.123870528545084,-0.837713751446754,-0.224386104615366,0.161354180698894,0.654917398777612,0.0993615030475248,0.185427739526812,0.158257620288377,0.634768461541758,0.296933857669802,-0.162142302359235,-0.174975623771936,0.11234705932736,0.142532196530996,0.109925237608176,-0.225219145675461,-0.64787806217828,-0.386529141982493,-0.808551423472327,-0.292293890531059,-0.129967932407328,0.422287246279938,0.506020483541031,-0.0672051656044349,-0.12485447949455,0.0355439274201217,0.78931927980353,0.533435341032422,0.233179936700561,0.228342873061703,0.466856511395464,0.733372910795714,0.0480808393621535,-0.306464485856001,-0.298141535523972,-0.118585051206475,0.268332588831588,0.165230331744344,0.325823505082842,0.096311691992237,0.241449358289887,-0.76357026040843,-0.00329577557181773,-0.380336011121703,0.0754468630344464,0.148886910882217,0.0730420926390844,0.40277106361645,0.22291097349591,-0.1294737997554,-0.433524819653199,-0.425440451363812,-0.784292934458993,-0.725975769555516,-0.111138522647558,0.252724474975706,-0.0314945114016589,-0.310973416367275,-0.246240603869093,-0.162709159575381,-0.517653175446666,-0.164904612741723,-0.120014800803848,-0.165360910240159,0.204913901806429,0.0502969104457402,0.310856320822747,-0.0657201216745203,-0.0827431994787899,0.0860348838380126,-0.264170384823202,-0.0588826757301814,-0.357085277768794,-0.561087069520339,-0.144357048723076,-0.106076593697819,0.0319148840983643,0.114859881470108,-0.392868289067435,-0.168649523965418,0.412609039588301,0.0896649216311213,0.521749569159952,0.454653721012952,0.366974493255121,0.526061695456399,-0.042378940045618,0.237164006907896,-0.0159989252581677,0.0278919353062146,-0.129321796019471,0.138704004669983,0.295853992785399,-0.0910789339172941,-0.200089938424907,-0.0940151237076616,0.0136873070461596,0.0961216717441357,-0.0787110095699957,0.697809134416622,0.498570850254764,0.428112188179547,0.0641954313535561,0.0469665696362525,0.509159865692328,0.510352667388827,-0.287600379627874,-0.0927496078522534,-0.108010137085754,0.199788940505214,-0.176336132611408,-0.0809035284180546,0.074282375862554,-0.45028721590205,-0.00744525537089437,0.800054330083218,0.28461726806493,0.532248626961339,0.435948662663139,0.0589070693217318,-0.111017481179264,0.141498870415824,-0.481128456808899,-0.715464676115097,-0.497670300017102,-0.502460974791959,-0.0815549569505512,-0.194687403397032,-0.18698482049485,0.0360404720301908,-0.111315457241492,-0.471914800769273,-0.260999758102562,0.131521179272534,-0.773804000558837,-0.669961696802136,-0.0679478268362795,-0.361458552766581,0.339810660954324,-0.420587945948602,-0.173169867186668,0.0441738687598353,0.0553704911154872,0.020659973199552,0.971500505908025,0.34141406065468,-0.12334673989666,-0.166728527070797,-0.465665443215104,-0.676119260169534,-0.59309918673118,-0.383287411326739,-0.295130487927643,-0.138550629570698,0.307856040137602,0.468728120750872,0.0819634748192612,0.751424877185638,-0.0648346527099156,-0.0929028834407833,-0.211179684210312,-0.204825920393415,0.486057280671484,0.345635203596602,-0.0791113094621468,0.123210748823721,-0.201119366515104,-0.381502651389156,-0.586821378487223,-0.437380231573244,-0.329279159763703,0.17673457944046,0.161818744550607,0.71257580816585,0.197002650536983,-0.0606581511843757,0.0924909601813264,-0.0195348515710077,0.216552540006678,-0.203568950204417,0.0549653658770663,-0.935000126273166,-0.735305390864593,-0.33373997767142,-0.49584524041039,0.0526413140901866,0.138658801250112,0.201842364120661,0.286535339258807,0.155420572072184,0.6436551691647,0.368225934827084,0.129853250658778,-0.0324457850685095,-0.244671750711617,-0.295523229665122,-0.110385777517171,0.319104665062688,-0.00447039638841785,-0.37719904237709,-0.360318573119472,-0.509247122469654,0.374852290988333,0.394442215362866,0.731673881477057,0.232795715273119,0.0332698893086683,-0.470745138072197,-0.115707673614203,-0.176442128199764,0.0858240240013564,-0.428000439401625,0.127273894318224,-0.288548201374947,-0.526132911586872,-0.131261092854476,-0.815808013083628,-0.579329150260485,-0.528288442788143,0.00831264257793996,-0.31272283468044,-0.222825644827324,-0.121638856417402,-0.0243283209317093,0.11534583867309,-0.342970470526812,-0.0638622366705182,-0.32182412555564,0.0373267898939037,-0.191719404353163,0.0361598883226745,-0.132788893684797,0.186100468266052,0.224500011111624,0.776490713644634,0.538121601688158,0.212650592068371,0.195120677847106,0.0588146803591971,-0.0804279479859192,0.130214906678934,0.279468696423297,-0.13624066799009,0.204951026935062,0.017700495139382,-0.328715096211899,-0.0386873834568639,-0.439557064110849,-0.355174900985462,-0.0527869928044581,0.387340439664024,0.311567449361181,-0.00153138350896929,-0.217587440328771,-0.271855463376359,-0.0973317657507007,0.0701487889343027,0.340912853765271,-0.272972693349053,-0.457676380603726,0.358843377365547,-0.0309718697355855,-0.352967981754179,-0.116750434740001,0.218508427467615,0.57433125635619,0.633279878429909,0.593113544941586,-0.112264650352616,0.0543211511228526,0.1297722574697,0.328987906261526,0.212703251633091,-0.590309750460308,-0.207938841381232,0.172850172551331,-0.634527824705611,-0.327817225150798,-0.544421334874152,-0.226637469094919,0.134032263631544,-0.181016472033858,-0.660206877283804,0.00282193958400581,0.444307850608611,0.333055415458284,-0.0178864352378328,-0.174812160771312,0.431693854023535,0.366598131323449,-0.245046171845145,-0.303856986154748,-0.303497706686787,-0.411151772449633,-0.728881416844104,-0.669207344139053,0.172764404191274,-0.0390455152246493,-0.349994067118706,0.0603569461051769,-0.114620850686438,-0.0642033717117035,-0.476559572008584,-0.27640716826812,-0.504391595958285,-0.278963524058198,-0.865226001604839,-0.507315502756259,-0.044136002973449,0.284761076381969,-0.103850894555753,-0.265366981551014,-0.327166777844371,0.136221489313436,-0.225139129782925,-0.232653213578404,0.0628072581031874,0.263550661810202,0.237117285958421,0.119071995071174,-0.459687482701152,-1.07523381524539,-0.486383122832537,-0.229524272653292,0.203459306561954,-0.161380033246394,-0.181458381844159,0.175913540868752,-0.268797113209868,-0.055904493469235,0.129823778228064,0.162142116298079,0.0328717920464268,0.397274988854732,-0.303851649492107,0.152481087923398,0.313568867745589,0.0906418559938691,0.163893351712795,0.427185635357412,-0.123342869652223,0.178537178088731,0.0731573372111656,-0.319112865330398,-0.235909660700824,-0.0282025031187229,-0.0497202318589326,-0.0591940625772611,0.239388350368784,-0.0965891943113558,-0.636256790523839,-0.23557587855228,-0.563665200199801,-0.427528465476984,0.0518773094288315,-0.101104992513269,0.333666921185248,0.236491676580708,0.163924691113881,0.193512593355969,0.0052502652648235,-0.546271493898043,-0.290962363338202,-0.52828751491975,-0.0752165044257831,0.243607327762608,0.406014096444331,0.485533902341562,0.18286344276278,0.105121815452509,-0.522583138238529,-0.297395689396559,0.0914013823317472,-0.0243512350536179,0.3233797744073,0.477511866831398,0.525081218359185,0.119413695810583,0.0522586318094528,-0.414495576246748,-0.237827989368419,-0.268557831354827,-0.00842998565340911,0.0198154900268891,0.0189858529687102,0.166092581869108,-0.00904535395544011,0.344500255368709,0.178538230033876,0.209468232885835,0.320181174327302,-0.528671628021109,0.222307132038228,-0.322748782278352,-0.091500448125334,-0.173475110334294,-0.999278616326352,0.602788198992105,0.316467674914185,0.259718181041605,0.0155824924524478,0.537739086816078,0.586656964911959,0.2762013716294,0.282086072047701,0.259966305799816,0.20754657849257,0.24660158071358,0.185808897464677,0.021355710469492,0.127675781950541,0.205212305604974,0.635503612033501,-0.109585844407925,-0.0655170075124566,0.432766043843537,0.302862277254691,-0.185699952067587,0.244313583058977,-0.107445954444608,-0.422781945297548,-0.400148580623245,0.0386512063843161,-0.441919878591866,0.114057875468677,-0.272676781269947,0.00570964374547521,0.0981290814771805,-0.189681928698321,0.196427560431636,-0.0631492636332635,0.107251395881294,-0.165890608884341,-0.360267532967719,-0.374585132766468,-0.0650281120798695,0.0776212276961354,0.558400915363362,-0.128059312527072,0.265020012374103,-0.105766883699029,-0.171110714025969,0.998379402888219,0.200673334050001,-0.283596168154958,-0.104564493944045,0.0791980914641806,-0.118508851331409,0.104655013451552,-0.42553109556976,-0.590560053999481,-0.545926684559055,-0.118406014628683,0.298806844644554,-0.0702129599769424,-0.161419748324105,-0.364789528905187,-0.476292041002125,-0.487563814075837,0.263872412460249,-0.423616659842282,-0.0736114337611511,-0.666334530179555,-0.601299889168147,-0.29687351379727,-0.230234923191057,-0.22340713220964,0.00888140175760538,0.3765985487261,0.569661443074015,0.184164728667031,-0.135151006957668,0.0106523851166353,-0.11860833773089,-0.938301484782056,-0.719742309245761,-0.352598682824735,0.0223888587416223,-0.124537373451073,0.432166845878591,-0.285037389151444,0.311151478761766,-0.0924897399638231,0.223962851221222,-0.334402556835201,-0.037620991324353,0.613074372146644,0.555053653939416,0.343471755825679,0.106788158925888,-0.245688972108513,0.178124855811773,0.507567721075594,0.424468646527558,0.276646899086511,-0.0441876129687073,-0.11866147474403,0.174897669054201,0.111909404573314,-0.304982711149479,-0.133316847173779,-0.00470782194730681,0.0533824876662398,0.138504673483863,-0.262411431100545,0.308050514765125,-0.253836160436296,-0.6665240125167,-0.521551818818612,-0.475500259147089,-0.610010678844299,-0.220353289374921,0.255550451826511,0.0485763245852438,0.260901341545457,0.480638333929513,0.337095285891854,0.0656561461560566,0.00516704411042784,-0.158047683800528,-0.102067652788134,-0.560757028633099,-0.391768978500641,0.342777205934688,-0.0131835579436586,-0.316061546891262,-0.218407668167019,0.721223564905371,0.715175844840008,0.228259056474319,0.178278974615474,0.206432399226217,-0.188169758929424,0.65211256181688,0.332727572027715,0.354722713539103,-0.163741202396442,0.374671897021191,-0.362106177722023,-0.266122371700788,-0.0655418274200028,0.278709744528406,0.341974160029957,0.409426996771143,0.664075265299167,0.31676590573513,-0.420591938331759,-0.158626022484388,0.379872008921534,0.175078313608967,-0.773867454955409,-0.597790235385615,-0.146999034151958,-0.337314338112961,-0.347484381557652,0.4202176218365,-0.219694042869325,0.0675164125906143,0.197225797109515,-0.0468282652934113,-0.585058746727253,-0.547002026158205,0.0426521568153598,-0.0343551472631569,0.22112201717255,-0.357074779434084,-0.0968006808715843,0.165772370227166,0.173471579476163,-0.0943098445177947,-0.171387199821086,-0.259828188022911,-0.737956987047788,-0.0743902019663017,-0.0362459289702017,0.132102564467578,-0.0483223885864908,0.0866833384982697,-0.238449108644119,-0.369746162988524,0.356737818575183,0.500729320848781,-0.291409715220592,0.35122771379828,0.405376926994833,-0.132778229767155,-0.0777098034122638,-0.0650973882625548,-0.286199881327114,0.128662260399549,0.257687117657373,0.861402958379058,0.474499966692725,0.534077487755452,-0.0535802127655499,0.255440795345559,-0.0229963704004815,0.26825118847746,0.200910145677923,-0.0668832948150328,0.0911135684477517,-0.294728786122632,-0.0578325999907018,0.106928782665693,0.42050988070834,0.327038046964641,-0.180397146537322,-0.0410178449017327,0.360754203580431,0.116735210976134,-0.507013981885584,-0.291793546865331,-0.525780395523794,0.302921695162177,0.361224093469405,-0.260011839340971,0.132903549444907,0.38358379557132,0.380964613933664,-0.320474285026406,-0.792467565652603,-0.635808553905919,-0.250794896194177,0.0668148538817428,0.445254318176683,0.0237936556507665,-0.00864701902243728,0.276457033101556,0.0866059657309535,0.366908086122256,0.00662053836501378,-0.727845245647983,-0.235636377241087,-0.302489179575906,-0.308124094712514,0.461742750516538,0.0434969252317768,0.135552137903187,0.193643276188093,-0.403013155804316,0.0682109861918729,-0.207331117982551,-0.374097218734762,-0.190730406278305,0.389096301803476,0.185286674679739,-0.374432584811023,0.302261472595921,0.122744980686039,-0.090938557335418,0.00897593137932777,-0.141452117305896,0.0269946620495795,0.352197095818234,0.281794913932415,0.157723076207651,0.429592246640349,0.0414630843930852,-0.510574779393929,-0.408541266673202,-0.255603092864942,0.105204827413923,0.225708310038263,0.801631687557257,0.675040436386719,0.499102326262049,-0.022314356684041,0.56120221649167,0.928489069681451,0.452666052674035,0.648660883824154,-0.331415471398054,-0.371014649584048,-0.358028847091331,0.0973488520406725,0.128722345705993,0.370044071789239,0.0697267989085909,0.106947282095144
-0.609924796309438,-0.238238363576632,-0.483061863520143,0.286513928336953,-0.249752700761436,0.0069516144101848,-0.63973317620708,-0.271542329961199,0.29457576258592,-0.0905268263280272,-0.485332312931703,-0.214774132421914,0.487636587667914,0.319939867215921,0.699588313294733,0.521232932612379,-0.218401720320734,-0.121079658902808,0.970026208888434,-0.178957825445009,-0.203846954251075,-0.15937307504923,0.124683201703402,0.366114915002946,0.481582991278484,0.661304254757542,0.37538962342823,0.574894266894382,1.49907799169876,0.314562153128631,0.755734252665396,-1.03768915569657,-0.544164272049513,-0.0911192868651829,-0.25628472002176,0.423551249318816,1.18726132495862,0.492947160543615,0.726397528777274,0.710950990928773,0.163930384467935,0.538794472610522,-0.273411923928814,0.0649135778924975,0.49098709960963,0.529663456710468,1.16131685539637,0.630869321814537,-0.0542343868287941,-0.246544597031126,0.650631022724446,-0.3366899701279,0.0695296687170839,-0.318684445141551,0.393214298369643,0.777249829409925,0.525427432472694,0.985870777867299,0.439779669535544,0.286436047836053,0.958426292589867,0.413060503140021,0.39901700636357,-0.0116931359810183,0.147871694943149,0.853782750929921,-0.290214103438991,0.0508849043676099,0.0773898420824828,-0.0733759270211438,0.0194732243600465,-0.239700239294558,0.566615658177068,0.261909190665345,-0.228957253401347,0.231524915455154,-0.369856273633357,-0.511174483667478,-0.0135292254082446,0.185597271052568,0.148794723335944,0.654093240509032,-0.00612527731445803,-0.0835208905694244,-0.32803947875206,-0.241439612427993,-0.77307739396598,-0.175513909046998,0.222193414351368,0.107107659411447,1.03834537314037,0.293084372236642,-0.502957083326044,-0.807623133553512,-0.123878525058045,-0.281015335183234,-0.0319831367354653,-0.884981882443981,-0.687047078882469,0.264003957684323,0.38829524306813,0.0441168842473101,-0.435077918310725,-0.127997455321465,0.246658292729101,0.808458876286082,0.589346136373712,0.721203126078092,0.279959040628031,0.216084500363223,-0.427233909504961,-0.734888847567,-0.0907289863858078,0.171209067943524,0.0757954266826184,-0.672834809220067,-0.560115957379943,-0.19211670925798,-0.282504709242174,-0.853781464359477,-0.945079482557286,-0.367546785637229,0.553797317332303,0.494650294243635,0.145467781364511,-0.364026239819632,0.00437430807612412,-0.507721806522083,-0.234748247794488,0.0434971169870385,1.08674657308799,-0.0847612200875743,0.232333320891661,-0.318234170320747,-0.0530957856434865,-0.437522583007657,-0.405956281000191,-0.0944114122535152,0.275579656931927,0.545707009527382,0.553138532584668,1.02095979748693,0.912543858822851,0.0502331042071493,-0.499876917298115,0.22186978816495,0.404857092048005,0.270767420947844,0.415538789662182,0.56691822304528,0.385631031634532,0.252922343305963,0.325301600922177,-0.157503725827377,-0.172468005857606,-0.425369867341851,-0.148966333903828,0.171078276096604,-0.167122035753303,0.370957800797889,0.0616721814813497,0.331176559256976,0.578511028523168,0.0787081498514385,0.0816895821638062,0.354576955749176,-0.187077268923947,0.783185488912178,-0.0420392216835175,-0.806552048424374,-0.29975752029034,-0.913267271990165,-0.616903061854543,-0.666158271309523,-0.697520442776014,0.169290021312502,-0.27989517202911,0.0460607455585666,0.191393820165287,0.124508708541951,-0.29232955509718,-0.252292855576884,-0.306984365833447,0.217142016029869,0.34768039023869,-0.161641386801107,-0.167070919168038,0.168413719768107,-0.922300317707767,-0.508799740920091,-0.621947870365641,-0.130251950821416,0.0550476811212649,-0.742205498754219,-0.782220824523882,0.470287894312202,0.250451986393243,0.0162348892646223,-0.412590814316861,0.168145310992895,0.171908356312297,-0.223732041808149,0.473696684008003,0.171625972601206,-0.878013781278338,-0.412463206988428,-0.710090415159965,-0.813106017677946,-0.0969657027225134,0.115197252385111,-0.0936959933807488,0.612699281053289,1.29767586697584,0.829881043379804,0.716501482871129,0.0734197533229418,-0.00613892980950755,0.397362161523894,-0.206271782451299,-0.0408880391148932,0.593990980475062,0.160959195447393,-0.0560251995604747,0.744143603103609,1.07116100214574,-0.0302316158413856,0.209281865876752,-0.366877388411292,0.237199363128017,0.303312603328837,-0.305988932126778,-0.0862733744657551,0.0435655816381688,-1.13260719458366,-0.266903661834546,0.196822387251018,0.47477114434977,0.673958436398727,1.03926894623391,0.78224825758081,0.314579691186638,0.241738951842674,-0.0208073050514257,-0.432324167122001,-0.461424252523238,-0.265781173864134,-1.01914547920405,0.221491861519055,0.0823232710251474,0.290807040659651,0.254717372708178,-0.530486322127485,-0.568530800023005,0.0730895087641217,-0.162399621082982,0.411317048152804,0.552660260011893,0.783819107501864,0.826729569297858,0.414106126778578,-0.296286574629275,-0.1629053708239,-1.00977572565804,-0.405454885922361,0.260173557999275,-0.014326479857425,-0.0278990678596138,-0.250818394872865,0.464807782504139,-0.0198731242359261,1.36673459380179,1.15604783647599,0.385425541703973,0.863203467968308,0.114354075388717,0.0238844162227821,-0.141571107956503,-0.802621172509848,-0.30776516649364,-0.890515146457648,-0.724703026513234,-0.279651839212772,0.077108141048626,0.262980251932434,0.421326238438171,-0.0572140240134953,-0.360393703994294,0.0451742466777318,0.342914637837305,0.576516987823708,0.710122999333253,-0.736087820824515,-0.753180608573913,-0.825191855573277,-0.476705459566804,-0.0303726411980385,0.489690593490189,0.375657510138301,0.251083375316263,-0.254830450917948,0.417484387581182,0.181120949946328,0.398832431507883,0.929753196425406,0.211807082629296,1.25775600770857,0.743850502432223,0.771507629681983,-0.113403209909108,0.374312784891513,0.414652189170856,-0.0634035749680324,-0.105490877457374,-0.280542279691457,0.552928600273127,0.305913299147945,0.594652604995645,0.0704238098373586,0.088408399306952,0.268927597316339,0.15333236781274,-0.210383858700363,-0.354366677629036,-0.949949565205672,-0.851291951866896,-0.17880398956938,-0.182078563549563,-0.260481858116713,-0.0538866294626243,-0.223575360838367,-0.371897973472024,0.0779564659590756,-0.543075430028574,0.150484368263592,0.446235716848158,-0.0201161799121516,0.468143822125077,0.501290203675788,0.408975202657029,-0.288284746606695,-0.432120493460333,-0.010702361162281,0.347416011371986,0.46885775050506,-0.312871154777986,-0.393007263895555,-0.198366691491767,0.482035412360117,0.644977699592943,-0.236835892067385,-0.0664018278350029,0.395150407674545,-0.209431658904092,-0.446407985225676,-1.04265963510378,-0.908567664288893,-0.970158496228096,0.185115414539321,-0.236267699119052,0.0693774792307211,-0.640136921592831,-0.223007869770909,0.501291845048954,0.474414438484799,-0.204256552138131,0.96128889111454,0.505131749465245,0.658438165346477,0.699659028137737,-0.357603204021571,0.169039209529014,0.827897516205432,0.0411754608749057,-0.663469557963718,-0.470157530341308,-0.0282988063304067,0.263939149269077,-0.550031731255565,-0.248285417367471,0.426950898186313,0.423824537558627,0.595469376415605,0.620165065393155,1.28744731442134,0.967283883262887,0.106893523376045,-0.147335491359576,0.519615546793541,0.195040226322334,0.0741082909367193,0.0275338410798904,0.589578029021933,0.405415969731321,0.357586431937356,0.15118745460149,1.29337079011034,0.926271773246416,0.24682209649676,-0.0937376275515387,0.146628171523652,0.459031757483242,0.632371183219892,-0.0604703277970905,0.639074674010163,0.334757234968176,0.104844038246499,-0.622932592473231,-0.0310596030807432,-0.072668042892744,0.678457226698308,1.09285179061217,0.776843324259755,0.0715720735796208,-0.142560462209344,0.427774838718158,0.3349503994538,0.219187958545169,0.554611674134572,0.11023382861511,-0.0772633144007399,-0.324481936322242,-0.210380203711732,-0.84033993827511,0.266718060433875,-0.209061350648509,-0.492197274743376,-0.149225677427515,-0.179598076777273,-0.755119742373242,0.00387913769760631,-0.648495477805536,-0.0214886623392261,0.228565352849544,0.170277857368352,0.275915631426646,-0.00243764259057772,0.28963514646133,-0.129727318595773,0.108720212263558,0.901561372713276,0.202737728691947,0.660772146576703,0.611551397981633,0.165701761138584,-0.0733641136946854,-0.464254055373345,-0.21610833431531,0.0887574900631555,-0.039377898993441,-0.349334444809037,0.808343550750516,0.340458426293032,0.483834312390699,0.0804802580563304,-0.112328354201094,-0.478153579785256,-0.728020070938769,-0.28637613650225,-0.0142164073894462,0.837622678508352,0.352761327375849,-0.242969018436671,0.145734518765622,-0.0522843987179176,-0.673969496429264,-0.971953117009931,-0.154892994001874,0.126564272117652,0.252566590896319,0.493587742419658,0.442020828221653,0.0471085219153118,0.312859615465537,-0.118904039422829,-0.543577122541316,0.0805028861983802,-0.562938274599241,-0.267450515399139,-0.502005164978095,-0.503400813947297,0.80269971140064,-0.216148036193362,0.0875080734716429,0.424912551033539,0.512820022445244,1.12809374305274,-0.974476002758386,-0.4772857363822,-0.52656361027045,-0.0324806781968396,-0.580158210986421,-0.605256322214564,-0.404679454675747,-0.633635520769126,-0.482433274737727,-0.341325004851164,-0.424300285853039,-0.538000024058973,0.200806900968136,-0.0676408142184038,-0.325812607961736,-1.21030337488859,0.704635023609286,-0.210334283971182,-0.516307843335378,-0.232753128767673,0.642999621130862,-0.329683421677695,-0.0392897711653841,0.901244283096695,0.826265731185337,-0.242427751735606,0.576039195003993,-0.301360098475525,0.429031146376435,-0.122820464982243,-0.145445053311132,0.261131933636181,-0.208708861486109,0.123033011456647,-0.321446026415346,0.106667036436831,0.607992171962275,0.529802827853116,0.246661388472365,-0.135253912227019,-0.753837373411469,-0.0315631492111974,-0.0989870296080622,0.16966409370422,0.144845538981455,-1.43245554895265,-0.477267759499704,0.583665960243375,0.484017831224477,-0.451730758947474,-0.00476843827627933,-0.424357832115451,0.726263695534385,0.727637743722631,0.714393015148231,0.195237654443461,-0.583652760020207,-0.0799741743531583,0.22425424788912,0.58611141369139,0.875113899048298,0.858455399729648,-0.397304269406853,0.455480481042495,0.168783212780895,0.720314484038483,0.804313190024751,0.553772954344957,0.268149000339375,0.279233191833112,-0.221958101409108,-0.418595326052102,-0.648228716860481,-0.125693018480841,0.159566050738819,0.0964792721338101,-0.0596182872103318,1.60600906398086,0.874985232931721,0.507453705453451,-0.059929900965048,0.23569896754759,-0.354917988379487,0.270332264888643,-0.24250383583403,0.351396498674126,-0.368091817200574,0.152608819664553,0.179488278030302,-1.07776144763793,-0.893948859429651,-0.495779629140195,-0.0215229854273451,0.69774621687842,-0.0748527903133604,-0.493318293220342,-0.558682089466923,0.093503040654401,-0.187962163924636,0.172920096925769,-0.328593737700146,-0.410033935983791,0.386234030396727,0.0917329543790555,-0.0476442191883452,-0.225478944199361,-0.134173322380502,0.319571495425712,-0.0344961922120481,0.426862599431795,0.80550171924382,0.536400792875656,0.557971261483033,0.829444973555915,0.36146056641689,-0.525175249844276,-0.320061476258114,-0.32859375883664,-0.602635470309601,-0.701454152319635,-0.318632877246897,-0.263204778758091,-0.160099968057686,0.0162330082306684,0.657933977272993,0.384326606763379,-0.553866121423646,0.169532594265066,0.139001319960111,0.116630502794141,-0.807023601693749,-0.543767062607092,-0.472037907427243,-0.224140423867707,-0.411886783946159,0.0904240186872636,-0.991837507770264,-0.431352242562159,-0.633092021605573,0.173837833312701,-0.545510386980059,0.472097517654479,0.543878580730283,-0.0622764984271616,-0.308121769096926,-0.456018590131862,-0.868531924907799,-0.904393645168936,-0.54604673204358,0.570090297536039,0.0043009376788033,-0.528734188675006,0.000533319997469459,0.985025093648412,0.977374039029598,0.0224810347360564,0.31866924249891,0.68448017528611,-0.381640926055706,0.290633942063134,-0.230705710628459,-0.345349053917306,-0.0108811738834324,0.840932436715915,0.867526128804957,-0.125363276536024,0.022681392319103,-0.700028651588334,0.426520636681651,0.242697625604151,-0.370191650020058,-0.238244854520792,0.546092063747233,0.439367713187846,0.467888994507212,1.12603913502984,-0.0562091664478722,0.175325902897485,-0.233425494378775,0.2629893649459,-0.0288831145694967,0.14827084863098,0.307109965984248,-0.516608165501494,-0.693451554250965,0.341479994863419,-0.606216365673623,-0.543354453916641,0.051960387409276,-0.252334592058532,0.247067497700372,0.0867732214522914,-0.232055150818782,-0.320629765298319,-0.755599657060921,-0.788645199569794,-0.771025109846629,0.219318435529105,-0.0877381372099538,-0.0646144576702855,-0.35872009610122,-0.598866298188457,-0.0347209743919932,-0.149575129129488,0.3378997248146,-0.184617080394327,-0.240901014375469,-0.600573580511782,-0.417538056402426,0.309098082770825,-0.177044476887354,-0.366364087642711,-0.445330694314699,0.642278790243268,0.46636139335284,0.61156002230744,-0.173144508900562,-0.368052324951861,0.224562000586995,-0.110404885640874,-0.418216708124573,-0.485709922818957,0.531287547937503,1.22580598245831,1.09065402460597,0.604259173587444,-0.285457003474636,-0.501291009820699,0.0223001845310086,0.239871634098876,-0.110328852991704,-0.236537921450395,-0.547244193791979,-0.121596620495951,1.04902158275924,0.452273870923382,0.445543511824519,0.0975224331408854,-0.921731583390089,-0.120480537279101,-0.0781894077340337,-0.136600406038439,0.598053054452357,0.165053753771577,0.488851190321703,0.68404512845435,0.433878088733089,-0.802653741210192,-0.19803563193714,0.250297595498736,-0.122666822155947,-0.353770269739265,-0.101103281104806,0.121387594842135,0.0709904392936815,-0.194224381485389,-0.588585291375897,-0.463723149678088,-0.195119420603835,-0.905005756415244,-0.378937890263463,0.846224317337966,0.330425088849958,0.225353000875695,-0.116148101288749,-0.331112368839591,-0.95092324361949,-0.727700869536005,-0.978614011699222,0.21146519456832,-1.25065434551239,-1.31515528595477,-0.505237449586558,-0.90270595945143,0.139990969663083,0.653009887168833,0.479963402199494,-0.110802693386977,-0.178132618179186,-0.322069717521058,-0.121681404055125,-0.0250160334502614
-0.462649655699299,-0.267659594384825,-0.323171160284456,0.141771729249337,-0.277056362488826,-0.0212424590333609,-0.312063946669522,-0.152382894415654,0.350518945046587,-0.323931505024589,-0.336738825594496,-0.0396964886775809,0.315197999282478,0.15299186177026,0.466959401673393,0.185307762290646,-0.0937602379296508,0.00269696270362622,0.64518637564476,-0.0623639138397038,-0.344298997406676,-0.199481760835598,0.0237346862365049,0.17940564422647,0.234978899348438,0.427405000867269,0.572701306611271,0.215211764064523,0.751192157213696,0.277008601193958,0.496494090916358,-0.532348180400359,-0.354107423307944,0.159159641291565,-0.139471571361491,0.299331538545873,0.735118092985126,0.588625979486287,0.542560242042235,0.600755333436353,0.161721057778942,0.306717511769029,-0.247895207653415,-0.0971539378698429,0.523511406121583,0.28628454000476,0.796716280381288,0.363471070391629,-0.308633720177209,-0.385051732574207,0.536777959294252,-0.0944435407735436,-0.0763094945860687,-0.196329371993186,0.494670466038287,0.513350268163388,0.413864382924351,0.648627211654247,0.27312164637378,0.324782352739638,0.673419338210341,0.280641647999543,0.0909045923237126,0.00307083660930569,0.286545722596169,0.629015410578857,0.00356768225021016,-0.0694494607323988,0.00105100390731048,-0.0437012269774432,0.00956402481081255,-0.328098662629703,0.337225554208376,0.101433708482629,-0.226331479551076,0.00755823356985233,-0.0514711206077515,-0.26515539326728,0.131990902302454,0.111743949213505,0.00178064100281532,0.315310479314698,0.0347692138836018,0.0378416865852871,-0.19163449795798,-0.126592100246166,-0.322064131745839,-0.303219834259,0.033558296308579,-0.218613625080752,0.814308490460318,0.283120433972762,-0.0730454045193362,-0.396743831113078,-0.143966636629971,-0.452016147601625,-0.154900665001697,-0.706725324447319,-0.315427195903761,0.161730864085288,0.22308159085772,-0.00782922358066677,-0.250692621142473,-0.293609249604465,-0.0881854293119015,0.440985985143064,0.46351568159705,0.700450316732968,0.327573196720562,0.338142570887356,-0.345556228585048,-0.555167442406695,0.221792327110489,0.15986038710564,0.0968437933883311,-0.415718237844314,-0.475355582049592,-0.175505234135423,-0.155067395770568,-0.504951716116133,-0.738735910044832,-0.0979920343844135,0.231556529419663,0.288577281471571,-0.0964716130751707,-0.276789222778346,-0.00596157381015562,-0.206439213402039,-0.263624228549978,0.139473608317482,0.771315717711019,-0.2285230361216,0.155488397611336,-0.227975943922358,-0.144554951031395,-0.209902877491481,-0.24867859333992,-0.298694768931171,0.1103182110852,0.325117378448648,0.453575980846884,0.597472795607095,0.575652161395205,0.0919194994568265,-0.436723751142031,0.188115314893568,0.324034591570835,0.225294205381912,0.376086691300552,0.529008722868884,0.418790041738355,0.112440840394574,0.128687003994387,-0.106764369265235,-0.133278860145699,-0.490263811778944,-0.0720589785501392,0.10561425993675,-0.172239312999478,0.43134138140882,0.0413981450016597,0.402173808277527,0.401719520525253,0.0959105183911359,0.0192738332068904,0.175768200732486,0.0137959336990962,0.663132742915932,0.136811995863116,-0.298297003333058,-0.123590398102329,-0.615077500790276,-0.344715177513825,-0.468017765652063,-0.546133967232195,0.0501038110799003,-0.183778587518909,0.115504764319724,0.203731068590362,0.242918136991171,0.00175780780745025,-0.115215812053326,-0.109027146765329,0.257227301439243,0.0144643230369315,0.0735611712125363,-0.201590802449436,0.0956317377465301,-0.619996048248627,-0.211302378811,-0.309893489876933,-0.105953718730662,0.0764766626783274,-0.724517142343444,-0.418446759251726,0.372520817496437,2.77328734013954e-05,0.0636994939685336,-0.24801875731658,0.0624931808324811,0.186224398748922,-0.221332515923212,0.455148901252871,0.0263815868861902,-0.549755288606643,-0.115328682284229,-0.244976513469299,-0.547913378292051,-0.0982933702052926,0.0289280711483598,-0.432356726646645,0.488138947794272,0.884041550367503,0.482146791770631,0.428254700898444,0.121565350964822,-0.0401659177439679,0.231114201504398,-0.0679169032190348,0.00956031130211453,0.392410044463605,0.366792356419677,0.0550341863044652,0.58859730050763,0.747580098474749,0.136316659882149,0.220058985476116,-0.193421798863729,0.105150062320818,0.259363397409948,0.0191013516802942,-0.128733981581465,0.00728345344654929,-0.75593436631329,-0.370640661827272,0.108191453213545,0.245632356433088,0.471151077190143,0.8581599176254,0.677941363975856,0.353394334870244,0.0878092041769268,-0.0136844866698629,-0.258220649126872,-0.469830331727331,-0.173574740564603,-0.616386601998535,0.158387616142822,0.0989667844627611,0.225814955766839,-0.0397656451116415,-0.448668894153619,-0.376458324675666,0.0937415009989,-0.00405511544107909,0.51116076000677,0.282212974704971,0.398804320966378,0.539912430247951,0.3625769705691,-0.343010499127947,-0.0237992905997117,-0.610506166041442,-0.530127596787111,0.0539013434447002,0.0761622460338784,-0.0810345521136386,-0.315158189032775,0.546119947218363,0.110221728900087,0.897785623587892,0.859821505169416,0.414182606103042,0.578609530177407,-0.151600397913721,-0.0661495306748829,0.0418356827883954,-0.486359980252691,-0.148394891980151,-0.596761392439176,-0.485967451334165,-0.233538252638485,0.0400272369173831,0.0856981437546486,0.142605723019579,0.145797851381902,-0.422124789707787,0.120509291609138,0.346994332158665,0.541030324680491,0.425407381574762,-0.206286751337713,-0.357448069426331,-0.447745728750506,-0.328185551351206,0.0149666994909327,0.395421161547162,0.215598871906505,0.24949164976226,-0.247116986831178,0.167794918260677,-0.0817090688613225,0.258536277381803,0.579076333059002,0.0251426744349003,0.922821918282125,0.609819358521787,0.575632587634497,-0.0829124087731333,0.0948192672812673,0.314812500650209,-0.0488829618878461,-0.130880313435707,-0.195145720290712,0.353373991173028,0.465671789315323,0.307952193589855,0.066995144855837,0.196353858025625,0.250106551443355,0.160952833659768,-0.260286760319629,-0.290187066937919,-0.548466773215546,-0.78813557243029,-0.177067187766127,-0.237452503595325,-0.131899681698221,0.0449625660149201,-0.29753977879382,0.00212874226596638,0.0691571783000833,-0.340407459572198,0.00997794959922727,0.20465537827772,0.088807542695766,0.277686649077952,0.298629043395824,0.368537129065589,-0.358971541101426,-0.353644778518069,-0.0539352346371075,0.231054973840902,0.443125250572061,-0.070492369582528,-0.246568190716881,-0.195869909718104,0.538797720586553,0.367917326349796,-0.12785133535468,-0.0925563142386189,0.164955911353701,-0.250565897634344,-0.259697469212386,-0.510285237952831,-0.467482540132686,-0.565608983561457,0.287961335192879,-0.213602799226327,0.194563836615641,-0.434216542750099,-0.0581902252213088,0.548069060158371,0.53886013480032,0.00373648132395182,0.758899737722871,0.45060741690548,0.493610442258954,0.322885479317552,-0.202092793969365,0.17273533304841,0.494720847716624,0.196026050806085,-0.442410106241138,0.0359103332033287,0.153926741290458,0.255766667319186,-0.406192987056257,-0.385882770319018,0.34778219642084,0.308281933837106,0.310793680332347,0.472394237594949,1.00988979112665,0.609028582810242,0.0813418035031399,0.149955998911204,0.321102654867682,0.162845902147974,-0.109577873206382,0.000157673318111368,0.330785286547879,0.235598712285451,0.511361931344138,0.140093754569417,0.732204887320588,0.661596371832966,0.156174801813351,0.0678524566353498,0.0323080026841371,0.443730644843252,0.126472133530269,-0.0437469019010154,0.373836754844694,0.305270110981475,-0.0665718993255373,-0.174448615698709,-0.358955281464466,-0.227176386492707,0.478837142808031,0.768021516668006,0.604275673117365,0.194314438540171,-0.0902471169143964,0.123905373615367,0.139525221027883,0.0679224752616074,0.353548323316802,0.0442147516907427,-0.183284124928551,-0.155561893399581,-0.133960206244204,-0.479594678324262,0.0621416759032643,-0.0565868104168968,-0.301935040226062,-0.128846259736048,-0.0501816218803865,-0.485603888896546,-0.0207776687938658,-0.381694691869618,-0.0903820377351479,0.284256459731,0.255884459124658,0.373949501041168,-0.0161331919159444,0.0516074118235885,-0.0362276943142015,0.288585573505023,0.584397653939023,0.0635688445411537,0.416644136090063,0.461016639584122,0.0282222384466206,-0.106357478729927,-0.589985304971245,-0.190374711344511,-0.14969332763351,0.115004553039471,-0.228033914800138,0.527258138915602,0.262859389004766,0.221664646376278,0.225055620530256,-0.0658144598066641,-0.340457977183709,-0.242082400763043,-0.361429038543484,0.116526566194604,0.362953087373063,0.234530881320524,-0.203204131823556,0.105868012536145,-0.00228560422291754,-0.159282682074473,-0.45818680861507,0.02463135384328,0.0583855546440615,0.370154875341478,0.342486317291765,0.493710985945784,0.0513197744313766,0.330853718153532,-0.0493984933284403,-0.160123786013068,0.144616924724522,-0.319959084409547,-0.209324153332966,-0.352479091959411,-0.266814662987841,0.626878293840595,-0.238844993057528,0.188022006611824,0.255041170631017,0.190482235045119,0.91739908782508,-0.819419251980009,-0.316407423017342,-0.197560619374314,0.0375543772381166,-0.566113240873155,-0.423188078055057,-0.0798848178776705,-0.551609994315315,-0.404804093459624,-0.224073519483136,-0.141014244058017,-0.418089552302524,0.114798314886004,-0.215390117328642,-0.440612855971695,-0.79736148875221,0.361921120010433,0.107319609824873,-0.29929949423725,-0.385212352002545,0.392650553510742,-0.248778124142344,0.294887493078558,0.571198779171637,0.57718856975514,0.0370953185329749,0.531306425664219,-0.291750360007965,0.162768694156547,0.0674852275219375,0.055405506812254,0.179676343630749,-0.16956554103171,0.101227553208802,-0.308530998789735,0.143355729992341,0.367457272498959,0.365458220935869,0.179248535654444,0.0504371011922713,-0.230343308729698,0.169037850000853,-0.0850676524863208,-0.243486446476084,-0.0405803694541803,-0.861016037312903,-0.460032392222178,0.274418056579972,0.190779546059822,-0.458711621927767,-0.138602566555343,-0.308152958333303,0.498699357397462,0.387255917938349,0.526747527093101,0.304145661024775,-0.335843620598355,-0.0398771358874127,0.00911141015333083,0.316875184115225,0.650035765231582,0.599333741069752,-0.127431987166442,0.398676498465962,0.224385263133642,0.476204341074789,0.668012512132376,0.404889741336235,0.396290452011071,0.217989150078967,-0.239197641569187,-0.499753702421786,-0.353558129202657,0.00775022579312043,0.259729881695815,-0.066761040780991,0.116400697522295,0.935663665340282,0.640496625558968,0.355001016740738,-0.0184608522399523,0.0332778273554775,-0.0355133017178137,0.120371608015766,-0.0194238118885743,0.232457883141204,-0.272080256449439,0.0561401575623512,0.148180219942251,-0.578986766305926,-0.544111465564863,-0.532998152702483,-0.0738295083975937,0.332842135774534,0.245573848042315,-0.356965208369781,-0.19660728938936,-0.0011823816025224,0.0310941746337359,0.245857657469059,-0.0532563082431895,-0.308285907774526,0.031980621928385,0.231614101221198,0.0144202201091923,-0.135402485879097,-0.00689104629468557,0.204133449069685,0.0442724962821299,0.470146220088514,0.661894050448224,0.502682609619212,0.396848012040156,0.537530265599342,0.360539997973594,-0.285688556771032,-0.314279591060719,-0.205129427252997,-0.489478184264504,-0.375871924561268,-0.171350776203041,-0.197677380847462,-0.0386016773862737,0.0127280657712308,0.318926927748403,0.295917988720661,-0.30200131328089,-0.043155648294279,0.111094162176408,0.335797192162568,-0.628459654414109,-0.718551214047342,-0.203172114268323,-0.306960586597721,-0.287160367043156,0.253587819843576,-0.644112769246928,-0.329841977568696,-0.561138754069439,0.204010252973924,-0.134427072818187,0.108802895953406,0.215645045127738,-0.206525275449767,-0.055670449681778,-0.342932476106508,-0.50352700350404,-0.654945054397916,-0.346697890266763,0.318030004492643,0.08332175252519,-0.335300256035123,-0.175210742767252,0.719298940512015,0.671872993274271,0.116135780467895,0.1607050812121,0.428793524740723,-0.147961896416485,0.277030540839181,-0.199299077798295,-0.275022942585325,0.12788584111315,0.906349287351187,0.373684067621652,-0.270046995881535,0.101215448087965,-0.312871421760332,0.216105216941178,0.107884358064177,-0.112325243923026,-0.230295784991601,0.256572483751972,0.462351323986177,0.227785466719586,0.786350413641146,-0.0978370106327291,0.0367129317209251,-0.107528935523513,-0.026212397576127,0.00435240219601892,0.0983362105718738,0.307433514218224,-0.499480785023714,-0.413280878768401,0.226012458019772,-0.50920112109766,-0.196333334917399,0.0793785173126046,-0.0410065494835933,0.182387680786452,-0.164620841236994,-0.199003272159816,-0.216907066354532,-0.529127004357727,-0.560676888704326,-0.616859464156371,0.121813590640925,0.155628647657399,-0.105876357518941,-0.140497078430851,-0.41948355480459,0.00782347065151672,-0.0850705333146486,0.384366673137257,-0.159406897346966,-0.269747242474324,-0.483287909633061,-0.245853542978678,0.166277656679948,-0.266817225832846,-0.4798841953955,-0.166419734938548,0.62530826464255,0.347842919228886,0.522461784709585,-0.172137067866872,-0.158244490973478,0.256750417531908,-0.104557976364764,-0.271180607871095,-0.261746561989928,0.311432117512989,0.698420884235864,0.781456100435638,0.391225072710097,-0.0417214846842035,-0.221012275328677,0.156549531409698,0.072697399727825,-0.124253243666635,-0.0977517736439959,-0.378440904228377,-0.00218662137937676,0.71598019791238,0.291158991351625,0.325623183112417,0.268223643242595,-0.587899808086373,0.022136654172919,-0.093928212185514,-0.00176368163011666,0.240756444037331,0.0110428979217774,0.415834555755781,0.496231400295342,0.226353912827787,-0.654289742207447,-0.341676345791946,0.307405157930098,-0.329991760712805,-0.378185303280293,0.090641634827145,-0.19925335346335,0.259606603316575,-0.0722932841736278,-0.374387915396358,-0.394624118895695,-0.253253006065968,-0.810539396903399,-0.129781370281918,0.510358034373927,0.19741903231667,0.262150130834984,0.0550608705618236,-0.0449540454625244,-0.735126491120743,-0.822527054862526,-0.473563644908813,0.295594501235734,-0.874027932146997,-0.898644487887934,-0.37936107214794,-0.649122511158346,0.181289189034344,0.390135409625658,0.353885449070484,-0.183756776619058,0.0127108732867561,-0.0973767775216891,0.0418255299841927,-0.0444977832663323
0.493093902907492,0.360038332925008,0.270188084679771,-0.209478175036783,0.310338444720319,0.14527156677019,0.356621785168092,0.244682748377246,-0.383626502753065,0.343647974988948,0.104532480877441,0.0156637982728375,-0.526144497111834,-0.255739811085818,-0.614347052829237,-0.291324373945515,0.328389458867065,-0.0363232225093019,-0.513838038987892,0.192096720117734,0.226937146888424,0.10566440487362,-0.154939919976423,-0.132998006906052,-0.522927947728978,-0.620811198152086,-0.599388930315576,-0.418955733657225,-1.38872656998161,-0.437608466430956,-0.631653095787874,0.942797072708781,0.533740222278678,0.0630885840156377,0.333966904692817,-0.306901208923593,-0.977041852727655,-0.537822009090785,-0.440434335305642,-0.749882182379471,-0.280818610122057,-0.400220324839996,0.478511869628097,-0.242606289218905,-0.659242454111174,-0.39613046675625,-0.943066367936643,-0.370509972461954,0.103208182477184,0.123095517252844,-0.527929955048812,0.157954137629248,0.112040700642463,0.275759438865982,-0.252834172831025,-0.693681399047982,-0.412838324430441,-0.846067553319684,-0.124210838340547,-0.537075439915036,-0.858610047058823,-0.258817852626687,-0.329890646239127,-0.102135657003326,-0.140501564617459,-0.864727547654473,0.0311119926093112,0.151389556276542,0.0354137284504892,0.149940742176615,0.190581932627081,0.367544867867348,-0.432435055853251,-0.180543604844691,0.389058769554125,-0.0984428710144206,0.176835751767229,0.38402368880114,-0.181719978699923,-0.165662507899895,-0.140207625732038,-0.368657151539732,-0.0954516905469073,-0.0613093904080855,0.289886178529887,0.0497805116158583,0.502118986387372,0.139217872076946,-0.189748652078567,0.219746851917048,-1.02633200713306,-0.229745639910057,0.25703498920062,0.72331472257794,0.0825780233436643,0.300592779226998,0.193540205843855,0.913247052340684,0.337813774275499,-0.394279915750821,-0.267540950505202,0.00605624354061436,0.201711814778136,-0.045147119686946,0.00678328470763481,-0.453797910459936,-0.678153645211206,-0.965717625070459,-0.173578602978588,-0.239289647106841,0.482419991876294,0.463526190673172,-0.0239759020148201,-0.306811533180036,0.146456096436033,0.612188964581285,0.56662413420699,0.355854821941562,0.292536944541054,0.679964386769331,0.816082668410122,0.104350218556925,-0.261356236687166,-0.560688142556691,-0.275994075508224,0.357144781005482,-0.211305328439193,0.454989307505706,0.201513406705638,-0.00666116028679435,-1.13694658115275,0.139827775503498,-0.260805246390534,0.474403082378136,0.139847866341322,0.399543675718687,0.342719083735089,0.150295285969374,-0.144095307198281,-0.627168824355487,-0.370073837137562,-0.909121451576731,-0.782559585502803,0.0849021850699774,0.64892149684947,-0.313151019354747,-0.316882844135298,-0.232704767707827,-0.167408873016411,-0.388032544910299,-0.164789780419096,-0.276325597516361,-0.367614356129424,-0.0480628536858538,-0.164553858243039,0.308355285317686,0.0692732704070236,-0.133065925967607,0.1360988886435,-0.372908258102269,0.036347433234925,-0.44550758031035,-0.644771341565831,0.190787228899873,-0.041605933050198,-0.163640641381292,0.079822662470346,-0.845873308036071,-0.0112546201322823,0.575996954969572,0.127704447565999,0.851301450047325,0.245208693715759,0.417313929251974,0.866210504647214,-0.138110824261002,0.24942211541906,0.0583247885119389,-0.141136218423751,-0.194197489613824,0.210704895651415,0.159678959171268,0.254306334090159,-0.387827435680592,-0.298727401652094,-0.00584581195426002,0.129884150177702,0.00454419226047263,1.23814716489652,0.576084995872903,0.595056244624619,-0.0640354383344969,0.0758679119099503,0.750909537436861,0.787288733000002,-0.493211212628854,-0.228061935575859,-0.0513171373524088,0.258042911731516,-0.390732301612186,-0.0694980977510118,0.299333801447526,-0.439916236182022,-0.271947973699461,0.804100565259839,0.283520880385274,0.60033618848359,0.811666486217507,0.116307034244398,-0.0605487516281776,0.306443410370956,-0.54078881466857,-1.08061633999028,-0.595576279371075,-0.685123865833462,0.0226972507473134,-0.0963430549709924,-0.545302961332267,0.117553454000464,0.0103731821473383,-0.26768410314396,0.00502365612426373,-0.0467342063751358,-0.835541655465833,-0.915878105533225,-0.147303805283024,-0.278320989252638,0.4640246813988,-0.33246406727231,-0.414219880133187,0.0830299787622901,0.283814190137789,0.151925383226188,1.14654738791793,0.334011818114155,-0.159442039387719,-0.249114086964203,-0.587011865121838,-1.05296529664397,-0.675287697824733,-0.44257089466809,-0.191671038359162,-0.228833278587208,0.405573179791808,0.465812657238785,0.0977860246677604,0.975225403614867,-0.0116935462214591,0.0248196553875116,-0.336078901390293,-0.198332584829311,0.686662287884527,0.440915020930741,-0.158428121322795,0.134395239228719,-0.30781373801811,-0.624409907674831,-0.487805475621374,-0.717278887262714,-0.363220060156377,0.478288149330506,-0.0330683752473203,0.745208829061459,0.310783562138035,-0.0310417887517637,0.220913061021206,0.114272980704412,0.171775164961868,-0.32035964477657,-0.102008463880769,-1.17674212438672,-1.1196495947216,-0.387340516780264,-0.643970370192579,0.121323299032376,0.0135251421534021,0.214677670550438,0.518318512749093,0.268210746651757,0.901110601206961,0.479330984609659,0.315564518682245,0.0971031314289957,-0.430831243963857,-0.40169183718782,-0.208959013360466,0.26212366780113,-0.175592100692686,-0.451946824961459,-0.528937292037803,-0.747684943700319,0.690530321357717,0.604436392447063,0.545581998740467,0.666820735956824,-0.0678693747196908,-0.520305857826663,-0.304887306532189,-0.338629166658637,0.208875563268334,-0.457956434431881,0.111035561122774,-0.171339295904644,-0.890073462227798,-0.000855192350499911,-1.14297362315303,-0.635760441449492,-0.813716808898821,0.0720566768863401,-0.530402676904191,-0.327715275466631,0.0531416712285817,0.0434486102335544,0.388882495916011,-0.416107789792197,-0.327444751695266,-0.478642863803026,-0.120105690855535,-0.0599670976050294,-0.0977193604933251,-0.180369012657103,0.283112146704307,0.329390877570104,0.966468112694023,0.971752038668461,0.308675867979529,0.227114240599326,0.039101734537575,0.180041099511275,0.05220627271697,0.275588900819043,-0.118636024422065,0.423891785586263,-0.0531684140468503,-0.243882318568103,-0.116632081484479,-0.428726202848516,-0.489152545960054,-0.215149314803649,0.281458720342727,0.44461838518903,0.152801526740101,-0.187031411912148,-0.392405906509214,0.206370653022251,0.272856705951205,0.188195815551613,-0.381334142235977,-0.72733023185062,0.299678532342209,0.0829144171730317,-0.40641388787671,-0.153188046198113,0.336556414188314,0.881175895095756,0.79603202270372,0.5981143113355,-0.244079828282427,0.209888899569803,-0.0873758636143371,0.401436825699097,0.325795324596624,-0.674074454664199,-0.506174637228529,0.0102744317720803,-0.863596070598916,-0.408362009412768,-0.701421768881073,-0.408297542211715,0.217882204657715,0.0515367198268716,-0.771074619788624,-0.0347928758904323,0.531847362055067,0.505461377426719,0.00608805706200461,-0.329917112060495,0.552921170716521,0.317989545139969,-0.140701015857243,-0.53967889058563,-0.595826910308307,-0.456254413316277,-0.988001453333745,-0.779588568785399,0.300986920217187,0.0732506814935494,-0.486952799385823,-0.118746100928863,-0.0820596501642368,0.0124047059402788,-0.728297020959833,-0.291415234885541,-0.614160612674837,-0.32004383574929,-0.976084111861178,-0.694861395608337,-0.163108190299581,0.317264453771588,-0.0667695268557429,-0.482325973673571,-0.375045885891045,0.248253787315311,-0.527587272426261,-0.460472448943703,-0.036616529446575,0.363150711361912,0.222740889031567,0.204052546182751,-0.675723699139134,-1.11362199881798,-0.72099885464126,-0.180827885917563,0.161310302320393,-0.114987853965999,-0.16027943363739,-0.248307474325022,-0.320874407965053,0.0173022005647339,0.100244071731968,0.299210400566397,0.284320524951687,0.572741824863928,-0.250292314786636,0.163669525899881,0.425158191614277,0.213502529831424,0.0839217634772384,0.612885142524513,-0.262307724655429,0.386011596111714,0.0842934195478434,-0.106204436116265,-0.119603702753335,-0.376830006106664,0.0527701926025588,-0.00642594517673728,0.226255915189706,-0.103623717466217,-0.867148902398301,-0.208505865317621,-0.471453932077449,-0.547623150414508,-0.257497846701067,-0.0684659037665694,0.635283797955568,0.211455960247156,0.160644569501895,0.111771911132878,0.196658384989432,-0.735614936897902,-0.318991030479087,-0.558316435064531,-0.0583134575155188,0.222834124282944,0.360423778536449,0.492250093575717,0.149207342979184,-0.111425295125866,-0.639712073312465,-0.0436367915863261,0.25637007276906,0.0447016415065984,0.127195666946316,0.379420030376313,0.504310110470834,0.0792738491200986,0.0287649741102529,-0.335615501553493,-0.496820420637665,-0.515131060193482,-0.150008873296452,-0.108925273494515,0.0455048437199575,0.521215798153437,-0.129661435510273,0.359471235201065,0.10052152435501,0.678751031333629,0.282186074364862,-0.578594496112204,0.310514471591731,-0.286496056165818,-0.227058222515646,-0.332945437775345,-0.998645595574296,0.856260475508057,0.543085415862283,0.209072367364542,-0.04756165338252,0.374248375473094,0.687357717321124,0.119617739829551,0.642888498172533,0.457313626429824,0.343865224193407,0.611381754750116,0.433251262592627,-0.204573550147015,0.0637572311309217,0.308331130388292,1.04234370231444,-0.381683868244143,0.204873975788053,0.436476724576114,0.069358126853179,-0.595344237553188,0.28190926422039,-0.0738311442786751,-0.643506529801081,-0.51581808910566,0.0831900519965332,-0.590204215512448,0.185099025154506,-0.180831053414633,-0.0818116981205751,0.0800848664603517,-0.237395295936726,0.242458020255147,0.0892917587214538,0.257101057114052,-0.139930431790919,-0.712085801802886,-0.399647809217624,-0.00211457017424127,0.0113084288859343,0.714504265768926,-0.111273164428727,0.170597277534727,0.126386586433089,-0.0823778085413007,1.24839496768388,0.458949676689251,-0.725750875433035,-0.32197544546252,0.364131188871426,-0.0443387835055702,0.504254984723072,-0.445520420938335,-0.656898177787013,-0.555865617008486,-0.0599421772638646,0.508554890906075,0.102252135214731,0.187366223206199,-0.603758176100139,-0.50258439768857,-0.580264058086702,0.191994937617379,-0.345592005510633,-0.199019572312301,-0.864460152596057,-0.9337498514455,-0.486172271936457,-0.521340093303212,-0.169740395361796,0.230541284043275,0.484862416176841,0.51805577560642,0.157877404252887,-0.102753494871182,0.0827227321839611,-0.0549837415675642,-1.31558828005478,-1.22005134596568,-0.451254790600957,-0.145053824330386,-0.309052695371186,0.475232518794708,-0.230205132014201,-0.172872143256795,-0.284979391506133,0.466302967086822,-0.0298653588433266,-0.240089261809617,0.815477089513652,0.647963837880732,0.454482404481663,-0.0407383221174221,-0.415421716558185,0.135090022910786,0.441074537488518,0.508482725416445,0.151800460855395,0.206277572496607,-0.152064384863046,0.136289552665871,0.483722204425326,-0.634535838262868,0.235833191003939,-0.0122207782992352,0.0948013884322331,0.315697275913521,-0.136512677512064,0.0173066973907422,-0.479194256650904,-0.585731063198051,-0.348010763460577,-0.611729316100614,-0.728056410474495,-0.46062342940712,0.442418422074535,0.337970083919737,0.262317394575829,0.440744260179977,0.379251620037493,0.168728025999403,0.276527138485978,-0.0109825282332369,-0.148706353908297,-0.676018376159858,-0.270474316565764,0.42448603432891,0.0359193160230932,-0.124651521064988,-0.374274514945917,0.801295953077437,0.731385128848612,0.195042953857106,0.198001489116014,0.526723948312567,-0.300956460458489,0.789169422569482,0.438643625726554,0.6621538613697,-0.193737192302123,0.536096697178832,-0.347251874564197,-0.515764980668147,0.0298004880831144,0.184127301889318,0.29978986527907,0.559802552140507,0.68741177459009,0.412880617727809,-0.413282673849641,-0.333965452189243,0.516460183101946,0.0573785695568327,-0.903383187911564,-0.909071459073457,-0.256853853455332,-0.349625026269511,-0.540920311421976,0.0993345327425657,-0.114433330405872,0.148802308146338,0.479644223145613,-0.11340274926249,-0.928485372916678,-0.720616230805308,-0.0669015452022078,-0.0363281598987282,0.350985456974166,-0.390702613695828,-0.0392316213456376,0.322584412366198,0.0965625608511956,-0.259809532325542,-0.441578868927145,-0.194038032226254,-1.18973495230631,-0.0149711177943455,-0.160808029512866,0.257596285198514,-0.171636257854936,0.102804684025089,-0.0542563714086928,-0.345147510595166,0.429113162730154,0.630505514706495,-0.38164497923804,0.642645533528741,0.420119603609272,0.084834719532392,0.381372121800505,-0.213894739880734,-0.249750033579765,0.138384853403493,0.303808643342017,0.685038465415665,0.564340658321995,0.765730962789076,-0.195650444760149,0.00466913387684437,0.116705913695217,0.327755208985119,0.423719885278621,0.0680561846780021,0.0201227666688739,-0.349137134047094,0.347688322107924,0.252728881514686,0.582553260300091,0.350970120767044,-0.21350683945505,0.216018193547293,0.418609595254939,0.400818624404541,-0.649873483101484,-0.277501321108277,-0.717538415329419,0.335922415348967,0.304473268659549,-0.130644179085104,0.0822242876878477,0.290869204397682,0.550198131052626,-0.418433979934594,-0.697366597675695,-0.989592821668534,-0.424271088432666,-0.0439454200891723,0.587050481414822,-0.201389446816807,-0.0507209212088419,-0.0110385749658045,0.0260151608150633,0.573254027829345,-0.00870744518759522,-0.691547798015673,-0.132479946036946,-0.564014082099429,-0.103562830408365,0.772514952088274,-0.127667553320247,0.169998279403866,0.15110640994546,-0.38990308526723,-0.0100861100104739,-0.37498222266963,-0.479036373464414,-0.387528117068486,0.759375595052644,0.607999667147797,-0.105201139499281,0.234305803051621,0.118515935207815,-3.00224556162923e-05,-0.0651915385706694,-0.236444582875489,0.0474811149151301,0.29485779523625,0.543201720607752,0.285674645108196,0.895817674540207,0.0233227720233673,-0.505814362047254,-0.133886340259193,-0.336632233450513,0.0213331812713406,0.355483242310929,0.781228466935144,0.910520078402108,0.868470618883916,-0.133720491099063,1.06292151386478,1.21113934126877,0.496097974506495,0.742972542260238,-0.181588646762259,-0.419122203978666,-0.556051565904137,-0.0300829313229311,0.234954571320431,0.294285483984723,0.178701524620906,0.113141374939699
0.180419322073494,0.0723278514945785,0.211095455612088,0.00478838842249354,0.278738833555386,-0.17239527800934,0.340578849442053,0.137321509394464,-0.0416871190996255,-0.0238851767891732,-0.063573727293508,0.172480979268114,-0.0434748429840343,-0.0421791688586905,-0.254298989675003,-0.116599425324895,0.0150260332124324,0.159455631443295,-0.0832145490538478,0.0590125431975407,0.0851609236761553,0.0695374072573241,-0.0258708771338593,0.0727425871694781,-0.179195375040378,-0.224108519848488,0.0184230728365384,-0.0250357410299908,-0.19315281932683,-0.158511028017438,-0.178394455308757,0.210234368689045,0.0575387696265095,-0.0592003621142786,0.00976873854012765,0.0480998737002483,-0.187653157078827,-0.00646683516085826,-0.0176041032427203,0.0668110030153354,-0.0283781487982233,-0.0944709057046124,0.0495880717118217,-0.118056589086665,-0.0827357155942165,0.047498802336575,-0.00574229911227028,-0.0501337235058445,-0.034565271948087,-0.111986045451132,-0.262114189701132,0.224240574715092,-0.0151588261078899,-0.031611425380111,-0.215372987985899,-0.224396687229046,-0.24442806124685,-0.136979424275225,0.0752870429163274,-0.0742637016242965,-0.0990264339171367,0.17159825637519,-0.200241604682127,0.17003814474571,0.0158321239431679,-0.188510848047041,0.0394643144629637,-0.226735752948679,-0.287204483936699,0.0683859720114721,0.00943998642572323,0.00786841527223842,-0.159811251625825,-0.208324389764661,0.0844699827700793,0.0741824400603356,-0.00641910973080627,0.0963091512351609,0.0627479547523923,-0.0595575005725445,-0.0700054937092413,-0.189946761790447,0.212127163123522,0.0127046874830804,0.041053475579689,-0.0536251507145821,0.134407713535917,0.085997900787591,-0.0226703567321432,0.0327389727411772,-0.240949839168437,-0.0603190040871072,0.219215778550317,0.137160778403423,0.0170723153842816,0.0891978021956836,0.0118455420369916,0.369016039196181,0.0793599440322044,-0.13398919867908,-0.111647409334259,0.182642136501966,0.0698941808878685,0.0738593628138392,-0.0565231335795224,-0.130666312906877,-0.100838770657079,-0.125500801931518,-0.11672973379015,0.0198880655236257,0.215456501369382,-0.0127850661918094,-0.188065221201215,-0.0419204562525737,0.148328063288276,0.059306251969508,0.130601388070233,0.00321864098484131,0.164756042422099,0.216021839192014,0.188017563424367,-0.0673701510471965,-0.0784308977337584,-0.142166087144084,0.0166865741338273,0.18418232672171,0.0873622054896311,-0.0759980710041338,-0.0799970636211949,-0.053633154167016,-0.196854544973453,0.0269713764952848,-0.177528046687082,0.0518424911172609,0.106512352239444,0.00099798596409241,-0.023279103882547,0.141956005523065,-0.014097905504091,-0.0781395830103417,-0.0699492036837399,-0.346978632004054,-0.159668622203441,0.00695679326023131,0.0271465764175161,0.0920430545888143,-0.119496844614484,-0.0947640776163515,0.0670819216891182,-0.0504861229116973,-0.00334201329560577,0.16541985309465,-0.161400297602338,0.234134491464025,0.13749386113896,0.125801027585992,0.0877313378221946,0.217514571388729,0.0258543321650216,-0.119476895271095,-0.288419429417373,-0.0105879276908151,0.00916037096761432,-0.22704489285082,-0.114156787399341,0.00920007320440371,0.106383665197973,-0.28010152479034,-0.0536436864587872,0.136645860764837,-0.0323580749458754,0.27176921048447,0.139382736444252,0.184309880267791,0.124803557393382,-0.0661452719157442,0.129261980542622,0.112442727712403,-0.181779282790505,-0.0260693079765138,0.0742664573361282,0.0675885786795667,-0.0351021520103273,-0.0469757391087509,-0.039532156287059,-0.122642019275912,0.0341743191043393,0.178087890221738,0.0703689087811899,0.140815940354806,0.104526907441691,-0.0324002947798336,0.0391974061403947,0.262010845837329,-0.0624179363137795,0.0966902128968838,0.0827859300086352,-0.083492141759494,0.158915734322764,-0.14038835678744,-0.101968847295933,0.22156672738325,-0.0869105087067232,0.0015533283894848,0.131029334162954,-0.000512694620922426,0.352056599690726,0.288663017234895,0.0381363056573141,0.0898965875878104,0.122779277990212,-0.126173754740852,-0.341355901611223,-0.236257811171589,-0.116907621066931,0.124795312337112,-0.014570056924651,-0.0554223778888114,-0.102066069806186,-0.103403765729284,-0.0587619093478211,-0.0968610094167048,-0.0471984700089569,-0.13374548778969,-0.208513234631408,-0.228517655238245,-0.0624933440409233,0.133051242455959,0.147544644089252,-0.0219900579345895,0.113262461354508,0.187255132784621,0.0363716486383465,0.315644436395495,-0.0584056471200264,0.101584732149699,-0.181387746467095,-0.162204964890905,-0.313901753563086,-0.151373013335413,-0.0447748526245315,0.253351403987237,-4.88632526300372e-05,0.194478450345119,0.047979250788378,0.130351029596258,0.32170930191714,-0.0934783533866742,-0.0581858093809468,0.0404832139018837,0.00451321199021853,0.20984768372454,0.0949169201363083,0.015854594982592,-0.0310097949534663,0.0293791805074121,-0.322133434225802,-0.213910075708837,-0.257103905541522,-0.00918939257997663,-0.127919769809788,-0.1485956050691,0.251426274206191,0.133530540226017,-0.00850434966740364,0.0245037276533171,0.0679276985427554,0.00214732590242479,0.141798116689856,-0.0873717398873193,0.0639914797197848,-0.400086201213972,-0.0268147674429457,0.147655963007191,-0.0380165918808642,-0.201048384655224,-0.0252577173565182,0.0499651376174609,0.111475318012559,0.161778502958755,-0.0762345808899153,0.0665393000122399,0.122590978869706,-0.0897647317965176,-0.0458126882426514,0.00372254620716413,0.0747018325502698,-0.0182361766153393,-0.0300347648797245,-0.170577189434252,-0.129154294285767,0.209864855485932,-0.0575478921495035,0.341476021818011,0.107429442114303,0.029920201921879,-0.107242861342985,-0.217990025882395,0.163317013275389,0.0028180847069437,-0.039516652020943,0.0023184070557015,-0.0157408424736169,0.196315153051646,-0.0487875939664289,-0.321063178514799,-0.142167280531066,-0.0407063463355287,0.0616170329513581,-0.15358816105948,-0.0104642886069663,-0.00805999953500689,0.169642073859497,0.00393627048700786,-0.0212074190888824,-0.154650932068317,-0.081322075783194,0.215797915871899,0.0664021652465773,-0.015743143274439,0.0331461391116368,-0.0256784832941901,0.159413155952823,0.15415860705919,0.0927786056299495,-0.081848778978553,0.167973121326012,0.0370820498197541,0.0344676745519018,0.146281360958287,0.205830144164036,-0.0525525118849098,0.143855870880605,0.148457399398316,0.0956592608554049,0.21721492853685,-0.107807798042531,0.0881781176163332,-0.0213641837478831,0.160560672678358,-0.0079074422344823,-0.0243197004484466,-0.0400998594545269,-0.109557907585092,-0.102314458996123,-0.0620435536466616,0.152096522544532,0.111962019384628,-0.244664218927082,0.0602142432340207,0.074840659305051,-0.113481088160763,0.0836921053443777,0.0572535821735753,0.408080037736967,0.104744696974865,-0.0382748091101561,0.0100908296991072,0.0973187356120056,-0.0389630543223976,0.12020860086713,0.116560298560184,-0.194378025229866,-0.334587831694488,-0.0708603301557297,-0.166669028202684,-0.117937662476005,-0.116522290559892,-0.287014928777733,0.19784438266728,0.0226692336678041,-0.0448506310067065,-0.0831673529235915,0.157135250488352,0.183324488271275,-0.0998366644248606,0.115098649744244,0.152052085627072,0.056382757179581,0.0226597296828528,0.0508031676530202,-0.223204147224963,-0.5176857826997,-0.201333640164255,-0.156210414052307,0.0756977626507424,-0.130653669297042,-0.26354516112255,0.0906430602357791,0.0518587222040332,0.00142684626331156,-0.134196354556486,0.142134323760643,-0.0346971057339387,-0.0461776099022346,-0.138286239037243,-0.217203227424011,0.189991393549171,-0.160688535739492,0.0546355424621058,0.0215096953400678,-0.0643820961701889,-0.0247031271613233,-0.0538898513083827,-0.0715911692933139,0.186976445953479,0.0823645650874971,-0.0369724136440564,0.078279083877418,0.200780018880012,-0.152652709183375,-0.288195172526044,0.0197591148966292,0.0151630070885698,-0.0173133859528788,0.000137518534527231,-0.156045701180403,-0.0900542604675665,0.172581362659591,-0.144228687785961,0.101233853692251,0.150662488292829,0.0946935135762174,0.0584220876303437,9.77989026977322e-05,-0.0947548791950305,-0.0260847284684924,0.08669880474486,0.0146327802029152,0.273636888764739,0.213771254930078,0.000988592006414009,-0.0348357508183156,-0.124981415308473,-0.0377341145005828,-0.0211312950150381,-0.108886834432026,-0.011160367605706,-0.0646066393220304,-0.211588163323656,-0.0691545773665871,-0.0267333688764569,-0.0971581835330407,0.0592756353475026,0.168347604750332,0.202249798352581,-0.206277355389342,-0.00590098847064167,0.113667310971334,0.233522001506375,-0.218074228054595,-0.0991651636341718,-0.077149150703257,0.127650321742576,0.0115295739370497,0.105900502168504,0.0695669926198479,0.118155832360447,0.164135076552202,-0.0766008061216683,-0.139101543020728,0.0765784457652572,-0.0616410168047211,0.167777922321215,-0.0549952125691457,0.038195782583778,-0.0663139559008464,-0.153891070347048,-0.0322555242136865,0.0429231369214567,0.154169469158223,-0.0182069356446745,-0.0205296450550781,0.0414995846589705,0.0989034669039675,-0.091630244167184,0.13457051104658,-9.74737172980758e-05,0.109728734378011,0.0362080432196981,0.0946805229873288,-0.0292907756744438,-0.0464605210458341,0.0224365685077331,-0.0498405753225942,-0.105505973658082,0.126444975297877,0.125859083658463,-0.0506409716567727,0.0400813000106863,0.109135836934362,0.212554514085619,0.133520176506872,0.0136649924330797,-0.0344864689835039,-0.19677553037056,0.0745513290961849,0.266603480161755,-0.182762119742003,0.137592402039167,0.0836611690557058,0.276475885156891,-0.0919118048234427,0.000489626832075509,0.000880611054776659,-0.00657559657634901,-0.313110642902222,0.085987938348122,-0.0527627131182756,-0.163285992676728,0.0101718347626497,0.00596790241467249,-0.110824957649636,0.311094234705857,-0.092582896525515,0.0213374382583365,-0.0992034666336545,0.10574916797615,0.0799439091634099,-0.0222659556422012,0.222558191021666,0.0811861200728373,-0.0815213868043697,0.0990157095309224,-0.0846525974551553,0.0688389054968762,0.0243083668925621,0.258682872672057,0.263774572117912,-0.00359568618049479,-0.189774486165323,0.410498781496513,0.0686134286196336,0.0222649641502428,-0.189796184925809,0.220586382081143,-0.0946173377985965,0.128510554406393,-0.0438572662791817,-0.114292886982066,-0.136872073721356,0.214666819628964,0.0581076144917943,0.0764878738246313,0.126218337934191,-0.215671840998916,-0.177018058577718,-0.162784164566868,-0.0314421462026848,-0.115201007396623,-0.0318837601112934,-0.135248574310393,-0.112741183431382,-0.208171608695835,-0.0364211885841009,0.124256523496195,0.065895909885219,0.0327962816801016,-0.00679980847667019,0.0705419465407598,-0.146294252699303,0.0633878038624751,-0.0822467865717192,-0.224032830604966,-0.0594690100650873,-0.211103230462352,0.0330418499519187,0.0585730247331977,0.0832118794753527,-0.000637704869476695,0.0037467588460534,0.130076965360996,-0.0732027621779644,-0.159628661289412,0.00349985666806565,0.256444183096535,0.207624758583422,0.0334464911461335,-0.156613068572023,-0.0983644843096909,0.197157672505669,0.153841280282762,0.0695287497508298,0.078044868591268,0.0343810915323743,0.147706986935155,0.0124029491003367,0.173207450752394,-0.186423015133626,0.0130290501579289,-0.060064071120376,0.0450776486299739,-0.0227467646265372,-0.0194987282410554,0.0418780072144684,-0.114782724284432,-0.352327286511403,-0.0578139914895025,-0.104709997353674,-0.0746813626596198,0.0758389716416143,0.252303653941708,0.0435460200587547,0.0254627762063595,0.0803698101252448,0.0934121661116113,0.0643889050940191,0.117441192181424,-0.128972616402556,0.0118707543193718,-0.0882259086859364,-0.106481915908505,0.0891202000147993,0.0489752355914647,-0.0921052768487347,0.0585035642199635,0.148027310590622,0.0835351216456508,0.222196738575787,0.0543184489721161,0.0218594975161528,-0.126513741542899,0.284910837688466,0.161992969585023,0.261072855843122,0.25734700445975,-0.0789566028785755,-0.0340136283083271,-0.130071221654012,0.0220056560735553,-0.0305443473811408,-0.0193463389011117,0.184194593840602,0.105674454317599,0.119971231812362,-0.0767129404443521,0.0927023404272786,0.122182422154099,-0.13280044877707,-0.116037994915857,-0.236839882380373,-0.0643818669575661,-0.0636474728176887,-0.135189082211497,0.0925240669469195,0.0189516467889992,-0.105450678913592,0.27540722512948,0.0665578940141322,-0.081005002288121,-0.214687022478559,0.0940003441226677,-0.0247659955242176,0.19313435465151,-0.146974190503661,0.0478766931218957,0.136328844278752,0.0405030120197851,-0.103008508865979,-0.234585363667698,0.0889623547555054,-0.262069416205592,0.111018624245897,0.00652958538143053,0.0210149722325455,0.0437331819704789,0.129613188530989,0.0237055729032194,-0.0269932170860709,0.119043986042939,0.195734508694687,0.055161251523947,0.286321116679998,0.0124799915418864,0.0195789717170759,-0.0416892393429908,-0.0224830020206396,-0.083164563036691,0.00917699393098207,0.0311048037638838,0.0617909463955062,0.0735405008252752,0.0572050770860734,-0.19658336992585,0.157281479326526,-0.0945580198988904,-0.0346568159344451,-0.0197476748498772,-0.0302633521709131,0.0620165875507927,-0.112553669178749,0.0252250639620111,0.0676120708512917,0.0495586588723872,-0.110738611221103,0.0508521407602508,0.00400406557598088,0.194137009984156,-0.059701596460465,-0.181763524153828,-0.267476444672991,-0.18322666718842,0.0455567249939677,-0.0028460145177652,-0.000434160311302403,-0.10673022221332,-0.0630998093167081,0.0630586621637692,0.0468190653460749,-0.227915604195826,-0.324285705759269,-0.212659377555086,0.015930445648603,0.0389536102911712,-0.209273582705043,0.165195082711769,-0.0382977653710024,0.00866950233123522,0.282111289749343,0.110643870006369,-0.121736421873331,-0.104131173517804,-0.199719408726886,-0.0532855057922746,-0.034257503429545,0.0330232372789004,0.029639931853442,-0.0154526903824162,-0.133904433974478,-0.0156572102640876,-0.123607546813263,-0.0894695139740755,-0.0851559820276072,0.2182440543882,0.133712857011233,0.131082368823668,-0.0311725833483545,0.0922929289144151,0.0766575521945856,-0.0630792551082358,0.08536986876136,0.150510267514369,0.0382917965965643,-0.0162011602466579,-0.13585198306789,0.101988019425741,0.134386281676023,-0.156367798029493,-0.0744448088964201,-0.146343997715948,-0.152129649745856,0.0664652210544516,0.142163918277165,0.24247187483272,0.328821155725318,-0.134766044017158,0.298406161432095,0.154964918843008,-0.10736455869039,-0.0420082148409937,-0.209026864233218,-0.00298079416829233,-0.0649616041870946,-0.116590255611419,0.0751850902134832,0.118956487022005,-0.0165654668388559,-0.076238398007427
-0.414921814249495,-0.140362942562603,-0.0972179571803389,0.189154303893786,-0.0973746982733699,-0.291947012413454,-0.557942575220691,-0.137210938452983,0.271582016685546,-0.0402056525699418,-0.175780803321092,-0.0899451588112411,0.311702885125075,0.0615071635869199,0.544405293101816,0.420067790406933,-0.163095356771297,-0.0568016696462672,0.424167588993945,-0.193119045379472,-0.258239775869168,-0.0526477356071351,-0.030959409762334,0.069338648161704,0.227181741318126,0.426759946339094,0.421790833645283,0.253178017869956,0.720774365625796,0.345348886392997,0.363763540732306,-0.421196717906621,-0.314184651167632,0.01401304852865,-0.101850902781238,0.261075384440569,0.75177299374243,0.440825068117881,0.357201884556703,0.365668105444376,0.0764064678989064,0.344443017981557,-0.270904826752227,-0.0484518829173753,0.440231040740261,0.227816940283532,0.680282634007552,0.282067463572444,-0.199665863311343,-0.185804346918333,0.539823985997565,-0.118599687829974,0.129766248557254,-0.28326897298954,0.405149008341781,0.476631621014521,0.349802549069432,0.565984256981708,0.334200354525757,0.15957912408897,0.653375905076162,0.188534291554391,0.217385529910574,-0.198564995298782,0.280786882102608,0.615781834909451,0.00697396041795657,-0.0489922280378743,-0.126938127458202,0.00675822793681116,-0.048859407545259,-0.23592342770861,0.507627033548857,0.0841980699385061,-0.152414683419799,0.468717219554377,-0.0752103158316246,-0.418669331878411,0.0243782230410424,0.176431527617115,-0.0038819796728054,0.472968363959049,-0.0198510198622484,0.0573983829467067,-0.0849601008049029,-0.123960600665274,-0.300920571135344,-0.169003457990282,0.0491865655194369,-0.0940972376282596,0.754908190458621,0.150408834472592,-0.201021901050602,-0.456366822499691,-0.146471393454887,-0.00588777707071431,-0.0359239474827302,-0.615143053405211,-0.374458126212301,0.191214654334155,0.147674747217563,-0.231144985629241,-0.277611753284821,0.010567152503691,0.0291715038077767,0.444667345994861,0.417088609183169,0.408590584453747,0.202974911137871,0.258190712460934,-0.394786892593825,-0.370378647105013,0.143415918535179,0.130967093569518,-0.108033928122769,-0.263304688152876,-0.343079777202232,-0.129425150231996,-0.0744541294945029,-0.523637033901655,-0.391574376723873,-0.159495093323358,0.206105876367569,0.295226844432738,0.0262534142893508,-0.304206005580301,-0.0273302692319432,-0.311945968392564,-0.254462031564938,0.0245112320466296,0.479285833202934,-0.167051087383815,0.233606226195484,-0.213908716934867,0.0931366592387163,-0.2298021318876,-0.154730884316854,-0.0875787866690096,0.0445591518258802,0.256104325885189,0.413810660474858,0.594659104451141,0.487724638006197,0.00842037483662103,-0.249534370007011,0.118510439087729,0.126981113582558,0.410697957856669,0.308293109099528,0.26439196939273,0.519242713058261,0.0992515117364075,0.179920730209345,-0.268747000284081,-0.111337519497842,-0.487465615427572,-0.053824558866085,0.120049158177634,-0.271728157300221,0.0788444892527579,0.219043865374938,0.148279754856927,0.553088336878635,-0.152909666450259,-0.102467381135083,0.139567350579728,-0.0565029891415303,0.313199842690601,0.0274799129895763,-0.421926405043222,-0.169806738022133,-0.545984755962518,-0.23095274009857,-0.438343093633599,-0.601217045547279,0.137488046956866,-0.101742227731017,-0.00838947789007037,0.123674245030897,0.0185150403443627,-0.0998657756815322,-0.137102556335263,-0.0913887913802407,0.0677395706580431,0.123540556104043,0.146783417897752,0.121360918664486,0.159872933953917,-0.469058402933824,-0.332064036305211,-0.38701062064843,-0.0532656940534714,-0.00109618398877745,-0.475482635429663,-0.524332378116145,0.295949882762189,0.156294012964941,-0.0677431096842281,-0.152724064868587,0.024515819612452,0.117983757147739,-0.0545050611658287,0.341485449699486,0.0763776835620105,-0.594846223511626,-0.0784514819710717,-0.275134055243602,-0.459468310363175,0.162962606740167,0.0714989390839216,-0.00762244183370051,0.394194523234064,0.797409702234225,0.329580503278407,0.361715581969378,0.0520873781727425,0.0767495564071704,0.307960970721882,-0.0474442439758873,0.0663011713036268,0.241920572220222,0.0734588327230929,0.077025399816154,0.627945988787137,0.532964269995106,0.0768817433811368,-0.0236622400028601,-0.217970967027222,0.285905813669386,0.291651371417611,0.0550642736365965,0.189295197406353,-0.0991840927956126,-0.780428424581486,-0.168379331308852,0.11996338267547,0.174208913486094,0.299473600514491,0.551701183692426,0.700061492282011,0.245080420616092,0.226864058005327,-0.0229803211919504,-0.510013368494114,-0.325848666734476,-0.118493997595255,-0.447420262822762,0.10497656205794,0.106939509203885,0.267146026361532,0.0289718620382595,-0.44908066498126,-0.315395771969079,0.237355982416437,0.0423909144955288,0.119911149224438,0.439207895139447,0.479713638681937,0.466882832430604,0.199733869889978,-0.141390652151628,-0.24790301986183,-0.4254014813731,-0.022810581393388,0.156815797728903,-0.0114290092023844,-0.150499451903277,-0.0552161001444945,0.285048668791944,0.0276656399250414,0.904234150871618,0.532309278313128,0.275988353574358,0.557358656802725,-0.0177378058550376,-0.0296570439205512,-0.0989685958772411,-0.445072946942182,-0.0777756170106124,-0.59554056295681,-0.406859480950224,-0.109328004645303,-0.13856105058355,0.0679950128846591,0.318485450554386,0.00428135784333037,-0.192563102982555,-0.0406867052626306,0.281052107494618,0.600049553436373,0.467017562931907,-0.434174477599385,-0.373244376713545,-0.452863351058827,-0.514160642815888,-0.0525016414825603,0.490419743105521,-0.0308682839649719,0.0464738763566396,-0.127017594323837,0.22243509100027,0.231389135418422,0.0828491742895028,0.537919096808079,-0.0102036153597539,0.744745342727004,0.435375181761894,0.383164575888494,-0.0428960795901823,-0.00252194995873417,0.0598575567942863,0.110535282599446,-0.1419300333598,-0.0847142553065561,0.378779959873608,0.211643913936742,0.329923271771008,0.0214148431293594,0.0728246699115657,0.128614342486187,0.1688431348291,-0.150671721342579,-0.156839479777279,-0.647115611876658,-0.474818360285387,-0.165419927516468,0.0488148559491341,0.125698034010902,-0.153005547847065,-0.00957057210148386,-0.161152297374767,0.237782793784803,-0.501475973828224,-0.0670232616644953,0.225233158419732,0.0717737177482489,0.160482375207669,0.0392437863042688,0.00145737918410055,-0.100624549596997,-0.402415788849304,0.0509774852236929,0.054531461956634,0.36295874587457,-0.205341431215669,0.0031930865887381,-0.245644422781224,0.256804267137802,0.317504888800976,-0.109801955454214,-0.0107028636898372,0.468032908267651,-0.0937475339806521,-0.155529380215071,-0.493916361030349,-0.696641523658843,-0.57195136115233,0.03827577017776,0.0876362291569236,-0.0452992004035927,-0.367029013172742,-0.0668935854603624,0.405784921905015,0.31361625850654,0.0711236023639926,0.577991439129263,0.265591470841859,0.562011616109372,0.282102653874127,-0.185252896497128,0.0564976918931781,0.433028250921757,-0.0566168932204905,-0.25088553510695,-0.183861879777367,0.0663656060607889,0.152754643318684,-0.487689260474773,-0.234667734272627,0.363521874010672,0.188570230573408,0.362877744176909,0.478819269941309,0.700505054716135,0.582635001985515,0.06438852188427,0.104883877588642,0.134515017062169,-0.121854505632878,0.0205179950645155,0.158025190699477,0.337607418875296,0.11333648635165,0.309601045627734,0.178402404053784,0.64192884266097,0.575636717644728,-0.0422603144296466,0.0172393345133814,0.105708208434463,0.246343071406466,0.132013036626251,-0.00457343492519973,0.192107578792966,0.350065176191778,0.0468314337973938,-0.31574335773456,-0.378730673935374,-0.0506811031939992,0.481127755195917,0.805858816339516,0.420598461229748,0.0369032500264978,-0.138333112061101,0.153319854462006,0.267161149992698,0.330472511058298,0.193906656754569,-0.0716060071034105,-0.151472008050973,-0.0876250533880595,-0.0955102716891475,-0.550084105495569,0.0553059652656093,-0.150694467872175,-0.315867693863655,-0.117995072038197,-0.325471059525497,-0.425172041901405,0.073218241338264,-0.15335374928716,0.0280801913881726,0.341113123378662,-0.0314626734085834,0.112832315164638,-0.117275477780785,0.16813319494611,-0.11830490204859,0.227214188299107,0.388190447244877,0.127098146024308,0.371655340516482,0.203791845599734,0.0100336084219386,-0.0256662471242952,-0.291454671561966,-0.207990052011644,0.116682608788096,0.047282205250945,-0.172171338031081,0.496545658596701,0.304181229962815,0.331069580959848,0.150083098097125,-0.147955831293401,-0.273313743391077,-0.397783544950485,-0.244857940596958,0.0697369055365051,0.272335227207342,0.297084988707872,-0.114071122606164,0.171869844502351,0.0356800022476212,-0.209770662920475,-0.364829530070415,0.0746844073978327,0.199125232210635,0.32788072312857,0.308953601029513,0.348472812546298,0.197197710259969,0.280090958619,0.0367818321581831,-0.296126573495545,0.00492302049496142,-0.1019450953727,-0.238715628266217,-0.0887445663720213,-0.140135850921614,0.258693547265123,-0.297902348071884,0.280583287128244,-0.0329128366975837,0.162505474813709,0.80466450354556,-0.530581579079579,-0.260701565718676,-0.16109445468354,0.0543795452516924,-0.27587340184739,-0.451804630926299,-0.0118252576223767,-0.482331003946693,-0.0729836936382483,-0.190403409747178,-0.184653095688717,-0.265204888183748,0.242399062704438,-0.20525969385699,-0.35651974315239,-0.821900358791996,0.144793762572926,-0.0681731899004254,-0.366636661019142,-0.0337312931832655,0.345253235060691,-0.0836031778264393,0.14998417509457,0.508517339507467,0.667297107307499,0.0581375811886761,0.372713429187,-0.185023361874159,0.162211496964699,-0.156999672210954,-0.0805750954270243,0.174605087636823,-0.244437559648666,0.205613900192442,-0.128269846627943,0.00538992712898209,0.567911213897937,0.408824023584694,-0.0256068424823425,0.0506065430571772,-0.339421333063686,0.137697398459878,-0.0247283493971108,-0.0970277957804833,-0.104134476092393,-0.826003650172149,-0.398701071594472,0.341635804242157,0.242324277295102,-0.436875476947688,0.175468050692145,-0.166548222496245,0.325451358811645,0.344925851913058,0.418008911891615,0.181196276514433,-0.224956582126436,-0.251651044594363,0.133972206515296,0.2986062917303,0.31687345072346,0.497182489934637,-0.218467415511723,0.256714899869979,0.0746380994642361,0.449513502909968,0.567585098738483,0.232607931759628,0.257567866495386,0.452239299634269,-0.161716902947308,-0.476072118783592,-0.16911295668703,-0.0311814868377525,0.0673172023222316,-0.0321583978091768,0.0605858955713013,0.864970451706619,0.620953242412105,0.345410201456182,0.0937698508253517,0.26701176620611,-0.154926222887389,0.346533666844341,-0.151644100619481,0.0940495144669025,-0.306418005935302,0.027896758386597,0.253158686115043,-0.376975179530458,-0.479950362912326,-0.357513746982335,0.0633015789463986,0.266024868950879,0.0563605128572479,-0.385352239903275,-0.287215077498797,0.0181052137559882,-0.159238365697852,0.354042900342366,-0.156103912432875,-0.223812740502079,0.426695194067164,0.0412401803111691,0.145258962422269,-0.0956367004630474,0.192695143532376,0.128025609026594,-0.142323815467297,0.123760588822368,0.490196131037609,0.375130501071078,0.319033432384865,0.432049053178213,0.0463741395567442,-0.24655067376341,-0.183651448842752,-0.19056899980827,-0.309578718379022,-0.321345700583661,-0.255454296814764,0.0651479926157373,0.0382354507937303,0.0434720725534778,0.488239593665881,0.416023803457452,-0.268499044407943,-0.0394847219534875,0.114643532816533,0.143967394702706,-0.533444655909858,-0.434831048985414,-0.113479332534973,-0.133344670038529,-0.175153714727362,0.262345365092213,-0.372131420059153,-0.245241942061889,-0.421784581356739,0.0145595954660568,-0.33797843857312,0.260856925360637,0.312998237080988,-0.0824634698191506,-0.374286230016043,-0.22488773658802,-0.332012664437584,-0.531472987030753,-0.302746530081717,0.265749507242229,-0.0699377083743364,-0.121851493173466,-0.0185329192910118,0.47563469016005,0.545467377913911,0.150716930264536,0.2461943392074,0.260663165367158,-0.136213433708181,0.0982439330601211,-0.00993117443709032,-0.139134334274003,-0.0414857645766428,0.410718532922764,0.459965236223144,-0.285182277532066,0.0230626152074491,-0.201692180988061,0.0156313181455244,-0.0145648567204534,-0.288802546863085,-0.154108241265346,0.166660060665179,0.266455952670668,0.261755563893997,0.829893635653388,0.141200927359576,0.0994828649497643,-0.183911751628628,-0.0447803187781957,0.0525224269356973,0.0274275137820785,0.244991742820365,-0.312066083762353,-0.444700313451058,0.261050869793432,-0.438896087756829,-0.127788826617598,-0.0184759816936133,-0.257450664152021,0.0608827952314723,0.00468764198166099,-0.127412096007645,-0.120560092645155,-0.578198603425163,-0.518287842022503,-0.362974257688348,0.140013772334157,-0.257742306939794,-0.0691957570717209,-0.309041073790653,-0.376768164756585,-0.0274359071736602,-0.138147420674013,0.337434068818515,-0.149966820071529,-0.162050704711895,-0.422185512341379,-0.316101478149772,0.114075984345564,-0.105216150376592,-0.387886286417326,-0.217056410497393,0.105074433367855,0.208159302970633,0.421269005187577,-0.228947158570463,-0.168854395181204,0.151552205369783,-0.168991678442484,-0.191282577195074,-0.294415996554628,0.127605819913523,0.704211685755071,0.706217290955836,0.363007633128656,0.153539707125892,-0.57276392932939,-0.00480320102142174,-0.0595916346029405,-0.110420350896191,-0.0219636745566707,-0.484326222743632,0.119617073989091,0.442671429685098,0.189404250343777,0.473213033654124,0.165428202735116,-0.276804052161385,-0.00276420926849573,0.052683191500729,-0.00523557551850758,0.255910777792953,0.0684206136494092,0.185255425861431,0.314858130624532,0.152165895789889,-0.396911826957546,-0.262398790346475,-0.019937848455844,-0.311388829642884,-0.378980385579647,0.193117478071076,0.01601885519508,0.291075395776012,-0.174708514104689,-0.566817752175062,-0.249623720594198,-0.287001774342201,-0.507820077081831,-0.100502719639922,0.545287356457932,0.1406289681809,0.13466158893292,-0.0663147661033251,-0.0995207732809875,-0.297852637126654,-0.424663735672822,-0.202061623116706,0.0551173838022134,-0.551320323826995,-0.663981134017988,-0.35956061510374,-0.588813236694537,0.213480396626644,0.388346462366309,0.298997852174462,-0.20133880039562,0.0347224794865178,-0.150343480608475,-0.0859446989388163,0.0127610728748651
0.202489575609476,0.101097094633486,0.238211563624445,-0.166226170414299,0.250185109318015,0.00262531528969668,0.3599892153298,-0.0949798623925571,-0.224792870045412,0.128808786281998,0.163039806979076,-0.0224924299026764,-0.299498414249786,-0.0550290008715141,-0.366706271694327,-0.138625549200995,0.190176461449861,-0.0980834684790145,-0.314370262833109,0.0732195199576179,0.0834671645527165,0.163426028133858,-0.0284189207310453,-0.0558718707503958,-0.159734709756883,-0.317885758178721,-0.133926930566224,-0.139530053580568,-0.50732965337347,-0.318456149682121,-0.177868872518864,0.383300919882623,0.125907090037694,0.022362022510063,-0.150902033365589,-0.270217769378357,-0.589728474259764,-0.249048424798148,-0.127356506294095,-0.132676422457158,-0.0495259104202155,-0.235230769218283,0.0818164684091017,-0.122906614498531,-0.282453152173153,0.0802255543567627,-0.509342971203611,-0.253826334987821,0.0154929096314836,0.160938627511297,-0.226968967485718,0.117990327695784,0.28838640600079,0.226164645382331,-0.225881563925786,-0.513861468138527,-0.399554218358684,-0.392951320417848,-0.0887381932863693,-0.277973560966153,-0.420971046428656,-0.0994390572029935,-0.202689053593914,0.0320396147721479,0.0773548222016574,-0.2923892240089,0.0106984352440133,0.00466342928147383,-0.192950735194988,0.111341350536538,-0.0188145112981072,0.230946793443766,-0.0993007341436399,-0.107323442242326,0.0471622602333845,0.0908204027883245,-0.0605566104702583,0.197854157269198,-0.00918658959364647,-0.0726852177140628,-0.189719171586488,-0.271136426565988,-0.0132875087362783,0.224686526349234,0.036538001686682,0.0649843184860202,0.292155704641288,-0.0111941535551249,-0.0804375734165473,0.121928808641106,-0.708537159337189,-0.263379853468082,0.191852679550079,0.323177572443475,-0.0683047768773298,0.0377137072970113,-0.0286671392673657,0.408429750178059,0.320645781315537,-0.175485315457396,-0.210468032895825,-0.149495511087456,0.176957377575207,0.215651274468913,-0.137652250785562,-0.288790166617334,-0.21791003461804,-0.476471145978406,-0.0641054303442962,-0.2961971126851,0.00268828822504527,0.210212994804364,-0.0948420757960129,-0.197730471040582,-0.0362147992833626,0.155963412437461,0.275781845624091,0.200694783928045,-0.0259362643699092,0.167120500928537,0.485847109982481,-0.0367312391906177,-0.00686530146460926,-0.125856334569341,-0.131530413930453,0.259768769002192,-0.0417773535133706,0.0454671823848013,0.188077536187834,0.00207717637657824,-0.322579347617494,0.102957580676457,-0.153422747973587,0.00158816394335268,-0.0546838573187938,-0.0275315159613227,0.168536193063091,0.050181245687353,-0.262895586863295,-0.222717083438302,-0.381204172634637,-0.397690406810238,-0.354142122499029,0.134700396056116,0.17439964385684,-0.166798535359404,-0.0743597780435101,0.097364343186731,0.0428556336084557,-0.119197403957046,-0.263828395057939,0.0838469277288336,-0.237284513633754,-0.0604645217525109,0.189351919246051,0.302312720371011,-0.0399033437249938,-0.191923275999709,0.197169427782978,-0.136538725316919,-0.135735760209509,-0.109189205079794,-0.306884529222125,0.0474764769893381,-0.0698212540130628,-0.154049905081968,0.00329976924749666,-0.339244180781743,0.0459631773654782,0.364873860901391,0.184040647183796,0.580082441344049,0.151373499094607,0.390104512355646,0.534297786545142,0.0221354901053045,0.110853081766679,0.081909237858142,-0.139331757961083,-0.325654227424368,0.00910371106215248,0.139792703471335,0.149686614383895,-0.285030414201173,-0.289105941742634,0.0691572840056296,0.140873325382984,-0.164540568392047,0.402858647094421,0.349991388765144,0.385364993631884,0.00389767818093584,-0.0273904203397025,0.173855379047749,0.454376508311072,-0.340307321993923,-0.165925768091209,-0.0343848514221843,0.118953334042109,-0.108978291236961,-0.181751202000622,-0.11068340259667,-0.356170071717501,0.0513537653536081,0.43132196795593,0.108533803485067,0.300219411529267,0.204564617109551,-0.0570661878098107,0.0646195535037071,0.22620481445689,-0.364876163216682,-0.585540939692925,-0.574472428535296,-0.354901227184127,-0.135279857185461,-0.0634560412060786,-0.211390792361582,0.094286759382906,-0.0176536203978381,-0.151222839356854,-0.050409044925538,-0.0101622105543885,-0.407744661766355,-0.344613708589861,-0.210838459515045,-0.127124715925349,0.0570568157771504,-0.0648188052441166,-0.0220359218494792,0.0143263039469351,0.28590842831764,0.123200209297869,0.434526725653647,0.0524706327544867,-0.0520043467831131,-0.173941208214349,-0.268938513900144,-0.592323795971704,-0.341059708102335,-0.255244419713682,-0.106764014465094,-0.255718937646171,0.248670331596285,-0.0139363303503069,0.0862970215787911,0.328975563942142,-0.276620274900812,-0.221293766845391,-0.127906906634788,0.102741284668191,0.183513905223379,0.195413996430426,-0.245675217874986,-0.349085278913258,-0.22654938853638,-0.294927853880284,-0.286003125023124,-0.34662304862254,-0.229868794865794,0.150343715161402,0.0904116461858372,0.535768782443679,0.287556347376431,0.00313760490254816,-0.054426129842685,0.0804469740836292,0.115309412270921,-0.112756059763408,-0.0558491380798347,-0.728396134946899,-0.74291732827218,-0.288039564209104,-0.288717765128218,-0.137748764639927,-0.0311012328629605,-0.12364402407682,0.420352127119106,0.163159239280612,0.507618150413461,0.226407828811349,0.254127440416744,0.140306927360975,-0.392108244162437,-0.193055192726641,-0.108231810631279,0.309257836249349,-0.0165780012861653,-0.103300129327834,-0.376151509215137,-0.134316991853864,0.340304701318386,0.339091588686458,0.207076273035128,0.183047971636061,0.0279785196993212,-0.134621207206645,-0.0802037263612294,-0.0194181054824801,0.0160170423233885,-0.154012115527115,0.0734652696915169,-0.184278275160137,-0.526485519714408,-0.120705941286596,-0.647430362866941,-0.152566686435113,-0.350820322781151,-0.039556164498507,-0.0842613293055445,-0.260668097584441,-0.222648786297484,-0.0354621728712573,0.248049339917668,-0.37430668027976,-0.226723589906798,-0.0533497991770629,-0.0199328018281607,-0.139866301899587,-0.120456614455465,-0.0511494887607236,0.326708846901215,0.140475750175339,0.391099199298238,0.342823843863221,-0.0193930538197065,0.0888567488649651,0.203733445917428,-0.142473498821189,-0.203655423413746,0.0810952190539939,-0.0814185213814503,0.302042664839771,-0.13004114761432,-0.390698689325186,-0.10052417109914,-0.224063643065268,-0.247034290458224,-0.194817452939747,0.154196763932413,0.315740586547406,-0.0882567188289567,-0.173436968836398,-0.195486733676354,0.0936660182381614,0.129145574985191,0.135095559019216,-0.218314735167472,-0.244760661999619,-0.00697498176111847,0.0208624980273045,-0.418321056267856,0.0636605749955965,0.0693304826813137,0.578866849037594,0.586467966508387,0.241974159795474,-0.113952653636806,0.0380040896837143,0.031727313647223,0.118976734542521,0.0512031689261812,-0.356641438140728,-0.217696348588586,0.162897530220499,-0.514766536026114,-0.118242275564853,-0.192139244303605,-0.116949990837162,0.202348862895088,0.131975807475064,-0.231479111881229,-0.136357240830915,0.316265410336812,0.0201630031754272,-0.00370074968604007,-0.097212030729909,0.38757206949211,0.211023541330981,-0.172698334508947,-0.303283629271864,-0.0970591813858023,-0.119477999914351,-0.578359726985994,-0.250727913956103,0.0800757938519638,-0.113468382363754,-0.149989949640423,-0.116634323563592,0.0077231623300529,0.0282806908189485,-0.397973323100198,-0.199760575537381,-0.320391601755538,-0.0848896238929535,-0.401117974267769,-0.278491339010939,-0.0516462519683039,0.0864709237281262,-0.238062461539971,-0.120191695556622,-0.125716214165006,-0.10160479690964,-0.106929696680651,-0.0634629993878431,-0.139068005213759,0.31451181744323,0.228747093703027,0.0296326824214406,-0.252954146478406,-0.555198149887509,-0.244404263800674,-0.0786464094981109,0.308292645161622,-0.0123129555869956,-0.17576244082709,-0.207156098744566,-0.233879595967859,0.140634519846123,0.15651881092434,0.139570483318979,0.241880383424432,0.450881742678518,-0.122706720640928,0.0975852740890706,0.382770873047643,0.145246101950499,0.316327780314625,0.395184013560615,-0.0436384409411276,0.219975816417981,-0.207083568212109,-0.0437829667392016,-0.063074595764834,-0.125663515336747,0.131218224644501,-0.0447482172797376,0.128708591127782,-0.124167621164956,-0.405779223022973,-0.00405406675546589,-0.148949147850377,-0.295113841943006,-0.188504845641114,0.0593966095391658,0.16748969890631,0.123563975431504,-0.127418865073182,0.0430362927741489,0.114030085789023,-0.517046996381126,-0.204933877615183,-0.146356725560906,-0.00705402514737593,0.184482404212683,0.186543543573925,0.35643031500067,0.0176544093708178,-0.0526137037265907,-0.279532726018724,-0.140937188821125,0.160189693426732,-0.156308284819027,0.159161791963032,0.159225350392618,0.237548323087174,0.156789437759551,-0.181101171875368,-0.146209068788486,-0.0539607535724063,-0.345374950856142,-0.173727596216763,-0.203993841678811,-0.00748807123540918,0.192970302538416,-0.110740494888577,0.235621629393603,0.102859672742125,0.098728834343141,0.289845217914759,-0.163831675310425,0.220486044986377,-0.190592494539113,-0.121778784619546,-0.00486242635097925,-0.456363727584078,0.557613706280703,0.157601562284147,0.304172065053049,0.0910947091679227,0.251537675535908,0.323325433531825,0.251899792205231,0.26783630775174,0.283780694349002,0.100910177429565,0.170044892158939,0.252317552495734,-0.100854425009038,0.0461663899397207,0.176708689842346,0.515882080423141,-0.171346782057406,0.0706209127657488,0.0541196295975812,0.114657803221721,-0.130519107440024,0.0875536930412362,0.118846855212522,-0.226517519314458,-0.248371548190254,0.000455405330059548,-0.287064389004397,0.053551748402309,-0.277073374790335,-0.0758284780837902,0.0670398271798087,-0.254049645365801,-0.00224542755332643,0.0185791501717462,0.21846089041251,0.00978303530953162,-0.34431380675739,-0.0452499999584182,0.0726713016917414,-0.0523830206903685,0.316706166870245,-0.0803610345695863,0.169641494897994,-0.164582761808894,0.0395396133749528,0.677591072157279,0.311715574830061,-0.340375293791739,-0.362140335395334,0.280782422219766,-0.0405979397102191,0.266197976215332,-0.407166102156244,-0.259517870472785,-0.320822600097866,-0.0976697252897922,0.304956880566184,-0.0974236320171418,-0.0920502154576852,-0.094642131244645,-0.264308722858612,-0.19088946603943,0.327977540151037,-0.273156231032704,0.0322273263759545,-0.356557017874755,-0.33855277165314,-0.442503626711364,-0.239415241073491,-0.146936287457264,0.104386820083673,0.331670339477903,0.230913787165396,0.0624179012934138,0.101213024885748,-0.0375476370869964,-0.112601256685958,-0.599504539626696,-0.451846023306242,-0.231562973946179,-0.059271780627985,-0.00550116344247875,0.105317997313602,-0.133135482340096,-0.0054978967085923,0.0370491402946946,0.162204006659929,-0.116248375644762,-0.167560064426578,0.453195695656043,0.315868035949281,0.167672897858976,-0.148108048367505,-0.127249423582216,-0.162372946044384,0.290465638840496,0.47021160185912,0.0196578241422158,0.169864677891178,-0.333523445750495,-0.113301981822277,0.15867730683129,-0.207973916898459,0.0573847956350918,-0.0833694340306267,0.149808240301989,0.19640986227575,-0.168928469980906,-0.0432108342653096,-0.0679335829634425,-0.38367158863566,-0.227805673544748,-0.370444607191668,-0.261469627956937,-0.179012754984965,-0.149201882422824,0.343631281714504,0.182143070611578,0.147664789946696,0.29687615597203,0.152525833837832,-0.0715848825548263,0.157589355502922,-0.217754335717116,-0.390137262933321,-0.25755014234415,0.188908408402467,0.00871655872031869,-0.033055585150038,-0.333834220493803,0.404329821428489,0.484103222892535,0.175359789853276,0.204123263991393,0.253358488595276,-0.0954578781237481,0.365122996000316,0.24030704113358,0.278368425088379,-0.051805990408702,0.174424661029137,-0.00686049064836516,-0.282405288404015,0.0466160708867906,0.142573872771135,0.0396565701466967,0.451563526202984,0.380120083837067,0.23827367644892,-0.323757604791473,0.055761643538451,0.260116830705575,-0.101531610808392,-0.359277717245112,-0.47956203300062,-0.125675940649309,-0.264549443394877,-0.164535893390726,0.136409237913748,-0.118972658208795,0.0425246915948551,0.0369719735463954,-0.0788099399647527,-0.490231619476778,-0.176424985183023,0.077636339662725,-0.120531063528385,-0.124209164738241,-0.186438575548543,-0.0226496861390814,0.181167012852665,0.0739294208728045,-0.0820006456018403,-0.0187465959507858,-0.231433265780055,-0.471922390098534,0.0202127860995471,-0.153652180179917,0.100343685656015,-0.0113622890371569,0.0160990493622445,-0.113570548490173,-0.189541334989482,0.1503920776636,0.37534927669957,-0.0814037900246406,0.304870075216142,0.288933139116681,-0.1530917055362,0.16896393994902,-0.0920461065461809,-0.0907715117056175,0.221373153068309,0.153144470455135,0.250787973584923,0.24568822312172,0.464282855927001,0.0128446164880908,0.0661849382047636,-0.0123259705778657,0.15319040325551,0.315666796100443,-0.00611544804500723,0.00314492588185944,-0.243040740585345,0.299225429764194,0.0455586671841935,0.403486491211834,0.17018994932105,-0.294576662601628,0.0736790783883484,0.374675466480884,0.0802468870222164,-0.485656502033584,-0.0657420644087599,-0.322415588468676,0.265750454723962,0.215456908321697,-0.321449861297183,-0.0188540455968593,0.370761357147658,0.278408033780389,-0.170863667672884,-0.376188857414067,-0.500611210375405,-0.345750176794704,0.0377294490239972,0.439374247399258,0.0376035490695675,0.0666424682179565,0.278303597977102,0.141764556004839,0.356504840981595,-0.050777379741706,-0.48073649512514,-0.220634311002946,-0.296752002759436,-0.106442971893495,0.324349228701213,0.00207491363813148,0.0282339919964335,-0.0684989247642973,-0.365754445533507,-0.00427870661710757,-0.190259949174029,-0.15298469378863,-0.135343047375545,0.392428487441007,0.04466501857373,0.13457576240484,0.0658458046012585,0.347975392400791,0.198836180926719,-0.0954728033088625,0.0456969028028322,0.109469574777252,0.218132394414099,0.250608454036881,0.190200103162892,0.402818971767614,0.108873170349474,-0.419206405181314,-0.122200206893768,-0.0229369860043377,-0.0512261672727135,0.128100489077701,0.558976646427563,0.525488306499525,0.352961303789704,-0.0901315415705212,0.52707284312717,0.502047926688386,0.171363068255766,0.481246977947991,-0.124839316316852,-0.143794492175192,-0.261026904137888,0.0104558368042516,0.168270671638342,0.175443736222858,0.0761352842133322,0.0885147896979457
-0.550459640787687,-0.142937899909602,-0.17320895374694,0.295487487980273,-0.239157917864184,0.0219882013630396,-0.351385595903582,-0.233520908596455,0.455912910663429,-0.496510248838618,-0.316605573802953,0.0838751073747983,0.417481900535281,0.21249151344951,0.679316892512612,0.452696174392698,-0.371130189086028,-0.0233801831336187,0.56274612819144,-0.0863901939473,-0.439144286315514,-0.0746559509282674,0.129322583247477,0.190436312090559,0.362320843263242,0.493607441448674,0.377697777427189,0.356715418956894,1.21028848855178,0.487193120622802,0.619270660537192,-0.692981017662736,-0.54334957943477,0.0215354102094878,-0.164520146710886,0.360986877321272,1.09569125407057,0.483400090361264,0.581512045174074,0.603769793413812,0.277627118079878,0.376440161716488,-0.462227837839689,0.163623973721322,0.461463576267844,0.127338198544174,1.00885527313423,0.478670473042725,0.0503296003384121,-0.0433437182126719,0.533664425468269,-0.0841167183594967,0.0176282100538918,-0.225320644631887,0.437516370219144,0.62392777170085,0.388139549632237,0.796715631472125,0.289654851940587,0.409360125174488,0.798692514715566,0.390325732118308,0.507183121826125,0.0562914747654977,0.20359077283549,0.847651979888398,0.00761348055554249,-0.0205207752704984,-0.00778470292964827,-0.0870878541281112,-0.170295151623055,-0.397323844488479,0.528046561008608,0.135146567001201,-0.248747776330041,0.150139394477263,-0.0917713849649265,-0.504403353975403,0.263368597498273,0.124872760115449,0.0258096754466995,0.519856848549625,0.0667107354842653,0.00395593219629925,-0.20373089181389,-0.155685230272172,-0.385853493246524,-0.140344505192946,0.170491262006905,-0.00677870224030755,1.00972930181657,0.211004560889421,-0.256294943036439,-0.718832529014717,0.0670188728971856,-0.103928935614697,-0.175416332669678,-0.89453238344818,-0.394985248706875,0.518800593011602,0.482631503371059,0.0795431778739733,-0.52953031676781,0.108232770512971,0.173399621435862,0.584610302203826,0.651804110782988,0.821088581081754,0.169469091217291,0.378557691552293,-0.57292607825203,-0.535527697534643,0.113064814036509,0.268208168323563,-0.06233320111218,-0.45869308154829,-0.294874723107619,-0.169161375410695,-0.241544898306835,-0.690338910598588,-0.957685308177224,-0.13137635978256,0.35677136598486,0.711850788747452,0.14091201764334,-0.436861565423872,-0.081699656209316,-0.283878417953571,-0.126868513681831,-0.0503101812377768,0.84053912649416,0.0240389321980713,0.0600212548270554,-0.0471292049942181,-0.145707844923808,-0.240245209108651,-0.256087574904708,0.0382903809227483,0.167237871358725,0.541918903425977,0.615050772701709,0.820948570786472,0.63754239994389,-0.0641415720408979,-0.26774067276991,0.351483182887349,0.356809151152298,0.305260103961441,0.0590054655423217,0.276608877024284,0.269607459844261,0.205040783373595,0.38179729119232,0.0275404179802345,-0.227678543422399,-0.456172817153059,-0.119370018235982,0.192833649703225,-0.0274281714934223,0.233019002111951,-0.0232062605125604,0.372865835391463,0.586881106123753,0.0195705511595247,-0.000993317461964016,0.145505473900272,0.0452598209315803,0.746907577964843,-0.173205761475171,-0.571978412622639,-0.210986976720415,-0.582007445978544,-0.588116934946843,-0.57548775948208,-0.684313255708551,-0.0102358320436038,-0.0283697107560918,0.0471219921538083,0.253063597660106,0.308859900471484,-0.26689966834225,-0.213278138726231,-0.370389856682465,0.220957509489151,0.0318325311617242,-0.107902404978344,-0.194197082576241,0.00218814566545293,-0.949266247168616,-0.45257499271361,-0.533521469321788,0.0609122993777127,0.122963435724385,-0.826334358639163,-0.522345594025745,0.461927625622642,0.219274259914391,0.0860968369043075,-0.190810793906685,0.216160618116771,0.33297405916088,-0.00590554149889153,0.532456958083008,0.10316912422272,-0.744825967424948,-0.373298285251263,-0.483387632061048,-0.863237937967564,-0.129410118051467,0.066775367141428,-0.31420449951235,0.665588327937482,1.17975036971965,0.657969073914253,0.599959327933971,0.0233311856067158,0.105768514426967,0.411134812459856,-0.227954563932209,-0.0208769269293642,0.519557703630591,0.225752488266789,0.0861263469221002,0.637591465966655,0.795789056919386,0.182609499233571,0.179509259882163,-0.300724817007788,0.231332976812518,0.121356902656545,-0.103377478672025,-0.0694392875963099,0.00983193817246111,-0.930822263513178,-0.255166283983426,-0.0334298473472449,0.242847111286056,0.477746214212132,0.803715977493274,0.769134250598996,0.630005706875153,0.312887993975297,-0.0420710042316062,-0.457084664129098,-0.586177924195693,-0.0253187751854497,-0.807419025240579,0.218364095818038,0.339572632310763,0.0826487506725461,0.063473939648796,-0.383687314680593,-0.423609761156764,0.327750626698395,-0.233727036833094,0.327295271366876,0.360144046007218,0.557843961828067,0.922080272943804,0.361457179258113,-0.277862995245761,-0.206595440313212,-0.809512219401958,-0.260119027884024,0.157265421574981,-0.103537618737187,-0.0397915677163871,-0.0676471256353529,0.295661620994678,0.156646957098488,1.12960852613247,1.1137778819578,0.429078613477695,0.686540349202027,-0.0802941607420723,0.0731531761119082,-0.0472650794968876,-0.45838420070087,-0.288828443866643,-0.680888550866436,-0.598655669886608,-0.348812302472121,-0.157078771293623,0.468754244342229,0.411037357723472,-0.0456464937493713,-0.30013299098939,0.00259826783862314,0.419841445883087,0.772995125258965,0.4745549094634,-0.449715508246802,-0.483858323428788,-0.438837753719693,-0.195657309257277,0.068287789309721,0.514575129178043,0.26867970211167,0.155595093300894,-0.377148095324598,0.342686231500339,-0.0938340323964477,0.349283258360697,0.838580298225754,0.171910418426267,0.906450358664329,0.689318726871786,0.655942821172295,0.0652074093418153,0.511465231150077,0.404682068667319,0.0421404609985446,-0.249450204119549,-0.180783650340612,0.450827046332585,0.332431942104577,0.163997959096774,0.0754963398917664,0.127921329103029,0.116965175376318,0.0427324382944447,-0.206479356970321,-0.295031499410344,-0.925199819366117,-0.880773952729824,-0.267132450444166,-0.121049872419525,-0.0978269113198134,0.0531539862427535,-0.122894868292643,-0.0676780086874816,-0.016904684437913,-0.477260672857935,0.0233593801806951,0.544059293647354,0.158885056120909,0.418437796893723,0.336677530354619,0.222632627736417,-0.305762211518228,-0.472967055060537,0.0483746502478253,0.215982564938158,0.247291411215875,-0.161910049611214,-0.358732506235212,-0.214898011104092,0.442967480173077,0.545066421950794,-0.264537105055325,-0.300560429031517,0.476811401151263,-0.00555042774589294,-0.634416908308847,-0.926469850459983,-0.826411109418284,-0.794157963367607,0.217329339313769,-0.187296116467329,-0.0628074185990668,-0.416215637302532,-0.204656622778357,0.683294044038524,0.541368728418797,0.118078767685229,0.854449620830812,0.457958282639194,0.625450248708977,0.232528360314113,-0.360576754999609,-0.164025809608633,0.917880834948938,0.0582718309995264,-0.756860690192044,-0.436700117925459,-0.00200841674578811,0.33341640189302,-0.688603410817276,-0.389681457557625,0.372487445338795,0.14870700429602,0.405135642563825,0.327401323315244,0.877894325334903,0.699048185852986,-0.267802280062845,0.156285490757183,0.438116649981028,0.0599948310111762,-0.0739522362340907,-0.0749563348550127,0.527275873258122,0.211064246586455,0.411290583781898,0.22150967941159,1.17615481296858,0.566160847041345,0.243236208724688,0.18778296075766,0.0578633552227177,0.454765580207188,0.538173644031461,0.0388399086943956,0.427424925875478,0.42764861621524,0.0643908562429416,-0.489057487317157,-0.209131539192243,-0.286233545455127,0.512113021933057,0.77525849008537,0.682576044255343,0.184085267049801,-0.142184381973868,0.307577268571031,0.447538128861182,0.158816505206421,0.317305039474343,0.0380749175105028,-0.240471857697229,-0.251398627762592,0.0266579842754379,-0.581574396787115,-0.0620652751281015,-0.0978598954302306,-0.425531315260978,-0.057016201883418,-0.408685818575463,-0.636178006059093,-0.147182021572683,-0.469914615169396,-0.0438470217481465,0.21893749811686,0.177078414085001,0.216675514153834,-0.0689283665151579,0.26058793514301,-0.156014010648829,0.114183265653101,0.794176022016915,0.105731883081484,0.386117967200856,0.490965059422873,0.208464383660652,0.0567673785293012,-0.751512639273886,-0.256999639278432,-0.164838413373366,-0.10623009785862,-0.353571495320989,0.685001805844667,0.438514599492849,0.48334808261413,0.0325750058177017,-0.0606637365816385,-0.561683341695118,-0.494347291460239,-0.0788282254849918,0.0321680659169141,0.674858217414607,0.378407900942164,-0.182687405065421,0.235610526293948,-0.0765503322161197,-0.316073768707235,-0.85924238913326,0.0276119494539132,0.130324236447263,0.198134424926281,0.326429611531423,0.3849804750947,0.208458654253216,0.325718158997161,-0.0307266275162808,-0.515164181059384,-0.0313060574722518,-0.575477889265434,-0.286622619965948,-0.230159667790016,-0.360606777748422,0.43198023424564,-0.234063434508986,0.36194178199547,0.443082112014953,0.114546668529891,1.17783461495686,-1.06060430614751,-0.329283615356106,-0.204065456413335,0.0709283003728798,-0.295874569268047,-0.514692484705505,-0.154630452064631,-0.298010371853333,-0.191086213771567,-0.338627518592014,-0.521124731544024,-0.526118562789234,0.136531009962487,-0.22916556022429,-0.278653884617071,-0.987675240104633,0.440181539932426,-0.0947902106133972,-0.439822253550459,-0.0411368591553472,0.484865890540715,-0.127793595514418,0.183024032480994,0.915514217994567,0.763310939922863,-0.0552979436468392,0.694121508066843,-0.0253236344131235,0.134196811942197,0.0286564935452137,0.0469744505596581,0.218659172872828,-0.299853044310017,-0.14755409585335,-0.363793174734855,0.184688696869204,0.806455827095409,0.488595343468047,0.109156822766968,-0.0262104395808483,-0.614178778183875,0.11604650643007,-0.322020941403258,-0.126145181622706,0.0587974773526072,-1.03315733238511,-0.414950091528624,0.480901175232881,0.148137143418552,-0.36330161667172,-0.171828257996818,-0.507222040620843,0.552770087836319,0.573750905516556,0.830418584608367,0.375484096185517,-0.504265794989093,0.0381365675857228,0.30471666776711,0.532307472208813,0.49631588704609,0.543886476948645,-0.331326262607064,0.367917757815875,0.183785956718969,0.478639533008988,0.831023068449889,0.499969938686663,0.443909315474284,0.13252486009929,0.106822153345285,-0.582018958977062,-0.539691802391116,-0.0308460884797937,0.308102966916888,0.0115775423208937,-0.0796205524129816,1.31883392808836,0.985894214486577,0.420517437316168,0.14079469777139,0.151896704305759,-0.234633184636819,0.281663261110122,-0.103857331350977,0.199707711018388,-0.307306042448157,0.048463297295803,0.312143886360155,-0.746358960883793,-0.713562049158485,-0.225338568041272,-0.0844345596728143,0.383289587730704,-0.0941627475127187,-0.680284752145952,-0.396388473139367,0.0155678147905654,-0.141571540624306,0.261483699213901,-0.293132295362408,-0.39485180477908,0.277713036174889,-0.160315145306835,-0.133424579674278,-0.175687731579366,0.15235777828749,0.521139844642581,-0.0829450832839551,0.371520667334458,0.82496503606743,0.675721938924165,0.593875138264175,0.657893737609601,0.328352193504673,-0.237640201661611,-0.146954573535706,-0.36195047508665,-0.511661338660841,-0.340897244026864,-0.040910790625909,-0.325839756739085,-0.0584524394911099,0.197099191875016,0.736332296218491,0.345145239685632,-0.488331311498034,0.0254187483684814,0.0207762021755301,0.127620052447804,-0.850182256569582,-0.808934746185074,-0.275705899361674,-0.177405735426086,-0.128130377677959,0.149558428694803,-0.559772643090027,-0.259702183404173,-0.560386743873182,0.327592340243399,-0.623723120934861,0.358788454789155,0.22989753126469,-0.266458250586923,-0.293185800922278,-0.295875741361364,-0.630474688224857,-0.860250755787391,-0.227925687085363,0.543154148071798,0.197692267901823,-0.539237889160394,-0.0164469699009935,0.944426932491089,1.03663910492901,0.322718902779318,0.483606014132014,0.460673105603427,-0.189776900492818,0.110346243647038,-0.178966281994684,-0.282911981732879,-0.0634809506069035,0.915411013564421,0.889779136191547,-0.231432553362727,-0.184626142719393,-0.644571070379359,0.310480309001422,0.0427699390268386,-0.31924595247452,-0.163435225556854,0.367651764558244,0.514716704451352,0.368170887530175,1.01205732364037,0.0316482200171287,-0.0545647034785817,-0.107159028673817,0.079601529569413,-0.107078256199609,0.247762491313609,0.126857763540712,-0.247261312968611,-0.514985629212869,0.212597074869902,-0.497546135158894,-0.459176092770496,0.0123597049939918,-0.174459008360024,0.28065071244221,0.019462048541307,-0.337616434833805,-0.292627093537412,-0.764834814538327,-0.562767507839572,-0.665004499688994,0.0976421471330038,-0.0125051530628106,-0.401333754944002,-0.310247888793839,-0.421245483960901,-0.0609275790422554,0.142863701453349,0.318979785025728,-0.321607607662723,-0.244109895327284,-0.506016390310162,-0.325708682946777,0.49169105381197,-0.0330745827594808,-0.354047927495039,-0.230694280312862,0.75674744576541,0.425239713137208,0.585413359588479,-0.34827539991473,-0.402408934318544,0.217031145662625,-0.112989551124369,-0.350015402405009,-0.554666591968917,0.393905856585741,0.757939792554488,0.812843857816507,0.409671332883847,-0.145452031464407,-0.589740130400223,-0.0257984898544945,0.12593088058938,-0.124069246208983,-0.118585800521483,-0.456935182651062,0.0773642329624037,1.04650645701922,0.373628031816114,0.688200705945625,0.104828238390807,-0.746262954714153,-0.032980655956166,-0.0714767651193146,-0.140798914748044,0.247057634590984,0.170945299559396,0.215811286451523,0.710408183495604,0.421435644644898,-0.659469997005003,-0.346319558541969,0.156500218629252,-0.204941383082555,-0.38511911831735,0.170287264258848,0.00365393907703991,0.270942685990387,-0.0597146595454534,-0.652429766830598,-0.546494684250612,-0.244609769913838,-0.664414528835674,-0.0544508305596885,0.619727131294172,0.323123226697038,0.2808296461116,-0.0772181488588723,-0.362577657035968,-0.831322513052516,-0.857313564747721,-0.701943583198248,0.0604222682103875,-1.05713425020973,-1.11057435489765,-0.406967362591678,-0.711662872396032,0.130089576336583,0.560601426797302,0.697871152713022,-0.184124574732593,-0.0497367183391024,-0.298748590522669,-0.195303024285357,-0.00610750157134363
0.719398418369141,0.502579632200159,0.685154147577522,-0.37480494217851,0.399491658954431,0.0246695606235047,0.64032348189593,0.225101215665858,-0.52670980613296,0.415139108219098,0.448690377331199,0.208102427983434,-0.424648963315444,-0.353965792516044,-1.07125080972591,-0.622481924195056,0.333497680757585,0.00641102054953414,-0.84989915542166,0.147443834098463,0.494786061293321,0.19638482504586,-0.165552031263395,-0.293154181682885,-0.659628799073173,-0.962851806421291,-0.709628101538725,-0.485661175831889,-1.83063292828997,-0.977694237382894,-1.14310431275836,1.21040617950801,0.686736536036018,-0.193638445198136,0.268811226571917,-0.513139209620708,-1.7227429170193,-0.916888760685235,-0.972143677495976,-0.891155504775022,-0.402080045046303,-0.491480489949333,0.588765951030674,-0.078638482997107,-0.750091936284496,-0.574955482293022,-1.56640827275581,-0.784539736507854,0.111693745382618,0.300306896747913,-0.753195837894144,0.216700943540833,-0.0155956847516922,0.56030200390973,-0.598665057643904,-1.13833299164966,-0.880885945358364,-1.48429707006399,-0.525374439520578,-0.58973725479077,-1.4147073476221,-0.713645272956891,-0.378397751931711,-0.117998797900882,-0.398550588333521,-1.32151982070862,0.149219662848046,0.0157604183099715,0.05426100525556,0.377769314959579,0.0720934635549014,0.556521676769763,-0.629924236043445,-0.142075380814229,0.424575537361171,-0.0752967792793287,0.412744032877634,0.609776366093764,-0.347946020043291,-0.237537531161456,-0.0581455409427571,-0.905247668937265,-0.239735104176324,0.016820231365652,0.480691946832961,0.0288900236023468,0.761486396513513,0.420478751680309,-0.387958260365556,0.0515868033791562,-1.7191769182647,-0.611715687396382,0.516736809362679,1.20576666673671,0.0273922873241088,0.353598049061202,0.239121380130167,1.26136500677004,0.694115987647588,-0.456041685459947,-0.275994726227761,0.04346634999249,0.552045762942783,0.277091191766318,-0.0347565110192175,-0.77698015654131,-1.04026298449335,-1.25351630156211,-0.396046571979857,-0.364605345296962,0.653625753625999,0.750953181379246,-0.279467063873767,-0.264352046599928,0.0512996805650065,1.04027029175973,0.800538704697972,0.355204405018925,0.456539325149127,1.35093091352422,1.27755470213222,0.258915133224735,-0.5185601347366,-0.760987314064417,-0.164370704541826,0.487334006563514,-0.185018256737222,0.413635847281406,0.384390871633981,0.0835677648395195,-1.58372369991592,0.155154654076721,-0.451886032809749,0.324391865612803,0.0392144286097796,0.373812267554734,0.6661430977215,0.162229899934615,-0.47954684253507,-0.621560398096194,-0.712828005387097,-1.34247265452909,-1.2275222858728,0.140574260712063,0.735309657535334,-0.320284429663019,-0.509987416702032,-0.51254903150363,-0.531304650922027,-0.622220144280877,-0.618282026354609,-0.364722693752913,-0.557042577769721,0.286351588827964,-0.0548700683788841,0.964742405660505,0.00675556622906273,-0.241248442781176,-0.00248914009525308,-0.564279756417561,-0.0561576449742504,-0.549712212357251,-0.730957554983061,-0.00257733793979407,0.0549463004944203,-0.365392632085756,0.156180337080911,-1.0329272210734,-0.0164719688556082,1.10911944235833,0.315517777753621,1.20122446258647,0.779868075944371,1.10804084900902,1.37320824107308,0.0395649719436857,0.507210514157869,-0.136095847919212,-0.101739783514948,-0.260289578260333,0.442897219738843,0.532927322767115,0.179496782724863,-0.426075237342928,-0.306291011461004,-0.000248585646384594,0.103648617738716,0.00620422343778397,1.36371252776315,0.825297118644443,1.05973727118592,0.267168845092224,-0.0403000574266719,0.932943808593534,1.15605973850855,-0.622823078332331,-0.142618099255972,0.0292053618561268,0.353257869973804,-0.194593363036089,-0.21072461937269,0.119884813038822,-0.683753045860509,-0.209082979615686,1.23399267347991,0.602474377085411,0.845745424991412,1.29113455624514,0.0275770671044096,-0.134701240888127,0.483137703363183,-0.923890023748975,-1.7548310272521,-0.91308201970876,-1.1798972293345,-0.136571351537316,-0.0345776240469808,-0.607764209516912,0.0241482630289196,-0.104355392700964,-0.864779087465984,-0.283936315883355,0.0519672568089708,-1.05116867786946,-1.68588348481405,-0.0876682937204488,-0.341354975570766,0.543891360041991,-0.443911021916654,-0.438084852841344,0.246659383192292,0.463462885043394,0.102786864653031,1.67124890340079,0.349036744995829,-0.194355195321528,-0.386537310021209,-0.909353261828401,-1.60413262600203,-1.36909352118287,-0.57940125259302,-0.263398505390024,-0.113884899050316,0.661727931759081,0.896710222465917,0.454864442376851,1.17789288657165,-0.151266223192562,-0.2154721112337,-0.119703212265419,-0.164329462200576,0.653922701113475,0.815849285756557,-0.266593914556139,0.124836185725037,-0.432653345750698,-0.892425861156855,-0.943311741561316,-0.880777809142954,-0.730149748013366,0.758546794060963,0.282806076341732,1.06571976931179,0.434364179000723,-0.17820602806652,0.112107542197577,0.161425453547372,0.372999765963999,-0.86404431322361,-0.211538956714155,-1.97980140704267,-1.7136066307738,-0.848503500097542,-1.11497083092575,0.00227049016413595,0.105585381643358,0.255121803574177,0.882931041644017,0.392263349981207,1.28319153797099,1.00511431926236,0.642322019902596,0.103136277245833,-0.67597507784153,-0.60765702028983,0.0161001355945209,0.469123130384956,0.126129472111715,-0.458706274016945,-0.966693364978214,-0.908818420187506,0.886816488484183,0.873486821856359,0.861961850879137,0.520528891337187,-0.0693137859666866,-0.487413280104149,-0.373696751248203,-0.59091140588516,0.317512823914588,-0.530785114572795,-0.0384740045661814,-0.56943309552305,-1.14648272071597,-0.351052522141911,-1.88743503718404,-1.03080308642042,-0.97906754248813,0.190681564583655,-0.680609557680725,-0.776440797022246,-0.0165825368633437,0.119998410359437,0.354815423364572,-0.688461611606298,-0.417836465164263,-0.805200613242558,-0.264915371662793,-0.260223435934839,-0.126189985293344,-0.421858182852036,0.341740793454106,0.493151390136648,1.50297178114826,1.06422946681255,0.304372102331392,0.249422811725451,0.106598915511052,-0.0302749297514687,0.305072248241528,0.410610835824505,-0.0496162052264953,0.709882612473654,0.0467870714003242,-0.597451118373847,0.00840734633419067,-0.690280736973338,-0.877678386602674,-0.4238281896696,0.641192496130572,0.796076228398917,0.176380940625188,-0.264665083454645,-0.510016070021017,0.346970659968587,0.434145312341251,0.0987959712761059,-0.547026695774965,-1.10959093642739,0.614704325231009,0.173122261960062,-0.622967960115224,0.297089934905649,0.453262955156176,1.34001156500769,1.17733647094773,1.56381983748573,-0.295756526003326,0.342132153032288,-0.0756352080104414,0.85135458201242,0.324659004862668,-1.23519758494215,-0.748021731226524,0.243743515100357,-1.32998792450689,-0.760985763562866,-1.22081501626134,-0.613147889624472,0.51336160662195,-0.142724011809007,-1.18932471856193,-0.0057910679244615,0.932542636696912,0.470318362737285,0.0266181688331628,-0.243327883864845,1.06370273987908,0.483280466001799,-0.506209452756677,-0.310254779425589,-0.694191511853784,-0.975435203141143,-1.52103993798017,-1.15516510709295,0.125090952592951,-0.136204049491863,-0.642287109465869,-0.147891713828357,0.0750623057924288,-0.301056321897386,-0.786549455568905,-0.391378789723845,-0.781007980542965,-0.496336073364006,-1.53649045989715,-1.05744698536489,-0.270595851552762,0.114292263892086,-0.131828230442695,-0.506106255429775,-0.567379984412609,0.0818862603278356,-0.646025397857733,-0.666035922335364,-0.262728013392477,0.598683119548684,0.215000792421132,0.135710642047616,-1.06127203247371,-1.53779125052667,-1.09825926079816,-0.473295286115144,0.211333129502916,-0.161564312777328,-0.295835238283155,-0.0821702398650472,-0.539397919234511,-0.0495853541153891,0.0317436120551235,0.465874724218362,0.173492393895364,1.26684294366232,-0.137245669018426,0.290316825135013,0.593384063658489,0.33782156660209,0.39269030953602,1.04461287736028,-0.189076727785925,0.882247836611123,0.117869465015269,-0.372214489572303,-0.400942339007959,-0.313876366546617,0.06905896599437,-0.216084951242588,0.24079308892963,-0.207565585123525,-1.25893990708788,-0.342706159153015,-0.933913761334067,-0.772864880330271,-0.244629735389606,0.121716423766076,0.694326444787481,0.489894276061148,0.170635751483851,0.215690825833222,0.351719697128019,-1.12212674687952,-0.478616151724511,-0.876093609559119,-0.0480765928979876,0.248357687670604,0.700708908470259,0.820509722063688,0.328142999940819,0.0700334174151391,-0.683383549637127,-0.667913139081134,0.33970344267915,-0.344859305277524,0.244142643123206,0.906998174345783,1.07727905790769,0.220334561458398,-0.0452326062367285,-0.504043952263212,-0.813632311232086,-0.754129958708373,-0.337701023308616,-0.341515007810989,-0.0148514316218293,0.769436715749073,-0.12578840281941,0.630198931857051,0.370157302248821,0.511245877307124,0.463781863321149,-0.758014081793552,0.206963097445017,-0.358521553880305,-0.450071085411511,-0.669389139450544,-1.65520004178125,1.60420742563718,0.606389875595258,0.544718933516944,-0.057600806559873,0.738386462850561,1.07166077784916,0.314864376418355,0.479985431155522,0.699868760889427,0.445563388654777,0.551657880052428,0.61956663500056,-0.112529684899515,0.262828292795206,0.406722377106211,1.58255541692213,-0.580971728693042,0.11388118534481,0.600994046738704,0.284524856713708,-0.975676604907709,0.587248591289433,-0.141678958637199,-1.0550870243941,-1.16006062433218,0.188669047957774,-0.763185899837158,0.167393306450647,-0.333889632574992,0.135473459888565,0.249653403074278,-0.191144975588476,0.240817505101003,-0.0434209212015218,0.676499172373747,-0.0631019195006329,-1.09564928840747,-0.491625926213959,0.0937074706027232,0.0859192746810992,0.951275706942674,0.11509460721551,0.20136600801419,-0.0956661827225171,-0.165671336503105,1.76341373254079,0.690230813635782,-0.699571400436475,-0.701136465269328,0.7912920652213,-0.0159063844523712,0.570370853352544,-0.82215178372468,-1.03356943360186,-1.46097925294799,-0.689810332062761,0.677961711102951,-0.0783131840606191,-0.0955655687920906,-0.665305405816168,-0.848297655911714,-1.03303865937986,0.437208627241286,-0.54275096007918,-0.165893024541856,-1.09802868503084,-1.34815169816583,-0.746194551510978,-0.697010505041886,-0.342337121864196,0.0669921434351766,0.844213684149471,0.933469762186972,0.230318134795039,-0.166493194713557,-0.0634604414632992,-0.148602649273416,-2.04395754983979,-1.53728767016726,-0.54936217153424,-0.213448084762007,-0.363859880035174,0.486704667141183,-0.295657108871278,0.359847724172043,-0.2943390678502,0.476891446442316,-0.115273321131242,-0.454584177120448,1.23659230276418,0.935526996302416,0.689354847478225,0.0332025166793671,-0.52481923130106,-0.185627664753325,0.863715232236398,0.683291085189266,0.242796403441501,0.222393873110144,-0.221820385476335,0.357001574108772,0.3147482890906,-0.580576839225603,0.012453960232592,-0.130677348253175,0.329660520480237,0.134816850808355,-0.49592238773953,0.187604297111635,-0.636136613326114,-1.21149896275187,-0.920696225687762,-1.02191912739602,-1.11507309361872,-0.588128366079103,0.399348285191133,0.354280575880672,0.4667624441524,0.984920566394291,0.649050184973941,0.537464893416275,0.224772310737472,0.0253877693714395,0.0751590404893183,-1.03339361017744,-0.679489832561681,0.78345111567035,0.0533189276969741,-0.192586820886645,-0.403640143230773,1.1399154914661,1.09520697061427,0.34631726119895,0.522573030160842,0.424694505624206,-0.281645780036663,1.17886734236589,0.440582917392416,0.828974578716949,-0.250854618628971,0.701308011079263,-0.624758520984185,-0.454803741599221,0.165544106941862,0.589968813148346,0.50712647957503,1.10315035952568,1.14507223612588,0.877319214044544,-0.744630019159892,0.0659119770014118,0.626985049217185,0.162219361459602,-1.47496289085814,-1.43010647128108,-0.409446526426191,-0.361792768697716,-0.77885372706035,0.26819663234435,-0.56780760935654,0.34220492823705,0.295192088167424,-0.0343521660834366,-1.33591541531388,-1.23458026909163,0.151781399549975,0.155403086358326,0.694397309936143,-0.469187208224907,-0.119939930007928,0.49708674813015,0.0924632395683134,-0.7250692203396,-0.476452340726302,-0.524062254290787,-1.66608174149017,0.157011545722368,-0.128351946053124,0.401889581842798,-0.0945301442186492,0.128309436388429,-0.197303592839625,-0.479047355879043,0.682244589648036,1.03152698913147,-0.496945604078146,0.88104160415333,0.655899508351854,-0.0442389596047804,0.124628559380153,-0.154976932259565,-0.287584102876155,0.419147139902985,0.61254534960078,1.19568089538251,0.973300344137535,0.928433682287221,-0.511674941282601,0.214868600957571,0.195505624750592,0.552390214903879,0.690706503039429,-0.173219705252435,0.224043354898516,-0.514099569841407,0.538134810235547,0.327044062834719,0.839402695738631,0.517244354352889,-0.445392070851526,0.3993305893494,0.721629532482316,0.435252200625672,-1.02472857360705,-0.677957647016327,-0.821828712822385,0.3643199658492,0.495400741531348,-0.34358026382631,0.330275614297894,0.533901153064923,0.641058227214716,-0.579524565331831,-1.1258550650412,-1.55218469838593,-0.686660075891893,0.280017353737563,0.663511715931324,-0.114396687702064,-0.251184212195661,0.18108756083891,0.48051086692159,0.625339255146244,0.188417150322673,-1.44494858223164,-0.504505990470325,-0.693141152680666,-0.309999586025572,0.931533252385043,-0.0718010565093071,-0.0384071025054556,0.345302234842851,-0.757068537572161,-0.151781669624916,-0.59835353441339,-0.8145433536674,-0.408840807971492,1.15193678252678,0.739989872303426,-0.153766402883468,0.531647808516993,0.695689561766996,-0.0514676649305941,-0.0610507009006374,-0.432684270125544,0.289852818184821,0.80379185568999,0.603951385567669,0.360310171475204,1.2364451522453,0.186943570967054,-1.00720045346377,-0.285979309654471,-0.599832006471939,0.150086793465106,0.436208448109108,1.49589452587853,1.41586780056385,0.989546627844594,-0.302257366793806,1.27892490692128,1.76570705355971,0.702332273125306,1.1347251562169,-0.340095376555113,-0.761510813928109,-0.806753282252705,0.221172496557817,0.0990821813361946,0.295752388762545,0.317994203577008,0.161273052533164
-0.0470203021383629,-0.0940842569787253,-0.164562449015209,0.172576493132516,-0.263024696454652,-0.123702099720063,0.0430595446914337,-0.127895783043594,0.0133075250027923,-0.0891170538790557,-0.213941787911487,-0.0804617220896323,0.134454567058492,0.327450031524294,0.362051516381162,0.114580645591424,-0.140279563428362,-0.0377195526507543,0.224899055367199,-0.0656761117556124,-0.340795568725576,0.00977287174139083,0.0298646358590464,0.0734080341578334,0.192253962135808,0.123783372440454,0.0891637836906059,0.231267334272829,0.357827491828487,0.198401515255326,0.357607543741048,-0.202399969634552,-0.298487941449195,0.147015971769098,-0.114187133771494,0.214858117029731,0.416059765621822,0.0835471037934962,0.135141567733369,0.311074003459361,0.00908729250524409,0.0596915925410037,-0.0772223242462779,0.0857445723054509,0.171211969827309,0.130401869861366,0.273914019783015,0.135209499393503,0.163738174460272,-0.107279366957833,0.162621253676425,-0.0627527906412505,0.119361973316277,0.0104655744455265,0.0448113314092464,0.279647787527653,0.0886350545596838,0.190484402639116,0.166596925364027,0.186367002262332,0.204117449928201,0.0984786515673943,0.0669095819887214,-0.119767872764501,-0.0246774300451864,0.478302102588217,-0.115724965676013,-0.171569096058902,-0.0571595370865384,-0.156111665173063,-0.0676815132129602,0.0318922144091696,0.046279826233893,0.03042932388206,0.120706056341727,0.107184227852574,0.0240696164080679,-0.118019737496904,0.10419260980148,-0.148308843254632,0.0545144904672876,0.252006416921708,0.0654671457853065,-0.140477002435027,-0.18500284482151,-0.00599582610317131,0.0294023627608624,-0.149166508915065,0.153626836059223,-0.162383746742832,0.223038973892297,-0.0309557168028932,0.00849288842682658,-0.367350906521851,-0.0204568958693397,0.161134501491075,-0.113249868693733,-0.453660289985551,-0.112255459295683,0.122754400824636,0.0292694406104137,-0.0843892216880836,-0.123373357372544,0.00168585327624528,-0.0744390984756176,0.125440115424342,0.273306966327985,0.297891428815213,0.147770174855914,0.0981154835141407,-0.223945553414852,-0.0465909019075438,-0.142219770996502,0.0377114505805562,0.00305181236501244,-0.219688640959866,-0.224533181303308,0.174213181165575,-0.00152939785511162,-0.0863318073242713,-0.395597688998763,-0.0658296568163055,0.140142132420876,0.0477758223076655,0.153340639125567,-0.315673839327321,-0.0338123010057878,-0.194599493440823,-0.0561614506040673,0.0357829452650889,0.455950629238122,-0.00505392688812058,0.265482785169258,-0.0937070041542821,-0.0650139556115499,-0.130280546446826,-0.0517850292990692,-0.149478511188034,0.0408104902690401,0.179077005084083,0.257327412631565,0.41151973431416,0.286671004413894,-0.0445751651107961,-0.115073516187096,0.218680885145456,0.315032711577801,0.0326052550995719,0.0801532363160888,0.174985496352625,0.198169184020367,0.211474101588031,0.210797778034102,-0.0317470956685895,0.0297378490992271,-0.161232609326328,0.110083392989541,0.058504112168548,-0.0634827873451635,0.0512454309320754,-0.104293326531762,-0.104070995520403,0.269874729346773,0.111681337666252,-0.175271382450652,0.308179310663719,-0.0397421161739412,0.209633285886265,0.119512247825588,-0.199478583599081,-0.250933947841041,-0.283087531195674,-0.195133338275128,-0.249937742172959,-0.0839644185066108,0.00867966034857313,-0.105466641653667,0.0611052350635717,0.143892461581199,0.281947150039844,0.0300239927058681,-0.0183617552150744,-0.117340513735224,-0.11978192669282,0.140307505401582,-0.15818839025445,-0.0977422382716909,0.076110996069379,-0.384636961200069,-0.189399823117644,-0.237414779462819,0.088566684198453,0.155148709788428,-0.137380631414841,-0.362835421625507,0.0849550816024839,0.0799551227075288,0.0576911743396931,-0.186847556238366,0.111718653532237,0.0176067469492197,0.0335197702070174,0.301112596317168,0.172296076063489,-0.298709548792495,-0.0787116743147996,-0.246198556837399,-0.401810693998129,0.0212736465387366,0.195115352193746,-0.0500469936141548,0.254020442691688,0.440792094455466,0.20786984456918,0.0433476914016648,0.0100494685312563,-0.0384746861738175,0.11507188059102,-0.141481807150999,-0.0165898173049888,0.265744067393918,0.0969223838677516,0.139929779571505,0.348309155018178,0.506448463134664,0.0328229551907868,0.151982178040869,-0.148806162801308,0.122204040995207,0.0659285551850827,-0.156647496579105,-0.0341661397879206,-0.0954920842079602,-0.314273885010481,-0.115471244768732,0.13590933766589,0.0788565571421646,0.154422009429175,0.321420038118655,0.220740129174035,0.0514119348386302,0.0661250775743675,0.00812030142782343,-0.125705767481782,0.0318965613242367,-0.0284062925864111,-0.452007510457728,0.0314036058207684,0.0928582645904472,0.15947492659976,-0.0543042598952994,-0.0524246122874451,-0.17438137215281,0.0239774332135107,-0.224946056233827,-0.00481062029954982,0.293723633288217,0.428289200121186,0.378645639537322,0.239619270356322,-0.189841316617273,-0.0621476815996101,-0.362760795431981,-0.136031061407871,0.00644540774096714,-0.189809384380213,0.0545949973742521,0.0466852421987583,0.327866757528364,-0.038902164125377,0.510865364559333,0.384857584369877,0.149856725923302,0.187705064956301,0.0741679435442341,-0.22355481244231,-0.0163131228040597,-0.147078897936797,-0.0944032966664151,-0.265307893206506,-0.320196756721089,0.0298788947877499,-0.00172851248863983,-0.0214684297219035,0.25316392152906,-0.0958553489979734,-0.0940738964527142,-0.283313438305036,0.0055953246288119,0.0565389670355911,0.319455512155769,-0.0867098473930535,-0.254115488465769,-0.214118025053889,-0.0297844826502146,0.121071770538786,0.093366369686092,-0.147256225541876,0.108179232805766,-0.0955463983698311,0.139654899480231,-0.00595226147612219,0.249361085741314,0.221374467260044,-0.0594155502936817,0.426363273712861,0.0234659243144179,0.353813150034325,0.0302328331598215,0.115196950669274,0.0911511535249654,0.068125950607988,0.0303870172154496,-0.0459491901209224,0.202902670204764,0.0946702198081673,0.382733646378132,0.0659832898072182,-0.116304304816681,-0.0180206475682286,0.0301517843331259,-0.200674143270671,-0.0593755649923341,-0.367704195239633,-0.471518966860633,-0.106818206754707,0.0198493757132676,-0.24512906369382,0.102006010480734,0.059142452667265,0.004151665762541,-0.106092235672894,-0.235270099583366,-0.0973089939200188,0.183093883401737,0.0949778109346042,0.193255189764566,0.324449677842473,0.136649390380921,0.133360493989177,-0.292945379682699,-0.0783342396543406,0.197312349900219,-0.000886197877868228,-0.271492775739467,0.0680745553079291,-0.17527512549609,0.184978927418733,0.338049148974636,-0.147397420839109,0.0175145192771941,0.215120437352836,0.0924559720793155,-0.141032890625343,-0.273905473730814,-0.353058876142125,-0.370002301676938,0.295256101187347,-0.107090674630897,0.116890171521492,-0.0733180371469173,-0.151745362666192,0.28496429602427,0.228871147868691,0.0470733802402801,0.208270762068399,-0.0277576743704976,0.337284986763148,0.0676954493228931,-0.113494263033232,-0.0240088569892576,0.326439365587032,0.0951490614515638,-0.362522787332542,-0.149497068928284,-0.085664262290575,0.125133286587377,-0.239696692711139,-0.0365527501223844,0.164507702118829,-0.0625283771993732,0.0316240804206175,0.354544176361475,0.265908767042111,0.261478652707947,0.106177078058528,0.149867776534077,0.0628848695210087,0.086748362241043,0.143103660651961,-0.0839268389807583,0.309066349679257,-0.0067383296420907,0.250976426833379,0.0998453665958365,0.272519988189048,0.357710760566667,0.170288587961722,-0.0969701010410551,-0.0611548718489409,0.168893557770082,0.0404963836447707,-0.0378264562779723,0.224110949815508,0.213842619462575,0.0447335998542987,-0.122565183612916,-0.16061801394089,-0.0127135875993968,0.254606445090121,0.387136356193863,0.178379770677252,0.0600424922304776,-0.0845111204309318,0.144275582270122,0.25791846489597,-0.013910220737246,0.0349915507123596,-0.0929457446748754,0.0563607644506466,-0.13927351726717,0.181041936594514,-0.289825276155779,0.152744136838079,0.0780268826559302,-0.115716638397117,-0.0776881626083309,-0.0127788127890751,-0.306563629625091,0.0159391516467585,-0.124490300315607,0.0510345437266063,0.124650086180324,0.0878955027766576,0.0280806574061473,-0.092995474460551,-0.0468547160071398,-0.0336443197171999,0.0421807890048855,0.265883470486566,0.138790934964368,0.266171781096669,0.0216183645561527,0.0613945328656192,-0.117780593667611,-0.0327616656407509,-0.167986849700292,-0.0739091024714924,-0.198320560900973,-0.160916878445437,0.384884101750427,0.171003521628981,0.29420119464604,0.109123503718476,-0.188710431772343,-0.294514925191167,-0.181347689169898,-0.191030813941182,-0.143861332918552,0.21670090880968,0.19509215743903,-0.169358616910291,0.114548480621942,0.074674415725388,0.0671276626520227,-0.316756258642721,-0.0548141496337809,-0.156146326220984,0.19941426158011,0.175601710423866,0.0852685784713105,0.116216605758504,0.0472007202483939,0.149479455393273,-0.0796102292477068,-0.175659746986646,-0.2196428722753,0.136393408020882,-0.27032562285065,-0.203398131754403,0.15719948148344,-0.0606479071123548,0.14158686373844,-0.0358665211294665,0.0445451573971531,0.349949784141758,-0.268161112571035,-0.070213961693806,-0.0163604487708789,-0.173599186320822,-0.0793058704111837,-0.404393327668895,0.0658996589645433,-0.170636056693972,-0.318411721071689,-0.0782840297588137,-0.0225382713660692,-0.23564391811321,-0.0398995959923961,-0.0990846168960664,-0.154201994145914,-0.402406275180597,0.194741116451008,0.0114636734429565,-0.0833322935544876,-0.011137690613909,0.186477795052933,-0.192760882418578,-0.0777155319819292,0.265805055857237,0.203848159573555,-0.0643886073725545,0.214309318009355,-0.199816344939094,0.0043659820340871,0.192820998459767,0.193552669249219,0.048660543790456,-0.277268370698031,-0.0876633036614534,-0.0888492641574391,0.0829701378786002,0.0645211748685282,0.282470111731829,0.0834383158377381,0.0579590862087993,-0.114221709113295,0.171818033810015,0.0209599855984074,0.0971833094167273,-0.0274548165935629,-0.285411859556191,-0.0867061417008769,0.111467593375033,0.230892462943029,-0.0812703113545476,-0.0462041282102213,-0.176815873947682,0.279469218048458,0.202320279691314,0.244404995741126,0.0614155353906598,-0.190588106482061,7.59041680522769e-05,0.0789066789878121,0.0285551768489545,0.324130823680936,0.154957630953355,-0.0684928720940633,0.0551367493323333,0.0997034485612606,0.301943818793221,0.426632662353051,0.150667010489637,-0.00216996513554035,0.166078888029225,-0.112438432431548,-0.184813570495321,-0.149600976131139,-0.0616770019114151,-0.00264803886136847,-0.0246307419491563,-0.136733440110711,0.520008061682747,0.309378412979784,0.325029717275935,0.0791463748497376,0.178218848403568,-0.0683119419142126,-0.0121624176441992,-0.0714458472270935,0.197250247489322,-0.0957324888934026,-0.000846197915133226,0.14225353553944,-0.291133171542812,-0.269367821493683,-0.353173908083342,0.0534593930870929,0.14356531034922,0.162207248976228,-0.343622161137563,-0.101362053795417,-0.160308343645797,-0.15230873753342,0.193424400545197,-0.177593454150484,0.0249061109175148,0.213646723866979,-0.113970009297198,0.0394068068184462,-0.00566421684787102,0.0618112840465393,0.106679062148605,0.0352593192850729,0.0541985443600025,0.271327081268479,0.34506589071544,0.298305496894405,0.173140247126113,0.133836958024992,-0.184716571559067,0.0529319762637637,-0.177187031692171,-0.164950608708935,-0.25554607572144,-0.0488240946802616,-0.0203146869599345,0.0825611477252556,0.112196044530297,0.24175279918244,0.118984426928991,-0.214058379457104,-0.121769892140593,0.00244237947730843,0.0593141430779855,-0.413061715790778,-0.244335570666816,-0.13133839471384,-0.177123706602072,-0.184008366442421,0.126067000235544,-0.31871584636751,-0.211759252189168,-0.231279154446565,0.00298990427363426,-0.170288490902421,-0.0871845099293141,0.112394847430854,0.0680578472765308,-0.171167256112833,-0.104546538181288,-0.247293186307063,-0.118843787062465,-0.211874283878916,-0.00268660961034792,0.0365529146710915,-0.104554725444575,-0.0383343902998049,0.212870878070557,0.280024862174494,0.0142430310777264,-0.0194090896597294,0.0972549706819104,0.107978434235381,0.11627014893734,-0.198140001632613,-0.198305561351782,0.00118790654970952,0.265357561440085,0.282864795226833,-0.222494438558071,-0.155575135127555,-0.1562708816324,0.066172652077722,0.106065533226304,-0.0854847141515267,-0.149100250201904,0.258897061323511,0.271679618167279,0.252459965218894,0.463330011990055,-0.00523702796705301,-0.155310270236001,-0.134252067464705,0.0310089374054907,0.0202180940751611,-0.0281535000621065,0.0470963119427674,-0.0949872053102989,-0.265117648924643,0.133898533518909,-0.238669331344252,-0.239778740533306,0.312426981050089,0.058431490194727,0.113017127175138,0.0905927816501656,0.0216421900497685,-0.060543759042985,-0.130169766641875,-0.221129191170588,-0.272325428741149,0.00265839436052508,-0.0902608035315864,-0.132642117721849,-0.0283698294800346,-0.21180646509161,-0.10330987330226,0.0566863243397935,-0.0164206658163775,-0.104556236555601,-0.0168713096564089,-0.118776871994783,0.091099317560067,0.119402099055917,-0.0672639309664127,-0.119908193809621,-0.207772336179413,0.194884611986461,-0.0473634220922098,0.0138607033261772,-0.181947978484118,-0.0280048618000575,0.0593530509842564,-0.0282156766255762,0.00255944198144652,-0.190752929274229,0.0216128087221098,0.431894214108799,0.377074034741661,0.301256196462682,-0.0704612978136338,-0.34364441458896,-0.0956029167133132,0.0281275057740751,-0.0650225913952568,-0.0926201228098859,-0.183221112381166,0.279216633464341,0.264928118708443,0.214469119314884,0.198399953404245,0.0928530609953126,-0.154205905956767,0.211080692479834,-0.0932183349645141,-0.173843338328848,0.253671257384897,0.119522215194194,0.326040421847247,0.117323284492876,0.163341133219381,-0.169868064483801,-0.0528551036199638,0.0106759855424724,-0.158510866073111,-0.218765299527869,0.270732406942377,0.151960984514611,0.0180997118666596,0.0517681064362577,-0.315333386826449,-0.231933527732864,-0.132303676350925,-0.245621447294892,-0.168710774028263,0.336510376677563,0.195041865881572,0.158024074983745,-0.0205742844075634,-0.137975356398277,-0.403962843705867,-0.194272771956736,-0.280280136963463,0.0568682808624333,-0.347086723555787,-0.309515235351092,-0.285793328233659,-0.373537162846414,0.14849032999573,0.294546701354324,0.212964816447962,-0.296668789709715,-0.00186121340204261,0.157642517757342,-0.0102202456854803,0.123748540939337
-0.415713221342759,-0.331067605551749,-0.178047845209931,0.149998130970376,-0.163147733124055,0.0963335429975405,-0.311856067892679,-0.079320641972452,0.218837359572967,-0.141601920275651,-0.207335244274408,-0.150834262432022,0.249319335626667,0.124779345429473,0.396613824789873,0.334843672734797,-0.245908409539728,-0.0791486428870835,0.598654925991985,-0.0896985776745334,0.037751872325316,-0.129554183342144,0.204496867343126,0.159316762799173,0.479457652117074,0.579628370583023,0.390742998457934,0.440633156048545,0.749197503466981,0.219350952491386,0.365365936589054,-0.576383527478841,-0.39475818182571,0.112511088441643,-0.0770853012936567,0.326165228566984,0.920210458775721,0.457857017889244,0.234530811501607,0.621435131504393,0.161544101191598,0.3209436737722,-0.375572720514489,0.0321128640228051,0.434719192042045,0.434121352587095,0.746694772094428,0.381625984078152,-0.118852454776092,-0.264533002799476,0.306002347000772,-0.21726483879747,0.032327414604648,-0.261898777492538,0.27318863989494,0.497924468629573,0.310554034422905,0.560661864577824,0.278286340474273,0.284234887045259,0.599675004090356,0.321981394729982,0.25805717954261,0.0325479488637968,0.169454758389461,0.56496896805486,-0.0203554332582272,0.120080580436721,-0.12563086411538,0.0282917179124144,-0.096871442681134,-0.36437598840856,0.360288935524022,-0.176166541394218,-0.106613295036156,0.0682321050523826,-0.274938997914175,-0.123119818268148,-0.103177582418631,0.0457050324126258,0.079812071925177,0.36363676608978,0.106808844765286,0.159964606060245,-0.18065098590389,-0.0460572175806381,-0.21094223215368,-0.298554680193197,0.00139795405742291,-0.147803715548191,0.656232145465235,0.327330343020544,-0.324321299688997,-0.598855971477612,-0.148268119417033,-0.267863299385565,-0.0259472276050675,-0.78679814953292,-0.250626590884974,0.212460688703195,0.286660679988461,0.165783118161299,-0.253530711131829,-0.0962834944564593,-0.0557178363218548,0.423089776306956,0.471459487247883,0.651170543870468,0.264948407663,0.145014238118653,-0.362702799793251,-0.305886360792211,0.0347348781201962,0.13587489618821,-0.231303532580444,-0.474942014175357,-0.398136741872983,-0.233155912701338,-0.257676691215365,-0.51770385934057,-0.67112027357264,-0.0926608266340485,0.302775982176441,0.400501406006079,-0.0753736661177789,-0.39494215241772,-0.0464955316700522,-0.331209699795585,-0.167420816140063,0.058835706512971,0.644508474284712,-0.192007153260692,-0.0365105017841275,-0.145034360470914,-0.139781221365854,-0.227318087067785,-0.0440229410979801,-0.123467318220575,0.126243418600707,0.35281952132962,0.425806669484424,0.709342751415488,0.512924898734625,-0.106621034542159,-0.33160664397052,0.265383797585481,0.158341603132796,0.237136263987606,0.128536590416627,0.176434297503991,0.267535460421304,0.0191935147578783,0.317244537182046,0.117212449067965,-0.05767530802869,-0.554940424253777,-0.141955820358776,0.110089831141348,-0.0848823446921122,0.254120558850497,0.113709988953968,0.17635833959685,0.415308094426738,-0.159051129751193,0.0453676319425962,0.0454640551228842,-0.210826361285102,0.624240878654513,-0.0163948128327916,-0.471823677065654,-0.0535135275041231,-0.529933070162399,-0.457111487843471,-0.515201560161111,-0.560958616764004,-0.00913395400505873,-0.202747984180229,0.0809846041505007,0.19077968368174,0.286176954829855,-0.261569810218507,-0.117745627224406,-0.22395570770291,0.179403064044492,0.275941223578503,0.0320349834255457,0.0168885943099394,0.055487376615343,-0.59399904117658,-0.549612744154838,-0.393916629463156,-0.032365972828312,-0.2026701889216,-0.259586357317671,-0.464172508854918,0.139601293512156,0.057242808777163,0.208399282833274,-0.241359295325641,0.254086973827689,0.256952995334352,-0.220210902086879,0.216879524285654,-0.0465521471848592,-0.691954854083656,-0.284707125031599,-0.406270059986407,-0.555599920763928,0.0528201393934181,0.119337757525717,0.124740422738047,0.537598126724481,0.826680594624687,0.441439937485637,0.413129814509379,0.265488155771755,0.176227150562022,0.178914822648718,-0.060720189568669,-0.107000453363004,0.346031886168871,0.0189703756251233,-0.297990729649275,0.427981336223631,0.839545893701976,0.125168718198658,0.158282020679183,-0.210674591919967,0.332501340147244,0.106776771866348,-0.00641272390951642,-0.197482136620126,0.0610635738525369,-0.768896323898162,-0.17272442584221,0.108155164799252,0.342281027665256,0.369378353829897,0.829132855461423,0.514168276159795,0.237585002938004,0.107502815364523,0.117869536378254,-0.414672623547068,-0.454523701470339,-0.159646948581278,-0.595468718312573,0.226236845573363,0.152222360470961,0.0366884767833409,0.0733781305896846,-0.304082698160753,-0.368947574597412,0.11804568535318,-0.179553175655586,0.0967472462362559,0.366580136445866,0.590592728213649,0.613471402435529,0.450412287585132,-0.263670606949294,-0.140225842368861,-0.470953468974796,-0.340965056122262,0.137620809150016,-0.0132885716140301,-0.315610124380479,-0.348536665143371,0.378185310209395,0.177673188307211,0.969704805856152,0.811898353931833,0.412762916461182,0.595877291398187,-0.185419328770201,-0.10011633627491,-0.015379761704186,-0.402368411990552,-0.168896797516742,-0.46099623600851,-0.477116058024794,-0.272402297888524,-0.217703065502703,0.401193782175067,0.422888011211142,-0.173609587872961,-0.0662511136157154,-0.156932761102197,0.21640083628261,0.494557401697053,0.451842451303663,-0.332020327247919,-0.50209072393562,-0.46993878110635,-0.309712379983085,-0.117449456351213,0.269577925828454,-0.0071725402400605,0.274161217925261,-0.0764257755871528,0.292674899406347,0.147520190886964,0.241321829473767,0.518246993873606,0.0411855415332324,0.727539756250687,0.398112717725688,0.479115542552528,-0.000383912644565082,0.203043281075864,0.13090524214384,0.0415686136733635,-0.131206787378834,-0.0916206860540612,0.393921084842847,0.181266782892727,0.253291641843724,-0.180830588726202,-0.0208362182166494,0.129739370234053,0.149079565794289,-0.0550583908724942,-0.194326645701815,-0.626696995009898,-0.516505296435691,-0.115925383859062,-0.019114195963951,0.0113320353826386,0.055144829237135,-0.0826224078291218,-0.251490018875297,-0.0293283817003112,-0.396258258730529,-0.0325751327474788,0.0314654026507008,0.135369809971734,0.191162649492452,0.296153913882898,0.244600639357085,-0.534985138346687,-0.484355813993751,-0.175664389545544,0.319932099669083,0.436202345746018,-0.155184106270674,-0.295524048843361,-0.153180839017447,0.159160779649023,0.455156890707056,-0.287376227883471,-0.0285272505843321,0.298701577246236,-0.0512144588554809,-0.412551123728692,-0.712066620683891,-0.535937580883266,-0.624710348284921,0.145821439458384,-0.157851660737171,0.0138610155782216,-0.351942898253976,0.0186506569599181,0.535121339873433,0.214500019768264,-0.00768228018692599,0.828916726423275,0.369599653958399,0.258840009735168,0.399754618000611,-0.154250280708161,0.0220360203319929,0.496421742184614,0.218438382099395,-0.424355157004343,-0.37008831703212,-0.148336573925821,0.122615950163784,-0.327661037043464,-0.219903137082324,0.144705328280065,0.307002511702856,0.478901811628001,0.269811560348903,0.676449063807881,0.335092645801728,-0.11489680233262,-0.126296534042677,0.39037727126746,0.0462363146354871,-0.101291263603515,0.110047408840734,0.423573807784859,0.104801344464658,0.337755359829948,-0.0557508062355469,0.690862283469036,0.379191419442501,0.0361555411172882,-0.158638085464525,0.167845927176312,0.140279233108936,0.144781769972455,0.168238130589028,0.15603922626269,0.194403908958892,0.00216433428605562,-0.295393509295899,-0.228130138539069,-0.00540547160727281,0.416772098964043,0.432900446119439,0.538518205707702,0.296516453857457,-0.149338769818559,-0.0306449432639599,0.266499504706316,0.0723097778905533,0.124448581411202,0.193084688949781,-0.178139217001944,-0.229890433253233,0.00993514467544412,-0.710145305710571,-0.0429947276913918,-0.038999920483055,-0.341178857364972,-0.200192145904285,-0.0635393344822501,-0.524010547421631,-0.133798039909183,-0.440514164867309,-0.116800826237697,0.196134328031913,-0.0625084623555814,0.0402941881538852,-0.0180485989190118,-0.0110158752052578,-0.174322160977805,0.196842970006383,0.566106496505975,0.0575533104737433,0.4481099984031,0.299319835617243,0.263778023293604,0.0466442510020797,-0.319525830127104,-0.24708843311148,0.129540617353735,-0.156067151916605,-0.107157486089269,0.534311154318511,0.246238556110595,0.468732444388126,0.0062363065730445,-0.155487219836538,-0.422943759784876,-0.494480262256376,-0.0895319754263194,0.126476072020216,0.373011116510266,0.311327117231268,-0.150841565459938,0.300244389352315,0.0427933134375864,-0.335744185550267,-0.623528904641805,-0.113138719678965,0.140650698738336,0.376862653551526,0.0970158005510527,0.363699293970693,0.178264717672779,0.249734538311641,-0.0335979135200348,-0.163580914873645,0.210058372093829,-0.278464326054405,-0.326969709658095,-0.277750599836274,-0.374827113407717,0.247631185549776,-0.0169871237244388,0.420160821307168,0.226194316879809,0.100105040168916,0.52922048563473,-0.611990784350646,-0.238072141868592,-0.309731061543611,0.0924675345174608,-0.364788750268062,-0.402408993485538,-0.308631865552096,-0.287405990453229,-0.366697010260887,-0.328719313641823,-0.336284307459755,-0.410185817225722,0.156130263376505,-0.183327213671215,-0.288554374596667,-0.614455638597148,0.305287823856393,-0.0943334607488998,-0.264620840016139,-0.123423107545943,0.230831670623103,-0.191716905935536,0.0627474890921928,0.497481052830515,0.441639623403957,-0.159021466146969,0.483950024410485,-0.0887008044775823,0.187761093030162,-0.0501565084463316,0.0227680326450149,0.0576617465202337,-0.165412693851965,0.0299107670677027,-0.145417063725657,0.200554083288995,0.456201358994925,0.319099630434855,0.305367056625959,-0.0545841428171037,-0.451454191109365,0.0142528994208438,0.0440153401842842,-0.0722839433026238,0.0994851564673297,-1.00433959144214,-0.280893032622811,0.325321758910263,0.197538668502597,-0.288247760458437,0.124104540976614,-0.109588609298033,0.504381329509944,0.48317744884755,0.628171920827831,0.145183165499397,-0.475049804318788,0.0542232530044459,-0.0561194727711631,0.330529699295389,0.454670534060293,0.525068506701917,-0.117130956832561,0.341458140159045,0.223667377169311,0.653335421286106,0.621819260946776,0.287460295280985,0.317105480516774,0.290458065558263,-0.0213282394782125,-0.34700526185527,-0.409156987452379,0.0190524429505647,0.14719273341,0.0823472105193113,-0.0505661508115106,0.944954663434706,0.79269776972971,0.232549457763215,0.096829014859015,-0.0906103163747971,0.00863668380335578,0.0817334505609984,-0.204189995813404,0.220264713321637,-0.162056509352752,-0.00187832057532436,0.223666569099842,-0.541131917184963,-0.378587688567422,-0.181035795338485,0.0039995526679285,0.497377985130673,0.0520010680350066,-0.314343588916487,-0.469739022545467,0.133526236968991,-0.0276353641264251,0.0679662195463007,-0.163033695918141,-0.375901251494213,0.218962680188629,0.0764163399401572,-0.0248077123426469,0.0673585769124609,-0.142872569500112,0.123037272730744,0.0321383251279732,0.216936983369992,0.626855486599075,0.3278353465348,0.4368256167462,0.490749660615798,0.376575821613892,-0.0633276968095074,-0.105769226352006,-0.259440105780275,-0.163466487054693,-0.462485606173849,-0.216633209652226,-0.266445637335235,0.228850697040945,-0.0652261016653042,0.46470069396221,0.259871967731336,-0.355726205552764,0.0308432928775909,0.047693104080274,0.00864529121240321,-0.612745821165455,-0.465729939103572,0.0404194890424772,-0.0585911353438346,-0.357959559096115,-0.0114794025513854,-0.676641380103378,-0.446703929283402,-0.397099382186951,0.011140417597628,-0.347469046340746,0.128533009960297,0.360459420545752,-0.116419209571597,-0.124295036723506,-0.478110938520183,-0.471547408864043,-0.595925971566399,-0.292869926857541,0.158844186926939,0.00822872791256075,-0.300765193635295,-0.050280180608013,0.581078406654748,0.697306177989271,0.0301405379640703,0.200550227845846,0.24425922772856,0.00833719391391222,0.177968058541585,-0.0870443452806172,-0.287580965768162,0.0161040091871082,0.550469933700296,0.575121151471927,-0.111178010043796,-0.05841185926076,-0.426016336786327,0.246801415882636,0.0367067516088803,-0.146534962301521,-0.146403143038404,0.36973009963006,0.164846688532211,0.362727368088158,0.809370516399472,-0.033944813774209,0.0582674746802719,-0.208276166618417,0.186389347709338,-0.0656216816214583,-0.0847126182793524,0.302049595228515,-0.268821208359191,-0.224741764070905,0.277757610046829,-0.489833662588172,-0.450645231584046,0.068552048214892,-0.0200326274694561,0.0745199234100373,0.145526416015231,-0.486497856792596,-0.236772099395509,-0.467922087287639,-0.503393217432371,-0.473024443665107,0.250893778255307,-0.262243265229253,-0.00982214740984035,-0.120963816177844,-0.389706104969506,0.000548271059877203,0.0642698871003598,0.358893679231327,-0.111226917905994,-0.0796225245310559,-0.396868696936857,-0.163120313346763,0.164363557064131,-0.193381468417765,-0.316995138171282,-0.347363760263048,0.342865815551578,0.0755636076965036,0.41084766620328,-0.0341714676868038,-0.32229813792689,0.216680841095981,0.0493676428869854,-0.128466405749509,-0.432396972273185,0.267364925921952,0.425828006159484,0.806324804111451,0.448613590131596,0.0941123732111388,-0.286658610782318,0.157359643387378,-0.0591477621428869,-0.144124562886727,-0.159792425102864,-0.380388648556217,0.0795281539223363,0.677001038652743,0.331489606095695,0.458554888680735,0.318703052196003,-0.487633640307433,-0.0739341757599096,-0.0681067954592276,-0.195331975333498,0.450820772690476,0.00381986952354438,0.349701512730372,0.348522052961619,0.204105833831972,-0.55435264309073,-0.13648919717581,0.231151951195779,-0.306049953284299,-0.42902768711203,0.120654677333402,-0.192889497697598,0.193443833706164,-0.10150383535101,-0.42554307851523,-0.427919196918824,-0.106442659964217,-0.592266149486534,-0.252516004191748,0.450159911256078,0.121146939910453,0.27893023893535,-0.214050657218366,-0.247035928619692,-0.582569079105467,-0.598419642981316,-0.482300686421232,-0.17247261234044,-0.522254293586639,-0.793832081289019,-0.3306111846475,-0.494740372508031,0.272651080277529,0.374812865206302,0.455352712202748,0.0692430419175906,-0.0660975072216234,-0.1471590865482,0.149507968806371,-0.129472220267137
-0.0812927298946541,-0.0184844653007127,-0.0245530183028829,0.0718737937533423,-0.162432118306872,0.0439277753815117,-0.00580028037505444,0.195462189197125,0.175849676456774,-0.146296623207953,-0.19351409524787,-0.0904343820551752,-0.0179773160170931,0.165692242573732,0.0579355137164722,-0.18641495094819,-0.190887164145205,-0.10837634481353,-0.069169115920341,-0.0335289931711137,-0.0885117890470567,0.132547834893608,0.0542497670329637,0.182062950168237,-0.127753672087473,0.0423148752953965,0.12717295389999,0.159627665875626,0.0746466760803859,-0.170977823435253,0.123848908679896,0.0326847452248798,0.00388843160470945,0.00865771442283983,0.104008335573643,-0.1410729168664,0.0905328668983692,0.0703423158605612,-0.0134470183202891,0.149714781102886,-0.142911499635442,0.129833860074229,-0.0508251792035714,0.0178225985294179,0.0849898205711784,0.0576972153611432,-0.00305584541734948,0.0304391210662632,0.00483634521256335,0.0510059648517126,0.0918042078042508,0.0726893686557838,0.0194731301820489,-0.0853625409165102,0.176177586821946,-0.0276173253720948,-0.0293633269585022,-0.0288331518821326,0.206388617984693,0.0427612977535476,0.0434003246909255,-0.0799892379442825,-0.0158205762471753,-0.102019883496739,0.0901774029023961,-0.0205234494403262,0.02111495349272,0.00702326317788831,-0.0746836991099758,0.00772469265936282,-0.194493527196587,-0.0469046402132842,0.00925538914040285,0.0833373940685612,-0.112501788331372,0.121408718882399,-0.118180315170023,0.117182837260614,0.104997650208454,-0.105882718719283,0.130230849953178,0.0852816820454282,0.00284851618982359,0.0318123788767818,0.0327060351630215,0.0614988126805992,-0.0439020876568654,0.018760834443684,-0.0507350390373543,0.217382904482018,0.282630574690971,0.0739149072109813,-0.0286207238944855,-0.171872325074285,0.0184717355167053,0.00956864507142643,0.118437687577033,-0.0158119205880971,-0.282734587494883,-0.0632536653504444,0.0176885155981301,-0.106709833341312,-0.0881699832195013,-0.0297794828500862,-0.0460579531082962,0.107126964091328,0.229183112022389,0.00722112628190226,-0.175132690742299,0.13681572951039,-0.0188126848819635,-0.368566450858898,0.0592811426307142,-0.0392839635217301,-0.0571962949508315,-0.263432813802727,0.00415103667996688,-0.171180361923669,-0.0397866310447714,-0.2227694996313,-0.184659405139641,0.0623631881132956,0.168076394284884,0.0745685203973556,-0.0156899964881742,-0.0243911484401996,0.0989172415785874,0.0727799740878789,0.0345188815717278,0.0383737700082052,0.160861954973934,0.000409622142310051,0.0928572951530362,-0.0721996191105459,0.137731402334602,-0.110220167048308,-0.107746837248621,-0.0501593007465004,0.289480043687293,-0.0523729550280935,0.0509300685632082,0.0449100558351493,0.180481298564514,-0.0921033241735681,-0.0275104830199047,0.14979836942656,0.168912389622927,0.172922795263748,0.0737353625599421,-0.144386078279126,0.0741070494671881,0.0732627105939586,0.194705418954063,-0.0548713496074295,0.0368569421971822,-0.0955362721305512,-0.204438190670099,0.103866321802096,0.0759998449479189,0.0522992804155072,0.0730222402950715,0.203528247836378,0.141051961047077,-0.0359897415136824,0.0290962526423714,-0.00876927060538477,0.133109655103975,-0.0643640765681101,-0.0618793611211301,-0.203869308903086,-0.0961393788856605,-0.185075675073881,-0.133642789845582,-0.0691167170427121,-0.108430627527867,0.142107045754026,-0.125487532721864,0.0799069973126105,0.166221942737716,-0.0260675123050434,-0.269130722127946,0.0472257604556416,-0.149018726675812,-0.0103351254777986,-0.131139792148776,-0.0513759708333962,-0.271941872379701,0.0646420035727205,-0.0686941080195822,0.00294130617762591,-0.0257017554818478,0.0433714288175768,0.157198689453234,-0.129586812779973,0.0322783716998198,-0.0984091271977736,-0.137011545919211,-0.178168710829961,-0.103863618971831,-0.0533573873429347,0.0836597911514857,0.132475827143441,-0.0578639296996246,-0.0902329823788358,-0.0557247863384766,-0.0910921824275604,0.00359114388835252,0.0394444022602582,-0.107374937306611,0.135215795845502,-0.101949489616574,0.124215895407263,0.22542662201309,0.176138762774772,-0.0855865266029432,-0.066033057028464,0.106828949411696,-0.0251753744150177,-0.244753470913119,-0.069986018172832,-0.0581955170944745,-0.003665613039692,0.17240453952938,0.0814725812338224,0.126748659803213,0.136788166566723,0.0757920083676028,-0.187393475411374,-0.0481816897672233,-0.0693304976923991,-0.0106079649548377,-0.0741465475693356,-0.0156046726490412,-0.0980024110580141,-0.162970358693978,-0.0309409448036936,-0.140264691776872,-0.0656701403212555,-0.0245672249420103,0.342478105504537,-0.000345557643156823,-0.0338003532637413,0.171790085632503,-0.150643840965011,0.0338060764275548,-0.0898409182034406,-0.244228456318318,0.0454642533235637,-0.109767904372325,0.286394844458433,-0.00300125872325087,0.102628189000866,0.0328713908171556,0.136741809800894,0.010806064373764,0.137599785867981,0.0340876341647473,-0.106285584914882,-0.0619931591250527,0.00746486626386641,-0.0978079475859506,-0.026364228434474,-0.080867327125029,-0.0495653368965894,-0.012768727865944,-0.127704764378878,0.0461919942537044,-0.02667620286446,0.123453303121686,-0.0504456190625925,0.198398932401864,0.083587710924671,-0.0755803456740617,0.142385100547123,-0.00495958093870585,0.123070915078792,0.0130032512958331,-0.0176617014092403,-0.159128030335768,-0.141696682353813,-0.138874844013851,-0.0346286350876059,-0.145484852615605,0.0484779207149361,0.0150167092367311,-0.02940682425189,-0.109833722036295,0.0215698356941964,-0.146763002555794,0.112658080771138,0.109150418638041,-0.170769163874692,0.122454680263423,0.0825402285088304,-0.197067011125,-0.100245535683453,0.164565373366005,-0.0201781252329637,0.0386874225146682,-0.00501728648836323,0.147337688901219,-0.102075939774657,0.117380173511869,-0.0568748736964759,-0.055910943562263,0.0273831772987577,-0.203674166509654,0.0463412340467868,-0.0918349313983641,0.0802605339268854,0.0541087366463928,0.0627402288327238,0.0486020659425541,-0.0377335531401851,0.0337764175191519,-0.114339443408061,0.123590129584402,-0.0215841677187894,0.0633328489900389,0.128960311039663,0.143498402844863,0.0439346449154369,-0.043810902427165,-0.0883861899486011,-0.142165947670326,-0.0515309830954161,-0.18671341635621,-0.061337742613225,-0.0924583126869099,-0.130963427093965,-0.156042846127284,-0.0370363789136821,-0.0998286084191483,-0.0671482287332717,-0.127118474559158,-0.0669666527566234,0.0477728273177522,0.00281085003094619,-0.0457196070560493,-0.0103532443774768,0.0831444971543917,-0.0326719702366239,0.0157752479568841,-0.0451277905648187,0.0110097444100441,-0.00850749955054569,0.160813949811466,-0.0624341251367379,-0.0662834225891968,-0.0328760540255533,-0.137636510282619,0.0878640295698754,-0.00311985428508046,-0.0380476732592234,-0.215504368214086,0.0502103433289474,0.0381278562497466,0.0742101426748916,-0.0470718318591272,0.00951520967942813,-0.337885072809869,0.0743422352339814,0.101825351520221,-0.0581537639975461,-0.236028179456236,0.101200254224124,0.00355510817034585,0.132995035667357,0.128203299030966,-0.156815583582759,0.000621315879286287,0.153250052154698,0.0560143276384753,0.083556205050232,-0.161812464962309,-0.126001478561092,0.0881638112722834,0.0663009111661786,-0.0118845846431685,-0.0911131658527099,-0.034490663400102,-0.0129170657471238,0.105443448855144,0.336425868872893,0.215988716142077,0.04941770763023,-0.0542474274584673,-0.0937115921697651,0.0323686285828388,-0.129913369232824,0.0713141231797847,-0.153974980716479,0.0620530864126442,0.0130324215555152,0.13960582238817,0.0371264725485178,0.09647128228005,0.0285382120705582,0.0390264196839568,0.239624227551923,0.118608100289251,0.00140038314439767,0.0273333876405977,0.0401971063839726,-0.00975347920383629,0.0114831901791539,0.0424382284347164,0.0644505139075953,-0.169720447020843,0.150578799369273,-0.147151168411648,0.0480789679943022,-0.0374924615510359,-0.0288971221058076,-0.00931498478636178,-0.0824580569074991,-0.0295128487933109,0.142626344116517,-0.0126256910764706,0.00931801443526857,0.147472540501101,0.0218188205014092,-0.124014291791759,-0.179290020391862,0.176364401752507,-0.123888383579208,-0.017310065519981,0.0937015402311471,-0.0338947105821318,0.148344439739656,-0.0553254181737381,-0.211526609717997,-0.000742262768153566,-0.076476922994556,0.0673808308830822,-0.0143741653272558,0.0986425893362009,-0.0528321122518073,0.0800703431978986,0.0337261747973637,-0.0569741437357758,-0.0460875020569684,0.154963414747619,-0.0156168774785098,0.0403986614549481,-0.0331287067635663,-0.13631216974519,0.0603127747266731,0.0627002829738121,-0.173321864249577,0.0870901578198665,0.0159279023126808,-0.0539384085384717,-0.010861609223262,0.0330881817120309,0.0436148045140234,-0.0212012783388958,-0.0627859014355718,-0.0671157737169164,-0.0494979177728897,0.0689868657287345,0.11662682455819,-0.106305755761704,-0.0362402683061891,-0.0216614479390011,-0.00831225777767908,-0.241525045587125,0.00208333773940413,0.105283194861079,-0.0241814597600372,0.0634521511143316,0.116943258047735,0.298989202734923,0.0179232738514589,-0.175666151739192,-0.171056913360584,-0.202098462528335,-0.0494925824948221,-0.0409011726350112,0.114726699111012,0.043579521432728,-0.0975618408732867,-0.0727346301482977,0.0893422212637343,0.145627817636893,0.0178847909938634,-0.15957966449037,0.0829443152827395,-0.104632003618834,0.0283759244615889,-0.070907015304339,0.110508026857951,-0.0704232112036211,-0.00819462187936323,-0.0772919303736785,0.13510577949248,0.15367257321907,0.0709834238608141,-0.150346613688095,0.0900181993819394,-0.095172134362938,-0.314903184061537,0.0511035498597086,-0.153586599878177,-0.0345724171889074,0.0093499612431437,0.0626344106217514,0.0586671253329246,0.0646354826145267,0.132832293259501,0.0638685143772429,-0.0370795907888273,0.0717873810335391,-0.0988323863612059,0.0204921121672687,0.161826740131779,-0.0235918856138012,0.186446848135896,0.177193620825944,0.114010577260731,-0.30045131183979,-0.0106014754331744,0.21903469641561,0.113713024418454,0.0829988780302171,0.0895929909162872,0.0759138857351298,0.0774001589806057,0.147337932252937,-0.123050327128064,-0.0854704153202575,0.0390636496225052,-0.0618717675720195,-0.0757824840625472,0.0247075458615335,-0.211345418123986,0.0463080591480616,-0.0528189966229431,0.0762707967249874,0.266042753941955,0.112878476180126,-0.0638291054454187,-0.0335141562597081,0.0535223627486433,0.088585370112817,-0.045650236919071,0.126281034231562,0.25654745763321,-0.153291652749686,0.112267479908233,0.109919112691514,0.0570575582945367,-0.0459997454014884,-0.11890481733768,0.0830754022860066,-0.0135593234578814,0.124803543146481,-0.215890750233339,-0.140694841726045,0.126165847928968,0.0596225144870504,-0.0748814130946765,-0.0156817890757892,0.227678820021177,-0.0114301561994493,0.0215647659114312,0.126829691985407,0.0174764845841129,-0.0305156709476685,0.0644147995313488,0.047840627885691,-0.125904913283877,0.00344277719592427,-0.0139017247707727,0.0251896314194988,0.0387987636435067,-0.157168869407985,-0.217970651030084,-0.236305681832228,-0.0269593580785365,0.0919759516063591,-0.103360606540022,0.100167697545113,-0.122009361103568,-0.185871332552584,-0.0766348357665779,-0.0751297964471141,0.162235627214479,-0.0277024363602898,-0.135184756200069,0.0757220001128302,-0.0529708336322996,0.0226818690031075,0.12022774637142,0.0467445028448722,-0.137720764362141,-0.0126348659610517,0.16481686777521,0.113015380347362,0.024584550986229,0.15989945968475,0.0424211150025139,0.137237897485733,0.0692674484161451,-0.172779056448684,-0.0161366698061907,-0.0324700572921109,-0.0398356811747234,0.00237749347343693,0.0244498663065131,0.0177620473650792,0.145646754990052,-0.0983856453862741,-0.13548633359375,-0.331753393697131,-0.0338522109884626,-0.0786142603309271,-0.0190397150176522,-0.0258538607278707,-0.122236759032637,-0.172086376794856,-0.134367827060923,-0.398387366238367,0.0929116848990963,-0.0381654505407343,-0.0441084384382083,-0.0580755099516959,0.240349247279468,-0.0592134324499681,0.114464201954435,-0.0374197975329692,-0.0238922774320451,-0.115721321265848,0.0151580833296466,-0.13732821653926,0.00876153451601756,-0.0039370451829525,0.0530172303661622,0.00321894546546786,0.0752481890518741,0.0136088126335401,0.111515578691097,0.0973082698735947,0.0562423392127818,-0.095236048958003,-0.202433077453445,0.0680141880866458,0.00730820185824201,0.189162649872731,0.0990114206653343,0.0290459884028095,-0.194050931968611,0.112242957611081,-0.226904681430623,-0.0462628818539421,-0.138942459198034,-0.153649721572487,-0.0910587867760011,0.359338753475682,-0.0939237157200852,0.00357041824803259,0.209159966595824,0.179272552484933,-0.0541018040933265,0.13900790765898,0.0950334586818575,-0.233319870887741,-0.0503176055283457,0.0145137071842693,-0.0892903900662692,-0.167733022857158,0.115101454534306,-0.154575224523323,-0.123130390435825,0.0249357555575061,0.0490747045337548,0.116805165698032,0.21676886718427,-0.0589495060046475,-0.0285890586162228,-0.0816357009653044,0.0155937366959281,-0.0723450593004513,0.193905543932291,-0.093795158912065,-0.099867101563064,-0.0226383796298501,-0.0975113294493862,-0.0178772353661637,-0.00115638199630081,-0.0341764867412864,-0.131050796997978,-0.0973721825003236,-0.136515572115718,0.10386931749194,0.121035872844092,0.0744805406528936,-0.0059413401035387,0.0379902869047195,-0.00716993893979595,-0.0604651323130442,0.0471375969447133,0.0215154914916293,-0.0460973633907301,0.132027547996526,0.0216977300698328,-0.0070235065059754,0.0528663599357448,0.0837055788437795,0.00536720452572197,-0.115669775472521,0.179217924547927,-0.105255375389119,-0.0512545972965006,-0.0228249548678936,-0.0133912230170328,-0.0461769032873683,0.0164656496244631,-0.0614466404498354,-0.0246911543456331,0.238655112494509,0.0852842873110995,-0.00302291388046705,0.148528777774932,-0.0164128501101507,-0.2907964498509,0.116553311294958,0.176060497639913,0.00144676263888651,0.125478077973117,0.0197889260185903,0.119073835199454,0.0297337143004111,-0.24776543160689,-0.129733047930418,0.210846799815915,-0.121431397897495,0.0628953397781062,0.109895651113766,-0.027626863451346,0.1874837800805,0.030523706157775,-0.115312263588245,-0.123191557883402,-0.122789856940984,0.00644532615082496,0.0817902204972972,0.0641381279415499,0.0412264141722187,-0.186802412468302,0.0500217350732223,-0.0174013688122466,-0.150759190804175,-0.122872330987394,-0.0583399689751362,0.0801584904535804,-0.083977736863938,-0.100833241161254,-0.118433152210873,-0.164259399673723,0.0540243291127338,-0.137565066174992,0.100181278779111,-0.0495607104642893,0.0704388224562922,-0.0209441394060194,-0.0234012414842985,0.0742638234918352
0.0964027566301257,0.0118574428273828,0.0240528949629206,0.0891687173426532,0.0162926984051866,0.101334878730592,-0.0139410508019272,0.121871455169208,-0.00786041693762161,0.307201440257976,0.15915441225192,0.00315075763055622,-0.105944714230972,0.0506020701532728,-0.0730832507734816,-0.0530817722108744,-0.00669916072807934,0.040756338598019,-0.0319423671975111,0.04924287394051,0.0921399197238216,-0.0734675629001753,-0.0619477076416017,0.0201846233622802,0.0152002343669043,-0.0310657262767087,-0.0176391680137963,-0.0116141422737417,-0.203011969295911,-0.00723215026032062,0.120546844837744,0.0597853240115132,0.133608715916731,0.134983466611667,0.0200857000147666,-0.0334411714993454,-0.0511312086508547,-0.125044187462334,0.0448155198904707,-0.070921937057391,0.0530789317791934,-0.210568312477605,0.188972628114967,-0.0934443160398836,-0.0286325612508089,-0.0110776897603219,-0.417029512774797,-0.0990759227139257,-0.00290359224339613,0.102465557375695,-0.125878615261367,-0.00116606045263074,0.0480914574926424,0.0376261119381316,-0.00758079738983384,-0.0335315906873359,-0.195565176268435,-0.0539106493763501,-0.167834209135629,-0.0298577546102682,-0.253444394905362,-0.0776588974377256,-0.0541981321405152,0.00340786013649314,-0.0963431812637377,-0.101123819755956,-0.0351543083767786,0.0744206580104321,-0.064466361734336,0.0921231938574967,0.0744766858856285,-0.131303769723281,-0.0375608765195787,0.0967367674380219,0.0352567336622146,-0.192103225724352,-0.0297648357914434,0.0105912544263171,0.0385258216655879,-0.198416948036017,0.106318707475699,-0.0566552809295417,-0.0126912681992847,0.0299256840507894,0.0712054746844098,-0.00476394537254035,0.251693912321617,0.0865209948700521,0.131342629253885,0.0993652855418146,-0.316451198765442,0.0209528366933511,0.0926587986833103,0.173311532008716,-0.0591090342551595,0.148608490930776,0.174095412400455,0.0649338608091028,0.0435745216387038,0.075901614626023,0.0145468852414401,0.000844446680465988,0.182589267841844,-0.0752300881480993,0.0179901471879789,-0.0503986058196247,-0.0445625766474181,-0.0131873964622802,0.0617639295703396,-0.0398705011310814,0.21428660332001,0.0444778274180601,0.0272699120038043,-0.0630803388157726,0.0589595911866062,0.118045466084697,0.195960823874612,-0.0156490287111512,-0.0617405740808862,0.165583606489628,-0.0809085637460251,-0.0679375630050721,-0.192198296776017,-0.0151853481442083,-0.03576986885586,0.085623167716564,0.0946170308102652,0.211426201083701,0.0543586567747273,-0.00326262482655292,-0.0303654400345398,0.00180660604910114,-0.116495889126589,0.143576871740238,-0.0512934425435432,0.16473463669545,0.132142795522827,0.0676707372610847,-0.0375832883411786,-0.11389196254456,-0.122887457205098,-0.0298951733060355,-0.0885123013722299,0.0348932293448847,0.114909774019766,0.0475190356240644,0.0515018790253674,-0.0787940772356118,0.027823877886058,0.17341570058563,-0.118600884823831,0.133124432693178,-0.0468936446020285,0.0556392386466157,-0.0253046408325319,-0.0779087655329487,0.0417905984092054,-0.0918165552182206,-0.0392108372552808,-0.0395602390289782,-0.0493662791045588,0.25006792555777,-0.00335990517319214,0.0945082942451431,-0.0128298182299191,-0.045136612001644,-0.0469867269045165,0.115573924443813,-0.170130439937042,0.17965939746044,0.192188095958362,0.102448546904115,0.149874816008389,0.071752862064669,0.0610591096200885,-0.0580556987793191,-0.10751937115613,-0.0298533154394259,0.00305379370885244,-0.0585434180681028,0.122476221292007,-0.148977512511064,0.0543603831977098,0.0906360919851369,-0.0315356054539535,0.0144416058812047,-0.0238830006024912,0.0523250362593367,0.262779446198463,0.0741770968143892,0.295787940401252,-0.102724101143089,-0.197044507314723,-0.0893660375257501,-0.182090245847692,-0.0226530582439902,-0.0430592008267913,0.1744078840627,0.0322589311700262,-0.0122633658984067,0.0846123034209164,-0.0638327381815665,0.197769357507777,0.0245738113737151,0.157063704114382,0.0581320596372473,0.0320312476538469,0.248815546985167,-0.204565450594962,-0.0638560311924567,-0.101125195810975,0.109460063401527,-0.0393083512783735,-0.0815585224103379,-0.0650241624569289,0.194534613244246,0.095575299240905,-0.0490337318974335,-0.0119746302971168,-0.0113958952672062,-0.0963596686988258,0.0849386344538357,-0.0272776799293799,-0.0718938361054733,-0.0377814004950906,0.0148655140447787,-0.0302291371388316,0.165761253068364,-0.136367331710678,-0.058490593569242,0.00997563338305538,0.246091222830616,0.183715671600729,0.155966038153398,-0.0453681228424136,0.0393323447043314,-0.082420623126463,-0.145859078271852,-0.204280020899406,-0.117636201946758,-0.0467582842813751,-0.158563756677854,-0.0830568228317376,0.168225961257979,0.151133335970914,0.0523675386346965,0.097491715536279,-0.0862872521493557,0.0273064054580558,-0.0136286236653889,-0.162950684714378,0.186461061580344,0.239123086652745,-0.109103902191163,-0.00899525690674421,-0.162197398455499,-0.0331984336116666,-0.0981233499940788,0.0754119392379475,-0.104216461420742,-0.117849447092302,0.0739562825616073,0.0765236233420549,-0.16021769758924,-0.148387643279539,-0.0443483786514987,0.0543403671249919,-0.179191234877548,-0.02369942349791,0.0832622960517817,-0.117754331568226,-0.256281476944455,0.0570501762274122,-0.227638520005545,0.12566929352246,-0.0793782433926306,-0.0778209273416338,-0.0206582352247631,0.087478402679095,-0.0761166026974985,0.204859332810326,0.0820245127861269,-0.0921904662826374,0.0661445216339051,0.00367711704600162,0.158517929386644,0.000730571335198917,0.0202132359438981,0.0291922563072961,-0.197833193237728,-0.0467435786877643,0.14990279298171,0.0657269291341264,0.105409027232077,0.0190139240335965,-0.163258111707975,0.0371700873082147,-0.0335716696530443,-0.0501566178725844,-0.0125027997838695,0.0730886949605611,0.241137026901437,-0.17625004274403,0.133563084916369,0.0579707595480074,-0.338265459392848,-0.129634274184286,-0.180666139511887,0.133973126340295,0.118393122051769,-0.0686218008733728,0.0371453797396301,0.0041153261084829,0.052482754577674,-0.24727228275985,-0.20621860973945,-0.171527983798604,0.0515582652975439,-0.0059556330848929,-0.104714205262677,-0.134837815291131,0.00336016883408646,0.087726244362003,0.158024245035377,0.246188427035273,0.169535824342424,-0.0721548308475456,-0.14337046531898,-0.0158250230546361,0.0565488239488698,0.017107667708789,-0.037900381146673,-0.0327573760638737,0.0500195569898454,-0.0897725143219464,-0.215583763600721,-0.297847846122156,0.230163158695882,-0.0816237250358277,0.111564167356439,0.0196324823379061,0.204730068273079,-0.0686871157460129,-0.0890604137164397,0.0730372938970388,0.050743217758971,0.0350330090957871,-0.164042215409908,-0.185326330210423,0.0346015406561756,0.0824249551412845,-0.319358008280767,0.0529764154921032,0.0131970749434244,0.369741506108313,0.219829499740521,0.0927966570966087,-0.0053772486832297,-0.0298301850265537,0.0717352479746698,0.0307345738623982,0.192458961254819,-0.173988953723844,-0.0615801209890724,-0.10526193491654,-0.142612546653044,-0.129308265092136,-0.196287280400951,0.0128053315841892,0.0673784313393916,0.0203424413302774,-0.169732877177285,-0.0126194439358472,-0.0341700696956892,0.146239027883566,0.106911433921195,-0.135564469564389,0.0518091456600321,-0.0267140730923597,0.05158879807205,0.0395096724969832,-0.124027863162451,-0.111783307721759,-0.243542687025327,-0.295285918570162,0.122352103656069,-0.0476431942398712,-0.0991122438928568,-0.105222541890725,-0.241597341788478,0.0743464945974338,0.0343789094039708,0.0122840444192378,-0.0652065455766317,-0.0349486606973253,-0.138612723085875,-0.0905558887388861,0.0208501562556279,-0.169947075264772,-0.136875565076261,-0.0355955023713243,-0.0320670518401596,-0.0210859173195782,0.0300258171812553,-0.120278527564081,0.0412382762205576,-0.0426533340139298,-0.0396885464334799,-0.173959093575079,-0.0681407710451296,-0.077732253836093,-0.174169332345955,-0.179912346754435,0.0533241660974536,0.17525229781383,-0.0461381056852585,-0.0983097923363599,0.0138538609946413,0.0220931402605567,-0.0517216103110043,-0.00441152928695144,0.0221327158254863,0.14187737924195,-0.111746186171761,0.0121263677058713,0.0466319358519005,0.137646805721752,0.219213857522403,0.277342595846988,0.0465913358029925,-0.205473098661547,0.0228541301342059,-0.16032424562677,0.0339720726798641,-0.0646614425035666,0.0372119601755449,0.0557722983469171,0.115197299486419,0.03480130014883,-0.185195608970493,0.187931887529781,-0.00673838627039582,0.0797046921346385,0.0276905199620495,-0.165034161771031,-0.0222401882734059,0.102145045285769,-0.111262398386984,0.132951249533415,-0.139859005428575,-0.0589218375652746,-0.127063256537377,-0.22400051510731,0.0239972304601598,0.117581270113225,0.0673328558288138,0.0638874713277231,0.094490287256405,-0.0167510588123652,-0.109018672282724,-0.134135442958699,0.242570980433608,0.00392780868250987,0.123445040835328,0.132385506241778,0.135368809127902,-0.000991402224714572,-0.0973147959809275,-0.312933630647373,0.12154194944164,0.00975961095047274,-0.0665743236724225,-0.0585244666260536,-0.188495256131543,-0.113305073970148,-0.0286088777950079,-0.0693790516026448,0.10145640978329,0.0834613625460897,0.0997943150357466,0.0828879322932211,-0.056899846165679,-0.0386008015733074,-0.0240199880092113,-0.0725599369937698,-0.211945872099773,0.0170224239772812,0.240201784262588,0.0405379478909826,0.131855177823122,0.0341690048220805,0.19593288872634,-0.145773885428687,0.0559612455367157,0.0804001940661487,0.0724565798271148,0.0707401304059219,-0.0214520782438926,0.0844327479618626,0.00718641469685032,-0.0602827119677535,0.194565573598981,-0.159395952297058,-0.12325969032544,0.149364006624048,0.171620086971749,-0.0333654836165747,0.230469493282549,0.0517555351594418,-0.159293318525534,-0.0610422788016517,-0.178156699330225,-0.0507819797045058,0.0232841269559515,0.217309011671298,-0.057358765400555,-0.0371236077183701,0.0550211758158198,0.114223472052484,-0.139248935154047,0.194510010611212,-0.0868643072973327,-0.14137603561151,-0.267796689836309,-0.0411217293140965,0.12486721908132,0.06906460434584,-0.0246396773816167,-0.00749355087303836,-0.0200878640879046,-0.100464225332986,0.157237585590739,0.0853809664803523,-0.0233185866762141,-0.0649392934749664,0.0887582956378114,0.0391206740081482,-0.00221956738837664,-0.131908232198566,-0.139658829202957,-0.204954702792001,-0.17959931774264,-0.0441829479974376,0.0416928527421255,0.220903121924037,-0.045500597432094,-0.0602391960785006,-0.127834701157705,0.0472658223798962,-0.00391089979773447,-0.125407504783665,-0.183274840667932,-0.208690591309873,-0.0646997908961177,0.0479885676937062,-0.0205784390116768,-0.0440730152657529,0.106958210177683,0.0752186068903236,-0.247619222913148,0.224806023460221,0.0286170547891721,0.062975585199936,-0.227028647790254,-0.0225146613336214,-0.122502756929554,0.114207696613974,-0.0736171464308989,0.0873980220659464,-0.329328008678368,-0.0757966055181448,-0.0549456229365165,0.0943962962069276,-0.135582454020536,-0.074713359426055,0.151958485931739,0.214490861833682,-0.00270008802962893,-0.125719006800727,0.00260342845065716,-0.0541091509062771,-0.217133972993094,-0.132494598390382,0.176142668697277,0.203490462916252,-0.134606640608563,0.031810321853063,0.239266359581722,-0.0945661687128306,-0.00496098636520881,0.115748290518834,-0.104285899346371,-0.076721675970644,-0.10462542705252,-0.013482353339303,-0.163118018407844,-0.08946338122568,-0.302185824150514,-0.114597311747696,-0.0258725643858337,-0.164656559683765,-0.0220640910915704,-0.196704805259765,-0.00861845019434146,0.209700659753037,-0.0298298678385898,0.00080637048278813,-0.0877036753547412,0.0775383519678847,0.119678813416253,-0.0812636300876891,-0.149406259630306,-0.0130609385215703,-0.0453134807090259,-0.0864325453979028,0.105862330549129,-0.0450818266134286,-0.0722219749951505,-0.0538832167727187,0.194712645934286,-0.127001730415349,-0.0524871899209221,0.0311586166172279,-0.0826390672656918,0.0747057908149386,-0.0853844835352252,0.0784918137181011,0.0376973655806227,0.0469483760018499,0.0117653512641086,-0.0373087455234377,-0.0632036379804241,0.068866190104078,0.147501456523449,0.123441158130438,-0.171288426987746,-0.10166978581116,0.155811045333392,0.00169065299420959,-0.05459829715785,-0.0846828245621208,-0.211362472108027,-0.128264079703638,-0.141627706703253,-0.16660801845253,0.0140029023605811,0.0616551953472862,-0.0696165255705069,0.0461479826723759,-0.179553206619431,-0.0618405707013292,-0.0421303865035072,-0.124513334146545,0.0549955244798752,0.0380891440932266,-0.135233030093912,-0.142861372833018,0.193648911045371,-0.0416048894225929,0.00342323745381087,-0.142700652417699,-0.0928082462467172,-0.152695234812012,0.15690034499996,-0.0226577180779971,0.217785582887347,-0.021055697280633,0.157796190817324,-0.0639639356519833,0.047440681744225,0.350797430333806,0.0396280985908375,0.020648908700303,0.229861258354655,-0.0522368072237742,0.0819651550164183,-0.133896537098761,-0.143346832431202,-0.0190483958367744,0.0571817185697531,0.145885003567645,-0.00600723101013811,0.119122946981174,-0.0287895141908674,0.0723186586042416,-0.00597056666902083,-0.0279007369903575,-0.0229785565475012,-0.135346104107774,0.10535693159055,-0.0777917737767448,-0.0494063944425137,0.132353115530374,0.0992017726314435,0.00605516796256026,-0.10503377622764,0.171381991340236,-0.0614496398137038,0.0358866693076246,-0.207300425424457,-0.0972886019946987,0.045289397589504,0.10829728425655,0.0517400508231323,-0.110038858496972,0.00250317697915921,-0.0675132525404231,0.0764009202916784,0.0494541553956521,-0.0296509683062195,-0.369958646278873,-0.161196519493422,0.151764772045766,0.0110394505974648,0.0766345232650238,0.0601336004902843,0.12578147111737,-0.137600531545916,-0.0682516388230226,-0.0558913728872374,-0.0693481738615567,0.0530178610730119,-0.144216645507018,-0.111357707891007,-0.0288516272631819,0.00747510423044899,-0.0335250473338988,0.135094994329938,-0.045948603078948,-0.143282265258956,-0.166440973106555,-0.101405075118816,0.0369863834771358,0.0867030515848906,0.133980973892924,-0.0155295696957061,0.0081327058143332,-0.0197723442931887,0.163865618086917,-0.094087283200781,-0.0920967544319242,-0.0399601239572653,0.0775524128318368,0.0893386522803553,0.209306229619519,0.255541459881284,0.0293092489864397,-0.0473404699161473,-0.0386225257166899,-0.17440605003076,0.127658172034852,0.112404920773449,0.273074220195023,0.124339852677792,0.0443348003076297,0.0316671272937133,0.257300323424421,0.148251520143363,0.106141946176209,-0.026677414063209,-0.144750752789236,-0.150867794474709,0.0267092848357336,0.150872880609646,0.0174926804920197,-0.079953831822423,-0.0696865219778382,-0.0883623812183605
-0.0498833816598566,-0.0139894649960795,-0.0426071957471281,0.0255935583744809,0.0899260426583341,0.0108197342296369,0.0690049681903297,-0.136571982833901,-0.269434300698127,0.227606467068016,-0.0244381598427217,0.0239284912961022,-0.0574501290425822,-0.00348963528729802,-0.029360395564573,-0.131341382254849,-0.0495470960803681,0.128815112435654,-0.237950707015812,-0.0127970480070038,0.022930676814539,0.125594713032186,0.0984320147986111,0.0655739083628822,-0.158923532230393,-0.109709665101224,-0.0589444391215708,-0.130825509627001,-0.0321862360431874,0.210963011846739,-0.0968053122545442,0.0478189942234445,0.122328087854022,0.0406048742468145,0.0611493681466788,-0.0854617493360776,-0.00524449485279466,-0.144101006808456,-0.0779068383783457,-0.0729168697494575,-0.0644555613767318,0.103783293742615,0.0563951438385748,-0.109956380971104,-0.247619207605865,-0.0342858778032641,-0.196030843746369,-0.00857529563425577,-0.0453394411556169,0.12019474450581,-0.115803013304909,0.219842476129267,0.0724690996747938,0.118666502393411,-0.121715353513663,-0.194401610484837,-0.128168535820532,-0.0814310714632806,-0.0453257886550952,0.0374024655342219,-0.0951870882425239,-0.0441806702096774,-0.0149989836746477,-0.0153167962993927,-0.0577676750888715,-0.0716282140672591,0.074351180469058,-0.0558560951406852,-0.063361544254794,-0.0345243981921584,0.0498568956421139,0.058863066542119,0.0287333721235929,0.171977151837002,-0.0210983589411135,-0.00909935821649369,-0.15786294777285,0.11669439486407,-0.0227554606105423,0.0907706110705038,-0.110341613218716,0.0123913830619407,-0.0522086335474568,0.0468470503274568,-0.135706262870435,0.0218118123774193,-0.00612860545100989,-0.121743435966329,0.0721308237685194,0.193700128087383,-0.204769318647471,-0.121700669912282,0.0851322423048863,0.0677456886134052,-0.0408766742025383,-0.0200846154251028,0.0919287147285451,0.108173429914448,0.134807724022078,-0.068186333111136,0.195636834200564,0.0151593807412077,0.00326841846372535,0.0154870040795939,-0.0697808903472659,-0.0777341162371098,-0.10630375658538,-0.169171975502327,-0.0441076752738628,-0.0121611726315906,0.176528514457965,0.0359197408932211,-0.0603437088874472,-0.111033682297742,0.138771538832635,0.0948823343818406,0.184540351629576,-0.0732977189446262,0.0440171304968549,-0.100044443777133,0.106503678227391,0.0884038133330405,-0.12926235089544,-0.279779147775507,0.00969640039196901,0.0555815026687472,-0.0849843412935914,0.23420906284683,0.0470873609430618,-0.130494176853245,-0.215999318424061,0.192795741376562,-0.141623229040113,0.0526695120990041,-0.202244351751125,-0.011989946598496,0.120596454409363,0.0151952997125291,-0.0613153267019367,-0.215178065562322,-0.0909227157403242,-0.321586710450114,-0.165390307171405,-0.091607946368661,0.13028631592396,-0.0575113567553717,-0.114363074071902,-0.0990905189191273,-0.246087958664294,-0.227773254227476,-0.112485271568736,-0.0380521394121845,0.177586249955626,0.107989995931915,-0.105953587004483,0.00926041563783467,0.114714778639731,0.0200329459514238,0.00085355262549767,-0.118294959248354,-0.208350123244893,0.158584323042229,-0.121446900355215,-0.0840599275342532,0.0234873003034157,-0.258103553084538,0.170483989588061,-0.0953661967793694,-0.0568248991747171,0.215190563475371,0.0829220565721748,0.268965854091204,0.0126899857859679,-0.0946679367901086,0.0590120452766521,-0.0351144099323497,-0.0412465865175241,-0.13477231853642,0.0113577520863172,-0.212959513472241,-0.0363886761175063,0.123626772948964,0.15746355149525,0.0504781852585229,-0.128582906614977,-0.0591131741704014,0.0406902364098242,-0.0398916289042406,0.198682299180495,-0.0253842829839312,0.097704177088712,0.0802301426302179,-0.0947716716305669,-0.0726127164202996,0.06064047474977,-0.0199778259615972,-0.0707854225748069,-0.0535417235435514,0.147193210217429,0.0099240860947652,-0.0619558705298535,-0.0275265548868554,-0.108169545903299,-0.053012781574415,0.21226678908417,0.0133435983735196,0.102170698223625,0.118827376964841,-0.186010644665281,-0.0579416518223128,-0.0795415642492306,-0.120041539187341,-0.244053028898463,0.0812911440502626,0.00989801729162673,-0.0807580532501905,-0.151666667951741,-0.0460883087359834,0.000335509002191408,0.089080232983975,-0.222917225261215,0.0132543925026875,-0.0554013163822702,-0.00435513325021009,-0.343099597180644,-0.0720534924669435,0.12037937214284,-0.132034368668296,-0.0729027600925915,-0.0131425994061159,-0.0755799627239679,-0.0580119807291622,-0.0147936718208154,0.20867584386058,0.170296504264457,0.0682172367053823,-0.263969217715145,-0.0323872144048493,-0.184562341806136,-0.261965311888994,-0.0299314585907714,-0.0635083722318697,0.0745148646001153,-0.0170959689435112,0.0529752617227294,0.108414236923272,0.0225175152177226,0.217853066864068,-0.359300430113695,0.0747469910255271,-0.0531918034337266,0.161983228527002,0.11067060890844,-0.12156964886716,0.102002469017,-0.0867625583092584,0.0959707918933093,0.0104734266388109,-0.26134461014074,0.110217712235639,0.254057946354091,-0.0936420114045585,0.222818932663848,0.0630006381141224,-0.0181751676017303,0.0442615300143616,0.0889882674054765,0.0424104490568228,0.0186459389962681,0.0167392087139412,0.000717644841048498,-0.228759784405204,-0.020590507355962,-0.183648857204787,-0.0267252511177841,0.137992288947861,0.168658962412135,-0.027629443391912,0.185874744555595,0.0575513497213112,-0.0763636127507868,0.00908401014288156,0.0170327967499647,-0.0744705610334169,-0.027145398838692,0.0667019012436647,-0.0410722678397046,-0.0123747433473408,0.0648044002204244,0.0252778993658844,0.0227409255808726,0.256728162934032,0.044820306566372,0.00698317511064435,-0.180082700914906,-0.0615932054951875,0.0198129944269339,-0.134013397611482,-0.139776129367,0.182761472736105,-0.0366760359267592,0.069792005888417,0.0588882195399986,-0.237988835852226,-0.0847167585538557,-0.0884313403085679,-0.150541917339638,-0.054192940095674,0.033613273423585,-0.0835295415836989,-0.03098371674446,0.131660968767222,0.0721801286810817,0.0982280090807797,0.0380916003577736,-0.110145231270672,-0.0412828906802306,0.0193012006812361,-0.0854607893696949,-0.0103124667654918,0.0697234595408691,0.0638120107053883,-0.0405919788906683,0.218971323107854,0.123697640458298,0.0535800104814514,-0.0497051289703665,0.0275030665546758,-0.033244624441449,-0.0242690379479381,0.106052357377125,-0.146172658874786,0.21262415796274,0.231499181566746,-0.119838003894054,-0.112424486305501,0.00597216535056966,-0.138392939598245,0.067257568902071,-0.0492373751193095,0.110728236110825,0.175528673823782,-0.149670954900537,-0.00902476498649575,0.0882703710567647,0.0614003470310525,0.0339099249295918,-0.0976499368424386,-0.0477905158556835,0.0649158142028842,-0.175897961572601,-0.126383576321238,0.0352012003053455,0.0787303578326405,0.0177152306910189,0.152961126658867,-0.0208330865396794,-0.101579690451292,0.157219727708142,-0.0568309330149586,-0.0395452416884998,0.00139791259105092,-0.233761735029403,-0.119231734279206,0.0705747528272995,-0.18152492308704,0.021244749881391,0.00893966426276761,-0.242768672311958,-0.0466758979655118,0.0425176292051736,-0.322560451341603,-0.00039353767253008,0.0363151155062608,0.0883224763373741,-0.105243456515306,-0.0523737926797533,-0.0194448624309203,0.100909169704927,-0.156625045443111,0.0304696223644977,0.0215380892769314,-0.130263243452702,-0.12719003714252,-0.0268540602715156,0.0144912987925481,-0.255639223696993,-0.0799444289717961,0.0828088851044599,0.0558952481898871,0.154052075251045,-0.133995116654528,-0.0565714336829333,-0.0577724167176639,-0.14175640952149,-0.0520657200606385,-0.277339639514282,-0.102366125618677,0.0199766988145831,-0.116074844771486,0.0760171531292745,-0.115733410243183,0.0289235781932658,0.0163206692184096,0.0113341012368364,0.0367384859770634,0.130888428527567,0.0206038709155539,0.0557513413874051,-0.153235919719477,-0.158237625524352,-0.105355683363411,-0.14142309595201,0.003650752179593,-0.167684687502064,-0.244349802096933,0.113688414889545,-0.182111887124656,0.107664648893687,0.0280205008450456,-0.0307092341846471,0.00466911399460314,0.0795771728877945,0.082734732826788,-0.0330817966203181,0.0952084490603709,0.302708415843752,-0.09655323574989,-0.0975795342526892,0.0102117075913138,7.3789722892445e-05,0.0394636834476141,0.00286553680243476,-0.00683048503459023,-0.0954658869436308,0.101445600114707,0.0199433884062082,-0.0524090812506677,0.0342664155140662,0.000260937091156904,0.012679258634631,-0.277167118980049,-0.0409920643024539,-0.188505429968126,0.104857988824506,0.0801617094057427,0.00842589546778697,-0.00102213645528796,0.0179582587509131,0.0731500326026405,-0.0787350673936609,-0.143959916661463,-0.0629481637556368,-0.108567657963233,0.0480537640316224,0.114550053903871,0.0894556755847846,0.0946221912678993,-0.0239260317419462,-0.108560431034923,-0.0163107355328502,0.15261590196004,-0.0324112086534599,0.0910127817500783,0.0404357553564847,0.261846400227396,-0.0866739322999566,0.0187627931428332,0.0532528552841877,-0.0140801207467624,0.0755334574789907,0.00532114179855831,-0.141855716129929,-0.0263374827122818,0.0970267715007054,0.0978209009329467,0.0324136389678423,0.11340015328245,0.211437186292552,0.0429888064823027,-0.0650716476944338,-0.0476577929362982,0.042124270885039,-0.0261396488951676,0.279174901314554,-0.205742053106166,0.101709263856153,0.0385977239551567,-0.152781347623646,0.139864150384236,0.0741668098889901,0.154268920984885,0.183079214062009,-0.00496154230540174,-0.0648369633870223,0.102729092876827,0.119340403474799,0.0508641087412927,0.0146742633882153,0.153887681577419,0.0246827699763851,0.0925592115181192,-0.0297323173318892,0.142274897231615,-0.0601557459743587,0.133700115688752,-0.0652807714485671,-0.0020094163902724,-0.036192326869349,-0.199922465954821,-0.0794165704418406,-0.259071856283802,-0.0568457724976459,-0.0914923468664904,0.0379522584005999,-0.160595329660558,-0.0125614592484046,-0.161410983136869,0.109850924447898,0.135353938772541,-0.117349891047436,-0.0473676984436487,-0.186131358746662,-0.110740633475744,-0.0351106723395359,-0.032852650312432,0.065663674248261,-0.0651314681952006,-0.164874149859596,0.0466808123333849,0.0767641591085322,0.1439893115716,-0.0457623841524096,-0.0443736632630251,0.0329521587999945,0.184606598580788,0.0804087777230948,0.032803057288562,-0.0833526929132264,-0.100253153712525,-0.368762091547315,0.0121946807804205,0.0357676643486415,-0.12650867530735,0.077251696704707,-0.136384533632187,-0.0544516499724368,-0.126626131718252,-0.0877569180345539,-0.129234257784604,0.0141401517150683,0.0852213050036846,0.0407089637882848,-0.0912914344618352,0.036779226041562,-0.147580281089464,0.14532612537707,0.110392402563312,0.177342244855835,0.0223999299647247,0.127693182287945,0.114725927935802,0.120278140974492,-0.133315410116839,-0.199148165013789,-0.173420670886432,-0.204842626329169,0.00393616531913445,0.0344659542272243,0.059289120814212,0.0450415588619128,0.230473007020241,0.125442312592592,-0.108391307006011,0.0481778834088417,-0.0649033162414278,0.157845368300294,0.0237906747106078,-0.0200815780779398,0.0251224357740218,-0.0330064888647992,-0.185229534389658,0.0701735764325111,-0.0499083962886306,0.0770333643646395,-0.0408277723336913,0.165851155036041,-0.0398097227638663,-0.101380370057786,-0.0152111413333785,0.181659256054299,-0.0120751258647551,-0.0110882942258261,-0.0214979989669588,0.0884091226800616,0.177403754581126,-0.0793358506796455,-0.259085159875996,-0.151412911698268,0.119251050617287,0.218206325818423,0.179566355741765,-0.0600554164429405,0.00976898533569159,0.176325817751371,0.132571744452317,0.00616133796152787,0.281644896435126,0.0851943910869584,0.123893679192549,-0.207867444777182,-0.0509577614651765,-0.00641861942553465,0.0232624900339366,-0.156663272551157,-0.0148777638388654,0.0936857011246853,0.129617355022992,0.0720092535359976,0.0869835193730224,0.109605730386207,-0.145193870626558,0.0158381710633151,-0.114488668936631,0.0522099477917877,0.0575811267435615,0.0792208177279214,0.0602018211238941,0.0692202300940862,-0.0715828970292128,0.00580154099511858,0.0976021280085605,-0.0399951256857963,0.210779352422594,0.0900771839512017,-0.141998292671169,-0.00936842618185443,-0.0265742353582244,-0.229237388845478,-0.091490573800107,-0.0104752816107441,-0.029969697561201,-0.11688190899016,0.083222637788797,-0.0459293414623343,-0.160152149147712,0.00864236075289248,0.0739783411127402,-0.0428978724263572,-0.121853967971229,-0.155256232836995,-0.00605586726426341,-0.143104445609099,0.104166181474183,0.0899340331853157,-0.131483151774062,0.0361400019564699,-0.0389357529365135,0.102305571089021,-0.146743599411533,-0.0309697936133094,-0.146133061769475,-0.0705150543353088,0.180109525830662,0.114603056224964,0.0263918794923083,0.113319637767592,-0.0291170840426093,-0.166001021625326,0.0823019820298273,-0.00885656445520454,-0.241064972285142,0.0995894177072484,0.0745418455979566,-0.023852331225801,-0.260199780946179,-0.153782668648741,0.165597377629606,0.0661842805207209,0.0879020043059034,-0.0894827096382289,0.180392688092942,-0.0284833703060303,-0.00802980589564154,0.00283789498357171,0.158930744494843,0.11922034245906,0.23339729385087,-0.020602369970342,-0.17911503230031,-0.123965139595254,-0.0811647395546544,-0.0962214691187854,0.0830750541905822,-0.0226487546889783,-0.141643836359565,0.282592165853721,0.0427341258249919,0.0612602288569335,-0.0717994109789545,-0.0306899037787796,-0.131327882427319,-0.00765048558264271,-0.0727263717552626,0.0518348594205805,-0.024851591883734,0.043557747941917,-0.177483853519745,-0.0530973233874415,-0.353662423957097,-0.129645922263578,-0.0132573075691323,0.0495551092613213,0.177988041871887,0.0196219205708295,-0.0412756402574199,0.0277270016151605,0.332122195706086,0.000247707102470379,0.024477788314076,0.100273428920167,-0.0169014780792597,0.0129932597555786,-0.041878033867594,0.230520261596797,-0.055241680937841,-0.0271111067257622,-0.0318162851667591,-0.206035330448193,0.107551862078926,-0.155647372709261,0.101966108898481,-0.0736568088037568,0.0977248880269825,0.0656964933401218,-0.033731983383511,-0.0769150951313669,0.151602206452972,-0.0828171321457659,0.0187010703525665,0.0216580245410684,-0.0597470085811381,-0.0122012323960781,0.128889322196661,0.0195336524150946,0.0162675065019472,0.0747077233335041,-0.12949890776951,-0.0618259584753296,-0.105741829921369,-0.0507526428202313,0.102205401588321,0.138136606719014,0.0666941246002322,0.138024735590169,-0.0755362351752081,0.208450746439113,0.185410987178082,-0.0342730371213306,-0.0127736686139329,0.106594457430429,0.119267993145966,0.0181145636374662,0.0338298344078995,0.15587925955815,-0.0133853958064198,0.0265324115862863,-0.0318110990528622
0.0365363493966148,-0.00624912685339064,0.0128563084529398,-0.108570658649814,-0.108646395403901,0.0873605624337232,0.201686414002324,-0.136377841690206,-0.0811077284615537,-0.0195441408280824,0.0500269023882351,-0.00880410601229364,-0.233516022115199,-0.113516712824684,-0.0635090734451735,0.0172767778602849,0.00759145192730748,-0.00828461428928058,-0.339847802568109,0.150514593981579,0.295716466045664,0.0620100183872644,0.066295984830999,-0.209402778614632,0.0099840205426617,-0.217210067013688,-0.118305257520074,0.144283564231492,-0.36982583991093,-0.0752288003983713,-0.237269542657069,0.062856202458209,0.0786530329872153,-0.0808961981845321,-0.00589224288448094,-0.214682881694463,-0.146492062832276,-0.207562471770857,-0.00131618837042029,0.0395704211477473,0.00984593770963393,0.00110286355910552,0.0370958819952471,0.104741398322846,-0.00326034602544722,0.0255823846798882,-0.077088028037343,0.00588601449327392,-0.0733115940125989,-0.08473660950687,-0.0260641900559133,0.00832002617057282,-0.196699593792688,-0.0405053437664047,0.110725043325652,-0.325915782224842,-0.127697375571113,-0.0828891363397614,0.0345063961191952,0.108366423097123,-0.0212772983532725,-0.102284955931861,-0.157558025024486,-0.0791619731072621,-0.135433618208895,-0.191069854962128,-0.0019093305511281,-0.0979039526303437,0.0962622527755301,0.139010781237528,0.0463807002583453,-0.00995016105951849,-0.285388797769179,0.081312768381383,0.152688674637445,0.123108382171571,0.0227037500769423,0.0392521549927539,-0.131985780406239,-0.131449102539334,0.101257804281243,0.0565600458177012,-0.0293976939824545,0.0810342958721557,0.144019324147723,-0.370838502583312,0.201788709585125,0.207523413944675,-0.129298396755008,-0.108406755749227,-0.167102611548476,-0.0594094844554938,0.117268931503876,0.219929093489818,-0.0669111448831452,0.0207218565853481,0.106879598445121,0.113384962802477,-0.0816505358578967,0.0104509497743241,-0.0628770847253621,-0.119573051725001,0.172245924751144,-0.0802602178523612,-0.289265428207656,-0.0642373920851198,-0.0900114803588365,-0.0828482000893198,-0.0527953928893851,-0.150258823909256,0.178906028690112,0.106704812789414,-0.0434622304419724,-0.0788779149896281,-0.0173915017918408,-0.0384507805839896,0.0312331992973762,-0.00657890197707712,0.164988092052517,0.0615447690560939,0.168839120113335,0.151799168213532,-0.0237062328487824,0.0590592867693254,-0.0816017778904478,0.10001228586966,0.104899759105718,0.00312361168428936,0.152661115370761,-0.0312443294294949,-0.0343507529292721,0.125957687255882,-0.0186654516265902,0.00137473382880603,0.185047246467439,0.174799731741716,0.228302880004493,0.265587827559407,-0.126830107299709,-0.317491944460016,-0.10305042940515,-0.150735326309809,-0.115127591685356,-0.173801815762529,0.106426984909248,-0.176449948735709,-0.259826167542258,-0.0717442568296866,-0.00696627362012556,-0.0596545277249321,0.0407336645561706,-0.0106490116597229,-0.0999412565409723,-0.066308623240632,-0.0613554993226254,0.141882202350882,0.0555404086100591,-0.245712627470676,0.0691124376753734,-0.0441784051158599,-0.0310398078744155,-0.1661873765878,-0.0594353460498648,0.0271561103957133,0.0810944070774221,0.127462852931993,-0.0920818187047539,-0.194475303877675,0.0986297444900041,-0.145661962479577,-0.0928662012365244,0.130734625198913,0.145102585561502,0.0295052655887161,0.179288808357503,0.0141387558392992,0.0073812543221239,-0.0253796885690034,-0.0803976388531347,-0.0010216427452,0.0567968893509107,0.26157120879794,0.234051791181076,-0.0124452358529261,0.099802361366538,-0.116865745117895,-0.01647080350671,-0.165443639699608,0.269212048944767,0.0973371236129767,-0.0718847264819023,-0.129041994331203,-0.0943151180826392,0.085149242747042,0.119841793414955,0.00195353649119386,0.0648138757001203,0.099126924421469,-0.257165898934765,-0.0218069065830166,-0.0709214710150207,-0.146054039674211,-0.186795877110042,-0.154866756840997,0.07632711198385,0.15196226514269,0.0888937437555598,0.0585131506212205,-0.0848112159661897,0.0744194242198244,0.168199803453178,-0.0378626275775152,-0.216540844885289,-0.0955855343691046,-0.0206156075737608,0.150977847130708,0.238224925801617,-0.188758521132471,0.16154636915507,0.279485074847763,-0.0230140551225814,0.0416557169919587,-0.00283936623620593,-0.0783183552817991,0.0431363778359404,-0.0923035065934731,-0.0118534737196866,-0.0760292251477877,0.0116163356072351,-0.0276391373965063,0.0285834466876934,-0.0620545020163093,0.210800251190366,0.170622911273178,0.0302317766541103,-0.148500374939062,0.0637350672500835,-0.0920404699444226,-0.18216101368802,-0.153793710070619,0.0701187525704604,0.0882162482615101,-0.0278655800788388,0.144437336700392,0.0234474434523801,0.0299829479308288,-0.007372284243542,-0.0317352971480801,-0.104532325623044,0.0331631527940498,-0.181950244264519,-0.142094899791082,0.0826587411736368,0.0406830779512836,-0.0954752240601822,-0.0446139338157841,-0.112377096221385,0.0159700317581775,-0.179489724548879,-0.148661568112392,0.115122269877115,0.0103686466670149,0.0833189359102376,-0.0810058482675824,0.00822354620825784,0.16558401663085,0.0888109575452362,-0.0033112535649272,-0.0969062998151714,-0.00818360438666003,-0.129766804346201,-0.151122125158428,-0.0875419695102481,-0.125626985181828,-0.127222433096404,0.157496872305285,-0.0844474069445778,0.0161617629882503,-0.076402885801051,0.186713034548432,-0.0309214928039424,0.0381879748074777,0.034930932591638,0.0724754836537434,0.275045194331602,0.00365465759704748,-0.00320663132499961,-0.271558041922174,-0.18081063108836,0.0404173741753721,-0.270032654495767,0.068363731001095,0.0920528838177338,0.091099908511371,0.135726312581352,0.0734808513917767,-0.170942345276526,-0.120048045456868,-0.0686465299599947,0.0453034223400752,-0.174281165499871,0.042764855213824,-0.00152131301380812,-0.193561608706101,0.0561538007464677,-0.127516012259191,-0.0591437831033622,-0.076793179971927,0.149251917003789,0.0667645847213683,-0.0790570333879759,-0.0389160475541702,0.112160419350055,0.0781499851173842,-0.0423121175640063,-0.162751565730479,-0.117244454824551,-0.0155216081977238,-0.0458439050668499,0.0158337636272517,0.0707495400142424,-0.058946697458445,0.108025785661485,0.0720351885491405,0.141371425143199,0.0494590653285719,-0.0170103617134081,-0.0881434643489191,0.111987475274731,0.0405878523587027,0.122647562085075,0.0370728766670315,0.0720921313677916,-0.052152560194237,-0.125437608616366,0.187776741594274,-0.214969674920595,0.100048825299372,-0.0630456303169438,-0.119103002158502,0.108716446973003,-0.192796540067079,-0.00131944316887975,-0.120873015088899,0.238167321252354,0.0960653249754911,0.105537498108465,-0.0394304057218774,-0.15427828329781,0.127770207018351,0.162800473751913,-0.215606989542938,-0.0976652624829377,0.100883237495852,0.0814630489580956,0.274387605874494,0.0460123785485765,-0.15486479776119,-0.123716039160473,0.0771951918849828,-0.0405720401639963,0.130961461778668,-0.187379961233692,-0.0718726483849821,-0.113465302660231,-0.114120300585722,-0.121307760725698,-0.129347668922317,0.0388448157695572,0.0450833019464766,-0.0603248193660982,-0.18542129456709,0.0352420684294985,0.196174213093326,0.0776766764502897,-0.0415431242274187,-0.052977477784469,0.100555768242198,-0.161400169352465,0.0832627744351757,0.169953969753334,-0.0213517437190829,-0.112535286738317,-0.16412858244094,-0.189098344138555,-0.0588275800270319,-0.0635432231171305,-0.0403526777449908,-0.00955484098137627,0.00441456075843868,-0.00198698478415014,0.16244369165292,-0.257176736516147,-0.0919579476752508,-0.129573524912272,-0.187179586043284,-0.19166179881184,0.059424490106271,-0.135012800755483,0.159406306653782,-0.131877898269003,0.0753264095047737,0.0375820664126246,-0.235821640270368,0.0187142383943081,0.0210741818914679,0.234749504300413,-0.005937822754301,0.0971945919069847,-0.167743483889578,-0.262769642531367,0.0240999229112998,-0.116434908004741,0.0506579636878436,-0.0762547092944897,0.0689929077189538,0.100034930557344,-0.146329105956198,-0.034480438985228,-0.0263373448106261,0.123858483968891,-0.0399926505789973,0.220748073830077,0.0451299078063132,-0.142011348016877,0.168881570521904,0.154051303456316,0.201404480658158,0.039683201955082,0.0064487198661918,0.0150240124288507,0.0459352336439936,-0.0420927464166585,-0.0783782909725609,-0.0482991951188037,-0.0383674974389626,-0.0225417498194857,-0.172025730005339,-0.0638833324176481,-0.112947449244567,-0.00889509239757738,-0.0455451621931019,-0.0400903953099406,0.113951575322485,-0.0531676388268658,0.0790384340523855,0.0682621032937529,0.0432784172892455,0.0745080529454135,0.246402005551674,-0.126443914859124,-0.0707504526746583,-0.138301863301397,-0.0303967251058384,0.0432829674602524,0.111030671700417,0.0493084456665164,0.130282246848469,-0.0998055919716131,-0.0540203259310122,-0.103504837801822,0.160662259277214,0.0154938956241508,0.119016132299811,-0.0217887094444582,0.355270728132668,0.0573026108707039,0.128244452618675,-0.34115985705113,-0.0173255120571196,0.119074009786737,0.0427161069599014,-0.136436898969453,0.0135421897234901,-0.0807653940569039,-0.143240371356468,0.0453611659745048,0.094128279365551,-0.0175871614725541,0.0478852216773586,-0.0155697054790612,0.0585591792054449,0.115399586391361,0.0241472138697111,-0.224517078541266,-0.222253866856817,0.152894896422217,0.0885025544366583,0.0445141704079558,0.050858729878696,0.17613256732874,0.0122884003816327,0.18655251962736,-0.0829064753036845,0.255092195696273,0.188426963727182,0.0418207962027926,0.302325585967908,-0.157256508415739,0.0310867647747523,0.237218347840131,0.173318946261732,0.0688805935540171,-0.254894957061854,0.245928896888089,0.102483378656949,-0.136882524690496,0.028653305910093,0.110303807690602,-0.17404571545777,0.0139494129368203,0.0954635632832484,-0.0174656486901139,-0.0146651750929362,-0.136633173188782,-0.0754098849482346,0.0866616809593281,-0.0383382880744074,0.0263849704304863,0.160471053826709,0.0122500439174578,0.153144888403271,0.0953280096039145,0.0389337281040062,-0.111108022539848,-0.0590067701794441,0.0616073096628159,-0.129157356546547,0.131597754551461,-0.0250806512744948,0.018976054349135,0.0949983650842639,0.0568755050026516,0.238996296770372,0.0470570688576062,0.119770843637144,0.0408124883843289,0.111074177151466,0.145747898921839,-0.00264118833350908,-0.0970654156336281,-0.0076715197654127,-0.041871831607785,-0.0550723822849667,0.0524828217580909,-0.171026503956113,-0.0706243356617655,-0.0055164402897379,0.0111485150204552,-0.0781527042677546,-0.134271546841044,-0.0845609453382956,-0.0869072667856512,-0.189006213353163,-0.0601212877072253,0.0685514818904393,-0.119207563258829,0.164967258379331,0.00778231487004863,-0.108081641984312,0.0831414000502841,-0.073190185336184,-0.0804931797908904,-0.194499942677973,-0.0541069131045429,0.0576525036033544,0.0586850130186371,-0.100714491706586,0.0178282776768711,-0.141564539150724,0.0322242495338022,0.0297480339406438,0.0927935938636119,0.101818084706063,0.0104988789312317,0.141667364295501,0.0921172890735308,0.0374298304543654,-0.0748895426604625,-0.142024257146703,-0.177355765052636,0.117581863537552,0.199829371793735,-0.0353977820122937,0.150867750286174,-0.186284422188808,-0.016510049254887,0.181624950551162,-0.066378107791927,0.126260198164193,0.0625170828155923,-0.0826454589918261,0.0542879351360329,-0.0856689616421796,0.0437338161645566,0.0333650506151847,-0.019997005781673,-0.108607069083448,-0.0715484599733141,-0.0524009906501251,-0.102707372341179,-0.0566931218248575,0.156487954604954,0.0566968381839575,0.00186540076826619,0.0681182879048308,-0.0938421976901764,0.154677600136336,-0.0788679796134293,-0.0361142620949942,-0.281098611466798,0.0716339369772676,0.21182652230751,-0.0961065790532872,0.0776714253933834,-0.0743447672296962,0.157059006230537,0.193959483749146,0.0798000927742984,0.0376870805281612,0.102604570950972,-0.0904675562885069,0.170655757127626,0.137846521657104,0.0564101049753782,-0.106309917221639,-0.0252200046120218,-0.0564853616218273,-0.0772521873244112,0.0727977743142832,-0.0421679662307465,0.200943609546453,0.203571799208265,0.113740384922946,-0.185120450868987,-0.11969199051208,0.0433371071249387,-0.0276365496844367,-0.113880536845823,-0.0428436316633305,-0.241888679300253,-0.019429308400689,-0.0304336844682476,-0.0474335327063733,0.0828091510785803,0.115919793872229,0.056279374004629,0.230043451203338,-0.0776638862365456,-0.197604450870016,-0.0885120571240935,-0.0775550284282131,-0.0842188964759885,0.275424341987827,-0.064896912971845,-0.14262024803738,0.108790149242925,0.0434609135332001,-0.210171873210405,-0.199377879171707,-0.0445764706635983,-0.256569273317872,0.092722393773768,-0.142194846621225,0.0597850428751675,-0.165131527873106,-0.00342167605993673,0.0119175661914882,-0.0344866718590367,0.127270065965367,0.0533970412967572,0.0264539986556376,-0.0261770599519154,0.215109225781788,-0.14675106177393,-0.0231390453221461,-0.154973785375873,-0.161074937053546,0.200604920830583,0.215566774059538,0.149401823389227,0.236496960360932,0.0984761240848508,0.0141599209716976,-0.163701691325808,0.131149644199046,0.0919881875265978,0.00862045209796945,0.110398383013533,0.0526073454963847,0.0369633410048819,0.0747619077478031,0.122229003117691,0.140902158206436,0.212224105543519,0.00493000384540948,0.0556875731445321,-0.102313108311864,-0.147203122550655,-0.0634001177463908,0.0140948031683513,-0.197463667523153,-0.0928325694928126,-0.0126575097075509,-0.0572061936419471,0.00412498251429986,0.0447511913888696,0.0875395431002364,-0.171723821823692,-0.0392045721501877,-0.0719265974120121,0.0255288493075275,-0.0559520323957368,0.010721755261394,0.0250390611532319,0.0768482614888557,0.162160216489774,0.0864344821640294,0.00354481192562325,0.0869952526423986,-0.128487380376824,-0.231706054103831,-0.193909762456495,-0.00372866534052832,0.142342293007532,-0.0597690372304033,-0.076261537049296,-0.0181159400841474,-0.213735496988631,-0.00479076393821141,-0.102270616673801,-0.0665896653021671,-0.0301252438811887,0.108715560546885,-0.0142225390375552,-0.0946786351780982,-0.184911973554349,0.0871490422355686,-0.0114197659050915,-0.113536197600041,-0.00382964918478964,0.117492389009459,0.0430090261877166,-0.0103360454334019,-0.0823324783279442,0.153586064697318,-0.0520359161243474,-0.089596092155047,0.0982749759718383,-0.127025109568728,0.123559731418351,0.141627518140588,0.193023881575174,0.337666621115122,0.0801600433443792,-0.0587047353200822,0.0636429699895074,0.0776990826018941,0.0743213746386224,0.243352418945482,-0.0396119736412418,0.0104342000197673,0.0771283000366649,-0.00497122585558129,-0.100053467494528,0.214376263097888,-0.138981494533867,0.0543528958944477
-0.627977967575678,-0.45410595859529,-0.470343225138734,0.36472007827483,-0.525500861451945,-0.145284622668242,-0.548294510653973,-0.255806540161083,0.563338818604706,-0.38559611520233,-0.31324838399306,0.0729447279373355,0.564374295022134,0.276709268614769,0.761881018495132,0.373870168926233,-0.279744025054864,-0.0637321980377087,1.01206268469079,-0.148481156312948,-0.288388090764792,0.0257234722434814,0.0291026651670509,0.256343766644643,0.504010341681294,0.819610531834176,0.560080014706712,0.392370743242745,1.64250371543096,0.513022334600983,0.91444398106213,-1.00713634981975,-0.897247008869588,0.0247868919413907,-0.181180851408101,0.598715797627937,1.35289309914032,0.985083519263576,0.874859998722265,0.764638819003057,0.304739982029224,0.713524218728143,-0.688852126380202,0.163012821852943,0.763674560968821,0.376932527248098,1.2531959813222,0.645325343907841,-0.405104895512031,-0.274669339865289,0.72725201701983,-0.128677562385083,-0.0564505351935157,-0.468173240776897,0.729339134379474,0.962557422783677,0.775587286341469,1.06042435270864,0.362787688430971,0.490073019876926,1.35995720500165,0.44466462483682,0.609016398274522,-0.184905557364359,0.335397781963111,1.00699045131289,0.0579129205452743,0.0951027166408335,-0.22327411055275,-0.261400150007451,-0.0149815298797632,-0.43124452733939,0.711960320474565,0.111271686307437,-0.168419833963047,0.356009355049246,-0.195444834503813,-0.67150870172642,0.003335016509668,0.122385629965849,0.158147008369218,0.618183441144292,0.137566464108997,-0.0644350359258544,-0.353298272253926,-0.151625932816391,-0.847110310354879,-0.374513404180965,0.0439981500573223,-0.24660682229076,1.45764937229504,0.539929066585584,-0.445959195491588,-1.05258705910827,-0.278355371153746,-0.306965232283409,-0.150566211368538,-1.09956661839035,-0.649384946768436,0.589000163536394,0.269228180601278,-0.0426606883182347,-0.417198413282749,-0.198310203039964,0.0298974501992111,0.810196087972987,0.918345096303717,1.17100041391853,0.390917633788162,0.285240528759675,-0.9628720441479,-0.748590540669552,0.201422755867097,0.243096054677015,-0.0884135555480029,-0.76463693623109,-0.766252231688734,-0.230235079755725,-0.415882546463164,-0.915722401508788,-1.20189149471473,-0.255702811440166,0.399676984967711,0.595323949838541,0.0663338430792597,-0.485203750680257,-0.131445402187786,-0.612099273935675,-0.342101431963184,0.064247507730257,1.45944448218163,-0.25635786384119,0.553978006575964,-0.416801866113316,-0.10684781450408,-0.330922869219579,-0.376440783599621,-0.0853272176880665,0.372827547768838,0.578834187949291,0.805002657764925,1.28737132890658,1.20980837373056,-0.0584446667538899,-0.644391824352155,0.271416999630485,0.452145362099213,0.281377914303625,0.41952110125149,0.468432408470391,0.333951316298211,0.372128866903504,0.264067041887272,-0.148516889449373,0.00802010571280714,-0.59875776773908,-0.140367803015721,0.0792981420311531,-0.173805795857235,0.44625146957533,0.133351466467906,0.113434320047711,0.752139270846294,0.00458876398201345,0.0891183433746515,0.234150539023108,-0.174197807724722,1.07783623354675,0.0616941799816501,-0.860004476266946,-0.412575388555487,-1.0744365802429,-0.502211624696166,-0.828898094572009,-0.942876324413848,-0.000326369842934576,-0.417395160526983,0.0540181391610016,0.202264500711021,0.42260548863606,-0.329841162017941,-0.468127081165804,-0.184968395896067,0.349884342357705,0.217318756674371,0.20430147392238,-0.0167351040622173,0.15176759846673,-1.36438212485701,-0.706800886952376,-0.862059897684363,-0.181537188774958,0.00034576991236264,-0.911803833532738,-0.994333681081574,0.594149470342974,0.0519246073812293,-0.06175194287961,-0.441155729622063,0.227606633436796,0.247529773130642,-0.295664146959041,0.764691823358219,0.343650363681285,-1.08969193114117,-0.46913322733855,-0.687410061373137,-0.864752754952903,-0.175345495525654,-0.112337921567212,-0.269979109748467,0.938416448759032,1.58705811321141,0.876466505998532,0.727629559551738,0.256907245655069,0.165424413052328,0.464701474379403,-0.0916421360193444,-0.0294905349101473,0.7434208763622,0.223340793151627,0.0304022459232619,0.837533402370738,1.45959395060203,0.243508234184062,0.271788611577001,-0.548267608129984,0.259974338928485,0.486323094677734,-0.188330903808887,-0.401576145739846,-0.060074280541496,-1.32371535558111,-0.375866394945563,0.22962430374718,0.540119310315579,0.528021105739041,1.29827945028043,1.01177417819616,0.713691062798561,0.591110202580792,0.0745225183639124,-0.568653104439026,-0.73620655821513,-0.109916423949005,-0.994018825521166,0.0997002028906336,0.206291748286066,0.262030964553736,0.0935723120535831,-0.894412327592085,-0.546641565515772,0.323245201876722,0.0420644702430617,0.375208990129288,0.7465531867266,0.77200100841953,0.92243524115693,0.674619376833858,-0.50074614660386,-0.163564883252395,-0.96401173846621,-0.313455335263711,0.239899826625534,-0.0118698324818739,-0.202917403700526,-0.334321634076321,0.726088985596728,-0.00259568087005392,1.48975636854835,1.41930537762401,0.528434942232278,0.874511638783403,-0.0243156242541609,-0.0410513519141373,-0.130026706854906,-0.562517971054682,-0.323205365208441,-1.10568990243208,-0.733371963823036,-0.588014618108131,-0.220161634780142,0.342493593648764,0.466605077834524,-0.143763866400744,-0.526159458017714,-0.115217271244762,0.73556665238012,0.769036283054002,0.717378513881668,-0.739039680161141,-0.575683706935722,-0.696267123043221,-0.60359608045391,-0.113183723798633,0.521279554284169,0.324436778275257,0.279339728360621,-0.0980160407807822,0.397725900400152,0.0655821907090453,0.536407265686838,1.08152453191793,0.166463670249802,1.48492791786415,0.861189798773752,0.764074480900004,0.0729340760642158,0.390156347487631,0.353990624761525,-0.0583128415585949,-0.0960851689014237,-0.336715186544368,0.769010143937873,0.518946563551629,0.736406385024431,0.0837557483398544,-0.0742642475615963,0.299984128200899,0.317116527788588,-0.170907424999947,-0.472798372073413,-1.17115455993642,-1.13770972014502,-0.381938058849648,-0.260543017224958,-0.157959676756792,-0.0547279107531097,-0.143314778415149,-0.433394628342747,0.0144013933184969,-0.553548085477348,-0.128863336563336,0.246429686456286,0.123362023499385,0.82018519372296,0.775169015318443,0.388763034181946,-0.697613954445977,-0.736289223578485,0.00722395516956441,0.249676632341171,0.508154388095783,-0.287978076457967,-0.0906975644224569,-0.407169283466186,0.432434978178275,0.654775502594772,-0.426963041101523,-0.0452347712068518,0.567775252241482,-0.139416912576905,-0.608177369781866,-1.21246071390465,-1.32352278581803,-1.0032931694912,0.224721180930146,-0.372372157214803,0.0913848561237047,-0.624768787113132,-0.460613951434472,0.944076319065555,0.51873101485166,-0.227284415853173,0.959772101316003,0.380317940749672,0.790774810070681,0.448991876691277,-0.475809649822315,0.0121358801438235,0.767479288182671,-0.0343928913391789,-0.623779186004055,-0.709954896701168,0.0714846563272845,0.435432548613333,-0.787773461547046,-0.523518873073049,0.432997569602932,0.625658519269306,0.809871453237904,0.588131609040918,1.2766675834766,0.83187888074839,-0.18734783518392,0.185336731121716,0.476657870805325,0.0200624348760314,-0.0726991394613098,0.129695619860141,0.656136746163313,0.314011788155497,0.699002628695141,0.287770669752212,1.30514452946144,0.797808332464286,0.0993779755843993,-0.186429880550761,0.251872800446423,0.569095896303311,0.504054890550601,-0.224599734948647,0.362653520932939,0.538841217711428,-0.0869911419878132,-0.540255717858543,-0.202773949396085,-0.287823481718746,0.846251754743756,1.3736362035024,0.792326118996903,0.468600839451063,-0.305214976312291,0.122599851248843,0.319962736092845,0.185874773779127,0.47781645815133,0.0961896635719648,-0.272819022817969,-0.472993516653462,-0.208084835990993,-1.10151986856016,0.179609396843227,-0.118046633780544,-0.598655854450077,-0.153046728351776,-0.305348878635667,-0.626547365290411,0.0262951352253533,-0.55598703952242,0.00980512078670617,0.176124383750219,0.156537975363627,0.337599321911368,-0.206506872347865,0.331095274093261,-0.328101775806447,0.220449082053438,1.05296062127373,0.195141227426669,0.839599809124688,0.580531731186493,0.222170169900767,-0.179576549930761,-0.737559787544402,-0.564347405273331,-0.09516123182377,-0.0839320381975771,-0.400406371543218,1.018969773805,0.599043158668402,0.570943358742503,0.278504682316531,-0.310982829952367,-0.671922825826679,-0.542170688578173,-0.304194058287768,0.0716566507134096,0.645961522181373,0.313034363473337,-0.432632434575602,0.3475991621159,-0.226230212974661,-0.769290864650716,-0.890878866491783,-0.0901415718498157,0.142559143721562,0.4194266482957,0.757657408525441,0.518199544926735,0.323771046473205,0.474701399173031,0.105316850342551,-0.599145449452579,-0.0038879601814093,-0.695779173509363,-0.320387169940215,-0.324512694746867,-0.467301759495619,0.605387509824637,-0.365378406962071,0.510813966033347,0.433111025241344,0.401816642529708,1.32672237985943,-1.36506947930316,-0.565239321466039,-0.262462632956177,-0.250463766174321,-0.624554199750976,-0.851848363947001,-0.523278265672988,-0.793280440810958,-0.556674415056658,-0.498023263663044,-0.414730513580296,-0.542493197802471,0.305699655513591,-0.0438809945578095,-0.63129519286581,-1.3096025334935,0.49316392182581,-0.0703777158584102,-0.573334381322988,-0.290429110465205,0.673379643758105,-0.369405347126398,0.278053441100029,0.87050917432267,0.96503523115226,-0.221830681607496,0.912372262835924,-0.242975901674589,0.24469118858238,0.000397280090229088,-0.0871981863109275,0.223720391917714,-0.338302527671055,-0.0970668795583899,-0.400236311462393,0.119447400550676,0.813688162538843,0.654390547775235,0.0453967554778885,0.0986906240282646,-0.720508959785208,-0.118051380079866,-0.193612780947428,-0.11015690899942,0.123819342340881,-1.56349928932311,-0.421857830945864,0.617218039853744,0.538950433589106,-0.61068788526822,0.0110726951882836,-0.310839888257904,0.848602578564592,0.844420967179425,1.05612659468788,0.223452844054111,-0.610116359144717,-0.147945569112668,0.22968104740943,0.719078494259138,0.649516149843165,0.917077142473903,-0.482168660134159,0.576087484261224,0.503032487056955,0.912137317499434,1.10553854697303,0.507512682522667,0.573575139476306,0.39555977195859,-0.148013996725949,-0.797599079611844,-0.623389924385681,-0.204518751077592,0.233026725840249,0.0626372067434994,0.000651144292255518,1.90570578919884,1.17830113393123,0.593120653475561,0.155987859679837,0.385738494402187,-0.307084037109854,0.399345218934416,-0.125929472693839,0.124405672413512,-0.566488654328393,0.357482626839527,0.285571066179644,-1.05545659512271,-0.983475461233929,-0.486770954718641,0.0119762066560971,0.541726161414184,0.0654290540061385,-0.569350872354702,-0.710177340381902,-0.196914948817989,-0.221241603404787,0.356014747420982,-0.275263082672848,-0.368012760848949,0.35476898358661,0.0225873880086883,-0.142842009337283,-0.359745057402655,-0.0439462423743845,0.544705388021862,-0.366207646840579,0.452035989353887,0.903556460648892,0.829795246842718,0.928262631166633,1.01834803348414,0.306359960914114,-0.445962315896074,-0.315583745930578,-0.203502557084634,-0.514331806347182,-0.555585290352817,-0.243964554957007,-0.193676290752018,0.120747939782273,0.0184324013360707,0.788625589872707,0.418421869798419,-0.401543334319828,0.0712168559623086,0.200763420850919,0.324507659611163,-0.813123980696646,-1.06450670608669,-0.320396454859498,-0.255871247011315,-0.546744671315312,0.315817721874985,-1.06082895210628,-0.29853916309566,-0.863522341845186,0.378614437202908,-0.510959122687281,0.415564312231809,0.686420129572726,-0.145396065997721,-0.368609866953717,-0.621698627137993,-0.837071579951406,-1.03275692876647,-0.649325303777278,0.633189360575342,0.0910444311676162,-0.453232498656725,-0.0873441444482416,1.19372483229548,1.18636156200618,-0.0113666396718362,0.457779304511784,0.726878558894025,-0.133795436196451,0.265453126282154,-0.212392514376937,-0.169028597586264,0.125243296680607,1.22372179191189,1.03036350975041,-0.175894811317279,0.0467729782768596,-0.515347347346265,0.530709214904962,-0.00618984190193796,-0.212275980895455,-0.29845482737044,0.564229685810113,0.36012835423302,0.476800926719197,1.48273924769986,-0.224683566173197,-0.0856593064137398,-0.41658614717153,-0.00236408261593094,-0.0208528177287065,0.00723723492472694,0.324051346576782,-0.412980140828093,-0.778035627769382,0.493095089282791,-0.744990161354616,-0.646494788778931,0.0213281481554282,-0.264037626898723,0.0857788287111848,0.375090040157661,-0.373141856958203,-0.450505819052808,-1.09780916826772,-0.828693804357273,-0.74482325073588,0.171175776097567,-0.080798952295599,-0.0311045934459478,-0.497501804784792,-0.578698923075897,0.0187928226473438,0.039783638088544,0.45112629608361,-0.382282025644978,-0.295922025987896,-0.997883648689605,-0.418284594852688,0.507298446506188,-0.151342486551162,-0.800037356040981,-0.398902601751581,0.816337173778645,0.545385654396823,0.749391619419539,-0.346471643039806,-0.433818062120612,0.516057580659135,-0.211545160953201,-0.286840725958081,-0.53360731216533,0.543659563655365,1.14506044833456,1.23444295247846,0.573173108901489,-0.410943572365609,-0.658038015696769,-0.0505756813547622,0.243385422326368,-0.287731802886642,-0.328384097121035,-0.621093091419028,-0.0348766243755502,1.17398832093126,0.661283187323759,0.616981880801242,0.354344319790803,-0.936526817861368,-0.0527371506426489,-0.0625114712149701,-0.327183358268833,0.632354495354016,-0.00179243722007942,0.33719426913482,0.871430449570556,0.501406323494574,-1.08469598279711,-0.263960745478732,0.308002933197282,-0.450922071688115,-0.241487864107918,0.052394153929646,-0.191600434343177,0.19472453278185,-0.0130301938140739,-0.623792147996627,-0.507765472569645,-0.199683315024091,-1.12163192116241,-0.0861683593601264,0.815623575847249,0.325646339112224,0.402131168928438,-0.0243796809556398,-0.285998134962376,-1.15358231418307,-1.12544557951053,-0.974874511733624,0.235264030095902,-1.38297157014484,-1.55208805490924,-0.750197100244238,-0.978767737710748,0.39269403389346,0.922661180306072,0.835808199504577,-0.114634697569095,-0.00432760716016374,-0.510596454017999,0.00876807279504374,-0.117813322001313
-0.42117614725424,-0.389496613100058,-0.413935227236233,0.261750859975343,-0.269002933712174,-0.0331493935672757,-0.503817929921194,-0.281998136411823,0.441083110345668,-0.336278784001512,-0.188718418772323,-0.16428103930392,0.0951629771517435,0.226547187517423,0.714556086290792,0.352740889126417,-0.163123531592625,-0.165734160165252,0.731045105465132,-0.246791917036791,-0.396209780649937,-0.43567265044672,0.122642847423769,0.253052282557078,0.431105953360367,0.444193039301059,0.540711466100481,0.417661882633997,1.48200310789372,0.585795503567595,0.523788201953509,-0.67367857699904,-0.802459729630285,-0.0165132456508043,-0.17485310764218,0.300112484118645,1.1049504577797,0.65291067330418,0.68918572728108,0.695116157420471,0.188187210141829,0.445972742723726,-0.319150053973039,0.216993547860556,0.555359074186039,0.315497422628427,0.820862805208884,0.415618565053028,-0.179243152533598,-0.238990230412268,0.57353076420447,-0.362255987148312,-0.095774105652763,-0.390290812916801,0.326741819653799,0.679080581392433,0.633691121224959,0.789773168735329,0.354626648964455,0.403984240658056,1.0553685381161,0.261225796120597,0.424500252831044,0.0314057924174052,0.368044912259686,0.673349430349796,-0.161603180327377,-0.0466735373339973,0.0651774060635633,-0.158459848587116,0.0113201797641093,-0.249870000548515,0.583692622909349,0.184617457770331,-0.0942367472977523,0.14722563149531,-0.209188437870674,-0.313943528100093,0.266413499482192,0.116103304271328,0.10018959780359,0.553217409840244,-0.0151636932835969,0.0711389235649721,-0.161929385214001,-0.107625310881888,-0.491397044694311,-0.323420082766285,0.203570785007727,-0.12805235241033,1.06551910065956,0.272286686312811,-0.389783968812374,-0.746273362449196,0.127278478149889,-0.24439546362006,-0.113062752973608,-0.853793924623144,-0.507914289663978,0.133637473214875,0.455200530341777,-0.173942004505448,-0.294469069141167,-0.0178846331264075,0.135153502592482,0.634994643851202,0.762751551428554,0.751353799824311,0.247122744561011,0.0409143163290056,-0.604953248475805,-0.545214442750814,0.141499029851315,0.108499148152746,-0.0833566780048228,-0.605093033797912,-0.585050692663434,-0.170602870047399,-0.245367594779243,-0.676481980270884,-0.944734834673497,-0.0451546964640149,0.449226784999805,0.526975345161662,-0.0784781393097338,-0.397133437373862,0.163405414833273,-0.348401913108673,-0.240563076358655,0.150583470709136,1.10834375154684,-0.245004777717498,0.216467682772628,-0.216730158667724,-0.212802945488898,-0.388570672370371,-0.385262548405825,-0.047026731225713,0.0788394734607548,0.453402399434512,0.521089343685379,0.914072000255883,0.96673348140556,0.0380273111969881,-0.576460133813084,0.1193106300688,0.166253447645206,0.135343036792033,0.537266513237445,0.394507891247913,0.324394951242874,0.258501157889501,0.260787012485103,-0.112218583994957,-0.10859464014061,-0.520427198723732,-0.159892352122696,0.142825351499958,-0.110477704661188,0.330091296858395,0.0109401065632207,0.469037975431499,0.409972389491742,-0.0832922711300665,-0.0712387496066149,0.0520255204330505,-0.105979361262318,0.68572242185246,-0.0704456766529418,-0.671690441531787,-0.281683596754591,-0.801230643081323,-0.558559452980156,-0.680584177690385,-0.727145681263013,0.0450428496884658,-0.163370113308445,0.0293602115475986,0.114039822575202,0.284274897891032,-0.0111979287651562,-0.338447103399551,-0.052877648268281,0.146898918418934,0.283772717550514,0.0693468337919877,-0.0582730208796862,0.151244357139803,-1.05315759725686,-0.386438903179177,-0.642281421050292,-0.0308170092662201,-0.06079193634243,-0.562572923882602,-0.429676242506402,0.36508468169371,0.137466311858918,-0.041688392203467,-0.478687792816501,0.3180770596523,0.291409719943114,-0.273782776246724,0.462912077205583,0.287868300974472,-0.874746896915361,-0.505463626839034,-0.671760958713832,-1.00167487143293,0.0110443242327342,-0.00841295326953355,0.0679217823905624,0.781268236539576,1.07933648385825,0.672660686562367,0.757378756713003,0.245497692062067,-0.0262413236222284,0.476579357033809,-0.230526664847188,0.2585400460629,0.711679006907731,-0.0105129661994768,0.0670742563685534,0.784489532813512,1.14596195865492,0.254303359156813,0.16797664040753,-0.283874938382123,0.435801122919434,0.181446478682651,-0.186725174827048,-0.311280083746818,-0.206666319090211,-1.11829929231796,-0.275035801441256,0.0609823565375792,0.24511291346957,0.322946477754976,0.995360120904766,0.996471624278948,0.60380479005824,0.244528620262094,-0.0690466704379086,-0.521819721331327,-0.680941414411547,-0.166862523349578,-0.758586364237159,0.0497492346063539,0.151880436081755,0.179463978377969,0.206307695117716,-0.591420289215725,-0.208081161588375,0.144718370478663,-0.160234714668565,0.280829583983885,0.407964608239617,0.529837909842412,0.60919749393614,0.313729530508587,-0.283099629742371,-0.00245825962128671,-0.807725476184191,-0.222208492158778,0.182406610091714,-0.0177320869920798,-0.117560843955061,-0.226769698110151,0.511360837956753,0.0742683720646417,1.3239299649028,1.27550570265815,0.457821349499412,0.772099972388089,0.0839260788123946,0.177881187989181,-0.0619898303393469,-0.606061860060055,-0.35371407063726,-0.867996671860913,-0.693320951797302,-0.21396285345503,-0.088237445795615,0.311120419571556,0.361658378086363,0.136277865195145,-0.324577436713404,0.0114005137047395,0.213964162586132,0.544298972864161,0.542385012872594,-0.645656757430659,-0.383112419259491,-0.676929284113673,-0.478477379873441,-0.143386142188904,0.639624280229153,0.342473664606696,0.330289892729186,-0.332955076667074,0.31395566617503,0.0584580091545258,0.520312241479757,0.735181234762234,0.0703910292376395,1.06637602525767,0.888719412590358,0.706500768727249,-0.0637720659898346,0.334228197581608,0.478270153029096,-0.0893512901456916,-0.107872859587535,-0.187901894698296,0.518445866828361,0.18103718271153,0.53384013313205,0.0271192098532878,0.0613732884596289,0.141825414475227,0.126636421999126,-0.231049960571385,-0.420080481726253,-1.18127362148171,-0.633828171246113,-0.20609465320136,-0.116831901913699,-0.0854724857640553,-0.190272491453832,-0.0943096031459457,-0.295325967462097,0.053952437190769,-0.380272369412162,0.361104610094858,0.498750318095671,0.103172493811557,0.632504781787196,0.630613288547054,0.440269247757694,-0.250396241993056,-0.554628566701224,-0.0996858886283971,0.220944788291205,0.342470453548027,-0.00339004672685991,-0.0660491957290069,0.0135460895095643,0.334142848879014,0.690655116546759,-0.290651695814187,-0.144828505202216,0.376047740155724,-0.0893401795087294,-0.33789312400992,-0.915564035569999,-0.769302880821059,-0.801658991126046,0.35644754062379,-0.387011284797395,-0.138080130078117,-0.589491081246288,-0.339684723911912,0.636075276007096,0.624544859852548,-0.230461295157298,0.761304565882048,0.427875786352785,0.859384575459438,0.41557986673671,-0.296945334041521,0.0122105321263508,0.77974044183557,-0.0123322983421632,-0.509242459179303,-0.342202778360441,0.0928556572563994,0.311217168167801,-0.601402806723088,-0.402354409059893,0.396488946463056,0.318048566580715,0.475084009215844,0.361442984488902,1.24867926258421,0.848927036922627,0.0660537975726073,0.0146303930089635,0.364368454728307,0.187067077790503,-0.128619410353089,0.018854693727096,0.502452364776886,0.100338116974931,0.615882407222227,0.386957486895912,0.976158836019132,0.661379463535408,0.0953987152469057,-0.227427349910455,0.0815620816796095,0.40656614884777,0.262751924976851,-0.0155111131677935,0.474237335389617,0.528793660039603,-0.141001406139134,-0.381999085579629,-0.132534020731947,-0.226558332963032,0.586729295922768,0.908729046721894,0.638650149870631,0.05768513257671,-0.0245692108911878,0.265554166456627,0.144748057829426,0.411119424243286,0.434993331587349,-0.0494850030834694,-0.102734987699807,-0.236443008296885,-0.148910216549745,-0.67333802340862,0.263040444174281,-0.15110075102463,-0.579355385631983,-0.281105813730847,-0.38829338517618,-0.574332467424977,0.0476523182115615,-0.387510310565529,-0.13406302259257,0.0508726693637707,-0.0701728282109414,0.393484046775671,0.121910319857518,0.0978491116916701,-0.0586840552367087,0.0339292331309802,0.882218870910624,0.138473588589301,0.721014075818693,0.382482174620841,0.204032586125265,-0.0568248227173745,-0.664339549141521,-0.207978046658744,0.0194772098260529,-0.14121322735244,-0.363282834638504,0.736529915549029,0.442727422754801,0.472350503451377,0.136289594172427,-0.352433878306188,-0.511993683906018,-0.51910745816066,-0.167199169495267,0.0929811843898265,0.324325276245201,0.322570228337488,-0.0719368968134498,0.1676981965907,-0.0797877638325814,-0.451170502927629,-0.703135053446953,0.0929120619397206,0.115731440634765,0.415980148418894,0.652558837908248,0.559101173748516,0.289124446258517,0.223249932186299,-0.0732981532063576,-0.476835724818894,0.186265002032854,-0.36852597980405,-0.091602966484948,-0.487459666621367,-0.254024351647222,0.658022481464909,-0.092470365341214,0.274743536351772,0.344293845873377,0.4274101770759,1.03430673549741,-0.943659659148659,-0.434268696011653,-0.445898071027581,0.185951489327672,-0.404745139596576,-0.512200498158229,-0.0662540728022343,-0.556161825704489,-0.419333525603881,-0.163376187975946,-0.132702179295306,-0.425163335541665,0.0900533657985601,-0.1606530927907,-0.201509717514383,-0.937811462723168,0.385311663901499,-0.160549746966943,-0.512455493108052,-0.381463242497165,0.422721064153734,-0.315559344995432,0.172127696737927,0.886932650593826,0.504642289754631,-0.180413901353069,0.598666645711721,-0.321704771753377,0.345932336048457,-0.0475261447087061,-0.0881776322007927,0.0464219174898941,-0.380476953153081,-0.126137227439877,-0.447524926042489,0.0600284834289719,0.689514802231694,0.406974626788262,0.1168206541588,-0.1745961452362,-0.645762408267762,-0.049365344827621,0.0235264173927827,0.0309193335574387,0.170819957947474,-1.20242253481555,-0.305214730336399,0.371235486093189,0.210274490504831,-0.386305941955572,0.0878569837717093,-0.492047296472507,0.523853686887131,0.643790098063511,0.513168885195189,0.330494935452723,-0.457214419370313,-0.202506414177585,0.00153673502334961,0.562957281056632,0.554474896906317,0.653647521013247,-0.298236164586281,0.469095724360884,0.191380038016658,0.858674791714438,0.947348389364381,0.474512040011817,0.57764777685779,0.51259179462943,-0.0900627612586279,-0.450482467113829,-0.569863602149162,0.017374050934634,0.204415471103664,-0.0103619899843701,-0.226409472029329,1.49353453315132,0.800129813688682,0.348215426191786,0.0622573405885356,0.299682738179437,-0.588348469330173,0.191560697445526,-0.21794083075949,0.203925794830548,-0.400089042792062,0.201394334229581,0.203463014261978,-0.975253156406726,-0.564208592903179,-0.406107840748601,0.0885412316161054,0.359183874404283,-0.0459158990492628,-0.495266059976977,-0.449330247954409,-0.0195265592229348,-0.218040617631609,0.299610537571888,-0.17812231751304,-0.328805850180745,0.20861595853024,0.151893967244906,-0.0373906654941645,0.0398018790209124,-0.0170086316791858,0.505069766703286,-0.20687897473171,0.235433154452683,0.809205548034834,0.530206999256929,0.643512388391052,0.612437705919933,0.359996281207953,-0.2927998029146,-0.263119161914949,-0.398124127565122,-0.356632922029264,-0.439060610247927,-0.0575570016981894,-0.174297428280932,0.170789910067963,-0.0396698995376273,0.775517780061331,0.391562731820783,-0.573463530336942,0.202966564327748,0.11702133897624,0.113327337038606,-0.881748231767853,-0.69823792582473,-0.242725290837313,-0.0052066423879043,-0.478151248170819,0.224079712660819,-0.910411542009194,-0.313874647387707,-0.44000164762882,0.21700016375075,-0.50850706786893,0.467782264286851,0.572239633487116,-0.0939630777529215,-0.139869173991639,-0.213543033344234,-0.688327142278211,-0.876875862394153,-0.457693949756146,0.59616335113713,0.0244745577737425,-0.51154096687847,-0.206750705939518,0.741019809734967,0.877201418458332,0.415373129069787,0.369839279887379,0.667358518107515,-0.385281389858593,0.230564781705023,-0.211436479128277,-0.286653118176387,-0.0701368387895294,0.928046899419126,0.781566936699017,-0.102269696772536,-0.0918778848304401,-0.37322506645897,0.362659161103222,-0.105613334053152,-0.389371531336616,-0.111928607783995,0.252642256149814,0.289167464077086,0.468135360797121,1.22670231725688,0.0773313067188929,0.105973369805819,-0.233050561321102,-0.187246857703482,0.0236304432766282,0.0681456496410611,0.203444391044423,-0.291186168764575,-0.462035508285934,0.404105523735277,-0.654206033238449,-0.429076701898829,-0.0522814684509969,-0.142437635413611,0.154570969533517,0.0669485469283396,-0.257149936434845,-0.337881558291625,-0.678647113632174,-0.528210654384261,-0.553341687958661,0.134685468809644,0.0356092541075659,-0.0720643898318045,-0.338014221082493,-0.554345151979861,-0.118188978714589,-0.116558434509011,0.480124559541342,-0.272342769691136,-0.314233944430278,-0.673121673133816,-0.368386169135167,0.388542153025208,-0.28014190321468,-0.308110957871944,-0.313627475291805,0.503656327530069,0.436125279491077,0.611237007139686,-0.0761967957139531,-0.222576076096175,0.204111062041025,-0.351307873114366,-0.294293989091995,-0.293112632421166,0.502143587358731,0.932060282967868,1.15439105854932,0.484748593927146,-0.114600677407991,-0.636524884693374,0.147007307860325,-0.0721655299676343,-0.20617029819794,-0.204252750373219,-0.402662143068538,-0.0642065164531119,1.02087744089524,0.320095099297833,0.488796007320334,0.179196863447338,-0.661477495862869,-0.0488878959819265,-0.0444994355380224,-0.368447323953487,0.475136669149893,-0.00885270065864631,0.536241820585715,0.562010848935421,0.52106863182212,-0.708605222896566,-0.287388358086343,0.191633295812145,-0.295174484054752,-0.40201324858677,-0.202944086968417,-0.0714735392388598,0.292190942827408,-0.244764631087085,-0.533191153451688,-0.439664754707811,-0.290557732728227,-0.712682665473857,-0.124569907108744,0.521278514560794,0.182988818871758,0.231603586450109,-0.0137515705650535,-0.222135446141479,-0.948813701845968,-1.1300196844047,-0.703973783200753,0.181051985801358,-0.980012863936284,-1.04223732488331,-0.443789454055052,-0.72369939820995,0.170029914852858,0.256462602238278,0.468662554460902,-0.200254857169272,0.0402533527044302,-0.221032725604224,-0.0705909941633432,-0.0102535943736228
0.356812762869197,0.22026589138612,0.115667692173938,-0.260884907198992,0.218570123994289,-0.100388744121109,0.34242225013628,0.0371779155687385,-0.157766259995512,0.0578742173853767,0.239508396844568,-0.00196023804156753,-0.224423685871674,-0.130356782152235,-0.427225205107166,-0.16143641134233,0.198454948499991,-0.0823500760488267,-0.47323184216655,0.0975185491113523,0.277936021748118,-0.0133086273506792,-0.14964833860685,-0.140597969773722,-0.233391616254367,-0.159794257343064,-0.15979533338486,-0.386021775732566,-0.973130505825691,-0.308510266711302,-0.51734365795737,0.407729548796101,0.360149241995452,-0.155750860151553,0.113922351487801,-0.0457096851375519,-0.606389414217562,-0.468469813035912,-0.420364101838301,-0.355976478888003,-0.126668300742308,-0.279183120533646,0.287992085413468,-0.230318593500904,-0.340495482031173,-0.394794161930806,-0.610256767973734,-0.341571224328811,-0.0506847007881342,0.212303130731812,-0.325859365848822,0.0283695025933005,0.0141859427390007,0.0710916897478285,-0.229759052037625,-0.465969287526548,-0.564203822203545,-0.373522612868644,-0.321295385307561,-0.428954244109814,-0.679472093964843,-0.228472923272448,-0.297717652610986,-0.0370536321585731,-0.148173862904841,-0.575603622641587,0.197783597877851,-0.0035667280901119,0.185818410560678,0.0690710420284092,-0.00462218946873144,0.376745127047939,-0.329229033686932,0.0818312513370973,-0.023994636948056,0.0509150028263856,0.18962503616797,0.0644739751867988,-0.348695770361758,-0.206711945632856,0.0320140323705807,-0.298022775332125,0.101949559373012,0.0316084769928457,0.0928901860806796,0.0588457920314446,0.266255311416362,0.195686990019332,0.0112243065348551,-0.00563488510637225,-0.664073658020578,-0.244701936524117,0.425319178866726,0.403857637161563,0.101782569578242,0.123073320392721,0.107361947617632,0.44655289408337,0.174055362847414,-0.400999434011012,-0.290714403268012,-0.00492195389073825,0.199372551468997,0.162698232309563,0.134794376801362,-0.474790864799197,-0.486874561637607,-0.529309150300089,-0.182597864962523,-0.414971731472621,0.416732290685271,0.430867834514306,-0.0218883717385515,-0.22867831099461,0.231911250996303,0.397899094799527,0.520030860285177,0.0141669489651479,0.149821299004398,0.482289742012138,0.554243866396719,-0.133290585313052,-0.355674409085018,-0.494925146095337,-0.202592610594952,0.295432242015622,0.0128060642797944,0.193052976257811,0.128061833776285,0.028891313231452,-0.691336243496063,0.25348571744944,-0.190469580172391,0.155613113905546,0.235325637364344,0.190957525153637,0.241459885123569,0.0761403584451235,-0.14574490000049,-0.157921157724107,-0.430473737182781,-0.671642469970539,-0.60510898699031,0.0296603923767677,0.247501309764925,-0.171443396034854,-0.113115874914112,-0.312974676993232,-0.251745499285563,-0.371768848311668,-0.200102899299713,-0.0717990356879409,-0.0565086353192376,0.0182184679054479,-0.0441205577112892,0.241858178352655,0.119211175413158,-0.088313959409652,0.220034021654197,-0.256836613512336,-0.0660583654369836,-0.142087403990486,-0.186914710230712,0.211694137149748,0.0304674278723244,-0.160183813929604,0.163127241610419,-0.567880771869861,-0.111196243464163,0.559172529180697,0.302471356124182,0.588044145440551,0.30935570724633,0.48730048663305,0.596209136927002,-0.0181833263534253,0.0809917866103348,0.0656817778285049,-0.188643572141903,0.0437838962138559,0.266222462532986,0.233287115252502,0.266148251321065,-0.361388311104816,-0.266418943184593,0.0057448543488191,0.065365172435411,-0.110035490669504,0.746174963573473,0.38278759852393,0.216366859323033,0.141465604732517,-0.0308442318148183,0.501186567011385,0.309289578984684,-0.169004613425777,0.0707979124749424,-0.146314372379575,0.229902457988247,-0.08312352718705,-0.189665774780862,0.167816230933773,-0.283861245711014,-0.197303921803843,0.431518018236917,0.231216197511096,0.402465711199891,0.567842772611058,-0.257999857056417,-0.0408817252831819,0.380354046383752,-0.424268006883199,-0.647094861939005,-0.351785375340567,-0.411796698026246,0.118329984583731,-0.0439870312887895,-0.245449526374768,0.0847914466848489,-0.1265325727269,-0.316728302616696,-0.123479608621033,-0.11721765626322,-0.287847461944111,-0.665309469476775,-0.122959046753529,-0.126289031174461,0.207978811453646,-0.110379105411138,0.000513179091638949,0.0733282679826372,0.233134615676997,0.0738631251843429,0.671010711250402,0.118542910529897,-0.174748381877806,-0.164682738312917,-0.324187047328193,-0.589465459804975,-0.463754874730286,-0.135238421726028,-0.0678803566889891,-0.00655701503839575,0.407606373293959,0.348751314479539,0.321559790342632,0.450644056876083,-0.14792855645425,-0.196187439529993,-0.11925567977109,-0.158065416593114,0.37847150753597,0.088335431649014,-0.186350130622367,-0.156549363658876,-0.282667028848055,-0.432093702376278,-0.499256684142642,-0.569999627082931,-0.218613003768667,0.429579772924392,0.0670012253780897,0.544725296389717,0.400488803609672,-0.0672734868207627,0.230880458732737,0.100603229743848,0.315605922858045,-0.364254082847998,-0.0690748961554818,-0.905384980892721,-0.764178979769993,-0.232395742046033,-0.661942917499092,0.0244929043865817,-0.0848571990764654,0.062342385680417,0.349691022176434,0.287960553881288,0.670828108979107,0.601731579316733,0.092350839916472,-0.0643783584158811,-0.112609092482644,-0.28030952720073,0.0160134746186936,0.0542366637406351,-0.114772360163359,-0.446167064759097,-0.394675534959948,-0.401916578123008,0.302364622025307,0.1988794415765,0.535996606986509,0.223638642151641,-0.037046134371464,-0.327798360786644,-0.224901042801943,-0.210468541028358,0.249484713891714,-0.430859052440826,0.0526522464377811,-0.234173881419428,-0.278393594114981,0.0102873530242129,-0.873529848328167,-0.505852374064409,-0.529644066328157,-0.0776937566098104,-0.180311970907309,-0.254278378051151,-0.0182757551406222,-0.0448661229492006,0.0712421847207186,-0.551193003930545,-0.184731393795881,-0.387758910466916,0.0303271471519418,-0.0976365477964821,-0.234824667236228,-0.0641575561497136,0.155396434503542,0.288371789275258,0.5984810714145,0.528995023835686,0.112993567279414,-0.0146433366014537,-0.107704839148426,0.0217193201660376,0.040816071099008,0.101876031881084,-0.00590982367845673,0.328533440047921,0.0617911177083865,-0.175528412639106,0.0188730686204916,-0.364058000754877,-0.183477379900479,-0.126359085639129,0.316168851512678,0.222950750307324,-0.054853499897415,-0.275369655866148,-0.217045286548024,0.108149963962311,0.103431865351797,0.110617353771424,-0.178166752044955,-0.471156766687973,0.36618038555924,0.0016136439729789,-0.417241089441378,0.105097459045043,0.347264211765429,0.552444334935252,0.526905228974851,0.604447544044964,0.0174860794937919,0.145487486310475,-0.270091015119955,0.372374747658934,0.195166576936486,-0.380966853883927,-0.519708675143174,0.0316618959991868,-0.729306508820572,-0.347761947549017,-0.525095486142556,-0.333343013410405,0.190804388221104,-0.151282007115497,-0.556627932511421,0.0647896759939391,0.200562233293696,0.127405310211898,-0.141498946558692,-0.0668967037589874,0.193889083918086,0.17390297238123,-0.386756670236074,0.0106274087053286,-0.360286343096905,-0.478414052948384,-0.686992633809766,-0.436191922878751,0.0349530747805479,-0.00990966789074298,-0.392571829979921,0.21294197817544,-0.00234749696157081,-0.243430691625333,-0.329115192565406,-0.158851903553756,-0.530548403605121,-0.0895288967343537,-0.447178348239967,-0.516049342956538,-0.0594496881816558,0.204189158713838,-0.225695815263496,-0.307470785672027,-0.364637544543131,-0.0640672056872362,-0.223210716273759,-0.225139187222983,0.0273328095198418,0.427535440042425,0.10713096032768,0.191802281939446,-0.421948731103279,-0.60478488782233,-0.410140561974982,-0.314165595303141,0.278008753553726,-0.210434095985424,-0.261533208581826,-0.0221502467570896,-0.371064859988441,-0.0253505946395362,0.198694525129927,0.272989640707401,0.118294425847924,0.387438458428448,-0.160768734095737,-0.125734749130612,0.302626068005859,0.0606831895759061,0.132546499185794,0.524889391938734,0.0202592310277015,0.366854574541061,0.123209599863346,-0.0245068619546663,-0.166822265044017,-0.0895496884412927,-0.049025903528229,-0.37213317871082,0.170294789412536,0.0906522603041182,-0.469231455594774,0.00366509332821832,-0.408118196920488,-0.326392352812928,-0.179037552085486,-0.0157147822900765,0.234228445592368,0.167494040826338,0.088587883815539,0.175467825789066,0.201241518224325,-0.358636522908042,-0.340183514395332,-0.282059671012271,-0.195852032478798,0.0309006513140646,0.22313018826878,0.385111383755786,0.142645826473845,0.000595272945425362,-0.244247563860355,-0.0954437395792316,0.233401635944488,0.006803777752867,0.0521749222952988,0.467898198594314,0.560537177805025,0.0768869800077398,-0.0866529216910391,-0.18221175706172,-0.428782443951135,-0.28364249435605,-0.0952774656181621,-0.0994804860567843,0.234103871754826,0.269332403207951,0.00467244241612953,0.301808161160766,0.15201735351667,0.0600742844437478,0.23503124584083,-0.482935087334301,0.210228731718032,-0.30124417202891,-0.1035314641264,-0.423289512313503,-0.55233100157469,0.759670975414258,0.23842582216151,0.159563809014865,0.0498511005249242,0.371576174320368,0.54681533802518,0.0530432165840765,0.334877491902105,0.356872685403523,0.199980994479933,0.0635321998449684,0.2542945728464,-0.146401237750204,0.0101149867714263,0.292978122844148,0.885613951971631,-0.0518504114913127,0.00861800518172979,0.295765382591397,0.0853440623224578,-0.358854254805424,0.128794294048412,-0.043588091512507,-0.469770270257283,-0.439261377215826,0.0810320111365701,-0.515026913581362,0.0976349227564149,-0.00500268632468598,0.0246847262678869,0.107858037908042,0.0241677523911743,0.337518926359956,0.0429192020571068,0.322451570054448,-0.201474462745191,-0.486623110787446,-0.230863452667731,-0.178924833462691,-0.22695872802165,0.464495398177882,-0.107788671552746,0.032154471847669,-0.0751616340400097,-0.00964980806078681,0.733558611835841,0.0569213439244322,-0.337083776211095,-0.197798193660993,0.1700956683682,-0.0677241332360328,0.355302873846321,-0.309972218917779,-0.539501570067315,-0.381758695064587,0.0135896007731371,0.430235024586785,0.113452478142354,-0.0367336666320502,-0.352096433126313,-0.430022878760367,-0.291179715194016,0.110155168096435,-0.122732645772951,-0.176785063025533,-0.561457853818568,-0.429426763939852,-0.353322666370685,-0.298302359537921,-0.174653956206952,-0.0941972758408389,0.260082477923053,0.326117814267342,-0.108016058336976,-0.0909559197895088,0.0508099735412027,0.0752666588204258,-0.800604373163298,-0.567741768157323,-0.216301995648558,-0.0197841434907371,-0.11686128612784,0.303238326455845,-0.129700891183255,-0.0407123870010258,-0.0576896660642013,0.203751384850896,-0.0902748796828089,-0.139617481053912,0.608679759174548,0.47358301128669,0.458379011931154,-0.0379158305098791,-0.213917172044641,0.16033477661242,0.192297624998374,0.218301466560929,0.155767679285162,0.0565396057592924,0.0417508071449405,-0.0704255418515703,0.216155385164051,-0.258738421283763,-0.0804039197495889,0.0260494296725191,0.278159121061341,-0.0182034839377996,-0.35024775241585,-0.0814167449207375,-0.2419736081065,-0.449008995978529,-0.479911897730344,-0.279318224158293,-0.477588988142136,-0.0941920401730033,0.177268872494723,0.0839578386106981,0.116732726162706,0.243675167418815,0.215219976808361,0.365376751573868,0.010542592524015,0.0834930076662872,0.0766357411506409,-0.383128892682595,-0.167320892617892,0.187493555290487,-0.0532344130055579,0.0915505090138358,-0.171811252622827,0.561709535007151,0.477828031460362,0.18158891737917,0.309780520434595,0.300514853711123,-0.36091009748147,0.470551132649328,0.371082896959715,0.326557066309673,-0.215178700728037,0.220596984411993,-0.295716029623805,-0.230634381685741,-0.000228940667535253,0.285396399792051,0.138879469428356,0.542628895472869,0.418102438189771,0.293478883238836,-0.370090183557433,0.00756839382037033,0.27069255507817,0.149586704943437,-0.565062507970305,-0.51825531433845,-0.0860460220619093,-0.0912623763634588,-0.49341328452748,-0.078344495315974,-0.159941172192477,0.17205224218095,0.0423401887528983,-0.193316695975262,-0.565887393615401,-0.667402774976943,-0.150147759623938,0.0191539875390791,0.200973914680626,-0.115504689541851,-0.0791222074481819,0.159632361776677,0.122187736471171,-0.25025905361135,-0.325391734367052,-0.252808307487427,-0.720269318448398,-0.0129981181649096,0.0676444883169454,0.247769192801692,0.0199429943928785,-0.0667750117704666,0.073175054002035,-0.174184238019345,0.220840586250785,0.167857511294258,-0.171381602830493,0.384465402828115,0.189418625942237,0.0420492804972714,0.130839541203007,-0.0800797720368284,-0.0728004088424263,0.437232694865216,0.306393247992843,0.445293287692194,0.499001521341019,0.569675892039082,-0.168640158279397,-0.344897610087344,-0.263990459782085,0.331396912930703,0.194937824048421,-0.0913926193255059,0.120896949749952,-0.273980424062736,0.31053239502263,0.0944788871102901,0.418692680942819,0.258793883183723,-0.170898923217127,0.0785783573742087,0.118158980484781,-0.0543885236232726,-0.496922955089546,-0.271617366051674,-0.538009845095098,0.0253441261967911,0.0400443724174369,-0.221744745033866,0.0878788298355774,0.148600259875143,0.333212044541245,-0.482416463428218,-0.585510451525168,-0.649179129985751,-0.22591630574548,-0.0129017703261381,0.379157384823779,0.120776335173528,-0.0715900147107172,0.0289560246354068,0.114527039373842,0.266445275110313,0.0866537753289627,-0.64582987129122,-0.390108799950115,-0.221155907945722,-0.21912073770815,0.432869335864741,-0.0436228541100976,0.208188786746957,0.147903556185949,-0.372884752728622,-0.18654776129258,-0.249387729826499,-0.271872282129281,-0.139489328929228,0.574936901490476,0.0785885092948969,-0.182353084145968,0.095149435071121,0.13488139059469,0.117485402077595,0.0143359233677523,-0.258045042929184,0.23930554560277,0.395868681530959,0.112909572979854,0.068078332685746,0.326111678965537,-0.080142460853985,-0.524403957460482,-0.0746840936825161,-0.225118883958224,0.0965514895143023,0.403495140015805,0.548835920519094,0.506193879632883,0.340030003066676,-0.201710392338442,0.564902412448536,0.721755890903683,0.252151773442819,0.432628267557999,-0.00546709358237726,-0.489986927892846,-0.178849148580071,0.159248884639778,0.139371733690458,-0.0228262847161271,0.12507153778413,0.154919894637357
0.0341505823371083,-0.0092398295452191,-0.0126886606590747,-0.0629238466274081,0.00874193157784773,0.00442378187461472,0.0142302625092865,0.0609024815669196,-0.086389356914867,-0.142269860342383,0.132619076116228,0.00780660732355352,0.0343229176799282,0.00293883905485571,0.0679263677797057,-0.0945711003762741,0.104175471378036,-0.16298364734682,0.0487260721026912,-0.155025671383113,-0.0605262813130655,-0.0470353685347296,-0.0337439624491945,-0.0647392879320517,-0.262866249847064,0.0407347599128083,0.0991491307204203,-0.0684460081972361,-0.210916745228537,-0.252404355995293,0.0171596356770007,0.215221425456112,-0.021474664183792,0.0594692992711378,0.0627210911183973,0.0752449134975967,-0.0243044817215161,-0.0851027435720222,0.0548180702145857,-0.10346530782438,0.0229509246781726,-0.0337938985772718,0.00395658491515844,-0.103626554826126,0.0441962968258138,-0.0368720603307591,0.030944328592624,0.00892931697309862,0.0803232092632587,-0.0151444569556844,-0.0690708385661726,-0.0396082114476227,0.00207714950660009,-0.0242387699428753,0.132260300114864,-0.204744298918798,-0.0482606585046319,0.104058232702139,-0.0425658559907962,-0.0512964165431651,0.0152295378208946,0.041380181526933,-0.0885292703237577,-0.213937848744694,0.0632116949386749,-0.0548002837820891,0.148473045122393,-0.0847460718209191,-0.0820719544187244,-0.131508008127548,-0.088302250424749,-0.00209802612705597,-0.0192955383130718,0.0814742890390193,-0.0143038271811592,-0.033816937127932,-0.0459499560905591,0.0523135401269964,0.035845099210938,-0.00292992247629097,-0.0069414887696749,-0.0222664599981063,-0.0862077640913259,0.163387357416967,-0.0677757133824782,-0.0628446731753071,0.00236306453631029,0.00399694594941106,0.0753275014971916,0.155239041256963,0.0435798201088473,-0.135165411389172,0.0633600579111597,0.108744785946226,0.107222039668302,-0.122635057492509,0.0141887296881133,0.146371540763148,-0.0750547978081668,-0.256366385012612,-0.189079264992399,0.0701982729215172,-0.0553813923637749,0.0752555101593878,-0.0404176348110704,0.00521838226369266,0.158129918670554,-0.152163360748732,0.127236372793923,-0.270132542014843,0.0586060059997776,-0.214458668990651,0.0267744361330688,0.114761601475132,-0.0635218929814323,0.0709777062405604,0.0634404046291813,0.0815299778641099,0.0786527131637064,-0.0813910166629915,0.0451696754569529,-0.0834613778235708,-0.100252723481009,0.0619640441150462,0.0164989629476934,0.00699087597378057,0.0443699884231183,-0.0864645013660389,0.0237691312142373,0.0305578984196863,0.0354137669519584,-0.0289534303293945,-0.0921563132190561,-0.0280200406536755,0.0460405553634629,0.023687784700349,0.0487207092599465,0.0273858492814614,0.172214472745341,0.0238298198173764,0.108976236361204,-0.160126631866894,-0.0936234285923135,0.0441700084702929,-0.0284593825650285,0.0148445365492645,0.0220981356455872,0.0776487993519052,0.0582949082352793,-0.0477031853254885,0.0892758960334791,0.0462507763477734,0.0578707947039085,-0.0872137171947447,0.149283015359267,-0.0152523524929962,-0.00854198456220862,0.128106326062905,-0.0952422524535758,0.0660767941910301,0.134620680916777,0.161733683433798,-0.0707047192803643,0.14238980463634,-0.201288850001865,0.0132932190079403,0.118808124033867,0.00220580555573042,-0.115394308823735,-0.0501210050875501,-0.138362993220503,-0.064143866182204,0.258302126093583,0.0869158871223929,-0.0982322452617632,0.145077617634632,0.0864455305588872,-0.0213298037338643,-0.137683458360739,0.0175956516106465,-0.0527319977057977,0.0873873549664947,0.081736922611705,-0.12586456263826,-0.0447563772369081,-0.0797027090004956,0.0263026620066952,-0.207988996364929,-0.0507642807589957,-0.0345241379140534,0.0693414967020805,-0.104083020449883,-0.0786849384573432,-0.248843413367258,0.0459288898901334,0.0339464606269751,-0.103966317094879,-0.0518265913467379,-0.0958117917948069,-0.0172610621245665,0.0337403464357545,0.0602399617523057,-0.0994747730878742,-0.0682603091048283,-0.214913222294964,0.00718647611194658,0.0348884567131778,0.0110780961556826,0.159151690857802,0.0580157563173811,-0.114977983131348,0.214890896316589,0.0055429880921312,-0.11658696717505,0.0431927736204514,0.0394648508552909,-0.302897190980107,-0.216634542691829,-0.119269048842726,-0.281660293514296,-0.0154896714473565,0.117400583243583,-0.284883323517739,-0.195916283438769,-0.0935474559819164,0.0848088306244775,0.179043285270479,-0.0378947507791373,-0.17895742755752,0.133662506896566,0.132279798936267,0.0286841167648626,-0.00648642731021707,-0.0744192595552317,0.00844833683116469,0.0626691251651224,0.113451035554652,0.00310156161064812,-0.117113622375585,-0.0821223723213896,-0.085216214163644,-0.0137399427049451,0.0775110550092924,-0.138816000065468,-0.158830859073861,0.14060829536626,0.204777293684865,-0.0849674642008185,0.111049045985049,0.1032022704613,0.06296047594791,0.00612017459755718,0.00830206289727752,-0.0937548433325133,-0.0257430841878263,0.0596599111280795,0.133891168503746,0.00181156198149443,0.144609186733891,0.0803683232799239,0.00316804656931499,0.046258829166461,-0.0728598674286177,-0.023789024337808,0.0200532212501332,-0.100222886865078,0.0528431936481783,-0.23174705103412,0.0409391954351422,0.0362067206678311,0.0603831955355808,-0.0529970412550062,-0.0717738972952346,-0.174034021720819,0.118856892601371,-0.0439758060219995,-0.0377550851156683,-0.243098246042797,-0.0863917942895353,0.226432494187584,0.0322695299322663,-0.069596630888602,-0.123815099228206,-0.0733091339858301,-0.0691882660624065,0.0391124167029206,-0.00292991995355409,-0.126530665177982,-0.111656561982959,0.208306086571232,0.0228169904726263,0.0552619449935065,-0.149554425902743,-0.0556071027445778,0.0715864209325888,0.016985337413064,0.0344177178441288,0.0716266875234661,0.0225127318086957,0.0371697239137523,-0.071037881203743,0.071282423997174,-0.119106359074867,-0.0401369178560249,-0.0152603724092242,0.132657978669019,0.0631958784834913,-0.0123912173694019,0.0457835857961606,0.0652257123785079,-0.165610826583043,0.123009014821009,0.00294620107626351,-0.069527878701644,0.0175743928421937,0.0966389083920717,0.12660495784398,-0.0306729193848193,0.12676793981774,-0.1008036139888,0.0819577435745473,-0.0745102009770528,-0.17768889626049,-0.21637427665434,-0.0657384720076715,-0.117418215904509,0.0503541236518069,0.0846320959209524,-0.0410848718153197,0.0170940753554218,0.0189147535009955,0.199845784834751,0.0817936343469298,0.0678190351139839,-0.0968677689158068,3.59207487664295e-05,-0.177758180467283,-0.0315492732341745,-0.0059090098147256,0.128231591984684,0.138611778217525,-0.0223403276661502,-0.13247967658631,-0.00792091133418504,0.0477364677581134,-0.0115250109538923,-0.0528517223646065,-0.150298920236279,0.0220989721165033,-0.0511181056844803,-0.157190349679362,0.209242686560514,0.00917577246498832,-0.163354543566031,-0.101510638342333,0.129441865046471,-0.00248237930144554,0.12861109190794,0.00308419839921909,0.0302671756770522,-0.0352412710826108,-0.00991745953333604,0.0429402313956167,0.0306059375184906,0.114610384852591,0.0749639357090911,-0.0310601281594054,-0.0710393959104617,0.23029148521952,-0.00345550540842432,0.162135646623963,0.00114556980384416,0.0312974349099194,-0.0151022731372816,0.0383438563372094,0.0138480476744512,-0.208155554001217,-0.00999748825124805,0.0948841840445727,0.129374702165092,0.130593342468427,0.0554937497101405,0.117943436185537,0.000364266056597088,0.103352964001426,0.213220353947861,0.278452057222189,0.0218810758646662,0.0719451945345302,-0.197283539972374,0.199851585334875,0.0650699409117094,0.0493041360427024,0.107807076710249,-0.133952313360911,-0.0467426803442827,0.00154180646167903,0.149109566603661,0.065980514264372,0.0629680119538915,-0.0344158966748153,0.180113212511228,-0.00120681972849444,0.0918259900278584,-0.0104206079470928,0.0410384189654443,0.0852824045713029,0.0188464262777193,-0.0754499673228645,0.0504502341684319,-0.0441007414299479,0.00549932983775764,-0.105978720361322,0.0079748221041376,-0.0076803470552985,-0.0964461113659335,0.145046056021882,-0.140249671858181,0.0229896647609961,0.119541040704573,-0.0594248249497755,0.00515279012649158,-0.0102740541589729,0.0179734508131407,-0.0241702968628836,-0.016971092191507,0.157407997068456,0.082047068481,0.0442608918009595,0.0353479368773268,0.0748634064598184,0.011792443172518,-0.0377166323013278,-0.0556215509279556,-0.110466960463796,-0.0535048909706926,0.0509673426941871,-0.0850865093368182,-0.108253658812766,0.00289217321765353,0.132717260908154,-0.00557658201852636,-0.153729442780792,0.0199060019086515,-0.272939035659892,-0.0225585317088367,-0.108576172367443,0.244509959229557,-0.142015942878616,0.0904059901909467,0.195232837344301,-0.0659421771531489,0.0446289833168575,0.00582604879313209,0.0675044076590361,-0.0394532191120489,0.0616014407668566,0.00883315513082268,-0.00453227648882653,0.117753900360089,-0.307095780990594,-0.133751993025228,0.024748825392184,-0.00950897156709104,-0.133613320132893,0.291260464954099,0.199403202622706,0.0427580255955443,0.00684653134616016,0.0523532976908898,-0.0507148725017877,-0.134010954459613,-0.154435089253759,0.144264172668002,-0.0965496011990722,0.0382882729688949,-0.210146362546771,-0.0618833427802264,-0.0322643168664738,0.113524580364021,0.00846448409767181,0.00441887936361696,0.00451164532040374,-0.0539175912811783,0.0893610933966824,-0.052713362036122,-0.0360750341407535,-0.0898250998598119,0.0043578741415237,0.12448623593838,-0.0923849572346828,-0.0515051325408838,0.0364643722651864,0.0331902742386706,0.055694483701124,0.00328028466159622,0.184093170516394,-0.0452517527517617,0.0674226847419957,-0.0211005642308144,0.00456349754917131,-0.163691135486489,-0.105643474866999,0.135102195530639,-0.0328391167120027,-0.00210210922780182,0.00827141013044292,-0.00545433479507465,0.0892711357931001,-0.0784827912252329,0.0607250169863203,-0.172121497309943,-0.122882114556509,-0.0272641331913724,-0.182183783598946,0.0165854113505464,-0.190859365987041,-0.126118013335658,0.00484246707244456,-0.0588090422881492,-0.0918905726442738,0.0813784292936098,0.00751016115798512,-0.0145420824440965,0.156923471701064,-0.0988880514272186,0.214877089789348,-0.0787352506311906,-0.02520470739675,0.0887533981638728,-0.0239217195880187,-0.0298738647296065,0.0187589341141378,-0.0871446691626772,-0.158073560118137,-0.0576541816745242,-0.0482812287779684,-0.0505619506194393,8.00096891474915e-05,0.0545624803363599,0.016273889753722,-0.164706148588733,-0.0427315099576276,0.0120432608013112,-0.0638298449266085,0.13339709365995,0.117105001987974,-0.16252402053869,0.0013239006629513,-0.010393497896771,-0.0462613273681917,-0.081324230217519,-0.255583701150958,0.0500511693476868,-0.00360884516539398,0.137514343917468,0.0980716710852653,-0.0960348622470865,0.068293474522569,-0.0174126697434827,-0.109244837534121,0.110116978267089,-0.00140218945425588,-0.112086253713986,-0.102909804486212,0.00337309042563702,-0.214900866632939,0.0818515334568859,0.00843020380657806,0.0220249645981915,0.148284140113429,-0.0703714875872504,0.0111615334217468,0.0758898605638889,0.0553153936818577,-0.134396379879466,0.030075505487068,-0.125995528704495,-0.123107035679431,0.151106299202988,0.00674559255864152,0.0257021374384377,-0.0691262195122441,0.153654034166981,0.0819934362740845,-0.132773434471345,0.0359412952552787,0.185312289274244,-0.121458087005095,-0.0803238164240273,-0.0433232817691221,0.188798019860344,0.180000700841457,-0.174438604202596,-0.129329796127882,0.0908335125151028,-0.242268752286398,-0.149247154537766,0.114825997081573,0.172998493909711,0.123440611420033,0.0510512599236636,-0.100805502552203,0.0593931105321448,-0.0677810910475137,-0.0733145831709927,0.0760411842684636,0.00544726923736092,0.035018500909358,0.105172756490704,-0.0808248999880277,0.0534766298077413,0.150979159080855,0.209715683501552,-0.0330230644592299,-0.110810903486225,-0.0538649004017922,0.156372489928037,-0.160639729822409,0.139517901279999,0.0189866269043649,0.166051141000564,0.0983386651304173,0.0435448162696279,0.0529829826680502,-0.0796903619403251,0.0332685590237181,-0.0767744325623495,0.11012103094653,-0.0284435216554367,0.0643402777835422,-0.0478060696773738,0.091810558561106,-0.224047524933563,-0.0636845596918365,-0.264559459883452,-0.037057989789932,-0.124042529162189,0.0634602376322453,-0.138798358373698,-0.0938344872559574,-0.0157748652589871,0.0394112596222745,-0.0152878249598605,0.0469031063124186,-0.0308656596979718,-0.0815374348845346,-0.0492558342360116,0.0204705382432593,-0.117220751591918,-0.0666480827131143,-0.130498042990673,0.0754089301219048,-0.138859104850482,-0.0366835851397487,0.00194818131319155,0.00538274827635467,0.106108805381176,-0.152010140772472,-0.0277645658900779,-0.107429704092808,-0.00585914672684684,-0.0385656983254066,-0.0366589791529306,-0.143785708899047,0.0353449763507303,0.0310744099146311,0.0614892849253464,0.0484925748285442,-0.111434488008143,0.0926356077925312,-0.0321277485453387,-0.0565901948200671,-0.130745467179664,0.143360405506737,-0.1262323607774,0.0233315972931643,-0.141546092196805,0.00736797206623035,0.0092780915518253,0.0948206710935659,0.0951024632109077,0.094836852237944,-0.0777282019732533,-0.181225908467513,0.256834450227351,0.0172028681209233,0.0509785774557101,-0.0852323668895011,0.070829579859161,-0.00032549774213659,-0.0533197303455312,-0.0437959821596626,-0.0388722307635454,0.0498313644541206,0.00979903286835919,-0.0111474295587924,-0.128931651921555,0.0759896152076445,0.0132541206128856,0.0744861450518348,0.0596315814734099,-0.172575931489354,0.103972222993221,-0.0669850267654413,-0.0736402276256366,0.0255556859142743,0.0802455534462938,0.1018005188974,0.0264741373638557,0.0197252696812505,-0.141163832230198,0.0406500526604767,-0.277768924565211,-0.0962228360040781,-0.103788487175644,0.0354543082810739,0.0153886640957787,-0.00826104324674315,0.0286929303180316,-0.172045183110703,0.0609645341830758,-0.0244884255908884,-0.0311323017592532,-0.064023581143185,-0.00531402536241931,-0.116626288189442,0.0920639441572551,-0.155787137156336,-0.0201303863066152,-0.0208937037651367,0.202636016114385,-0.0399651283485583,-0.0204980454483875,-0.0666790872091331,0.160219878931923,0.0200402955943416,-0.279230561239407,-0.153177797054225,0.164964238771411,0.0278094465355028,0.02220062775555,-0.144523144483638,0.0654827599655321,-0.00277297141285657,0.00410753857358443,0.00305163421084567,0.0113403622023515,0.0546604408935825,0.102274500568003,0.245760566134921,0.061030337533722,0.104948169369085,-0.013506487912075,0.0158764651985324,-0.0316180819082366,-0.0766217000113304,0.122981454726364,-0.039308343595702,-0.134298891005171,-0.0602914486484559,-0.0114680930934881,0.0383213957351267,0.0181300765377663,0.112374489173721,0.0181518329693203,-0.0715724842038034,-0.0569734184383746
0.293166983325343,0.265292712839385,0.13562289619624,-0.137385818207426,0.377402560983143,0.08885699180263,0.358575388108555,0.202358012830513,-0.402242894919186,0.31666593601041,0.220368879915192,0.0603341918421225,-0.315674685389883,-0.216394500343363,-0.574801635454731,-0.245179151266833,0.4552142499286,0.17591390622467,-0.6063566866303,0.116253922448513,0.42523328082145,-0.0115417086312683,-0.0969901866911901,-0.0324492818631453,-0.512639872319654,-0.586849720567386,-0.431173144349901,-0.290050096745964,-1.02071592917926,-0.39545550471056,-0.515916328366577,0.501634199088689,0.593730528546509,-0.0320434798331065,0.242039856938692,-0.251123620404129,-1.06689146436626,-0.445774776181137,-0.592119493856781,-0.65927416014127,-0.0147620291502454,-0.229750981275761,0.452267512913082,0.00828942086554702,-0.27491789330938,-0.305992038746605,-0.902568685681631,-0.421679581391576,-0.087708246455065,0.123381568523764,-0.496385805754397,0.220565951050391,-0.0985551155700772,0.403263290602457,-0.482725944457095,-0.735492305177872,-0.437217881271179,-0.597702525552572,-0.250851648692899,-0.398293697696502,-0.884597252353437,-0.236070587134992,-0.500016429621912,0.132822643708844,-0.246551278257963,-0.687105744010748,-0.00896055079533961,0.0529967916051141,-0.0680748727768446,0.0258716978002007,0.076886675680284,0.340854317332479,-0.222068368058079,-0.186816923308032,0.241237355347219,-0.0674004514412971,0.279669132343646,0.273606531567941,-0.101155023524559,-0.129860603680892,0.0115459784355444,-0.390501979785338,-0.0436072590491407,-0.0386264582858089,0.373750414721593,0.0618095789188153,0.566962076053211,0.11932693320209,-0.204477021601831,-0.105840816999016,-0.877141494616975,-0.15057402432902,0.359941282296371,0.716770184642737,0.248085098522601,0.161169890878221,-0.129538131590915,0.728517224613557,0.37862777259165,-0.2534211414545,-0.152059911660269,-0.186219155904236,0.246503046141312,-0.00217991579278552,-0.170084455281202,-0.584390534359509,-0.568376748681642,-0.719437266915562,-0.115528414479578,-0.223448183527903,0.279242989757346,0.498098078917046,0.0302444939785223,-0.113804437079573,0.179911820481169,0.542187533270859,0.484933102682274,0.118779305235156,0.216408654933595,0.418731413172163,0.757304640129065,0.139476714378081,-0.429096498604995,-0.53740603394003,-0.0244027637726282,0.352632674341728,-0.0444677000183211,0.228350024553172,0.0542841521740078,0.040380627035217,-0.9854326229581,0.190661209735951,-0.0356346231143338,0.122230303071672,0.166453143439396,0.347579792753345,0.140819503961333,-0.00538956737735792,-0.285565378635485,-0.354126609830363,-0.49443926399403,-0.854682906113445,-0.707607192057508,0.051988325440672,0.323235751317906,-0.154666770648265,-0.481102615617092,-0.295226262406576,-0.24881211533091,-0.313635541655948,-0.0910652978293539,0.0245879499106088,-0.157650828196767,0.144320724727083,-0.0564196830646738,0.454446387668378,0.113378658168882,-0.104598462674405,0.0256260118644295,-0.248941598235526,-0.148847600098511,-0.0961300899475953,-0.434297052334978,-0.0718573593290721,0.0356852501022593,-0.250150850738314,0.203664348640979,-0.646984163142816,-0.0728074176870217,0.58887665530353,0.153394593635477,0.645247604593892,0.506167043921588,0.327741350828869,0.556361077586832,-0.0678137471824522,0.0667217660224381,-0.0612263616960834,-0.183383368382723,-0.159928834561692,0.0305575035295703,0.246962947890018,0.16885934990186,-0.120451254469189,-0.118627423095077,-0.101840781267091,0.120156360929936,-0.0981496225761893,0.922796896021282,0.327343275060765,0.619140690085329,0.192662605039451,-0.0713695048957043,0.489534922173714,0.482254981344408,-0.23922091941799,0.143050282371981,0.0619188826380225,0.303401269127139,0.124188992024724,-0.0274507375818137,0.29583608090635,-0.356444224136285,-0.0578683283503123,0.723922308094946,0.421245238386733,0.468123333727206,0.688265039204913,0.0598410719335948,-0.0806808660468464,0.249208902991618,-0.465853027891955,-0.883352774044363,-0.619147343466302,-0.671836330734518,-0.0186012617997394,-0.165551029830261,-0.256795664946183,0.0635640215747078,-0.010893194637317,-0.47252204079894,-0.155080339945239,0.103338982057991,-0.624221671004288,-0.837357246640088,-0.0126496518765986,-0.131675349619837,0.588531224655007,-0.292782047171017,-0.0976332539289827,0.0338087527377235,0.119146057862878,0.00177962703295683,0.945419348041386,0.273142160316984,-0.111950459456184,-0.138428432919563,-0.385043196403129,-1.00768989344366,-0.761001528521483,-0.366845382124489,-0.324003565470225,-0.0840098470846112,0.220356530089855,0.519315256412898,0.160681389120058,0.655105523366006,-0.159417687872706,-0.223817968880827,-0.193959791178461,-0.0875277101203373,0.581496067434239,0.22777038712273,-0.112642119030662,0.0376587492986941,-0.376482316848455,-0.195176235014522,-0.414438905185864,-0.57479964741779,-0.527171393466248,0.37855841382462,0.261034399152389,0.544900791056932,0.04442263479639,-0.0409920414247362,0.107259586029084,0.0852705589051538,0.149011396807406,-0.393141446837999,-0.0702141606233348,-1.14301309337912,-0.916804745214059,-0.433487083451407,-0.421660159284887,-0.042699609376998,-0.184171981842324,-0.108486181689316,0.741047062955767,0.356310986135832,0.728770880588747,0.403143088311648,0.289582110103668,0.244693972118052,-0.296744061551262,-0.300608739704307,-0.115858387994174,0.313936261596496,-0.0705048025182822,-0.452951936521304,-0.603447175256128,-0.489766525756579,0.441106278632329,0.437207576316436,0.696584765206564,0.310028697249474,0.0556736639938682,-0.56165625352336,-0.303347494759241,-0.286875518025048,0.072666393985623,-0.145107182924963,0.0402044312434959,-0.449272743965743,-0.621429520910093,-0.0912330571828217,-0.814233813524464,-0.627091059788863,-0.65560559276747,0.201898629344779,-0.19183833472537,-0.328649493599161,-0.17897689794793,0.0792206906185925,0.342176441039757,-0.260453324091586,-0.321717552235909,-0.433635604643358,-0.0285494791640061,-0.274285855926364,0.131717395654987,-0.113594851200486,0.230897496887371,0.309325443582548,0.882770327948987,0.657140217748693,0.0339908166341925,0.143780014878037,0.0637844423268971,-0.0761682219071476,-0.0665814687334646,0.218702791451535,0.0505885346165584,0.608789187866571,-0.0561951704985662,-0.259317174831846,-0.127582332743497,-0.577826293607142,-0.2460879252045,-0.16860507197867,0.260799392482246,0.413380364612133,0.0111105418731823,-0.227157254174273,-0.37764301496547,0.16330809141648,0.166685044984804,0.0955946119816648,-0.288491682127296,-0.476844851523687,0.272247290928433,-0.0402756886531917,-0.38762153598632,0.297902024877656,0.382601782058693,0.621891748728582,0.730861218996134,0.665776617746213,-0.0792316118574044,0.178526285754139,-0.0775684792226886,0.359371122474202,0.294184548654221,-0.552661225136119,-0.576299567152289,0.0358940450958561,-0.732694248305075,-0.338551187232417,-0.647296474113811,-0.432140278125839,0.330442332405101,-0.123889161448418,-0.702139091664,-0.157114284921687,0.356142267472741,0.374981821521804,-0.135109449825327,-0.315460927840647,0.395116572401689,0.403801403557275,-0.366710829830499,-0.0692816116032825,-0.483868670092523,-0.281858401204271,-0.907988543910008,-0.859976053272517,0.172019179283651,-0.124140491740979,-0.381406317612404,0.254206647070775,-0.168496886032632,-0.227131882023094,-0.630539222714796,-0.135351403762109,-0.718671930117766,-0.292705786791609,-0.841655887663126,-0.725652330710196,-0.275002610992724,0.0175090732664233,0.018581422794496,-0.455713634618244,-0.345090753684233,-0.019371392779548,-0.435839894428757,-0.204236094004777,0.21294883410415,0.448767906063404,0.323509344135067,0.0150761578351782,-0.558214322758038,-0.675864960158989,-0.46910454695302,-0.0585428580872289,0.167642279915476,-0.0837387808584651,-0.475088890955403,0.0496445157609697,-0.123610439567236,0.144345121797978,0.313866732069926,0.0585881446969227,0.135689211951632,0.657019735050858,-0.0445442972268126,0.12961677301361,0.250921114652448,0.00981635554651246,0.00687068754977771,0.520462157257039,-0.185967300984336,0.417523265095804,0.115128750301689,-0.401232475650786,-0.197646993624514,-0.147566921992672,0.103797821744465,0.0524287090687671,0.00411963804794399,-0.0686060251081039,-0.620095036154003,-0.122552786946664,-0.304897916692227,-0.465056085740512,-0.194803367836399,0.194169204083554,0.623688428784474,0.219720096848232,0.0173511840705922,0.033964921399775,0.1553904659782,-0.555506689256277,-0.337103293178484,-0.343899640760245,-0.0380977147477351,0.313388064050199,0.162567461724635,0.318746907922159,-0.00109752732721791,-0.183609722841036,-0.50962675688986,-0.320396730884353,0.180065022291006,-0.244177947360469,0.0919098658597225,0.591499368474003,0.479128366621126,-0.132458236787241,-0.179863608577627,-0.0266700521348147,-0.406920057669082,-0.340400671087197,-0.270683007169707,-0.38692202062225,-0.105484601154595,0.305323095265561,-0.118284372357461,0.515919672532509,0.233798257019116,0.363581125404024,0.223440821767913,-0.269298334187514,0.224654320341762,-0.239671773056006,-0.286631143908264,-0.369786233843831,-0.958643825029701,0.870858726826619,0.208562575059918,0.151308027944307,0.0153239299972723,0.275212782201646,0.436622366075157,0.293368235627115,0.503437827496614,0.281566050581887,0.211608961978344,0.219122911874693,0.414292137807854,0.182492196277301,0.018908471768095,0.282636378072258,0.955342418511807,-0.407701545203006,0.0386782149789761,0.327960123324634,0.386324204309181,-0.686932171579642,0.279678600159209,-0.0704831937457331,-0.455217493509041,-0.518657709758099,0.0782113473763632,-0.500541570090155,0.108482046334037,-0.0800277113133527,0.0940952963359762,0.23515832347535,-0.10179149521901,0.288161320395993,-0.0273672092266519,0.233768746814944,-0.037743247830783,-0.652153652311857,-0.382037728176415,-0.0392321388723735,-0.0734816492385318,0.608401810775978,0.207306154192684,0.167880913166252,-0.0486643766253504,-0.0415122138574019,1.02667699578779,0.274122912454446,-0.385349318017696,-0.190827995645567,0.304511888408048,-0.0161349740493217,0.386585178178385,-0.438639143439214,-0.619516173459649,-0.815160480772577,-0.183625340386585,0.474207129438655,0.0539699756773168,-0.0869910639688428,-0.318874245883082,-0.657640954375043,-0.819604131522825,0.352181880955301,-0.310787300094834,-0.132370502781365,-0.564821047140469,-0.705575816357863,-0.211016263812706,-0.451707986948906,-0.179865726945172,0.240742016813378,0.356839791676138,0.525176054361634,0.0771848684736159,-0.145061944980962,-0.0965573812202793,-0.100782628053084,-1.17293302430209,-0.874279497042782,-0.248716008246109,-0.232102917620698,-0.164370297083189,0.378766439304149,-0.213968553357434,0.0751874220514126,-0.208923707002376,0.27271548120138,-0.0234697392169249,-0.133731583756031,0.799115031217781,0.529162087743534,0.292715139378436,0.031953618307099,-0.242292605849062,-0.0298151134616064,0.424487020143239,0.493109039400181,0.112813059468316,0.155505639406196,-0.26190582845728,0.192969207515695,0.21261459956849,-0.390657774043883,-0.114298805358085,-0.0968887021356373,0.138615909887546,0.115363301698351,-0.0711051940223271,0.0819478425909797,-0.185723488116392,-0.631799899801836,-0.399686384002582,-0.430827348164504,-0.604076465055484,-0.350344042901706,0.187133990110065,0.0835277132451688,0.185997886744101,0.470389550408597,0.481973713462595,0.34122550323403,0.0459151042636299,0.131318312818544,-0.0113125599011482,-0.622500813672512,-0.243560024287819,0.360892426225473,-0.0475577387016453,-0.131884705027458,-0.301617632575671,0.516485288797896,0.6267828238218,0.12488004424133,0.156860438806536,0.429583895428268,-0.118191203110263,0.760336942256994,0.246842802686576,0.442091445629702,-0.267728782055199,0.230121376967317,-0.157944248314924,-0.394869822936669,0.135011407389501,0.179713931332792,0.209636993456399,0.425421331326853,0.686995096522991,0.537723547596453,-0.407833152589079,-0.00241476641873479,0.357885437290083,0.231114215517099,-0.699641196783362,-0.805238404764839,-0.0927344472723712,-0.059398717068215,-0.472941145665657,0.158993356320512,-0.155173422266664,0.146872887291068,0.0689796633817816,-0.176862010638221,-0.760748188794128,-0.843042302854394,0.116489572880519,0.0740042411613354,0.486269873153105,-0.301028017702294,0.0523026990325216,0.256751716325209,0.248635784585668,-0.378221360839582,-0.528598798022655,-0.140981804177216,-0.989712594287524,0.0957853543167832,-0.0468659208320523,0.455813489044058,-0.013697513081981,0.00920617133946545,-0.290456201225497,-0.234401500256575,0.219186484579301,0.49950360333196,-0.215118099141708,0.569825168967109,0.231918403607419,-0.111016707712138,0.0344484902667276,-0.149250618605709,-0.330377590151136,0.134415730380334,0.472829410304048,0.509124760997713,0.384723533792183,0.41626049457869,-0.0775766884733722,0.107425028873782,0.0613902049157206,0.304013371751783,0.37664616957402,-0.107047165282887,0.122519994821302,-0.263674753549989,0.21934631452676,0.0371339522688051,0.509594088570766,0.398006998469929,-0.249413932859446,0.170248572993842,0.372369605146598,0.367439323078371,-0.52509683691429,-0.400408152945921,-0.512402699001004,0.19716864878132,0.233008849645855,-0.264541869778308,0.233950897285462,0.0200717649693323,0.136950365666786,-0.16340615651582,-0.551058752732237,-0.75354800858209,-0.559610528662253,-0.00164754270310545,0.423909058176411,-0.1441393414652,0.0222151692581418,0.142662087978975,0.0449316436838225,0.375301814467315,0.060727872089445,-0.873055163689822,-0.532903468886148,-0.447680350937851,0.0265339013988269,0.571115465246142,0.00552837307961339,-0.0673106452886262,0.269436752770991,-0.312072871284467,-0.0773918417023403,-0.230639926148312,-0.570568547202304,-0.15728743728983,0.665524118159318,0.388026961394676,-0.0483082059311619,0.156853017371896,0.279145621445949,-0.0451327707901757,0.0360522764816402,-0.339879655728504,-0.0335822090858387,0.557938734266708,0.422779875424541,0.28744401583402,0.571139687615395,0.119654933312069,-0.593200360580208,-0.0709490962681486,-0.25174586659153,0.0190974462162031,0.232988980380452,0.803882955745354,0.765982331420883,0.562160495277324,-0.226101002970925,0.70624417358832,1.09162037825917,0.450698415888458,0.55963150689393,-0.085161778848639,-0.37929432199649,-0.40774426631981,-0.0628861707675529,0.17205585610092,0.382059851883867,0.249430059397481,0.153576848040269
-0.00943776630482929,-0.130492445938233,-0.0665259051415649,0.241455946672477,-0.070912638026728,-0.0973044169696105,0.0202921055971769,0.00423254086013724,0.164318383985713,0.0676070957302489,-0.14427028230427,0.113499804241199,0.0978963699310076,-0.0835213653040293,-0.00567163759459136,0.113629179893179,-0.0585273662562415,-0.105312081874361,0.0233933544148648,-0.219959482453989,-0.0691780192577256,-0.0117855089805971,-0.0416546744619879,-0.0807931761906602,-0.141892930572816,0.0450187835266526,0.0186271543556921,0.12604802119686,0.0663827317315054,0.0078517057984669,-0.00660128994258156,-0.153983971790719,-0.0570308939183998,0.188056499406221,0.0292247435886035,-0.310479686716653,0.233648693872756,0.0420764034036854,-0.0527127578176728,0.120772168221473,0.0875922031799913,0.0166958290871669,-0.235309220636466,0.0396724310291616,-0.0664484041330417,0.0815189739159521,0.154698320253392,0.150935618875115,0.108562535508488,0.0681069441771762,0.104551680139951,-0.0222684606557034,-0.050670175513262,-0.0717805310849097,0.0597226612266984,0.0362632368555118,-0.0435080962231057,0.141950517579648,-0.0369881495109795,0.0985034919472571,0.158076746571537,-0.0430556599193766,-0.0517717345541616,-0.131329384162532,0.0485871697478199,0.000480784551675564,-0.0580643280041575,0.0709305990933218,0.0856551420786063,-0.068435350725346,0.0680027181836791,0.0333910479701383,0.0232237274514206,0.0717967755887198,-0.0761740607050163,-0.0508076178291818,-0.13876237650725,0.0885823807513478,-0.0449596938050132,-0.154432696561959,-0.107247242420522,0.158568580372461,0.126823230472745,-0.0271529761450984,0.049533795961131,0.04493641302398,0.0527571077794896,-0.0259836298054816,-0.223983902988147,0.0036169648515227,0.204526790259925,0.0936248338622231,-0.0771464917183407,-0.110175481195393,-0.194722170200248,0.145187288496675,-0.00951462901303253,0.00411871588604293,-0.0706043734491499,0.0658726134368348,0.14305364916771,0.0692011601586573,-0.087863766853304,0.0688013850077838,0.103861309432866,-0.0338038683622683,0.0277253675747861,-0.0276540952770467,-0.0620332755635035,0.0709951407483185,0.0012893401284397,0.00832888348644786,0.0726294919893141,0.120824265771205,-0.0189403192082206,-0.146524875097497,-0.167604010512683,0.0215731828682995,-0.0236405983341338,-0.0422806020616809,-0.00999293979540238,-0.0810249346002265,0.0135269713750578,0.0749845439291326,0.132007636034257,-0.262157979561422,-0.0998779730435297,0.0376290249945701,-0.0815557605680987,0.0823692598021264,0.2375058675136,0.0373884240734496,0.121175798574848,-0.0779418202537274,0.0694952243943039,-0.00858193824390964,-0.047491197246629,-0.000499620779142278,-0.0481536218927336,0.18296573868932,-0.000581672802760357,0.220678119457948,0.00314677760137898,0.175317310992275,-0.0508621095028595,0.0299306686024941,0.155601591078541,0.0833236299530302,-0.141970348949329,0.0239279074346255,0.105820436829906,-0.105850092700271,0.155417816317401,0.00840310872468698,-0.0801684962241214,-0.0625052816600258,-0.0134928439835423,-0.0899192482425683,0.0999495011925631,-0.0551776773740356,-0.0281300453764804,-0.18296398166165,0.116587971598478,-0.039488762952852,-0.173188232195718,0.0956734441008634,0.123915161754609,0.117087515648847,0.0689844872443423,0.107955543972795,0.0403675711508307,-0.218454341014357,0.0828247200710197,0.171329763230643,-0.0924514009867404,0.278662663001624,0.0600698124828704,0.0376670013429826,-0.0215062191843668,0.147917372175019,-0.0444281964044995,-0.0970569779943565,-0.3166314331465,0.0361565404799663,-0.023849665072697,0.0672440776047839,-0.0493362211878259,0.206950636149162,-0.133858739616562,-0.0840458649858498,-0.0153081862577927,0.0266027966851336,-0.25226924630963,-0.0725870800470683,-0.0138219540592983,0.119892572015474,-0.0277544587195907,-0.140168860354146,-0.0495203398376087,0.147374654926272,-0.00256687296488085,0.0289818261851256,0.0886343283233228,-0.0827345259484909,0.143023909400484,0.0496163229546975,-0.0362515679261979,-0.297041194545704,-0.101650761798254,-0.00471634262881322,0.0407106983872466,0.0958047884356539,0.0249774817084496,-0.109314670219394,0.0835522718143997,-0.109586504054256,0.184143159283753,-0.0244294785151061,0.0852599887348404,-0.0966851040908897,0.0745289583991244,0.0194141048113025,0.0564722898722338,0.071116150333993,-0.0849903878748507,0.0257119569347649,-0.0299444816920269,0.0168115883681515,0.127748677037742,-0.0319855655589577,0.0651501995790504,-0.0944956909000904,-0.00407456084726314,-0.0565803823157491,-0.190774613459015,-0.119411057581581,0.105305855927058,-0.0178733446522572,0.387754667106701,0.113245191350588,0.0953301900010133,-0.0241423798756993,-0.0847855839609184,-0.11549428807735,-0.0702899498658095,-0.0833900648295307,0.0549854159618608,0.149101341850974,-0.0686351677466013,0.0555415580899855,-0.060393966394309,-0.0462581942472914,0.065692693919681,0.0551674380368361,0.0681630750490275,0.0997130436585873,-0.120768283983656,0.0712937656487044,0.16825308220034,-0.000893579303794856,0.0442666868178645,-0.223509756544318,-0.131365226153788,-0.0391885677363968,0.0454433801102606,-0.020168205869687,-0.0291578641674462,7.53262310814636e-05,0.119842333096238,-0.0303797566659408,0.220864161476619,0.166688250090912,-0.0183564072609291,0.242249296234327,0.000881737157718379,-0.0130404759173217,0.0153350694716903,0.0794795805157896,-0.0282974465865394,-0.0113671883800563,-0.105087730855213,-0.0304198722069101,-0.268069204032511,-0.119101996957308,0.0357127695638216,0.161744520854899,0.0741267428834773,-0.129589929960293,0.0590053724419877,0.194029034171305,0.0575125979414275,0.239842720661013,0.00986702825913376,0.0365333451279872,-0.0214648069272319,0.10638179128212,0.133396668328559,0.0215278723398396,0.0689878515357249,-0.0313886978951071,0.0119922134784735,-0.125668259578349,0.0588381275665044,0.0270851851535705,-0.033701467060353,0.189143504245202,0.134621890285395,0.203830234953373,0.0448315973170938,-0.0386668389122919,-0.0310675660050141,-0.0468013203882887,0.000309671514116535,-0.0796040955757411,0.0806148898741357,0.0315528115549893,-0.114407795959379,-0.00213644759548865,-0.101283821925292,0.0816300675521148,0.0131569389891166,0.0336840078591639,0.0669354344121751,-0.16847359443777,-0.292523534866428,-0.0163707167298169,-0.143446683128184,0.100298549538594,0.0155550170848684,0.174880119284262,-0.217912164171963,-0.055025810900192,-0.0201958909802152,0.108681471885294,-0.101058186841919,-0.0580632157118359,0.0471809098979213,0.106099202430749,-0.108903815375829,0.0693892326343998,-0.0973474185195626,0.00846842130122137,0.187546760044654,0.181014198013239,-0.0528461644484302,0.0708746499355263,-0.0339352939376471,0.016185932106192,0.146040144931717,-0.0239837416522555,0.0308562853909836,0.135583492740337,-0.163001502579736,0.0293113054816466,-0.117755073814206,-0.018521237925853,0.0540567932736127,0.136460853482144,-0.0898807182652649,0.0476669707904137,-0.128106730967274,-0.10755525189771,0.161530434206484,0.0284220302434526,0.0295693280683371,0.0895172317181883,0.0632967946614188,0.108008675495093,0.0750525524308393,-0.119419317274223,0.0834059432523207,0.0585520668109342,0.0304012126639093,0.00548562157657898,-0.0568751215580174,-0.023280804889684,-0.103836075889936,-0.122517774422521,-0.226327614397992,0.0409443482722925,-0.0227733930076269,-0.0697797838833284,0.142395031818105,0.139795313276265,0.0921673578190223,0.11635299079021,-0.0343614566782381,-0.0394790368812358,0.0219710520323777,0.0613892616550935,-0.0656687011323761,0.169906290636264,0.0539165823907072,0.0892303037011515,-0.13771472603407,0.18988320257645,0.156622063231428,-0.0689329765105631,0.00513705719376588,-0.0644080090193433,0.0299678494884565,-0.0495072733613903,-0.0959329821103923,-0.115385874612815,0.156321824295693,-0.0501942561368741,-0.322624043874422,-0.117296905271963,-0.0557698738623809,0.0120129550404015,0.121592532632311,0.0198834235127037,0.188045756437734,-0.13124892907552,-0.0338504406753227,0.00167219718459185,-0.0239609459950578,0.0650517300657513,0.0616388593227655,0.0665426351271716,-0.00016130788658987,0.0626679183841172,0.0243532165506683,0.187156366173122,-0.0757706211824686,0.215293352564097,0.0184755032306224,0.0426474969787766,-0.0928581005013716,0.197286124343446,-0.0725905736145385,-0.173085715074312,0.0424173094945514,0.202760702953996,0.0620882819042946,-0.0466166187673026,-0.135920277431704,0.0439980140610937,-0.0396571795400841,0.10917826013927,0.0528938766699438,0.041669697871894,-0.0590248900411022,-0.0761439797776243,-0.125707449731215,-0.0610874031758504,-0.108711990635032,0.0449493522252191,-0.233871060462962,-0.107182599857849,0.00234054015905433,0.182831153394047,0.0618209545215551,-0.047401047071215,0.00943275012045334,0.0780309485319872,-0.0137562783446204,-0.0878657215034977,-0.0346253688926687,-0.0798341661715777,-0.0227367650680271,0.240165141303132,0.148376793493726,-0.131252438226421,-0.123273852351559,-0.0403165128870876,0.179018103904835,-0.0232521127986524,0.00911849208660628,-0.00509161131493802,0.144466344141235,0.104691272358744,-0.210748727021445,-0.105084069350374,0.0344740587624027,-0.0169708839943608,-0.120373521166292,0.0445879246606511,-0.0637824149403123,-0.114552845579687,0.0358406645928524,0.0148078515260156,0.00743421428608468,0.0207913407241765,0.131715620621842,0.201131074204478,-0.111928839875455,-0.00948288171610466,0.0495445728874119,0.03231257628823,-0.0610470287374356,-0.105850682241531,-0.13414617618647,0.0423479349471961,0.0203473410486901,-0.00415204716838574,-0.0736768676018653,0.0553926991121549,0.225505631543078,-0.0310081434028269,-0.148785232142984,-0.300055786130382,0.0416345447667651,-0.047220899092073,0.0814176689169379,0.104096667123985,0.200070557316535,0.139555623961845,-0.0364841117116913,0.158248879531944,-0.0932560986712687,-0.038718430082564,0.140729088912106,-0.0188243183872549,-0.0027812690191356,-0.0191898233853871,-0.17869091910739,-0.0127604482337234,-0.0528670051932375,-0.0469053400532672,-0.00283666979338381,0.106473474150033,0.101615827719587,0.107487220142506,-0.0645338483343037,-0.0718942821365579,-0.0198077121444088,-0.084643941987438,0.0876865604879754,-0.148452225788178,0.0341222979499508,-0.206671208476069,0.136063851098902,-0.109657326771549,0.015464107173908,-0.243992340368751,-0.143288784354902,-0.0559354782368725,0.099368610163812,0.0405177001791664,-0.0685910201592512,0.0539122402596182,-0.0328805297462768,-0.0537572428346551,-0.00511354045936065,0.0706543883841952,-0.0577388051369495,-0.0427087611934426,-0.0150672643753456,0.0963761196430458,0.0579388947686848,0.141196153382719,0.116600735468551,0.0993372511591251,0.0905356371376994,-0.0622453170318449,0.0124421316675861,-0.0382379977454542,-0.0731383322854331,-0.019459847345857,0.0525408693367944,0.0392897967702923,0.0676460806693453,0.196842088339124,-0.0759491039543441,-0.188629658140827,-0.0948769585269315,0.0861943509294311,-0.106587363673602,0.0720935446164352,0.0195813088211882,0.0192271940482754,-0.00362412915209737,0.144658701880079,0.0320624931831397,0.0207850569640582,-0.0850611997086042,-0.046056343732373,-0.143970200517913,-0.11467201728936,-0.100060170774156,-0.033977798480706,-0.0430831074010132,-0.0958120408586041,-0.0845632652859573,0.025627898130436,-0.162218635211812,0.0511256545176099,0.0153361967219758,0.0782526479730408,0.0221060434507568,-0.0136220827319628,-0.122554356832659,0.0513286668387882,0.0287346344644736,-0.00440875066746853,-0.0641412430042409,-0.0922200601543809,-0.076141018725148,-0.0605028475279215,0.0726847863848469,-0.111678562012704,-0.0389264419912639,0.0987628372563686,0.0593849225054999,0.0408652313028165,-0.0507359542772916,-0.0470714330232143,-0.0879366361083509,-0.0996585860461921,-0.111512304889746,-0.0880162809415626,-0.241507701589662,-0.000241706879512532,-0.0673900393988495,0.137978692236872,0.0328097496284032,-0.138027166106179,0.0778351417750466,-0.0382086503433504,0.0564486896742875,-0.166512142561654,-0.0605226053968522,-0.0214066387621005,0.0103397947043905,-0.134042584229098,-0.039383719921754,0.0492116851527765,0.0833076516160995,-0.147235872617396,-0.0559310720992277,-0.0626799038468031,-0.116946895195527,-0.0752752980434488,-0.04048013577481,0.0397328908919216,-0.0503076690242959,-0.226358990381681,0.0199517938065463,0.101113114640152,-0.00544693531653966,-0.0337478692446489,-0.100277150005938,-0.163087608829384,-0.259073738245481,0.0433308722528296,-0.0811327832550046,-0.0137789150595681,-0.141808053457006,0.0268588243073614,0.0248234412317118,0.0673439869616051,0.0435338169210167,0.145515662867845,0.209911343707998,0.138036661509321,0.115825990491576,0.0232177664852033,-0.0946338086274333,0.0901002277864682,-0.0592786414481935,0.135243739882965,-0.177240261424963,-0.118704343596345,-0.101288974492513,-0.00952591269221603,0.0205033326876952,0.104792080696441,-0.190146662323375,0.0487149347335559,-0.0865201316912851,-0.082605096172941,0.148727029753248,-0.00612930617066139,-0.0646860690563099,0.0240845723813189,-0.0204186901047469,0.163211189503628,0.142062202809132,0.00699944006859188,-0.0908453042166735,0.00664624571073039,-0.0282265198514884,0.198742548529321,0.0430613208932957,-0.137064840117888,0.0791649845978555,-0.128640428574897,0.237248775512435,0.0346944211093334,0.0158390479185087,0.136367731758034,-0.00950655603060375,-0.0497165086459943,0.18408534855692,0.153365928971301,0.144482890546073,-0.109501632916011,0.0558149233204053,0.255067382511095,0.115342969946531,0.119218344639016,-0.0727084457830205,-0.116075986947724,-0.0129783748317348,0.117847880208095,-0.0310679198297961,0.033616756183393,0.211655735804164,0.118428421663493,0.0917870543181872,0.140390122975712,0.158646918360315,-0.172484949303179,0.121158141616957,0.144318625432527,-0.0513996537902949,0.0249412142907042,-0.0751602114031595,-0.131411785352276,-0.0757793538271701,0.125926784073038,0.122575666889586,0.0394038203850462,0.041649431863992,-0.0432345282184638,0.22464990316745,-0.0682077184471501,0.208137421666738,-0.00939622855412792,0.195141835547461,0.0445794856493486,0.0935344464525727,-0.0550139766557944,-0.13245041898819,0.0866757091506255,0.0613494033028699,-0.0546033180080534,-0.0728112336644989,0.0631030550746279,0.0910134343092173,-0.276869166887927,-0.203946272797073,-0.131956266360282,0.162381591351836,0.0337973658655777,-0.0219774545219042,-0.184787179601919,-0.0456604136115404,0.158723306327784,0.0973316764201405,-0.044553740457538,-0.0384217405572252,-0.102585077773096,-0.326369923689612,0.0440289970508193,-0.161632261668402,-0.0974120833224144,-0.0494702981199811,-0.0577841103174041,-0.000310411370834526,-0.129011540090402,0.110285124156239,0.0364605248188275,0.072454211411967,-0.060722386783319,0.0955343532134993,-0.0321645045123052
0.232041348076182,0.169441418085901,0.124563863381199,-0.151279481913606,0.0473263136473906,0.00578257174822085,-0.0386987828498299,0.192093371824329,-0.104356052965012,0.243832618206714,0.123018592344787,-0.0421693166439097,-0.283446740174681,-0.196632360715105,-0.280878284688634,-0.237154303857159,0.127740586740937,-0.0570852089252093,-0.557119614356415,-0.0458541635568131,0.216705118559568,0.0875234808650782,-0.116606909423339,0.0303477301455583,-0.026846923374863,-0.472811380642083,-0.177151837537648,-0.280617886313938,-0.620827500310546,-0.272297958417614,-0.267352850174592,0.278742818394214,0.342483706123269,0.0562921318333303,-0.0634105760830199,-0.162439702532098,-0.612552617514247,-0.241319420108821,-0.176147466881504,-0.242492451491164,-0.0941981405297418,0.0954802742045678,0.27289957825873,-0.103453950258595,-0.175450881679797,-0.164459269445696,-0.399903030969521,-0.122577044347671,0.022443806828036,0.337620899032554,-0.164941923460769,0.0782939441978402,-0.11578156033866,0.0566316004023388,-0.212530168988601,-0.325721719367898,-0.238796591745451,-0.393009373060981,-0.192914548790395,-0.325089927839318,-0.425987538636835,-0.0930318146264994,-0.0383631392769603,-0.030238594144482,-0.250858271826667,-0.371402175928512,0.155469682347445,0.254238078581221,0.0475918449092165,0.110998273597231,0.19244363889191,0.0496483435203576,-0.293743905559584,-0.0356629776818161,0.142454926490102,-0.23660355060517,0.143391088389692,0.206192982715873,0.10525485555365,0.10365803964171,0.0527521271933939,-0.405589252596694,0.0445720917618757,0.00987309097730534,0.116730406325785,-0.0616877439581766,0.357929010639503,0.336733951443487,-0.0301187520783948,0.0915790476291538,-0.572475800662941,-0.130305218885513,0.133846597938093,0.449802996277666,-0.0736277176596684,0.0338295626114,-0.034759628279026,0.481315625299313,0.339073534581606,-0.146859191339818,-0.0441309774655752,0.200669665556605,0.0680155653595495,-0.0129227135496297,-0.0123664695629638,-0.191251648958834,-0.601399738670451,-0.402549209702709,0.0661867361097877,-0.193105302592735,0.316121049857083,0.192875956602468,0.0133245788196567,-0.0529498404178539,-0.00568236910090235,0.295493980214156,0.281640200816973,0.0151395475079001,0.124686846914925,0.449977207306233,0.509731098068702,0.0987467672636674,-0.204701536252099,-0.263455029329971,0.00583463668361923,0.157195165623868,0.111222391856782,0.070850599468364,0.190251554652572,0.0606696624124191,-0.337071683450978,0.125251599514568,0.022720779938232,0.200648875413268,-0.134910222585117,0.15589438751216,0.132676627782655,0.0702524445528719,-0.0488375854735836,-0.313935912828732,-0.216754462558314,-0.491526324918882,-0.545003399886881,-0.0758381486012242,0.328994021157853,0.0257943424434088,-0.0347346822582607,-0.0815479154120482,-0.0982101371642654,0.0459813773127866,-0.191541082394641,-0.0903661592735022,-0.0556748037513721,0.0231795422002664,0.0966913564446807,0.212378577390115,0.0150325707065013,-0.0851815427976622,-0.0312884405723523,-0.332591195582426,0.0623410040677027,0.0335636792424237,-0.443323036442773,0.0910274886077441,-0.0920787761467927,-0.152526920615774,0.139009685167446,-0.544382632631208,0.047111785385026,0.417184503429301,0.190911159524378,0.343290680423752,0.476048510971903,0.430205166637621,0.301784130869855,0.00394571382129313,0.162949926292241,-0.0338988119432192,-0.0154951491397376,0.0737347032500595,0.135027639152174,0.0554547027284423,0.130287565263479,-0.318105162456371,-0.0154170109993949,-0.148064640683388,-0.0313763922102314,0.0783249198031689,0.437715366421689,0.268480249760113,0.132681804747907,0.0267323551713832,-0.00158350080890535,0.428660364897496,0.279446606546563,-0.0341688665157802,-0.0633770547477303,-0.0697754460623277,0.319053422693084,0.00574491652489982,0.0973384996721432,-0.11214161059964,-0.423863008844083,-0.0130343223371482,0.398148399726099,0.0648485843422308,0.145443057488624,0.420510757531618,0.0165092625659248,0.0371310885741207,0.127020225417998,-0.322209015884767,-0.606306882526371,-0.340705799701151,-0.291304559504738,-0.098453483544086,-0.00605153469962625,-0.196127611323464,0.00405321197360944,0.1690859326707,-0.294673139879982,-0.16162100150307,-0.0708332487095228,-0.345426742080296,-0.382611699681953,-0.173629935842322,-0.0461961638527941,0.139717098074818,-0.222169163309855,-0.152103162878357,0.128697864409123,0.0054002991412225,0.159158425532366,0.696467441527728,0.0727031395632767,-0.0590805608232306,0.0766205082320656,-0.366790183615693,-0.507322867593276,-0.456525273266508,-0.252563712083155,-0.117566513377838,-0.0322356499985724,0.194433930675103,0.311213574398065,0.144362339533442,0.263673232762234,-0.106859584372706,0.0235608157317886,0.0622947241814047,-0.0598911170713703,0.399149229672445,0.427943446479798,-0.034248999280164,0.151710944879383,-0.171588507663164,0.0117709145034136,-0.514878997631827,-0.429971111796817,-0.30516268183125,0.1135447981695,0.014356499610633,0.336408929867675,0.204662312111601,-0.0462930266024272,0.201601621164909,0.0952119203337371,0.0386243474519347,-0.159992763415013,-0.0801249025857689,-0.719134261684404,-0.504239442265019,-0.236273924697199,-0.30503736901801,-0.157167306641497,0.00321214496176092,0.0669026282533879,0.122467228961952,0.133488201142876,0.459359729266972,0.486967634770678,0.120372526668679,-0.0361524210672355,-0.106748323828199,-0.28944500154052,-0.088622997263269,0.145004204065846,-0.0203597760225304,0.0808993015961804,-0.473611287371434,-0.342249598689341,0.303063866930697,0.375180284735895,0.379051939727494,0.244283822734795,-0.20054160134852,-0.217218837050318,-0.207124756788144,-0.0927110521360033,0.104677340950229,-0.0774802126717304,-0.0208591327655808,-0.254515678404456,-0.485136998968051,-0.177228059028533,-0.68925307696072,-0.326515649278067,-0.289616745022723,0.12195878504219,-0.1298302075816,-0.19901405848628,0.185350506496896,0.0696825458161347,0.329026437128147,-0.212652585991364,-0.293215430161452,0.0618946326842308,0.00474487948905007,0.00301565238000936,0.0131152983708183,-0.0844093562526258,0.145647729607255,0.209702326650783,0.298630684794173,0.293957867951914,0.086400306371674,-0.08535977197522,-0.0402673086998546,0.0314502451981865,0.201520060678152,0.0135370294695518,-0.0288555661506231,0.369865545323935,0.0278083377763453,-0.185493353010743,-0.0246084923628029,-0.354794640113391,-0.298132110043418,-0.212959072242387,0.213018192141009,0.243818330535019,0.169342267873408,-0.0512133697753811,-0.213253664605541,0.139434034500535,0.0112292986261721,0.140839496984603,-0.210153158936345,-0.232070383229258,0.117011396104497,0.0105652025847273,-0.286139131941371,-0.00466998361633129,0.143106960742156,0.545491936065043,0.53907714937168,0.30614948837612,0.0354471901079706,0.185906198707451,0.0265883619844937,0.222836415799063,0.151217865682465,-0.387405019628881,-0.211140867689978,0.117424161204299,-0.299651806712671,-0.127132415656133,-0.190683913815186,-0.246385217271232,0.158836934553063,-0.0955234031700373,-0.321023009167451,0.0656615253371467,0.487121441588845,0.285766334059299,0.00647403811646417,-0.300883427941965,0.321448588211978,0.306004959864025,-0.311256069741567,-0.0756486621933826,-0.298825153334636,-0.512021443873015,-0.500815353811491,-0.383564429781144,0.117197152139594,0.129423842921554,-0.153611576806316,-0.12003150062561,0.019396129024406,-0.0522222211404453,-0.257520415727238,-0.11612229808947,-0.306570010103455,-0.195311177401514,-0.502428341933465,-0.357536818136883,-0.0741288858326122,0.0625530939539957,0.0486923081556066,-0.179421806813875,-0.165590636630431,0.0316853057347445,-0.426968818822064,-0.192280572002092,-0.16521710006592,0.21071085529024,0.192704809204786,0.123759007008553,-0.250241159410549,-0.568434699166175,-0.316957627718482,-0.198826327740166,0.125354172472935,-0.062171418468812,-0.228306160624804,-0.0422079760696739,-0.0969080982154485,-0.079205463778509,0.153401591216657,0.312805590653557,0.0676811582183909,0.365363612509238,-0.128330431757127,0.0283932888092509,0.2069016753164,0.175864179470132,0.0451393425556091,0.349375332128032,-0.0678868138111314,0.324408793676609,-0.143670905605196,-0.0592097297212356,0.0199450800828313,-0.25718460460754,0.175099746406364,-0.184452344389093,0.153708465099303,-0.0432746998356182,-0.411106401399686,-0.288029752662304,-0.284179224895236,-0.232270562646305,-0.159322479368621,0.119700937862326,0.476007656572417,0.300604924528113,-0.0223731558027216,-0.0289724828762782,0.192400368605796,-0.447303037139838,-0.183374209049823,-0.224141203511411,-0.0136178065375772,0.0336001165629613,0.365682516994594,0.217040239214623,0.134623534779873,0.0510983937352513,-0.360893818183292,-0.185132582630647,0.00710831435276042,-0.0440244906492228,0.29880975083401,0.0182055936134373,0.564990072349576,-0.0391469049692342,-0.0327438948467633,-0.296814620411175,-0.372419067081055,-0.274540447021113,-0.10356640647708,-0.0305120552357894,0.0240163435958234,0.197233090051457,-0.0291140738546538,0.0982975628964635,0.0667260011915787,0.331837039806699,0.288707056910496,-0.163801183099009,0.0349106290652109,-0.130821931285187,-0.272758593243151,-0.112555927697625,-0.378312019169024,0.386724987566726,0.0992566127032664,0.0702501227038474,0.0182487490723954,0.304852982907155,0.154724613275865,0.208625215724817,0.0327292610341792,0.272881205515634,0.160479117102311,0.02800944441884,0.253937028444829,-0.21119917672029,0.0516159757756753,-0.0429996463668584,0.388667067291445,-0.111471041168703,0.0756860643174397,0.336409842415057,0.0972165246081198,-0.157589075975196,0.275853570756594,-0.211382516766213,-0.322968785014489,-0.516556096674976,-0.0950050766670635,-0.330639373446745,0.10858564055372,0.0406001084228476,0.0651669389242516,-0.00185352328490369,-0.144760186661885,0.144248867594184,0.00553935248872612,0.390898030939,0.0669573347192239,-0.221568891431996,-0.200904200497197,0.0933680343295214,-0.0166320129088856,0.214848089028485,-0.0202009169118507,0.116427827240771,0.0833255728432016,0.163955663787375,0.537759266279064,0.245786997472324,-0.0317417086406345,-0.0490360873412645,0.377856509674726,-0.0419672527798428,0.203787943229939,-0.269133068807879,-0.378540954745812,-0.442178274590788,-0.0721976484660171,0.212902709923839,0.143190327736994,-0.0369529234814894,-0.354423930529393,-0.418168682615709,-0.309972422108186,0.271307005704922,-0.199254271036465,-0.155551932818631,-0.371837983346283,-0.403680607257297,-0.169630015400782,-0.322817974621483,-0.168309776647104,-0.0675128885013514,0.251748070355943,0.262098013339099,0.0168250570240342,0.0545596334840624,-0.0035330484073068,0.047634322762755,-0.720191162002102,-0.458607390865218,-0.173264832424244,0.0228392984674292,-0.2312431748764,0.100107067345726,0.00513813985456971,0.346563278329471,-0.184088213341378,0.315934954728686,-0.136224418083108,-0.118030468168482,0.423316331428572,0.349855379937538,0.0661658983843101,-0.0186964967891892,-0.246106635340361,-0.212822987881954,0.326190166849544,0.283405151262033,0.00199850369468421,0.322472313375186,-0.0853734680259252,0.115533845857434,0.166429980688864,0.00443946766600944,-0.113363199704975,0.0433800159800136,0.247318483903216,0.0437163077025046,-0.275163531614448,0.0141172266732654,-0.11617637728658,-0.400528831401677,-0.427457443669156,-0.319891565497072,-0.428979515098832,-0.0457800727781263,0.039123775024918,-0.0604579551438667,0.186940771545842,-0.00546322636875246,0.260850479292977,0.0825543006214564,0.0544554714319506,0.0428396081558554,-0.105129044818142,-0.270609470121465,-0.12948894044963,0.0425807577190629,0.0540867000299185,0.0220217109266556,-0.0137367748696786,0.426835265111624,0.403253634966615,0.15412178736281,-0.0237666607519889,0.0932381136721446,0.068676453579285,0.471071362255643,0.156275543029149,0.466745871832659,-0.271927755494788,0.199206810482882,-0.188903867661097,-0.302588485536788,0.0573279660435632,0.196348579835813,0.231518937504311,0.234628475048221,0.46688945779531,0.318156697836461,-0.24976301092689,-0.0865300467872505,0.161093311567297,-0.0586774931001891,-0.462400127377106,-0.636019412241598,-0.123506765589205,-0.146572941898177,-0.348504577836978,0.235512275111568,-0.274922874482764,0.173300822588707,0.0831066570183763,-0.133284700492244,-0.507450066934065,-0.488241105717062,0.12240242116291,0.065681719856495,0.202616725418312,-0.323719725522677,0.16318490899412,0.176163279022572,0.088330733231531,-0.297849453725226,-0.0609378753411604,-0.0423949854970773,-0.671529774657524,-0.0572998148503707,-0.240717448849616,-0.0422395611851334,-0.0179690038155721,0.206596818264016,0.00158862648134567,-0.323349613275451,0.04347798249637,0.124894810645812,-0.0375726534778465,0.228744921692616,0.261376032818442,0.0772918546922734,-0.0496381456776538,-0.0410354819427743,-0.169389409503092,0.0860470224367831,0.145181968387282,0.491235932739603,0.229030903076768,0.399712666583241,0.00661529643650469,0.136941193223341,0.0826379260362208,0.201391929198157,0.360375500855386,0.135799720435421,0.0256863259032443,-0.265250963240928,0.126663737821504,0.16246502151879,0.348163326610416,0.23503951103175,-0.266151714073522,0.0881329900624272,0.255144861578403,0.20565160874518,-0.34387057005073,-0.328170519045261,-0.507444004328187,0.0694473234747815,0.154237559155765,-0.115825606293247,0.0336293083842143,0.0239778967134049,0.198648725549245,0.0378631143012307,-0.361511558343836,-0.719228213047122,-0.0504642489939908,0.101882573805076,0.103884224582106,-0.0646826457264497,-0.115552401998877,0.0271450195414419,-0.133719095192732,0.318406897847371,-0.0769519678042355,-0.542220350364914,-0.262752730592577,-0.429926041666843,-0.229201224734497,0.289295459206281,0.0286378405408576,-0.0806191139106081,0.0829619475382262,-0.21281185945281,0.0372689064736975,-0.0737121817799301,-0.385825758479582,-0.2236197267678,0.344308908427298,0.107355728079182,-0.172224541683474,0.194016043867426,0.448599836113494,0.0842052331883668,-0.00549394594681055,-0.316304571747427,0.00219751990493385,0.312246230765714,0.54789057167505,-0.0908101875103783,0.424185757366119,0.0322971136055142,-0.330044266980702,-0.141854048174801,-0.403626080593507,0.16497016503176,0.193438039081926,0.505813416342497,0.425817084792466,0.426292727422179,-0.0298511531694684,0.428327696995068,0.488237500464363,0.175053575642464,0.290535522441325,-0.109698887887045,-0.219191724487202,-0.159719545693241,0.160940025840469,0.0907668420651576,0.113538577063657,0.0138090644012856,0.39846577122298
0.276209611718491,0.140568527025444,0.160953359283625,-0.0808476593971684,0.0401943014347975,-0.00522199252992516,0.0735557640362286,0.136829753095332,0.0605863995093224,0.131707057757805,0.123596545558184,0.150532433502066,0.0469235690447,-0.059321466362321,-0.0554859296863648,-0.0797840613138481,-0.156620666592899,-0.0214953144901977,-0.00518628700709009,0.289273462124746,0.0968111750858908,-0.0443568478574361,-0.0580936256025292,0.0309916714016118,-0.128800017510148,-0.0512316918108111,-0.246246223841408,-0.183866378488275,-0.292927980832858,-0.168671644595859,-0.00278116540274193,0.157701060926205,-0.0265307182911798,0.100332762770703,-0.0487916546376989,-0.173512315219012,-0.271612465589081,-0.0258365903486494,-0.104791345412402,-0.0503667999290076,0.0550792517135047,-0.0365162913577133,0.0159209655089158,-0.0950195294277785,-0.265230959855385,0.0774322038487603,-0.205108750968062,-0.185346674728445,0.0964386910742202,0.10231936681089,-0.10292440482166,-0.17270666362876,0.0582325710615829,0.104375525060409,-0.0225350587834479,-0.0882537360234257,-0.174000969604253,-0.0440540819410106,-0.198460631656908,-0.218125520585694,-0.022599303250798,0.141762359713455,-0.103322445544237,-0.106205916859726,-0.0499876382687213,0.018578577019695,-0.0323648973553558,-0.235648309283381,0.114304147352654,-0.136591906944166,0.131363580428258,0.0924033317235119,-0.120617518106625,0.141049944826627,0.330480962205698,-0.149214559282091,0.0641283066868711,0.0113795551303174,-0.104444865365618,-0.15270922178792,-0.0269183808910305,-0.0945569646223607,-0.00490566963172235,0.000224536883289719,0.11138991722461,0.100019917523122,0.169552190283578,-0.035676680103023,0.185621199924145,-0.113910915208458,-0.131631920074833,-0.0243558831616796,-0.0795771141692744,0.0121531567450851,0.00900196715872739,0.0123755226004544,-0.0982288811724061,-0.0314794290493106,0.273217001362415,-0.154776250540444,-0.0387068048618244,0.138271799880724,0.112607170709036,-0.0550838822281666,0.0815345967816551,-0.059094440080414,-0.0981054265042851,-0.0856193763913983,0.0839006588711349,-0.17584315068434,-0.029425152395493,0.0876610559305613,-0.0290365537675751,0.0131910012130117,0.0262433409577853,0.282968699629502,0.0042047966418586,0.0323906398092754,-0.0302737561790485,0.207863573810676,0.334522172464557,-0.0712100749168363,-0.0553595560724637,0.113548883557658,-0.136422641311381,0.0349450246730976,0.104663149843992,0.12930669857076,-0.221143699400919,0.0292021162859344,-0.0819221598365654,0.0302824597724696,0.0258591733165086,-0.00280945425941832,0.0205308450880216,-0.115170319040517,-0.182569502950936,-0.04405776556031,0.159204340198213,-0.0966026032791852,-0.101134109031604,-0.270471419120443,-0.0570527692064974,0.0355613450595882,-0.0443172837999504,-0.0971615878106222,-0.084430883026493,0.0137542634581881,0.0310344059821321,0.0521739716172938,0.0240452225274716,-0.141055505542033,-0.245818107325958,-0.0657412591455874,-0.0278696084826192,0.0127769724348389,0.0145242883840043,-0.0631740217302831,-0.0595715224899246,-0.0957881199069646,-0.175164956722635,-0.0174728256203476,-0.135888469040238,0.00800584219535545,0.0879866138212934,-0.122966166377177,-0.0424686470746705,-0.204113699372553,-0.224788456447952,0.187792190169545,0.182670544325061,0.22491214107905,0.203975950632587,0.187238708473124,0.0901023241200121,-0.00531316652435854,0.315071571723401,-0.163671097849288,-0.0450777730507468,-0.0982749046428324,0.0629578403594399,0.110554908453332,0.0402007429716361,-0.183044269759313,0.0518498148128644,0.128730512636708,0.0946116021508829,-0.0198785047647189,0.0734408603500502,0.0792982943960656,0.159351107935057,0.0124184827897039,-0.0821646009194515,0.0422577529403577,-0.000690139839376686,-0.0401048205718366,0.140614343488127,0.0534294512498249,0.0794800819358392,0.0211425125063281,0.00573392720208051,0.154836079990611,-0.172837191938955,-0.118073641567548,0.246861922676727,-0.101342458407474,0.154492415243521,0.0952324138622655,-0.0377905243397929,-0.249694253574264,0.0702124531292287,-0.120653430089201,-0.382448898705418,-0.142007554094081,-0.0360889255537785,-0.072293378750757,-0.148379766769459,0.13602644169759,-0.0213774453083821,0.0511925641044634,-0.17301851204961,0.0713886102603786,0.128629091143182,-0.0222425702338393,-0.0800095711558783,0.0460581110621177,0.102147679252042,0.0587883729658595,-0.0664447184126035,-0.017262105455439,0.146349902503886,-0.015784470638534,0.0625715645851318,0.265367074185731,0.111277540651666,-0.0552309540082026,-0.0883927588154386,-0.138593321856959,-0.0864759661509628,-0.191974385969294,-0.129605927680584,-0.16168928324197,0.17944171245918,0.0780197462462439,0.0150203844296859,0.0348218013222171,0.18917092004084,-0.0755893555848517,-0.0259630211061927,0.117902242914414,0.0807983077445395,0.0345888064284787,0.0872028117302157,-0.148781674863586,0.0462704047289342,-0.0556706377929948,-0.065478421192976,-0.130534805813326,0.0455276423747233,-0.201957767348715,0.0246122801306097,0.182440263587686,0.0672484120874395,-0.0362028065722843,-0.0984135379480286,-0.115445874475945,-0.051589332803293,0.020617998821912,0.0514731082798654,-0.0651404587375447,-0.253731091390322,-0.202389880570093,-0.0596129659949129,-0.116047273386036,0.184592631174213,0.0353486101474934,-0.196330804167355,-0.0163652658381106,-0.0328570479414599,0.237904154822064,0.187976759621824,0.150170284305123,-0.167548137217867,-0.0121933975297026,-0.217328065626137,-0.113761406093011,0.0322126428759527,0.0639710825095316,-0.000896832428589331,-0.136302659346204,-0.0550938191128294,0.0214311659429993,0.179381291732676,0.207254133679299,-0.109819752319836,-0.0444478753320915,0.0342676381423615,-0.0604456451175325,-0.0273496742973811,0.0380221376211588,-0.169380390767409,-0.0522260747755074,-0.120305223022586,-0.239410590669599,-0.104874000014248,-0.123118250843072,0.0339646154975347,-0.119053184437042,-0.0513827029206968,-0.0333824635245597,-0.0833572963056631,0.157782889709919,-0.195216876599083,0.0537630157863529,0.00486112838626554,0.0271994823535701,-0.0452754885223041,0.035930871908795,-0.0319482249629271,-0.0890035404770685,0.154544396938038,0.232275408628041,0.0866237817887391,0.192667426900772,0.202857183479804,0.0645707748935337,0.220683445155395,0.0696649072436324,-0.0188720352824569,-0.00769400104619994,-0.0469518820309524,0.0695913308409315,0.00957650782013958,-0.0294638009818091,-0.0918039307351995,0.0767000968297947,-0.0617870627297559,0.0431063521092713,-0.0969732796741915,0.212131782729042,0.0345349419790873,0.20541407976409,-0.0387952038324819,-0.157739149665584,-0.0406424604511083,0.150557049043962,0.124485755540025,0.17580555492138,-0.180942821364313,0.0514933925520811,0.012291778254779,-0.0826958999921684,-0.112171691920987,0.0895440070156257,0.10316492162076,0.245553805779436,0.100887469076585,-0.0550537452171642,-0.00467936911053893,-0.066086609727221,-0.0165089501366244,0.0774690577784816,0.0416051731334243,-0.0362196492437732,-0.0136298479411381,-0.2108347898994,-0.16982611829995,-0.17580447623191,-0.164472880229804,-0.0318466944327165,-0.0556035677227053,-0.286933482053225,-0.0528514249082312,0.208178058012563,0.0859450902133319,-0.0045424334471316,-0.0648968389475318,-0.0229388394140472,0.0411098879319881,-0.0613559338747308,-0.00314711167902043,-0.0348340977046416,-0.119218862063384,-0.0917846697458161,-0.15701220956753,0.117388338909907,-0.162575002938673,-0.0176542180542504,0.152004437397511,0.0431035572628777,-0.0997345717347411,-0.0738803126752207,-0.0279075311250138,-0.128874289851311,-0.142418101803898,-0.12823922235494,-0.0427581895125195,-0.052426170434417,-0.0232589617508997,0.193662695803868,-0.186770442353017,-0.147247070692906,0.00287280980039586,-0.171278329739251,-0.118125490679207,0.146667799353064,-0.0380084792923083,0.0159629926034107,-0.117711324279095,-0.187652555637459,-0.185525438142912,-0.0937721574582395,-0.184889320682794,0.265299283042846,0.0214115743908472,-0.123294493312565,-0.0283813880781562,0.101456233957467,-0.136664475920973,0.236476788917833,0.130248820622667,-0.0447094870313508,0.0303714268689362,-0.0192068704519922,-0.0118108131170336,-7.8111694301275e-05,-0.110368622395394,0.112732397939416,0.0407854134141643,-0.141917841029464,0.186801918650174,-0.0493010468402453,-0.101420048195333,-0.0641493611758493,0.0383793347599207,-0.0636201621240604,-0.0529300799985739,-0.0231483605131281,-0.0377187210588081,-0.351922934669193,-0.134148579153128,-0.179321502583451,-0.255017288432059,0.043964069834316,0.0523808157101449,0.141248144878022,0.192141646083275,-0.235868295582612,0.020929157772429,0.199467228866989,-0.101221943555379,-0.170018204743525,0.000550037981791346,0.058960816426248,-0.038155375471106,0.211548929000828,0.170485531732202,0.025441282849388,-0.188058683122608,-0.151082482036878,-0.151750065473924,0.10389622427625,-0.122970220150957,0.178309955656895,0.335362198821215,0.164901381147515,-0.0529490928683198,-0.0533945542195411,-0.171691636170827,-0.153321040008199,-0.116949581890436,-0.0571368897882195,-0.105746608192674,0.0264267878759547,-0.0445718991494043,-0.0677675264088775,0.118191118020615,0.157571196163555,0.0903647541060345,0.0791933754755144,-0.0634313603680196,0.140331043598563,-0.12023249353671,-0.135287546322095,-0.146197446140206,-0.230743830796293,0.267630686291027,0.0989648854076162,0.19542707011007,-0.0636847938470919,0.0315890159472709,0.0504713486175377,-0.00374458144340832,-0.0910704391770487,0.0431139815273771,0.000169830134026647,0.203415843122157,0.271139164127309,-0.0993155920216968,-0.153597389287493,-0.064204653501469,0.152798718078456,-0.137390629185195,-0.0356614874617065,0.0205928527169163,0.181833594177577,-0.206060765494311,0.00815677772957721,-0.0775012037070022,-0.0348198696803121,-0.0965296697345103,0.227137355708358,-0.0993338219156622,0.0462668122165657,-0.154529121562322,0.0601572103953127,0.165891845548999,0.0684232697942069,-0.00433377042144842,-0.1140964494744,0.00525567977115927,0.0184453722827853,-0.127339300089952,-0.131343558836324,0.0717494498990614,0.133404137433937,-0.0873461909274163,-0.0265939542500132,0.154132723589173,0.0450025485940794,-0.027861390407492,0.360164278607364,-0.0191535934313628,-0.0677972483423711,0.0881809733848069,0.115682700058927,0.00925355917057979,0.110909387143622,-0.0495881886528541,-0.0442796846947164,-0.161340649378664,-0.118259439948794,0.135180116214577,-0.156008036808281,-0.305862089536077,-0.0851421718972803,-0.100625678165588,-0.207093846646972,0.202335807468963,0.0877093595645523,-0.0804768547728769,-0.171634060704141,-0.136405263862208,-0.0648914354666842,-0.0710587510412674,-0.103811902099768,0.113822858740822,0.0824228807305387,0.0216456755225011,0.0622245911589433,0.0327323502197535,0.134921711550477,0.00970799229893964,-0.130715165314047,-0.108729168399647,-0.0365583154320887,-0.00347690191377203,-0.0941512531783048,0.265933285985478,0.208597787140384,-0.00498692924382383,-0.0495954669811811,0.0546970740015229,0.0450711540212748,-0.0574191842238264,0.131628580005796,0.0557355192676129,0.155720675546794,0.0543399439391371,-0.179640087228992,0.0271553933356231,-0.0587683149777748,0.225626310483719,0.0331373828122283,0.039990543303644,0.0262872950492582,0.0855082583335448,-0.0276381666980613,-0.104135720290333,0.181851934894993,0.159280748662193,0.0741597516879277,0.0755990558897821,-0.189535254620294,0.0378474400450168,-0.00583083961745096,-0.216961821842764,-0.0494381541175858,-0.131139354614923,-0.216244919215965,0.0493368473694799,-0.011095992577407,-0.0114021984785842,0.0422308728285494,0.238292693617211,-0.0739460911488233,-0.0438937300779743,-0.0624694230283471,0.0062103067019109,0.0193848024447475,0.0374613607844199,0.0335528173306927,-0.0324528208695744,0.289420014535081,0.00929358961471161,-0.0600476077518325,0.0703644768937021,0.194639920035737,0.154804696184936,0.149200736124697,-0.179367543267033,-0.179268274559422,0.22997002616597,0.0454018654651582,0.139721267777961,-0.079660935947414,0.0611473870838201,-0.181159027746391,-0.0820441731132828,-0.0395119233761407,-0.0779908667880949,0.0201526646044359,0.2079668652031,0.00753144630616931,0.0285326853977734,0.00886932499117815,-0.154560032089806,0.157259124245285,-0.178310837627899,-0.0960969453204081,-0.259991058921622,-0.0303699787451464,0.080333054676533,-0.19993459929748,0.00280302785588685,-0.163758074476464,0.04804878296547,0.0760933543585573,0.136737905179989,-0.342370015546191,-0.13671333203017,0.0496350180697924,0.120453044047775,0.0989331427949528,-0.0606908047326366,-0.020877245216545,0.190390817667182,-0.0410243926804264,0.0722668782824893,-0.142470128889425,-0.0443516644693397,-0.115775757391516,0.0485882304040675,-0.141847801351413,0.0241369220610612,0.0952440662873497,-0.105919264770546,-0.0502501444504416,0.0951897054390416,0.0300251761944944,0.339527507473928,-0.132388637434058,0.133083594919245,-0.00388661474608937,-0.0279609451932389,0.166923039066712,0.0364197081889986,0.0625872353704693,0.119146785594561,0.0412942755531685,0.1418057239208,0.0975489082481267,0.0520073034333857,-0.0618947474965133,-0.0218328960995628,-0.0931294401319456,0.0635866997162878,0.127788288178194,-0.0827324074436483,0.0200009889424848,-0.0941028317255876,0.0308638532783044,0.167530231724669,0.160282863077011,-0.00384724273813222,-0.0516551049973837,0.0222736669914581,0.121354502079564,0.0309546223940979,-0.106294948026054,0.0909546381771772,-0.107528879097397,-0.0279969306834359,-0.0333939001720009,-0.150175075895717,-0.0825971529796,0.0503533397054659,0.0720793024210657,-0.247338689368878,-0.32873592284494,-0.130783742168158,-0.0143351273750257,-0.037588889944651,0.0458156487627154,-0.137727759696394,0.0966847367681081,-0.0719998493217822,0.122158089580472,0.00634693911777427,0.215219423187124,-0.189897235429752,-0.0042617903642664,-0.323277253393187,-0.0446259776460607,0.0457419205572684,0.0263084456703556,-0.0399203294723493,0.0938385519997084,0.0633100929719714,-0.0616825211651468,-0.0242316945206264,-0.0718127717970725,-0.140688375026281,0.0506873680619441,0.125989451229548,-0.115615939620677,0.0403483346821421,0.0503899902716698,0.0466277265829698,-0.110666380077846,-0.110974556105293,0.120934789371752,-0.000825551343507258,0.0543773116657196,-0.0864761862479221,0.119346419124617,0.0961963169736357,-0.205843250221201,0.0546667260306503,-0.208864858439378,-0.0686603593113618,0.1456249086682,0.229954980830879,0.0305334293586889,0.276716948338381,-0.0189856310920081,0.0408135080354364,0.112315182503712,0.0186690665786071,0.106301045875805,-0.0501757466782943,-0.0958866257910936,-0.232779234970189,-0.0186380837020228,0.049982975151954,0.17528961253686,0.0335847185244457,-0.155593215518112
-0.145785693222994,-0.0224412736525004,-0.156286450878332,-0.134942369463071,-0.0204859435481953,-0.158466447566555,-0.127782106467047,-0.128223902229598,0.214565051640487,-0.167388863074423,-0.114261056710021,0.0474152924337246,0.249587439518817,0.177772421980912,0.471042097373521,0.0762506058403168,-0.169885951051127,-0.030575781268104,0.275845527094595,0.0486591117676616,-0.139234728669665,-0.172880321967379,0.0364239640700554,0.0845896320511631,0.202556916258025,0.178842698680809,0.212769117432975,0.161258148511612,0.610355798405102,0.252887262740773,0.282286078803746,-0.251626752333253,-0.243590268298377,0.00145306208741764,-0.103186044986173,0.141965671578401,0.490167582895617,0.425004237670549,0.399480194754411,0.153847145266074,0.0213046833847234,0.259602499712059,-0.229408501644011,-0.0274935553161368,0.377456269217976,0.0907169104448274,0.509438655254392,0.173198479902681,0.129869683251844,0.0500802257585003,0.158015900152761,0.0730174357780232,0.0353636340631166,-0.00817907450674109,0.189875915998993,0.246941385148965,0.161307201724891,0.424450498773147,0.23018123069755,0.137515123909002,0.202977962757281,0.00863957555515452,0.101895349892644,0.0219311577033152,0.202084726309215,0.321550423078952,-0.179239342095117,-0.119463000799171,-0.0566179382200441,-0.138278616411968,-0.088220477244592,-0.236230806333703,0.223660372915871,-0.11450983310224,-0.184975524585928,-0.0933867506034407,0.0431159841347905,-0.261308079034664,0.0415578426439375,-0.0746093641691456,0.198004892741142,0.260627777533273,0.0936071806657141,-0.203384247436368,-0.0410585941374453,0.149559954205628,-0.292106186708014,-0.23077273093209,-0.0671097707537769,-0.0663403461644484,0.497528184309994,0.147855261534052,-0.267164662257216,-0.219250855435796,0.00391294945018225,-0.120871360638916,-0.0118191872966459,-0.175578125082778,-0.249648062958734,0.120492225769004,0.0919283799412787,-0.113846927222988,-0.0769544323650821,-0.146002602277465,0.133615006676014,0.318593378153157,0.227813212055439,0.306390679006543,0.02296298691443,0.00207851177856572,-0.35868949958272,-0.278843957606573,-0.102579525710675,-0.124949697086901,-0.0218437420797792,-0.327137585931736,-0.381541771365322,-0.180162489215494,-0.337531765651542,-0.217127632119691,-0.2871116980726,-0.0821600717980118,0.144330620523744,0.559253234157905,0.128854244195054,-0.172639637248788,0.0761260600805788,-0.23344179845319,-0.00753820680731994,0.112300733048878,0.58807750367613,-0.15763472099173,0.031209925094551,-0.108894116921563,0.0224171782307826,-0.084274504064329,-0.251903009384263,-0.00186753098292484,0.294594271126112,0.103683115033573,0.379798547141744,0.392455408518577,0.141057836046858,0.0261640396348801,-0.0823076219176144,0.0928454178272909,0.0538173672319793,0.102706388682757,0.0850732352053856,0.216730002182311,0.328163014751732,0.0252690460526663,0.144781979598651,-0.0527912346908248,-0.0145971026383148,-0.0769276149353207,-0.132136547896362,0.313747274324095,0.0298804925791051,0.0976280683521873,0.0761417220365435,0.286640933331279,0.348982613676311,0.0684590859529365,0.0867933567926463,-0.0240374447782975,-0.345976598978934,0.260116599975824,0.114498242943632,-0.27869432788919,-0.108167924707203,-0.256009767692266,0.0483496874023755,-0.390670738782872,-0.355753976356845,0.0757388549812224,-0.117661872778008,0.0659862950538915,0.135851266549656,0.135322564666763,-0.106899461132618,0.0266031909923693,-0.0445878018792677,0.129326785550851,0.0399425306899181,0.0392250617136792,0.00360184775259355,0.0176335084301012,-0.584557499799839,-0.156092783541123,-0.157917299895644,-0.117135789096086,0.065050836279747,-0.400602501499063,-0.20579126706693,0.245054656364661,-0.115336915745408,-0.0297940434301056,-0.120714222897572,-0.00971809670482005,0.0853051371008715,0.0690264076752287,0.00695247216066863,0.350602500383829,-0.340947985165506,-0.170131874838586,-0.130581106167779,-0.411979839139806,0.00691602503760155,0.0831885329869589,-0.0945025961585245,0.190084471635649,0.570309705354426,0.253178534108147,0.179119106388887,0.0513422273207748,0.143539331532973,0.269469377754579,0.0227421360390581,-0.0531222963666442,0.260367553901925,-0.0735249848273142,-0.141058857944349,0.270501879659695,0.478322604856433,-0.165366943520957,0.184799524532732,-0.126210991736463,0.264433167863447,0.209343788475699,-0.176470840180356,0.0109815851616355,-0.103719107920321,-0.376343297980212,-0.124220522435915,0.080635480842858,0.0430162643877082,0.110731739152975,0.604648604974131,0.221677541474692,0.215020010274691,0.0738889743366623,0.0910401225738466,-0.129335356545066,-0.0985871896291238,-0.126600902565193,-0.46419353946371,0.146290297224745,0.0866650885480358,0.167150015255474,0.0714684304800867,-0.174081352400253,0.0493881394851499,0.0801299938768908,-0.217955596590343,0.10387244002082,0.401706632716807,0.20190163262954,0.22662934510379,0.197118587611966,-0.101785409821929,0.0774379153565637,-0.520423203722122,-0.245436577442359,0.0303383922762544,-0.0121766799345938,0.131673327670058,-0.0441215591785889,0.0554840052840885,-0.0996767177801101,0.48982771641961,0.350484569927429,0.365317680419825,0.328720411680161,0.0502093542848546,0.0321200406658332,-0.136803309935477,-0.393844558018224,-0.326679355815772,-0.369128631015348,-0.419720494825003,-0.1233641464656,-0.202259806676025,0.00244277718267033,0.0930668296920617,0.0161642175341388,-0.278015484918162,0.306280822656867,0.075719165805533,0.277400316523814,0.333671692467753,-0.397217418292249,-0.0389372003088014,-0.275985070962631,-0.292278086939888,0.0577338796933096,0.371948029753709,0.0742432233436445,0.15333671531806,-0.048550321812115,0.0293989984141711,-0.1804540131387,0.308926141345063,0.428485888275441,0.140444622955914,0.504867249660924,0.306269686706323,0.349614518347287,-0.0820080305031562,0.144594149711642,0.262358058404371,-0.0224945535772473,0.0590778729131702,-0.128577397395925,0.267066422993717,-0.0621622979506944,0.258512705602073,-0.051655665215542,0.0790614985297188,0.141044890889113,-0.0544251585263676,-0.0402267836328088,-0.154432225457814,-0.330581538563385,-0.395182490441003,-0.135353126531231,-0.159567493897448,-0.0233590960416374,0.184778355303382,-0.153472188651576,-0.227007187721867,0.0618469484938,-0.373762550516841,-0.067634480715643,0.0161607125117868,0.110584181552273,0.207415837470091,0.215580996247997,0.124090796943906,-0.0973162506477453,-0.266806700611592,-0.0917308042103675,-0.00224588939869641,0.309985067580713,-0.0904121235817123,0.0598574368915611,-0.0829814747958413,0.242864201435583,0.191694494189657,-0.201000467146915,-0.0544919252245175,0.097831890306909,0.15586723220279,-0.284433554196325,-0.403427495648238,-0.369378718108081,-0.231023206807812,0.100383914889727,0.0437357771404248,0.0405099985827358,-0.216260893165723,-0.12392142456967,0.358030034273536,0.140859092103208,-0.0365242016453251,0.242015662036952,0.280848098296386,0.222469921186202,0.268891806847364,-0.185321133297403,0.115403797799399,0.267328680444787,-0.0627839984595505,-0.14259290720566,-0.171537951300639,0.116932163189505,0.273092121406027,-0.0881132896998308,-0.0578234126109473,0.159739242883693,0.18972786928403,0.0861988492087237,0.174927659217232,0.45967149838494,0.301639147499404,-0.0922548366100646,0.10365747326598,0.209468753916382,0.139432661489572,-0.0085158698215137,-0.107266536881505,0.276791445664255,0.0964945253920813,0.228954323727478,-0.0437575009658909,0.227037336976509,0.430285029553563,0.14785373010334,-0.0798919956225641,0.00314986386879278,0.0508609257905394,0.00578784649716188,-0.11722373323466,0.383011299174917,0.188001912146731,0.159901089768051,-0.353280074640247,-0.228475426454872,-0.079764562375209,0.23267577694955,0.436993324093409,0.213501487769189,0.199412086476482,-0.217021244778253,0.0689796302763451,0.0576399621396223,-0.1116620261878,0.106474476982213,0.00381523737400973,-0.0895583735975459,-0.152591471445068,0.0216518959104478,-0.286322424010633,0.0917855822789207,0.0376041304011259,-0.106827972160261,0.00372806188512113,-0.188740188587718,-0.521341405556653,-0.0126019391904881,-0.0150798559203949,0.0734667797728538,-0.0095935740930556,-0.0319671106758822,0.045907822593801,-0.0736236827206359,0.119753161454414,0.00892164731611651,0.158660800688295,0.433335763772443,0.127069568841618,0.177568247543238,0.0830187751521891,0.0443026579179286,-0.0297378725174749,-0.323323630527613,-0.0162713673664776,-0.0852792125256697,0.149959728228907,-0.00679354470653368,0.429154744580857,0.255996087490338,0.308789806955551,0.0493207008914663,-0.0701894301236002,-0.24588273511583,-0.162275302215319,-0.0736885405222551,-0.0281067990012636,0.28275782402311,0.262729210062593,-0.105597701917429,0.0882257955907344,-0.0191062488575109,-0.220332515825973,-0.477128133562644,-0.16240359870969,0.0448600778177429,0.0828042055697399,0.15847050625006,-0.000860727325557809,0.0826592309010055,0.0807190637715579,0.0512185764634283,-0.215309821750261,0.184871069162497,-0.133613666853128,-0.110031507366346,-0.271008541296813,-0.106931910340413,0.134768882398834,-0.18337477135482,0.106385111594684,0.203279436741106,0.0291976513267302,0.497258440867285,-0.354947989707946,-0.102843868596266,-0.234467476413109,0.0765995350121756,-0.17430620278008,-0.131224649348672,-0.130838954344396,-0.302980243622765,-0.179009267135033,-0.27070481196665,0.0472368207142744,-0.120217335115955,0.282849640035995,0.0269129693185444,-0.189769542043644,-0.399781627607657,0.168162672597572,-0.103426796227165,-0.189955627018888,-0.131110643559692,0.245241324189202,-0.205772417333206,0.0859363351463433,0.279207209500342,0.33066452892586,0.117744702131825,0.202877826314541,-0.0808788138859657,0.141699957533059,0.0361602054889958,0.00195324089468002,0.20268682397869,-0.0232461624154566,-0.127447733820039,-0.045453841673007,-0.143566870307986,0.375738682219465,0.174479205397598,0.15898065450633,0.0408906252499246,-0.369988047957587,-0.157036920277417,-0.144466907965982,-0.0763064235023861,0.0463242985777277,-0.479240500897557,-0.014100320489349,0.148771630696249,0.0900736394060367,-0.15064009607981,-0.0319887114153335,-0.343511028881586,0.301860330020766,0.301832087921993,0.48321953391717,0.0128147074092561,-0.114006305662318,-0.0970796380246657,0.0556838994036218,0.35397613510916,0.191154129023055,0.158152810465462,-0.304731856964332,0.151536424676013,0.164607055454572,0.31550891045693,0.625485554892697,-0.00231089561837761,0.280309245396351,0.0242568944655337,-0.176224340516356,-0.171639296893306,-0.0481613561195299,-0.253570034975436,-0.113342302758321,0.0826835703442636,0.117470070330812,0.472912059304625,0.343484286774053,0.181631771892745,0.0986647679346002,-0.00274513367180475,-0.10284158844378,0.163956120005419,0.156977513350662,0.192656906729485,-0.270826106861869,0.142284433100603,0.0804198577787844,-0.249569519486379,-0.370090404960622,-0.312928357602389,0.138114147068647,0.317875531319529,0.244466869363339,-0.0855217118673111,-0.00658839089148128,-0.0826936964804193,0.0116831152969583,-0.0191929416061922,-0.0605935533150254,-0.162685095107651,0.226740999522527,0.104638351479309,-0.0766728836644779,-0.079968059058627,0.039609197987135,0.151594287059195,0.112135473791163,0.205858412980478,0.318921269279415,0.210332694712905,0.417941396797527,0.3183075177542,0.0579940539574179,-0.23312257144852,-0.125718290806786,-0.183845972051395,-0.133737990422326,-0.143982772141311,-0.150776358064646,0.0225788865411692,-0.0540518425030754,0.0362777807904409,0.179164570566155,0.146525678017972,-0.306961551750816,0.0182772910564443,0.0344551963695194,-0.0153764417047313,-0.398398852367536,-0.228333854690809,-0.208974451352187,-0.0253502567349743,-0.129424542045674,0.0712721039751739,-0.400723937684553,-0.145546259556716,-0.167670066646121,0.0747372129321286,-0.0971876629048746,0.184458527318546,0.0913033259453586,0.016992789439926,-0.127648794724747,-0.368151717916173,-0.400820091943642,-0.583126664878569,-0.227883595309706,0.0143197346668597,-0.117222851041995,-0.11587451895699,0.0119235511413619,0.371125961802207,0.441530829438125,0.0187150221488352,-0.070074986495758,0.248331766974153,0.00889171280369296,0.0306348223980199,-0.194263818504377,-0.252643538382062,-0.14168523258821,0.565472305062949,0.271821235827736,0.0122406122181784,-0.171744199192217,-0.193838700359109,0.320214332250296,-0.0197786911835079,-0.112145985881433,-0.153876791541613,0.0159877662629859,0.0608744803971784,0.19786751620207,0.44106796338409,0.165960814579296,0.311795647103055,0.0942752774940474,-0.0936791548421365,-0.0956213227908349,0.0579585484211473,0.00914627176624697,-0.292578026375972,-0.291914399318414,0.102560945547066,-0.536680579703816,-0.0747518700614425,-0.104626755388112,-0.051221322756752,0.0735556654242154,0.0737439536317402,-0.0895564264207692,-0.156139316177593,-0.255246924791462,-0.400994109928254,-0.215217027338544,0.0810050905598584,-0.25533744243194,-0.0633241895946224,-0.11314830771967,-0.248219837554057,0.246578024425279,-0.0650871460537226,0.0695214655934401,-0.146166209827005,-0.0934380075467945,-0.259537446616425,-0.189641659479373,0.0883600463534396,-0.355274026796246,-0.240743494888675,-0.132913537713697,0.235407110837859,0.128301786977386,0.24655390378513,-0.0450659385821779,-0.173672958304,0.108237223274758,-0.0210529440604519,-0.233634289260288,-0.251288131219219,0.120644580585184,0.399136171166057,0.572617161021713,0.224046243748541,-0.222296985464306,-0.301517740213485,0.030505407469272,0.0019932889815626,0.00516071843129527,-0.0090762848153525,-0.0607378851391953,-0.0827885526830148,0.380545242887657,0.309536554979479,0.171276796805803,-0.0587019159253604,-0.315723935481747,0.14598295899039,0.0313441538755207,-0.126276045545111,0.293430301973196,-0.0193379702207831,-0.00398154473870999,0.11574229551061,0.187815016944886,-0.275120138785558,-0.237560407183844,-0.00738809418077499,-0.253930246685793,-0.257550823821402,0.196318352344361,0.216416840230668,-0.0464595258910596,-0.149627989261432,-0.208678470076202,-0.125316807261917,-0.143410912501487,-0.567368899717883,-0.02370842787473,0.342396922851001,0.0244156482107786,0.20886555349481,0.0785139758308188,-0.103971275455937,-0.520710812015401,-0.361529321937911,-0.275761699341624,0.146671644856556,-0.570636294775838,-0.444130419583289,-0.222353631443732,-0.484394764882823,0.207934049417756,-0.0696676738419449,0.306984491751064,-0.0813030663657909,0.0255507804576209,-0.00624646994628142,0.0453989453330729,-0.272431668696272
0.0821434005370244,0.147244742865857,0.126686491845051,-0.13338533857659,-0.117814117779184,-0.0810680212709971,0.0302680939961684,0.031499545733089,-0.075042492716629,0.0570396079294112,-0.0568760339408209,0.00558083976502791,0.0270661685972541,-0.0532186934147545,-0.026042166507967,0.233677766713213,0.041888193767193,0.0877973714754627,-0.180489024100991,-0.120441064997977,0.0379358002685912,-0.0338220380155839,-0.143358591649826,-0.0836092773156296,0.0348013874032628,-0.0519714304134208,-0.063044965047936,-0.145608548316774,-0.182727636727825,-0.104088648340536,-0.152351252150968,0.0759278818525483,-0.0234158182046653,-0.190970689219483,0.100309121715505,-0.0108356829692804,-0.0283080518350122,-0.194452806199565,-0.222859966935203,-0.205720685292452,-0.0749375244535394,0.0632709007246035,-0.0112859592076703,-0.0531645266345199,0.0268870556194708,-0.0248293936589684,-0.115387745991784,0.0726008401048045,-0.0504095950304917,0.113570400879314,-0.0433595569814317,-0.182740834562266,-0.0504874401266811,0.0219486820270081,-0.172390074908299,-0.0270313260317129,-0.0947143183391903,-0.189842749509992,0.184714760609773,-0.0319809433052741,-0.178514897967449,-0.0800655414233865,-0.144328718541628,-0.247377962121846,-0.121819627355632,-0.169763988202603,0.00355444265473832,0.0399338629802765,-0.0324307426133439,-0.0224522716139696,0.129880492282138,-0.0225955142878977,-0.0120566199135076,0.19895614282357,-0.0910864137525597,0.00239466797624486,0.0134627113714211,-0.0743262819731064,0.0598565383055434,-0.0890639981801058,0.00130130086657367,-0.102488238701772,0.0510899143568718,0.0257788921459653,0.103797062400802,0.0212617423618692,-0.0402913658487333,-0.00307108791826874,0.149817615474299,0.0597325444201584,-0.1644017909834,0.0991764606662939,-0.0496769280507814,0.0307962943495065,-0.161869621992629,0.230091432225289,0.114173293808594,0.0624313405520038,0.0350943956378183,-0.0915764606102016,0.0334739772514685,-0.128943180906459,0.0568317147022418,-0.0117382836646205,0.0520169506542619,0.015217898787026,-0.0656015252732152,-0.0655800202780009,-0.0966612499643175,0.0597937192574034,-0.0427088364984073,0.0772560744972001,-0.133269467721651,-0.0274718236616187,-0.0821172850919986,0.0521673823880804,0.0516399640172585,-0.0144487925759637,-0.103628552749924,0.0951871810460771,-0.0303971040876321,-0.0441053502819026,-0.179601099407297,0.0445801066220035,-0.0117078062987164,0.00113162026911506,-0.286912157624166,-0.156562130067483,0.169125626392247,-0.0554557560250209,-0.0451645391012279,-0.0314615497487546,-0.132557280485964,0.0661948532844925,0.113785961257012,0.0515089725025544,0.102623066743902,0.0666707467412415,-0.0250110394703347,-0.0185727644017506,-0.018141132990255,-0.313567318228862,-0.0863083169368584,-0.0649985487447482,-0.0159340356221017,-0.0226657205373776,-0.066028649998046,-0.125024735306648,-0.11220967454373,0.0813300772755005,-0.00586561405156523,-0.0313770162227724,-0.162875707902657,0.0184219850587896,-0.0123850361791303,-0.0292205067301401,-0.0756868972105143,-0.111823973372957,-0.0105773630271356,-0.108763073007077,0.0402991685221921,0.0644232316094112,0.127187170833672,-0.150419878088585,-0.123285356448526,-0.0291090101171971,0.250832061960012,-0.0757022090509356,-0.0538628863260081,0.0175432302395087,-0.00543552542892593,0.128061090573822,-0.00414417561138828,0.083292060228786,0.0498391866120976,0.095057045770825,-0.00507531519780793,0.00438685810895731,0.070768946852315,-0.0822075604537798,0.00739128568609823,0.00950536185000019,-0.115986792439642,-0.191956720120947,-0.191904732194792,-0.0595444503960248,0.0917509919718305,0.112785489759417,0.0698886334811968,0.337101622433073,0.0216339225880913,0.054786899915357,-0.00746140966607083,0.0830503676279469,0.0471699300112654,-0.168930343781482,-0.0717713592554354,-0.00612128578466066,-0.077609716953076,0.0499876828658634,0.108990760144837,0.0930177695777496,0.0668028710846007,0.113305624248306,0.164554761622088,-0.0630133409317014,0.201115897530867,0.0127457306754589,0.113028021430769,-0.0107825600083812,0.119545023759691,0.00293953603496466,-0.213796168326812,-0.0756464453050741,-0.0802128818065044,-0.0995100883609856,-0.0699531564754472,-0.0746822723523692,0.134086714362214,0.0566681544601138,0.156034633551373,-0.260694589988187,-0.18825314412093,-0.00927117178018453,0.0318901026230784,-0.0185070465959256,0.0329997936908401,0.083307936538527,0.0122465123957151,-0.399749060161741,0.0032365067970525,-0.000939071357516193,0.100520190201162,0.0442730030833652,-0.00292373992689397,-0.0612434745383945,0.133438387835023,-0.178029796785304,0.065077456301753,-0.22282207664328,0.093066509075884,-0.0277365111770929,-0.0362790294966586,-0.0705073681048457,0.0790456814248226,-0.0244202257650251,0.130243448447045,-0.0762667311647899,-0.0188904065907663,0.206035120754789,0.0239033082634283,-0.0975857138409813,0.0364592788384616,0.0168027212576939,0.0230664951260105,-0.25785252088766,-0.329656891915582,-0.150582865405214,-0.180812158349397,0.0855450184960817,0.0979793198443761,-0.0672173142740718,-0.0375899548763503,-0.140430625080024,0.0245988333781138,-0.164144402048885,-0.0339912062169183,-0.091274227562211,-0.103389134818816,0.0658733760077915,0.0544216101499412,-0.144761650867204,-0.322793246870151,-0.0356375992240055,-0.137660199706571,0.0545836506772594,-0.112536161616018,-0.0792930414364113,-0.111353549463653,0.118797086654004,0.0575162302339345,0.0730544911728279,0.167472496155361,-0.134877663619683,-0.0575914742287747,-0.0788685722118198,0.0699734524717174,-0.0622576048178461,-0.174747838702047,-0.211065124151092,0.170350614286668,-0.0628645017332206,0.154248854276811,0.0576561999874569,0.012113473307698,0.14587285243597,-0.146861521218143,-0.0160937479069522,-0.105257781472907,-0.102031055157859,-0.0810230011714666,0.260877529178076,-0.0172178495729871,-0.0498745167331273,-0.0612689775000215,-0.176400544351483,-0.138054182503668,0.11310998845312,-0.00618390710312141,0.00655320609651279,-0.0849367573567831,-0.054248521485462,-0.0312122795677863,0.0761077029314785,-0.0767463936406689,-0.122139966544053,-0.0256540590198895,-0.326814000231697,0.0573427524004586,-0.202533742302278,-0.124397982535377,-0.0461377610862856,0.243551066609389,0.137223929113784,-0.03437099991563,0.124789171511419,0.0557494298907602,0.00298843107055649,0.0947549468721737,0.0214634412997642,0.147921393748937,-0.0210751128608154,0.0931313893443358,-0.11428334997404,0.153673022809905,-0.09477016879879,-0.159630419410041,-0.0465657284057128,0.0733601702716788,-0.0295390535800598,0.201036103872234,0.152969629381509,-0.0244235792901442,-0.0187872187566629,-0.0111545895734738,0.0406261177798552,-0.0135806799435542,0.0755755156019576,-0.00885094640983222,0.0395272533965986,-0.0271446014446252,0.153216398622659,-0.0528852923611235,-0.0664837407437296,0.0743138801114505,-0.0616979288416013,0.139787225714018,0.0461733026836235,-0.0338170377195526,0.0196045155076475,-0.0175036059476389,0.262973013290814,-0.0577057769023111,-0.070030228512349,0.0530199593143687,-0.0952129625255613,-0.177897455178412,-0.163731641916591,-0.187372715650737,0.0193579252326589,-0.0420491722392312,-0.0251001988276971,-0.0713721382075943,0.118818843568522,0.122301279207243,0.162502072550653,-0.0484225331601344,-0.0911212315042846,0.097508361009659,-0.00898839283916407,-0.0828550402384644,-0.0171067733031158,-0.1751062615479,-0.19977403440963,-0.140529238241387,-0.0460566393081215,-0.142968208421289,-0.185225416503368,0.0749770439632152,0.199784636738284,0.0462081711917636,0.0225531877617433,-0.0946207406158206,-0.042961967674458,0.0202699254122945,-0.0976868177051373,-0.179929684343937,-0.00292658026818012,0.0105445538945477,0.108463239862608,0.107674692718004,-0.290569089853066,0.112619520543592,0.204680466610494,-0.0979640510775254,-0.119596299033316,0.0250173226840257,0.134733727329649,0.0417358723750035,-0.156101503379485,0.0978595471781506,-0.0881625579027607,-0.0390004303975338,0.0602260052541806,0.0708163623729611,-0.00859724354484424,0.0226460919471089,-0.000823005160591479,-0.130090781615354,-0.0370151183544776,-0.0078158229783171,-0.0109925958511265,0.0142772034387486,0.0343236933724349,-9.06001160542406e-05,0.0289840133608287,0.107037464238536,0.102712616427125,0.084752790311783,0.0531730349704173,0.190216113455943,-0.0112708778252618,0.0343203165088973,-0.0905536246406482,-0.0631660561902826,-0.119768748212555,-0.257458279608364,0.00703795645136929,-0.107479734915814,0.0214511760401193,0.0637623158440409,-0.275984654393775,-0.0498761589491283,0.0935959810819664,-0.186763454538609,0.0485135871725696,-0.219586112178491,0.15795091351216,-0.0684720502043998,0.109879323164923,0.0903393114459032,0.112478834234164,-0.0179515877699039,-0.11288087198813,-0.135498750363844,-0.0180009359530083,-0.0140454657719794,-0.0125337665787964,-0.00373117926915469,0.0172268952841124,-0.082186300107699,0.0845739446765044,-0.187650503981431,0.220284155302523,-0.145294208203215,-0.079112317595889,-0.144287082396181,-0.072812959609089,-0.00148290810504101,-0.0635233131004695,0.00438580003500148,-0.0854008571077992,0.0934011949890105,0.171019953378429,-0.138353202338342,0.100031533287958,0.00800604901352168,-0.011457984364617,0.0338460145179606,0.018954655990537,0.0676168608646634,0.266438410134333,-0.260152009025167,0.0284183719215067,-0.229226953006463,-0.0578436048760326,0.19185034697249,0.135257441561667,-0.0101979213656696,0.204459046229436,-0.000143089126033669,0.012592859991931,-0.0590733037741609,0.100653627396904,0.0912631524999502,-0.0402557898072245,0.0177814789928005,0.112088713246718,0.0868689161188144,0.173563709286131,-0.0271125864685846,0.124222151615029,-0.0673789647992777,-0.0168695299266311,-0.0557136364151839,-0.111097439957907,0.00879529097403315,0.191877448448333,-0.057292615288132,-0.0133758748855345,0.11704772666765,0.0212278697753922,0.0800728278121938,-0.0888952348802211,0.0254730407032464,0.0215482357265618,0.0823795797660602,-0.0537508173727398,-0.0910953012990677,0.112931391564006,0.0996042497606874,-0.0565271005192854,-0.0287883919156875,-0.143057095205652,-0.0244737008128321,0.116414097781915,0.147852613517422,-0.180041259047421,-0.000196038194463963,0.25720848029012,0.0100061381323724,0.149013851294046,0.0250998183317935,-0.112676891146436,-0.00357195198164247,0.0435641398019661,-0.0741883535540958,0.241170320989181,0.00352951755379551,-0.0416802006914428,-0.00705956439498399,-0.00804889306424167,0.311405423910403,0.0694605924813109,-0.183013052677393,0.154530412393602,0.0786956473706428,-0.0538012724797486,-0.0650280761885715,0.0500064893049816,-0.0319220299985598,-0.0915964108638451,-0.186190668411736,-0.202850475084047,-0.0182905368073805,0.199816939691084,-0.170076170047797,0.0539021727375941,-0.00651116268825027,0.0696789457253497,-0.0283434842393024,0.0935095673519773,-0.0208010675832758,-0.0935527075621228,-0.112645664661145,0.0627567503474536,0.00891854698529577,0.031156687508704,0.0825803680003156,-0.0384325327502733,-0.0430982870665712,-0.0877347388913446,-0.111753254822216,-0.052334164240581,0.0712883492132239,0.278621753434785,-0.00964594010284677,0.108223563267639,-0.070065598896216,0.160405784010925,-0.0251644953981863,-0.0482785522384463,-0.111706662759805,-0.0352859007563168,0.104509894599382,0.012790490878148,-0.108115452626532,-0.0240125567655845,0.079924313437113,0.157122016671822,-0.0337381313242249,0.0141884536795871,0.0370465023064201,-0.00676534787840804,0.0178602699481443,0.0354260770417499,-0.071051525591303,0.0931947865655796,-0.0863233193422962,0.0601859156336857,0.032544878980347,0.0337649212538963,-0.0503727649967758,-0.00284957327562411,-0.0317931518501899,-0.0334663063732836,0.113396224129094,0.112723957163019,-0.0861295752755335,0.0340004217064695,-0.0768097513421746,0.0673287819335732,-0.0445054381813712,0.0117168303933985,0.179856163157694,-0.0602705265891854,0.199738913967958,0.18980829607288,0.0976627441582844,-0.0497540469989739,-0.0612218918205701,-0.0576892749838786,0.159986406586315,-0.0385615310468298,0.0496421927677394,-0.0086274974931968,-0.0681838983184472,0.0839863520928326,0.0905231466346041,0.139920840754662,0.221170626600224,0.0722706904813057,0.00323649263845335,-0.198933356870101,0.0025038339196859,0.0318025527281847,-0.0205254889325886,0.0738137499359218,-0.0661051822720155,0.0357892659557082,-0.128134788012294,-0.127862545515616,-0.088520809886391,0.00661955563877605,0.0920917342166625,0.111230657161991,0.207138258235459,0.0698955951705965,0.0348202312492685,-0.0789459493581734,0.130117218429401,-0.208981584619254,0.0972081535372979,0.0146673849007438,-0.113886322291926,-0.274456004950271,0.153312009364733,0.0540599191093295,-0.0219905649428972,-0.306533687358581,-0.0451950283814559,-0.197816001047045,0.0884495041868612,-0.0569517850495325,0.0908213688644191,-0.062469132122332,0.133140571442541,0.0685549118955099,-0.0721568823082279,-0.0409712862157313,-0.0527981803807345,-0.0419779442552109,0.144205966224686,0.133833062865332,-0.0191105515178626,-0.0905622863982814,-0.0215618070968593,-0.0830888768108724,-0.189137671447822,0.177890651436015,0.28340166295318,0.0497306129209745,0.271642895066613,-0.0556742458233374,0.102989393442906,0.0227332801864107,-0.0216331358675213,-0.00266972039428687,0.0056353631858505,0.00982758249044664,-0.165091132974216,-0.0224084722605057,0.094855986797342,-0.0470516812783518,0.0763311215549816,-0.0785826315294391,0.0864535645448129,-0.0947169939542725,0.0719107366260153,-0.0325570329294252,-0.0671141378520998,-0.118986958521879,0.178542584101847,0.0899113406888746,0.0964523294418018,0.10363812707385,-0.0109218899053166,0.0459564161883922,-0.0584881920583177,0.0100616698634835,-0.212549186552539,-0.0129272503358326,-0.00381674990481868,0.169171730443882,-0.0523804214642821,0.0347291972959594,0.0183268109618406,0.0302843542127975,0.0194493504520999,-0.0505608688235945,-0.130267753741542,0.0862699276776554,-0.119937298704243,0.110029041527001,-0.0555458371192499,-0.0188977548057699,-0.0641466340550181,0.123852996400601,-0.108661245717148,0.158966920351421,0.139540874503148,0.047114374819876,-0.0596613348896552,0.0317956235653689,0.087543283857839,-0.00503534900108487,0.192139916660734,-0.15723832595352,0.155711552522095,0.0112767396821298,-0.0109868785899653,0.134265321107237,0.25378681709731,0.0274273811964886,-0.0633745683733365,-0.0281298520171948,-0.0701320896287583,-0.0184652687476773,0.177838542752953,0.137943974501709,-0.0668490107091087,0.104688743564175,-0.188664375530855,0.0665421997889842,0.0128944252691811,-0.163843705287138,-0.0835510342629748,0.101674787858097,0.0695223517280267,-0.00901506108536521,-0.0308352739620603,-0.0663866346518708,-0.140799429051278,0.00157936769563514,0.0675104319465674,-0.0482527930891155,0.00743478083386061,-0.0964848369817342
-0.257990842547033,0.0854104655843374,-0.00370774519511426,-0.14655760904892,-0.236609409163518,0.209465715923055,-0.0127028702115908,-0.0727489884977312,0.0570807763817126,-0.0310670207418564,0.055551723766585,0.0235389791667021,-0.00101242043928772,0.023515847069237,0.181189877611525,0.0611495921034024,-0.0564908808719111,0.0479631710749085,0.0156041084168637,0.124341694349784,-0.0687618771315036,0.0147805542374294,0.0596238373158535,0.0118011088542223,0.24029088234647,-0.0138003720099726,0.024247617669012,0.117439095570643,0.225210012004938,0.0232356828426461,0.000370243168983486,-0.0333766074320913,-0.0838850079758136,-0.0894315758623131,-0.0338707977495578,0.00666962598166496,-0.0355579324068991,0.129837552194729,0.196919156747187,-0.119339243291383,0.121480681245652,0.0974479404939755,-0.139648844118693,0.137050659768741,0.0463067269986619,-0.132875420239177,0.229740655260686,0.118253333609836,0.0447709703581027,-0.192047555027132,-0.119553596140894,0.0218980672513092,-0.0533618373356392,0.101079750933182,0.116083566730628,0.10323101244964,0.101005994646809,0.214825422690418,0.198267442442215,-0.176154801614998,0.115482374629697,-0.0210618154909191,0.033573733534921,0.0720478841268616,-0.0762126736647261,0.0784673488955192,0.0520642335833221,-0.0147166647425402,0.000710009891328502,-0.0149122718860879,0.236543634747195,0.0361814021972288,-0.00136594544865581,-0.0851638848387863,-0.0383052989916398,0.0202217791042927,-0.047987464796531,-0.143737313531243,0.0561488838895099,0.149009424887396,-0.0589550513828089,0.235112765335945,-0.0808734075749095,-0.165696253874335,-0.026982049059002,0.00230275734516493,-0.20908198299413,-0.252766497140416,0.0294961541469541,-0.0610522668596126,0.191052470941959,0.0898386712934895,-0.0767786727780571,-0.164356728834509,-0.0795823273934152,0.0224509187229223,0.0369193943758993,-0.0164740218448274,-0.0536281263639399,0.0742712308125823,-0.0177192520400247,0.119285597719842,0.00284399219737832,-0.0396579828658937,-0.17064352853179,0.0991425000062152,0.156135764707768,0.240096598404236,0.232955332869906,-0.0148376358692066,-0.0328413239894746,-0.0482850569642784,-0.00029361931612429,-0.0509355004574145,-0.0427786892862127,-0.189697934875995,-0.117180719003028,-0.177702607260824,0.0144428631534032,0.0039854185769658,-0.00746635697192759,0.100939904067649,-0.0861849650996467,0.113925519267823,0.0832981570705074,-0.0479091728442479,0.0216260427192858,0.0290302123160023,-0.050440267913752,0.147546687043729,0.232183269223178,-0.0977682783631486,0.185875099528229,-0.14934394899405,0.0703303223381127,0.107722315499955,0.0059425206054998,-0.130489025717509,0.0626729808404509,0.0458318872461589,-0.135180935460343,0.13352396169276,0.166926633683646,-0.0201897155967542,-0.146611314704099,0.0812610964521773,-0.130613398811444,0.0915838486891431,-0.0628009684834553,0.104902038896157,0.128785576548635,-0.0719006495450596,-0.0863553414128364,-0.0621139083313716,0.0375546191423063,-0.0316354843257255,0.0259025266487076,-0.117470074877702,0.0286421186389366,0.122365389586234,-0.184773486974825,-0.0104174906080096,0.215701487643701,0.0220616889994959,-0.0189482846600584,-0.104590589458971,-0.0924827689614648,0.260961950147998,-0.00181544267063303,-0.0376277262681147,-0.0296251424568086,-0.0699478487851517,-0.0576107605906266,-0.118518413696736,-0.112916540640258,0.1407470052902,0.0724413355927103,-0.038985507980802,-0.0344486015325382,0.221735089445254,0.198666759806184,-0.161277817732081,0.0248180330762971,0.0272652478148463,0.0981185144491449,0.0570268669709855,-0.0521830150417638,-0.0798431811322591,-0.0490587485672192,-0.189326380892902,0.0633716591970157,0.0320003391899708,0.0662235688612148,-0.257228156522025,-0.129430296498047,0.276711224688204,-0.0798681808312771,0.000326488889406206,0.118892505920516,0.0140521774029471,0.0767012810270661,0.173182170823255,-0.046494796362355,0.158622259653205,-0.152471712311738,0.0377480916275496,-0.231750311916114,-0.228874995286598,-0.0532415102983699,0.0448592508748837,-0.140931495976608,0.0660690727874916,0.216734903165094,0.125924495707452,0.0579552098609321,-0.038706543204765,-0.016018240538231,-0.0203764912758016,-0.140402145621961,-0.137311757451881,0.166763210900083,-0.0107942697670436,-0.0439755567124005,0.219992010605562,0.111073338947271,-0.00194615714726207,0.208350336875954,0.00604477840736547,0.00949086468121667,0.0324788052107012,0.0448561943849897,0.0939610729429519,-0.275345603337359,-0.313387526581457,-0.0387834489044028,0.0741755067767225,-0.0425141825166881,0.16247673639386,0.124144225854883,-0.0256726594768567,-0.00942491682194242,0.086767312984041,0.0220336386017699,-0.120111219316137,-0.190861940418171,0.0141327978067245,-0.158147100554728,0.0776935289358553,-0.0671434621583266,-0.0629873351407334,-0.0549403182485482,-0.144589348216015,-0.0661374677528613,-0.0082690665080232,0.0232587527747985,-0.0124661322810106,0.0735153540393254,0.00157232023451281,0.254434475819924,0.140898121419842,-0.135054082694645,-0.103552271849556,-0.31938543116321,-0.0151076144619602,0.11201029381514,-0.0987970226227495,0.115808104412101,0.0229573887284425,0.0717599620120715,0.0693108814272897,0.150973520271626,0.121104712703123,0.160838568726131,0.0791642793345779,0.0419122000376471,-0.00510832929961154,0.000465470132394124,-0.00986870464147918,-0.0138555081720531,-0.00814973912140636,-0.0584522175962778,-0.0585171029139992,0.0656726883343573,0.0692375500515484,0.176216571657334,0.108876633835534,-0.0722979654111871,0.0783047522275754,0.163733450099815,0.329090944128071,0.0320943124551859,0.0168384332729189,-0.0204770371228639,-0.154607359651602,-0.206716876304221,-0.0566014580985861,0.00638008594257766,-0.0572251259330935,0.0710080480327171,-0.0312556260653644,0.0550569701401842,0.0437698890987466,0.129574552719218,0.00816802661248706,-0.0099622275467856,-0.079652435419644,0.202657656508601,0.26328644340943,-0.120916453994166,0.0780011628208012,-0.0649134899758192,-0.0753067714810924,-0.00456559961364098,0.119355528014548,0.0454100645305139,-0.0218403277471873,0.0237772501384443,-0.169501806276516,0.0394011683238467,0.0224812541313567,0.0129258910485008,-0.135558373620152,0.127234115135634,-0.203210240165232,-0.0285761820378699,0.165430702367418,0.0359684936726828,-0.0531731048138094,0.101468870625543,-0.143922201538319,0.0407457366591494,-0.0439013322991095,0.0170495463914467,-0.0620164180203537,0.226988284920074,-0.00583728735275276,0.0364193990793239,-0.0120736469112564,-0.0341349545122374,-0.19834967568299,-0.0839730909003832,0.0314012385647437,-0.021762975944017,0.0986200866864585,0.0738472558355925,-0.0718095955932307,-0.0250088364972454,-0.0274156370124312,0.208664813655202,0.0235158844663735,0.224880287248194,0.0450191748807134,0.131710299574058,-0.316909351091508,-0.0801851263663127,-0.224584853118463,0.0166493247686389,-0.154837853366469,-0.104043228866151,-0.0123506662859953,-0.00899204831238458,0.0943624855929683,0.0531883432217242,0.0869884307365732,-0.0195936457864307,0.0634759696479089,0.0738581367739373,0.00196974357292105,0.158180722523647,-0.0379526170878449,-0.0491318171754984,0.202360377323293,-0.0523098134243809,-0.0211641131567545,-0.173645060265149,-0.0157766910862017,-0.0163605661353803,-0.341444937692619,-0.124154031407103,-0.116944462652217,0.0180565389250368,0.0390768465400915,0.263125899561449,0.0184129121887511,0.108995115674868,-0.0597708843237853,0.0129036398871248,0.117455512623201,0.120385184283734,-0.0701932435347766,0.0883498098842048,0.158613682442325,-0.137544459332867,0.184164264841082,-0.0810061660104332,0.220414365554411,0.249079024345914,-0.00733145445178476,0.0600685335841818,-0.0109578040216989,0.162599505814908,-0.0778062646821347,0.0807961248629293,0.0486629015187858,-0.062522358622493,-0.0386119580793937,0.103256481438523,0.166627701944417,-0.00647726481590639,0.236317087321444,0.0294221252117254,0.0188210942157067,-0.0764595635549754,-0.0208703469944472,0.0679179480587623,-0.156044396706375,-0.0340912864874967,0.192084260483112,0.00468748032179121,-0.0614738446343635,-0.0698095143877943,0.00702216883102769,-0.133112210907893,0.0299797381748769,-0.0249548143909071,0.0746660421644786,-0.211122494853902,-0.17779053443624,-0.0342308807312363,-0.0160245303680008,-0.311446439311054,0.0457715729722054,-0.033984130317985,0.290645688733888,0.0817047394271123,-0.231570438927144,0.0244727231421027,-0.0496876628014917,0.0311973897449431,0.426349698741105,0.0602744217228695,-0.0460028542675111,0.14324155535612,0.0588288660916867,0.132366562504184,-0.0333296869640171,0.0306399115555041,-0.146041361723962,-0.093680717968446,-0.0175020382335413,0.249256108397544,-0.113106139805464,0.0176934992045147,0.091005892899943,0.0667441474441096,-6.31188329675847e-05,-0.282561189502003,-0.126957540195679,0.0753127202155788,0.109641567896607,0.0458079824989155,0.0473771895539152,-0.0681184628608394,-0.139485444182404,-0.0723387241491035,-0.187225787827426,0.0211544481927032,-0.0150035416736919,0.0266910275287126,-0.0612391060937867,0.0598465510923377,0.00580227548650043,0.0650261042915557,-0.0171120195353679,-0.00764996917127386,0.0509672765521486,0.00555214141450226,0.0406269889069334,-0.0205499031157241,-0.116411748944872,0.03116255020659,0.0631809328868432,-0.084035956984827,0.0899248020201634,0.234187966393581,0.240205948821808,-0.349303430343844,0.0176646673051219,0.0104112584347848,-0.0978078342965711,-0.120739823794049,0.0838234830481294,-0.0446112970496878,-0.144524908369853,0.0403614029312026,-0.102716624879361,-0.0864003433343736,0.00163787522188695,0.0724868962513605,-0.0424546997005059,0.0619469450000886,-0.292841792805772,-0.0492754730391183,-0.023594511797485,0.0997222307862263,0.0422162785672525,0.151225093174833,-0.0552245748893875,-0.0413549727528877,0.102598834896501,0.103381014073478,-0.133797611725251,0.0861142848176852,-0.211532041327528,0.0289606359946077,-0.0993858196178575,-0.0551172597324952,0.0633281744674866,-0.145733217090931,0.145177475871784,-0.014033236008202,-0.0788455788160826,0.0971444145779704,-0.0488030984498927,-0.0278648759858926,0.219767059930217,-0.0697835878631908,-0.195711864932938,-0.0938226183028526,0.0512898159761782,0.136771537070126,-0.239188028874332,-0.121452325258412,0.0276728773833183,0.129709733221553,-0.194541904694664,0.213275593631796,0.101685044773919,0.191287171655736,0.165453667332312,0.0934707343504282,0.0566898889800346,-0.217170380502109,-0.0142113612701169,0.0151074904855442,0.0166117774098631,0.0811587575695258,0.0628674064322774,-0.00448619348289671,-0.0570277636207298,0.158630530804159,0.121317155796616,0.0136932764656582,0.0998636553518341,0.227411472796167,-0.07550362593339,-0.0563735752480602,-0.158605357466186,-0.166982347750442,0.0494620176487041,0.0897933214401332,0.0605365461572269,0.151685284702712,0.235647339141962,0.19606971918162,0.204391045916255,0.0107361157593025,-0.0912311930063144,-0.139243289807047,-0.0277005963723578,0.0846292907258483,-0.0086507752742048,-0.0254532113231991,-0.0344464641805169,0.0765097838629537,-0.30816282802706,-0.116256861890013,0.00759165905237033,0.0928253959265082,0.0885553622356217,-0.0294206351115146,0.0339335496127148,0.181675281016274,0.0202086526662511,-0.11046794103317,-0.0462560156750857,0.00434611409004905,0.0236645590273229,-0.135530970425454,-0.216520933161888,-0.014147887636718,0.0424220499485584,0.0891618012438608,-0.0260923530438989,0.0379371000022961,-0.169563071827321,0.191676095512832,0.138902593107865,0.201488307358349,0.00952047527266377,-0.0186839858849309,-0.00157471745825203,-0.19347018592233,-0.203244680718332,0.0843163706274235,-0.0587810454810985,-0.0573813685146209,-0.0272754881402111,-0.119430922221714,0.0115237614834322,-0.0222666930986431,-0.0055350268387105,0.0470016916931641,0.132295854725776,0.0490674868483915,0.00845425241335278,-0.123220372292735,-0.0939418118631989,-0.0474555354601432,-0.21140613303069,0.0778882068959208,-0.0189931137071489,-0.252843046788166,0.119909288853758,-0.121821309856032,0.230383421007219,-0.0273162644011126,0.0770047081586218,-0.213658269891839,-0.0182361554044696,-0.0868174869372361,0.0473572322714568,0.0822334859848868,-0.20857964153545,0.0538302804979003,0.120321081025685,-0.0967263377851722,0.0102230789333516,-0.171574753549684,0.0743300007947663,0.228425828619738,0.094595329224349,-0.0528613370789319,-0.0147852690399026,-0.0931952356974552,0.185048345216384,0.106199562864226,-0.100811419087257,-0.0409999971954247,0.177553153723026,0.200111684343359,0.116216036830069,0.137789902795526,-0.108444803068271,-0.0685357720383822,0.0141094855805184,0.0252491599118438,-0.150955612492852,0.279277019069638,0.0167172962900316,-0.00328014622277889,0.246679134445672,0.0261344389264936,0.00833038421508671,-0.166362562908119,0.133229947408515,-0.101968561208156,0.128120728262502,-0.055121863508175,-0.0988938544350721,-0.0109062912547676,-0.0734529570166413,-0.101453478650172,-0.096969246053023,-0.0629269938397904,0.154139054361235,-0.126261706501558,0.193348248521623,0.0497331184180432,0.208027687225861,-0.0423848246811319,-0.0500898978270014,0.0173981346454225,-0.131070698088641,0.0754914340037931,0.179801685090515,-0.0897983838760477,-0.348424067273646,-0.0639659137291773,-0.172176797952265,0.0146657543215117,-0.236816481989474,0.0340278491183149,0.00901055022673954,-0.0656952798217223,0.0400087762309491,-0.210885719802816,-0.0974428635842367,-0.161487506264246,0.074829875204749,0.0176412822305109,0.087922674331998,-0.21576312408334,0.0279653655815476,0.115085370353181,-0.079078606252318,-0.193877638028362,0.0669808782001285,0.210996878923696,0.0184598765559303,0.294110599015104,0.186879232570726,0.058222142117044,-0.226019492371167,0.00654016015903341,0.20691725367189,-0.0798134259527151,-0.0517640758734606,-0.151488023243003,0.187099992255414,0.156394467519598,0.0268746838517983,0.173750259948369,-0.0767282713860262,0.0185178677818766,0.148706427164248,-0.0350683500275547,-0.0637659754073394,-0.0291714979047431,0.015401456571898,0.120649047666778,0.0342082187542775,-0.0298242133637302,0.00646291675454226,-0.0474201727066491,0.125720694247164,-0.0034378738211984,-0.16600982779405,-0.0545709479755743,0.0906805742873354,0.0441632801044615,-0.223863316895471,0.0341097379617349,0.157881179651798,0.0590278491152066,-0.0848400260731159,0.215678985673631,0.132646956374653,0.0943019807132932,0.0480206256245074,-0.061933112587494,0.125991070728516,0.0449679670380629,-0.302431645830675,-0.138654928013453,-0.00407077368142788,-0.133255140389694,-0.0264479451046837,-0.145870668632359,-0.0704480382373555,0.119900677220951,0.0712413657873734,0.105843068310916,0.0669446900755955,0.0798786238397309,-0.0413672221439068,-0.0229796231478411,-0.0647674970535451
-0.420715517913402,-0.21972410271381,-0.233026334054129,0.162493761664656,-0.402033064327895,0.183050700879578,-0.249283917775793,-0.0242065957502375,0.224315012278513,-0.0235999160481215,-0.00914635842162884,0.0070592029466288,0.219667912687496,0.178501905080253,0.465397649947872,0.203758913125568,-0.13959659181555,-0.107758479093092,0.426279705459722,-0.143251594003098,-0.285159430564586,-0.0715761925731324,0.175044669588284,0.214971763248111,0.292272300621406,0.298290291303902,0.224911814140144,0.490119623178636,0.861971945791854,0.0868790498995238,0.480377283258227,-0.548645609933616,-0.467127572550242,0.256048069888326,-0.282798523948876,0.26496087220192,0.834904027838856,0.385946244707995,0.412120235124765,0.638676636321139,0.182272382966123,0.404752910405197,-0.218291072644595,0.305869850003774,0.312601138173269,0.17483091906861,0.731727865667238,0.279621095010793,0.180535995271584,-0.0316937280844512,0.627832365299741,-0.129663433157351,0.130698516850492,0.0654391988769369,0.164507191632533,0.511451427170004,0.536468160770585,0.838809387414461,0.332466575540647,0.323329293134167,0.72686753366352,0.359658807743217,0.211683147135914,-0.0748696774879568,0.0774738236150748,0.631609179172085,0.0370637127582093,0.229358131527769,-0.141486682658094,-0.242486552329459,-0.0843498208610973,-0.307673720156342,0.331514490856587,0.00729507827554417,-0.176983889841024,0.0825977197522064,-0.030936666951387,-0.355530217143623,0.0128854116544889,0.0240211222663922,0.109672359027569,0.367176420229175,0.145286886459885,0.0376730346999323,-0.374720137165644,-0.0586751049451947,-0.24691074887476,-0.127848863597621,0.109685515167772,-0.0575847342122687,0.730316738466409,0.265125054246144,-0.378228163793243,-0.487660388056764,-0.121586909298983,-0.161059339225561,-0.08176484432968,-0.634759162000299,-0.30556787887284,0.382593279567111,0.0921980141581678,0.20853164523554,-0.0833326320084306,-0.0434915591515746,0.0561624031315442,0.346164188396705,0.494157915536515,0.669336366663905,0.357561900929223,-0.0386350924179389,-0.137002037482028,-0.560007899652593,0.0954590116546971,0.0160756456825948,0.00894794510479764,-0.457870297083472,-0.439407222415847,-0.19446561225469,-0.0994199819494863,-0.489715164198254,-0.712797944487397,-0.0960123495393787,0.364557669007222,0.454137364632076,-0.0694567925086435,0.0485110961845022,-0.094883569397599,-0.325415914375294,-0.164574510739252,-0.0624799102929377,0.734200300941493,-0.060424523232818,0.140251751963276,-0.102853698799549,0.0326628228305669,-0.303563160333492,-0.0926239784623073,-0.0352352905863627,0.453599610757038,0.331363369166446,0.359846218085651,0.56824054328378,0.579435838042953,0.212206726423384,-0.212305073046547,0.292815540994881,0.445447176999061,0.197036633831495,0.344638164429509,0.190428800523132,0.252598462005701,0.0223545508730742,0.0783511957693612,-0.123908555981939,0.018716990529142,-0.317694871442978,0.104397678492004,0.026311168331927,-0.0259487899079407,0.234393349263837,0.0259782934106428,0.0385221552182658,0.507583777848281,-0.0755203070929769,0.00168194905862551,0.204780803809857,-0.101049199701577,0.50376085391303,-0.0391156578755114,-0.575602339877419,-0.189693760858537,-0.521612752452775,-0.330735167422173,-0.322763731721723,-0.467232943795498,0.105945652507858,-0.0320258190613845,0.142366250530661,-0.00265629603991226,0.174065763198305,-0.0770918535247142,-0.387048820369097,-0.0905076034247275,0.26068076062506,0.214435863390025,-0.00547816290023441,-0.143898978714934,0.20804661372424,-0.684685965124614,-0.321856653409986,-0.364647786735539,-0.180734421811989,0.00403366674104553,-0.45367886799246,-0.529137451839754,0.376577538108862,0.065601632390861,0.134255394832676,-0.462952029562035,0.266011083091819,0.142675862294198,-0.146807438108195,0.261591452464401,0.173509535091201,-0.489187036081573,-0.10510158904022,-0.249078694543436,-0.608259987500396,-0.100849383669612,-0.0855491738474637,-0.16903612472958,0.255609396101288,1.00023755756895,0.429580461719933,0.521885260825198,0.119583772942775,0.110400128159373,0.250071323625032,-0.136216256659498,0.119809651469862,0.339005536480648,0.0680489744300732,0.116354582547748,0.441059604492961,0.784164739776492,-0.0522997433057121,0.22306313850909,-0.27475361889779,0.237322324312653,0.178381543124154,-0.191379919036042,-0.0449046024665102,0.0412357549496866,-0.824153572793918,-0.304601863875606,0.135410430470214,0.154586207102138,0.107144769592676,0.459101789260552,0.522776688522216,0.192477791076592,0.215570660686774,-0.147553781406154,-0.237643223540796,-0.389800464919251,-0.0924871413471535,-0.415729128655623,0.052091119950561,0.0703582090796558,-0.0188928469426408,0.10292717308968,-0.516733783087874,-0.352115892198782,0.17980213143784,0.014880914888568,0.170507252482989,0.416527611425516,0.565959716055555,0.644610437125346,0.399698037223282,-0.358495185651773,-0.10631241744446,-0.586492276557406,-0.292414586267984,0.219005295900206,0.0637206562114037,-0.051323621416629,-0.19577887368763,0.371747254137027,0.0107678339228331,0.903609634738032,0.740793804913814,0.131808078506885,0.540858272373896,-0.11810339946869,-0.0446865193236558,-0.013132115909402,-0.369428147495515,-0.0723697164566962,-0.523681588827926,-0.552699852206202,-0.56475748652113,-0.243638411279197,0.154218685378104,0.369800913138228,0.184176579782652,-0.170231765994067,-0.036308930965038,0.283767444746922,0.396031269674193,0.43028845320913,-0.247486812345627,-0.522629776337763,-0.591919657279361,-0.308260186369883,-0.0592704632255187,0.364163126995242,0.0293808531085681,0.125397180397304,-0.158658383705685,0.181710807887746,-0.0439655724405638,0.393729839488609,0.598703611413704,0.0885442808408556,0.981241331418753,0.566286614689722,0.440236216982822,0.00704930384499563,0.234382751536298,0.177771362941499,-0.0674203301321747,-0.0513691757021106,-0.267614050265033,0.298511283887797,0.331850204357397,0.228565487688414,0.18650975623164,0.180340222433164,-0.0508783166492118,0.0773412392015559,-0.141836442759614,-0.3292943919157,-0.655642148324703,-0.63033214461588,-0.15512699258838,-0.225204136766085,-0.170809718935942,0.14254129319226,-0.149974906241857,-0.0690771908689151,-0.0804318921875139,-0.395342149043337,0.0840036512327369,0.233766161858789,0.00878988723363399,0.338497866053743,0.277602774889804,0.298640873809174,-0.286421231200454,-0.234820676979844,-0.018159595339403,0.0257148436277978,0.301405152270435,0.00966364183197134,-0.36900243044805,0.0264085915516327,0.112804513849337,0.44819734169196,-0.226269860521295,-0.0752221351351522,0.521511309479802,-0.0575888761355623,-0.213119130246901,-0.691660663046859,-0.523290151950098,-0.614301538268282,0.0624946300780294,-0.33942787998573,0.00720685082686912,-0.36970955109906,-0.226071450204304,0.495565862863331,0.41933299884657,0.0911741084729333,0.494384298881662,0.167166453089437,0.484530714679061,0.221351816188302,-0.103794893852287,-0.0143452041442085,0.465058698538794,-0.0710532287602581,-0.418007665890061,-0.23243276398419,-0.208786477070705,0.0387350439873011,-0.449041285983992,-0.23599471079289,0.082969969415004,0.283874889424406,0.457429273623107,0.473706398085313,0.410403552447241,0.612514798352232,-0.0858637020814129,0.0645907084201787,0.391347471346696,0.174733917764,0.120536090051371,0.153659111491479,0.40071844903025,0.0433733929037698,0.434560204652072,0.207312643537196,0.595507268718937,0.494653223610373,-0.0264373867214665,-0.0620507314985846,0.0829279740655275,0.400401755419957,0.324735188848502,-0.0738402401680931,0.174289982406331,0.233606987069327,-0.0560555056655993,-0.400543325881673,-0.142167068578365,-0.200452020938019,0.477121678853973,0.750457972181829,0.447140436712121,0.256885797272799,-0.0916947597942827,0.000682992389907947,0.121565739018944,0.221651387354185,0.232437784658726,-0.0944780826984312,-0.0639435813926567,-0.203485546647294,-0.271296682277833,-0.540115223861522,0.32293453292357,0.0135913749783209,-0.142960791925438,-0.0208523839247998,-0.284435420281189,-0.510516946874938,0.175995811719282,-0.396758354474856,-0.218797591384648,0.131563374974089,0.381313966502188,0.102074663416248,-0.104852391359613,-0.0477621040426804,0.0678883401740644,0.420063438638831,0.647210157341342,0.0165980969370046,0.385108555046744,0.479261560316244,0.169506711394481,0.0287200427414466,-0.346897881880644,-0.290894766431667,0.115642092553396,-0.21515337457063,-0.0331881283946102,0.630955306181629,0.312218988207683,0.453193006341299,0.0559867373778051,-0.210405671566606,-0.354887525247955,-0.460885063189329,-0.21919257213582,-0.0283542927276693,0.350813713809355,0.299787618054362,-0.0304526659628182,0.256964654610984,-0.213498113121628,-0.176730054003237,-0.443624335713017,0.208843130743493,0.171504019979884,0.318192313721371,0.327642048242583,0.247755838172161,0.0726526570276017,0.0599468058335289,-0.166020190241711,-0.311586531006524,0.0635961123832047,-0.359217231218785,-0.059150366298822,-0.318747991716993,-0.270754657062954,0.36715999877001,-0.181444434404507,0.0619279753547602,0.189443748257183,0.260903264023797,0.746772434689411,-0.787553681126973,-0.0676925162344954,-0.132766484923092,-0.156325441102603,-0.338968235591461,-0.274859311891155,-0.0985765417453532,-0.24587648736086,-0.411918072978483,-0.340740012893922,0.0668334028980803,-0.166826531391941,0.279983209870644,-0.00338569206933716,-0.160291157314056,-0.791601013731683,0.306785150713319,-0.204287431977053,-0.34519615814563,-0.103461698213153,0.462056214742994,-0.220663253767011,0.1230677147037,0.282573161635088,0.62302622791429,0.0268631668322246,0.339911342855069,-0.271389139974357,0.457554686219263,-0.184128302749509,-0.0451139570147473,0.145724362147602,-0.143634796566797,-0.0732684492141486,-0.2883964087527,0.0789001586775056,0.435809559399306,0.205656409056859,0.026558801494397,0.00402802399183868,-0.270246505052607,0.0874028727559256,-0.231662830828284,-0.184092210977935,0.06365553824658,-0.981599656827146,-0.370079145030759,0.282268390252682,0.218394571688172,-0.333816897044999,0.0596474958060142,-0.224070140907726,0.400604643447558,0.604653663643655,0.5022294252056,0.0907663881376412,-0.314282923914812,-0.114456332882254,0.136993760840795,0.364336316887563,0.444385014358556,0.343707800557263,-0.122382634119822,0.388354395941242,0.110125949085258,0.606690714307346,0.682493959339188,0.168146200885809,0.243249243003184,0.272731221398208,-0.0519012076435227,-0.540478089520099,-0.193351932657789,-0.154728260849581,0.065467034552621,0.08513589025721,0.0517403683251072,0.967214115378524,0.616106084073625,0.399081726075048,0.00956509596690234,0.144839810623796,-0.274834318037307,0.122948940303266,-0.10407591967133,0.156381706909118,-0.278449451011748,0.14119771757459,0.238158117621125,-0.495218423133241,-0.308490347559903,-0.4142858182085,-0.0354383213012586,0.315988523219795,0.019443081911892,-0.348930424228121,-0.469129291215756,-0.0177958642506474,0.0188961395945898,0.23731953180408,-0.231699615486577,-0.313716933296946,0.24668537357498,0.0375181473207888,0.0730012649936561,-0.0570574012494906,-0.0923095517488075,0.28399750891243,-0.211982615728807,0.0457950289422459,0.669826365823912,0.599854471615891,0.401057464987079,0.580535088564885,0.310176040840547,-0.23470680701277,-0.162608204144205,-0.140420184280889,-0.415724462783172,-0.428259121336541,-0.0599777436973002,-0.140695017152915,0.056642936946132,0.0297913461425598,0.407840144600731,0.418722822851039,-0.200295734295232,0.0827540430488098,0.048700656674957,0.293211656822355,-0.582898470736938,-0.436029394194307,-0.147703299748755,-0.178697661379462,-0.176659570751836,0.0263090630841779,-0.304078254034047,-0.1470093286211,-0.370738609753766,0.220534139130222,-0.309299921493221,0.0203637029727397,0.28325696637669,-0.0448791074105631,-0.313491638973749,-0.357973269601843,-0.422840043020035,-0.708797183853179,-0.334744481509533,0.265159730211204,-0.00346222300665237,-0.370542181824039,-0.0816055950722196,0.589365662147655,0.692876738864975,0.29430651976431,-0.00578577168558728,0.516331416441525,-0.0861533896188302,-0.0173359349895302,-0.192635437301885,-0.151113640121092,0.118782829256702,0.795499571703751,0.504396590588743,-0.11460382328892,-0.0377434135486446,-0.38772543109685,0.204596172539985,-0.0365225407583572,-0.152356656420501,-0.191659557206049,0.154182370522381,0.407967211309976,0.352176405339162,0.672902049579824,0.0513446046774143,0.17585571549338,-0.300856473169126,-0.219843758106588,-0.0757330757696179,-0.04306272554357,0.242758548976801,-0.237528569586271,-0.4510084332287,0.363280319636781,-0.562173055241159,-0.447530203652472,0.170154459931176,-0.0297692999383939,0.117712635081833,0.216451543502902,-0.188039340870139,-0.36228559975085,-0.565990930652915,-0.460811095191197,-0.488576637418636,0.233947182654387,-0.303111310510222,-0.0774423673995075,-0.216316807482573,-0.459696309735841,-0.0103498799180809,-0.0521172746895179,0.258561944185152,-0.210084646168327,-0.244211983230718,-0.554287212593911,-0.168667204260381,0.0957789100582452,-0.053317357526851,-0.160030242499946,-0.157055863114326,0.447997544296287,0.251010642587319,0.586414809555036,-0.306648232058628,-0.336063432582836,0.303367461735785,-0.102326718961463,-0.0562778037481481,-0.327150450777196,0.202919840835018,0.661775156385086,0.768441717333456,0.190242546579563,-0.0253940110057869,-0.370642118321933,-0.0406279404169292,0.0925586050337346,-0.272251084768747,-0.0850489438655389,-0.364875525939875,-0.146400852909998,0.671813937210525,0.375125007957966,0.204992752756916,0.0718402358568767,-0.388769670815708,-0.115142448145484,0.0167855866911481,-0.364637622329933,0.400382228838074,-0.112533817242854,0.0302902440723992,0.409299160117493,0.252766945082285,-0.569786499314372,-0.147538840204749,0.216360336981913,-0.320749654422294,-0.166189110515271,0.128906102729698,-0.058927827001822,0.154617086609665,-0.0794377305765468,-0.552885066067125,-0.460882111700333,-0.19508119797774,-0.566591083000403,-0.117833186854752,0.492868945155483,0.143121264468822,0.223645224135884,0.101783185654965,-0.0701966494248053,-0.588360759921747,-0.599961312876425,-0.499558260755186,0.135529215337262,-0.456967884903854,-0.826549392000141,-0.284007219748873,-0.520833580439366,0.0578977841988886,0.336263641032992,0.400643400283199,-0.153051077346375,0.00757698974966015,-0.312839087378064,-0.0518906691141058,-0.0658450869217499
0.474490574385835,0.200533143795804,0.273369968243845,-0.235771869328788,0.289429067863632,0.0612057272498898,0.310380842672001,0.282372798049076,-0.265579174476148,0.350089139269005,0.084702991237214,0.00894038503528322,-0.308375615305738,-0.393314270301997,-0.594087793768232,-0.340001605162241,0.167692269310854,0.0608257224136025,-0.524565514350504,-0.0943237342907284,0.466042623504736,0.088155612668512,0.0243930529349448,-0.0953106991744268,-0.389531029937527,-0.715940688250373,-0.206388672779617,-0.230210294662652,-0.927492469971276,-0.531021622673328,-0.656173665000624,0.601242634815802,0.530501737503513,0.0544011534297721,0.0660532109365792,-0.248559672885906,-0.871764954886744,-0.570009795768692,-0.766677416284028,-0.545843495183052,-0.162622697122295,-0.546108681408092,0.479693131648452,-0.0498193005846568,-0.447652941756216,-0.451787065414295,-0.920427724714314,-0.333397606067495,0.226279650118735,0.267212938441524,-0.522095711504406,0.251109207042861,-0.124769231289263,0.349131701183606,-0.536562032978959,-0.704342075256857,-0.679487121275234,-0.767137060566464,-0.228893689478026,-0.510985227915386,-0.844708740666803,-0.410028986811097,-0.258047931468335,-0.075493336221921,-0.199341648827454,-0.695229729830555,0.0036517232404468,-0.132962543269161,0.0973429287772305,0.195528467347978,0.0931540550443306,0.301230377858673,-0.386289041950685,-0.273583888276287,0.110037257741928,0.104482534095578,0.229130389260674,0.312661645868533,0.0633049525985579,-0.228005991897513,0.0661481922485493,-0.376039099868701,-0.178041175013208,0.127213617001597,0.291663402900258,-0.0468369228686698,0.261480444937288,0.267668598557356,-0.0699927718497747,-0.0204167423402434,-0.920628042355444,-0.142038223737251,0.32560235097537,0.818774756871564,-0.0849178223801479,0.244527144416889,0.323041771881155,0.798413489636655,0.416251967092609,-0.573279174449337,-0.196480076080555,-0.0196284140315236,0.287698458348736,0.299077827597579,0.01498938140644,-0.639256558136557,-0.536781146508656,-0.699997368373888,-0.0685728443832814,-0.187245609993027,0.439304000029038,0.332307679769514,0.126797238775236,-0.223358528420881,0.00785540175013017,0.420935504505713,0.423028696787889,0.155110157126977,0.354253552598405,0.73416862287928,0.769732506519475,0.0355275885306796,-0.487640842754402,-0.614376250603592,-0.261255073686696,0.297583274519836,-0.21019997440589,0.275794434626776,0.209251735034442,-0.0963124500865765,-1.04344062946936,0.330087994876423,-0.181042628423087,0.188921722083052,0.275903458996425,0.408415625202252,0.346369941507374,0.127743699311008,-0.449707369287716,-0.508040503556652,-0.575719516220746,-0.725556895802235,-0.905715262569649,0.0952835406726922,0.478102386482954,-0.187346005623431,-0.36638855342913,-0.192144569078569,-0.275871931880886,-0.427855924608496,-0.335088044820193,-0.0995758356085043,-0.257913336883347,0.196968042424819,0.0259170306001298,0.549755816796701,0.0746608686374416,-0.130374209962991,0.0907212558374155,-0.153843111722957,-0.174431463363494,-0.085213996453825,-0.311934448503667,0.164332975952794,-0.152732817683474,-0.231133778950537,0.0491273371655294,-0.704663084128635,-0.0026715682200133,0.539297899575559,0.257743404790803,0.544003264180164,0.660591737911035,0.452810608490259,0.523690977508878,-0.0385557313784441,0.282649096328092,-0.213245311036151,-0.079630856793132,-0.25030199210474,0.203827016682391,0.20169909099733,0.257115734641032,-0.243585632332413,-0.106991791369917,-0.0409246720590626,0.197443508410899,0.107526298932145,0.721007832381076,0.521199051021458,0.422294834912101,0.0998721645999337,-0.129476733443667,0.472548295670876,0.374400806079793,-0.309544204779956,-0.216739936220757,-0.0607130453201644,0.357214341112741,-0.0272357541740696,-0.134875353192138,0.0898884248767756,-0.403052780243026,-0.0942173783942965,0.677185204107125,0.104539363741493,0.658770949992319,0.621363089825502,0.032414333260352,0.117950034670052,0.000568027902656004,-0.378437759189873,-0.899144229788097,-0.758762400259563,-0.52163381898707,-0.109096092285312,-0.216805598725193,-0.188804881721632,0.0290411864201701,0.123602082300197,-0.39913548568765,-0.339386570816238,-0.100336608018953,-0.745214870361272,-1.08225303660777,-0.240355893498749,-0.35655161363914,0.246595920385901,-0.247966869416128,-0.369442802903614,0.415047116110847,0.140655242508068,-0.0432297373759555,1.11554214670332,0.200542817805732,-0.0158620828171294,-0.259074299698842,-0.406080047774426,-1.13791651062041,-0.718901359030113,-0.377424401874083,-0.252935672130379,-0.0395738040530338,0.27225193821933,0.631437257331553,0.287763200190299,0.787929187985368,-0.165968166564018,-0.0949418752408052,-0.208166453426765,-0.343493323556082,0.616575161916725,0.389635909307404,-0.136272251128347,0.213467248834085,-0.204355231479612,-0.683097799481996,-0.368432568539065,-0.632534172650734,-0.407490381722435,0.46717155591367,0.183563751306031,0.768846867679069,0.286513928202418,0.0217024403936773,0.139761878909498,0.236541989991118,0.274136714349206,-0.564221213144334,-0.0740895634513415,-1.18040299087769,-0.823343487548089,-0.444044701346568,-0.5889064024342,-0.0689222957687487,0.0668702825250489,-0.0124524100414622,0.502163392593307,0.221560831236373,0.702331874700767,0.555156295522711,0.470331867624139,0.242782735746055,-0.267540905050596,-0.235292046045374,0.195546233548635,0.439862914558967,-0.0987698433203471,-0.369013784421621,-0.520879592327686,-0.615076914654337,0.36196113319384,0.558735064166917,0.566377329585867,0.377294779340982,0.00248840227400806,-0.451114165814009,-0.0562765837699032,-0.280202771381978,0.207103660013864,-0.107312141350054,0.0480745444410044,-0.288036473982941,-0.793544525098447,0.0667943770281129,-1.10421711414058,-0.696119715861937,-0.508990531783492,0.0110162947169106,-0.365000326428917,-0.543590289458538,0.102180048959828,0.14732560908782,0.218292573823991,-0.559733117180594,-0.385793392273821,-0.2662368788775,-0.194282832542566,0.0946620361769157,-0.0872293731227463,-0.364664079437801,0.333145298323485,0.126927576027105,0.868904436893026,0.721243943412955,0.224038055103306,0.161913796386458,-0.0108113437318471,0.0921219368306301,-0.114336673217664,0.182999325605683,-0.180283750628947,0.358031636647071,-0.0245485765848776,-0.377609437966136,0.0510439793652788,-0.481652124872576,-0.330473198901894,-0.174510532893665,0.46994210293768,0.390966309580097,0.0987560517306305,-0.577081614823968,-0.134520987555513,0.0787752472710702,0.136374091833588,0.140290105926752,-0.395844077845919,-0.540754190814565,0.0922595120188012,0.0615405439382369,-0.274309855895847,0.284301622295469,0.400367882240198,0.746251570625361,0.626876654363751,0.821780105489823,-0.118705111686709,0.269238831644447,0.0825029758432503,0.474033704486607,0.164950357273849,-0.653981074443452,-0.413975031862324,0.065984253904438,-0.774882334337957,-0.414895840907519,-0.521326956167989,-0.363386168960102,0.240525331129485,0.0316104871754199,-0.610892919083618,-0.0120751835133367,0.600185999517052,0.420059273584281,0.0902208272174019,-0.520385467407536,0.697458298088025,0.421294574153077,-0.393041596159831,-0.277094046190606,-0.533438055023236,-0.349868573268234,-0.827669040941591,-0.605928791401247,0.105313849243779,0.00373376395263133,-0.27369886188802,-0.0946168540756467,0.00342106097079449,-0.184471171419272,-0.548333447299762,-0.162117679090517,-0.45182930707973,-0.250513193356754,-0.856198324270941,-0.607465009120794,-0.171994232768541,0.101430782645061,0.0109065230045491,-0.381741718612806,-0.225505275136166,0.0644552178983549,-0.347966835050447,-0.369097444232001,0.125215628119964,0.380644679841916,0.151089292519649,-0.0331189777045726,-0.661213255614616,-1.00620012958965,-0.512162678445649,-0.154035787400587,0.0992956832593638,-0.314895151158316,-0.243619910046883,-0.0225908142358695,-0.448273270015169,-0.0379815780022342,0.144384021577548,0.332541157796809,0.11020180197561,0.665378891296485,-0.313479727566992,0.296527429176409,0.214976854747222,-0.148002909851409,0.329612825780039,0.848477285783126,-0.191470010340462,0.414044187524915,0.0107422202440948,-0.157939036996877,-0.0416016400099238,-0.0161992246278557,0.0758219292556748,-0.0374012887204426,0.337201619938663,-0.184032448639677,-0.59122979298297,-0.0124179459547639,-0.659159587253376,-0.495211976899189,0.0164763600077873,0.107835580474342,0.533221964970406,0.102833099629644,-0.13463157647118,0.0414708773097991,0.197632495537275,-0.609924756209889,-0.246905798971243,-0.578577950890401,-0.0717476630676647,0.256550158405619,0.539989509484491,0.461541263660357,0.133065413025065,-0.1474815160586,-0.421866686699935,-0.412044704129554,0.152081690038828,-0.181843540666701,-0.0216324449001594,0.482075973529955,0.696989976035367,0.0735775637950469,-0.0407548829823794,-0.356067102346818,-0.26542298256907,-0.273699838533239,-0.0168628406568568,-0.367499046324751,0.0234492952572249,0.507601669005051,-0.10615444409027,0.472450050842195,0.218517802573409,0.340259760818707,0.358555501509845,-0.569374259062137,0.030871015555257,-0.286905304423437,-0.312664071969314,-0.209293215361716,-1.0078671379149,0.782642961100126,0.476399603459115,0.28299671197541,-0.229594792881125,0.516154010650624,0.592026302976747,0.188826832089849,0.36359043631179,0.558840604168993,0.20716651875142,0.500912306998033,0.543763519556326,-0.432901796229888,0.249125955365374,0.100825287371263,0.991283904167175,-0.21644894601218,0.0108499158079841,0.609660080287656,0.190624161162673,-0.657708305391661,0.399142447352155,-0.118175718628728,-0.694647244675862,-0.621383243322225,0.111214586230126,-0.603018344895166,-0.00666892481963188,-0.250766501137905,0.209761579053951,0.244744418224194,-0.157027765150655,0.221039837723244,0.0772443128380319,0.43156657659898,-0.136317211790118,-0.626272181333942,-0.0975401264884669,-0.0827322934631932,-0.12217782357881,0.503846582497246,-0.156365264341916,0.149073363098534,-0.240555041238971,0.0202519741221408,1.01849857362293,0.418716734718614,-0.489509024149187,-0.362422681345101,0.352607218383174,-0.00670839912949146,0.337472908918997,-0.488939157988716,-0.532030577519783,-0.932268790056172,-0.182431991541117,0.518211167426327,0.0445752205585043,-0.119292775040171,-0.488160138798419,-0.673000145061276,-0.75457170402397,0.376781362536073,-0.366999091756076,-0.372069447866493,-0.792290479461897,-0.789558116413618,-0.252025455276384,-0.533446158303104,-0.199914886139617,0.0672894308814308,0.613814696135528,0.680232660232533,0.0286785819819647,-0.136351576635437,0.109903126271398,-0.0265696161990796,-1.27713610784024,-0.982794336467607,-0.394494520282136,-0.107536583513342,-0.0336927714543128,0.409027436222069,-0.224785316476012,0.125018089451301,-0.244545663569046,0.494731853104086,-0.118358432956815,-0.231288956360236,0.803140305863604,0.494337708658243,0.436194084711065,-0.0669316304970175,-0.367218131381541,-0.116523965967984,0.474512979324219,0.412812683870409,0.0620216479995164,0.112853626311682,-0.338390205701858,0.165206415726276,0.386412717968734,-0.420445367529774,0.0557334727508609,-0.0150315829075368,0.268228551692002,0.0909508781840796,-0.496526881117595,0.187162143357252,-0.440517934256861,-0.652697856270606,-0.647508368542026,-0.720476302459575,-0.555804999091676,-0.199126754998754,0.127926782815164,-0.0151083262249009,0.285882325984933,0.337577686544843,0.492410965940191,0.208465825654593,-0.0117079622665427,-0.131915904216118,0.103320593115763,-0.74282670987995,-0.455095548508394,0.345775141662922,-0.0265451033540199,-0.148060087300816,-0.088716297826735,0.65778774555433,0.631075548769457,0.124128412079615,0.30090034590899,0.194053039508852,-0.123626571778954,0.633511150634259,0.177788129829229,0.484368813696377,-0.0713264843140597,0.272137019822855,-0.226049389499706,-0.50191956196933,-0.0334333975387304,0.216662150247838,0.255985399105169,0.447280802200525,0.660165318670143,0.527641635858809,-0.303959157532009,0.0172058366455655,0.366577950780971,-0.0164326524996436,-0.86429108037697,-0.803476953953524,-0.0678431802813931,-0.280730380690402,-0.265405257436461,0.270079357577987,-0.15486422572958,0.32367642784769,0.314286917812359,-0.201508547388322,-0.622927895998971,-0.69717842785778,0.0135136194151544,0.0921490419138999,0.153713121378728,-0.0302317528249758,-0.0411544076095221,0.301108313853465,-0.0339046908081345,-0.33553970286124,-0.311379101499601,-0.40561318991017,-0.941147891663405,0.109795539086439,-0.0382752026891544,0.263859217759035,0.263851882087874,-0.161085928638496,-0.0499396408182151,-0.514744653853809,0.432631120352225,0.567351032796033,-0.181241839085815,0.507193502983009,0.260229818816522,0.0280662183754575,0.123546373516059,0.000457838010851336,-0.232379464839459,0.318425231544986,0.421060811754142,0.650888037195406,0.507283342196368,0.554193974201399,-0.133703631404269,0.0446670909515185,0.0293343940603003,0.335696040296568,0.374367765150452,-0.067683759617761,0.0586901545896147,-0.281897911306775,0.311804194368816,0.168856607294749,0.536830897513694,0.289794361143701,-0.11218129747745,0.102223454132293,0.217425151948156,0.284504286446199,-0.587796116898491,-0.482609817395221,-0.611748714684074,0.241642889637117,0.241890785954596,-0.244487264170186,0.249877392710922,0.183370011036366,0.356431002936154,-0.431161780082796,-0.794141935523407,-1.08892634054539,-0.356599444791766,0.0915685714152309,0.331996981805847,-0.123419138488405,-0.27374572747251,0.0767588608473617,0.187965814369342,0.385693462063691,-0.00387545594532486,-0.820456842275846,-0.232772900807034,-0.501893516944017,-0.204563691676552,0.653621353059865,-0.0465919182248153,-0.132022847788225,0.320937482350879,-0.457402091166557,-0.0389224983619275,-0.219072490552035,-0.392592715247443,-0.362997467855179,0.730808100700233,0.268234179780324,-0.203236278068024,0.370887797247469,0.359176321323394,-0.0538881604957824,0.0848312052100743,-0.409137035427289,0.0780504296357204,0.459342957088578,0.428776622353713,0.135774235562169,0.780103361014372,0.143378205333071,-0.662611765636292,-0.0980258043712905,-0.173722538614264,0.214549939622067,0.184958773777636,0.892560692211484,0.707433591754712,0.846035590107701,-0.175299191117404,0.922210039454256,1.17591196092837,0.28321274031897,0.596072049095487,-0.223319841054097,-0.430111236764785,-0.558292909217452,0.188420664903363,-0.0985986844114053,0.278677637882672,0.123547238460207,-0.0425041906372754
-0.187122502231512,-0.082711116446036,-0.161876591399216,-0.0517461297329227,0.0371992948097357,-0.0130336979903487,-0.19695856164987,-0.170201937180025,0.0744908379086505,-0.0842079294007618,-0.157703609231673,0.130441069067282,0.0655184657417828,0.184209826469153,0.402219428748398,-0.056320499864163,-0.0342937951053776,0.0267215602834437,0.310599130938291,-0.285057937013542,-0.228860473435104,-0.0888313405417841,0.0401768545245569,0.0686148088043966,0.0928457221868533,0.273881908110459,0.196751117380174,0.311459881612842,0.5489803881907,0.263792048897887,0.305101881323414,-0.267941503788275,-0.211129283726589,0.12575066182079,0.0226033236358919,0.308872380164131,0.433617153487656,0.26238525335659,0.192440734639205,0.283548945225129,-0.0208695393793669,0.241601993317287,-0.00268560007148713,0.0351911977649502,0.295357685235263,0.245489549289235,0.430201595926812,0.207256992185537,-0.00878990238808235,0.0119186893766097,0.225119994167741,-0.000288583172471754,0.066371099131714,-0.135473595284673,0.0111598182780579,0.352118009581558,0.370166083732498,0.282541584996709,0.0581138105563968,0.240146641713087,0.327755637330914,0.0539314608483267,0.0473295404474429,0.0797944689073228,0.0698903754986873,0.356187171653965,-0.100258029914866,-0.00502900121168391,-0.101956011359811,-0.0831276049854945,0.0252100236426548,-0.238726190994071,0.311072380514488,0.0100449469920305,-0.00468142786386948,0.139481140557345,0.0257705906556936,-0.117108026722904,0.00151750830098565,0.214953741769732,0.0252971431081588,0.0675145134374907,0.0961549073804196,0.0723454909701545,-0.209672709263872,-0.162170775314543,-0.294144201675148,0.0487708385514095,0.0937877951953583,-0.06076465917944,0.345296350318021,0.13635970950982,-0.294203548741066,-0.202160487460051,0.0131171253208726,-0.0450188031776169,0.0580212387545729,-0.282203464295793,-0.0785419176393867,0.238668576045294,0.0634807455746206,0.0875105904871158,-0.248011586180578,-0.0189750135233036,0.0417657970055173,0.189056542211221,0.258226100880854,0.216157318664354,0.238262894493825,0.103625288501231,-0.202833553273655,-0.46422342307533,-0.0437248930576249,0.215095408578587,-0.122007410012848,-0.218231052352913,-0.390929732137894,-0.147416721203594,0.0286859089839256,-0.205536484337746,-0.311141868817908,-0.0115450633617505,0.15227868573117,0.392366696290664,0.18228526576659,-0.164809687609126,0.0247652792233858,-0.145922492512733,-0.134663129930936,-0.079235625937855,0.535864219274467,-0.175593760227807,0.0646529234187184,-0.13065133146028,-0.12398672735003,-0.00862398778244167,-0.0157485988272349,0.0481247281394407,0.0658703770093915,0.230812916291617,0.078213401278039,0.437718063219039,0.402833154628858,-0.205708783292441,-0.125412989728936,0.101690828154892,-0.0271388292831762,0.297604136004848,0.229389286575081,0.121014199299462,0.171240890804377,0.101270402217147,0.0971360135469155,0.0546241754718501,0.249934298194063,-0.223214550753423,-0.0858793599808254,0.046334889254851,-0.0422037269068495,0.0698089392444877,-0.0996917800590621,0.167726493273062,0.27245334020378,-0.139457070423289,-0.0710846510933461,-0.0680495532193643,-0.16774524457836,0.345433550379824,0.142643856512083,-0.287005903659475,-0.150523405240966,-0.471947928221303,-0.306847497365426,-0.176416435231845,-0.221839784221512,-0.115493716907435,-0.176545186000951,-0.11178225334088,0.0606359091434106,-0.0697245945325678,-0.0637230211057037,-0.0475374539227722,0.11563734427486,0.190101474429596,0.222891372395859,-0.163994873715893,-0.10380929387931,-0.00790511608796219,-0.621898595907514,-0.322668892275006,-0.166439044007818,-0.0928296527883534,-0.111244467441491,-0.454628798774439,-0.133692785374466,0.178590519466325,-0.0193191860945316,0.0811040014856726,-0.231369828650253,0.0949652991176461,0.245875443350385,-0.00589557364891035,0.107678402303233,0.0376051933440334,-0.437087844688319,-0.0455114582052391,-0.220330091768869,-0.405933969953916,0.215228143684202,-0.0511857566128234,-0.0271935984833928,0.1852165459754,0.33613532560162,0.312513733276872,0.18054740877398,-0.110993203076238,0.10893431356051,0.215329448604856,-0.0673942754478895,-0.0271841431490682,0.234923796963001,0.0565462185337049,0.0605321873837116,0.25234060286399,0.4896513792354,0.111289712563736,0.080000850428193,-0.245731484082911,0.231387121434248,0.0637242909390788,-0.097748244473415,-0.0727113916449392,-0.00370889711681043,-0.734182959466722,-0.0387030952573785,0.249781254000399,0.062982422808968,0.153198693376867,0.506535994898802,0.246819452609625,0.129632868858989,0.219243799947928,-0.0317932081828831,-0.184749820844233,-0.133655918277009,-0.0376852424481994,-0.462562234493489,0.075378448157919,0.0707882362307171,-0.018084094406863,0.0400975650145108,-0.191630894661615,-0.276231163904117,0.132650979419166,0.00522897551177706,0.198241900422382,0.288512264880948,0.290289790311085,0.413223272228378,0.0911722707046961,-0.262200877965832,-0.11619433106733,-0.387388679274527,-0.143705278135042,0.18797203284237,0.0632963807128993,-0.023227910829187,-0.101946728393179,0.285770026342358,0.0299320240503909,0.497035496467997,0.477314679908856,0.316287281856812,0.220344112122639,-0.0623501461416253,-0.0713585140156413,0.14573205960992,-0.321744646207869,0.16890992476034,-0.462335012658402,-0.316039085781234,-0.0836098542485079,0.0578285661456075,0.0272912297159349,0.228273949753753,0.190425821804696,-0.26886124527081,-0.0494037272375179,0.197688524538225,0.199334035822367,0.402958316016152,-0.2767766347603,-0.175745648979339,-0.221056948283527,-0.103388143280176,0.104903763365823,0.187179536267946,-0.13742382293696,-0.0581008313490452,-0.103432591607185,0.107047104077859,0.0513003732362659,0.028007511221938,0.419902523799726,0.165658354001412,0.517516639749348,0.132139274644113,0.215183902736095,-0.0298227993748544,0.0291183373719136,0.215072701812974,-0.0192786100884582,-0.101580161192531,0.0875550068468136,0.251654909503866,0.0704873251181263,0.331325834333046,-0.0379767958405197,0.198483396564501,-0.0048311425909122,0.0847765605340614,0.0703783838269917,-0.162629917654613,-0.293161812576273,-0.412185022273938,0.149732501134162,-0.176380638359194,-0.071539197373556,-0.0565363384689958,-0.0390185872954711,0.0571936181839297,0.0476297434625311,-0.120764394051626,-0.0319630674211389,0.198449354898293,0.00807549096191926,0.145770041880711,0.190474976080301,0.0454748006126712,-0.163932149545866,-0.117738139323421,-0.0542943256060241,0.0554005170866343,0.324608649317844,-0.102480636656005,-0.112809699741319,-0.0681262883518333,0.19347177153561,0.315163972568496,0.074233734119754,-0.205680669052451,0.0205091926375437,0.0905150614771666,-0.375816755377834,-0.331623087896614,-0.285144119121772,-0.382456587202467,0.038782624440374,-0.383673111568285,0.0820825730195358,-0.0877946021830089,-0.0356263810822944,0.0889072087069786,0.344091194598623,0.0757465788342117,0.18286756267857,0.160068426062935,0.325970653128253,0.0207098345696619,-0.272303595074904,0.0161486962976427,0.243615678929924,-0.0727677073513472,-0.286949753702301,-0.110021436757369,-0.137398168814015,0.0381997126591084,-0.250055610444756,-0.262804570088196,0.250226016754794,0.159151910589907,0.103898921726372,0.220881999693979,0.555405523791194,0.42910923056117,-0.0154494089054206,-0.0401531894173239,0.103557722357015,-0.200085019628345,-0.00236103858716042,0.167861992952644,0.291420736257247,0.0912692274384455,0.226397990003894,0.356289948744042,0.275877527762466,0.33036177431549,-0.0764421043406832,-0.00462953483608444,-0.0322623619468254,0.147291783612681,0.240724587526893,-0.0734394789171539,-0.0384083593915359,0.0332002550419459,-0.0164909804138299,-0.0982142318699522,-0.0868449365500387,0.00454842929569425,0.184016083041718,0.542651690643069,0.162961503344214,0.0366752535082355,-0.117734027909785,0.19244103353088,0.0450761658729647,0.160985969674211,0.353175653648324,0.000497608392710378,-0.0230252206665526,0.0156873191654686,-0.118252666788104,-0.284110623494412,0.0248102740736836,0.0264004421893801,-0.165876459998482,-0.184202122265757,-0.229863924624963,-0.260312404060098,0.146462074755624,-0.139705047614002,0.151487997988046,0.119769587316886,-0.0658078562233977,0.257964702734614,-0.0666329714267455,0.152136468864785,-0.234914092291779,0.0350241787659479,0.315852939866608,-0.0345605805188539,0.248861562018208,0.0974409355583306,0.100416798808982,0.00377347013390941,-0.247997896049739,-0.0432210090963968,-0.0163458544541999,-0.138307505796563,-0.220339055862007,0.522223714527756,0.240515851231485,0.0854244069475877,0.0665282098455027,-0.100221990400659,-0.154763524065182,-0.366391411065388,-0.0889570620547009,0.129262599296866,0.10244556722543,0.0454520890343902,-0.253506797956835,-0.104097325859857,-0.170897025876584,-0.184863724817899,-0.213659427772547,-0.0613149929141672,0.0786150891013314,0.138575442295022,0.183596749775234,0.137875293025853,-0.02102214922282,-0.0135342514479008,0.00453180609715236,-0.167205433747725,-0.0417470513404147,-0.197869098678983,-0.136671801975579,-0.125535587961441,-0.221759828763902,0.176773033294869,0.0133426105191947,0.347891026705179,-0.0365441916544082,0.000147728711705569,0.37598375461258,-0.288501394171554,-0.0783961073554729,0.0146254608768727,-0.00673568536486059,-0.191650208148699,-0.140393895070469,0.0593556983786575,-0.0979274882714857,-0.172766926456016,-0.204273260862568,-0.261154376803304,-0.348390809328104,0.129156573154756,-0.00112165856978332,-0.128240455360988,-0.469275039774359,0.111782098307131,0.034243304859972,-0.143095415391849,-0.0104924749256201,0.292515548969919,-0.0758100434984839,-0.0822567437980675,0.281230560342935,0.309964856902684,-0.183271240720559,0.0654733794183639,0.00873612169134431,0.00254303744031288,-0.0339347590887012,-0.0552237912721928,0.196232085919438,0.0852746416349889,0.00476564882519255,-0.0997311246082589,-0.0857446587143406,0.312388133603477,0.20033783809946,0.0145361977328501,-0.0147252044324717,-0.326082643965072,0.142732495225408,-0.175493754547655,-0.0936608981278475,-0.0040240743652588,-0.306152370404088,0.0620363692677059,0.148257152778876,0.277467649882105,-0.0360800682292444,0.00111763528437858,0.0396326976422581,0.30576276451603,0.223717950524925,0.342597553569653,0.176003290054867,0.021442616365573,0.0873458758533487,0.118788559490667,0.166040442038864,0.480696963829073,0.141815759087444,0.0404197683301208,0.178622301697382,0.117616059847832,0.402478470761738,0.21349045931623,0.192333015690408,0.144443122322344,0.14168602745046,-0.13106711875031,-0.222162722094464,-0.156284602851856,-0.0808000882319238,0.20265763057361,0.211576636368078,0.0578846407000135,0.437752770962388,0.320896812879483,0.0657740593432253,-0.0150497559440527,0.13615475357563,0.109895238700935,0.154933682837994,0.0508631972554149,-0.109657074002539,-0.242032702422257,0.0479573317042042,0.0652976990705768,-0.38819192056789,-0.406912183876975,-0.180740932578082,0.126012948316114,0.156498905840746,-0.101986617572731,-0.293744659383944,-0.26492952700903,-0.102963983381285,-0.197697880037125,-0.0420677625905471,9.43205981468048e-05,-0.227643185673035,0.0792251014061039,-0.160768599038124,-0.12721376122309,-0.0311409256908812,-0.0661333037778579,0.410878990340776,-0.126808853958549,0.0850952911750233,0.26545607121325,0.195742519856302,0.26083273676605,0.316408556252208,0.107718585385334,-0.182111396634734,0.0510779006386853,-0.0714899260825402,-0.323263761261743,-0.0883769808728887,0.0432479797469637,-0.0970369836401844,-0.00182458590412714,-0.0351586658068937,0.287348212343683,0.164454529104188,-0.382377670674687,0.0541224356113163,0.0589300804971958,-0.0305215973344769,-0.363037562241137,-0.453267475128205,0.0985301496109457,0.147012447742437,-0.0278647444077311,0.113934393284509,-0.24881070100187,-0.163769054017585,-0.283256943301836,0.0660816736296414,-0.179179886481964,0.0998165653952282,0.189143793682737,0.00732698594161449,-0.112778278186015,-0.163854011322651,-0.255974837597161,-0.318243883050927,-0.150053640035414,0.0423088433015227,0.0682332875596124,-0.191331896005693,0.184468151884556,0.371329952841701,0.230762426114873,0.0272238575726278,0.140125366089335,0.136007895611533,-0.0436719831369492,0.0297223897376137,-0.240176303713169,-0.00243873204690837,0.131425706574591,0.321849477503629,0.51300558416917,0.0436825669029324,0.102911231329926,-0.273315500790082,0.138141600065818,0.0538798100799369,-0.101427187060153,-0.167090430930895,0.170668850479501,0.146324671669416,0.254614204393,0.400281692596271,0.054909838383749,-0.0183669085195113,-0.137162695711711,0.040916468781979,-0.110659624592334,0.0901878827458313,0.288521038084927,-0.117952900327991,-0.266709535469312,0.164208376618461,-0.193113218328919,-0.0720961338647477,0.028206531691412,-0.139846131220166,0.0679159167756408,0.202734013916065,-0.0181396077463298,-0.132653261787639,-0.314903694220692,-0.195379373153239,-0.239128139565766,0.163450372342461,0.046213128547712,-0.0442816741679307,-0.00431550866006894,-0.300681498292421,-0.00600952755118215,-0.0523190687417828,0.170830825115675,-0.168206272230939,-0.133130728898758,-0.182951275225602,-0.168998960196957,0.00584363307047636,0.0303270966349151,-0.286477491465663,-0.0486433206329707,0.246714088442346,0.125075655901009,0.102689715377526,-0.0215622285980404,-0.237332335052778,0.129642227530178,-0.0581067435126417,-0.207589577111452,-0.403411978056129,0.174932818158883,0.291719208296589,0.449428705103949,0.242758903467103,-0.0724509773075219,-0.124292156491869,0.0711612821562745,0.0659469422023774,-0.181189783483912,-0.0149185280438262,-0.203630741764894,0.0603117883473936,0.319256540892393,0.403451728999382,0.213411016126622,0.187228967357114,-0.12074691039904,0.0510283166959704,0.00850174004187463,-0.00787551927785796,0.172348132548657,-0.0672336367621691,0.285988827132053,0.176968200017741,0.297453883291406,-0.285604196597601,-0.376392312461408,0.210808134808752,-0.110708203273389,-0.1978163363437,0.012353854305689,0.0881879549979045,0.126712900824247,0.0404043284729612,-0.292957279381973,-0.0652894143106106,-0.137858809674082,-0.293007612457391,-0.217118019456904,0.223639604185601,-0.00712094819266704,0.131942425580862,-0.0722826890250465,-0.151051968169295,-0.267278091971839,-0.344423542821369,-0.358253889301482,0.098843374294617,-0.472695045352872,-0.288709134474436,-0.0334454079104291,-0.313139434202507,0.0286189396822215,0.201840036153363,0.287237126622845,0.213441464009017,0.0139291432141326,-0.133728955678291,-0.194299079681689,-0.0479346690576872
0.259252731431418,0.0780221283039839,0.279209102703361,-0.11694631789027,0.0366887263434032,0.0354893460199717,0.158209577367224,0.197897759107833,-0.055050905717147,0.0206451177750298,0.0999795719673688,-0.0147958469906387,-0.103068711740835,-0.156527929563841,-0.192764411502048,-0.143881413248548,0.121984384252973,0.133465448856006,-0.281359765633351,0.160714489904191,0.00960059438366537,2.54518190554859e-05,-0.0530270496687537,-0.105219112838505,-0.127998675530439,-0.0744471817152871,-0.0269945397382867,-0.140896006262439,-0.337317536348439,-0.207040025049459,-0.348640071982492,0.110932856094565,0.222367058352115,0.0136373957887932,0.119706487047816,-0.091445373847703,-0.157037599893431,-0.111755755795109,-0.00183320581866761,-0.0898018815516854,0.176628436266445,0.102911932666575,0.0779242783704427,-0.0865363091694586,-0.137330565742479,-0.0577418762511473,-0.39391805676219,-0.0159228242855947,0.0136284670188544,0.0146483966030186,-0.155073082003648,0.0212655010623988,-0.0834831653169671,-0.0559149185786965,-0.0975147042362973,-0.0405117385688597,-0.363385890340228,-0.404650657907585,-0.0781395034309953,-0.0490068894534717,-0.191876780292808,-0.302671495952915,0.102098585237793,0.00568872321777319,0.0154709135557627,-0.211426593416413,0.198991406235915,-0.266343917668578,-0.0722395476352408,-0.0244234074942492,-0.261939055684506,0.00322197021939653,-0.0636017912822007,0.00700865982299636,-0.0217399963690047,-0.0846501453955307,0.178243649232471,0.0337800797958103,0.045316259671393,-0.182204572373621,-0.203854380298365,-0.184666483184387,-0.0221859600737704,0.0534086378811521,0.190223499987724,0.00959791347219628,0.136321524751447,0.129591328083468,-0.156137308918639,0.202262100635267,-0.289648597608142,-0.114088538796316,-0.116907281615175,0.164187887584281,0.0330099694547794,0.0711875037559918,0.107908461519744,0.341419774974958,0.044561748656286,0.0144838017068075,-0.149796404558449,-0.120316413256298,-0.129958737126483,-0.00708734697790507,0.0367608707131418,-0.314783778025131,-0.153578998000983,-0.179539414325383,-0.10299970908826,-0.142058116147288,0.237044599062712,0.200946905231753,-0.0516033665289762,-0.206213892138872,-0.0599399109172084,0.364951170472333,0.170251353313158,-0.0156418763037737,-0.0840134462564414,0.344567806100599,0.3541524284291,-0.00974749231256603,-0.0892981870578301,-0.346456642419567,0.0825357186510607,0.200870501529408,0.297849813824175,0.126685624353048,0.070874060959279,-0.0573587370453075,-0.380069305668272,0.123337105434821,-0.038328852620191,-0.0354135461766795,-0.0582247644015959,0.147281012433855,0.203847567122688,0.13107296325101,-0.1853396018278,-0.0634231828523897,-0.224664885059994,-0.37965333082036,-0.307393035485959,-0.176998248131446,0.123458543543819,-0.0142430061560641,-0.0989833186824364,-0.26017946759971,-0.250212859446081,-0.105070090284887,-0.276028432414972,-0.0246194164178078,-0.171587679179859,0.00193010365047196,0.0763923066733897,0.211678214642632,0.0724056470099718,0.0325132509123058,-0.0133679059953479,-0.139046612566986,-0.0705578250638324,-0.0240215294332991,-0.353021431005279,0.0159582447586886,-0.0926812649230894,-0.1340119799796,-0.0187575563211824,-0.103444966858033,-0.164407413456149,0.166769587904167,0.114206491188824,0.169842896974321,0.16457500207108,0.0774785921634548,0.229964325376095,0.00990974695908039,-0.0848759303102054,-0.12822628448168,0.106183438234191,0.0174844491336275,0.203159611188048,0.0470928169245551,-0.106490831342523,-0.0523769792541109,0.0661240516859934,-0.182278854569358,-0.0183439194201826,-0.0441749692918456,0.366167660937304,0.107236434632108,0.310501591856255,0.0474335414091422,-0.164568377258626,0.0948251648266171,0.211222847038576,0.0127952892259899,-0.133055941215451,-0.113706960993424,0.191763810271675,-0.0177344212093678,0.00147569374179705,0.0256330326809743,-0.337645324389158,-0.123303034625929,0.26168804789932,0.0157836287468281,0.305696479617049,0.175834063466039,0.0295646232255137,0.111525255572701,0.0992743494822664,-0.316294510176985,-0.280220384131019,-0.121368274097345,-0.157301329006133,-0.211211154226505,-0.0230659426673825,-0.23247761545401,0.0592009893675679,-0.0827753107796658,-0.109512890315115,-0.0903938906888663,-0.0457176146031938,-0.161642090745886,-0.327047492733056,-0.0201959504104581,-0.12666801116097,0.0458544603577033,0.0207164846186808,0.0201755068662237,0.0423670254212886,0.0607699580114476,0.0971186579698207,0.223049902964913,0.130647196526232,0.0324638043800065,-0.0136933629132514,-0.118640709463051,-0.23195655617884,-0.244829412022924,-0.105595986735462,-0.0342155449163504,-0.0482104788918385,0.269510582149227,0.166939910497201,0.0906978112307111,0.185054897257591,-0.211568735313058,-0.270824619764968,0.0288439129851798,0.0528753588701974,0.208781642816994,0.212443326986402,0.0482025208547034,-0.0254986425216613,-0.18194759618102,-0.159107868470424,-0.172733263745353,-0.354943553324455,-0.102730401016917,0.168434557809145,-0.0758799809848622,0.298296289127649,0.0800549809152173,-0.174951363304875,-0.130162022252535,0.180390501704102,9.63856175448946e-05,-0.0725146346443061,-0.0622959179865267,-0.524174901451397,-0.228992107377939,0.0109958097755364,-0.25544732272333,-0.0209526207785863,0.0695130499328718,0.0183453714179501,0.15266737400808,-0.0246363839241161,0.08347517703298,0.0036321496233904,0.0778001212683697,0.1893337283135,-0.0622089315494484,-0.103514662862456,-0.0898546031728122,0.11532998034447,0.115482280408183,-0.0704908388641897,0.0495168618586117,-0.154343747775322,0.214020017827327,0.184094878205122,0.319695162294087,0.264197256436434,-0.0515646687383013,-0.0938296689223876,-0.0548483311938048,-0.0904658110106427,-0.00963822537560313,-0.0893598101889287,-0.165557303620231,-0.379301169862809,-0.207254708668277,-0.0624058027847644,-0.46388477687903,-0.0117542873701271,-0.284625389894897,0.053438092703954,-0.226434120182137,0.100074286475815,0.0492517637797014,0.0500783465900994,0.196871820513187,-0.110007677269215,-0.133028752536438,-0.0318048554674349,-0.0186058841715108,-0.167470252593092,0.060301753977966,-0.0224961103084376,0.0147033418761987,0.110274153057305,0.28245225653145,0.202859847762086,-0.090964641930992,0.030803387973166,0.0838700105721485,0.184281605810976,0.155427094572664,0.0188134989801747,-0.029100426718646,0.264540638198482,-0.0153512354087051,-0.105820252777672,-0.0457109344445066,-0.347666088238706,-0.0331860290966653,-0.181304815367149,0.182071544708205,0.105450393548248,-0.049056503711635,0.15678263615058,-0.29040666497299,0.107678474626795,0.0636648225739884,-0.00490286952103419,-0.0679676783448723,-0.315140225691085,-0.030438837792516,0.172350375684823,-0.0938834413966887,-0.0251385050409178,0.0558730775649674,0.107052788860541,0.216713259726574,0.0862906646063694,0.160157715058288,0.146717055616044,-0.0681511827257844,0.0744456778251881,0.0561712590333678,-0.330317018669167,-0.334867694064354,-0.0655492067518629,-0.425647283003632,-0.0387790030110144,-0.224882415464492,-0.00634253770564258,0.265643833281309,0.0399692250610196,-0.157715314603401,-0.159658548453412,0.211194996524471,0.166822662666589,0.138049323531945,-0.181341294345132,0.259565370486717,0.235948450229126,-0.236130022915222,-0.26893096162399,-0.0189855248289901,-0.0914434509186168,-0.449385704570619,-0.136846286829237,0.136840898283857,-0.16203666198838,-0.0154045559765298,0.0312995350996567,-0.199868511744589,0.0605323994806162,-0.1358077534927,-0.149971462305522,-0.115927816414401,-0.103065664471566,-0.315380376766468,-0.313975510801836,0.0533361424711863,0.146537632046136,0.106724442805091,-0.174162911121429,-0.0767110863689086,0.194186429382295,0.0381239044001761,-0.218722675882357,0.0297403431663824,0.160803409737121,0.0385250033027781,0.187837352457905,-0.111220949268015,-0.287348193151952,-0.289910261283455,-0.0562529999268575,0.146915518621967,-0.0103169619300628,0.0205077594613849,-0.151104943120349,-0.131631663900685,-0.0544060883451806,0.0109702715503908,-0.041608929055118,0.162374282896847,0.273132977536227,-0.0705318215480842,-0.185399788845572,0.0735411701643574,-0.00826649291957476,0.0133122637573529,0.194795562569085,0.084672544332175,0.0889693766781993,-0.0514344592286894,0.125074773024603,-0.122933025501657,-0.171315823884986,-0.0873115489560334,0.134393256247449,-0.0337050898717733,0.116391606529045,-0.184481144588278,0.161699683759552,-0.300410760828605,-0.0794885958715899,0.0747414129200594,0.0242783112324047,0.190729488398923,0.0369201414558731,0.00977032455652779,0.0185746319584303,0.151619715332596,-0.244710334187567,-0.122528504406476,-0.187061515891444,0.0997131656902374,0.0511882061131003,0.195542877263534,0.238605080777697,0.0705560472428378,-0.0864573727151326,-0.0920550366030791,-0.134027423206361,-0.0978077503073321,-0.136335006422905,-0.0874655638841818,0.215617654433063,0.052139741787309,-0.0674801148075668,-0.0420375934575182,-0.0798618796744546,-0.180014637632454,-0.109390323885411,0.0689208502295752,-0.207796627312657,-0.247995734775878,0.0917424182398818,-0.0794715829405864,0.298690557830466,0.0309944793535675,0.107931987777684,0.0589278655304922,-0.225044628308113,0.0684890461349773,-0.29389729212184,0.0239502996631562,0.00533683687963629,-0.0183481987411907,0.317246822163805,0.0507823390585283,0.0812654267000983,0.0895389310607798,0.121942621222389,0.248224362465485,0.0453990849329167,0.0981509630602743,-0.0297262366820586,0.114827819781363,0.0594321888928932,0.13443351509777,0.0739668144874287,0.204680849852964,0.100059486320096,0.206391488462913,-0.114132403644658,0.133414348136301,0.162219491241843,0.106954947946637,-0.281756485638503,-0.0607626958260888,0.0161298559299225,-0.128312173714869,-0.418895700756615,-0.151950885108945,-0.199738676515283,-0.0779280045057321,-0.0674927586862603,-0.312542328643976,0.0729919688586739,-0.00746778497392204,0.0129965027148113,0.0854482633230404,0.22295195489856,0.0594202138614287,-0.235709322540893,-0.196433373592362,-0.00637980530522011,-0.0757555532889931,0.11445280474601,0.0545601005374391,0.0575086835078661,0.00541164183248434,-0.0863933562702873,0.404717673207523,0.330396949519914,-0.0473704468691385,-0.0739740234281731,0.141179657618535,0.11464842516336,0.250915908712113,-0.178876570634134,-0.20988595081724,-0.163453797845039,0.110295253613887,0.077145915140147,0.032502050319059,0.0974756106512902,-0.115860592029349,-0.168420326198569,-0.306832791972544,0.183369688530069,-0.0664299714154365,-0.12444356047567,-0.293962941730619,-0.203316999197599,-0.209347580080631,-0.270310406496467,0.0724406792898439,-0.108526997815289,0.120926631718564,0.00742840152801244,0.0303907356121329,0.0114531606456504,-0.0115720182557581,0.0271296723491342,-0.401936751777069,-0.276298327850114,-0.00465798801750021,-0.131154652533118,-0.112461826420732,0.0835221798354365,-0.157624341870082,0.118096344277749,-0.0734925272987638,0.134760038917389,-0.151647383601333,-0.172043705826602,0.200715560859522,0.230160123954386,0.15109531309927,0.0739514228680354,-0.2143070446615,0.0848932739849652,0.265787863180903,0.191372242674145,0.147488008538012,0.202635939317022,-0.0299013779378981,0.0349485329908403,0.0223918656191584,-0.231295807986251,0.135931313659721,0.076171283151284,0.0340135076809191,0.0908521801017108,-0.417053158426795,0.026485215746125,-0.274321888500953,-0.0959880990214564,-0.304417519498314,-0.222277696420424,-0.252301532518705,-0.0730361271972395,0.181111697499666,0.0731733307708746,0.277934079323494,0.28448474234759,0.155575532249271,-0.176461031309129,0.0747613676395036,0.149468779623249,-0.152061905112619,-0.127542549640894,-0.105696031836565,0.135189869558061,-0.0488321301327873,-0.0875030027246607,-0.0332990311102689,0.363738904601567,0.120244701229816,-0.0106868451559973,-0.181516677250219,0.28095771556333,-0.0759884502832712,0.198323490813071,0.0759699602616339,0.223009070339919,-0.16961734811296,0.0427179380559055,0.0128219490497171,-0.267153761858156,-0.109421585740804,0.126538728218437,-0.0517190670302683,0.273214087312087,0.232093177086067,0.179673220197721,0.011865763342218,-0.00363330124370416,0.342766203486081,0.0708668068388791,-0.340457994979239,-0.389698518561494,-0.065151700209218,-0.000988162693148567,0.0496260357056594,0.0211930370294492,0.0680811187250364,0.0519932284311377,0.220431255395737,0.0117339547868606,-0.259360404036468,-0.147449814383086,-0.0407046355822736,0.00114922683014309,0.158881050359773,-0.152706448131021,-0.0473552347346862,-0.0602799562352731,0.0347549877146716,-0.113728318800306,-0.175513907236339,-0.161254226970438,-0.246905455727428,0.0024837423732471,0.110650175966924,0.125748116094117,-0.0181069051751923,-0.0593573098277067,0.0876491245122676,-0.0283884067869791,0.0150944370819385,0.215701567988746,-0.0275177477404043,0.202414986377579,0.143025374985346,-0.170970944975566,0.216167048418213,-0.0592311898787841,-0.205202607826815,-0.0655728284671049,-0.0418061042900931,0.273541249624769,0.169898481326271,0.18452380017881,-0.150747118861631,0.0625667387238753,0.105785365896896,-0.0809349437864309,0.0452179493523256,-0.142133907445715,0.14381161985972,-0.134707244898166,0.135067185295398,0.0803544544928995,0.109150054473709,0.0815551869366999,-0.105733699489553,-0.273363475771182,0.319972158106646,0.0591840467330532,-0.205403818564917,-0.0331932315413902,-0.206374160328598,0.0324053513559902,0.184747630627405,-0.113322893379372,0.0919619879172488,0.229691298816592,0.101480178551035,-0.0956003071334885,-0.393636387386516,-0.398024762672773,-0.20832425987422,0.00271680274024991,0.310686018671365,-0.0507634015563507,-0.00512656004196754,0.0869885141346811,-0.0186938192798755,0.0251179665015742,-0.0769180242539935,-0.225069771600906,-0.241037394789985,-0.317105568364578,-0.0690322191852658,0.0560111500933384,-0.0774008644873403,0.082773313356424,-0.114676717921589,-0.322778523745718,-0.155672422918353,-0.025325064854809,-0.339106891171537,-0.132206650576646,0.238988247187527,0.0685560814399095,-0.126605950870354,0.00919411946746525,0.123823610406332,-0.172798076667164,-0.0551766172341137,-0.135973843830823,-0.115549602054301,0.0820268533082319,0.177522308924523,0.151185248306291,0.273987010624225,-0.0479695966449259,-0.150937217541993,0.0960429489587293,-0.167486509338459,-0.0972654789852729,0.0973051894505461,0.200208978324552,0.0869653168020682,0.304682940341475,-0.071598995303199,0.207368298802501,0.373304404612413,0.0434023305079102,0.302917534497539,0.039974466390598,-0.0666634188476472,-0.19723147505227,0.0835692499932858,-0.0590799885521568,-0.0227266796618368,-0.022320110849423,-0.0520303456323742
-0.376063464253346,-0.187157015934212,-0.168419981628554,0.300595722276284,-0.0724993624086512,-0.103401646137337,-0.243737687077259,-0.201931118540041,0.123594001487819,-0.262574564632963,-0.230954440938593,-0.0558710175087577,0.262216691696944,0.0789045037379723,0.550146649921943,0.426270601669343,-0.127791250360127,-0.174970174653427,0.453114393578133,-0.278832767223808,-0.170756795903101,-0.142026938949009,0.0542215883093916,0.106904798932821,0.265908828888284,0.399767717578667,0.335632720548914,0.329765097028329,1.1279391540692,0.410173767889727,0.634373074733363,-0.608302090316928,-0.372271773522541,-0.0812504893245093,-0.019356427231354,0.452607960228786,0.88885869609873,0.173299629321222,0.545027706416208,0.496107974390151,0.162394345633976,0.369390802750476,-0.183723696647405,0.0211720434902506,0.483628341321321,0.333365432685778,0.794663249429685,0.220017046368415,-0.0162893650241519,-0.365732963383629,0.401636937608498,-0.233987860420984,-0.061322189353722,-0.272154956430045,0.303877449217494,0.540601428186244,0.28133885790705,0.593950031307291,0.20184326926968,0.276900069819347,0.678657052840567,0.370105016796847,0.179397849541615,-0.0585605642360491,0.219172125702895,0.593366639196734,-0.0528671119549743,-0.101334609784862,0.150468417811496,-0.142042097665509,0.0645203814749103,-0.305206010513298,0.383667836242553,-0.128007449595898,-0.118714171514932,0.107044860908157,-0.174251999191441,-0.304340006411115,0.0946054140015993,0.033897603795499,-0.0614887190949345,0.461059830957844,0.103402051977243,0.0102127683658165,-0.185950552830729,-0.0915800037133982,-0.336590187348379,-0.090672526410599,0.0798855709047967,-0.0130017781265903,0.738259713235423,0.229424381278667,-0.120503762137482,-0.718294785622928,-0.0591871478832659,-0.16182313930115,-0.0541164165640168,-0.779122217613374,-0.448423035364237,0.18943600837719,0.0459205394789216,-0.0833364347877492,-0.348526599597133,-0.0621454202207406,0.0236906437167246,0.417899118836599,0.467278558750989,0.594969592957689,0.068369544764725,0.0350433759884391,-0.296208927377369,-0.441385185263292,0.129400187266789,0.0585569466114314,-0.085076070588628,-0.602289201327175,-0.331061932778152,-0.161877467987544,-0.351888315385281,-0.549601755341323,-0.612619126452394,-0.157844986751999,0.300765686886841,0.513890395918147,0.103769516930882,-0.271776582952856,-0.0319653524000425,-0.291792536997512,-0.115450375248907,0.0107638249104318,0.746089751030516,-0.132838533699621,0.119578731170626,-0.237296809481082,-0.128361106877818,-0.378994681347862,-0.220029178704512,-0.121820379483855,0.156108152567801,0.451077411862774,0.42551916053327,0.638981578638063,0.553949118712154,-0.175257037984748,-0.436586840219011,0.132668876627675,0.470502921722758,0.0772111518359368,0.469531974727083,0.457287311846085,0.217630291434996,0.221372400298262,0.194943326834653,0.197577878031001,-0.0433940156939187,-0.462533115933391,-0.00488120819215,0.0548988196969483,-0.16164869431418,0.420555282974099,0.0642044141234349,0.241004043368285,0.323199988298288,-0.102900696217273,-0.0151165781432422,0.20747989072631,-0.0769645979462971,0.465756843422143,-0.0333181848068736,-0.52071990245645,-0.0951181221110455,-0.533034922202808,-0.346315860269703,-0.497363381550294,-0.595451120326948,-0.0343099533832485,-0.0298984958448703,0.0650896167674244,0.271194887020639,0.217139831286878,-0.181567447953701,-0.242137153529111,-0.0723741401246207,0.222083141545824,0.224842246650232,0.0195200462005812,-0.0262586227293814,0.105120539991182,-0.709749192189512,-0.218117244895005,-0.465580262644506,-0.103181491717616,0.041850820367947,-0.530149166885586,-0.540641925227799,0.242325072907448,0.388278658224113,0.154762925161349,-0.221075959239142,0.096212343979331,0.112216681783184,-0.0128792144218724,0.440711500247559,0.187041499654342,-0.923267300247576,-0.184863409145083,-0.589436971147262,-0.574374955183018,-0.0403739523595458,-0.0274410060494012,-0.148815206170956,0.448923493036696,0.900220418511703,0.360470496238912,0.470375424093727,0.0743895007032297,-0.0706903092872889,0.113030846953591,0.00892277815790357,-0.081327561462221,0.454111594186405,0.320293918817809,-0.152213988038304,0.634760173782196,0.633214263051042,0.107262202329451,0.259113950186789,-0.315039056312367,0.315141659915984,0.215825188682994,-0.190310578822989,-0.157274157908985,0.0675052198776381,-0.876084620099983,-0.314001188296561,0.0515475418538762,0.224353385798654,0.305664819797547,0.728999568199765,0.494621437573462,0.355587104317097,0.384672948122628,0.0111668818280261,-0.514908742189653,-0.194116619314779,-0.382873044918902,-0.55526043825896,0.0465428221207159,0.157254922905832,-0.0825654190422537,0.0651784269741153,-0.384117931921878,-0.455329309564523,-0.0148561631945578,-0.0496919558151754,0.168032561202108,0.530184492004757,0.408991357230508,0.47173737688397,0.253404378108768,-0.286460047379859,-0.234501373904422,-0.510274555983565,-0.112987190572384,0.179119313403771,-0.161181411797116,-0.0915343508843354,-0.0887889549849594,0.280479203073727,0.114491562579698,0.807004010490223,0.842509843308407,0.668234188364685,0.455406625136126,-0.105890041784219,0.212214070969348,0.018741999317672,-0.401732578265187,-0.0298705341349672,-0.644046874442385,-0.482400447529428,-0.262924269234024,0.0403494573953914,0.254916620252179,0.267122581312182,0.0325018491376969,-0.0696692735011425,-0.0650027757237095,0.244036696586023,0.580311806311096,0.391268988891867,-0.369080949936766,-0.569256434612851,-0.383072895933941,-0.298684943174647,0.0820447401184599,0.397161429456848,0.137680757478951,0.114382344413464,-0.183286120337743,0.342363946760856,-0.0760288784547671,0.13004349888798,0.575037299908552,0.098145394928346,0.817771814928066,0.482308984448774,0.409440986797073,0.0225816083018601,0.543997330840631,0.224802581603358,-0.0381617239984796,-0.0895733324108984,-0.172367900456294,0.462036441957478,0.305415461021111,0.336143661191917,0.0340622961985393,0.200071360411622,0.0122864745262753,0.0833682824860801,0.00047741065303164,-0.226386247649362,-0.573713329918204,-0.572850965991864,-0.281848735836651,-0.100693903505855,-0.0294015221404515,-0.288132971915897,0.0203317291040419,-0.00103337062297293,-0.160055589443845,-0.483978761891999,-0.106875138967639,0.315328433475725,0.122426645397551,0.399821246619291,0.316373275860705,0.321325902480121,-0.299074751210898,-0.40977414066772,0.0241679029854738,0.0791370955857288,0.315212363785619,-0.0576900699065602,-0.149983653654794,-0.0543102385720798,0.430883946459208,0.39937278494045,-0.234393866015225,0.055612866750012,0.331245869197459,-0.0404336511534821,-0.135068674475321,-0.667700496642482,-0.639845542141037,-0.743408234276437,0.0923533060900379,-0.428498388129458,0.288758728630003,-0.539999442213857,-0.267563525447383,0.559816907735501,0.239950753992637,-0.197788788188553,0.565192715992435,0.239415853988683,0.622711284849927,0.329366946272714,-0.259979144485115,-0.0208088132532742,0.385748567331394,0.0297718892431945,-0.32657409547091,-0.163881273682296,0.187288315545789,0.157783447511071,-0.475368213110315,-0.0766599999604771,0.116709123967186,0.0269756321953344,0.435174998531275,0.514510010936957,0.703259399282209,0.659704135556758,0.0163622381398887,-0.0777145295553745,0.204909296164753,-0.0305501146068374,-0.0374165582289122,0.300805342483001,0.350050060966074,0.0899945683683646,0.41149754856576,0.322048851059035,0.520848309050655,0.350583442291698,0.188181378111826,-0.0912247341546952,0.0567331531348296,0.253346792352855,0.239216647213801,-0.128590766371698,0.475560744711715,0.356816870340319,-0.0390809493008109,-0.196876247757624,-0.222933564910106,-0.0724161769661075,0.432042737925185,0.584938138208826,0.38589965638868,0.122677348985327,-0.0921156174833135,0.242057603386156,0.233451335239314,0.0648631604951222,0.205535087302228,-0.216042700486456,-0.0212244534908382,-0.364660428831008,-0.142311107379025,-0.489795347221721,0.113324230530569,0.0658365837023474,-0.359889603511901,-0.224452263389241,0.0303763096700717,-0.311725502945468,-0.036331097139511,-0.476511745501738,-0.083170629444264,0.152092495239812,0.0940034618047016,0.109856808447041,-0.0132070189565785,0.0673957091718212,-0.113305800158309,0.131746965163728,0.586585859389015,0.0964812169296267,0.593989857454943,0.290082042426838,0.246483228868122,-0.217986128422601,-0.459816620945271,-0.230506796388054,0.239356527030082,0.116111765867132,-0.327456563045664,0.483423499591981,0.533538874251952,0.381476385842495,-0.22257128284253,-0.24351086635734,-0.483490447256046,-0.311511299298188,-0.238238503522966,0.160158177740605,0.32462371903181,0.212047646898425,-0.215654874138411,-0.0478453695889051,-0.0711437981783373,-0.28876031021109,-0.422982315584176,-0.177232822468021,-0.08688714227487,0.277918484786275,0.302343960922502,0.158747154842489,0.0982409378117718,0.1481742841643,-0.0306710530132949,-0.180712362081352,0.00308998590552861,-0.39350741574893,-0.192132608635186,-0.0561975102556358,-0.16514845482102,0.45118485566054,-0.267784069037132,0.324157206830231,0.125333907464089,0.279217016021407,0.797617960858126,-0.717145644063969,-0.127381751546342,-0.390550899814545,0.0737777625469862,-0.358839167166259,-0.369066006057711,-0.184829692959276,-0.412775939446583,-0.266694851364631,-0.120311091706057,-0.0867445662148388,-0.314778138644805,0.0475035254094478,-0.0477318362621531,-0.277131451446339,-0.741503105267603,0.133112747575457,-0.130602825337609,-0.27315765617144,-0.0922898829852058,0.399203194183834,-0.261114623000991,-0.0708509047118531,0.608624796520712,0.568741027531765,-0.0912107574430709,0.272156677396882,-0.0329545348173316,0.268684430129657,-0.249328182018961,0.0320728660333029,0.103099201274842,-0.0164086421941452,0.0905249525218741,-0.224939092203987,0.101026195627946,0.47586337029525,0.2866651948733,-0.010584203248016,0.0532943312109852,-0.354429598921863,0.0467697008802182,-0.16506737059696,0.0692624326532335,0.0837590284813293,-0.824352744499079,-0.257135438949982,0.376013488634686,0.172490874031239,-0.0539346081136466,-0.082232489044006,-0.312913822210651,0.317330972568688,0.50660320808866,0.503184615461933,0.0788931910767875,-0.343332197759149,-0.0632199282765283,0.122003098654949,0.391564727243,0.472169534911445,0.425592065428644,-0.0173209359743289,0.194176604309358,0.230677514651915,0.654136675998445,0.662309536778852,0.373015210240313,0.0753800484045586,0.0638789816829984,0.0411032453333353,-0.398131405629655,-0.213218216307867,-0.161729959042359,0.0211395795543348,-0.141952424137358,0.0920428937358694,0.93856830694789,0.452316928960107,0.227334972954289,0.0511240311284218,0.0203552200393369,-0.126018052593415,0.14165270258877,0.0102038288702096,0.234020060354542,-0.237470319766629,0.0126457133041519,0.230634769856744,-0.579855877304298,-0.625599602049001,-0.282649261890392,-0.136446154032148,0.282969490215824,-0.10167846036671,-0.420060787902156,-0.352749418488846,-0.1093826935088,-0.106339653020679,0.17049476578709,-0.272712998538952,-0.235450670152728,0.272896766608441,0.0397551142412961,0.031950578729934,-0.157701228923789,-0.0308259519729639,0.242905759699667,-0.065483282208853,0.202673303978134,0.644742671237711,0.393552688312992,0.615286289754363,0.465204256715963,0.0908258073434143,-0.174143400588312,-0.042878888270056,-0.0830734122266749,-0.405926221066781,-0.36902919236585,-0.213325279629977,-0.285662693781132,0.0283813028549744,0.069394662508817,0.641509077618504,0.197944868409979,-0.475746972366152,0.0667090271808338,0.0306100342023148,-0.0179472554133836,-0.515983376551157,-0.553692464101907,-0.15067334552311,-0.228510860298075,-0.409739843142963,0.0876133847674545,-0.553791687822601,-0.424806645003883,-0.368989321543864,-0.0850481689285405,-0.519279143075383,0.401419685472812,0.413066366783106,0.00319434392870947,-0.164186808072376,-0.220069472259243,-0.508292052781691,-0.454615747561181,-0.39380153398042,0.24508054271991,0.041194697631664,-0.416699042866804,0.156878105988866,0.78562091699086,0.637839258489276,0.103055723388616,0.204696251527437,0.455103938397099,-0.265026792562871,0.081966678912854,-0.251074921519405,-0.0684675649750476,0.119152586099869,0.702998810429213,0.482940810408921,-0.0489962576740443,-0.115707539636844,-0.271145202126957,0.281678638526625,-0.0772777980660989,-0.353279351251295,-0.174610961817967,0.338231690140929,0.196413774499587,0.446355145693285,0.740102977169763,0.199489510245269,0.0346552237922309,-0.249281669425346,-0.232301540424068,-0.0388073369435663,0.066356415575898,0.191572172897926,-0.158297308392092,-0.277231495427815,0.012100800949432,-0.473899833140274,-0.34224393335126,-0.0756470131980659,-0.133884257353423,0.0213308189975142,-0.0628761609793236,-0.200660531167857,-0.140337962218117,-0.604074348599323,-0.426038355812617,-0.48414681636841,0.128432596684563,-0.128219429193873,-0.250323752679098,-0.103046313568101,-0.421374575992428,0.0999199899833359,-0.012896281237202,0.170617209915122,-0.0672102882302169,-0.133555316410591,-0.589719498731896,-0.290364626077446,0.268769488488807,-0.137754977465249,-0.49346372250345,-0.145162112733314,0.424680848656043,0.133659687055415,0.351728634002318,-0.155627119555165,-0.294427907147737,0.116268352241771,-0.0750015503660372,-0.185548695888456,-0.192778387457003,0.232046409088681,0.644467019736891,0.79447669542509,0.374857724162595,-0.136945011472835,-0.30010596006925,0.150009589524837,0.0577968722417079,-0.0292121124458142,-0.0959603123064441,-0.206458981251746,-0.0503033181958082,0.648893894683997,0.498516311900821,0.383216303671319,0.144947021272967,-0.418748734078601,-0.0548248020834142,-0.159475136892545,-0.147463132544837,0.0809940717264276,0.122235651224677,0.122862478847311,0.438147100665336,0.300468460402426,-0.531725164070624,-0.276261086145543,0.159358276769365,-0.129243636594687,-0.257981825852907,-0.00792642388812413,0.0921744467021276,0.229878367570392,-0.101311647004519,-0.485160648920415,-0.293120401127197,-0.263324399830017,-0.534886430124181,-0.263332124837934,0.460208007387519,0.11127276848703,0.204783599783467,0.0184697100248085,-0.138357631359437,-0.63770578531609,-0.532002239820203,-0.436413286081654,0.166874359870936,-0.748512068838009,-0.785926486642429,-0.277096227488619,-0.36457167882606,0.167401108209233,0.267211298548255,0.546718461202159,0.00812455032232283,-0.0166351971535534,-0.147059479279606,-0.0865049807617621,0.1191496500839
-0.0331160632033075,0.0277920167783417,-0.0168699820587104,0.0728432967578294,-0.0363530680433305,-0.0520525610007099,0.0116894066306897,0.0903748201852731,-0.0339754423062629,0.047915459983707,-0.0880197850970739,0.137322492438093,0.00259965569825599,0.0610183938991199,-0.047777651723337,0.0277504308184952,-0.00623620096069462,-0.00812941914416686,0.197320105290475,-0.0365327421714259,-0.137136398951265,0.0622282244679242,0.0780931169338159,-0.143475138861159,-0.237373971107099,-0.0458557831866219,-0.240309702475954,0.0605063327523298,-0.0397123959364173,-0.068132092430372,-0.134635772560258,-0.0612416176426678,0.020630640426598,-0.150435934226078,0.0833962321872674,-0.015783026083063,-0.0272050325719489,-0.00229613253192493,-0.0186824458599725,-0.103646300259632,-0.0851112472462842,-0.273538754942708,-0.0151686766921329,0.0403154564337686,-0.114346144004009,0.0212771852817218,-0.172831665352544,-0.143664841444387,-0.0328724911383664,0.124047036835013,-0.0601069795354063,0.0106855172808079,0.0384692931088898,0.11088728075085,-0.150186688324985,0.00810643588329029,0.0813161778889432,-0.145963111489762,-0.143570846122742,0.0244695971114645,-0.141464625475666,0.116960688163375,-0.0882709741848366,0.143662398068753,0.0520722032762893,-0.0795907602521152,0.0347467386576062,-0.197838919208957,0.182501912304129,0.0295916431006927,-0.1502179785077,-0.154536256984525,-0.0851475481399288,0.00761561285987707,0.00416141789726789,0.100644621107678,0.112791562895709,0.00800604627902855,-0.168093262992205,-0.281744385648214,0.125595839364369,-0.0588676132955664,0.132614822360821,-0.0357569774263764,0.106376848027362,0.106328859020378,0.281757388620981,0.110841475323578,-0.0435397453354867,0.04179473817887,0.133014731641478,0.0165118145353358,0.0829575820267367,0.146564672372472,-0.113684428791165,0.0103856854228493,0.0395229008853984,-0.00251085570356609,0.0425760220247255,0.00107125096272609,-0.162133167258996,0.120374928019178,0.0879050429333576,0.0439130681653285,0.0268171751964174,-0.127708359524804,-0.144942008902823,0.0369338724425328,-0.170924749752361,-0.144915756888299,-0.00262929137947602,0.102932386050177,0.0790216966178664,-0.157405914333715,0.170749162369698,-0.125688484710258,0.100781788697433,0.0633166539411368,0.0891741629048168,0.0805268808957184,0.0988256943951289,-0.163900782919118,0.114891895527212,0.0316040744321492,0.16445779414381,0.110700216553921,0.0099470412875002,-0.0320587722033773,-0.0272626576352136,0.00893035728064444,-0.138997623064727,-0.0764883019381427,-0.0336842041337649,-0.182212305671588,-0.0229320410221141,0.00511034149920586,-0.0214115023875155,0.00455629862969689,0.0273768810188979,-0.124564579216684,-0.196657097063014,0.0552519353477294,-0.0485448291098199,0.0691347744356299,0.0115480297867428,0.0940549671238741,-0.274048794827283,0.0708515060651763,-0.0522754527218855,-0.173489360914278,0.0723553419465833,-0.0596962820359443,0.0762320729658153,0.0276355468731954,0.0670018918092876,0.0361493845886298,0.00236503819582234,-0.0875393631830375,0.239288218314225,-0.176849945334626,0.126024867188456,0.0114435713307589,-0.101346322599794,0.106587517524015,-0.102500498175496,-0.0744099090860277,-0.0486051514810693,0.0783997788710455,-0.0370901083535094,0.157570381334135,-0.0384512500060235,0.226509695821223,0.0365655348439366,0.0502289986324224,0.159986665395824,0.00160171360709159,0.119928101239834,0.00605428512541092,-0.0896594398448397,-0.0143253306349222,-0.00823955245790069,-0.0857906275781131,0.109955034495703,-0.00745388484409787,0.109270945573279,-0.0974709604305575,0.101075709705822,-0.0317778388406534,0.0602975065922338,0.00796704018247274,-0.00540380240199349,0.038414675463019,-0.0775244786338542,0.175837740116576,0.0666764279005254,-0.10445946071804,-0.12853470570248,-0.0192663634110109,-0.100177141168793,-0.294936717207159,-0.0858904290917828,-0.0744186515843966,-0.143498918798137,-0.0824190200188305,0.0639352686356385,0.036230870990911,-0.0482518673715255,-0.0483600712798693,-0.10478512471396,-0.0100750842109494,-0.0727875155171934,-0.111986652130641,-0.201399864772491,0.0283840209955834,0.0445096400645041,-0.00239561911984301,-0.0537338643653277,-0.0559981809918283,0.117390514790804,-0.107327216261269,-0.18176100066763,-0.16845111232912,0.122091195046574,0.0955620255899704,0.162259817232034,0.156762190507171,-0.109139271979753,0.114754488133258,-0.0727946148426598,-0.200941118023593,-0.0163325631205808,-0.147841366324196,-0.150492802903998,0.125639870479322,0.0199721875287581,-0.046732195780046,-0.0422644529524154,-0.02436249729788,0.0249551447777267,0.0777666290780952,0.153772980145519,-0.00728066451557953,0.0135451404496272,-0.0362749603391182,0.157564455675539,-0.00114673278068544,0.234254579473197,0.148124110891582,-0.0245466228869494,-0.0536036100458742,0.00935176082413077,0.00284327241704439,-0.0217131364770367,-0.1228538944726,0.10240481712511,-0.0162469838669254,0.0812618159014989,0.109736750212829,0.014746704142517,0.209067286342657,0.103267549441901,0.00584879742118733,-0.00675518934689305,-0.049107829388869,0.0149299096020536,0.0431638615086646,0.0786960452985769,0.0170745889091079,-0.00630608011811474,0.0510050039057675,-0.0562561968119472,0.0582232078860495,0.000158731633871208,-0.19239938004386,-0.183333539381505,-0.113199069862769,-0.127708025333927,-0.159299456610409,0.0443276087456257,0.111714753066781,0.0810531611010814,0.0837324435912802,0.057942423864954,0.0081869910436308,-0.099216803285519,0.041663970387273,-0.0602079785632526,-0.143164283256387,0.139536759528101,-0.135265366444231,0.149138983016124,-0.0847547422439656,-0.00511165975388941,0.00491015483196989,-0.0913251883481712,0.0767314136672912,-0.012071339219572,-0.0656725078365635,-0.0419370455272632,-0.0752119302582916,0.131290294655552,-0.0560028759223653,-0.135185739541444,0.00404325211211158,0.0742540618963134,-0.0653339314721316,-0.123166081638141,-0.0674373190048482,-0.0890414492645416,-0.0325778318655966,-0.037638910377847,-0.0503298841938183,0.0645174174131292,-0.190775236662554,0.0105084023221619,-0.0225724421992027,-0.225205642875216,-0.00138588566355142,-0.0246286255228202,0.0819577913236009,-0.0867012810632478,-0.0549806285531598,-0.20802790881673,-0.0296716830325674,0.0325179940519172,-0.0451881698796961,-0.0223946095667792,-0.0235062963810434,0.0890322300818825,0.0923607895851211,-0.0242732800185471,-0.0511909853225182,-0.0749970839920207,-0.00768306307477544,0.0619508369973411,0.0517363194302845,-0.174905993179001,-0.166518106741804,0.00874944151638584,0.234646350324799,0.151463874905333,0.114501947749978,-0.0524545761373962,-0.021188439527427,-0.0197376286224725,-0.00213781738163551,0.0127860250044864,0.0177611630898917,0.00682717371289319,0.046814223147352,-0.00872576985166962,-0.176951648325062,-0.0432544765014358,-0.0836755531495244,0.0356395780595456,0.0305393836589979,-0.0703219691283345,-0.1145918959436,0.0374378645488426,-0.0665806788261754,0.0399610941962334,0.172741387543358,0.00809214661249992,-0.104963699863634,0.19330886521078,-0.0727004246798379,0.0303438285432812,-0.126820439293441,0.0123076051143079,0.181282259226745,-0.0912267487558585,-0.0590260359718701,-0.0934975100057892,0.073341587552411,0.0876500809409733,0.0383047971648531,-0.154727324836594,0.141338670063162,-0.0436216084774997,0.112137865074317,0.06746898674734,0.127832312386818,-0.0542378618404476,0.0471048842503391,-0.048625136394003,-0.0304203994640467,-0.164309250483516,-0.0109689248313924,-0.0737341223391244,-0.0953891941909231,0.167038969977383,0.000243380284995355,-0.162602228287023,0.0429380417774937,0.0114741325696169,0.0342208318871853,-0.33111657099431,-0.0225893525432343,-0.0144900584497524,-0.0830230827949541,0.0114466982019209,0.0234266698550819,0.0501600908586961,-0.0372830684205686,-0.129605624033751,0.110979469980828,0.107953009914488,-0.0160363711085566,0.0744045152367485,0.0801777890576357,-0.0688133452552398,0.0373325414661328,-0.0241056181983568,-0.0779997368434766,0.116849792670161,0.0786965016380212,0.00517050068206323,0.0108993954534557,-0.148104755458348,-0.0577901072011345,0.107475121456132,0.0712857553297608,0.21345555741047,-0.186186303785792,0.0893803602138047,0.0724048298543508,-0.0109691711338535,-0.00625544924839482,-0.0593666885391122,-0.179755225801907,0.13147800292931,-0.0153198921770394,-0.0139853913520371,0.0160853844920606,-0.143278393540706,0.106049729146316,0.0877687979547068,-0.0919228690065614,-0.00791116786839167,-0.223777450462602,0.132433855798656,0.142783477912135,0.00370896196096469,-0.0123273569708479,-0.213801188773452,0.0640817088260019,0.0407453690105836,0.0279839874399789,0.0956869492144777,0.0575187285559477,-0.196466937919605,-0.049588110546778,-0.0665854833401299,-0.045597681594307,-0.0436918150647454,-0.0985539121781595,-0.0280250291889928,0.0222857219713872,0.050869776904547,-0.0948142366965922,-0.0456373728497055,0.0449138020223533,-0.0692515690456,0.0525262873722564,0.0248698066132085,0.157323524445267,-0.18525696171223,0.114204643210378,0.028582548237614,-0.109378666442126,0.141982145874022,-0.144794049671848,0.118151116263639,0.153571773331894,-0.106870387314577,-0.117199705590828,0.00264329134975922,-0.0567632915183526,0.0999550162816325,-0.0304167849761901,-0.129492422523694,0.0940154398556615,-0.053996928989625,-0.0261963892516,-0.028622339844089,-0.219721399327815,0.19573524905833,0.0413697726534054,0.0723877424317853,-0.0165761904432843,0.211731386667907,0.0144683071778245,-0.113235696099527,-0.0613470038796851,-0.00617345089267328,0.0875630707658162,0.0322352863066825,0.102447819148474,0.0526780189416536,0.110430987467292,-0.280912083709403,0.0358920790569872,0.113983033498181,-0.176284814869044,0.0779499749746339,0.0656178033648804,-0.0851023476763975,-0.208427815628782,-0.107062410836702,0.00105717867904709,-0.0469494710823542,0.00909173264008606,0.0306707915589262,-0.124041425538817,0.0166983897465871,0.0110764944265031,0.0368687101953066,0.0611756391556604,-0.0385814535162519,-0.0082818013395377,0.0843710562311227,-0.0263205914238014,-0.0684504910284104,-0.0706278314484899,0.0275290388965515,0.00651863446252509,0.0358249047271321,-0.0742802535654171,0.0450618168962913,-0.0392502067617741,0.0350954405981271,-0.0386728100932905,0.166938244407313,-0.0858903894998769,0.10798476081386,-0.0888251577217093,0.0204336553113688,-0.0519174764737298,-0.124277852467838,-0.106505908610836,0.00619148088472955,-0.0365825466221598,0.00556728296450254,-0.138542824980496,0.00912799147130972,-0.0318116438617259,0.0276264774661502,0.00702813089250483,-0.0986031428703851,-0.122943606100553,0.0241932242796454,-0.0552108515218851,-0.027667860205654,0.0940428164346624,-0.119429137830451,-0.119663962137633,0.0230559548438081,-0.0236038895944896,0.0556935435619043,-0.149600145008093,-0.203559293125591,0.0149647484957812,-0.0135751016273127,0.048784117994122,-0.0900341467912533,0.129925574989507,0.0572241775800611,0.0604969054755067,0.089603750536214,-0.0629833635245207,-0.0248043046849112,0.00250058540958285,0.214745738864535,-0.176870356414609,-0.0206258113723121,-0.0589989112704774,-0.032914956689478,-0.0218851773394848,0.0748759397561002,0.0279447431848487,0.0604508918506637,0.0573256114423987,0.174887341248093,0.104730423983955,-0.0515645765551986,-0.0580918691073394,0.00370119527091924,-0.218779144675761,-0.0917123822378259,-0.0739194166025504,-0.126456845345569,-0.0636605007499382,-0.0341359567456243,0.0952666329938903,0.0991832072552588,-0.152414471690303,0.027643053818628,-0.0398316093473372,-0.239013771203029,-0.0278326849694563,-0.0900182159695172,0.00825949068188089,0.0310339844392502,-0.172882290193177,-0.0934301227612175,0.125982078312269,0.153658484654552,0.138090094679755,-0.0505524110848142,-0.0670135554367457,-0.0804450909692927,0.0897281265399246,0.0839644491379753,0.0800596575948679,-0.100348770547616,-0.117457632451807,0.0216563706796463,-0.0965885981267378,0.182135529808147,0.161507185013761,0.0412511593445345,0.0228074936083993,-0.0633237992356549,0.144425634837508,0.104098116038558,0.109070639613972,-0.0330736383671474,0.0523987170807691,-0.120764270833244,-0.0412036239951903,0.0211056272523171,0.0830692500683625,0.21658987100556,0.237556054566771,-0.0104699360946618,-0.0792890735477022,-0.0753398516057526,0.0818288865619753,0.0150468566902247,-0.124473584358797,0.00138851434649904,0.0586617151603294,0.0540552890441582,0.0594981938362579,0.217400585677944,-0.116481406037784,-0.12306615714571,-0.0333757863185496,-0.119129449028121,-0.0757313506253123,-0.203663165114011,0.11730027007732,-0.0808708024642265,0.220218992069528,0.129722147383183,0.0599155690362389,0.0479278803198792,-0.0477215369198048,0.0423388624129268,-0.103518302128451,-0.216934743354657,-0.120576420555018,0.200559498064444,-0.0488420748106311,-0.180904818883799,0.0180152328750534,-0.00917449780330637,0.177066532957428,-0.169030676674074,-0.0190663027952531,0.00818747646486508,0.0078646797947958,0.00470650092348265,0.00256371906855964,-0.0649703045845645,-0.043819639304307,0.142160600490822,0.106284873413154,0.148562210794043,-0.070258859657191,-0.016935713531273,0.0889887194668159,0.118247105364564,0.0306217557233591,-0.039716133252348,-0.0298881020604632,0.212246495150726,0.119661658104477,-0.171667731878217,0.0187776078385764,-0.00643485701907499,-0.0808489474189694,-0.0458119070490794,-0.110835890364214,-0.0590140650891172,0.0854029068684492,-0.0165113795911641,0.117304653072897,-0.0450108234446322,0.128825739146553,-0.00804713985995241,-0.0136043174113208,0.0677399184715343,-0.0321535010164112,-0.0418996464042099,0.0221329326377382,-0.0679065183986926,-0.0409256142669653,-0.0179364862287534,0.185797393969326,-0.135555696752304,-0.0830180455824036,0.047081073866663,0.00638491000647507,-0.0574394519490243,0.0458811394362881,0.109120663317795,0.0480964434312394,0.0618101438892596,-0.0180555299360158,-0.0697687211389968,0.121707790551417,-0.143824411195868,0.175492762599285,0.164332914858181,-0.0193080988811479,0.0815850636838609,-0.0296814091254432,-0.0659966990648625,-0.0095008136081223,-0.169511517213045,-0.0778591116209131,-0.0261586807576618,0.0490462579722625,-0.0362250487592816,0.0569229608207334,0.0729371839569493,-0.0677598113884791,-0.0715764211740781,0.291500368906672,-0.15165861175243,0.0160889499082757,-0.113406125664677,0.0883072798970394,0.0149899540992165,-0.0460748776638986,0.0343343276989215,-0.191745231375889,-0.0845131417127836,-0.100959096691802,0.0105220564731108,0.178516190471769,-0.0300037524198577,0.109617309312973,-0.138976331016573,0.116258422731394,0.0751756157965639,0.17058322252076,0.0404980930785351,0.133630474291786,0.0873887025713122,-0.219109453012736,-0.0106718894585833,0.0318956223349569,-0.23232009097029,-0.0289077079678315,-0.143826563013349,0.113358460402402
0.142304577141256,0.195706075420292,0.322518012803647,-0.0374838564561814,0.0229799708016323,-0.0103899344180764,0.0653019272227225,0.108210243530177,-0.349234136512415,0.106744964394568,0.147349343598943,0.0651561697676789,-0.268485867200998,-0.180447827151306,-0.523652854705071,-0.326208050632808,0.29209666510773,0.0663763232119267,-0.380453371746668,0.0405460030966781,0.105247981428479,0.174548111755989,-0.0763589558598751,-0.197190488761249,-0.160947798246962,-0.56555062578146,-0.246602434113213,-0.294259223219378,-0.853778824478561,-0.49718614089014,-0.448835671503642,0.66462360187826,0.537289841483713,0.0367241620967207,-0.0220454110913036,-0.403654975842119,-1.00454840155708,-0.316467572998463,-0.41030716061128,-0.289245848977042,-0.109838420697069,-0.339505740683779,0.402968767405027,-0.0824277806923445,-0.210253517849248,-0.273220764849182,-0.575255001178708,-0.373689236945911,0.12492543140955,0.17333591205064,-0.313583544047936,0.102586758578635,0.124501799726184,0.184258800896786,-0.18190183388832,-0.407104404315365,-0.49122235729285,-0.619933656423843,-0.153309397719523,-0.258742884022301,-0.635564710076081,-0.209890941584241,-0.111347211843066,0.0241573436094625,-0.107077279887901,-0.550142545744676,0.0849988911855004,-0.00549210826304212,-4.30809936379402e-05,0.169130861598504,0.00225474257729961,0.104997442279369,-0.299956324528415,-0.187890571449804,0.163375525950727,-0.258081206277853,0.0460863893077124,0.592526884254332,-0.0500383589457974,-0.274651582201619,-0.0415675130239128,-0.369117767081291,-0.115059138493361,0.0597362875851699,0.104366850019588,0.147493136508744,0.294391436228574,0.12775762519415,-0.0832106087219976,0.0953129954919147,-0.635766371701874,-0.0924265754036928,0.198963703762638,0.622173046511174,0.102177822563284,-0.0327590520968462,-0.0225903893722349,0.545961142859874,0.391529831962301,-0.260852177560018,-0.163976800301942,-0.060939982040735,0.275670686654254,0.153422578753505,-0.114043220034859,-0.195218103192241,-0.467231261967452,-0.570252713997935,-0.188863774498927,-0.180299096366512,0.38200969817393,0.335777838661664,0.0549114524967277,-0.204296410158905,0.109495208337476,0.385873675024795,0.35110119355307,0.331410874491913,0.264804343901855,0.618535839177322,0.570859360585616,0.0917606702038209,-0.314145822409343,-0.247520223816268,-0.0882984915583893,0.270381265005635,-0.092844555213255,0.178467423895938,-0.00127526222112176,0.0436300106434189,-0.788210461781612,0.110911472687765,-0.148485959996751,0.115311180872491,0.225697312239965,0.294467744598839,0.232099671373279,0.0841516780647987,-0.191050729729676,-0.273015214386726,-0.369444408956729,-0.723237298417709,-0.502649442098717,0.11240938730031,0.325475601106631,-0.102576709689001,-0.111040315365106,-0.248460266130288,-0.250162129555633,-0.230547676219302,-0.312084703281577,-0.101344022194358,-0.285622456334319,0.258731565620278,-0.0489539101219894,0.333528723514617,0.0193955417194313,0.0122882914333403,0.129976987482296,-0.118348193685026,0.0751551389643044,-0.312633843293208,-0.315044526447069,0.0436170082541268,-0.190895704526436,-0.146060228775322,0.153225377475874,-0.357138096695687,-0.0643399528680919,0.395584808053758,0.17961013783734,0.482159163731273,0.510905878476322,0.471555624298869,0.570746875304158,-0.079959279857322,0.407234733107948,0.173809972664844,-0.057629897343591,-0.261647189350397,0.0313061899550267,0.209626223881611,0.112762685058249,-0.200493713922041,-0.211313724455817,0.0658296602073199,0.0337016388452659,0.00221979632446863,0.705234679734162,0.254074824811128,0.426037074282989,0.112543254408494,0.0234946494582515,0.380928616786686,0.534923572157509,-0.2584640084858,-0.119023823878179,-0.145590056664092,0.15721452478385,0.0442208257065246,-0.137509368631143,0.106553078668497,-0.284456150554692,-0.210424265151318,0.688611585088746,0.253411391144372,0.520634248295667,0.559932247540662,0.0966196614147473,-0.12781621202262,0.401858307301102,-0.512227963176608,-0.809645443238503,-0.53158005683214,-0.397774125988842,0.0162240777918149,-0.06760482500132,-0.277118489321952,-0.0703124519679491,-0.0447449089362866,-0.362504082766731,-0.188545837292916,0.0607832918193636,-0.451141466698348,-0.809172482011535,-0.093914282876382,-0.23851096182247,0.228850775890683,-0.219295611147586,0.0249610529786699,0.0891256160704091,0.122550143472454,-0.045789107020381,0.702088380049136,0.219205098722665,-0.177523903952596,-0.253211930870496,-0.278951787196055,-0.737028145306748,-0.545914650795638,-0.357124828654356,-0.2110828033994,-0.10097273138785,0.333337564424089,0.450408010501609,0.248871553228505,0.563341424039178,0.0434737731699569,-0.324754770280894,-0.090442416123559,0.0323622583656719,0.426033648539025,0.453464281137064,-0.166899209754197,0.0829148243427781,-0.338714020520792,-0.350181996455057,-0.368871089020151,-0.433762521869959,-0.301051363174862,0.271626450010309,0.260383308376724,0.58225678675543,0.271747084897312,0.00573466255678909,-0.11260491777804,0.126541740878215,0.248823965109403,-0.419431524048782,-0.121188920342644,-0.860719944218711,-0.717999017352443,-0.367534752921714,-0.433551950337629,0.0606790823030875,-0.089008489387179,0.143196784376721,0.511541281360605,0.306398782622074,0.470001785522842,0.257719443435065,0.289509802815862,0.0601044021987428,-0.100723831979545,-0.303209753062507,0.112373670881159,0.399176907370231,-0.0568883355311687,-0.357039584790634,-0.302973826332855,-0.476744806850363,0.455503998325442,0.540626400334544,0.496889924247068,0.131850234488726,-0.0429566197433698,-0.324314717660612,-0.267861209406183,-0.134474623176481,0.201708113332469,-0.291348724093066,-0.0761769636826559,-0.30120117731654,-0.855209307249025,-0.0567808250059297,-1.05678199309385,-0.583107821725815,-0.413776053914583,0.00682246871447521,-0.252442312594359,-0.387725533191043,0.0290903629496156,0.221290621925183,0.323195090096886,-0.214829520310888,-0.281431563607585,-0.381666664457876,0.183578202700546,0.172797600509375,0.106427565688974,-0.196329913097852,0.0225119472231131,0.368354992145767,0.487277899912784,0.549399901435959,0.19999732890899,0.136007261480845,0.110791313154353,-0.0259144166706866,0.205588830075159,0.338984389872651,-0.100455628154012,0.188312501581529,-0.00959198254714422,-0.392755863313084,-0.0263356179259751,-0.393556787094,-0.562331516283615,-0.328323309490564,0.140291397289667,0.3107938234662,-0.0787878111738995,-0.0991424216050449,-0.2626397136113,0.0834726401384322,0.186237293521642,0.0501072549445456,-0.390162185449139,-0.287041816188115,0.185035065302741,0.0751667759603903,-0.442925340475197,0.179278693553875,0.413430073154483,0.688030566352844,0.70300378810657,0.454706559426085,-0.0483241189701192,0.307446572257413,-0.0682183497278442,0.422028797104482,0.256110667976622,-0.380168893348425,-0.197817135712961,0.307310585453619,-0.603636002358457,-0.293490685828473,-0.488064989822654,-0.370662210261871,0.196480207365835,0.147177583382044,-0.340010165639356,0.0665847039768781,0.405303922658027,0.390670034562112,0.120126442719077,-0.224247475021314,0.633633126305982,0.165272741631632,-0.308162305626985,-0.240042738973988,-0.392519286707264,-0.36554813963234,-0.707712136384843,-0.696475362832558,0.0773173292431308,-0.0014034935008997,-0.344146813579159,0.040450630310929,0.215842498213469,-0.25975258774631,-0.233675839163498,-0.171603994773075,-0.389137022300356,-0.400608476333325,-0.656049605048039,-0.458811722136696,-0.00118455152833415,0.17606108997891,-0.157485396464494,-0.317283811518758,-0.159562714811137,-0.0695902943448087,-0.217757805004509,-0.33043808617955,0.00931476278120678,0.407536051547455,0.0115964674267061,0.0762002968646782,-0.438518798902479,-0.753051517628106,-0.381465692122975,-0.18806579890853,0.0772334652301711,-0.302477396609925,-0.309186485496545,-0.110862330975524,-0.148855296426304,-0.0944526019360164,0.174857435793398,0.229873141094968,-0.0350866128392497,0.643978034934903,0.0943236598929505,0.35182779540081,0.0930019025901409,0.213689587528335,0.336303352702768,0.40058720446828,0.0157150223787484,0.206767370051594,0.0906211897744112,-0.19653585694895,-0.277016766348094,-0.332262668274432,0.0396944784335412,-0.147529895932414,0.128711839803773,-0.0311960742103515,-0.559741033854296,-0.068350167378558,-0.320236102661828,-0.507235175382391,-0.304308264827183,0.17599008973169,0.292951991236446,0.205208471295489,0.032160554634521,0.071847701820707,0.0912536966909983,-0.648159849910533,-0.478376772749207,-0.313357635999627,-0.136103591194085,0.0669830090313211,0.133109086138814,0.503826738521601,0.167848400204653,0.0422947552573508,-0.348413105061072,-0.355114176794208,0.200745583875471,-0.0599431661819188,0.279648797611299,0.466492931317486,0.656932799742695,-0.0859607602282497,-0.0684276628956248,-0.230383216738722,-0.398812229849221,-0.317374928057022,-0.0768908778801306,-0.180427715214628,0.0695542435955384,0.452434044348874,-0.124381991600751,0.231128948918787,0.207542914752965,0.344230087651363,0.211548132392966,-0.412985449805134,0.111288268398817,-0.273993059867539,-0.170601044851707,-0.135711238087203,-0.71088081394592,0.708290453697578,0.168735570206474,0.17290015809471,-0.0467892437302844,0.248310029949487,0.425460337532984,0.0569163814882991,0.359721245961946,0.280262585374922,0.142212487678543,0.222752273982287,0.248957337056472,0.0110851262896288,-0.0123356998346783,0.285458342231836,0.715874245029206,-0.200955996627906,-0.0281924374201343,0.38070415371352,0.116597579806757,-0.344805496183609,0.207192725340722,0.14848140478889,-0.440977018131282,-0.520566055403745,0.00805791406653005,-0.522171177604716,0.138736149691605,-0.287083358298676,-0.164772676185849,0.117101218657694,-0.155329810945213,0.130214810097308,0.0701212359386634,0.216910032851328,-0.00468846274800037,-0.414285116709322,-0.215283972545276,0.131903767556827,0.196984032626242,0.319637747018034,0.236128598515287,0.131856896221582,0.148375807116574,-0.000749543231175005,0.766878707921477,0.233781282298727,-0.322522816921259,-0.12578213714774,0.190362246829586,-0.132041217997091,0.295280041154299,-0.391881040518876,-0.447519148907822,-0.45860979805074,-0.309421385969591,0.297744917971042,-0.0312474857907993,-0.0768540804851417,-0.270009675680547,-0.450215491716826,-0.455405019016768,0.111040046930626,-0.281797454308444,-0.102094025584605,-0.557042831721608,-0.632773973528434,-0.35035492908639,-0.440673288911013,-0.180578892956477,0.146766679903556,0.591542449978772,0.440797554362468,-0.0251381485765038,0.0483530919856293,-0.119908268220737,0.0524043294449168,-0.975399356711255,-0.662910070759039,-0.252576746287733,-0.175809632793952,-0.218800372834649,0.347945234991527,-0.28843152828388,-0.0268524967827629,-0.0727775671184315,0.340288956149714,-0.00421485732489921,-0.261847449981189,0.431714851047069,0.202781340648615,0.281382116310016,0.155695229453812,-0.518963942576789,-0.0428562106997557,0.31453773513218,0.262319169279294,0.0403144596775709,0.248605958600925,-0.17051734993988,0.104038220971558,0.212734111566681,-0.0908008585088959,-0.104483146934851,-0.113910408621371,0.0228576262390437,0.126434986060118,-0.207975953115049,-0.0393005096280251,-0.218777028397817,-0.494623804839706,-0.427561271312684,-0.417123459999169,-0.45997169077124,-0.341413717372489,0.274672976397142,0.282995826775713,0.25542617760222,0.268802708493383,0.343410219249558,0.141947894646923,0.293225120225324,-0.0551592995114212,-0.055680078993676,-0.548989849949265,-0.322379311941148,0.1525646230949,0.112389035059705,0.147631443612301,-0.352240203844594,0.590161906369284,0.507271192939608,0.195296237397465,-0.0300802019700407,0.32179422095934,-0.0456108751393505,0.533544227065912,0.248581217213242,0.465630739385351,-0.11878519475541,0.261042561355964,-0.390581384886856,-0.333304465190275,0.0230950551035114,0.344744251336875,0.282684495962707,0.369080620162855,0.714618368705124,0.370883995795611,-0.453157516634617,-0.000344310978324519,0.298132408507147,0.00505988000979469,-0.615835519159251,-0.535838768902816,-0.0675162842049641,-0.311900476891519,-0.246436081023575,0.211589153571034,-0.269827544509514,0.0932900233159861,0.208437841964738,-0.085911620527093,-0.551356677141195,-0.701446258617358,0.0377540030172427,0.0595127121182823,0.369778163359972,-0.342303855330395,-0.0700488767849248,0.310893433236865,0.0946205577379716,-0.462731457639934,-0.278512489178681,-0.258076795318647,-0.799995383572768,0.0448607040502913,-0.121503359537019,0.274354759665495,0.0473470086092327,0.0895298236893061,0.0215684681277861,-0.218915026400179,0.2290391204796,0.408845441389538,-0.334471139632229,0.345513539396366,0.225246002921591,0.124668675599736,0.175264594918775,-0.102292542897419,-0.245826726525277,0.23109105695272,0.0307865616930953,0.452193721915745,0.512473178754466,0.192466681946511,-0.346224555078165,-0.0425251777045609,0.203865199474912,0.259829247323543,0.244780005550298,-0.04870584998573,0.0318572754561041,-0.353327508151867,0.248901899529897,-0.0784894570298597,0.549251508081452,0.123075378339101,-0.372653457636922,0.0846280594024031,0.221560406100795,0.189874519264213,-0.292612349391912,-0.196319025450685,-0.462076634317615,-0.0789708836582059,0.327834918111262,-0.16084573830024,0.10014655424214,0.34117564940364,0.40014971576666,-0.222698632905874,-0.584618424034321,-0.714681087721245,-0.221318396677375,0.0689053235134041,0.166138307212449,-0.0333735412622697,-0.00844206950250639,0.165370417000852,0.104192273420146,0.122033984925285,-0.0447702409588262,-0.733608251900363,-0.156568570006467,-0.503415804433855,-0.246163471980327,0.42521001365808,0.0267652737154439,0.0281944522304918,-0.0121494645545008,-0.430816430495478,0.0322607225227953,-0.221116065302561,-0.563779288996415,-0.231558173250626,0.374011476054327,0.181750671416274,-0.182783669114198,0.41855450577457,0.107134677364841,0.0969131900183449,-0.0405582311220514,-0.174367230799662,-0.0555748073997231,0.411945704389591,0.377964116276088,0.130074349826345,0.614915568504694,0.139396267879709,-0.33476750882901,-0.0456519408241613,-0.168881227877672,0.10965506955236,0.305755301113666,0.736566279279305,0.62323548269336,0.651281152676964,-0.114292357214959,0.736455978540719,0.867243052835903,0.217309965507858,0.532429994595186,-0.281745295885092,-0.486090794436781,-0.351156342204268,-0.126356546988181,0.106225625993652,0.146614281104276,0.078484799600537,0.00501734112339561
-0.163355601876938,-0.126611684364241,-0.176844529791769,0.170353786122068,-0.157890434845759,0.00175406324269007,-0.164424418343364,0.0490736309148752,0.308703167901463,-0.257454072328988,-0.102547060481462,-0.0501958828513578,0.27684621412686,0.0810137886895756,0.347375519453745,0.0621555868039886,-0.0467587801006606,0.0705724053323155,0.369950319028149,-0.0643371706373731,-0.19397433645702,-0.146469499000735,0.01796789060635,0.395498405759713,0.0712266238687346,0.259077019371618,0.128497175853872,0.185206359385583,0.607291635376746,0.319603144952636,0.286275162812982,-0.519943358209736,-0.446338966544105,-0.0185037101793479,-0.19632808284586,0.191199975665736,0.517076842931659,0.208236899240968,0.293679994351518,0.191448209781018,0.0520446708518661,0.271341057084614,-0.251999499427264,0.229347067511833,0.238547251040145,0.115292188599502,0.524668719635759,0.298914898987428,0.031171362306541,-0.0352475892136671,0.181930001857978,0.00298359363822794,-0.0424142097436372,-0.347687275589264,0.0508026035370851,0.217167045694726,0.235763017428739,0.298235298931321,0.202436164713934,0.195574628879652,0.423344879476912,0.0432710143632688,0.201492829026762,0.147898864309931,0.0174750860516623,0.262493631144552,-0.0834861812335066,-0.0913496643976421,-0.0225841614862474,-0.199522852713492,-0.114594744551613,-0.303389416491562,0.26072137521059,-0.0446208871855385,-0.182252333155594,0.0809019914019817,-0.1307131314335,-0.126334235112275,0.000692529704738522,0.0825542878007086,0.0771418845753758,0.0796974692598471,0.0665813300266107,-0.0958968985389846,-0.219294450424409,-0.109722589879946,-0.314774361210826,-0.0734988221533596,-0.271481162728587,-0.0211477457240375,0.451675157899828,0.33728402589523,-0.206442039904359,-0.208786434368822,0.0809665533937394,-0.0737318889186119,-0.021474147900021,-0.206908091660359,-0.152781038220998,0.208849816406377,0.111123330898579,-0.00466474350765473,-0.0686765354670373,-0.0521030847159535,-0.0312885585073958,0.160755910410829,0.196288090441906,0.251513089127742,0.159779331910029,0.143928373980654,-0.155552176169832,-0.226945788122652,0.0510997224448957,0.283594662543216,0.144441002841029,-0.242508602410409,-0.238877326153008,-0.0331120270148644,-0.125461583607308,-0.429502740290864,-0.369737047590337,-0.0334337359890412,-0.0922508552549471,0.274987918420992,0.1841214398852,-0.154973952540678,-0.0658457709623724,-0.236206498121663,-0.0175310100228459,0.00930638915633816,0.402762992797092,-0.343070334814427,0.159494203205852,-0.101390821094132,-0.0345739994519502,0.0107864048292061,-0.16124981622439,-0.0542742927624512,0.0469654450358574,0.312569660646369,0.283422247382104,0.405847950358845,0.470017308351494,-0.136987212315555,-0.132092947706717,0.10051488573681,0.182261885837618,0.086441805275412,0.377258899839728,0.189185208839325,0.14292235042364,-0.000846606531473795,0.232669297920857,-0.231980957639132,-0.107612411079643,-0.154513789923407,0.00571218472824833,-0.11910701792722,-0.0547080814754071,0.196425580063129,-0.104105617467779,0.250881035702192,0.300426591585704,-0.00967923280873644,0.154297883436153,0.112437287152726,0.150479585440495,0.366989749513557,-0.14517322385714,-0.416986887401667,-0.203137227751242,-0.317522514107624,-0.287979355276824,-0.11239425469176,-0.283933445026079,0.126876667538684,-0.188712553340696,0.0773359558518476,0.0187599761943996,0.0316756067448346,-0.118259548650714,-0.153924670979394,-0.0244891379624927,0.11154254206166,0.194015385514104,-0.10646064082619,-0.0482617674976846,-0.105167008769835,-0.526842914254355,0.0127233378527607,-0.215078603898638,-0.0161964788774128,-0.0241311847573099,-0.259727285095488,-0.298867205795637,0.139534807257908,0.181382960400547,0.0037722092964523,-0.152116864839655,-0.0805900022724944,-0.102204631889359,0.215412331279063,0.0856859430081817,0.0456018713027976,-0.27099408155014,-0.067821187963828,-0.191120141251033,-0.20568608098128,0.110044640100519,0.0472515362372821,-0.0785057358243472,0.233918426551728,0.494795021260459,0.386703262553016,0.315002655021002,0.151947744300544,0.129535448393018,0.2239321657357,0.130436458511128,-0.00906555480307294,0.142823914761755,0.0596624514012175,0.102940036300505,0.241912821603665,0.466541874683983,0.130641272262128,0.0431763523682587,-0.161728476588571,-0.0389386496169823,0.0549890464633728,-0.00260884831063815,-0.200897856472267,0.0834977311553583,-0.337223675476011,-0.140380042333592,-0.0337687055742561,0.13496853807241,0.215003132695401,0.32126806066477,0.210474411930957,0.100098912842453,0.0894824585744043,-0.0728793864011602,-0.143833258732589,-0.298246908705139,0.0793363033745675,-0.275376023240322,-0.115418255005785,0.260391513468222,0.0144668341612814,0.2204579958527,-0.275341296976511,-0.160470923987298,0.046086180053339,0.00334731733307252,0.211133422864198,0.259752194271831,0.294707015892284,0.35154884799082,0.28234801506834,-0.121722473631113,-0.110832393341991,-0.292881328351917,-0.172380639827161,-0.0201260426884074,-0.184034772212823,-0.00995935302896283,-0.070937279321945,0.101378871409275,0.0178183014133402,0.377255575451201,0.436141619158902,0.169330784069521,0.408021538459717,-0.143787453882624,0.194770167347131,-0.150337250455391,-0.313439081985039,-0.195760556479022,-0.333106004431921,-0.375578453007698,-0.271125371414209,-0.0290796387255792,0.0117010946318306,0.132857905469299,0.087045277973094,0.045837791385393,-0.278056174157215,0.0420418639261139,0.378227933391419,0.16643882039391,-0.131103630544761,-0.31379786503687,-0.189296297190669,-0.0823327451186807,-0.0396948386812882,0.220868282095346,0.139867467928651,-0.0393803927034061,-0.131631721878643,0.229071438445958,-0.069179098193752,0.188219044595686,0.0780074588209461,0.169681299641086,0.522298442823764,0.278413703889167,0.329653598438383,-0.099079703489796,0.000814075025906413,0.0528614976679551,0.143846622140006,-0.202286127776309,-0.288306773389317,0.21319234425452,-0.0270455271643052,0.355801079903973,0.0046096091128556,0.23670092197414,0.121303799424147,-0.00247748898983004,-0.287369005153794,-0.220291587272934,-0.45756141309673,-0.446344628511279,-0.140936440448415,0.00427101310463046,0.151446657169886,0.0443870208981362,-0.206807208069044,-0.213437702724365,0.0160762401982598,-0.103503582393119,0.0066585597254086,0.112640439835186,-0.0391264059709833,0.135970194970244,0.100736262242369,0.107237713530913,-0.252908630254171,-0.289804261179,-0.0151237457332892,0.0547421627231064,0.307469067778395,-0.0505585132953019,-0.150665944847512,0.0236568506908298,-0.00672646239158023,0.218727726418768,-0.331259926862467,0.0326345756573735,0.201178110519151,-0.173596649981118,-0.213936062830243,-0.430493420332121,-0.369992450490633,-0.285461493069627,0.199847498295425,-0.0493684493049131,-0.184945308954427,0.0627526220770247,-0.173343219236004,0.378323568510584,0.156862599586438,0.0551405378124443,0.479573250394231,0.299790618216486,0.187832198803828,0.244457274321034,-0.100688208352211,0.00863539638049717,0.327607078275008,-0.0682929676099543,-0.384001884881849,-0.139612703056554,0.0600668092602993,0.189962944568418,-0.300563236296918,-0.0983834272814751,0.111410320904925,-0.036480456178823,0.179356327306638,0.225757765939598,0.434437312905754,0.347607613331553,-0.0752543418890217,0.0734868597272359,0.165019914835553,0.0405043169877991,-0.0774345057306914,0.0469237894632869,0.273372984619514,0.227197685112515,0.338044128864494,0.191772572308816,0.200420996298414,0.330290508470494,0.0131630470207106,0.0144075638567503,0.0654671078772193,0.22175687638719,0.103557389881322,0.165533459347523,0.32085600167999,0.0521778675113619,-0.0170267271771961,-0.248675368857103,-0.164531205674291,-0.00507783861661194,0.428415048786491,0.518230583846287,0.333824037987972,0.129580064862042,-0.0721048848709811,0.0281537632983127,0.125838475857388,0.0217289234412753,0.0821593971009453,-0.139809307220879,-0.052464964421897,-0.0334743629462237,-0.0382916184776882,-0.216255495879492,0.0404883685868151,-0.243856702554704,-0.134481890472982,-0.132319419992357,-0.00820421191738363,-0.25890446496232,0.0559211354224574,-0.276323976290699,0.131429222654608,0.170792787762523,0.105020624713706,0.31011570655168,0.0521884774797401,-0.0225361373400429,-0.103921817177967,0.0853593152068779,0.553956873916929,-0.033819843416254,0.0903950985423154,0.182457312880139,0.0895918225625972,-0.0213204972231992,-0.214424993794194,-0.27283396635177,0.0847396870559854,-0.0269594884674168,0.00062185844447013,0.42552355596906,0.264512448031786,0.105630359895032,0.000438568923484144,-0.10143377677051,-0.156792519441669,-0.219816767581041,0.0158285743857264,-0.0344590435888628,0.153412986671442,0.245453659590579,-0.309332520123066,0.183690866683418,-0.0304890936440378,-0.0708751708884412,-0.506008336449544,-0.16988091563206,0.0270271798778274,0.194991703626749,0.0163685164966901,-0.0484835175531342,-0.0858039296502121,0.125588082532668,0.13632028783725,-0.163926901661493,-0.0194303078483491,-0.0802166102785599,-0.0652063227719984,-0.0600796430058076,-0.292983403959976,0.156900950113707,0.086063188934903,0.221047750055923,0.104889825749506,0.104431803360521,0.508689233930469,-0.396135055191443,0.0288593943144542,0.0747689598310287,0.00867651973296391,-0.2014389702314,-0.338714162582826,-0.180966722446639,-0.103014412564944,-0.324486764410891,-0.180226928538615,-0.193764009773866,-0.342105147707879,0.134679087073234,-0.208808065090987,-0.0443758550177316,-0.483883684435329,0.155810235857774,-0.0250508295259954,-0.189163260470905,-0.0490316938245019,0.2957009553857,-0.0508534144943874,0.0446113960278555,0.274709514877604,0.214212648077429,0.0116467621293056,0.335651480840592,-0.0304670083701574,-0.0618302364621624,-0.148595717469462,0.0408150425365246,-0.0313779839184802,-0.290279804123247,0.00511462419364782,-0.124893724802212,0.127549511075029,0.316679197838359,0.100384143452222,-0.0457543730429644,0.00268797727303639,-0.0783658040341153,-0.0442932642358421,-0.105613509650398,-0.0775277119432059,-0.000880107128639972,-0.464360294885718,0.0955867757012171,0.0627200579558867,0.122190367859397,-0.381098492971394,0.0132303570850311,-0.152809095267572,0.25662509439999,0.240028170437173,0.422492016162379,0.229422892677036,-0.203176108010484,0.0873536582339829,0.13569423164108,0.364287347172664,0.113753951641266,0.115758388907342,-0.103138257144227,0.2200025091372,0.148390083460364,0.424681447425153,0.358523497951331,0.197033779451207,0.286018789872398,0.114342144319125,-0.0143508112502158,-0.268706295269743,-0.307116726027173,0.105604568846455,0.240484085151076,-0.0084778207119886,0.167002691783184,0.586667588990657,0.479385202334808,0.0365286888124879,0.0636415205754676,0.0620604726269135,-0.321564260290764,0.0630830562240544,0.0805548480065726,0.147971170351978,-0.187090140769307,-0.0263047030730702,-0.0878707301917787,-0.400639029552866,-0.280949470015797,-0.0674349316317762,-0.0298067033059381,0.205910560502602,-0.099746464392693,-0.270965338763881,-0.201632784865592,-0.0568598411281446,-0.18531041683972,0.0462091295338223,0.112443530445101,-0.0612175170125363,0.134829641229622,0.115438954240416,0.21350683749884,-0.0481630871330759,0.0747356522519191,0.243626677062425,0.0289711802082585,0.0864260610397975,0.271195019311788,0.179636329287909,0.323953526533425,0.449264672790404,-0.180511181855442,-0.268138148339048,0.060911571637947,-0.105823268880336,-0.0520339543219866,-0.236870092068809,0.0167168966798946,-0.0410728275547606,-0.118791130273718,0.0238016546379966,0.284103016997265,0.22791112436451,-0.145283252335495,-0.0180122981722442,-0.0466317154077782,0.062500270570082,-0.255106512534851,-0.311961066500553,-0.162355648748544,-0.0850488725263717,-0.146974084854904,0.138189894827589,-0.29296117319628,-0.101444462201734,-0.282200432639976,0.177083239045091,-0.244348152651963,0.14138781112417,0.18415593818465,-0.0603349212566244,-0.219608728318244,-0.0862862734804924,-0.365602976481904,-0.288917617666401,-0.110207828138823,0.239776066970217,0.0524122888178256,-0.0584393722364061,-0.00756962874868862,0.346402592709982,0.368648589790228,0.112875357136694,0.239568030823726,0.249089354430521,-0.169893188748541,0.175382667469073,-0.0718352347236443,-0.130271613824933,-0.0530542313332228,0.426125990896912,0.217669398733543,-0.40277386705705,0.148782914019948,-0.28351908210825,0.149788223748489,0.0699758021005357,-0.117305147370823,-0.0557511926257364,-0.0805812845770469,0.0747088379206668,0.100057479734211,0.533422466392,-0.0646522038232362,0.197994056573773,-0.0547105750596681,-0.101620598911263,0.041811907169687,0.055245670321439,0.102295868677502,0.0579804915340145,-0.274439909551412,0.181943352213748,-0.255263140003758,-0.149049659226572,0.0190007208624517,-0.0151197566043908,-0.0027026027742864,0.083280854325718,0.0664426274959177,-0.161010794255209,-0.301143863078233,-0.161943827624458,-0.168071043941226,0.0636401194581317,0.103791643920272,0.055348123174562,-0.183300940610114,-0.0530782102151094,-0.106369434949006,0.0708508400990265,-0.0437706006664058,0.0508398537270176,-0.0648302539671425,-0.229951710705429,-0.0499184931468251,0.09641649853812,-0.0824519578379557,-0.180676308699895,-0.230310374455991,0.205335843813459,0.25379360301643,0.249687998135675,-0.185315622418972,-0.184736893938761,-0.0490910832794647,-0.189044246276219,-0.0867192411722002,-0.361904346906128,0.150699396230256,0.360635444769126,0.431048606499156,0.312803479655802,-0.255211800059162,-0.383778180771928,0.0888712930581285,-0.0649401213962234,-0.0122940865756442,0.0861165289067247,-0.233476536664865,-0.0975979861251087,0.483906174812576,0.297145059412883,0.259287209633674,0.163227065146508,-0.210952867756596,0.205280309021213,-0.151899381302833,0.0425475046235903,0.161778528872803,0.148554795352397,0.176036570808626,0.428077797295993,0.00965960534051455,-0.493774508288633,-0.124442285169929,0.171877717784851,-0.0616224692886589,-0.254482446283516,-0.0499328484629833,0.0742918642348246,0.0872270366900821,-0.0301163806096274,-0.283161619533761,-0.132954065513405,-0.114991112948357,-0.497894508107675,-0.0417061869889721,0.307875995226071,0.0303448334049016,0.134897737061626,0.0028190605737555,-0.175012304805265,-0.435033243675808,-0.451662192597697,-0.287767522407173,0.104556406498591,-0.342623216666132,-0.41876108094109,-0.0294220867212488,-0.364752507296296,0.239955259304442,0.136386219195996,0.143052655464925,-0.0117768302353195,0.0961634886409848,-0.0979351602638819,-0.0233120900937371,0.0169568990511344
0.0941894418310987,0.222019134697912,-0.0699057619701621,-0.00689204633620643,-0.0493448481426122,-0.0459977905119977,0.0203741469007958,-0.192502418939112,-0.107281498317766,0.105868643611964,-0.0400956889519377,0.130059112093738,-0.0971341593012759,0.0411383968881009,0.00220862950569196,0.138516044525039,-0.0031981704253118,-0.0816724352903628,-0.0268127037568458,-0.0390643168638323,-0.0406325499160008,-0.0973604125423763,0.0116007598763501,0.0852727596707761,-0.0608933322585892,0.110456577873446,0.0974826512798302,-0.0480632808886998,0.0647698393306972,0.203018839859611,-0.0762694617431805,-0.045596266930173,0.124692029925027,0.00275284719460889,-0.110661931710439,-0.0128951674530705,0.131120136124885,-0.215356069418923,0.0408371499353903,-0.0356605934329392,-0.0330309131427248,-0.0814968804712352,0.00354383176258212,-0.0431289121870889,0.0957818157970956,0.0234586531327674,0.0972982430270541,-0.0392488530986853,0.097953582907544,0.0317520491554523,-0.092215556957967,0.0769939023509988,-0.0219507933543995,0.200400737530881,-0.0534970626794446,-0.116385521512124,0.00902008645549397,-0.0956658142099751,-0.190788806947695,-0.0658730562443127,-0.0261132238977023,-0.0509089330048599,-0.0177097605889017,-0.234477326374299,0.0529034272676813,-5.51279138135893e-05,0.213628112228977,0.0662940761713316,0.0574211444069439,-0.0690736550795494,0.0248056029268585,-0.0717294231147669,0.12771112540049,0.0871225410729781,-0.145425153979574,0.0639682380653133,-0.0183317476382112,-0.168851715183998,0.0800227762097799,0.117045332141924,-0.101867570734448,0.0472339681065876,0.0644720911629789,-0.0709430788459035,0.00827308405490497,0.177911063419626,-0.0777008417800475,-0.0353653849509706,0.0469891288331921,0.218411298489574,-0.23416918826476,-0.194234066268222,0.14398166645339,-0.135209208774112,-0.0669899867486546,-0.132958055383169,-0.0266210065821181,0.0139371907580067,0.172624232284285,-0.0639586953514862,-0.094035856710783,-0.0146363451228285,0.0773431530318978,-0.252907598903613,0.190011754753629,-0.0977442273671764,0.00250511380535098,-0.108124161545787,-0.00685926151754491,-0.0240677115777363,0.00863984244772988,-0.0945612811297208,0.137769629924712,0.0059265531045282,0.027855691174101,-0.0342272367964749,0.0953427680457385,-0.049964503361017,-0.143238569530642,-0.000632812554733027,-0.0218304452702989,-0.108205982505377,-0.0168225852214211,-0.082946541944663,-0.102074437935398,-0.0415693443590066,-0.031515592019913,0.0300467295916231,0.110833342669961,-0.115726561872836,-0.266485545273183,-0.0612172195904751,-0.0941780661200749,-0.0850833874875738,0.0582204527278073,0.0664366655195973,-0.0594937927407336,0.0542549267224374,-0.00403562440662956,0.159174166680565,0.176009634394288,-0.0409244944410502,0.190185135573949,-0.0183537857034593,-0.165743896055774,-0.0297387183513495,-0.042449815778883,0.237548304995352,-0.0183350533858779,-0.166679426328865,0.0999452626026694,-0.0357565314578392,0.000641947665891197,-0.0724950610732435,-0.110321106721441,0.150857096418469,-0.056525373672809,-0.0844845465632012,-0.0122111362536823,-0.301329852032515,0.0774664525800229,-0.138959468761176,-0.121368788874955,0.078059567290964,0.042598326226321,-0.134202603095991,0.0269381991509028,-0.104877564253331,-0.142360990494641,0.138889930474959,-0.0340720321641359,0.0439548566729288,0.126168829446855,0.0316151139930751,-0.0207103533170141,0.195413964857125,-0.0406969631561891,0.210802199287185,0.0272528971009142,0.0299732303515459,0.0803527999191111,0.150943683357194,0.0170140428745146,0.229067723688643,-0.122396524666523,0.158474019853468,0.0167047180673161,0.131444571626542,0.00149846938276263,-0.0315202463545066,0.253067535938175,0.177698948481104,-0.044411138990757,0.0338542046533645,0.0489324748668412,0.0316684950179628,-0.0304103539405602,0.157063435340282,-0.0649198478407574,0.0640236134742585,-0.0581237257461386,-0.00894622720809089,-0.0729682067567773,0.111837933680331,0.00103231123867708,-0.0767851847631693,0.135237828009459,-0.185808194670812,0.0153749408781098,0.11911464561701,-0.0314856522325332,-0.0069504751846736,-0.00900808939601291,-0.0836714193761812,-0.0806342597553114,0.054361981610783,-0.0302640751045684,0.0105535391180825,-0.019297597743878,-0.168471907932564,-0.0560595320818064,0.0101820366225577,-0.020423695292095,-0.00958248007333792,-0.0339240536956086,-0.0665677005195433,0.162599755630115,-0.0773128153048452,-0.0107273850722843,0.0321958348102854,-0.025048133820646,0.0526787262271759,0.0197318005047654,-0.00256066658215154,0.198026925411925,-0.0826952969119263,0.0722372896996584,-0.0404628524535761,-0.164099348141036,-0.157138921647766,-0.10275578459641,-0.00872846510214846,0.11315766764613,0.171732899243228,-0.114921926711067,-0.000204622338320486,0.0157692499006193,-0.0260635732377025,0.0886994461322434,-0.0855270341449429,0.0198608587874865,-0.0376602365468306,0.123072269605409,0.100960527979502,0.0340531157696698,0.0290607660175313,-0.106443781332415,-0.0354594757408312,-0.0967464168944212,-0.0140783070696529,-0.108610912451334,-0.0560273977814923,-0.0391447711012148,0.116045018106471,-0.0193536793942277,-0.0668100781371806,0.109935219277214,0.00642962973004744,-0.00761174556614185,0.0250623855990199,0.0282251496117078,-0.0118997249061437,-0.0514575939383465,-0.08171187358613,0.126942905288249,0.0717096465065386,-0.0564657418188088,0.0717745478368967,-0.0420258220521349,-0.105753943124044,0.110104969883426,-0.00273555975485881,0.0765418136556481,0.0609579306512995,-0.14581737557672,-0.0663212955065013,-0.0992838455809933,-0.0817995105671999,-0.082777882579508,-0.0857774972945901,0.0713778661979511,-0.013430915470073,-0.0633832154141065,0.0163153885023693,-0.0698298330491314,-0.0392351033388636,-0.005657300202777,0.0369804956759508,0.0581866154564769,0.0469032243403563,-0.0858704796047825,-0.0856974976266724,-0.131642237894941,-0.130368468248717,0.0771015429442782,0.0923090266190753,-0.195797059034358,-0.0811900148243567,-0.0305154373399971,-0.249171466437745,-0.0479442752083791,0.0299697131766513,-0.0493940935273273,0.0876109607826687,-0.0706859758968872,0.0916889181681353,-0.0350349226556777,0.0425821942397919,-0.129515137942893,0.108841182075702,-0.0489635823926432,-0.350228214866696,0.248764698454324,-0.104316415850114,-0.0720293981763617,-0.000107204579241752,0.0805409035252344,0.165800313573886,-0.228991302948055,0.0349641609631967,-0.0841828776254095,0.0159017498701113,-0.0873998172043548,-0.0524031074458936,-0.0391290644025841,-0.10626460360112,0.126280682100811,-0.0643914239988865,-0.264430822828077,0.0626106357293758,-0.00213349856751001,0.207391574148828,0.0955360051608966,0.150667821757755,-0.0604865112383978,-0.00422933006242633,0.0165734232847183,-0.018559798151598,0.00174669943927992,0.142671092976544,0.0258945731104798,0.0511127478253503,0.0983065093487541,0.0134664553604604,0.0186639694661499,0.0805543337896769,0.0838878214925171,-0.123258598146299,0.265632329525232,0.11550722724944,0.0301014420987787,-0.104960663317172,0.0146484767103555,-0.0551371903865114,-0.0578540915380157,-0.211075775770749,-0.145604178718841,-0.178727368868509,-0.241750652122798,0.169396023397465,0.0179459256092996,-0.0609372676775648,-0.104308690912234,-0.0484852951069173,-0.0105800340415424,0.0355790767872765,-0.316730698904788,0.0750529494973728,0.0147717165686433,-0.0529503523312568,0.148859979169595,0.0652405067087532,0.0409124572146536,0.0517687470868133,0.0126008149442455,0.0191898923985906,0.0147263704381814,-0.0936487503113131,-0.182664256587741,0.0433721875842661,0.0100448499170918,0.0116740888112585,-0.102574659696561,0.152491407705365,0.0985512552112178,0.0376663470248907,0.123946963372379,0.183602953943224,-0.0127888294639903,0.0222292554163695,-0.107576565313824,0.0437785679592609,-0.0721872684518451,-0.077617605523447,0.103845285863159,0.196189344523002,-0.154041828355361,0.0555756050509667,0.0782381810940122,0.0213756139614816,-0.135494743256337,0.117541552750142,-0.048166226967794,-0.121760299467891,0.0505049418836118,-0.0704087299526132,-0.0185325074584065,0.0975490385783936,-0.105712160008675,-0.0351725716624783,0.0123909433754809,-0.108910145848105,0.152714580820712,-0.0774948738081395,-0.09680066357533,0.0338374113052211,0.0577550367315134,0.0335621198046132,-0.00639516796886531,0.176690210768148,0.106733545143081,-0.0835880498129068,-0.0627884042274901,-0.168668461438368,-0.0757117182612946,-0.00783472237024741,-0.129503278893646,0.0191019313119372,0.036339401410797,0.0918928219552844,-0.0392536837992291,0.0759025520053854,-0.00505768727837606,-0.0539509001465266,0.116621900625225,-0.0195922163338492,-0.092904980528617,0.170211997176365,0.0372226116097395,0.260248047551998,-0.10201352845755,-0.129431465873365,-0.00130061330162085,0.0686312610913652,-0.0290151573527425,-0.03533134349908,0.0215340562876792,0.0189250593185945,-0.011271355720277,0.233284184758726,0.0930676079178934,0.108874334857914,0.119874539648758,0.0698782378333562,0.00691032248871708,0.0867900662666301,-0.0897891196298562,-0.101452505356466,0.0830099000430548,0.0793031726795891,0.127280587669656,0.111643832990746,0.0540638402721616,-0.0652577060049029,0.00599839651275413,0.0333634050981244,0.0737122465713518,0.0503696358390686,0.00582480749166449,0.0911628590025355,0.141755894302594,-0.133413931861603,0.232684329690492,-0.0208479539646619,-0.0305651167872976,-0.0648346952834752,-0.0633326749495129,-0.0241677348407039,-0.0143085528326734,0.167383322551949,-0.0970053291200178,-0.0683859396658474,0.00301933142471331,0.109178588858282,0.0738730818147562,0.0565008456566384,-0.0103526900411668,-0.00923850454616738,0.0357145215952609,0.046985742382517,0.0247248224680633,0.00418936512989455,0.0791226870826446,0.034225182375574,-0.0633171906479051,0.0037187372587859,-0.0152934292257645,0.177809224847783,0.0123025225610927,0.0090368142398246,-0.148560156303829,-0.0306222102265094,-0.130044202186958,-0.0509528592820524,-0.0565374408010824,-0.0238289402555643,-0.142538559333116,0.0621820156596947,0.0885257871954944,-0.0518560852744149,0.073246150276563,-0.132224050574095,0.020632134161106,0.0495476253898278,-0.228179902338115,-0.117945860704129,0.0922995642598789,0.195353070471661,0.0481049954200925,0.0449406835189001,-0.141375971254732,0.074105787350234,-0.00460644321467947,-0.0120228268686143,-0.0633385722736452,0.142655640335842,-0.15465158862183,0.0228912420928542,-0.0697928805793503,0.0805934653251864,-0.123327340517447,0.0758722469023886,0.0280228194513665,0.027264471095682,-0.0536346850980278,-0.0471736672420816,-0.147107148708414,-0.0202866203173568,0.0691462923808199,-0.0711488615520438,0.0566068072318962,0.0674613860415823,-0.102306867676441,0.0370940457388933,-0.18086814206421,0.0691482497013827,0.0162133740860197,0.164128840253411,0.0187560939659404,0.0787184231694409,0.0030728252961345,-0.131112214120082,-0.0261340141004758,-0.0570506612354905,0.0184373158547206,0.102598599739991,0.20617523484672,-0.0953763363577034,-0.0173297012504186,-0.106779910969503,0.0204599221761668,0.00871296113599468,-0.0468734406821391,-0.0825733985730774,-0.00784141186838623,0.0332257381789214,0.0657643606450821,-0.0922440558640871,0.123048350835599,0.231826263490686,-0.107651222711067,-0.0495552956046519,-0.00207622411710457,0.0567489326605496,-0.0257602829475637,-0.057115831683829,0.145833512420744,-0.046631178689646,0.0508225161012669,0.159883383798264,0.0128193427770077,0.0958182404093238,0.0560138070698647,-0.153107209910806,0.0434194542141348,0.171618666799808,-0.0681021653326426,-0.0313994802608807,-0.103195532157084,0.0188980805805318,0.111120535944401,0.0276303253325904,-0.207129449464767,0.0635813195879922,0.0821313916592483,0.0136160173772934,-0.250247009748425,-0.270945286756332,-0.0142731029824674,0.0300012350099348,0.0467549378787882,-0.0175038337965623,-0.128580468596895,-0.0851411509785729,-0.0114393496301388,-0.0792659703841194,0.0679406745658073,0.253664965270226,-0.0857238316821056,0.180328846022438,0.059475915941555,-0.124173152552061,-0.0596036418139148,-0.145485266881071,-0.00834336326523006,-0.04051260651836,0.058654275475361,0.0016341010581674,-0.0571033213391486,-0.0431464040614119,-0.00107087324367461,0.00626595049027349,-0.189586629732285,0.235127529659989,0.0624121590456058,-0.0735032517631586,0.063227071950771,-0.0414917656357613,-0.0414392186147138,-0.10959301562524,0.082933690114394,-0.185944956501456,0.153867914758586,-0.0347407199894133,-0.0549391492778641,0.0866969565504181,-0.0391829092115975,0.0595362749147999,0.027222655333771,-0.109874477085501,0.18054446475322,-0.0350861377707254,0.11221985934387,0.159324482699081,0.120316579007796,-0.034167314683271,-0.111416592395644,-0.0499254149787696,-0.0348887598208083,0.0898719632333143,-0.0659120058440165,-0.0926474366556026,-0.168332599810944,-0.112477584537928,-0.0577663486450851,0.0702985566216941,-0.101419900778695,0.0291330555555039,0.0492975141488543,-0.284382263665495,0.0038013176977836,0.0465616908090916,-0.0245796548959348,0.067720475635675,0.0756556972321421,-0.0922866996651849,0.284553598505947,0.0551248147998894,0.229191070576238,-0.121571089010281,-0.232602126153152,0.0295625334705211,0.0413596412118166,0.028520502481981,0.0317767374047582,0.138756304595158,-0.0364468085383046,-0.0651485984769792,-0.103896059691007,-0.07972576067773,-0.174613777072547,0.113537419296157,-0.291640226777013,-0.031756086382378,0.0261732124506923,0.0770014564530502,-0.0353113053879566,0.0999519550663239,0.032623464548937,-0.0112140438306524,0.0138694450872689,-0.0474071909779498,-0.0932756746825592,-0.129151483640978,-0.149441390056164,0.119412232339083,0.115662880124577,0.235829425705695,0.149479863819474,0.0446558277821468,0.017101886674923,-0.0354307015021107,-0.0190966855912804,-0.0672435179586408,-0.104523615039094,-0.0765378746189668,-0.0178799743369462,0.0923202123720203,-0.130807312485328,0.156917110340493,0.0345738396025734,0.222474276248454,0.0207065172232012,-0.162732596253411,0.0296037226388242,-0.114907971343217,-0.0719776132751936,-0.140186377839976,-0.129830224294701,0.0411388506304734,-0.00800336372347479,0.178720363757585,-0.0255304488598099,-0.0261273338579989,0.0628429578669792,-0.0536536095005287,0.0584624680483094,-0.0965138834621785,-0.15666111331482,-0.187448723509448,-0.193514162929496,0.0686579759938959,0.0117929268247083,-0.10305640338964,0.0916789069565379,0.0161414666497684,0.0871516031903968,-0.0883792336282607,-0.00952009240804672,0.00228854331379312,-0.063618117839926,0.012680950234664,0.131399003176029,0.0433254009397461,0.0494920110225465,-0.18394390770825,0.137598989276686,0.0765398606837727,0.0495192196889755,-0.0076989402896124,0.113503019670275,-0.0198930954074283,-0.0423765975411239,0.163420263736206,0.00874211891904723,0.0112284368381141,0.0996565805696999,-0.0478218881140006
-0.143511142987257,-0.0836978533182742,-0.147124145587642,0.107697028232735,-0.0353434954316225,0.0393822522905738,-0.132328095234767,-0.00263425317611622,0.285825557509168,-0.207851326500502,-0.10561032768785,0.0156780562761056,0.205132093603076,0.172265349102085,0.271099458297436,0.169797327411588,-0.154520638051696,-0.171006353438359,0.289920467973706,-0.110059472588378,0.0382312959521455,-0.0929341186910174,-0.100736046557528,0.152186568883853,0.131828841455783,0.21754513153242,0.213636527182538,0.248831439053237,0.490052569368072,0.257893148665014,0.186951141277607,-0.248619860727431,-0.163691708578113,-0.0901018219732771,-0.0549783359940186,0.353664115158707,0.540862887991122,0.148198280407114,0.208453161094779,0.358147898060693,0.0057480825897514,-0.00567411654405861,-0.141611275222107,0.0323349577929931,0.033144797544439,0.314475670075581,0.526364161569394,0.253761803687176,-0.0764387823263545,0.00216761146074335,0.331846961003535,-0.139182527165987,0.0297968525046954,-0.0483096179357504,0.130497859870609,0.327501974960632,0.421338601926819,0.272216215606391,0.265758337469896,0.273231937785343,0.296287381682093,0.143737837265414,0.158088379226742,0.013093625890981,-0.03163967912494,0.338411611043264,-0.0438610071002617,-0.0776821237039935,-0.0886433720852164,0.0203104800444207,-0.129456204290126,-0.0990562561525194,0.187855880671103,0.236961806212754,-0.212980315199982,0.253159676841072,0.0800825178504101,-0.268756412298926,0.140499146774243,0.0414002925068217,0.0224829442815958,0.298762799491753,0.0683439335234447,-0.14519940923595,-0.209760669306148,-0.0598508072230041,-0.214732132627998,-0.272493448131298,-0.0629318795046354,-0.153612048860813,0.40455224915654,0.142136879030301,-0.133829406480832,-0.202465764644184,0.0645028004618028,-0.046114456945167,-0.122823264398341,-0.242058834952008,-0.181867216157624,0.163389783388179,0.0848510444279854,0.0783988761523057,-0.181210387791196,-0.0212389064193229,0.0205319565844467,0.43694801959429,0.458586533781685,0.286106121530957,0.14233913334712,0.130222133039576,-0.150801513539262,-0.115121161246132,-0.0136507751340939,-0.0612232406023475,-0.023071836640082,-0.137486539073498,-0.17843541454149,-0.14049011091198,-0.114945056571074,-0.321604955100367,-0.482302013112252,0.028515910625367,0.176738995012018,0.506012985888193,0.0733823175155127,-0.228816708354859,-0.0698328341740886,-0.324991037401397,-0.14519505399547,-0.0537670709895365,0.48159550735118,0.0378791242033418,0.151165897049763,-0.108191646301073,-0.042390026090296,-0.145881971767738,-0.213582577192827,-0.201329806322297,0.0513820821875711,0.121029641238792,0.107960037043032,0.364354729677708,0.313836565647183,-0.131715402630708,-0.286109958750116,-0.0717322693457709,0.141189097358015,0.0436134775838063,0.0962393163386467,0.138871621687151,0.177081071516095,0.0650109084301575,0.154091710995038,-0.0909341513640478,0.0995474930837722,-0.367753707893638,-0.0332541398007794,0.226447020782984,-0.0444806856653588,0.158485083457794,-0.0962632074020417,0.0860658101527841,0.0976599732078099,0.0982897830482876,0.0704528563291868,0.152918163949547,-0.0372992420788117,0.171629964104093,0.0796092327538671,-0.372116543179633,-0.0684938016609367,-0.207448923020327,-0.321512800349592,-0.0289809608605745,-0.342470283189022,0.0609668548579319,0.00490423153203584,-0.0570219331111784,0.0666817569497619,0.0477174574113722,0.0767324539947716,-0.107284129966853,-0.0894010188347185,0.014171855156443,0.128264069426551,0.100079859516501,-0.091158389072408,0.123440430494097,-0.285603219967556,-0.332055128064726,-0.446658053219363,-0.0664542652090966,0.00893962610290768,-0.305905138727486,-0.281141407227647,0.195780776060963,0.0562809415397908,-0.0679657800273663,-0.130884205417095,0.00709873326449972,0.0355535330381817,-0.150480743273519,-0.0270944741401397,0.194362592799848,-0.322746906803339,-0.187219288528705,-0.193152117586512,-0.334370635477025,-0.0623532347397523,0.0490202503635829,0.119447234523875,0.376095592683368,0.440501153311144,0.133547663540753,0.0618361417629856,0.0249832176219415,0.191280790183625,0.0783802891472067,-0.132065705939345,0.00255259214716302,0.134771830254363,0.347930455416657,-0.0358778720688315,0.377145646269931,0.458003281526703,0.0831667007084285,-0.109813057230228,-0.217562900883135,0.232327083659157,-0.00895737966999918,0.0279150445853757,-0.142911709155712,0.151263281571105,-0.64555459015629,-0.0975770853136151,0.0300162786400344,0.124727426051611,0.175558528617384,0.342131377683747,0.275184285352961,0.216123029289859,0.182152114169545,-0.0295569211042457,-0.24438484264024,-0.039930628484059,0.0350698536272161,-0.298697963915841,0.0303570276008212,0.07973405411153,0.068894054734584,0.118664838548422,-0.226970487149349,-0.276368138621037,0.0743802863428018,-0.112465045278106,0.172034332076403,0.226414853944753,0.391420907898282,0.293665141822353,0.125007543910351,-0.0260804001754701,0.00031288183988902,-0.105721776550996,-0.00808386587659196,-0.0440057380466671,0.0921328884211895,0.0180547126226324,0.0142836295933463,0.250029236918282,0.046629858593156,0.636938900399823,0.525932140347388,0.242431692380559,0.333156080554599,-0.120963274720838,0.00771173146781074,0.0803524028083229,-0.163934392997113,-0.10635663141092,-0.406909900956131,-0.185459042991454,-0.194541066653326,0.0122562237150695,0.332678305968764,0.0222121900892929,0.0389269776271804,-0.154600335934305,-0.180258491956939,0.196941040680328,0.465820352143625,0.202895282784309,-0.313214423903489,-0.19217573501526,-0.373314786797813,-0.207029347887762,-0.0624033556077793,0.194763189277903,0.0922101539880697,0.147038151531854,-0.0322473472048236,0.111853806644009,-0.0816894196093438,0.064206124227648,0.403020754815709,0.037796403409209,0.408382090527494,0.157829959009864,0.34793993513376,-0.00517968604608789,0.307690926943856,0.04680989664301,0.172594952871919,-0.0683942421507297,-0.106660729605521,0.411239038929529,0.136908078819812,0.0942887427829825,-0.0833016636442429,0.0511003567123897,0.0561158783283627,0.152736251980208,-0.11111389923645,0.0439113904447339,-0.465525188755199,-0.144536550127216,-0.0285071068112548,-0.0296694822871626,-0.0106744649558158,-0.0360354802815818,0.0925762061859586,0.046388004814339,0.128972964636659,-0.224023010769658,-0.0214024334766077,0.0790558379559177,0.0559000930450911,0.211076720847379,0.0583622421374689,-0.0372249612053108,-0.123528216362294,-0.340363983867001,0.0203964480224834,0.0727203710851251,0.263282317019542,0.0839366141854714,-0.260695769177823,-0.0225604703276389,0.123113068220605,0.0974201118562705,-0.213862018894977,0.184406550917447,0.182790059186115,-0.0185587729533203,-0.232087971350749,-0.340625496491739,-0.184126689789766,-0.33093965726909,0.0273405143761517,-0.117753543797857,0.0896129779944957,-0.281665429828885,-0.0268470768862638,0.106199367750379,0.272707753532686,0.037355227124569,0.201060929884467,0.151871991516515,0.26155584681007,-0.0264680096593936,-0.226135813154733,-0.0866835717992774,0.335147734161208,0.0667689576106067,0.000649833541649242,-0.0762769730106097,0.0866605308945889,-0.0241689950756966,-0.343338581557235,-0.157141591007159,0.180507895531696,0.0792019567041509,0.19300593135875,0.239401824001642,0.353058581841168,0.317467796606039,-0.171564937932531,-0.106113414859623,-0.0134384588897364,-0.0450239670087537,-0.0410726029637037,-0.177101135555169,0.189665046829068,0.166952048817834,0.15183527426554,0.0579617568202084,0.342280097091043,0.327373842946226,-0.0591982317559039,0.0456378346949516,0.00924267399101935,0.362143910753711,0.118311223659372,-0.043269974867798,0.0336524552975053,0.195989877023899,-0.0216632984607805,-0.261462332464419,0.0555563678748771,-0.0264714410121887,0.365696787115751,0.396985035900475,0.411115105113054,0.0692785612475259,-0.0551037247643237,-0.0223513478615439,-0.074216988140415,0.0312446818648283,0.295651316577946,-0.060489036173632,0.0728402821760577,-0.0912579061720582,-0.0535128606964975,-0.30761571222652,0.0305993363054717,-0.0877284099446782,-0.446387315461862,-0.190747852785504,-0.072232430296676,-0.162402678485552,0.0644839075586531,-0.121524360183268,0.0423574873338641,0.00196022750072411,-0.0806847484829405,0.162790427676214,0.0304809124719126,0.0743738716942185,-0.00789704945492856,-0.0512673629895685,0.224862507990314,0.123871224763009,0.149986624209496,0.196473602189674,0.115612067278035,-0.105295697653703,-0.326179524601405,-0.269204607808045,0.0364626758143578,0.0891402528358569,0.108500120744447,0.470511712130484,0.104630047438512,0.242491462195537,0.0602239251282914,-0.267012089165516,-0.1650359643144,-0.134721339762323,0.0127303164847877,-0.0268817517915817,0.0723843538095184,0.080685600091903,-0.216182769479321,0.0407623200985567,0.0203915265118513,-0.21322862292343,-0.312243834060953,0.0996772538988952,-0.0052588200206383,0.0923329140523402,-0.112582727996836,0.0826482797390585,0.0134468782984102,0.247800197786678,0.0899544269213677,-0.144422147484099,0.163390598863413,-0.165797258575871,-0.13921840020115,-0.24263788700544,-0.130777765733294,0.204971819595303,-0.22342976403257,0.177648086848927,0.0635112414451005,0.222637194533624,0.458688283859462,-0.364663613441474,-0.137098202812013,-0.121215166753829,-0.226418443506811,-0.116958366752383,-0.302712391097063,0.189867157679274,-0.296007600159651,-0.0917504240196669,-0.134444467687796,-0.205180803732328,-0.157947024118161,0.0754905871183664,0.0724503002207516,-0.204320122893676,-0.460288717515771,0.230041684269387,-0.089740610512074,-0.227856317639552,-0.0192540793311621,0.307781176396864,-0.285321137521891,-0.00532491046781643,0.2747929978504,0.298395379824368,-0.00951996522633711,0.421584536209718,-0.113537189295323,0.0914962763271991,-0.0899102445995122,0.155941758546605,-0.0205154179070916,0.00258244792496817,-0.0188675979716938,-0.0738630558997809,0.109707347882104,0.354001051625139,0.287422671182506,0.00714552490366147,0.011496284652759,-0.247041009424672,0.0570529209024892,-0.124241462954834,-0.0865146503373015,-0.07988882617201,-0.410909541204269,-0.114950596051992,0.188675052572973,0.0159953564664212,-0.375142781810589,0.0709622515409038,-0.251627861887471,0.0748148734639159,0.196267984303657,0.407142758891551,0.0983747580652133,-0.194287337667871,0.108226715099617,-0.0767993532330861,0.183924104529521,0.429422035304427,0.307605787968306,-0.153032747852078,0.231374067650174,0.0525836615672917,0.437018930476435,0.180438515700578,0.170373640593734,-0.0695870197337018,0.0888052124383139,-0.175390955456988,-0.342708967804502,-0.211692890930213,0.157472565880866,0.164995507854274,-0.035805163592601,-0.00851061202117973,0.642760300014205,0.470495628182328,0.0652409375393275,0.11061456789029,0.032286658612901,-0.271286423108881,0.0554494958056452,-0.148866900056546,0.0628664834287846,-0.167687518056892,0.136519025469048,0.0760257352932239,-0.257886850362462,-0.0261175772519588,-0.139112879328623,-0.0405994814936203,0.0155151232565366,0.0154329753280591,-0.29770049524027,-0.177053429470281,-0.151015448025362,-0.200220121649531,0.0978128344118644,-0.180109600489625,-0.124143067943491,0.27552998852043,-0.0190232653403209,0.0549761951966941,-0.120931452503646,-0.027231003415353,0.0199637717403602,0.143948540561915,0.24037223873947,0.334941167877197,0.342892487652663,0.221330632417401,0.291151632062687,0.128817527123295,-0.253458137688563,-0.257239591778853,-0.0666785818319159,-0.246359389336812,-0.285262181028136,-0.12205761653521,-0.0447881554580566,-0.0315465884140922,-0.0397897841681347,0.102279785453006,0.129408972694003,-0.175185784135417,-0.0486090089242211,0.000186849762616223,-0.0732954299793992,-0.174619097006904,-0.26782561309102,0.107031552646275,-0.404139134838193,0.0493789754820899,-0.0123677179433417,-0.401717296941661,-0.0142907011529828,-0.346323632767188,0.0595282323887273,-0.270993647274397,-0.0019975374598061,0.226359418507766,0.0266447008936471,-0.0350264900045264,-0.0455204047605766,-0.344349209561705,-0.454765867212896,-0.224299960460637,0.275908679867916,-0.136650877246029,-0.253221445935052,0.0628986509261948,0.168861912368721,0.39895452342794,-0.012986770791482,0.189566109734566,0.0889875270455009,0.0496361658374639,-0.0204015793385933,-0.0614861948625384,-0.27663075750381,0.208614466581603,0.441520393140216,0.321039304233926,0.0868002598708992,0.139930407962413,-0.305442636980305,0.147267241775043,0.0503892647907312,-0.0517893816574304,-0.0397246113908993,0.171844683310274,0.00774807151214141,0.389396145761725,0.413632702563378,-0.0234564786758997,0.318323735413597,-0.0420500104178045,0.00268897004715456,-0.117650430743919,0.199400601646106,0.012516564722182,-0.216617146009252,-0.119657562167214,0.21205318020486,-0.299227072413558,0.0505656995714914,0.109218283226612,-0.0590723524279463,0.012961553975617,0.0521108080295703,-0.14898263072149,-0.0280551595977526,-0.350421776487999,-0.314820926198435,-0.260370378219481,0.107828462533693,-0.16292484287301,-0.0207899754306058,-0.170826586526614,-0.349843011009501,-0.0522578296070206,-0.109014537093877,0.0590280651193119,-0.118584776924197,-0.103467481322022,-0.186166507014931,-0.0648562547978702,0.126475825622508,-0.155427813646086,-0.0884475947594964,-0.0708231664238426,0.204961737340088,0.00695466349175541,0.430127337357532,-0.0245701877830061,-0.143294967869799,0.169017783467491,-0.0448837466148582,-0.0736582878708551,-0.218901718177044,0.109017824867918,0.366307677469107,0.38295627449091,0.222431172914907,-0.0495077340333496,-0.211630822125204,0.167138419272282,-0.0814639214242054,-0.0430348394814377,-0.0506360117030826,-0.168188107341025,-0.226545669355282,0.270534223418935,0.262626496601213,0.2120516894099,0.227966678190261,-0.26584495169823,0.0737165382116614,-0.121402348376247,-0.175585882453476,0.105245183136099,-0.0680870421255322,0.2642861939471,0.0170985029258247,0.23999865312469,-0.143130770409785,-0.199608606834178,0.20006056937104,-0.231149381614781,-0.178615633416495,0.0667733278356187,-0.105930217337931,0.156341837066657,-0.0147434414832141,-0.251324064333346,-0.227897123490767,-0.0511789808109217,-0.307148852255179,-0.0334126515365661,0.236175341992133,0.160768683142652,0.289881675201156,0.216313720038379,-0.0265480011621605,-0.520195514736471,-0.243981180797448,-0.192419771640813,0.276810796235153,-0.279951816114246,-0.450358865730171,-0.262348856034032,-0.243925891441568,0.0363634036336571,0.18854616699867,0.231311969667309,-0.289283724338761,-0.0139579571588589,-0.162064176277822,-0.138424462214154,-0.111317692615921
0.063913101671393,0.250099510658654,0.382102985972307,-0.285390222178143,0.174424870707689,0.120427748659638,0.284816118756212,0.274129801885083,-0.13967883055888,0.255850446086062,0.282210088857991,0.0913789717423229,-0.21578524557489,-0.211380499596641,-0.47367798399306,-0.280369889117353,0.144347862620362,-0.115680618700861,-0.444864842191635,0.257275316948311,0.241934415620646,0.0228396549486054,0.015927528564602,-0.183944593126927,-0.3039162513522,-0.294740466301325,-0.226494033539189,-0.0672794820753555,-0.808148780558723,-0.308362734662528,-0.286769785688111,0.382315200511667,0.459199863306832,-0.0200454429362143,0.20783820427055,-0.187090386890012,-0.588234392977676,-0.256190158626277,-0.405474206895376,-0.306342129640252,-0.051143892556877,-0.248439263846624,0.263383214349444,-0.123526495510436,-0.359452393280888,-0.1603773681552,-0.794573627839951,-0.0526521838951732,-0.0156175810492123,0.247303367522894,-0.209316683743551,0.14052883443687,0.0612171182615485,0.247144357566008,-0.28140821515161,-0.589169180488622,-0.41672843794484,-0.535302062005509,-0.237646614016725,-0.243283707198706,-0.570466315352413,-0.332577713667981,-0.26143123726872,0.0133836322584228,-0.201995745043041,-0.466582234900905,0.0225374449515519,0.00948303289703479,0.171501670943625,0.0321239501772587,-0.0965677404157464,0.0584634170977213,-0.252461201508896,0.0567287977940579,0.0830695704160183,-0.0761679390652469,0.261951137407138,0.275460022156948,-0.191982954574356,0.0903444023632506,-0.194494120004427,-0.382611892930536,-0.105482908229835,0.0601910199757397,0.0839734891056751,0.0827838069557894,0.0549215186270353,0.437934072089002,-0.113923834876129,0.157813656479583,-0.660693921887718,-0.0778823075326349,0.296531114686974,0.410276611372294,0.0164755857200066,0.200190809094006,0.149827046803614,0.546882567594085,0.267682482322383,-0.107959188047975,-0.217222214289904,-0.213701491553964,0.139643404923988,0.0913449191820171,-0.0486344332718977,-0.3176636959122,-0.232979321147564,-0.624222895888496,-0.195551382347845,-0.319212920043306,0.336226600536855,0.236109398601761,-0.0020065709124605,0.00988431834917854,0.0819991778432506,0.467222734488693,0.630750980985217,0.324692120302702,0.164958550224447,0.489953022315953,0.642372854385802,0.155894662046093,-0.282846326824745,-0.292561103009926,0.0911102410545641,0.248689454437105,-0.0465556363566244,0.0347670064635728,-0.0494678589557185,0.113189782061897,-0.703696089898358,0.0617718003639802,0.000292201666222819,0.162565927353392,0.0343412049567556,-0.0135387414569038,0.276452134429995,0.0764408595838406,-0.073937133024582,-0.289936337938709,-0.384039592655184,-0.482742167377698,-0.589732582588469,0.0381583213404683,0.334415906196074,-0.176320701389476,-0.15423859823783,-0.0884618720475233,-0.398932628562627,-0.10312059404822,-0.189305412188475,-0.325904483084961,-0.278384709585761,-0.00734755800001087,0.0885943222299698,0.290140616392023,-0.137230871335457,-0.0383863436459458,0.314132860995671,-0.0689500231795148,-0.0655243631534988,-0.235772223417154,-0.365674507193469,-0.00779234429235979,0.0954440062091062,-0.0262890226005496,0.238727384471142,-0.412164961543235,-0.0782055946101587,0.310916656363027,0.18803205150076,0.571903685763304,0.365529609353916,0.474666400890356,0.474210462349409,-0.0215695579421304,-0.0101484489274814,-0.075281302540128,-0.00592151688550448,-0.186482542076724,0.0578512321829382,0.07147080482322,-0.00568472614047788,0.0986078424755742,-0.19427644314178,-0.0392063062216384,0.224527425432942,-0.00338919160733893,0.655883739309769,0.350709630029544,0.341604291766631,0.123185866991495,0.0120515682044839,0.524620994906975,0.422136602505691,-0.45638780851884,-0.108388709447014,0.0241133887748993,0.268172572160212,-0.101608166680889,-0.0148131602249699,0.201638739028022,-0.0935622829790493,0.0278434299107098,0.515393606745458,0.405641810996458,0.364146676265492,0.505336548290507,0.0301713158307049,-0.0395603637431377,0.190794733854488,-0.26678117256159,-0.639286243339619,-0.400236467961024,-0.250644086257795,-0.074849625603422,0.0449191327381355,-0.317055584312267,0.252206742330749,0.0721499369025692,-0.287580423155047,-0.0500187265178709,-0.0973647762308982,-0.448319882973648,-0.562859859961686,-0.145795892474618,-0.18032860730927,0.205231427174202,-0.307826427907872,-0.212076705486362,0.200448073540729,0.0560421237987247,0.130302249235546,0.576462937635077,0.216799783466159,0.0783537401976609,-0.205376792267149,-0.279412757932951,-0.649003905596616,-0.614238108477407,-0.238980668731219,-0.287522901862089,-0.0741189929197582,0.307953480187121,0.430637030148278,0.174888215505187,0.541563257016108,0.0509432417900897,-0.0876283686926445,-0.226237427708393,-0.00188079557895543,0.341794704148515,0.274167995353132,-0.148273705018459,0.0563058922211422,-0.131168508479822,-0.14121311779969,-0.244066693484501,-0.522891434293056,-0.249117269014878,0.26820348107932,0.252943667839712,0.314422979572772,0.0848158252449914,0.0728880810281846,0.0941424459898233,-0.0332253168825467,0.144425312522646,-0.273113260209207,-0.110198189157188,-0.964187754437415,-0.848832283177052,-0.21432309670575,-0.433386820359033,0.00512071045447575,0.107838344889338,0.078720852774322,0.192543174165195,0.253914053560583,0.441296626275229,0.277254243248885,0.227836460725699,0.109148627877792,-0.143624757460705,-0.292547154611073,0.133900845008732,0.160009942363449,0.0324027714155251,-0.143269062891295,-0.301499112561018,-0.357160656703727,0.183397510331567,0.387085428332101,0.509692258303585,0.166726907239215,0.160703083421416,-0.232933035423271,-0.360772137887501,-0.309981545504403,0.0758816091464145,-0.133973831349388,0.0634140798684934,-0.236917047689739,-0.516660085400126,-0.0817003691523593,-0.616333189313481,-0.454469461208521,-0.329975840584356,0.0244184219164259,-0.3752805000393,-0.326873986791239,-0.056938454973061,0.330219657596197,0.0853460645343357,-0.381491002763235,-0.266966834077723,-0.315685924954271,-0.122568310098911,-0.0912367266687404,-0.160036593550542,-0.065202004862965,0.146247855573041,0.305795034533497,0.574185565332395,0.466032039856934,0.162045573560915,0.178785536598254,-0.0495618117945228,0.132519950984632,0.106874774255627,0.207995736629245,0.130394126622909,0.370287186248813,0.0526875443195117,-0.202814689056316,0.0959163393140756,-0.172189878228081,-0.192978900616774,-0.209816139906391,0.213354573494785,0.273064696936999,0.203525492256984,-0.14855051787076,-0.308971626616025,0.103923866191762,0.121623053221356,0.0651082956627504,-0.178628938070051,-0.402476079415163,0.144452891818435,0.0507084021815662,-0.316947447213061,0.0847457213680348,0.300836044131558,0.444012591791209,0.386292863106767,0.527644991110838,-0.0222242031147705,0.0249948161571182,-0.119465041392207,0.320351297428661,0.370787517000969,-0.474712857215599,-0.429807064312314,0.197296609973902,-0.3491364244411,-0.395349318457614,-0.533669252041956,-0.355625507619615,0.0982207421911921,-0.0745920508774007,-0.516595144470988,-0.0647557099704643,0.379487355565322,0.232746336174406,0.0297757190934471,-0.0731816173100426,0.274475104059378,0.0691558561913256,-0.212359353783463,-0.204995597323082,-0.326361252029314,-0.291491605668751,-0.720396218238182,-0.577706242825287,-0.0766075434229659,-0.0307086864480256,-0.125028167373655,-0.133715641843913,-0.14206414202977,-0.14128086740728,-0.366078058717559,-0.247033057487096,-0.428365442530626,-0.213989864128693,-0.497627967208729,-0.359134159431694,0.0725951973443329,-0.0820539583093932,-0.0867586297475406,-0.304164096482541,-0.23839046354947,0.0182006081937702,-0.130813685684949,-0.213808060417619,0.0368118876190109,0.365587586720093,0.0852039280301595,-0.0198146562827327,-0.367129263936342,-0.420092760263407,-0.364949828038908,-0.14586099340317,0.267402325041403,-0.0924904373508341,-0.277135054420275,0.0182309833894717,-0.235979470622195,-0.0328705750686865,0.00169537779006465,0.188227207925891,0.139548009738525,0.493437098012031,-0.030943130036482,0.0925147909470226,0.493865099263413,0.0411475715778759,0.00915080985300934,0.538600915514071,-0.0555227388308464,0.426620214481587,0.0464067097536181,-0.0349388638762088,-0.014121234301438,0.0265999791084873,0.0566512574839109,-0.184161908801036,0.0967304973364275,-0.082172915711856,-0.478769624528967,-0.0560381041845363,-0.391268232695045,-0.165811444883003,-0.287521993347419,0.145678677865513,0.366621749455316,0.159469172792557,-0.0279091692707329,0.00452987798353559,0.0405251910269088,-0.417811135920872,-0.442387536599189,-0.265884330586238,-0.0286510920320778,0.0940261422916406,0.328459803641131,0.238861190734193,0.302242699481821,0.158299714250546,-0.364468098831476,-0.178435876057069,0.112246437174456,-0.132387730582764,0.108499270571597,0.108945372091441,0.404207517117478,0.218810304627809,-0.0529514903993632,-0.333359277754171,-0.228294115964514,-0.286001436727061,-0.33700204894915,-0.119074885701587,0.0219815590871355,0.219594425715257,-0.353484383279069,0.194850460358162,0.230789722201616,0.110871148353302,0.19365073126157,-0.296176962196343,0.210851135534259,-0.124610819436702,-0.0391615008882001,-0.144630367415792,-0.653285207473024,0.807085171117367,0.0416992085253778,0.0882894940180718,0.0749388204365996,0.226097671516829,0.23761496308187,0.180566340357886,0.319707803730916,0.0992952184249417,0.248814242620788,-0.0583874292983532,0.364119171671585,-0.0430356206167961,0.058660260749314,0.235442092775707,0.62466127768328,-0.418829019195702,-0.0354191071056158,0.390189498188062,0.121389188541685,-0.127358591908908,0.258469883913861,-0.237828428038002,-0.321679079623332,-0.458202475804971,-0.0446157996582782,-0.28525293103795,0.14515141669267,-0.206806187456556,0.111579911871454,0.12698486498728,-0.212687993713787,0.1480134413053,0.0527027393206217,0.212735912165158,-0.247614142395264,-0.46176467362974,-0.121105324265014,-0.0240579335615601,0.169646398952096,0.382743659173509,0.000468083326142354,0.0985354154440536,-0.127766053802732,-0.195890583894969,0.797446186148886,0.173254409148488,-0.193283816627257,-0.107290703556414,0.254908322807138,-0.105163463232196,0.402628250152005,-0.219266495681078,-0.570808159760628,-0.343031770233134,-0.213679529760152,0.0833163622155667,-0.0751011208790058,0.0812307673454028,-0.323717799130125,-0.352321794053306,-0.309333839412462,0.201641135627789,-0.333459071920756,-0.0905717338677149,-0.496678241849414,-0.477694420135479,-0.33001436641008,-0.230763970321055,-0.0948068178722774,0.277023506561043,0.303197412696644,0.520688370026679,-0.141645811985974,-0.130465200837658,-0.0417320145813193,-0.0414796026357277,-0.928300761647818,-0.553042410389051,-0.270876085920956,-0.222805950146893,-0.0695853853551177,0.184278139916442,-0.146335812983231,0.101830367213307,-0.0916044964995762,0.150818428498135,0.0209217524298834,0.010871043186657,0.550407809686868,0.415482961508616,0.188062379722137,-0.175090357974348,-0.214162025563166,-0.0608140789940655,0.414580026866284,0.181668301496788,0.0763667372669354,0.163692458410118,-0.217582811588616,0.171848715259631,0.357488378673081,-0.343310046862765,0.22154928181644,0.043573252999503,0.0919582281637284,0.0681885112683359,-0.178084626235639,0.0594530680169897,-0.151796948864309,-0.549634554365376,-0.321019174139177,-0.521557474171641,-0.298686926159142,-0.277168018340623,0.256248005739809,0.0703222844598029,0.183509660488548,0.313316243864277,0.251724048697922,-0.0427804921620235,0.22461285129941,0.200074464679024,-0.0264968885102207,-0.317733890820023,-0.14806041196151,0.295333232113459,-0.0354700259660678,0.00857756817456,-0.0792429538352264,0.289080057814597,0.453529122493321,0.188677108155543,0.253733520693788,0.273484470642926,-0.151597737450899,0.544149136606165,0.281094763529814,0.429941660713374,0.0627956907074379,0.321270867712262,-0.248074992904537,-0.265504678285679,-0.0756859104430897,-0.0300393973030357,0.106575128333794,0.380283938986655,0.441311985283984,0.109414400200053,-0.323078428000563,-0.11872926518152,0.216825942191829,-0.047280439111371,-0.444741287422522,-0.527355290491879,-0.0823063431499084,-0.193281359687252,-0.309901151921456,0.0969476742401399,-0.242751589630922,-0.0570057736773143,0.121683404482239,0.0508191561403866,-0.542947021902882,-0.536044574868274,-0.000564024125752363,0.00311826945577267,0.219030247454961,-0.157287648835461,-0.0227650567294645,0.113491097076938,0.162275483096813,-0.179721644095336,-0.222242709937662,-0.14994848323905,-0.623566019489317,-0.0505646151779994,-0.000614255249528281,-0.0112114538824186,0.2193110518252,-0.0219205012701979,0.270139227164776,-0.214425892527639,0.205008093395024,0.534432959511345,-0.12697691492867,0.301726134947911,0.194399021824654,0.101826033862833,-0.00242179985815609,0.0891760099070827,-0.158364499220112,0.227219138097284,0.389753295287693,0.328611811354823,0.57483534888721,0.208968354880887,-0.0169260066652819,-0.0328209215630449,0.1518668244411,0.168082606191776,0.347144939221487,0.0394581727834925,0.0619124339634647,-0.101983838034865,0.230853801410905,0.0724069660801689,0.377246802985999,0.178497953315224,-0.0691086021105378,0.135115997097406,0.181523880789274,-0.0142910444268126,-0.365157696917971,-0.376336022562538,-0.249128146505499,0.0850729466238353,0.0889933670334222,-0.0158562586788976,-0.00915986716751556,0.166324554921345,0.247999559268792,-0.287882923120563,-0.488328568036367,-0.714254373901378,-0.311917030157345,0.0559689080269167,0.350631744723665,-0.047090333550722,-0.0940496735834667,0.208199870029965,0.0224187740232126,0.146841385766426,0.000289977082546019,-0.403722327567728,-0.342925021334748,-0.452351041744915,-0.13329997432573,0.462964814623042,0.0126601674361628,-0.00867682636261936,0.0196816512910374,-0.240964728080777,-0.0874030229140119,-0.212717178995967,-0.444700997983135,-0.20318931523653,0.487814560659011,0.37647102281695,-0.0332078117988257,0.245117004091713,0.120302072412726,0.0207725394661674,-0.0835921304365484,-0.332381262907066,0.141918517910456,0.650002038690181,0.529929612693627,0.207392843445475,0.447286683275406,-0.0955499043458009,-0.164157023553974,0.00725202608923337,-0.07651054364147,0.158258667451386,0.0837027690877978,0.597480317481431,0.590654735867489,0.480809776216338,0.0398674808541754,0.439887350384313,0.557875803446023,0.380937352083986,0.496478732680368,-0.195848530096439,-0.326344031048207,-0.1529723311582,0.10076297392311,0.140472392126239,0.13977841618292,0.065413401991263,0.0399973243709335
0.11977995761332,0.18158004111289,0.0974208790728342,0.0099672200010674,0.0894035597295566,-0.068694519833166,0.112122159005535,0.27168109705797,-0.026631450450641,0.0401784697125491,0.103588122139357,-0.0393604537772803,-0.230473529154176,0.190810606721032,-0.260435571582447,-0.0874395600040809,0.00594917368983447,0.110155080509645,-0.405879383187369,0.167748922563192,0.0856621785436421,-0.0320290336765346,-0.265556835335442,-0.0252667867490629,-0.13555583148392,-0.269535423477949,-0.132269547923662,-0.0939180765358753,-0.485708295208907,0.0475357721698957,-0.14300569448497,0.00141620378098314,0.177010008042099,-0.223931972093855,-0.0167970623396051,-0.15784701572497,-0.350595867817206,-0.112148049737376,-0.101485449747637,-0.455241613210031,-0.166657345356905,-0.0944929898699454,-0.0402716962317214,-0.0318348392766207,-0.212222554974832,0.0332569944663048,-0.26498302285671,-0.111533107449707,0.282259408349273,-0.0137138707868866,-0.0365476207689681,-0.0734615732560572,0.101887236646404,0.130970999648989,0.0118103277167783,-0.223209953627646,-0.141080175706821,-0.241100579229703,-0.282939556621062,-0.110442738492632,-0.258019540706581,0.0110480811696111,-0.0454410113124694,0.023309942207146,-0.086129329813536,-0.190081647590903,-0.067843496327202,-0.0237544985894114,0.141540302919784,0.0512795580420485,-0.0677982724927339,0.184499213139751,-0.0792879789437958,-0.160374164949635,0.08059793871739,-0.0492554214868281,0.10005366065374,0.0560722187186196,0.0329698105279067,-0.223816801851749,-0.102369225103455,0.0952401044054572,-0.010476658355744,0.030204446755387,0.202878324493523,0.024772052060975,0.0262216801998173,-0.0583062102134992,-0.142589823796319,-0.054110610165691,-0.217319590561959,-0.187927833138718,0.0074963955542444,-0.0504922600034897,-0.060919616418744,0.0827919043371573,-0.105567389023149,0.190717801223253,0.0720464997034634,-0.00580472636228442,-0.0775069088756208,-0.107795491047132,0.154297848420585,0.141277721482592,0.0684737379564877,-0.128506197598418,-0.0916366117607329,-0.179413108664078,0.0441093865154995,-0.00512220965488941,0.123335280752272,0.0505477349881726,0.104942006938904,-0.147602630876507,-0.00226494300775563,0.169950057977261,0.141996418797552,-0.0450525576609963,-0.0435523638657488,0.244517784322659,0.1036583484456,0.106506917891573,-0.184953475520157,-0.109605216139451,-0.237795425724803,0.183173232689463,0.00330199038586722,-0.0369830962138616,0.178745013479498,0.0836998712956386,-0.231776978746423,0.026862046543943,-0.000389441786809552,0.11508655884659,0.0502593610382054,0.20553622154778,0.212747689016158,-0.0201158763187255,-0.199053612587599,-0.26254125219038,-0.0101590231224169,-0.178197515757842,-0.169745164434613,0.242236163201606,0.153607572107128,-0.0869609047090051,0.0361092537206046,-0.00370196323119574,-0.0669655103648404,-0.175093817650836,-0.0269623078008527,-0.0417013485262922,-0.0424749247990457,0.0320467335603458,0.0246259083512503,0.153490325566911,0.0184862680066443,0.0405302711906566,-0.00316027084773365,-0.046433941604421,0.0537427317652739,-0.202642357152407,0.0136375592587949,0.0103017911534564,0.1268594682613,-0.121109489520068,0.021959413946735,-0.140802104126943,0.034422682917187,0.0716397382710589,0.233991565713108,0.120551531554288,0.0911761136396564,0.1555795908685,0.255496061913534,-0.0701135011456224,-0.0168075816582148,-0.0280315012427712,0.0407807794419229,-0.214814257910966,0.112328514327912,0.088163069813867,0.298608325350984,-0.0915703684350998,0.0251688266959733,-0.122008163453736,0.0147185641521916,0.0376188893853944,0.195302008933594,0.206948771097759,0.303548560999031,-0.0551584496379201,0.126606100781333,0.267540079895923,0.314049847696122,-0.011683496306042,-0.152617607893129,0.151716785034891,0.257753706912378,-0.0414696427461699,0.082687190446027,-0.0310571845959251,-0.0438197818288004,0.0216858479385029,0.279486179428836,-0.0211532293313456,0.201043266807203,0.0877558776153308,0.00633003467546172,-0.168997915560064,-0.0135806432153749,-0.0902042375132648,-0.300606096829802,-0.0981784698108304,-0.259535637359202,0.0954622908604132,0.10628501152126,-0.130981582885037,0.180903112108148,-0.0385824665357607,-0.272356880450125,-0.0391445091729033,-0.0892288942547042,-0.28961727684244,-0.171587669425941,0.110086142994221,-0.0635660037619414,0.203044724729566,0.0390241103558624,-0.149690951499117,-0.12667618111856,0.0951502272203263,0.0778736942255048,0.231830496888415,0.049842738140923,-0.237076116329433,-0.194285651140568,-0.276710515514717,-0.320199682249844,-0.289999204769891,-0.151844453328216,0.0470922990428268,0.13319648458048,0.147680838273578,0.052911613988161,0.0131593229673363,0.0568673870196054,-0.142594073054643,-0.0827220613519708,-0.068005689073034,0.130428094880275,0.188344010202749,0.132146499354601,-0.148358901061962,-0.11769905328176,-0.0156954983197908,-0.166662783802897,0.0247919871647942,-0.0235928876663924,-0.0353824279466575,0.0327864052412154,-0.0467767795445065,0.133973079562012,0.163919373196753,0.0487134872057296,-0.015050038022556,-0.0854251429670753,0.223603618730378,-0.0889807702876989,-0.104847751435603,-0.327092761623477,-0.288441972300363,-0.183515757133976,-0.290420285569113,0.0493992246804022,0.110930660214233,-0.0401799566197067,0.0663426579962359,-0.0943014193984632,0.261386173561926,0.0902281137800619,-0.0876571759390978,-0.0243981286330126,-0.1956808595578,-0.302244510984422,-0.17312977120038,0.141283104892897,0.0275836785715795,-0.00604280651026673,-0.040627143119749,-0.0946257250069851,0.0898308052053435,0.0371033927882814,0.166655457251009,0.173570677483348,-0.00724125652789557,-0.0703422432842876,-0.260335938241635,0.0849524052799761,0.124945792273951,0.0284797218573112,0.0197428769651118,0.0394803789399024,-0.0566367785599251,-0.0552559793920364,-0.310243205399777,-0.181321248563926,-0.00465524437977657,0.133245577228747,-0.0499436330527923,-0.14817531799857,0.0981443200568018,0.144530052285475,-0.122220919630765,-0.332017592084924,-0.0825767484520942,-0.153613268669073,-0.00566180644226619,0.067964814266245,0.00438578270621832,-0.19857466771267,0.0674153499480916,0.0221505955050987,0.208704718637145,0.461463439001017,-0.0709613144692613,0.0697920282850647,-0.0320322737908783,0.0076260716503607,-0.0234948393996927,-0.0982392603212003,-0.122544890315705,0.179440810608154,0.194627322397335,0.0107181804093196,-0.0812841252622049,0.114960284572752,0.00898480371715489,-0.091126961652675,0.0777716315751577,0.211942138762899,-0.0832162629523327,-0.158666800616835,0.0119673101672244,0.00321026792793231,-0.0769589523989574,-0.0347814700049187,-0.178912696811731,-0.237169103278875,0.0247598827826829,0.0557101766970658,-0.067677128687169,0.152413171683455,0.189323946201008,0.215173699607334,0.100598741188275,0.014462404929909,0.0265119662327125,0.0752995014353102,-0.130012723069376,0.136347782795615,-0.0753778940481735,-0.235766865657671,-0.113785421342467,-0.0315029198866931,-0.24827077171906,-0.0880341940635256,-0.412707120074076,-0.23493598238561,0.286390403479002,-0.216766551632357,-0.359894115985936,-0.0549533450161066,0.167602308598386,0.143299263912521,-0.0648639282931808,-0.180445088818962,-0.0157183921253948,0.0741745376491469,-0.0698284266889973,-0.0251324176564221,-0.0608423981996537,-0.331212641577259,-0.157593486477846,-0.110578618694544,0.0377066610898643,-0.173090022800743,-0.178392616483999,-0.186300824812637,0.0364873485047562,0.11746666176261,0.0835050441136467,-0.0905416160665172,-0.0355788899683668,-0.0644570669380553,-0.134214786559179,-0.223944927631515,-0.0370511079961473,0.18023200322532,-0.196153382853468,0.00122613911276598,-0.131713770634152,0.00273088538372425,-0.0573704208723993,-0.174990965948277,-0.0720639157294126,0.0120783199984333,0.132841422810523,-0.0352897957854254,-0.0681963538785544,-0.231886254688385,-0.142049501217326,0.00388440415946125,0.0196515751356871,-0.046652429833337,0.0705756880074252,-0.0254597333577509,-0.0731375239159913,0.0386155620450045,0.0732386155660512,0.185906634410313,0.22650770833867,0.21092081921237,0.0539129972788193,0.168073097421745,0.0901494516262739,0.0578615269406428,-0.0452605133260541,0.438591011959498,-0.101527038422142,-0.00124848976351512,0.0253953709287845,-0.102147219614134,0.00363784697186615,-0.0857080090998195,-0.243296565071831,-0.138588988302602,0.0493673393520462,0.0299240976416642,-0.173901244678047,-0.186380342511923,-0.386490769976238,-0.17499320606082,0.104272601873085,0.0936155048994101,0.142402673240443,-0.119326214232728,0.0982267724832296,0.212660113491813,0.24933195117997,-0.214761313968212,-0.21617965272822,-0.100601989549407,0.00647856987440058,-0.0316465727006708,0.108152884457193,0.134375273573212,0.241633621134024,0.077861424552395,-0.0211773282631524,-0.0796847066028555,-0.0648656152094694,0.0309866824075371,0.0951169585510989,0.055185878943678,0.0855152302098662,-0.0598749053903415,0.086049442119159,-0.212768145407261,-0.222290733576713,-0.000678331933043827,-0.0911376284681975,-0.160460591194607,-0.164996558722733,0.0090766398383841,-0.0239538036458804,0.119855847376016,-0.0677994353733469,0.152735098800218,0.0987827129065155,-0.05313496465145,-0.0279238456114768,0.0309489296245718,-0.16999457494732,-0.241508071275384,-0.186062394312544,0.324545095267292,0.06530601191347,0.0294974754858781,-0.0157211005212113,0.0789270754348774,0.194097067123816,-0.0109862628012123,0.193216372605918,0.040977046557488,0.0136201137570535,-0.000594974087619604,0.179637232506225,0.0711468766681837,0.0460936894011404,0.033335520259791,0.249754840026008,0.00904040696107036,0.131551577408588,0.221472822842029,0.14197782640614,-0.203172644626807,0.0804428284962928,-0.104674646031041,-0.268795583157942,-0.31092960536179,0.111220406215552,-0.106198564710162,0.123869049925305,0.0792264999026714,-0.0127107999323882,-0.0349771760258609,-0.0646521364055042,0.0138457569612625,0.0435810977639195,0.0857158516845381,-0.204486841748858,-0.0689988989623933,-0.0766381828368491,0.163074891171693,0.0339707595103626,0.127810522374893,0.0435591623047539,0.0238339230374263,-0.0129307617702142,-0.0903217219683395,0.205574222311219,0.0747777083032483,-0.13540943982637,-0.10423381526926,0.126036933745822,0.0296231550022211,0.107645470968448,-0.0933703049044056,-0.217946486994557,-0.218538598964446,-0.125579677005485,-0.00990013939615852,0.0916805223951501,0.0646746516293919,-0.187365084320307,-0.28293146919603,-0.1195221224472,-0.10119154725263,-0.140411418257924,-0.135452247688998,-0.152548593153183,-0.41444053399875,-0.27187428924655,-0.194630843153317,-0.129013721659218,0.0779900687512486,0.159255066863327,0.216625310202746,0.00874340492502021,0.0367435471625658,0.056497185678862,0.049340595638005,-0.340960492030811,-0.0960158332676488,0.153982453395448,0.1701661441928,-0.0117419209764507,-0.0294535109415861,-0.0833748415507401,0.0993200235385019,-0.100743982612409,0.145616376842529,0.1031449391003,0.0603647907923817,0.224402541622923,0.0487952491976033,0.0537330597850868,-0.0765900345571993,-0.0746204075777845,-0.17616929782735,0.118024417408785,0.00321872287818142,0.137840256260684,-0.0608104630007893,0.0719966864139404,-0.0349779292979351,-0.0196464786417461,-0.0303623239086522,-0.0723858543124326,0.0770552122672083,0.0681799683488819,0.169085848111018,-0.132181797576236,-0.0341398083205372,0.0194613759302129,-0.151418553237708,-0.12224185884433,-0.222760470598422,-0.0236419995290184,-0.0808030075961226,0.0361187373058135,0.125150640854864,-0.100144416761499,0.0837192063435918,0.119402149734631,-0.00282706129614094,0.203226230413072,-0.0241834480324556,-0.143600489051593,-0.0750600060038491,-0.0928605285426901,-0.007516172970933,0.120753611162491,0.0407406686477376,-0.19520792952671,0.360640064686146,0.060274900834141,0.177159388438696,-0.00380958342540719,0.280284048499091,0.0570336731312082,0.279180799856463,0.115565433153065,0.24919686492731,-0.222285076873437,0.0890993617524148,0.0343875961963396,-0.104856064959407,-0.0396386774717711,0.0289543820559543,-0.0232040704709255,0.223084206929216,0.17855403277511,0.0117130971225596,0.0571795279961088,0.107828565638646,0.196186028986417,-0.12187859618318,-0.3710696667718,-0.25561989801522,0.00950585696372595,0.129234890110451,-0.231772558045948,0.0112101493639069,-0.111773667690636,-0.0983993975590051,0.173776228322302,-0.124819302381481,-0.176159579231715,0.0230248658362437,-0.107637851568756,-0.17081679901507,0.132371377752868,-0.0597775333770157,-0.185788141546861,-0.0536098553160947,0.139292021166722,-0.106996547554834,-0.164746046630632,-0.116938036974451,-0.371716742100808,0.0550878426144104,-0.0998105777989152,-0.0338515207534971,-0.0128300537442934,-0.0626875652851116,0.134201291258094,-0.065234663690584,0.0207184680100482,0.131160888799649,0.114851244553006,0.242119933254464,0.174285348092347,-0.0474052338866509,-0.0265177292371781,-0.0418895970825652,-0.121237348816942,0.21754108130414,0.195570904619139,0.159381248814224,0.0821378460682823,0.144938607765142,0.0890528755886532,0.0257786841227064,0.0148154726420634,0.104828996751979,-0.12596323943357,-0.129804518677684,0.0637075034018655,-0.017565341770518,0.23175441072468,0.0796626014542491,0.26013546727496,0.277338775133215,0.0811368465783549,0.0771291030555314,0.154989195763197,0.078453273085457,-0.0972936989754052,0.0154474637513552,-0.114356471883323,0.0494925468400946,-0.00155564111527573,-0.0166771087095446,0.118093078004975,-0.0650321771184223,0.154093339886242,0.0171366346210082,-0.174256189450849,-0.259714333414614,0.111605675766704,-0.013973918086215,0.16039436002283,0.0447245158503816,0.0562211972830153,0.0298730609410165,0.0904833543506278,0.252091620775842,0.0836162565877137,0.0133224517536376,-0.114346009473819,-0.104003664141984,-0.00511273686798176,0.0690294789568937,-0.0381600339383616,0.0928805113133561,0.0125184427213858,0.0127254290723012,0.0365547483529772,-0.123180647059403,-0.089993756426718,0.0615029229869111,0.108651783912866,0.162297952559675,-0.0426735999393615,0.172790057980895,0.0415060915819775,-0.00213748411556697,0.0617167175626587,-0.111581634904419,0.0282348962548602,0.174781510217585,0.165148924128261,0.0093992011183167,0.244682227322369,0.0397214642535884,-0.17898488026154,-0.0580293716178496,0.0568964172251084,0.102513260700135,-0.103031568985983,0.304203555088131,0.445097422891777,0.23259107918835,0.00538605879954545,0.273546590771026,0.184982310794264,-0.106942840235398,0.136309838488374,-0.116395851690089,-0.170108120909683,-0.0510639196170381,0.0399636502621928,0.0126980412358,0.1104480870437,0.00691170714032986,0.118294466159196
0.141841603428996,0.0205393829022162,0.145255262404139,-0.0870260144724842,0.114871634653853,0.149218966724906,-0.0454274506693538,-0.16236998542593,-0.0212896878557535,0.243907308105661,-0.107062277375642,-0.115583114427637,0.0901284879874018,-0.0242156571939263,-0.199710862246447,0.0429482775366012,-0.128368721055054,-0.0306180898990287,-0.0252642890608409,-0.0634465236623583,-0.0283717127328811,-0.0840424921510984,-0.138581264046528,-0.137751204166625,-0.132510360717971,-0.000642238029197887,-0.00804794353465585,0.0670046604573354,0.0723413259777942,-0.145848684038114,0.0133537955855288,0.0835333479252913,0.0483572772723059,0.0598424970402393,-0.0465345401167167,-0.057338464105704,-0.0658066319922759,0.0914063492834127,-0.0317519331252103,-0.00238625536778537,-0.219587905050699,0.0421773535325022,-0.125484558317446,-0.0241241637082673,-0.139850467613004,-0.18894559998305,-0.116792722922059,-0.0915856884004653,-0.231854460679695,-0.0196621750428408,0.0828958332979068,0.0720148920963114,0.0972741682312435,0.0588449473399728,-0.177461707241256,-0.0297151292861021,0.0833087253676441,-0.15517050955848,0.0358493517794387,-0.0655372219154955,-0.0256434482842688,0.161676420520824,-0.091226848642097,0.0347701956692129,0.048418189705747,-0.0812159756965891,0.192973771144046,-0.0267958259231191,-0.00338442326562127,0.139975606015041,0.103600861103082,-0.0791552488080384,-0.0244366127596627,0.0230095196985022,0.048666634623776,0.25675989388222,0.0519624108220604,0.219487970410575,0.0165251871714618,-0.0968396228337503,-0.0885937872932551,-0.0107881933466631,0.0563406042804362,-0.0445078013134553,-0.00110919552825738,0.170751347001789,0.0867229623152115,0.0995916788227229,0.038081773682631,-0.0942415228018387,0.00734917238609861,0.00688850591847515,0.00487064464912757,0.00270014215090142,0.0458012637287253,-0.0300893983660056,-0.0405901907870813,-0.127892803731809,-0.0492008719381756,0.169929149147891,-0.00642236414787025,0.140863528346267,0.00890594439466003,-0.0508791611875311,0.0521090596196419,-0.0904291696146664,-0.00363859099299672,0.0327740374755336,0.134017932305686,-0.0235846957214507,0.174777950493665,-0.0583657602431706,0.116312442127728,-0.0181399988678156,-0.0914792725619073,-0.0447068862361742,-0.0102022094865463,-0.0164249576760455,0.0794611833541163,-0.0219926142475058,0.14999745255055,-0.0152503061746504,-0.0260629736692739,0.155216330954272,0.116017058386923,0.0126071016167307,0.19069496608397,-0.129605496874033,0.0645413725742024,-0.0574689640996682,0.0339104665718799,-0.00893369016628731,-0.132841480527027,0.114684845142841,0.154758642675221,-0.185847175571465,-0.0330190903152166,0.210425045356108,-0.14354332877533,0.120329879995503,0.0165703173098585,-0.00423652158355948,0.0262613408299255,0.184521077449643,0.130987527440602,-0.1624452819664,0.00937815476006474,-0.0912581572598006,-0.0420572910551115,-0.146741111609561,0.0648914323996596,-0.0676219621278109,0.0630963977589572,0.0891842010792048,-0.22717552015888,-0.121286721990711,-0.112947331856735,-0.106897348826286,-0.0783262499670771,-0.0888521067331275,0.121843233537407,0.110729803803917,-0.0731496688822912,0.204335904309481,-0.0427571134463429,0.0177332670772681,0.154902400218322,0.0166632242419583,0.0306305556538909,0.0522536072777083,-0.19145087297309,0.0831318171929201,-0.109955152474789,0.0552963670953677,-0.0163509847759954,0.0578522362694917,-0.00797137191921563,0.126208916999793,-0.0548052525281761,0.1718466617122,-0.170389218521753,0.0170999005031941,0.00350699285746394,0.0730026399631619,0.194318727633744,-0.0206153319772818,0.0146815014935421,0.0514368588015485,-0.0264761418165209,-0.0647436674528734,0.0282777461034979,0.0745183518789503,0.07905967232725,0.000831406516554205,-0.185583007263885,-0.0597319558747933,-0.0729072269989944,0.10979474957687,0.0135128767740288,-0.114742990700227,0.0273498998432729,-0.212634706705815,-0.0769307135666107,0.0985907256993376,-0.0638038326781206,0.166959314496232,0.0579440228041646,0.00525835566030591,0.0241789750648615,0.140540266018119,0.0325962228755957,0.00958730643920708,-0.0993333129957765,-0.163820767136976,-0.171459045220006,0.0764502426675627,0.0486654153819065,0.0246135162658345,0.0335673358163396,0.0420877273785249,0.0493344965572234,-0.0299485247249277,-0.0889352356308193,0.0953739500692483,0.0852998784005679,0.00927618720895068,-0.0479920720438242,0.015204095622446,0.0962199616460599,0.030199365585395,-0.176790949673633,-0.00921935486407073,0.0416743385290821,0.0687732380117892,0.0423174700485323,0.0220885312939495,0.0602146615167676,-0.0867157131508848,-0.184623220837376,-0.0658435065737075,-0.09491987648813,0.0483760545100928,0.127286862523009,0.126221186940335,-0.0860723373813216,-0.0523840358499043,0.112042485496368,-0.160211776551428,0.129941458049678,-0.0124352834924118,0.0599325174737922,0.035556048600572,-0.125044390060421,0.0666112662878697,0.12834413635907,-0.162523648426564,0.153285631973084,0.128106134181279,0.011944182560378,-0.0488126566219605,0.109197124323551,0.0986999186949684,0.282427366303309,0.0118158234621455,0.0657630500292612,-0.0399068061154383,-0.188089492949854,0.0546885239589235,0.0783744374059455,-0.06254646282325,-0.0228449432066961,-0.143587922207956,0.126770549885994,-0.166937038978012,0.148618113664525,-0.0636728827041889,-0.126366467018684,-0.00558019870851998,-0.071058248002273,0.146604014773635,0.0220900415454967,0.0490506232253946,-0.0175508289873645,-0.0906695471834084,-0.125158418123537,0.0700060835590195,0.106589350193953,-0.0865499257429773,0.0437011419700347,0.137225075718786,-0.223080481119742,-0.172898377901106,0.0672020806337757,0.185907743137042,0.12914058717699,-0.0699724650019903,0.113414583779684,-0.117960753894342,0.0308886848932064,0.123475364589434,0.0391285822216679,0.103259278954852,-0.150412042882468,-0.14990815686969,0.0440488916193914,-0.0210710019295094,-0.135105854189566,-0.0236164005643131,-0.0474302136165173,-0.173948943781606,-0.100199996392828,0.0985768296273169,0.0708376246418428,-0.0452778941205099,0.0200848276462689,-0.0896943568167194,0.00486662407946312,0.151257412351704,-0.0712578266085207,-0.11526245659548,-0.0715878354024052,-0.0660893614194756,-0.139136187023409,0.0580999271890958,0.136583683268455,0.00349645828073546,-0.0948677324566091,-0.0915525801893529,-0.0410237789996574,0.0506504885282185,-0.0967851665966225,0.0588982318176218,0.194761182451735,-0.0985056850617673,0.171574784713561,0.116195791536933,0.0653608343623144,-0.0207995882552373,-0.0442539005367644,0.123661849273813,0.0247218698904024,-0.0232069017175987,-0.0297934380965816,0.0168210396191888,0.141764255249023,0.0972989032189628,-0.117320809465113,0.266059841721565,0.0128282708070318,-0.0512557592792648,0.0415245005818824,-0.0851001168196836,-0.0823155316651631,-0.0141743375752512,0.00604612614767498,-0.00493765004501953,0.0546161535254398,0.10655965728921,-0.0541935452850497,0.0214462013487119,0.0836090616421257,0.0277873394444686,0.0951591171506024,-0.0920988641776821,-0.0335792167113607,-0.0445015116589917,0.0973021899877524,0.0935793264806533,-0.0448016006996954,0.0677921048924208,0.0423321152614574,0.00419235406786261,-0.025611413338047,0.134018537832865,0.0404134625650478,0.10093610217735,-0.0844950064697314,-0.0473279738097676,0.0957409225186667,-0.139296947346077,0.191324867280499,-0.00112136626609791,0.178615919506455,-0.0154367094844398,0.0318719193487441,-0.0864231056028135,0.133455182178674,-0.0498771250816108,0.02046663331793,-0.0169995002966099,0.172452241467172,0.20330561052096,0.0476906528518471,0.10933702651827,-0.102754793825034,0.087372065020886,0.00407372220945217,0.014668710554752,-0.0769872792163372,-0.0478206359373695,0.024123473206536,0.00204782967888079,-0.104101889365746,0.00319644276477364,0.0965530468573646,0.0593488293178337,0.147340091122472,-0.0568275940500974,-0.0911920712243662,-0.11353038992816,-0.0647997813702813,0.0639146699924808,0.264681532354788,-0.0526619742448923,-0.0444706589539122,0.118787663189554,-0.00657112922080269,-0.06673566516291,0.124662783007691,-0.0411727196492693,-0.00754114579073661,0.0876773044323691,-0.21331871542671,-0.0225544898592833,-0.0843136701981312,0.14263670830047,-0.191712162894144,-0.059909059938814,-0.0225662857268555,-0.091542847832667,0.133089249158321,-0.182254648934759,0.0843015439669452,0.0958027703271856,0.0451887623392244,0.0311715228146585,-0.0293615725023244,-0.125595698911425,0.0975886518157316,-0.0802791360064459,0.145226548537864,-0.0168302581634815,0.0216087393220592,0.04140057118174,0.012596486501215,0.0916246326172151,-0.0711519938772127,-0.0657285817122249,0.0503579387371684,-0.0215839138930783,-0.00530917539972925,0.180066419821324,0.147801811029749,0.0281079348079012,-0.0975706259160799,-0.168122696497342,-0.00512699641548741,-0.0913795215035698,0.155532074408794,-0.0496683796858052,-0.0888231661236857,0.0589218925971673,-0.00284386054321866,-0.125826377903565,0.137932830303284,0.0147766875397318,-0.0971186625995897,-0.0549836448431645,-0.106272856840396,-0.0801399833003928,0.105703592303747,0.0047169546656765,0.146733511312462,0.114821815439564,0.0452528058646254,-0.0291705465232134,0.0734460870158001,0.130863299608515,0.0359442398067294,-0.0474966970776078,0.0176705071298346,-0.190569284913779,0.155450221448247,-0.184348960817926,0.148999992122256,-0.190023845953701,0.0693873436759895,0.101749656225057,-0.0258635700865087,0.122214564930723,-0.0780156920549589,0.234067035357257,0.0568751619515484,-0.0862149702244169,0.14728939986517,-0.0318383304432817,0.0799313881829768,0.133032467020686,0.105563186169421,-0.156228445327417,-0.0530814310800978,0.11730396918607,-0.0504191699062631,0.00818149342631353,-0.168269813179797,0.171298836819825,-0.0643174538241193,-0.0103061552344894,0.175348654636448,-0.166376850059964,0.0123829263213818,-0.0831600734505029,-0.0159196328755187,-0.0208949083598987,0.120847679529184,0.118902080387041,-0.1543085805318,0.114703091975501,-0.00871960169928037,-0.0515575009072824,0.00411472384150724,0.0831240027080041,0.0534369476516052,0.0347968322375115,0.0244984151049013,-0.0173131410746776,0.0587279819553239,-0.0822282709653129,0.0303184923367722,-0.169898016408341,0.0135772079978872,-0.00676840207568685,-0.0217882700393911,-0.170296149234049,0.0203775694028938,0.0604450564500052,-0.0270030873133997,0.150742804780094,0.0232496770606026,-0.0795208191021666,-0.0843943228308676,-0.0216900631251852,-0.0963203417031306,0.0295610661933102,0.267721056253691,0.0734480928574601,0.20500278110604,-0.031373223426306,-0.190914385917357,-0.12533650716101,-0.0982515674727205,-0.129222343938334,0.0495124180368874,-0.0373796183910587,0.0321939143209138,-0.196226350834441,-0.132320075393733,0.0184895895802826,-0.0788446348631581,0.0631414693428852,0.0239182675400941,-0.0171944005805909,0.104690079446782,-0.0601750545630253,0.118650670142491,-0.0418518771227494,-0.142489200976041,-0.216918406000399,0.0182620861907318,0.0728391470150165,-0.00795458848662262,-0.0412263165365062,-0.0863751476245927,-0.0880532864155436,-0.132910934433516,-0.0661725443464058,0.045905033134173,-0.20341749352692,0.00750352762793296,1.51450382944365e-05,0.0632064849765395,0.115903055211583,0.0472395679253244,-0.107035792435098,-0.136439491247703,0.0441372217974007,0.00194307236228426,0.191834304066925,0.0962546906323235,0.00779473266919483,-0.152592031687531,-0.104785426954889,0.0913190685352857,-0.130486441025666,-0.0596336025229114,-0.0616485541961701,-0.0317233425621485,-0.147436391256121,0.035062257485415,-0.0752885158174005,0.251248516583948,0.127375794980551,0.00666919914606729,0.115692640956295,0.0727780916380115,0.0844744018188543,0.149440910942626,-0.146394550108351,0.16064605712914,-0.0765659627787464,-0.011401721386349,-0.0152363235412803,0.00889694978240842,0.0714467145825354,-0.0764232236971908,-0.113441806973702,0.091911029604112,0.0769992595854953,-0.00963939778056794,-0.309011448799455,0.00606081041818763,-0.156369953695601,-0.0173788422801205,-0.0907439231674876,0.0631607456913123,-0.111131936351374,0.0746558121712236,-0.0530744030494237,-0.103120942336956,0.153170223141428,0.0202809749119487,-0.108192161640568,0.216034971798513,0.0175837970327465,0.0534666698375228,-0.129175164987948,0.0180730480260079,-0.0885754862893981,-0.158320456226314,0.0392255761908115,0.125750057114777,-0.170708225228009,-0.0525431007696574,-0.110573559218597,-0.0811305296529666,0.0946890460445819,0.193370961673299,0.0369963592423444,0.140774248990903,-0.165067505947878,0.0360424063483998,-0.0880130943822249,-0.0543882826511383,-0.0749930988187235,0.00218449207811731,0.0089571347905854,-0.0299205667389889,-0.153288330113411,-0.0803208305190982,-0.0735133850170288,-0.0713450934605029,-0.0658857979929808,-0.155908557814115,-0.0769196100980508,-0.0547916736406008,-0.195765322574685,-0.0355381764945776,-0.00160032575545289,-0.0871320707621232,-0.0307297141064449,-0.111852401857119,-0.139172578224275,0.0874292585283692,0.128073200983158,0.0178306832994199,-0.219680144193848,-0.00174109917561114,-0.137238337719431,-0.0642701863514629,0.0910492701387612,0.273257151153882,0.0153177687274331,-0.117269896590057,0.0582716969914647,-0.019882601103539,-0.200406589204616,0.0263620510079851,0.0298713748587368,0.0818417300754689,0.20092285517907,-0.0229368749351606,-0.0443824983955572,0.0866945900657377,-0.0974106641938587,0.0132765143138458,-0.0685236093087843,0.0724643582021904,0.0134013465315702,0.192497307621521,0.110516185883803,0.0466037766071423,-0.0605203538679101,0.0448995916362523,0.0831318173901755,-0.194553816395817,0.125537475005535,-0.00736472618807586,-0.246314131423096,-0.0102987290255686,0.0984912597006285,-0.0833498792540981,-0.175296255058308,0.0820345878336169,0.00493126035255861,-0.0902301134769316,0.0798301041486319,-0.00315513745003488,0.111043636395237,0.142666144300721,0.0375591819212664,0.0581164771296195,-0.109374338040039,0.154293729911231,0.265205113180522,0.159333412845658,-0.110493669248524,-0.075131747010774,-0.0288547093683944,0.00953177047210625,0.042813546300012,0.0511465954392876,-0.0260522402337388,-0.0201824927489659,0.0751726225503952,0.12236614410813,-0.0508245254023204,-0.145844370366659,0.0934120127948987,0.0168837286212693,0.0504667684828383,0.0549475552287851,-0.0998222117610154,-0.0196495359080244,0.0049851880555453,0.0342363491186333,0.0337192926073798,-0.0521835307167395,-0.394361668778032,-0.0810945958194562,0.198187246518118,-0.0323465665923359,-0.0375811680750236,0.2083456816261,0.111614259939667,-0.0841536599218038,-0.0236085663392895,0.0593913489808296,0.115042234087266,0.00610894414841791,-0.0330947762758691,0.167486361862122,-0.077365850020137,0.0269512932028767,0.0144087649903157,-0.00202420569468533,0.0634638574838098,-0.0128255321738065,0.106367247094234
0.170153372256478,0.208823598733969,0.107684523159075,-0.116656458145197,0.145880284860389,-0.197465833852084,0.135336030407201,-0.0766090058775975,-0.0174401497437698,-0.0549638603754748,0.226391030848514,0.0548570979923163,0.0326784588637284,0.063961559775143,-0.121712124830572,-0.0625762971206366,0.0955741510401564,-0.0647712337187031,-0.119707144813104,0.0213377003702162,-0.141443136022091,0.050648741436476,-0.0259454781956439,0.0554154216130652,-0.140251430812214,-0.118169155402805,-0.0813948982898217,-0.113841627365058,-0.262713056836491,-0.0755855379862918,-0.115819422011678,0.0624857608076286,-0.0460697111036307,-0.0293529279861753,0.287950708708117,-0.154469178396745,-0.182096550788206,-0.127457955717168,-0.115468513165979,-0.347031546373291,-0.0211445763622225,-0.123206819137585,0.106443239565511,0.0573382190617979,-0.0893526671083293,0.0759662044336349,-0.377229995271589,-0.144516201113955,-0.120527243260902,0.0190811219635599,-0.137352695844849,0.155911401298214,0.107075370815487,0.0267916981586877,-0.188267334809035,-0.122503007765218,-0.17972779088706,-0.211524445951031,-0.0439883617130213,0.0426037105814574,-0.387784278763652,-0.189528573703103,-0.0795678561500203,-0.0092329209357322,0.0048916841418194,-0.0803385445027583,-0.0501590374852621,0.0387692095237132,-0.148689651190342,0.146691160507645,-0.121854353458566,0.0286771134374521,-0.206407070916279,0.113732648421579,0.00597313081986885,0.0442093629862424,0.000352052478618553,0.021106517032157,0.0466957320471369,-0.0149346439559449,-0.111308138115906,-0.224973557227539,0.0181481932097015,0.147965808817363,0.0137734028631241,-0.076042810522061,0.1837273483675,0.0147829213180085,-0.0836390538327172,-0.111966573265421,-0.264500290724716,0.106154426753175,0.0941504279471463,0.30642851855404,-0.140734311800746,0.150465303213411,-0.0326030420681169,0.176743189798419,0.120057417580683,-0.0926249206943948,-0.20026716277796,-0.0455502674610122,0.328968162679342,0.174776201369697,0.183777146171469,-0.200998163379534,-0.123039422719916,-0.289949051275353,-0.137525608879523,0.00604545080426741,0.246442739129179,0.0793992866588711,-0.0399372870906776,-0.114812475372933,0.0741466615102999,0.21777955168673,-0.00475521940304248,0.062145696397085,0.190650443205081,0.194845498356486,0.196689375980832,-0.0486573408444994,0.00880533798136771,-0.254047269354683,0.0578882025372618,-0.0182465589429283,0.101800060496532,0.157218823052876,0.198570676996633,-0.109846407632593,-0.232073515572781,0.150524047945337,0.0348866090661709,0.217817721104771,0.00874923266055292,0.265490831340323,0.0656328425650621,0.00460327639055291,-0.0767759134374856,-0.305994136805812,-0.0277430429100715,-0.215767907893015,-0.236929302862644,0.0345491346758978,0.132050572277519,-0.121480596974578,-0.0788621829116246,-0.0757017641159531,-0.0213496993936518,-0.0476168464298791,-0.131352540531582,0.0615227524326753,0.0587229684420455,-0.0638577051765294,-0.0204754070136493,0.128744262601535,-0.0817378628671881,0.00129385604373133,0.0504668919374976,0.0793919879241359,0.0562207209841664,0.146573889831422,-0.207354324352383,-0.0452107301055725,-0.0716754140312956,-0.0309812220158602,0.0270144798579416,0.00912702782341471,0.00779067922375946,0.126480544839682,0.110620337186349,0.0197660956694903,0.214733241788469,0.182447237359337,0.201350142439936,-0.0574526519227533,0.0967379648259097,-0.0157787489658028,-0.00396618305018929,0.183879770859997,-0.0804655172718183,0.0142158096728845,0.0719750705783483,0.0806442225136169,-0.0556295328433079,0.186774755255312,0.0380905908361116,0.1168533273737,0.190991283241571,-0.101548960230392,-0.0609493001138902,-0.0109492786450298,0.184137996412956,0.165641611609907,-0.0351726136707946,-0.0575018356098244,-0.151091218826068,0.0247300550790075,0.0976912671886685,-0.284466370318502,0.033133715149975,0.258138536717939,-0.161846156867825,-0.0862665401637593,0.126022524295056,0.0640603132313475,0.108324587770531,0.0987982886452983,0.261047933937726,0.0308057602221415,0.182873109836139,-0.159173676163084,-0.290998326853695,-0.245231618348325,-0.286742620946565,-0.241253912140835,-0.157575081696606,0.00273512175978666,0.00171587644118746,0.0930896029442931,-0.286410468765019,-0.227133738496233,-0.0367416265291238,-0.28085454553868,-0.139274240384969,-0.13355099142626,-0.308688209394578,0.0878944602177164,-0.172487330060809,-0.0309924982793722,-0.106764299999198,0.205571524298505,-0.0250359826338923,0.238974926902433,0.0683753023051545,-0.138424471050439,0.0619447883706424,-0.0901588547856831,-0.145563211944771,-0.277075313177348,0.0334781367863379,-0.0303312322593537,-0.0316866868016884,0.210259592929999,0.176911141486756,0.0250169649534195,0.21113746207417,0.133357665321743,0.102428578425492,-0.0117591227934543,-0.0601573671364001,0.342706369022848,-0.00237810826630393,-0.180347060272066,0.0614062046140322,-0.0240771703461492,-0.163810149450502,-0.21346835371197,-0.040772962344457,-0.0814171369124522,0.0493795186043743,0.0984912935506769,0.0123212711217881,0.343101116832801,-0.0640663422999319,0.0768439599595543,0.11075130192282,0.0404739962493379,-0.123456048791316,0.0188769610122521,-0.254946443177405,-0.227222586636341,-0.1423397034692,-0.205721311867164,0.0349494028379496,0.101745006483766,0.18573974874909,0.26706704066678,-0.0688736531812692,0.332557049683463,0.198785700836694,0.210963476690736,0.0956149909967284,0.0323717434339232,0.0831140683950016,-0.0596126287500262,0.194898671138078,0.213899919971894,0.0261612405428253,-0.0976436444345652,-0.156779302200423,0.136838139493021,0.148503863010874,0.0456510726280367,0.319928429284421,0.0537091513724141,-0.3367028261185,0.117208807847995,0.143113705404698,0.0294481116289001,-0.145068849760707,0.190403403395884,-0.122371815933609,-0.212398413020314,-0.00700433178526283,-0.0944816303956177,-0.14363574525287,0.0362985059575,0.0517066871453965,-0.145463829190169,0.0487672540795545,-0.0362044251848876,-0.187702204528063,0.0839403902944937,-0.164042964140058,-0.1062536096396,-0.0104578259171701,-0.00107887727476261,-0.0310516913180448,-0.114719135028759,-0.143097922285955,0.0910412932571369,-0.0019268116295215,0.0660946318286659,0.201349777886917,0.0370476922919049,-0.144087294762315,0.116609770022155,0.00923312527308905,0.204218389918868,0.0509436337234215,-0.0762084718464348,0.0677356103070871,-0.147955713340538,-0.260513023743383,0.0114079412256498,0.00807466902773415,-0.244347053452348,-0.317236831089975,0.149071314302188,0.17658482940185,-0.0315932866966234,-0.124719868531108,0.104960247251822,0.0133057545132071,-0.114937613920358,0.0628587816677944,-0.155511819326552,-0.193839707757029,0.00883058090779799,-0.0731795132102015,-0.0394624048440481,0.175644312740845,0.133026305186958,0.220091152010567,0.083532296865968,0.159052780104031,-0.0120383977809509,-0.0571726217250433,-0.0819247368644322,0.193073534129704,0.120009965444503,-0.110284763984889,-0.191265477075383,-0.0348129310994192,-0.392966209232229,-0.106693541775015,-0.125808641399301,-0.119796744225142,0.0611968358312235,-0.0631364931802947,-0.112202627777789,6.46548916436664e-05,0.275745327251262,0.111896598272454,-0.00214072236854356,0.0698316307315179,0.245785182228653,0.0929049351306094,-0.0288105250394173,0.0441852103936789,-0.171057112481603,-0.259717864460113,-0.103305584367634,-0.16805476152203,0.00805173279910951,-0.169519248959856,-0.10720348296196,0.0530616584609872,0.0451485540538957,-0.133838967347849,0.00883677178935525,-0.0573069687533067,-0.195825678620041,-0.169984861379068,0.0276317239223376,-0.0928548469448519,-0.0371068661446225,-0.1251315286377,-0.0729146493332059,-0.0148697595281993,-0.266800146291578,0.0745715107796728,-0.139763028764197,-0.0520466764928034,0.0527082462707155,0.174155643828492,0.0976116832371981,0.191485113770489,-0.216477414264833,-0.243175696164893,-0.173619044851541,0.0329262331598667,0.00148324871179693,-0.106598719405634,-0.0439818269435572,0.0655457607068839,-0.00892938982476478,0.0230070387736131,0.149729747327561,0.132289439456709,-0.0689596064263997,0.117056551951722,-0.0248419879476611,-0.0210142295255019,0.109395180353014,0.0702027296369287,0.0920458158218715,0.184369241467791,0.106355507360102,0.140886764646069,0.0754702856445982,-0.0729280585754904,-0.0789489921278043,-0.0530509220495909,-0.00708442172116058,0.0502069358738721,0.117022462008959,-0.0626264894214905,-0.0481306202893494,0.0203509351023997,-0.137328854865904,-0.0809593241691238,-0.224164421478655,-0.100979153138734,0.0807504383366449,0.062250999218952,-0.156506945612196,-0.0663344086157176,-0.0625464478787604,-0.143858383973738,-0.187018154468885,-0.0706983387970032,-0.225358503265886,0.0413192061893141,0.197964469473466,0.0809047207172185,0.162550715935484,0.108379200643758,0.000257324792602209,-0.023508388470506,0.0535237185658551,-0.00568640596959279,0.135445122748171,0.243882743084249,0.0833369105331664,-0.0587237224974898,0.0322073411919132,-0.0896906916017976,-0.0739946010038551,-0.0729219970196499,0.0386629736020092,-0.0213277504441527,0.0048228163020782,0.0118760586414658,-0.00414778403701,0.241230251287298,0.0731261001189484,0.0204584460600064,-0.0798423522195659,-0.103172224700995,0.124053415784109,-0.0497157987955636,0.0288759986972001,-0.217328874392619,-0.296907409750776,0.294948536506456,0.0806059074743859,-0.136545733116035,0.181133806161145,0.11220891747155,0.0124714518452834,-0.100632421956331,0.161221139331348,0.0137204542712906,0.131023728906222,0.147243292879332,-0.0393255907025074,0.0740071274413568,0.207541269907356,0.297699932106714,0.411058899998871,-0.1895442866134,0.0477401546095498,0.0701500585673542,0.0239260921413404,-0.163582484510531,0.0788598200199452,-0.154348084564723,-0.171460488955361,-0.240160712389636,-0.103255594117175,0.00814984867325284,0.0164972444107485,0.0804534001052919,-0.0205143390712571,-0.00531613758789743,-0.0680506155972343,0.0525707707134263,0.0218787696027491,0.175500199564946,-0.206648514537874,-0.263094646457175,-0.135496785533428,-0.183363896301989,-0.138619871560419,0.0825304285243312,-0.120404525753263,0.186781570121062,-0.0438226194165941,-0.0542127004937603,0.315686308280023,0.150602240140374,-0.0471241468982053,-0.0608048171301655,0.126371464904935,0.0914539466133995,-0.111615198287173,-0.153263091082301,-0.11706260450365,-0.0717347281437502,-0.0453869866375522,0.275640670469685,0.127017539810336,-0.0984745971533045,-0.0115753040670239,-0.186315340837208,-0.0863525469141287,-0.134400273903434,-0.0898909995947605,-0.217165414174848,-0.110703474567249,-0.12648819251899,-0.124907847550751,-0.0835963901545735,-0.156852258977157,0.207970031617572,0.146749429229916,0.0414357353192732,0.18832149087207,-0.0905634123173953,0.0188187461685677,-0.0275226447943038,-0.254426113459746,-0.170883869153802,-0.102464525126329,0.117653176712398,-0.276505171223434,0.0776284204190431,0.139107061007122,0.060631294861882,-0.325969084018238,0.152588618654479,-0.207666943991282,0.0200025301395641,0.15551686937944,0.0703132423779974,0.057198257673183,-0.00957048265044096,-0.184900082548459,0.0585477018087997,0.0920944657103855,-0.00770216706704813,-0.00148306998345926,0.0109567306285569,-0.0949556120922948,0.0272665743997469,-0.0503614434797096,-0.0556021016594288,-0.0521386026048158,-0.0170220213278309,0.117650014051679,-0.0516598823333971,-0.0054519396974127,-0.0378904284073891,-0.138012680661086,-0.20945436195049,-0.221738053446576,-0.137851893849114,-0.0986935053965164,-0.0237411136016458,0.0164526107604152,-0.0835168416200663,-0.0645391687246677,0.283955521343927,0.0336284887753081,0.0952002502356384,0.0582637271938108,0.187652165115273,-0.0559812318201275,-0.129970287459756,-0.159102511088179,-0.0102548885262143,-0.116321945770708,-0.155114047846037,-0.0340775493109243,0.185789799187083,0.080788008311635,0.157491057253547,-0.0597372152262859,-0.040024169832074,-0.0370094590985601,0.164624889553986,0.140695464390595,0.154771020548844,-0.152988984708877,0.189172480548316,-0.0296069815835884,-0.104201595206914,0.0714190147755668,0.1959640003922,0.18985385744634,-0.0314084261345906,0.18791795843911,0.106024990870969,0.000720012050246369,-0.0135688057179878,0.0889156431577724,0.0255416330560246,-0.182540658478071,-0.331497373809644,-0.271651236182512,-0.0924889181439383,-0.187207622447071,-0.0872053374143678,-0.098239021456094,-0.0858988147388531,0.0776478772211063,0.0134314158484513,-0.132211021632792,-0.246886241564317,-0.0405624458109284,0.0889588156218318,-0.000418737917421003,-0.0808761095771422,-0.100906645450624,0.00351886356627534,0.0932300101186456,-0.0920765234386337,-0.265125343004274,-0.058990296825226,-0.152666355814665,0.0562993098052791,-0.0292467574411749,-0.0621395666609626,-0.143704631444714,-0.158683095268556,0.0238906444955134,0.00362232338325542,0.0785226349541302,-0.046208361487771,-0.257879259964512,0.169599394168469,0.148450381060674,-0.0318871162700994,0.0712607636971454,-0.127797736416106,-0.224267511370332,0.0504360525582488,-0.0452063976224247,0.243153687965925,0.211019006457962,0.0996009991285186,-0.00312280725710154,0.0924398072510491,0.0262553612764151,0.057346723909834,0.125135461037105,-0.234785175446063,0.12464188060501,-0.354857684411441,0.0561293796874398,0.0783214778152835,0.0304276216401434,0.0217594636573842,0.222093962477291,-0.0315290091176072,-0.0594361186916527,0.0679109585550104,-0.269464228099699,-0.0883539008657293,-0.207799502905007,0.141133224254819,0.0727808753790686,0.130562370526091,0.00773349105665781,-0.0342806839713863,0.0260914989590323,-0.0986443469955941,-0.149394724918581,-0.238983934114284,-0.0626233503290664,0.0512720635284002,0.20420757739358,0.136267133156087,-0.123590305343751,0.00202412037956004,-0.0108706077753532,0.0752505703375724,-0.0858615411461541,-0.133704789364678,-0.227444026739974,-0.115356812995734,-0.000211028883062778,0.106972649271996,0.0865238787494866,0.0310996824772094,0.0666915618514801,-0.169242941822809,-0.106132994855905,-0.109224913885611,-0.192297040109636,0.0703944222497454,0.0721702827811854,0.280386243402148,-0.162342848757783,-0.128998730274421,0.0941835327076535,0.051450709376574,-0.133858592547461,0.210184495893792,0.00419926942348748,0.060647256651319,-0.0357217973687678,-0.0579749301963262,0.0491866261528314,-0.0293468156235622,-0.117327033702125,0.104262631795431,-0.122971814740943,0.107018432611744,0.0967990966947065,0.250935067199094,0.232547315187127,0.089906125070367,-0.116090903602595,0.272017606309439,0.309884478861728,0.0109675961719681,0.301881030053692,0.0185058982868716,-0.112555412996224,-0.0469971757337375,-0.068395613787934,-0.0810598433336947,-0.0830704249419673,0.131302247624251,-0.116240450614678
-0.0750211540464791,0.242546243223048,0.152863827862556,0.0347468278772377,-0.00194289843719071,-0.0411523279606321,0.0577251192466793,0.122877834617525,0.100883533434964,0.0154088066636417,0.218242168593543,-0.0868903738988842,-0.201263088394124,-0.0449206741960624,-0.00195214441227831,0.0311821303056621,0.0729482174291512,-0.0119164164995063,-0.230797459666744,-0.0899697403834831,-0.168801237046052,0.00666200967097989,-0.122621933065884,-0.0939872080906036,-0.279651478001648,-0.0287874823147281,-0.0365877449691194,-0.168674213069348,-0.506305396761898,0.031360416009749,-0.0367640897058767,0.104233636226197,0.280694535856403,0.00752788904298913,0.122363355841423,-0.0319557058814293,-0.265556151522654,-0.137221606754607,-0.300428314730714,-0.320313826701742,-0.0486508122255312,-0.145599773595023,-0.119660632269887,-0.0215561377580806,-0.113569046573247,-0.0856297898027712,-0.321267187490296,-0.0901673451512889,0.00221550283583893,0.0219648561142708,0.000981597907978568,-0.0393631425282498,-0.0859817662061013,0.0292897076500608,-0.143668626376687,-0.116764928525916,-0.0297112322224474,-0.272413438299113,-0.254403569629449,-0.0866448627056234,-0.283646398286892,-0.0743738244053938,-0.0345837569931456,-0.0416356788874128,-0.0848889172579079,-0.225404392523119,0.102643745820596,0.100742757262319,0.00556676082140264,0.308929876784071,-0.116143374191567,-0.024871734065483,-0.0514865969237335,0.032973886092161,0.119896082065877,-0.0860583121588049,0.0540318706377459,0.151684430564308,0.00564443132348058,-0.0743627666962168,0.196149639374638,-0.329614460660223,0.0445918843563308,0.140477835369783,-0.0552015752662336,-0.0519888133498111,0.158771637161106,0.0344269600576059,-0.112471314012467,0.0802545665328278,-0.301945211546274,-0.0251453885232875,0.246656748356552,0.105514583807731,-0.0337219237489705,0.100383841982882,0.271972206387362,0.0164348710831033,0.125696558050819,-0.101605670206241,-0.0409652345121167,0.0304916977528201,0.235930730214803,0.149803021562202,-0.0316977671245236,-0.109127104045383,-0.0527445233022878,-0.183372916467817,-0.234127806595978,0.0127342625496079,0.128145138606125,0.190663089572115,0.0564776770319719,0.0415911282486527,0.129916338450889,0.166117091036625,0.195215096774298,-0.0369606117735903,-0.0372052865696746,0.143577217187259,0.201255104516191,0.0635445629424835,-0.0228988487804448,-0.126743331248587,-0.00988290239333992,0.0894259949572497,0.0482209376281291,0.0057748643015041,0.150564058344603,-0.107379923588014,-0.196855449577906,0.0840223318545056,-0.0497841245080916,0.0394168818407738,0.100698783979312,0.0668307637883607,0.0236598242730392,0.0108313443381189,-0.013348451222127,-0.118801606233539,-0.162025206649735,-0.28269212939819,-0.172072226857342,0.0306865508019139,-0.0044884095848675,-0.114444734604786,-0.0720069184256282,-0.139821445007992,-0.249148775048814,-0.180181196491122,0.124616634793455,-0.201147961899939,-0.0921248355593182,0.0529903225870375,0.114348794681965,0.131639401129703,0.0438338874919536,-0.0941141151346558,-0.0930838878785669,-0.0252429661411705,0.152878882077828,0.075151748052068,-0.030519002053273,0.0932959353432929,0.162419610921095,0.13527891356499,-0.0835617247324285,-0.324772080330842,-0.122373222211736,0.0910600235534809,-0.0232356944325442,0.178777340265715,0.000522116165309325,0.158677938799575,0.260650977676097,-0.0575716291663357,0.0855116665421997,0.127877055678921,0.0665912674468276,-0.078672021608347,0.137294285172406,0.0438666156666654,0.0601859549088222,-0.0430150503965412,-0.116710733648336,-0.0705211587212001,0.0798380713218972,0.0323906257438741,0.227542094756012,0.121607833072571,0.0461236541602566,0.0579334423769178,0.103338194855245,0.269771666583017,0.0940837746527598,0.0798356198764194,-0.0126127862842393,-0.0277218150805307,0.146071092575008,-0.201169342998219,0.16015040483167,0.179171008132272,-0.211398630306587,-0.120367528425093,0.137124646622517,0.00507083896512499,0.121043008909275,0.146727100870406,-0.101750423280642,-0.0914337814176054,0.0417224048225638,-0.173292063262938,-0.279441316591777,-0.104189700571885,-0.119339837917579,-0.0482095323027322,-0.0632711986120879,-0.0481465140363404,0.0688062515859353,0.0765184498265366,-0.200727320914678,-0.00899663980872049,0.140380413997627,-0.217261047872533,-0.228927648506414,-0.00197718550128477,0.029860401643551,0.231076331853496,-0.0493892286360343,-0.20079631027959,0.116570136342669,-0.0272444234905651,-0.0912113198295028,0.174717258565284,0.0703145692773328,-0.163412461125471,-0.0245422216117368,-0.215713821632199,-0.259327251751548,-0.275092968607382,-0.0354013810092021,0.153146672432336,0.100251148226377,0.197745773296748,0.195379861355809,0.114838254783438,0.132615027631465,-0.0418169277822947,-0.144595321397202,-0.0823978606052437,-0.191301086701079,0.260226855986134,0.211948877235622,-0.051665097239269,0.0607962314957746,-0.0843828124008143,-0.12439416175338,-0.183929250340413,-0.0870898893434515,0.000542843654341152,0.197275511400969,0.0932464020820458,0.181712672303083,-0.0378026978751625,-0.0449894439245067,0.13003477872118,0.0115335540829657,0.0684257170155848,-0.18024800488048,0.0874828030755233,-0.390786714354166,-0.546638029011167,0.0458859187496226,-0.147213413768386,-0.0723767445164683,-0.0577282105218429,-0.0141454646387966,0.154510622410537,0.00140019445631498,0.175338685454671,0.166507291419735,0.279001076927139,0.0454461656034446,-0.143820631210066,-0.10899364806431,-0.0548033651084992,0.153111186381193,-0.0917205041955397,0.0567113422338726,-0.118314994527143,0.109658754515459,-0.0401113176504454,0.00915562705508353,0.216121699240377,-0.145424853534286,0.0170114148643404,-0.103663672973395,0.0802273749539181,-0.0842246236721923,0.091113090537836,-0.291911296474043,-0.0801088622512876,-0.120384554096231,-0.328432073255871,-0.0217000632492775,-0.180666648192097,-0.378343890531698,-0.163236056251164,0.024174542596639,-0.0608156529409948,-0.134922431958294,-0.105767050126563,0.0146733481782963,0.125579666640115,0.101087469526167,-0.17055554722718,-0.137168786354391,-0.0961003024601844,-0.124211816919907,-0.127213674950756,-0.15568796000341,-0.0398787049034146,0.162420431457873,0.13611449977966,-0.0480238305116944,0.235030052087743,-0.119668776827479,-0.142727858584995,0.136372513527352,0.012118899172853,0.280147542338106,0.207157565267636,-0.0149748890844048,-0.220654533076777,-0.0936752253718827,-0.10432134094976,-0.284450183004345,-0.134521524049824,-0.41508049834678,0.14749301429716,-0.00416591835753691,-0.124215281691697,-0.0199119081461316,-0.0688306780677787,0.0260136676520179,0.156015436309015,0.0173772091447512,-0.0167042823596072,-0.195652308405764,0.0586386135273235,-0.0482330180679356,-0.112691319684836,-0.0478722257672235,0.000569096322703841,0.187780454844509,0.0549417017179043,0.0144504424192315,-0.0341939927702671,-0.00200237946321333,0.0161943885565109,-0.0216809721995769,0.011889099768525,0.0401910450221196,-0.182696110265469,-0.095437282123402,-0.094497346672246,-0.0258751174596045,-0.337974072454376,-0.109123742047642,0.143310520923942,0.00680482632766855,-0.0774715012989269,-0.0173331924941192,0.100494616993482,0.0435133148659315,-0.0487161581009736,-0.118592708936491,0.236579493421917,-0.0898667782322008,0.0661173185100312,-0.103580208860984,-0.124203698454562,-0.195524228972886,-0.285748366161754,-0.209037630729498,-0.0468185954940357,-0.0232982798885648,-0.0536340234626735,-0.0712438350895851,0.00591544828144248,-0.0398814790629644,-0.227326916108988,0.031670383515689,-0.249037222530922,-0.209312070518662,-0.065662061892475,-0.128432221677855,-0.0403688470927302,0.184259247498962,0.108372428492294,-0.135649087891302,-0.00262638886348776,0.122159638681489,0.00858660119487982,-0.161134157387837,0.135721025359931,0.154848235445525,0.115956836710108,0.09455204977506,-0.172322721167851,-0.132087768909403,-0.18185031584308,0.0569273832753491,-0.0338897859294312,0.0862930468132574,-0.0674936861324235,-0.05412460292195,-0.00783174285313325,0.0545414761789363,0.0468275331806623,0.01384794394347,0.131979994259693,0.178890381540026,0.0415846794592788,0.149529734448651,0.070667856407806,0.0874017935590036,-0.0277393407292294,0.229687953247014,-0.106433086670001,0.0503510505165794,-0.0190323886604017,-0.214826290304754,-0.120918108873158,-0.0291584304262668,-0.0592059072735608,0.0149946069781659,-0.0177525151734791,0.0936064637061278,-0.295933996511013,-0.119976664077839,-0.275856407769789,-0.0281243754251062,-0.00438774728595931,0.0419058327135743,0.170353334484496,0.191024010097251,0.02257108765543,0.00145230579084402,0.209164632229242,-0.0964243567621947,-0.0503267536125967,-0.103119152571667,-0.21015480065172,0.0371655029980506,0.192000874119772,0.100761770448854,-0.0989860407890404,-0.0329165230408897,-0.240871067812013,-0.240981178076503,-0.0690591307455517,0.166892805764115,0.0405212695770475,0.127248636408066,0.199399156066114,0.0951886826432527,-0.130311996976511,-0.257522932447491,0.108957664532969,-0.174704849419992,0.0606229323358665,-0.121038145104426,0.0828654401022658,0.0760711426839418,-0.00471046562594285,-0.0421250815885632,0.0353568931041898,0.124139330902784,-0.00237518636625614,-0.467484304534932,-0.0113598379372213,-0.0711281477041698,-0.01676115283149,-0.00890325874624516,-0.341919402373227,0.274595442267791,0.20170431327397,0.10233094233511,0.106206705914892,0.0966044613132748,0.00104570641020182,0.122362514773096,0.14480555456448,0.367398348096272,-0.148603266634456,0.24620741152508,-0.112850107053792,0.0101670274086767,-0.257195579423453,0.310818194780346,0.432757869109849,0.210902220225423,-0.00993373758249227,0.267042962246149,0.0902262266082083,-0.148270515416341,0.0835086498543744,-0.0759021386854876,-0.156284367733367,-0.353369812853686,0.0308639429692196,-0.191071753043367,0.089231617424574,0.0943901283679269,-0.0471124892561694,0.0634567328842443,-0.0594916023636827,0.0676807123361653,0.119190299460635,0.0257816675485041,-0.13967849354706,-0.186146554607658,-0.24466757798008,-0.0643901202423504,0.0915987788323233,0.268875497817434,-0.0714315513326685,-0.0595848730231275,-0.0400270540816862,-0.0592280335388963,0.253885044394706,0.161758524466791,-0.105162294220255,-0.0722737964336081,0.285998098604974,-0.073897509617159,0.107273383425506,-0.0931188125991042,-0.113938995915465,-0.190374526898258,-0.131133707434163,0.140299854299276,0.110500991079411,-0.218008350290179,-0.140266744021964,-0.271828149298457,-0.1619826422465,0.144436488934535,-0.174037353338152,-0.0931957875231213,-0.264291640052052,-0.077157256139863,-0.11909601380126,0.0768894175895141,-0.192283633103095,0.116252770979614,0.244662734689299,0.201771060613849,-0.075633840334113,-0.14026977049553,-0.0460781476489709,-0.0652968758357602,-0.476541129102273,-0.123751364963835,0.113930461268149,-0.0439488123173533,-0.00631554273547002,0.0923494948822898,-0.0297615905050201,0.0615434121282019,0.113357158594455,0.0686710046204366,0.0973853585814778,-0.0908710138814907,-0.0320679941372178,0.220285061151273,-0.102953489228929,0.0383500264622054,-0.0951041112520196,-0.0573132807900992,0.054528547481056,0.0963380781594774,-0.00901224209253474,0.0840407925586782,-0.00670742208859853,0.0465897663132651,0.0972903883822942,0.0379230733855776,0.0480399340179963,-0.157131878288171,-0.0215857298642169,0.224073038285453,-0.0811083650776314,-0.0668487255086441,0.0499522467397008,-0.335494843670673,0.0894747986417272,-0.274457067808696,-0.325464992268805,-0.139821262410347,0.119266283633909,-0.0383786882270559,-0.0355290345209695,-0.0369388898194177,-0.00845258181043945,-0.0302758790888907,0.0732570484582008,-0.0956025040601813,-0.0973504026522929,-0.232405062347167,-0.0382937982441705,0.162902379576679,-0.0788406831582732,-0.0177168066994031,0.0354471407573475,0.163333597522363,0.244886420402754,-0.121373147622067,0.050329051508439,0.12625431213817,0.156249547022352,0.201941343197161,-0.0458013251933319,-0.100283002779434,0.0188374559048046,0.0519792079584959,0.0642809198738974,-0.0216974736101982,0.049364999269953,0.214135044244388,0.164194921997435,0.0282616555957806,0.0478874761786636,0.143019465560448,-0.208600277342857,0.0173616495767734,0.0920296671422465,0.154195354181045,-0.305802732127003,-0.361577106452168,-0.058306498684595,-0.135309819001812,-0.101567035123253,-0.0266712540198143,0.0441333885698907,0.256498492448878,0.126299742336042,-0.137996369238578,-0.204122155309419,-0.183138526364698,-0.141800383561142,-0.00829542424288803,0.115002227146382,-0.10043696862622,-0.127232611759418,0.199535935466927,-0.0500118165896981,0.15700887176503,-0.169823250736761,-0.0452355049771374,-0.29272809787384,0.010692867227632,-0.192205530439507,-0.0347065256281622,-0.0069519336291526,0.0531598768218281,-0.151171118672662,-0.13570389446679,-0.0181421102030767,0.232715440812391,-0.0834715461598116,0.0665501062712948,0.203013458066146,-0.071121182985315,0.0319209313136939,-0.199418732659759,0.0404668290863659,-0.0110489777903692,0.199486429938423,0.356696193573953,0.271759741524446,0.119538462990712,0.222256158666156,-0.142436268795361,-0.0183276954126052,0.142945564685218,0.0504333694855601,0.0583521899823809,-0.150669594705329,-0.087026591221642,-0.0391076324098372,-0.0812567175501369,0.167891966879494,0.38950519775959,-0.0545424641926267,0.0386605635315893,0.0280161663915435,0.221241422874836,-0.176830632395658,-0.12315628876856,-0.248610300574988,-0.0932401814643951,0.161351798631575,-0.0769957463485777,0.123084936570667,0.0624258496882073,0.00111910054962937,-0.108603009466514,-0.193061276447466,-0.206481290840281,0.00183848905026607,-0.0357023059450352,0.238713134420039,-0.023617932210647,-0.0522229177815341,0.12078518229143,0.0997412155528517,-0.0530722027766773,0.110229945069059,-0.162050807906517,-0.151808235995922,-0.223887590721325,-0.0643400725324934,0.0575369974075974,-0.280740498808478,0.0208288258407409,0.0150232492348023,-0.112452613184278,0.0832542157918471,-0.0138114389987128,-0.140581159012326,-0.153913010189767,0.0261469644177626,-0.0322242705160131,0.048708169968656,0.097335190093366,-0.0818146878722066,0.0746906213675102,-0.0749733944791886,-0.0216833838287853,0.00605058958365283,0.0828141718821044,0.194784084472885,0.153905940177004,0.267630795033458,0.16066500947848,-0.195390776003867,-0.0113597546800616,0.0698346617851094,-0.108065002458316,0.120695706708591,0.0847956972735328,0.23889112838246,0.167116111900176,0.00870042301603782,0.362529747781346,0.264760144453858,0.129678608761189,0.356532960055399,-0.0366972662720849,-0.212090530589584,0.0236569296598224,-0.126031089638791,-0.0335748341010093,0.077570995186745,0.0471839989619738,0.0068093154608321
-0.0188085287377596,-0.156906156709098,-0.134251565675471,0.0187490707583146,-0.0684998275190077,0.0826189175650882,0.109232864019557,-0.0888224953848316,0.158785883671363,0.0295069614219727,0.0576080431892842,0.0460011300557405,-0.17527635383347,-0.138732087017444,0.113920383647332,0.155512097532392,0.141985569554761,0.0203951789104394,0.0606740258627845,0.092597303027087,0.0790862195421909,0.00791082856401799,-0.00441684805586413,0.171246694491956,0.15767501675191,0.258330877812001,0.0859000584621466,0.078136848965601,0.338303749751287,0.253397628166604,0.221205002889403,-0.207647317423106,-0.124872686459192,0.0798226222184646,-0.115351023748278,0.0837396984545622,0.285013986160396,0.207385933362008,-0.0551513707417565,0.305723567272353,0.0440471001250195,0.21259214100132,-0.0335516547255158,0.153730597060603,0.0338824172527998,-0.0954001099923866,0.311577191228607,0.189499285976195,-0.182392032289829,-0.0778027565140228,0.020359695057928,0.00762558413783617,-0.136747274241543,-0.0710053516309124,0.0544571076674512,0.283647088157779,0.0984068255789045,0.145412159240449,0.00362927026186186,0.242544191662006,0.270827246966186,-0.00733255684506232,0.111471028004679,-0.0664689511924108,-0.016265404727547,0.288150805670453,-0.0700382102897274,0.171668802630307,0.00692935858902036,-0.0451848515252153,0.00716689965880516,-0.116676140346312,0.179350459304421,0.0331057180521445,-0.113416018790253,-0.0216579268111215,-0.14311454119231,-0.252661332109335,0.260352218149781,0.0224318087694705,0.0999521727263885,0.285050121337337,0.0479521759129271,-0.0785707983434627,-0.0193370406609096,-0.00357311466673237,-0.236434990877857,-0.120138559568883,-0.047960398182325,-0.0188983149027369,0.355868494434385,0.0931480406052183,-0.150664329033363,-0.274164361248108,0.0135682025924514,-0.0289486039544159,-0.0940966822890015,-0.125732073106915,0.0514508282138443,-0.0402844824841429,0.0496641864599151,-0.0771494315905859,-0.0888841149273744,-0.0485193251588744,0.0493096439718066,0.0953199924053355,0.163174389679144,0.321571383864021,0.217654768978591,-0.146279814470778,-0.161212511650098,-0.0808504140654872,0.215950582970893,0.224977780419421,-0.0989345816338309,-0.0604489847981657,-0.0598745512794761,-0.129997976208065,-0.0402686186108836,0.062430977738338,-0.206519878371669,-0.159384652728273,0.0351591072439261,0.119831065571367,0.0736145884600672,-0.192883738402472,-0.0362881073687323,-0.120864012579482,-0.0429550621360898,-0.0617513002491032,0.259552902559383,-0.135103218020469,0.282063601629319,-0.0845004142908533,0.0577737445417195,0.0686201168193418,-0.0161567709620078,-0.0848272537828116,-0.07637357990957,0.255078184679985,0.12398487366004,0.0807529213928857,0.154581905976262,-0.153463906737773,0.0676749481648538,0.0584066148847284,0.248726574447503,0.144320847061311,0.057498884332116,0.134044487054474,0.123164307746086,0.0597638475054673,-0.010043597436565,-0.11625860279617,0.11269138626581,0.0635565022813952,0.0535624604087738,-0.00713863479873317,-0.0760756596933331,0.0661935110798446,0.140840338999945,-0.0901467564798764,0.298243568251472,0.119794592543676,-0.0623913317371042,-0.140017156405666,-0.00822725335697029,0.162011155264988,0.0101444181863501,-0.196153271144693,0.0123011274426186,-0.270677198835372,-0.19361010433965,-0.20725556202021,-0.152126383354736,-0.0595077490947668,-0.186687938555912,-0.0681975277602316,-0.0574801073748462,0.0227925248389718,0.115143296566201,-0.101375856122797,-0.163957561620185,0.0866734988425512,0.0864652899087436,0.213039939779909,0.0555432994294766,-0.047506186708654,-0.233477871439925,-0.13241576882357,-0.167820235436518,-0.0807147979959818,-0.0145213949921836,-0.199538195723074,-0.262220140788762,0.00271194766237448,0.0511872124381662,-0.0187292204322877,-0.12292696611219,0.0612679928267648,0.339530926296124,-0.0698956479609677,0.270984206079921,-0.0425854867143088,-0.175563474139538,-0.0434900144887365,-0.171488784251328,-0.246016482822311,0.0797106973167154,0.0774467474901324,-0.124274867528808,0.259064174616566,0.410778522947188,0.139893230473545,0.174756917545152,0.113952299808366,0.154754925032324,0.0062376087330259,-0.00919485009875589,-0.018906258270169,0.056343165001591,0.216909197003281,0.12951540004182,0.259936784051374,0.149382397003974,0.129582017634259,0.116071653524524,-0.154484180215587,-0.0292605500490074,-0.0205503885219748,0.00289282367745049,-0.0950102562901479,0.046945645649626,-0.251979973106074,0.0577973666823576,0.0118745546474219,0.0134474665559712,0.206238977083392,0.222793342955651,0.302581188666563,0.0853640900536826,0.0505148286749699,0.170459894483262,-0.0940649800906394,-0.258610060548469,-0.214355749961573,-0.276126390315406,0.0535339216747758,0.0903880950031491,0.0551905470504104,0.0334183701071588,-0.0978074849447304,-0.131433250878165,-0.10790315537933,-0.124970687278737,-0.143020193846862,0.2516031688146,0.191292502324275,0.318518027145998,0.142254411599204,-0.117353177761442,0.0661946172517499,-0.218146154738354,-0.0543953576833816,-0.0330393434316613,0.0329853920258568,0.00318141947732128,-0.114099551519214,0.0992814620070334,0.0308824642897344,0.349734042294603,0.24260561090547,0.165345703346178,0.109741085063674,-0.00352709819308425,-0.107351861980241,0.122502877805703,-0.136959932045809,-0.204499617136837,-0.277213039949162,-0.1905816641717,-0.0592588217486183,0.020000749447497,0.111997720159404,0.215370567372272,-0.0729568610823376,0.0243240454265096,-0.100034006484608,0.210542007226969,0.0107880662497419,0.191387615496825,-0.0659201258763481,-0.232465980202448,-0.218977751744516,-0.240426353456533,0.0650664383029558,0.184687462897264,0.116845226309258,-0.0463755269293926,0.00927387277661887,0.239415748939483,0.0755214056142121,0.117246419637971,0.223158513522174,0.0392911299980643,0.331827440643999,0.276602436820484,0.111277134275697,0.0367119157263848,0.32620196421769,0.0603407073968801,0.0808789532373866,0.118143600783116,0.0599597548607945,0.245480728783082,0.210911744675867,0.220715429578113,-0.0191576357114428,-0.0330993109614917,-0.0859894368721393,0.318796595599416,0.114777818544251,-0.0309763412193735,-0.243701374913869,-0.215649106988861,-0.351110282233194,0.076412893632767,-0.132721671844702,-0.113184671553598,-0.165586817188825,-0.124425144016833,0.225200332533068,-0.161887882218496,-0.150429396558686,0.020700426343633,0.0684670212399551,-0.0326745096047231,0.0995430829288884,0.158213057686879,-0.186620457926218,-0.207827842906205,0.127395542165703,0.131289158897421,0.125049356323233,-0.101131157365695,-0.273309903315696,-0.190163813447071,0.185705630829098,0.305897374139435,-0.0898168177334161,0.195591136756999,0.155275343471202,0.000771082094342818,-0.344313962748265,-0.434367505924499,-0.31502014293906,-0.239811955858636,0.00572818601469193,0.057212437787,-0.127672526792479,0.0422331139834558,-0.224460838960265,0.155479038321191,-0.039718547296882,-0.00584477504882467,0.290102362364341,0.0989595337690217,0.198366326396922,0.184339025762394,-0.0588540215874346,0.145798460402799,0.104942541037159,-0.0195479704971381,-0.118239196522767,-0.177512112588626,-0.0322428181560935,0.0183745151320965,-0.108434713124623,-0.106519558100929,0.0352603176163629,-0.0600686348726258,0.0482141947147063,0.0031478878078795,0.348561470116233,0.162611747346015,-0.000753624054224756,-0.083426671029783,0.0071962763124927,0.0477787246100193,-0.0117810739554603,0.00922015638301819,0.110849071271044,0.0376504482597307,-0.0384819828653871,0.0653524073463054,0.263543252363164,-0.0942104821119058,-0.208869909733205,0.0200224212026323,-0.0912211987177255,0.0471040848154545,0.166240230634907,0.0743658347228774,0.101763202727692,-0.0084712209778222,0.00121701505154543,-0.0961046851702743,-0.0748751809971639,-0.111756325682499,0.0894267700844247,0.314260544832974,0.117334093361738,0.0964841761936313,-0.117846665117395,0.0712518217589381,-0.0438413355795996,-0.0208666364344329,0.284904954300223,0.0254372225180867,-0.00112381376603519,-0.150434090713816,0.0153289920405313,-0.0895324570742431,-0.0161797974836346,0.150016752097262,-0.125603551067931,-0.201119827731412,0.0796067713849939,-0.185463380283028,0.176096001452673,-0.244019316499875,-0.058695924052093,0.0270136630969071,0.00159865523738273,0.0611178280823414,-0.00217882725485012,0.0965459262107961,0.10173524569491,0.197910223402839,0.386748518493839,0.0843614804794971,0.0720257792042421,0.224635753488947,0.143259433819644,-0.0362950304366256,-0.0862318731842509,0.0743340342115886,0.0104738637183764,-0.01230167078111,-0.0940964385982567,0.214157713271532,0.148411178933219,0.177084251466424,0.180492285785171,-0.149310185946815,-0.164716799669231,-0.209118882786238,0.00979927865971307,-0.0527594336546329,-0.033452802688619,0.181927406177929,0.0102598312233985,-0.122706833116931,-0.119470148000016,0.00575390158983724,-0.206672303020882,-0.0155907379698655,0.0544026308080326,0.136370490851864,0.0779579597191549,0.111246921220269,0.0843209317178894,0.182792483097765,-0.0805462150278264,-0.00102159717440356,0.126425033826953,-0.160225350568637,-0.0108511917981433,0.0123730645495012,-0.10821062867907,0.129811184851534,-0.0562034205748499,0.0465659631269874,0.0616939067697122,-0.0822265699172281,0.281225682876569,-0.342734424034005,-0.340921777206909,-0.0735287239228339,0.0776442357484143,-0.101518907005548,-0.0992488980027936,-0.072286508451129,-0.104368971631676,-0.215859991769106,-0.0868395724557386,-0.121216663194154,0.126113504259417,0.0270417494477869,-0.0503743772222723,0.0685354623949474,-0.386167380169128,0.0736260420373703,0.205615629869103,-0.0883982179164059,0.0579772655371344,0.150038042217436,-0.110696497716635,-0.0582462725204258,0.139351468024812,0.339709732362339,-0.0636811872466369,0.206997473684639,-0.249793669377497,0.198892074674761,-0.11698063250069,-0.0547666854860753,-0.102754636975496,0.149824980809565,-0.0696467708959399,-0.038904726610962,0.132067499313463,0.245137611651841,-0.104097658141539,-0.0855289314096051,0.109354412741213,-0.163771257981905,-0.00322505866643062,0.0153415829854628,-0.0129211412053791,-0.0857058652103238,-0.353205592768313,-0.0176128799360934,0.155231853696646,0.185142782618619,-0.113570373260159,-0.129335229083992,0.0629669149012012,0.152631442140805,0.36864609657166,0.0925059082607657,0.103855485058238,-0.112325824245906,-0.0248315499101073,0.080905366426366,0.187089118754122,0.201237273601631,0.139880705562314,-0.13681971421443,0.142783951584341,0.0866134359721994,0.0188401377870352,0.285386161387189,0.0712047905557916,0.16690002706954,0.214268911334898,0.0508009933962551,-0.0780266601624886,-0.0631994807938731,-0.0581895402310778,0.0192771519561007,-0.0458292149223795,0.145209926827201,0.267061991381443,0.121668912452047,0.0270343983174592,-0.0765809694759286,-0.164816707202771,-0.149090305192465,0.0435719901671417,-0.151677153410104,0.0608019941946532,-0.0230609546888877,-0.107873605222781,-0.100938111115845,-0.294100903087293,-0.158071260239189,-0.263834745345372,-0.0357131785621985,0.169209083009425,-0.108251521122227,-0.142403321296423,-0.0961725587178023,-0.0765255634730636,-0.0312879610453862,0.128880543166813,-0.171285808892176,-0.292419710490475,-0.0428451108812648,-0.0216430433206874,0.0604259982752705,0.194882626282347,-0.0694164027703424,0.0156735086964359,-0.0584560891330444,0.224473964374057,0.297693448892958,0.138604733715854,0.141049965021309,0.10714599597979,0.108884036356894,0.0501746843746683,0.0626160335024975,-0.161487208572281,0.026122067284455,-0.232221996830064,-0.0887802626266429,0.0286756874806927,-0.0568388859678939,-0.173114848426203,0.206940895818542,0.00449660832198527,-0.0226670490366453,0.0585858553905604,0.131615121585468,-0.030664973465272,-0.130877293019466,-0.309471898604527,-0.250887518081026,-0.155610528091335,-0.121732685020135,0.0751863279693869,-0.216753820489561,-0.137152976883495,-0.196708204801035,0.00244582381059204,-0.286965354785596,0.0983169637609161,0.279558662028016,-0.185768609948374,-0.0247538329797402,-0.0968839907815613,-0.11290512540813,-0.196199978473812,-0.240424164272498,0.0754943133424989,-0.211994622872604,-0.0578273697943749,-0.026755508055782,0.103328366194867,0.103617521821551,0.0897334166687725,0.111914747256248,-0.0704640643566881,0.229677127854498,0.0429819307896936,-0.0492733193579601,-0.149259991008051,-0.149763507802396,0.284191856866862,0.0573620358925489,-0.113198562114064,-0.163553867478608,0.0868357300133331,0.188714934936214,-0.13539505031999,0.0155338741746739,0.0958761901341793,0.333082931197674,0.0326356810483544,0.0855398540864183,0.284752370877526,0.011891959163664,0.102705238574026,-0.261480282234942,-0.00425822541975347,-0.0899171495542432,-0.0613312850650519,-0.000491240840568646,0.00896048927243946,-0.299881439536366,-0.038357653772339,-0.114586162055401,-0.128944307091345,-0.0111345306972967,-0.172816086598154,0.080941268081474,0.0133843273028708,-0.0659783709675464,-0.337639941092005,-0.0904621067789972,-0.0955672216628994,-0.0823162525974581,-0.0397598558909963,-0.0509151753801976,0.0347546797824594,-0.0120994063590434,-0.0804900851743191,0.0918177453846939,0.0787805280367837,0.0900584817300321,-0.115368021353887,-0.190636117169976,-0.0866388718739042,-0.103183079264635,-0.0383602650410348,-0.0693014572792055,-0.0303627340480354,-0.0375815088722872,0.0314549960987004,0.223499600599515,0.0415874657872227,0.0197962185341307,-0.000488350451102765,-0.00347800039186108,-0.0156222791386971,-0.199707493013605,-0.202690965699247,0.224757828475514,0.274401547550438,0.25157384738795,0.227001399233176,-0.0773458322181019,-0.117194820511902,-0.019094567556791,-0.0559618042369461,-0.0995120571006063,-0.136929502682505,-0.130546947870879,-0.0822325693780903,0.165762363378335,0.169948968854418,0.114236185799346,-0.0801206877311402,-0.200054287738475,-0.0246074311396994,0.158742957304522,-0.0204085798116064,-0.0259557210473041,0.0611505813759238,0.239150896147822,0.403608745206128,0.0655867350619832,-0.107172836178794,-0.0567712167837133,0.0351259651622017,0.055893852976519,-0.182828035181509,-0.00322760177946675,-0.0352780012934117,0.049528768222977,0.00762802825987521,-0.237278973708904,-0.299730497821046,0.194290902890062,-0.0908131088072115,0.0488413249775437,0.188274641708382,-0.0697515216521942,0.162391250751005,-0.181477331165421,-0.0781881277423505,-0.202601734451547,-0.155467568076758,-0.0115849346849483,-0.0786107617785088,-0.444503148856232,-0.314149727257167,-0.252464352751407,-0.324192839237879,0.0641614687106755,-0.0159279748152256,0.121633610747971,-0.104599771119544,-0.0704367465128816,-0.243098925798633,-0.0976092496234101,-0.0135252705336911
0.279778849298755,0.124070675231433,0.262985898511058,-0.173440587929394,0.15201141654556,0.0925259462395294,0.228298899077731,-0.0744827138276644,-0.329834452552656,0.149980909863895,0.194276667411609,0.17324004266272,-0.120829761430295,-0.258223834694047,-0.382209957494886,-0.117573952421505,0.15493828099361,-0.0367718727006394,-0.534773847507245,0.0831940676553113,0.44160492843603,0.0483441874254127,-0.0965026218179214,-0.0903713357632,-0.256312163380866,-0.365376391171605,-0.410286354927614,-0.246397570383764,-0.998610772490158,-0.286986296086123,-0.539917934921396,0.582941110489982,0.427916681245148,0.0366634418191407,0.0368920977899578,-0.331462796353674,-0.666214960549666,-0.426746023394732,-0.398259589460827,-0.484296652813634,-0.282465111542638,-0.319683209038198,0.332410594981783,0.0123539862709637,-0.323953944177806,-0.416083150242576,-0.783926754740777,-0.400298183184385,-0.0500636285161721,0.0445357913655859,-0.245735046740062,-0.091762984423003,-0.0288713607838804,0.000180051545836529,-0.118180273083088,-0.380775806111864,-0.25078758218502,-0.614043345210004,-0.147302866283673,-0.166020666720937,-0.551518457181401,-0.184399591614786,-0.184608821134191,-0.140606962610771,-0.238672533199618,-0.564240882563469,0.0678742276771286,-0.156811695102877,-0.112062327930175,0.0789033122255026,0.101119808913381,0.228305371946328,-0.327767232984051,0.049733307002927,0.0778401308867454,-0.0973460523185041,0.226447311585224,0.250506388885955,-0.119008538629039,0.106858197360659,0.00110793291136459,-0.281110682604359,-0.118743445033829,0.0120557822238433,0.226040380811428,-0.0302845874729514,0.392925007984229,0.149368775394875,-0.0304175140461922,0.145464135213944,-0.626204440516631,-0.153355304324953,0.171308337432352,0.501044858656665,0.136144312941157,0.195525723644522,0.0575025657734257,0.443811305906696,0.162307300304561,-0.233472534661147,-0.188773740097597,-0.1520395043549,0.250163920564189,0.0877118889127218,-0.144240034890244,-0.362897970345206,-0.376535196450674,-0.525129000922129,-0.236710173563089,-0.0760804181631939,0.353299983488858,0.157330937630745,0.0336910073893974,-0.133716544462446,0.000383147201604324,0.35423735371679,0.522658519429813,0.21959869949395,0.136534179072663,0.576650626482237,0.633734493295574,0.14913540517187,-0.015762373877063,-0.462775625420038,-0.184483720297745,0.263252300203029,0.0834583994187312,0.234933008981588,0.14323091495735,-0.0526670122008318,-0.493566018674234,0.113112742444989,-0.0741007453808351,0.0861760554866825,0.200765549015025,0.0435039481158836,0.333284702648884,-0.083875422967273,-0.0686021366935538,-0.2836710660774,-0.238750461167649,-0.542571014163037,-0.487512139076512,0.111804163109888,0.281722963756201,-0.150229825326583,-0.119974502412816,-0.324404789544332,-0.427211625054754,-0.238606979566866,0.0190306006362916,-0.0325396428606441,-0.243096592292277,0.0570839372776545,-0.0323506104274776,0.0786792215994575,0.155057939714873,-0.125875489702433,-0.00793150462915458,-0.192865038961046,-0.177595653077232,-0.238575188696389,-0.422164536233545,0.0913465069781893,0.160982493693255,-0.267727437846372,0.109714739584584,-0.216052691965441,-0.0568599631757083,0.451044969128432,0.0369249976448311,0.534073015312596,0.359667278274945,0.289007252716275,0.469615720888864,-0.108748194444236,0.0681228274737987,-0.0765648581980832,-0.180073298175495,-0.313771313242592,0.0492295999953608,0.125784515148626,0.181478937566214,-0.193263918086704,-0.233678138511398,-0.0786757186708956,0.273752866962308,-0.272039035372579,0.625566808806212,0.268031036693375,0.28763388342502,0.0441339648798137,-0.12452135253542,0.445578756764306,0.580106026989365,-0.256441507920339,-0.00527802163629684,-0.017824832191331,0.325697781456311,-0.177103514781019,-0.190005004087573,-0.130116367285804,-0.346152136094993,-0.268593386813944,0.592585499301722,0.144007688164842,0.22899022258446,0.401480054069286,-0.00282006940012922,-0.106679156774463,0.174087211741376,-0.227793817586085,-0.827383444604371,-0.362193357940671,-0.360190996488038,0.00351304201145713,0.00878982121824558,-0.248665641659249,0.149373845519079,-0.0245938697859176,-0.422412889575728,0.0574965696426492,-0.0682906269265124,-0.347025474487893,-0.649678450249317,-0.0505830006486876,0.0283121444515333,0.247327624955604,-0.343088567762131,-0.12001941990238,0.130297978829458,0.0687539136319102,0.226534932512455,0.484944097732,0.029131241037629,-0.0331425826806454,-0.323429153589887,-0.373476022525041,-0.608457366539027,-0.642824912043232,-0.208491152433049,-0.399382003615472,-4.16736799691859e-05,0.33671413284135,0.133546650226444,-0.0153103262818188,0.597819914215439,-0.169104878974642,-0.00485451933425543,-0.0664437470667988,0.0208469386144896,0.270269063393989,0.229824200674925,-0.0881863413877621,-0.0359070948160085,-0.152166316735733,-0.285935749685298,-0.458368255429547,-0.392291664837439,-0.239866925547383,0.139898776405114,0.0820680047222629,0.529575237167659,0.0229702497824861,-0.103993197925367,0.0923048798428037,0.23608358509877,0.100395264710337,-0.373658525879439,-0.0420077796300158,-0.758635695563079,-0.654701303187739,-0.579235931849902,-0.461595020834446,-0.203833679081864,0.0125028409477607,0.162617407942486,0.526351616706462,0.15523602663933,0.358957512999853,0.511658118931529,0.036975612043785,0.099912645954511,-0.13263203382937,-0.488238348020401,0.0523242994311343,0.277133521364025,0.137309575375015,-0.198383338758685,-0.501571135480451,-0.387356632534457,0.185485731496624,0.176680953831695,0.233801650046165,0.230122370320991,-0.152738876840167,-0.265589142261898,-0.230113439116501,-0.303223289886105,0.123374859394649,-0.143216725887699,0.100899405345551,-0.30151481184774,-0.525466769707775,-0.256985262090256,-0.726759898558,-0.384040568375127,-0.515121408457225,0.0539677254591994,-0.304656553107656,-0.134053119724769,0.0744734514012325,0.00122708830574174,0.1273412695849,-0.209466176411207,-0.195268471819856,-0.251179796787705,0.047512058794934,-0.0189454983776017,0.0699292445039062,-0.0521544530238823,0.0833911526014756,0.374004858260482,0.55890606971299,0.586610596499335,0.206299127138474,0.366371281719688,0.147130320508745,-0.100798163838657,0.0583249192925543,0.199626402876126,-0.194958144794922,0.37375656183547,-0.0482510244974259,-0.183619724567554,0.0224757435324592,-0.227115965248098,-0.371085656860078,-0.170115847302651,0.239204869647693,0.368806030272946,-0.0857885595423872,-0.181524802755133,-0.30678463665957,0.0990630489805401,0.153319705755023,0.270862103569836,-0.207047630124199,-0.427979845391854,0.156353819595643,0.065272307261657,-0.324759531197236,0.0458717573028056,0.232680488103364,0.44532970475415,0.512292082877523,0.456214408818454,-0.0640371384098108,0.177632057114845,-0.131041839475276,0.258857762411965,-0.0189314252610105,-0.483087233435673,-0.275952746228996,0.178697917613503,-0.562563805536495,-0.298835613481634,-0.43259119603788,-0.158984533320916,0.112600073415771,-0.166058370265028,-0.624678919121112,0.0224426284661136,0.27741604870762,0.25721183464514,-0.0962516642038258,-0.288291467356873,0.542987287290633,0.249537446235464,-0.260895246158777,-0.302072615815075,-0.355976867252111,-0.112232532407149,-0.54709621651675,-0.547113693138255,0.0478099752265314,-0.125208630858149,-0.288739812951723,-0.0425004773045815,0.166683154067878,0.089769345841181,-0.3071108637846,-0.218338001358659,-0.359482569817092,-0.0794713777704427,-0.463256560593341,-0.415802276343969,0.0670887884044753,0.0692426008340183,-0.0280837829360479,-0.25997441944548,-0.182531967423193,-0.116756893159587,-0.336085890350751,-0.21936757104059,-0.0409052591763906,0.40403013315477,0.039849664089431,0.0706512501181098,-0.310561497607477,-0.708229110105543,-0.478074359868457,-0.0863035426687812,-0.057624012615253,-0.167294316644029,-0.377973990872727,0.0776757460207391,-0.230299781526866,0.0563407504848313,0.196600516319748,0.0323172566871579,0.264385780145275,0.517899759149216,-0.307270382503731,0.0999734265438217,0.220597602935227,0.0795077395124949,0.191205729870364,0.436478537440508,-0.004017288383714,0.267745511969179,0.0945757621366013,-0.146445538747851,-0.0131659271893813,-0.254753004345953,-0.0237979068232849,-0.0473245594628795,0.132351777930476,-0.079485055293698,-0.571507902075669,0.149450187652961,-0.296757049006985,-0.380257821303554,0.0516283410899523,0.00626919520288209,0.354763980282051,0.100577355024056,0.231854465731731,0.241073338658698,0.31283193827086,-0.472823337579661,-0.412835108569937,-0.3606878891162,-0.0275130154491508,0.211833813544435,0.187240281993498,0.230952593122036,0.148886788530834,-0.178372364457644,-0.391609011182139,-0.137946797466647,0.179908566309447,0.0383534265680785,0.176527884403107,0.320405945388337,0.483134284806204,0.198098922967415,-0.0190825679160909,-0.109975464311965,-0.140126410642947,-0.239205663224613,0.00171170200292418,-0.301013641121216,-0.111023862053239,0.353537082656793,-0.115290332085143,0.208032182481728,0.197106394577058,0.24330570161651,0.256587579022938,-0.390393146623304,0.13364908436987,-0.301393338314668,-0.134328396031541,-0.291000985146294,-0.782499582763641,0.658020551696174,0.277956149129402,0.337735658680214,-0.156305269430323,0.394275287778955,0.354406394691935,0.171993536125054,0.345236439428413,0.290223080834572,0.171799961645552,0.289355418244161,0.359226864603862,0.0244601216465866,0.0672620949457311,0.255630819133722,0.659804022944191,-0.272753396651865,0.0575887835021741,0.308627512549916,0.161396007189727,-0.301262143871928,0.239926555450198,0.0112771007099686,-0.272192939702344,-0.395917887568604,-0.100790667720757,-0.248875750022894,0.158361641997327,-0.10912819826524,0.110185139516659,0.00510641756082997,-0.152960894422907,0.0361825505051905,0.00306925733466129,0.460640839859218,-0.140092748441484,-0.46211988252274,-0.0781083302405769,0.0683851606854268,-0.083418840003214,0.167900411068527,-0.0739567314557345,0.0375953985752695,-0.0847964141772261,-0.101782453298285,0.930410410815155,0.405924193747157,-0.359075953378192,-0.126436958316966,0.206750316137883,0.0176951559145469,0.0641540986729764,-0.43830942246112,-0.341233600217727,-0.420820807566871,-0.331914511539033,0.386656825101926,0.222555265899377,0.165088866911096,-0.368580624880141,-0.309991062314222,-0.363334218525717,0.176933671720144,-0.228384554413863,-0.138346173979976,-0.459139835413304,-0.478607556043411,-0.407170253542863,-0.278132564723071,-0.0477880422524621,0.0508193157095446,0.377405384187432,0.471870652758614,-0.0700269335032804,-0.020587707384245,-0.0519586242183521,-0.161716565231061,-0.910651027230974,-0.65971678647193,-0.275908292222774,-0.0205866953022047,0.00843421532917772,0.0871983237589344,-0.213457628611927,0.157325170045295,-0.0634145045272158,0.179575210919767,-0.128629764784549,-0.101729775916422,0.709799305631192,0.418046982020684,0.164572743867651,0.0344247320754587,-0.254693859403889,0.090211216610944,0.424741213423932,0.356581919889864,0.0413256568700093,0.171033299112672,-0.128828834407402,0.360612097215894,0.288521120555746,-0.157915522146422,-0.021585034759923,-0.0495646314972248,0.0272227741293078,0.107972693980292,-0.245921698234124,0.237353308163255,-0.192302603886314,-0.433224542866494,-0.378848239679738,-0.543645774568702,-0.4784555600254,-0.1828488257071,0.228408800782648,0.0295950880837899,0.194407654820828,0.259550139563923,0.328183221521861,0.23166251217137,0.181249094102202,0.125438827074861,-0.0529588913010947,-0.219777234664039,-0.391505706262475,0.370373033831686,-0.0156878608053603,-0.0389459369469307,-0.000250518214150175,0.392899948313564,0.273240014233033,0.115088982462679,0.242996520918954,0.229111816556116,-0.155054535674793,0.44609854715388,0.283894892968199,0.401107454641097,-0.317595458262728,0.162595440727289,-0.272134952440595,-0.380114651669982,-0.0058170424590209,0.103696117580686,0.140205549317067,0.560211354051537,0.732465963729967,0.119069420692099,-0.116794797210128,-0.111395461340584,0.279300491557193,0.0462761796494142,-0.655950023155494,-0.499243461285265,-0.00789983029101492,-0.504745671672298,-0.24566722715799,-0.0975578258436268,-0.204257155912052,0.222737502170163,0.208816950920116,-0.0223272627021357,-0.592756103546477,-0.593920980212015,-0.179969846121165,0.206857423758507,0.330620328317463,-0.0882735259671191,-0.128006566585355,0.0764901205548685,0.232272834229818,-0.253601718513234,-0.265598971660158,-0.330091279576672,-0.663741703496526,0.0395144351346949,-0.223284130977844,0.17759260681424,-0.0835824135577646,-0.00149805164798773,0.114527345181948,-0.288732823269804,0.221547529391813,0.157830811553996,-0.232565193659192,0.334955954799842,0.162343904944742,-0.0448995144888343,-0.145842805326475,-0.0439774020944157,-0.121351455882316,0.0835426921080921,0.0867132272367256,0.597397879764846,0.460118119456144,0.379488392217776,-0.0505760372145426,0.258136336031302,0.0662238240938195,0.24273233389602,0.158607207080322,0.0586346106370918,0.0186226974731136,-0.00619352540175783,0.324687938759774,0.161060769344831,0.209315307037724,0.439021000042335,-0.153771081278192,0.0174741865410989,0.237775718552542,0.201599755168769,-0.362779928978488,-0.236644190240722,-0.421316537017568,0.0870253878528565,0.357379620912965,-0.206235996973429,0.166092545789013,0.309183416020094,0.383529546319285,-0.203105035903095,-0.543472740322161,-0.680127505422017,-0.0484609212733996,-0.125540689118493,0.473874604551782,-0.00561075544958662,-0.132798422289363,0.429222403897567,0.0962443432504358,0.165910014155339,-0.140026070781858,-0.500338071717866,-0.247897840879977,-0.208286657931937,0.00503361523299832,0.372597092318945,0.0984147578870651,-0.15689439246216,0.055988558300062,-0.250302392584102,0.0148440217838963,-0.00909804233779676,-0.400020202457957,-0.140096484862133,0.461780074359183,0.230999194213471,-0.132798115162661,0.198432859029637,-0.0272798666264246,0.0517246371201158,0.15733027141673,0.0871335934407131,-0.134377982115187,0.307651063166025,0.277494359707441,0.0909465754182431,0.432301012037867,0.211104638133141,-0.476423414392745,-0.130878783115554,-0.171915179020186,0.224084758188038,0.101734379556253,0.703795964887775,0.509533312493352,0.461597500492318,-0.144794806786612,0.468540056685694,0.557359248939769,0.245837375928101,0.464924215933614,-0.16141966113286,-0.369061461326783,-0.520005064281422,0.0189966843229478,0.13869508281138,0.226135551722946,-0.0911965436861365,0.00577910520670182
0.0298953032974756,0.147925518779833,-0.0691423253404228,-0.0239899171783974,0.064122518237032,0.118838123758381,-0.130922434318127,-0.0852987322683538,0.00163811929167756,0.0107259039551517,0.114542865303514,0.0795026036602043,-0.000200946014002967,0.0961397691331371,0.0345616899523685,0.181441859488656,0.000458813053472435,-0.0146276906246311,0.145828552924191,0.0714925781495617,-0.142486774943577,0.00560175593977814,-0.139778414944622,0.0138420665520584,-0.194327972587991,-0.0349295316689888,-0.101092343803202,-0.0280311138576662,0.10140434824895,-0.231268228201332,-0.0680519659619866,-0.06633628854808,-0.0507826192951473,-0.00809874791566996,0.0683122429518319,0.0982981842108337,0.0232854416918472,0.189065572119636,-0.0836699059358316,0.058176322805831,0.127572870259771,-0.0220366373952424,-0.0455389170710098,0.216368538491914,0.0482017419512455,-0.0694716023038566,0.00799583300138803,-0.106312964718306,-0.0717770204606914,0.0288037393326601,-0.0296914283613407,0.00965824391992931,0.00652785124567385,-0.0146700526548616,0.213902801707544,-0.0412163322708082,-0.111146312183704,0.0942683690066308,-0.206005496252554,-0.286948449332988,-0.0780677428830304,0.0747940307109671,-0.027690549656978,-0.116981463792416,-0.109823812064021,-0.151921020147144,-0.155459125371601,-0.058450105968196,-0.0932410969311275,0.190892969413072,0.0744728220753642,0.0706041406757431,-0.0415653023243319,-0.0263554592536945,0.0319728276288219,-0.0700913908361543,-0.126793793965967,0.111158045425651,0.0869952945383239,-0.00997875332309493,0.0807928345410667,0.165483302489081,0.128335626993647,0.0197509131379928,-0.00151422653214614,0.0530810560911696,0.114328708654809,-0.0267592643198312,-0.137659320486885,0.0895497541691736,-0.183147862013079,0.0426207553061953,-0.108867310778901,-0.0204851585146858,-0.065640677901622,-0.123450452600939,0.0126561820853193,0.0441559333353589,0.0319886443455426,0.113941100482761,0.0620324819663339,-0.00660082022406573,0.0298788154581564,0.100022893659105,0.142310853349456,0.184467332019322,0.100268349565249,-0.071196247384967,0.181311136939022,0.00346995424440497,0.0206103744983171,-0.0246605111139719,0.096300320656282,-0.0316469587817327,0.237547785318293,0.000378924358606507,-0.0456644589102703,-0.00739502832855825,-0.0817767771963117,0.0148684646816006,0.0123694307120467,-0.175364525571577,-0.161854984059625,-0.0575203086906181,-0.129484580241546,-0.0248747518878508,0.0545552163897507,0.0250602480584469,-0.0370219725897597,0.127123658723411,-0.161265342209913,-0.006618976690698,-0.168383295531483,-0.151159876614836,-0.0359929574041303,-0.00977366628031905,0.11060166835157,0.151936505892808,0.0590862211117486,-0.0539869678183179,-0.0172742841728794,-0.00719990190193128,-0.0512834785648244,0.0987171953419412,0.0395259193214148,-0.028133093449876,-0.212902648440836,-0.0781524373122295,0.16284917073736,-0.079435297844835,-0.0793379226275285,-0.0214578463247244,0.0581082685958777,0.0926513431954141,-0.00169466921884123,0.103584608116526,0.197570537543034,-0.060848091791209,-0.112873408866981,-0.0748131391292113,0.0234603411898835,0.0320605205002327,0.217809702163272,0.00209881728121034,-0.156729857862329,-0.00127136646884596,0.10387273610897,-0.00120569358232361,-0.0339245145237987,0.11798946010358,0.105226695952968,0.0239154705017331,0.0237558654858974,-0.00120831109100985,-0.0572229938102405,0.0387650592844741,0.0443253274842825,-0.0584216961490514,0.0746415740537771,-0.0207424417411854,0.0106351504410533,-0.134214583861104,-0.0695200636080389,0.0329806505861118,-0.1216306967443,0.0877991968884078,-0.0285711991494101,0.014010282734365,-0.133248986940455,-0.0506095441564993,0.1012862478009,-0.077615598111513,0.0608248930652208,0.118539287274793,0.0192685435551529,-0.083351607324653,0.175959130815688,-0.0230442183103083,-0.194896504215346,0.0394059184788389,0.0801741341000257,0.00705557415129947,-0.129987453400479,0.114275630816296,-0.0803373752970402,0.0788494031738306,-0.0442332548224228,-0.0216376248630203,-0.0876285310121078,0.148396695514318,-0.0784317362069099,-0.119328163683826,0.152379118134157,-0.163911998247444,0.0169411696790228,0.0769204211649734,-0.0268975506374324,0.0550293952655467,0.0498464093772411,0.117948411335453,-0.00129277429852049,0.0176679008374162,0.0332994720073175,-0.0210975269706131,-0.0979702716116624,0.0450520643955808,-0.0414809103764433,0.00988903367006727,-0.023354702683091,-0.0986023202340407,-0.0989338511287386,-0.155576419902794,0.237578203009216,-0.0638728384405363,-0.00430457576082094,0.145483557830132,-0.0786252970266598,0.135723851760565,-0.0627662352628456,-0.00621389488880047,-0.0279009758673843,0.203634265119676,-0.0825982505802602,-0.127622833269456,-0.0424389816313077,-0.0288157840567495,-0.245770929027215,-0.0481663509177759,-0.0817946796072745,0.0608281710961355,-0.0312761937808116,0.0314346549488018,-0.0286928510547437,0.105930474316665,0.0718784973882488,0.104104481574807,-0.00311838977606505,0.0622532435528805,-0.0326643991960619,-0.094609788026851,0.15717138536259,0.0696402728579706,-0.0318158133355566,0.0424567859672097,-0.0722832894353677,0.0342942586690125,-0.0683969624655537,-0.313261694105854,0.021908445254435,0.0867030239702766,-0.0206752154047126,0.110728934994909,0.0240296779952454,0.0274143977125557,-0.0296442198690524,0.200778230677401,0.0546100639210601,0.125557915786702,-0.0220782735210472,0.057343410910861,-0.160625168531203,-0.0731330701022802,0.0826031782246512,0.0839466155681833,0.0472225425862993,0.147068647106312,0.148670392456537,-0.142734838431818,0.124324492582759,0.0985668922072305,-0.134443752547365,0.0865862892218056,0.0762393213738799,0.00821871885374131,0.0746383717534518,-0.066607252761022,-0.0627766482638785,-0.0447981495660107,-0.181321216471505,-0.0343130316615902,0.0127719616076275,-0.0388692758056965,-0.0929569642374173,0.100545981741718,0.169390737015741,-0.142891817582028,0.0635185222866002,-0.0673142752219716,0.193286162998946,-0.0408486257507792,-0.105375265182485,0.0470262609133257,0.0458947653072467,0.170451830868796,0.0261812715014782,0.0708654613158467,0.0911041427234305,-0.00333027145537519,-0.0445395441087243,-0.0234028707731983,0.052647776040907,0.00283821240873274,-0.112500358980985,-0.0505060877216709,0.018713157526505,0.0294521301899566,-0.0495540371548237,-0.00439659565160537,0.0824111594745612,-0.160681855915975,0.1557220837154,-0.248311841297205,0.18736167992793,-0.0426935522975126,-0.00529653101916002,-0.024257147298994,0.0298095544120247,-0.166145345866626,-0.00879762785595996,-0.00682823397910202,-0.21694893118068,0.0268966297693106,0.105388254100904,-0.0820559558024294,-0.00123031903381051,0.0233263984402675,0.0284963997801418,-0.0553090218470612,-0.00715473767963162,-0.195345402145987,0.0480713577746696,0.068085544078891,-0.117579261242317,-0.129582803499311,0.0076076595788906,-0.0434918035071935,0.16952908536209,-0.150031692079172,0.161080428426738,-0.104932985551791,-0.0273087499145951,-0.106479352947204,0.0491319985419282,0.0609999680039143,-0.0744149762400516,-0.177246911034635,0.0268476021405332,0.0566771074518772,0.0478072536273226,-0.0368952735214111,-0.128819699092429,0.0701195400535588,-0.299323019361221,-0.01849550146531,-0.0577504947429714,-0.112672887059088,0.154231274823646,-0.0365828252149051,-0.0102105633379675,0.112255763293926,0.0152584865648751,0.0423685452084729,-0.0196057449784077,-0.119568285417913,-0.020314002945517,-0.0273294473985938,0.0718126276030956,0.0143072777262505,-0.0577410741577593,-0.0852182696723427,0.0169128104490182,-0.12852202043608,-0.132440160265718,0.0277861520079012,-0.0309375510810359,-0.0902495240384308,-0.181295693434169,0.159757149091541,0.257906061405738,-0.0437496364303609,-0.080406073570963,-0.0162832212486829,-0.126492539683424,-0.020928372702974,0.00500354587045608,0.0103621686994078,0.00365787602269359,-0.0084288522820809,0.0490721766395973,0.120303864325621,0.0161303355515204,0.148525334277525,-0.1317328543581,0.00358570698585671,-0.0203369406221018,0.0948497304117254,-0.0816370905648188,0.0948094669579017,0.0367906128355302,0.163961881111294,-0.26843930311815,-0.0688984329358671,0.0246919805826669,-0.0980403518551533,0.128386456388747,0.126396218786158,0.0396450313314546,0.179271756317065,0.05180957409544,0.0609967904142861,0.0480497629818686,-0.0841089341820247,-0.0502876742361848,0.118451048270832,0.120657112171783,-0.0251528011965911,-0.0812055376968396,0.0409930240967373,0.0289999521488437,-0.241807418894953,-0.209079470402014,0.0185978477067601,-0.0751646710990085,0.0605766328228427,-0.0585155801976665,-0.198629365035548,0.0018135868517823,-0.0756569701577687,-0.0856742845143485,0.0581606988136294,0.0728126877215455,-0.100750121745693,-0.0403333022345142,0.0969727490523201,-0.160337486189689,0.0609358731812937,0.086195719046218,-0.166199108135078,0.0789269642627893,-0.0587731369895953,-0.11123197895474,-0.0813114280369262,0.0821725742307504,-0.0923687201697011,0.0343028810422598,0.0543138277198696,-0.0339561024816574,0.0812082223895124,-0.145896705492805,0.103916972756264,0.0659042835674182,-0.0613586661460408,-0.0593170643023959,0.191225627653651,0.0189659758771,-0.140822315095911,-0.030477132373672,-0.120718778615686,-0.114118494426903,0.184168336577128,0.119950019275941,-0.0281250096274625,-0.160620946503399,0.0202201381440904,-0.108945927443348,0.131411515083963,-0.110192192228545,-0.180711873803018,0.0814063595035596,-0.0423690733590825,0.153491812012884,-0.11338717044364,0.0515858880117892,0.117349065661326,0.00319977825657254,0.146706413071364,-0.089186122697879,-0.0523563723640835,-0.0885472122009827,-0.0612346714111248,-0.0781187338414199,0.0350774097499374,-0.144604724151761,-0.125625591625386,-0.0992213942249962,0.108838900226073,0.0610691891764159,-0.0425793821225201,0.147987228263252,-0.0844907071359072,0.0980278006376608,-0.0368945507011549,-0.0732854140643631,-0.116692047951701,0.136395198242793,-0.0163449554318361,0.0691169016050356,-0.043036825332401,0.180366333801928,0.0418938904360194,-0.101171600139863,-0.0214439871154856,-0.0502817060117074,-0.0588450893626182,0.0108729251408668,0.083632781542722,-0.00732001825753181,0.143626734999616,-0.000735680068438744,-0.0102629922140342,0.039325225894014,-0.0642720112680722,-0.0621069143429577,-0.145078218746147,0.113009199889437,-0.155376646119734,0.025487638489845,-0.0637477165982241,-0.125079349392464,-0.0172539240095601,0.0572278060636121,0.0849746346468675,0.0236310883182816,-0.0498771331160371,0.0386576938211236,-0.164341138163423,0.0160466598680003,-0.162421168061666,-0.127755683864828,-0.0280682184182411,-0.128492809228889,-0.111761108939515,-0.0684924426392758,0.00647309751118701,-0.197806247486135,-0.0471152614654312,-0.170555572860083,-0.107147077544357,0.0398899389518366,0.180581210908573,-0.0951763341151084,0.0053712849614551,0.0826566104685308,-0.0480243336612488,-0.0753942367294311,-0.09281025316365,0.0429947721886454,-0.00730968626035864,0.0550186463849507,-0.0751779078144592,0.020139486702583,0.069622076174645,0.122608790236998,0.0216420977782839,-0.0527312748574159,-0.0544539935901447,0.0286363184457516,0.0143045282544698,0.0789893378859403,0.14744386272565,0.0620024031807188,-0.156965815008137,0.000736405838957321,0.00401317586256225,0.0784751136187549,-0.109136347209977,-0.100180995722621,0.165738124896146,-0.159655446220254,-0.0403501043487305,0.0816768679604268,0.00274076642774656,0.0125128736137832,0.148572158846149,0.00842698875623086,-0.200674069433638,-0.128629439885679,0.055264462491791,-0.0518227380150448,-0.0613064413936971,-0.0607112571493594,0.101691585465879,-0.201818373345761,0.0713698463077042,0.0912164491492483,-0.0860977948138939,0.118519365762457,-0.0377565160351677,-0.232681379839734,-0.0249952605076079,-0.242295747083291,-0.0232938544649801,-0.0945906428985318,0.20031217837546,-0.0629157809682301,0.191644119246572,-0.121997488672287,0.148482080545525,-0.0916877362468167,0.0106083781792668,0.121472860647178,0.0412955869018175,-0.0394206256385704,0.0684716724087784,0.0201345010828762,0.0583697672379492,0.0424103033968902,0.172011123031284,-0.0311678543506186,0.00265422002899648,-0.0247978882545579,0.135958810732772,0.096638123936034,0.0429750726117679,-0.00303472779399824,0.0491655564027273,-0.0369410084497961,-0.0572149067783525,0.194765922108921,0.197145351531078,0.0218733405756647,0.0479301763140202,-0.0603989993673065,0.0204601864112613,-0.0537339457667773,0.178159041173548,-0.01654822382515,-0.00101553773163315,0.185966173811796,-0.0358240156316022,-0.0164957671682023,-0.041866859950212,-0.0297224366037381,0.00455220224789931,0.0652041874291069,-0.0195316748336696,-0.0581726604506218,-0.00658215121724046,0.0217572887009092,-0.0213054966972673,0.0897202024133339,0.0593874745996631,0.245262242292285,0.0468583238823392,0.160586121529391,-0.164098190265918,-0.0118775884103194,-0.0283405335622892,-0.0462788805068759,0.0376935665861228,-0.0477687658185447,-0.0287628023403858,-0.132318934631435,0.129445859973348,0.0427347864068585,-0.0825498718078568,0.0418360516484217,-0.0395503209249367,0.0891375784946074,0.0215152030309269,-0.0547524970942156,-0.0209472234857824,-0.126563705268541,0.0935982544706798,-0.0799579592413567,-0.191753074537755,-0.101187850923529,0.102110056082967,0.0611391186521232,0.00212205553927162,0.0897684425822265,-0.0415213575045791,0.194239843243613,0.0369554023981791,0.00635947153716832,0.0303594917415549,0.0955999239675011,0.0933593601670894,-0.102039178808952,0.140725499454321,0.294170050425027,0.0200203311701188,-0.0414831631651049,0.0372098934180103,0.0522800434389446,-0.10073113973777,0.0474648370947486,-0.0497159210324986,0.0220365597128729,0.16916078667261,0.00155892278006168,0.0210257116458213,0.121078366630832,-0.141790672824931,-0.0825909428209206,-0.0254322821651601,-0.0758080486637038,-0.0151769524077515,-0.0157903310131173,-0.0430261984414643,-0.0391394999361371,0.0961229554753084,0.0881522817763997,0.0158915657363461,-0.063821112497187,0.246887534922309,0.182611736413081,0.0489710416715634,0.122788066034195,0.0871501970513298,0.0327739572060621,-0.132237914563808,0.160648248098972,0.0374967036051411,0.0167621893066851,0.0725873515285057,-0.0184678866670563,0.0154036388236725,-0.0682233506094364,-0.00204072366283572,-0.120863120050837,0.0357310926363662,0.018316545130791,-0.214773690693144,-0.0518732408531433,0.289974158720542,-0.0473586000378595,-0.022862529466043,-0.0669711989535994,-0.0893931289474391,0.0685632176371528,-0.0582470791352705,-0.0412436515703581,0.00203198785130511,0.0114461013926627,-0.0871364344060295,0.0295516485252233,0.0648227849284369,0.00560426764544062,-0.174782243123777,-0.0714253926911843,0.0086506034284798,-0.17527981755678,0.0973262929482692,-0.0275054260501618,0.0180094318974608,-0.138627084396572,-0.0784607888040252
0.401768954895308,0.277667931754564,0.296658037896093,-0.232603380262052,0.359033238501614,-0.0577403283497967,0.20411699575254,0.149580722365814,-0.0739078037532145,0.298647889928452,0.218074114065164,0.0539361084227504,-0.102103235410077,-0.291079954640751,-0.347282833807867,-0.356661429855501,0.00859133392552852,0.251752783986078,-0.529141415904961,0.0187295260881203,0.195054302483237,0.0988211793475442,-0.173177953663225,-0.167122749207047,-0.273957048441296,-0.240131885455942,-0.238469585497825,-0.362503254418529,-0.809938119186116,-0.303086121740102,-0.316078555778396,0.330943173574061,0.476141412617171,-0.14378959089608,0.155613436091383,-0.220438742698846,-0.597925620050237,-0.404356414392061,-0.31902135765203,-0.233102433197145,-0.165462164148918,-0.44096977026927,0.197404244226903,0.00689976020792291,-0.24273197575706,-0.228184365948956,-0.559506178071792,-0.336124727743715,0.163435814104332,0.0790077148797561,-0.246161059095132,0.0357248618473684,0.113591489141247,0.28948036175516,-0.190875539273567,-0.268964251658872,-0.334845996363933,-0.35906388862446,-0.123156832381379,-0.307368378944042,-0.451411043190464,-0.145281247076848,-0.317377883336527,-0.104464140554462,-0.193172852453362,-0.425043882289906,0.0875433664945036,-0.0665948773321152,0.00843199528255366,0.250700362364378,0.193377118219898,0.249872129352305,-0.292222405241381,0.0580717967777839,0.18342973213251,-0.159565935645554,0.123800973379259,0.153366761829099,-0.288801457521372,0.0410261723817389,0.0180019076701936,-0.219711266075518,0.045920485596077,0.0061451623147584,0.244022828713295,0.0283205463415612,0.348168554990931,0.146083593811366,-0.0748601908633165,0.0515285371685648,-0.659388191719163,-0.289316471845545,0.163475922267069,0.443107132962238,-0.174142213438959,0.103862034030449,-0.035728656973024,0.566485251533441,0.0924985124150243,-0.199996095709731,-0.231168099461785,0.0321094919178407,0.112206506446469,0.075072270179093,0.0578196544315743,-0.316871335742434,-0.385507333448457,-0.543132376363385,-0.243664337462189,-0.239587102018092,0.190157488609752,0.363497918017967,-0.0408826720432779,0.021791135337205,-0.0443132842229911,0.427105180609457,0.268643675663334,0.154404321993341,0.107474643266487,0.480376221382685,0.357682192409717,0.213438280342471,-0.241245961193744,-0.2486614215728,0.0541494480974407,0.43941117346941,-0.158595131115526,0.185201543048891,0.195369910400861,-0.000748821777015147,-0.463799047064734,0.10159390478379,-0.0124565809336502,0.148743049778583,0.0300662279492875,0.164482453540875,0.151006208092593,-0.0785310108459677,-0.00331996062851933,-0.423088139790815,-0.0783587865571178,-0.583787214452545,-0.426366929752537,-0.0245790493606165,0.283598917490515,-0.090469249476904,-0.18552236212378,-0.213397764341052,-0.117153742244391,-0.225440247327196,-0.236295698679668,-0.04270044350308,0.0315086088767824,0.0165889745200414,-0.145716696797771,0.18324863162922,-0.167455636494054,-0.111136294025607,-0.204534338923341,-0.208916297766878,-0.0465903382767084,-0.261039491779413,-0.251273474141748,0.0631378111653491,0.15161623382223,-0.137000532810577,-0.139356612098959,-0.418793980777159,0.0179843462630674,0.266255490733818,0.164793467127143,0.435900000163621,0.297589183866409,0.502964778634617,0.496881648041664,-0.0924775205501502,0.154258434191806,-0.17237397764105,-0.144980663032017,-0.250223347858805,0.128035218438238,0.236217470923369,0.0930064427549087,-0.197090240389167,-0.152753081009,0.0476405562946277,0.0888455108107549,-0.0512956963122689,0.448017064781441,0.415036534480164,0.326864779251797,0.120795635607458,0.00490691616075322,0.403108662554788,0.398230393100526,-0.259666377538932,-0.0405807376619443,0.141022633121196,0.261774112168261,-0.0934335861646197,-0.127300474834791,0.0781611149328584,-0.331771998804753,-0.0646991976954629,0.506426805649758,0.110973973755103,0.431490972747768,0.450719791977159,0.0810896516809311,-0.188152901077658,0.285596746392367,-0.427235330092101,-0.675209326935427,-0.310080610530039,-0.444511507450181,-0.133260577307452,0.0860652794613579,-0.0490905256763241,0.302283135793915,-0.0223975605497636,-0.24642975400913,-0.0340641909299028,-0.0605013706083624,-0.312890727317895,-0.709355025071179,0.0566135099773096,-0.289484708357576,0.183675883945548,-0.141827466133663,-0.106793876936662,0.0912261123529768,0.150759453011998,-0.0303817811055411,0.529122736598958,0.148313910102724,-0.203184793138381,-0.137539188620868,-0.272738250539011,-0.633866982177884,-0.462379780732674,-0.162980666433997,-0.128649734463451,0.168363338174925,0.319555394316234,0.254028445121937,0.216926236839996,0.512725354006479,-0.0722158876829414,-0.344190675055967,-0.0463749503815013,-0.113922603226531,0.229063474987535,0.343626081571132,-0.0851397717857534,0.0685899337854133,-0.315532063384084,-0.100616765997625,-0.30321999594088,-0.360260448981577,-0.349027713663212,0.223036068952406,0.146586452313348,0.481004845877083,0.111397742597955,-0.103132972635826,0.0505337246075799,0.162906156817852,0.00441539461075477,-0.173223827698273,-0.12579173068307,-0.578458478973662,-0.571214435200962,-0.229284533490163,-0.406810476639947,-0.140080562867814,-0.0722538470215935,0.0510646248712226,0.39414686797061,0.0667294851915977,0.194360773823819,0.553086557992479,0.120157030435964,0.143980311591972,-0.289165759027352,-0.392857347569444,-0.00467216581381306,0.42008500620643,0.208907725230686,-0.314977376033699,-0.561532339925324,-0.305088344567055,0.402134034568438,0.161619262777258,0.468517808922134,0.353207487212085,0.0350605786477815,-0.621048228475486,-0.0995504566571156,-0.227151323016635,0.061740716429072,0.0731905764001838,0.141439984463245,-0.192729119493362,-0.350820957490005,-0.155462850122148,-0.720202463312293,-0.355306696297259,-0.280539529068831,0.0414464543399544,-0.36503003701364,-0.297850183766091,0.0200997025234917,0.1571652827189,0.169821476930698,-0.0450670026690217,-0.158178484435358,-0.340081303071048,-0.011238580219519,0.114009978203207,-0.205576099777955,-0.269766887441372,0.140911582828929,0.303734558203941,0.692956452642371,0.513528995810319,0.00574104886503191,0.175320854400902,-0.0342622413781369,-0.136502840349421,-0.140060775435005,0.142064841566488,-0.0072138340413277,0.379058116423365,-0.0466428735120813,-0.377174883308233,0.0282311726660447,-0.304649163801774,-0.438403504907783,-0.179006239227922,0.208821962673802,0.47142439107638,-0.0199450843275375,-0.136282233258611,-0.29229807893637,0.0652913048650291,0.191528209510793,0.160844830724369,-0.226609592179559,-0.485493079796361,-0.0533116518681859,0.0707042600090212,-0.253276477670722,0.166045212268106,0.365555897736056,0.344442786140528,0.521745192822047,0.479406936230614,-0.14413090294661,0.125020164625187,0.0453898684977428,0.214921369799846,0.207042309489854,-0.477342072607407,-0.454511730733208,0.150366939038897,-0.626636468542893,-0.395897562638953,-0.328725436453243,-0.316421127171039,0.0986954053483613,-0.272498912806391,-0.387124955610491,-0.060874560976037,0.210788083794909,0.136225806422755,0.0854971410542701,0.0917989489428682,0.275775648088319,0.30177151908754,-0.170334135380047,-0.105198270609013,-0.303952294832099,-0.296370472307791,-0.587145028830223,-0.537927859596972,-0.187240859794154,-0.0897579734397283,-0.20807056706508,0.054771615337805,0.198312897023353,0.0413782162981984,-0.339646865948988,-0.157838563920166,-0.447931359083525,-0.312173308681357,-0.471064470083005,-0.35889141653655,-0.0943301955796236,0.0408710334366189,0.0681596460789535,-0.207339521663449,-0.169273573501207,0.0798946821840003,-0.171464023974763,-0.271386616024032,0.148351513949108,0.403743148835295,0.357715190152373,0.111939771399124,-0.287184293322055,-0.655879796481766,-0.402548645645592,-0.176405081626838,0.075546501804187,0.0824608421772426,-0.0931716057379855,-0.0793394427896455,-0.0979139296067645,-0.00784776034021333,0.233089776185827,0.258887180740436,0.0559668577197565,0.466079174628938,-0.0981759392841936,0.0675687126770552,0.207082270208399,0.0810301055053231,0.219209850824677,0.315569916285502,-0.0347835324049356,0.383564744225391,0.0522332116151742,-0.0461016384474745,-0.102649631317913,-0.0523696564339253,-0.0939868637357862,0.0674064065598015,-0.0165998619240948,-0.0430373110624688,-0.369337583569908,-0.257408365965247,-0.471158608198285,-0.174763526136688,-0.0835329394416941,0.092332064217714,0.425171872883933,0.217303792128885,0.197651403782132,0.005241990974601,0.071884731500174,-0.430628461289259,-0.299491223586329,-0.198104924679388,0.120781114704877,0.0384342700742355,0.431891479543143,0.363305432928269,0.0666713712243211,-0.207612167755056,-0.356259460126295,-0.130780271846131,0.147930883661752,-0.0363500540302654,0.160777955262187,0.194733645181859,0.418208889776289,0.0729433603541152,-0.00201486495321448,-0.202320257494967,-0.292466030910174,0.00519221237638273,-0.142235800121843,-0.151967762540363,-0.00838178649686715,0.359877303545767,0.0494166911397185,0.42634430156788,0.235930062413498,0.0504058013374423,0.195441758783888,-0.329046005644174,0.0314024235872594,-0.294096578786216,-0.162191360239847,-0.291156234839496,-0.571170937891501,0.585578884644152,0.265137408464308,0.267311395512714,-0.0955381431794314,0.113121012318611,0.214666333222898,0.192921992983454,0.407825458674301,0.241136426738144,0.177250561720607,0.132356442104075,0.193751737269981,-0.117366570263992,0.144355675141831,0.311415216298424,0.636405452973755,-0.489081953857153,0.172415093062173,0.159270199317422,0.168558487485413,-0.336380396082094,0.0227249261310994,-0.121631902050986,-0.365801760314292,-0.578959830553836,0.215996360482341,-0.267798742079208,0.198349824153751,-0.131218232731595,-0.0509119523061724,-0.0106241431520695,-0.0608837640854891,0.160035797783274,0.111678768253978,0.0592815558456506,-0.142145123580181,-0.169132780702799,-0.280553880835408,-0.207185673699752,0.116913950988658,0.305052205158907,0.0591378409146889,0.112372755149707,-0.0375333430792963,0.0125244287872032,0.657861017471216,0.138183800155364,-0.296256057740419,-0.147194978462219,0.142799258779473,-0.136520242854781,0.214222439544516,-0.345576256685769,-0.246689056732908,-0.4518853712946,-0.12626287532873,0.120641099874725,-0.0201440112136325,-0.157784656515455,-0.322478227864513,-0.384524966098648,-0.256029737367862,0.198701259728088,-0.205667670098839,-0.106356653546202,-0.260526109506599,-0.4590137667965,-0.268671686979467,-0.153138259671984,-0.138801703288948,0.136598835141789,0.280541710549852,0.339282171981237,-0.0237293969513676,-0.206316232561769,0.00862447074325626,0.0479852234796026,-0.841282708929667,-0.370555194987372,-0.247665929321898,0.0697088162688396,-0.110463386086326,0.28348043214801,-0.130636212510277,0.123834498545215,-0.218369576624477,0.0973826427357175,-0.0156549385869175,-0.157543963079037,0.576228539349023,0.302049811346433,0.261336583119855,-0.0822626986719848,-0.460132302752756,-0.0545493600426246,0.405602316658624,0.195932569285346,0.164928644111881,0.158422755721975,-0.120623269075221,0.0284991984183677,0.0656863066418265,0.0220083757773054,0.119323132456195,-0.0676207020731703,0.175600749761268,0.183067690007585,-0.158357273712974,0.19543265119036,-0.195093123103687,-0.546080535045552,-0.36310020355182,-0.316827347216667,-0.286609578511173,-0.184162207581255,0.142199755608066,0.0968628103210249,0.131767647214708,0.299874504259024,0.159549328101269,0.258250120250175,0.0100484064613319,0.0204553661663344,-0.0308616611407339,-0.406364826322233,-0.0997870357939394,0.416512096392019,-0.0325773195811705,-0.0511884200415875,-0.159578113541751,0.333159133046666,0.44783796061047,0.151546153176145,0.0304640262847367,0.205890670225252,0.0273915205361743,0.397262324909891,0.338637560363182,0.457424121353273,-0.0443985150025289,0.283985822660042,-0.215471652088483,-0.365189255942056,0.160154958360711,0.128446483352951,0.284453088024242,0.21798450655944,0.355005770947637,0.255133467489721,-0.341551827460006,-0.129263009144499,0.206842863808464,-0.0397540878309022,-0.453592214857572,-0.502696023409926,-0.12328533978083,-0.0472192373296521,-0.15858251886067,0.25705240574915,-0.362264909954694,0.0245036318766505,0.154109913897314,0.149896752353261,-0.440413821341385,-0.497838524430144,0.00979095492386509,0.101866354836527,0.241751660453396,-0.404882238810918,-0.0343952343696398,0.0791965192454364,0.144702029279698,-0.272704772536986,-0.0843689972932434,-0.158442132208715,-0.58504018857343,-0.0678256331135543,-0.0642134249539578,0.220973750778951,-0.022850742084974,-0.0939349623221968,0.00669705874126335,-0.16767132734906,0.184469730745041,0.532050030986629,-0.236177050935277,0.158309191916284,0.284127933423366,-0.0356894989080031,0.294965129789851,-0.0830744336813814,-0.185537192585325,0.194705288112954,0.256267228107097,0.239062788486007,0.317619207095245,0.0965441647286317,-0.0579116027018152,0.0196104392879028,0.193447776079732,0.159753517094569,0.170604561938375,0.129618419516832,-0.0246897925101663,-0.252847620067931,-0.0328355209578115,0.319168258782669,0.395138620648769,-0.0034072766892328,-0.154182704495491,0.069239280933258,0.304229953050121,0.242294771187887,-0.451420113980448,-0.180087979876622,-0.430574033123138,0.0344767256735166,0.2233054824848,-0.247833469148589,0.205321447302043,0.0702175028399519,0.16902569319698,-0.412073960689903,-0.382253875016609,-0.464272633489329,-0.255922419954618,0.120937253645209,0.337658697947494,-0.0262552542010411,-0.0572691162639009,0.171334780532689,0.0275272472855987,0.305062383829093,-0.0223850232308805,-0.638614700642789,-0.27513537699647,-0.337326253040604,-0.0497422342972716,0.276730239864996,-0.0891587993109145,0.0559735323932673,0.0496230069021864,-0.143269404552642,0.0543254074696599,-0.117885830619684,-0.318014247802152,-0.369831369398402,0.470036037443463,0.243107155139937,0.0180684935238957,0.250949316991994,0.283394933031156,-0.0844599259115571,-0.0528155804470505,-0.220645430946306,0.108744724365869,0.357832831459806,0.158601670242253,0.224959457284028,0.421325847380087,0.00950910964690065,-0.271649546608894,0.0856130041296808,-0.258346314569383,0.150431177373026,0.15407549951757,0.280402884994978,0.441331942780258,0.408317183969359,-0.0853093028919231,0.611984474900882,0.732527512103367,0.161594649999761,0.182886482089648,-0.300179298969055,-0.400307706688275,-0.23276428687221,0.0874584247580676,0.0936507315113569,0.185482292079953,-0.0312074315286835,0.129160134276441
-0.0865087222816315,-0.224639014479792,-0.175692317010727,0.0569237760032868,-0.0762804744596722,0.113594542229044,0.0315168901106715,-0.0766361490950119,-0.0489868629534153,0.103423344439088,-0.140129676601988,-0.0109597576673902,0.21041327510286,-0.188483121341417,0.0344430605638146,0.134848905417523,-0.108099239589744,-0.18529354723066,0.266479336691607,-0.0350981433355086,-0.156531420229097,-0.0303480221132948,0.0833236842123204,-0.0690584647491537,0.301903458943973,0.356131357137239,0.37394284218883,0.0669384480695447,0.200848109093182,0.195790120789759,0.217497412645957,-0.0895564392570916,-0.262264567997497,0.0418477871272805,-0.18567350848108,-0.0724567575989777,0.290710767818728,0.163509047674277,0.260946741820051,0.184770274476813,0.0412520678284178,0.105466818058415,-0.13301869274157,0.214631564511173,0.155077014463352,0.0792615611119202,0.251994868400224,0.136088523632511,0.00408008935807037,-0.123761368536617,-0.0402701622748939,-0.0570626703880655,-0.0595754670928053,-0.123306611319824,0.0272852692006086,0.137436726200755,0.138262648909203,0.337340076220072,0.160562374319002,0.385308842454382,0.401606096059333,0.197655735769317,0.00315005180186011,-0.0228984587585449,0.154984412471432,0.0322303931525619,-0.00430794166293822,-0.0287383944653245,0.0146389678884634,-0.0443035468950531,-0.0595030118290651,-0.298722497090608,0.188505874184887,0.126639860050503,0.0150946265126166,0.0385648083693372,-0.161823918465697,-0.130003316081765,0.116345316997599,-0.0627107751529546,-0.100346104275132,0.257916175912389,0.199283278953611,0.0140025635064332,-0.236717394343977,0.149367916114899,-0.204974439000724,-0.10879920039133,0.0218515376940154,-0.0993377782651658,0.321793623958687,-0.0771856866073422,0.0815408666410108,-0.152740550371919,0.116512551825397,-0.0779510197155149,0.205346047952199,-0.429732554672833,-0.115187636978088,0.065770850741273,0.0311496268542031,0.0863743418388714,-0.104792740669572,-0.0135694887947027,-0.0602859090670853,0.121537916429524,0.270873813671361,0.259327238663961,0.181382789923437,0.204922349361797,-0.0921332842707526,-0.0569502999383111,0.0626491056008565,0.000900498785176035,-0.154870600019533,-0.25403664207353,-0.208534693086735,0.0516724235549841,-0.111861016892127,-0.00450178910062085,-0.350940734687411,0.0605611169587585,0.157984227171371,0.325303410743808,-0.0704618907053572,-0.0980094547066634,0.0435036437061078,-0.286643726805865,-0.0904196697088098,-0.0180671100237257,0.283045765837415,0.0180643017129679,-0.0212514477249042,-0.126322493519054,-0.0697414751289271,-0.184517840388362,-0.0881824424192773,-0.0477784798142902,0.130045838141436,-0.0796156921674878,0.253534856880297,0.256945499212922,0.225567848798047,0.312303269242184,0.0189467174158022,0.0498782437888798,0.0780029317462888,0.26177175641394,0.168836474085119,0.180356622733868,0.11327167115821,0.0421929354082225,-0.00574971743617415,-0.0567033817614964,-0.100769920880354,-0.0990839544494518,-0.22045718984512,0.0900624350925746,-0.0785328178426225,0.178824472155451,0.0688727052825824,0.225172290570277,0.12375831514265,-0.0299668793208809,0.239316870607503,0.131950750104776,-0.0391765087743369,0.312437906449188,0.0667436612641674,-0.0569516517302484,0.0708965653563727,-0.218952230272281,-0.11581995298218,-0.190671441664979,-0.360586576287318,0.0119098965171477,-0.135873727686959,-0.0430927687565351,0.110355407143684,0.147047082836317,0.0343038288043906,0.021087711688303,-0.0444390672821,0.00774095445497143,-0.0424845832084638,0.0986964566810462,-0.270890160603348,-0.0478663383370047,-0.322258283392604,-0.222551211123513,-0.159168062900546,-0.188403717958826,-0.0810485403924262,-0.196436078076567,-0.0709315181222909,0.118095129492484,0.195414221574141,0.239003491303009,-0.0813517333973395,-0.0221916678447956,-0.00302405897609979,-0.00699623300674103,0.116669223706301,0.0251881373295925,-0.275780034467528,-0.0985403810457864,-0.0363137966188682,-0.0793890995127407,-0.125750875910411,0.0322163492001372,0.00857279189479705,0.220554271361908,0.269824853747514,0.303176459224903,0.192717041610994,0.137605623322423,0.0457535179607183,0.264326623353834,0.100463168958904,-0.027196847105307,0.203177035104785,0.0223849929852121,0.144744741116616,0.127442979850003,0.3177947754812,0.0915688846521014,0.13491519992513,-0.279764181813853,0.238140033940539,0.110368260344968,0.0254272112831161,0.0578677504873857,0.115042766292575,-0.303504699679119,-0.131422889383713,0.050099545485576,0.031865938807036,0.0708523945389548,0.239572583676868,0.343657436039615,0.0210341762186508,0.183699774598742,-0.0647679747270049,-0.110818133389284,-0.0203061073336012,-0.00625222744070748,-0.343657141218212,0.12078951750819,-0.0679351487950699,0.0515334391730649,0.100757344619093,-0.116738874380467,-0.0838546042102764,0.111256351983868,-0.0105189153893657,0.0123802740934466,0.222477651185826,0.100867151158651,0.23095571770536,-0.045688995473173,-0.213454925612072,-0.0380527981398356,-0.375885760005959,-0.153070091635193,0.188984591775119,0.0726176298685127,-0.109606346941751,-0.239799542466745,-0.0309873446710879,-0.0673153317853,0.305075758921321,0.449570246957024,0.219727172634094,0.1229920065783,-0.157494753430154,-0.144518714356269,0.128889999136243,-0.0959472703940721,0.104867449221692,-0.184457748019552,-0.153535044157375,-0.125665568706523,-0.0951082283678588,0.118359168370119,0.249033693252428,0.019141885559335,-0.121473155924447,0.10666433977296,0.201230319256251,0.250657325385182,0.13404110999195,-0.207868749251163,0.0272450282076928,-0.244383525808698,-0.0335482241881616,0.025944583316716,0.09921651934675,0.159615971283404,0.0847758000332972,0.0157495719511151,0.180188968211152,0.0974039845286087,0.0748057931291748,0.325972980598125,0.0591331629265776,0.282116385122739,0.177259270170682,0.0637954006929416,0.124478006650399,0.235905183801205,0.220334593559949,-0.0820313237973247,-0.116721442589784,-0.000381222134267681,0.101153802102281,0.0566073268811785,0.176953436360288,0.0478557469558747,-0.0806429489371035,-0.0811840336604982,0.0793955848675985,-0.0696939041912433,-0.24507773979161,-0.250857294248053,-0.328412414825711,-0.00518575670757557,-0.148752129229672,0.155736197978523,-0.135717914258072,-0.063481469836134,-0.214104763610325,-0.0612520479610614,-0.313510220108355,0.0764604313685849,0.123960833464022,0.0729199660945603,0.234902241505289,0.0265262319097708,-0.0137212136584214,-0.0762324451044313,-0.278650125145195,0.105830100492435,-0.0421097638908094,0.0911049833002917,-0.0651044627608558,-0.00247248784579826,0.0518419819126449,0.0791448281113653,0.22947818010877,-0.0208933763596389,-0.0344611585634161,0.338727721279869,-0.0201422184656567,-0.133797013653644,-0.272104518152484,-0.21452202079546,-0.220809990564029,0.0352683917459079,-0.1484724315376,-0.0734021536816808,-0.231080839695431,-0.167163804335491,0.121643847294447,0.131786156883107,0.131303677449273,0.275366906292825,0.13631697236108,0.0975745773824058,0.29212963831216,-0.101940017006973,-7.07753542668337e-05,-0.023631883080456,0.136521010259664,-0.392269715713657,-0.111171362974011,-0.00973197787969516,0.292690145220821,-0.0919950751721887,-0.096442609741795,0.426002945067109,0.109508667431796,0.0808953360752282,-0.0108590703666353,0.319130521458689,0.37345001699864,0.0277400454228807,0.0813159801799673,0.313852208117614,-0.0109628246614142,-0.106527579563764,0.111552768226859,0.103899964759568,0.0854133481415001,0.186995478940886,0.0684053436976157,0.397274742569928,0.230218891595695,0.139126462261969,0.0592616428781772,-0.0807137841485246,0.338702121914214,0.179375388648841,-0.0523201810320621,0.281575721056588,0.158902247967044,0.108486028647415,-0.161071372905866,-0.0860138237555373,0.0284793003751179,0.148895404770579,0.236843246399267,0.162681951709391,0.051603544058348,0.0329143476838319,0.157247887051663,0.178703973118853,0.0489025379693932,0.211228083993283,-0.133468075233559,-0.245183408512557,0.216306849235672,-0.091830803539723,-0.321272485361555,0.141062546526108,-0.19461144752757,-0.0618109703657555,0.13221588889893,-0.128399199018431,-0.123695256824042,-0.0887661211499186,-0.0552211588909015,-0.0130692512421247,0.127289191712634,0.0601602884560144,0.114436184310595,0.112191141135198,-0.00294220214171725,0.0144055158130204,0.0682374563858636,0.165937144430155,0.102753457512606,-0.0185644000931131,-0.0424078428975111,0.111989288668713,-0.00417453508056127,-0.11591864203999,-0.0616706804249821,0.120658081768983,-0.133453085235399,-0.0328868905777293,0.159903763937112,0.243473145107053,0.000337114774828839,0.127088116934111,-0.249533947887244,-0.0725516263037624,-0.0712409872986426,-0.174585801851207,0.177112634085689,0.196269544991645,0.0352253831697468,-0.119962020480829,-0.0526296734448156,-0.0237917968476301,-0.0997769564071575,-0.30606019183584,-0.0672293016229469,0.194455774618076,0.0298074427145427,0.333771789539197,0.211347107327287,0.145328582726454,-0.0260576255964988,-0.250714398712776,-0.277530051361703,0.033259627657348,-0.127753143805658,0.0157325670639551,-0.0907804657179224,-0.162199479558812,0.184642729800663,-0.0400733890251744,0.15377497698263,0.111141091986316,-0.00919323596961552,0.322450626839799,-0.308099116678083,0.0372494821013046,0.0116148774906321,-0.127486672587681,-0.0737215950163339,-0.128987215202461,-0.082512809064839,-0.153230714994651,-0.195732488832519,-0.0869550459216199,-0.010099441606923,-0.153354274274857,0.148332519558986,-0.00027604558836776,-0.166046222247946,-0.350845592011303,-0.0289466234626149,-0.0576231237864721,-0.13841426093639,0.0853347752490018,0.107522541370723,-0.25319199789588,-0.0154939437994825,0.223672824627591,0.136957352292439,-0.159652278476665,0.274245429417856,-0.0730574681613193,0.031126711648382,-0.000115857612818036,0.0175426125762594,-0.0182332998466678,0.0457622923645303,-0.127224548216294,-0.0682697451157167,-0.061952540273657,0.108798171982921,0.212075269959816,-0.0559407417206517,-0.0904934957531029,-0.311312672448942,0.0121514197249317,0.0205121436105577,0.047409287740789,-0.0753726624884558,-0.293242198301774,-0.129984843034717,0.19339883026762,-0.106976477004609,-0.152269076706603,0.0235455516002894,-0.161567610502336,0.258703301189174,0.149126264924897,0.303616964570636,0.107626727550821,-0.24504175106259,-0.113646928224097,-0.129181083910132,0.286508861336636,-0.0215836441911552,0.117253037166351,-0.0838682890424991,0.247722114936161,0.110699868785212,0.165263374734986,0.191689422924743,0.155074131901515,0.1442672744575,0.0116925059015372,-0.071301621975883,-0.218197343790023,-0.107520475589322,-0.119779471012387,-0.00142251245843712,-0.0246781830721756,0.164734985120251,0.331263008053377,0.452176357957552,0.139872622044228,-0.0585946568411611,0.02215287877777,-0.0627304077237752,-0.0226346116788932,0.0897708888309035,0.186354175141914,-0.185435331689658,-0.0636726679919838,0.00347861790823265,-0.182131812334211,-0.0999199362060429,-0.174749123405298,0.0173026921745869,-0.0154889384585873,0.107752500391091,-0.325538596938937,-0.204704318444734,-0.205724942170457,-0.163923211377422,0.22645379729843,-0.121195517761093,-0.0622857334333018,-0.105151503961905,0.0402269872167439,0.0874777632320869,0.00925691266784875,-0.0140717416482492,0.0613157276035586,-0.0731666965596167,0.071895262065904,0.0804925989431287,0.137399275192535,0.205701908663105,0.197561094935779,0.0579415737735638,0.0822178716044307,0.166221341172209,-0.149092476457279,0.00777649271075589,-0.0733150913061809,-0.157110233451574,-0.104117626161202,0.0548663381343179,-0.0526857979430348,0.186347176366625,-0.0815169089313585,-0.118266517026596,0.199001070092896,0.0244482295647582,0.128352945545554,-0.291535505816223,-0.379500091423795,0.0649958200139968,-0.175806076819177,-0.126187096092828,0.0777597606123445,-0.349924284882539,-0.410896475111538,-0.267609568185842,0.0801181288001817,-0.150275892652686,0.170694622470533,0.0490873429143875,-0.0462513539463216,0.0677576359481735,-0.194459643663207,-0.288929449447211,-0.163703897582276,-0.19498848278936,0.312694206326845,0.0219961858504278,-0.158560935611615,-0.00776330802847565,0.177309277873639,0.403749846769106,0.213252658746883,0.219307161503833,0.0080247232787258,0.0784971104686821,0.154041258685526,-0.174236307332818,-0.0899995942507571,-0.048786477938653,0.243872481047256,0.0557778246387589,-0.0648041630272472,-0.142894510304907,-0.0735043844796391,0.0647745807349827,-0.026882088884397,-0.140489478451084,-0.128025735622174,0.0614904648001836,0.239121367201275,0.14214008451672,0.314839173466813,-0.103172397190898,-0.00553668385856898,-0.0215854699119087,0.0604483595745181,-0.0296365449600579,-0.1209874457951,0.0268334870913062,-0.0939363801821673,-0.200533338624533,0.216945566170249,-0.0924574452451255,-0.161285164028741,0.0927264411694448,0.168725461271552,0.0408037156807794,0.0158659927969988,0.0229739195501367,-0.0874993960173968,-0.324194803550875,-0.248089690401365,-0.328383057719475,0.197627037446211,0.0363173275294952,-0.040455242780949,-0.217733791336235,-0.286069007640625,-0.0805411061996163,0.048208318150136,0.126042551334591,-0.0849757348135241,-0.177896136897663,-0.257956621172127,-0.0626041270716641,0.236121940328979,0.00735414586995672,-0.0978905243848959,0.0238814548383224,0.0354255635466005,0.0829583358845496,0.173221226897253,-0.210665115953405,-0.173911748031888,0.0557949291150475,-0.0919737348542762,-0.128621044175273,-0.268478804385149,0.18238457685053,0.244944555497148,0.272336367496622,0.10947325652094,0.10238051860393,-0.0872464753107265,0.0490303929671961,-0.051143189405991,0.0919499399970361,-0.159998923263654,-0.118955359031314,-0.10558517503829,0.309735686782568,0.0958786550758075,0.0390119235216423,0.0769343283290408,-0.202989186983565,0.000626562632975608,0.0789146782131639,-0.0341293969840328,0.0375352562045748,0.0669876417686812,0.149126579360164,0.0695879690373895,0.201121110364167,-0.0486773262178915,0.0658819482813224,-0.0807616643345121,-0.139882700021295,-0.138459902330227,-0.150705597580105,0.0424773323212622,-0.0166083182325227,-0.00858603363861339,-0.317326116679487,0.0512302846847711,0.0144508440889859,-0.34172460180531,0.273855126382324,0.174410264131849,0.0461103451208653,0.244990844704333,-0.0224568472533798,-0.0205115402256849,-0.222395845828638,-0.362949099314676,-0.297898199976905,0.0558334167125437,-0.225446719799705,-0.182300188972318,-0.196396248102396,-0.254662912875933,0.0773107961839899,0.0867537437987694,0.148779511500186,-0.0133012614989252,-0.0473690334934747,-0.200280317830074,0.107647469120131,-0.102065192553601
0.272947572382057,0.0735699217315671,0.136232755023347,-0.130021603646077,0.288809236141233,0.0529432889058413,0.449527430657014,-0.0401890434226103,-0.133065866497071,0.109551308686434,0.144218720807482,-0.123844200053444,-0.225431845995576,-0.144176698312661,-0.364948730309988,-0.301078199085543,0.0908487861338081,0.00169756728380958,-0.466187938502683,0.0866108504954022,0.154787432871919,0.0573587570701869,-0.146433357530641,-0.369740892793862,-0.396653771868706,-0.36845802336662,-0.393071210849183,0.0444640376167476,-0.621499590698828,-0.240289536060175,-0.352943192311997,0.424275326391038,0.258559072121967,0.0597644376307771,0.0315056849078233,-0.132675279948098,-0.610957942163401,-0.35037325206301,-0.30215479153599,-0.413337014852121,-0.153446108319878,-0.212308022474107,0.239861313366358,0.113357254789819,-0.271067996320585,-0.0701814374492893,-0.758937881483075,-0.13444327414216,-0.0489126228055988,0.208287075700746,-0.363742399394516,0.0677115436390054,0.0196321120990461,0.351593211336245,-0.31961367060867,-0.197527102590818,-0.2717470371495,-0.399603697254671,-0.250545342622036,-0.183083934472024,-0.491296910236598,-0.163003223044662,-0.116021697021786,0.128919481897742,-0.0294072051966674,-0.473307738707319,0.124341372075588,0.0645539308818283,-0.0312393377659422,-0.00664122222846805,0.243508936811032,0.127538005485025,-0.134158262947598,-0.0685230590599785,0.206326123155583,-0.0896803941768857,0.156197391081572,0.13693509561428,-0.0740589312165749,0.0331460968625033,0.0623185787738915,-0.173290212183378,-0.327176733261905,0.0528678897938603,0.406850630269886,0.0811318357476925,0.359017333067416,0.12760384738805,-0.146108307591318,0.190695845023246,-0.613108675593784,-0.185881391884228,0.318966242978888,0.478715990597556,0.0258244311277287,0.17132981661001,-0.00316234133062924,0.614861366496932,0.228609862060708,-0.179571489779846,-0.128543645465192,-0.126555489892231,0.196018845052627,0.100876365416157,-0.0336949653250641,-0.21477481141805,-0.212158432988298,-0.437738931603157,-0.0679797473926884,-0.229216659177229,0.16814286008167,0.278080369817461,0.0517006249725664,0.0884055035153875,0.144741845132785,0.300132084673612,0.225584166622005,0.180373374061877,0.240163949802167,0.37172590681032,0.535886969039737,0.0393836607687873,-0.121570217707906,-0.105459557302534,-0.0492211950015605,0.10352152552857,-0.0326859169982924,0.287039777896498,-0.0225011624461899,0.0357733445615512,-0.372033129735604,0.269365955805051,0.0731680163717915,0.242144224994761,0.0398162467910365,0.170708470958494,0.184668609425522,0.123227753722535,-0.0313800702485195,-0.236099532905584,-0.193136229286135,-0.602412953470663,-0.489208205818044,0.0855658902340074,0.164210881625391,-0.220595831852326,-0.32686387124089,-0.121493596235335,-0.37698038688894,-0.263349684778655,-0.369882835801776,-0.0831021398915664,-0.201411773126002,-0.0685313520869721,-0.100942667872435,0.0776068027331092,0.0645729503617783,0.110591069254772,0.0596951871362147,0.0354030665179442,-0.0632591465451225,-0.136061337208236,-0.189773727462349,-0.0739802746259983,0.154555998261095,0.0381061771454209,0.0109139940394476,-0.275973029525452,-0.097586521839795,0.369383937630001,0.0151996223277745,0.4250245268589,0.313567366005016,0.332682144598032,0.332638987041825,-0.167894191756227,0.188577460717198,0.02083346898639,-0.189708154625546,-0.154944112288447,0.0618711566163343,0.0621021160332966,0.115222518318527,-0.161982919304059,-0.052775181642959,-0.00291769470733901,0.161468867738527,0.0482834270084308,0.392695431483603,0.373674133761532,0.19808562404477,0.0615904227204201,0.0297911298627617,0.546279205448977,0.170805351524797,-0.327292438044299,-0.147687197233438,-0.172601023181474,0.264053085079342,-0.19577825174105,-0.14546062085898,0.0605782212871314,-0.169405188158297,-0.17615977066013,0.338137866864947,0.220131597799993,0.278632389460291,0.243421894902985,-0.0862619979490744,-0.119945228772044,0.0881584926265125,-0.374115704945884,-0.892843830221422,-0.369466562681463,-0.207228203480744,-0.176247080370968,0.0495113001118435,-0.102075507264178,-0.0212336639421442,-0.143844177818728,-0.297062964244736,-0.237004575632869,-0.299124681555636,-0.489203711246063,-0.480583214154791,-0.15508464246845,-0.221813270797537,0.241393254530267,-0.0942961938256461,0.10749659640588,-0.084387158972351,0.107261942422957,0.0892024790060155,0.489794322368767,0.301748393410217,-0.155677354560655,-0.14787529092334,-0.310930195092984,-0.489516920136883,-0.391671520891317,-0.498220250793361,-0.187153168225232,0.057260869833667,0.237835265669874,0.363312986293234,0.0745165899872724,0.618858231643629,-0.257156333623317,-0.0549985577788148,-0.265376799319762,-0.173097168179207,0.266877702699763,0.272085108970019,0.0637353426415373,0.108567993050059,-0.150323215709467,-0.154084635682565,-0.255076719248065,-0.481496222885287,-0.334275863604417,0.215415215820302,-0.0270321526381838,0.397685663647031,0.194456476576475,-0.014431887109689,-0.185638374519035,-0.0107370000359965,0.186278216981468,-0.296606835207835,-0.138665395620834,-0.749301119473751,-0.540846799678469,-0.31659095326469,-0.345220254614435,0.0247294804771294,0.244424910845747,-0.099236566810448,0.383037748625409,0.0189882674692802,0.389387258442512,0.253487484779275,0.144985669302336,0.0116631764330057,-0.160453540868969,-0.294666872571014,0.109938214400506,0.0213194219245014,-0.0320730534603907,-0.132726122857961,-0.158735000604964,-0.290889729887827,0.236596018651872,0.25453876295456,0.463517075320838,0.420855935867308,0.0436704516395923,-0.178701896617292,-0.102059296492759,-0.11982873240405,-0.0126019823246484,-0.171634740380695,-0.0204555281194181,-0.217749653608796,-0.383388857758707,0.0633645370931944,-0.677145070411167,-0.153564398722431,-0.379768136245083,0.128742689154579,-0.229136868867424,-0.136258111188934,-0.116195618704424,-0.151145196611779,0.06414179491341,-0.278679279152449,-0.128071704186113,-0.346482341018866,-0.0454152741317426,-0.171564481247122,-0.0706887736674773,0.0544806486637117,0.0330384731501155,0.0796408970438002,0.42035323720421,0.55995365973265,-0.0464156746960555,0.0607738553598908,0.125487218350935,0.0921450523223177,-0.0526070750666975,0.20725900547557,0.0192277117333168,0.111675636805618,-0.0672354749532722,-0.310371169520411,-0.183703151493667,-0.383863845808738,-0.256617588852989,-0.0226821718502813,0.0603017447642421,0.0676424000387659,0.0286969014261684,-0.0676886181301677,-0.235238673033235,-0.0237589927777698,0.0355632987605478,-0.0512585652715072,-0.291695030791875,-0.236730485482023,0.226242664002077,0.062330605129127,-0.154942493057573,-0.0134948236904054,0.269149912224433,0.604513024789523,0.526246457985264,0.40538679601796,0.0520340523042663,0.101876920716272,0.126212813661688,0.520304282464446,0.15081490193363,-0.456815599078711,-0.321561544485075,0.166344406700592,-0.377725400256287,-0.310357938283452,-0.413383802473996,-0.307168114699793,0.143552602277913,-0.0794514968338654,-0.537514501893385,-0.0739214704293896,0.244783029889574,0.218964626448936,0.102048714595448,-0.172268062776119,0.116381706363887,0.183312697085766,-0.0417834553337816,-0.0806373094488754,-0.405149342154297,-0.333025336178909,-0.409751405091527,-0.347817784340326,0.0726846086152313,0.0701277030139845,-0.0154115598146736,-0.143717393420506,-0.0642930387098944,-0.167086521892099,-0.350997483386603,-0.112639876409553,-0.29811405150567,-0.153426058324575,-0.477669450015571,-0.435702344983021,-0.140607720344769,0.0216897439071886,-0.0293442416675998,-0.139421687798527,-0.185577863623037,0.0622873959280792,-0.22883561711914,-0.212100009261924,-0.0350561951658613,0.120466871740706,0.0153941366542484,0.0614476228486464,-0.253082330356969,-0.779839472707019,-0.495064865828234,-0.167042016333321,0.101124581503774,0.0460855215697127,-0.223168033612358,-0.0531637543711039,0.00179785794882578,0.0849259948630565,0.13657188435853,0.25322318885914,-0.00755548951756764,0.476908225020704,-0.220298394406089,0.139587083631836,0.353039166049607,0.028371848480093,0.29815280077988,0.409091402483614,0.0345142601067424,0.265084394766281,-0.095306577342897,-0.0556284614253773,-0.023448554990709,-0.242416122983085,-0.0179564437630866,0.0629951401453698,0.0684417316813189,-0.0261528905273761,-0.527755686773229,-0.0740850211928635,-0.314159701692693,-0.24926577922828,-0.1144773200843,0.164766463116479,0.467161861316077,0.171589521267413,-0.00972130145403955,-0.00210951314190256,0.202747814454084,-0.401680539904503,-0.147297157915478,-0.128584213840722,0.032935386777241,0.198215049592363,0.146075078908427,0.158267478706376,-0.0430457295556799,-0.0361558898304595,-0.219290676430879,-0.1239895570284,-0.0235318995948265,0.0530720154212866,0.0258014259986739,0.0616527483888167,0.42243838125764,0.0877316840758286,-0.048120890903486,-0.29025269789928,-0.18101400402262,-0.0675568072406239,-0.187801667076501,-0.198089928933569,-0.0229312151480287,0.124867640137836,-0.0949808164032236,0.234268049168765,0.24313064138609,0.413494789639256,0.353074906421159,-0.358755730038333,0.304365084661481,-0.097816739903184,-0.0712784386445708,-0.27385328784111,-0.431232602828594,0.60326912964789,0.282109242253946,0.341060365445959,-0.110117577575668,0.306750798730396,0.409906992229179,0.306562811650749,0.188091147622417,0.179932350951393,0.174424787844184,0.0852074429718056,0.315816515195925,-0.229912030373003,0.147990111091727,0.255917528302802,0.660159625509719,-0.208052043356805,-0.165040244212818,0.0946306456563241,0.269864555837006,-0.202390644501396,0.0892159085757797,0.00510747832201942,-0.29547573753622,-0.164535802857885,-0.171219333007634,-0.517853324181719,0.0263062279021608,0.0576668831322124,-0.00256294125097836,0.111633857648614,0.0682646923725501,0.0805581283271617,-0.176624440591,0.0926883200025948,-0.0243123282653855,-0.423920279275837,-0.268958151084373,0.0798406990893724,-0.106264945527321,0.208435503686231,-0.0575908047686315,0.191627005762648,-0.020643390921804,0.0705362815510423,0.71012708225403,0.319274877763452,-0.467207485329439,-0.260741485339257,0.351404593058476,-0.154316322584995,0.0822399233570667,-0.1904524167722,-0.329715599380313,-0.451080429175397,-0.171255702230138,0.261201634286047,0.0885776316804296,-0.167683618319628,-0.359353206445757,-0.235697519621753,-0.452518033253216,0.197367433049869,-0.139678849409444,0.00245653163474718,-0.34682449100648,-0.429083866630456,-0.317942238792718,-0.239874079482827,0.0240783026657408,-0.0367252261795749,0.325728146696945,0.217099157843704,-0.0436883372910371,0.0422061063617593,0.100187152444147,0.125023903621361,-0.646040589860904,-0.512840410953428,-0.031927596663252,-0.00169396988750078,-0.292675891819149,0.373622778760541,-0.118514522058877,0.145478434677068,-0.230930067005941,0.189494628977626,-0.0358892011712524,-0.171822780678603,0.518823663246973,0.32458095542104,0.320527492109711,0.0664262848180305,-0.215514562211205,0.105396028789689,0.256376807607647,0.287456154990005,0.0310136949868596,0.0990323696021584,-0.291752684074483,0.136964354609344,0.244073025729799,-0.0897847565296521,-0.0275665656113663,-0.0243676403034209,0.0726216787704727,-0.00182200357233018,-0.284978692695928,-0.0628298570989702,-0.16224906923292,-0.460846061354946,-0.0410386549673922,-0.216761753531083,-0.420775470271452,0.0869867321271454,0.255297695662852,0.110178309025217,0.0777593260864138,0.244509248681234,0.262580962101231,0.141701244133038,0.035667271275114,0.0692706299870822,0.0329180676274848,-0.359537811028408,-0.159451057423751,0.246594500906831,0.023780162054907,-0.00601814855303774,-0.190269782878631,0.350026045151859,0.256367725490699,0.188437810336174,0.0661643199103017,0.235226229496149,0.1189786312478,0.486357054736658,0.172678998219432,0.355308592795321,-0.174262445320124,0.240603978013096,-0.120772054321234,-0.124219666916617,0.107470727945246,0.20247845802081,0.259101462287923,0.469782340248165,0.388087558873514,0.216448805578902,-0.253996617856092,0.0865063685128982,0.374632884441225,-0.00194316447543749,-0.590322297259483,-0.355485432100471,-0.0985044801499865,-0.258481759675171,-0.332897104665602,0.170641664462098,-0.0648890976833302,0.219993814341098,0.133797207406943,0.0472767183860397,-0.569127332349954,-0.195034093983824,0.0643960377018953,0.0911769272900837,0.180796803663114,-0.0150546040084499,0.150145674583912,0.0206892778304599,-0.0726486150911473,-0.37668022117955,-0.181384639006898,-0.281520721179767,-0.742819250229475,0.0429073381364477,-0.234749409509616,0.198089612834132,0.0263896968284772,-0.062569179579049,0.0626104705589973,0.0649703302948699,0.258613367466614,0.304650322608343,-0.297476104985432,0.177189173715966,0.119367192969058,-0.143248588214634,0.0969772253164908,-0.0163820952921493,-0.163069456480316,0.156114747854171,0.205329441446223,0.412631867909928,0.505166650577399,0.37269296641011,-0.112400504332308,0.0380302256795835,0.125292580801761,0.0695240969551512,0.292019701208958,-0.177248751273314,0.00196688347658063,-0.131370750897094,0.231356033130452,0.127478106556161,0.420801531716515,0.128813558292444,-0.135805220622834,0.0926324576061942,0.22435823420925,0.089549078657697,-0.406187855127539,-0.210248238130762,-0.386475860786371,0.136270426406523,0.31966927596239,-0.169345442063228,0.10506207927154,-0.019586703223212,0.175990930248214,-0.187953753998874,-0.565783032789884,-0.565420602614814,-0.265824507815094,-0.1060284367749,0.240435763227329,0.0472839630673608,-0.124657323104051,-0.050370492987832,0.184638575928624,0.174070565681207,-0.114810655867748,-0.441240379303835,-0.235365399127582,-0.413937780915179,0.0262737633571495,0.657113673877417,0.0394502972170627,-0.0388156659630644,-0.134156144185146,-0.151399364272198,-0.167035455513632,-0.219152611513612,-0.250035846743516,0.033521556713437,0.288422569907402,0.19336539193477,-0.208150880641011,0.211843130432903,0.442354256631827,0.0320058101158972,0.10435507492018,-0.147410624205817,0.140280411781148,0.286785559591685,0.275770650373438,0.179946893374034,0.499919249634897,0.192756216037858,-0.214293462048656,-0.0847094247229776,-0.260942798358051,0.0505839497522043,0.269817298371141,0.660699097565005,0.550576183446803,0.465067139998871,-0.0979058700231438,0.443615799714226,0.522755858901609,0.151170810375623,0.477082388714749,-0.163396856183491,-0.181626260590917,-0.180647982670561,-0.110761837204017,0.111403420935654,0.192883777472974,-0.00808985627130633,-0.0216990148335539
-0.386061448716992,-0.138321419757257,-0.218807574891067,0.186211228739714,-0.0440553985488607,0.0999471715399958,-0.221493793803175,-0.241501698455386,0.162467494158269,-0.452124198686874,-0.12856158506495,-0.118350208056162,0.282170229183182,0.114697532544217,0.344525050586744,0.0355686723160007,-0.358949303940229,0.0142955983847875,0.33590506536584,0.0280618270607284,-0.33375249317086,-0.103521263920716,0.132362393865719,0.063973677297072,0.346888067509671,0.314704446621456,0.355003343003267,0.287045416880867,1.04364541883254,0.600398307737704,0.530552790912631,-0.344525045364486,-0.306756795753974,-0.142661221798916,-0.244049011810245,0.211003324170283,0.820172173809608,0.53956747365309,0.504202647965504,0.424734324348075,0.0477426969716203,0.48012526045131,-0.221688297471842,0.254466989063736,0.340581186655259,0.0276439374548887,0.607553016721666,0.296252080475406,-0.163503465599831,-0.210554639738789,0.516416064042928,-0.188605722679304,0.0700974446494531,-0.382550440537933,0.23398197464454,0.384683592235434,0.531615968205173,0.570580813997651,0.185769343078777,0.193848306097341,0.621220026741081,0.137686078455639,0.201699360764681,0.0238423027056375,0.149049910479595,0.726944063600568,0.0455935149629465,0.0947840796105914,-0.00214416259496497,-0.1141796500355,-0.257189277028681,-0.12578238461031,0.198496126264092,0.176967230999742,-0.126401231102886,0.00687997205202986,-0.141906387940282,-0.423237415295303,0.128146453265354,0.0705651212838612,-0.00802472719143699,0.410164650497123,0.0643966078715678,-0.038785291361382,-0.238296572055469,-0.0494978932721496,-0.345988618707586,-0.210522722508083,0.107522239520823,-0.08613212845543,0.788193276792579,0.514676679488197,-0.135614729461027,-0.576366220942717,-0.081606861152904,-0.0285931823750144,-0.175155672908177,-0.6226350894748,-0.220850906393424,0.290314626375191,0.216265193828467,0.0100473240750603,-0.226328935306216,-0.101685101229886,-0.0402438808072061,0.541543090635491,0.423463853807384,0.661370131135919,0.106291456154784,0.117025921790189,-0.328268732660607,-0.574522881966925,0.196172240944691,0.270125879689121,-0.119213851721254,-0.427344923971749,-0.321722879047323,-0.188939965551872,-0.0486287600182904,-0.604798102396877,-0.726687260812681,-0.00214512961173513,0.240949204535152,0.42770313875335,0.168996899843949,-0.300132523878578,0.019422549406671,-0.193041260812161,-0.183576350020784,0.0742797451775023,0.67852724792224,-0.226295563930895,0.0198551845831843,-0.135744705639237,-0.118568700817449,-0.302013779042554,-0.332346264614928,-0.110244465121614,0.223113217741617,0.010600268833542,0.296522595157384,0.584129417478328,0.582192815685767,0.0175527034300536,-0.142913693070293,0.0185947709233267,0.238638871205107,0.26985308019629,0.361552977581496,0.237291079178434,0.172872581716296,0.167690979397538,0.12312301193591,0.0468245335327976,0.135154090156557,-0.415667492708328,0.0884164541798186,0.173244655744716,0.099955755848336,0.170876157409627,0.113017026954199,0.0517026000799798,0.29838572514835,-0.047894850087912,-0.0258789163676133,-0.0868824696339877,-0.0972863783216119,0.544513599592957,0.225655179377067,-0.255783677587349,-0.0679640328590341,-0.4891068181334,-0.311391710374131,-0.443852497620325,-0.57364215495498,0.0243203669608815,-0.231121326779714,0.118609790505054,0.270124947429691,0.333046199652609,-0.155678965811714,-0.107712460971991,-0.24578793489392,0.203721321915955,0.0655118746032341,0.0242259202832896,-0.222539930042097,-0.0569386332160083,-0.752235037892608,-0.450368084435692,-0.340177782997554,-0.0726381673327845,-0.00342485484334012,-0.593341257196226,-0.500171562195901,0.247870226697762,0.0936568062196037,0.109873578257679,-0.24732474462185,0.23124526427516,0.130620600649895,-0.0302056884527908,0.290367830144834,0.194407600947159,-0.648259562984129,-0.231062542921597,-0.618793678323331,-0.753201887798445,0.0522718916376198,0.0268883550251466,-0.161920360549891,0.685409738894982,0.953870446630772,0.424675976465695,0.533228760217151,0.071467072267226,-0.00498006717908356,0.330231385841886,-0.025974040750071,0.108462627443745,0.507214339843922,0.0611980446335696,-0.0257468908343146,0.38392612445738,0.681609670946567,0.229362422682362,0.196161384195675,-0.345271916126139,0.156152947363523,0.00762904002958242,-0.207859458206901,-0.00740718616952096,0.0475032307023112,-0.784652426395725,-0.268279825728961,0.0209063466583077,0.297082271904737,0.312593575763014,0.748561986023461,0.529519430037121,0.0255981156963129,0.198115492821083,-0.049337305056518,-0.245346324573241,-0.474942304438631,-0.150607485917432,-0.605036171890846,-0.0164836088007346,0.143241076592378,0.230018704803082,-0.0264574689727835,-0.404362396847766,-0.428058865507982,-0.053595923949155,-0.0973871777829214,0.0310715968203961,0.280978795707895,0.622695371279173,0.439544112897631,0.454370786942158,-0.333357505560776,-0.194029744996574,-0.524903131348125,-0.39984189285895,0.0389638851711662,-0.0723829813903384,-0.161690173067351,0.0179818803395281,0.422323313405652,0.274235577271715,0.87393127569368,1.06649785528653,0.506318630824159,0.532097744235897,-0.0404968600322789,-0.0850696437552015,-0.120132802737268,-0.533507649724621,-0.113816708590158,-0.461490884679011,-0.484950349840389,-0.237433162256102,-0.236956305501925,0.356669766174861,0.267123357624108,0.0786289192392622,-0.188853901537879,0.163773852931233,0.228194996806377,0.409099418323406,0.499785884343114,-0.324359263130126,-0.316323776548112,-0.465875920569752,-0.206412752110311,-0.0364201171411844,0.482106160074901,0.319727460154501,0.190574942230005,-0.307316924520751,-0.00870663866349236,-0.150183353541628,0.419146016909489,0.762983106869079,-0.0800725334347735,0.911835489728823,0.449633258257847,0.541998498687709,0.232722506042045,0.180588442700602,0.244053852126014,-0.112417731445729,-0.18525127702015,-0.225436969867328,0.292781103479343,0.214150054647044,0.36798531511264,-0.00649854590800392,0.135814640988531,0.10143611503226,0.2302471046803,-0.118349573013509,-0.107080729685535,-0.666921942024137,-0.543076739139115,-0.179035847813458,-0.193938624167155,-0.228878246999534,-0.131768765037217,-0.200482661180165,-0.230274057968184,-0.156442635260154,-0.424789445207603,-0.0376991327732663,0.245951422651425,-0.015565564375971,0.317776532179717,0.287513064685786,0.228110244626203,-0.311611956052085,-0.534505057925945,0.0676420945847677,0.14714644227749,0.390463893935843,-0.118627642991991,-0.400413610259852,-0.115038661479163,0.269963478057351,0.406502086156235,-0.383185541134413,-0.0694456763816913,0.38065986777883,-0.0559238187912912,-0.303382507068575,-0.633832948582231,-0.532030416445332,-0.599588642388574,0.181677323035519,-0.289930606616235,-0.0635828225650142,-0.471872635682461,-0.283960285820081,0.532635830956531,0.292718189242473,-0.0567541640147178,0.577769550628639,0.420990444693833,0.501644960592624,0.120140283463491,-0.39371123036068,-0.011878591193572,0.610755890446946,-0.0093018853600624,-0.518580589258453,-0.261445398599474,-0.101521261933078,0.337576764956499,-0.482007773362684,-0.444184289834306,0.175575641154338,0.201902825362781,0.349883839290996,0.368962752035835,0.857761848363211,0.518759680606413,-0.194431962927533,0.0391412156280631,0.318287446267824,0.148616469971139,0.0152173740675348,0.161782924429356,0.549618480952292,0.276128829376692,0.486894910402955,0.0466350808132018,0.786837148190401,0.595059313420955,0.103464898975809,-0.0159618711168892,0.138735480712919,0.304311718535702,0.252980264690909,0.113046107510271,0.158006813506557,0.295369300078136,-0.058812986173575,-0.256665690085781,-0.170928072427909,-0.0829960932749739,0.446216098687313,0.625715222230292,0.449303595043626,0.0402662493484495,-0.186728694600159,0.0781203755561831,0.176880123625326,0.0671404569242006,0.369741959719183,-0.075805560236018,-0.186162134127286,-0.253989104013473,-0.255020397550978,-0.498845864917966,0.0823259003568595,-0.0428335256708476,-0.196350560096588,0.0944932948925416,-0.127140720937851,-0.372421451868281,0.119718327669971,-0.421875944047702,-0.0735010702461661,0.281482916165924,0.140972774843011,0.307366804663054,-0.0798080372992944,0.084639017055597,0.0392889843925085,-0.0102102726139909,0.789608720210595,0.133311253596989,0.35382398542424,0.29139847264787,0.0731206509641939,-0.133672465558104,-0.370149796808332,-0.0697998051429038,0.0109131803923846,-0.0347058483019844,-0.0969247853484868,0.599092964669102,0.221333904574603,0.430361163687259,0.131936658783005,-0.2000432297793,-0.296038300599155,-0.476262582523132,-0.0704756807254407,-0.0409720010768916,0.709957807338074,0.370759388686969,-0.20836820873826,0.0998610832213097,-0.0594017429738802,-0.372545199449527,-0.497371693775499,-0.112280763704137,0.115984870902856,0.366060067500485,0.397921711082577,0.0855769735364152,0.191466573134692,0.146057818686653,-0.0317274210281152,-0.345041983951041,0.0625060528163486,-0.442415753342547,-0.254296254766609,-0.412193148205705,-0.378981152324078,0.463174777540714,-0.123594248346555,0.332376611927039,0.163477869080423,0.351650346500495,0.618279725368199,-0.625025325223789,-0.245292329033601,-0.280055351748357,0.0213428280331916,-0.280963408093809,-0.455132968656013,-0.0972061433208913,-0.537067433559914,-0.217781299050375,-0.218654472549681,-0.276847014333975,-0.426277530215733,0.0602131500523834,-0.147021558127908,-0.13829128607913,-0.843653285420764,0.251076295887901,0.0357603497349776,-0.277222558984351,-0.352690013809153,0.477215474485474,-0.22241051185746,0.017517223887281,0.502373578010145,0.459371538763071,-0.0855878821370344,0.351952119535649,-0.260986865369729,0.134651638196332,0.236875328084423,-0.1539209857247,-0.044654683962165,-0.240215442162105,-0.0215821342714481,-0.171635758612668,0.230515278770032,0.457451726639474,0.39908853021535,0.102058818930274,0.0346683616664436,-0.443567023208652,0.0444378241388389,-0.211255055303675,-0.00917584070739609,-0.179796836272354,-0.904639716055856,-0.266961120398919,0.272542529117979,0.224401171754586,-0.276340059820096,0.191314961510416,-0.232925289663251,0.310735938699702,0.633834752375144,0.348723386543923,0.174470658836056,-0.249668962868095,-0.00470039642020803,0.0335521003394434,0.555018324092771,0.48133572431052,0.504510107447938,-0.330291676141044,0.179415800704685,-0.0652709922051022,0.421564974726319,0.583212729815818,0.271328787422511,0.353235224612595,0.270624334074835,-0.00986157374167282,-0.515199209892671,-0.288778315298601,0.00904876542935405,0.21342981763067,0.029088141778467,0.119187851949012,0.952498528563178,0.728586377352934,0.212885861857028,0.21654153870607,0.113612973631082,-0.280573233578015,0.238826485531178,-0.0747194782680229,0.0863912242052438,-0.406798671081588,-0.00449111512628357,0.10290192102783,-0.719884649139917,-0.630439058735008,-0.440525070210355,-0.00920362486150463,0.318168658843133,0.026214540646989,-0.478822917714218,-0.292954245695797,-0.215992632787723,-0.227824764060613,0.228041838024326,-0.220248199300727,-0.323786174255161,0.180906323873927,-0.0504297522254647,-0.0348277872342432,-0.172301531725838,-0.141936449930294,0.297127353192394,0.00578197058072359,0.168972493529499,0.585677734764556,0.566770237119853,0.532642715599235,0.539144011260854,0.197540966806647,-0.210334635424012,-0.048631289805552,-0.19207417678252,-0.14814290358062,-0.246739118339709,-0.287109593511052,-0.0824887202272142,-0.170218305134094,-0.0801231753055504,0.33157806545489,0.165825559018342,-0.485303630941502,0.116409374959656,-0.150246253587234,0.155018288486576,-0.522313273626167,-0.358149148781296,-0.283569195758109,-0.257184264377923,-0.232863831237043,0.265356044051615,-0.641940738418565,-0.28604479036776,-0.316738973751655,0.0719047287673009,-0.385099055294007,0.285902581487031,0.379647531558403,-0.06608645397241,-0.150589191694433,-0.37326251182777,-0.421397386048913,-0.599237705428797,-0.0901270919755318,0.149856536129469,0.186168779525361,-0.301873330909975,-0.246175161113403,0.710374339434418,0.698535017591953,0.228959938239711,0.12174095000048,0.368444828943152,-0.0233575769134085,0.184890666234427,-0.236033464948718,-0.369474877514258,0.0412576401541731,0.602292536479613,0.578770173564927,-0.117846235872787,0.179775351077196,-0.326949880435171,0.136905641714519,-0.0968610448998651,-0.0593287857268914,0.0101649743887738,0.355902768562765,0.424468824681554,0.183975157630983,0.877974573857,-0.0452241666196301,0.0990522039129242,-0.169650419813657,0.00512561661618948,0.00669110940193029,0.0322228328995274,0.284408418925504,-0.346058912818361,-0.385968374932102,0.16526197782445,-0.307275731403069,-0.500591576354152,-0.0848748575539106,-0.0758024084515081,0.0337849966828075,0.206403076765825,-0.095938989898739,-0.328462629813777,-0.344944750418064,-0.440690503575649,-0.471148734527362,0.160617323159055,-0.16513700086863,-0.0637818973327714,-0.151607216176278,-0.221714508125703,0.130989996076705,-0.0790311283794449,0.208856039714876,-0.206146012147962,-0.129538662908303,-0.393326443209303,-0.299445337302875,0.308925993773446,-0.0481983428128476,-0.206992146797239,-0.178080036825885,0.335806028790157,0.32204004710564,0.480782659491707,-0.20228354422117,-0.301158913340544,-0.0418739711472576,-0.0284068566315002,-0.189234417913198,-0.44613835385021,0.155283137454774,0.676489815740446,0.709948437189884,0.364473053508271,-0.0220495107887938,-0.325962707308659,0.0262350555556238,0.0582049470255922,-0.045425395176265,-0.213627621798887,-0.334482697311626,-0.0255398524582461,0.634129679194304,0.0973657301802142,0.434906596202924,0.143156072860386,-0.438015264137513,-0.0679594505133659,-0.0458614559244545,0.0920114046653229,0.208641786784253,0.0916415972102746,0.11622441314808,0.421575453844262,0.139872121912397,-0.390167439035879,-0.240696803607613,0.301983213177527,-0.213049535937684,-0.228487754958509,-0.00670570032755764,0.0471279876786612,0.172261009700685,-0.171013004106925,-0.38463604293193,-0.566575303144228,-0.361185345086021,-0.552244333186311,-0.0924171911331717,0.389351778311621,0.270804226120453,0.172879804572981,-0.0344632735638871,-0.409394998752209,-0.582542707841731,-0.582883859200925,-0.497958970236561,0.080484152203711,-0.689316915839152,-0.724153056692293,-0.270076560640926,-0.381352266748014,-0.0727752714144723,0.251522186805714,0.49558154090561,0.0231872494519615,-0.204823291441759,-0.249842409958726,0.0115554386092674,-0.024119709806442
0.000102950578018172,-0.11850817580074,0.11878805863558,-0.0804497737921648,-0.211355886236701,-0.237570522594892,-0.186619250673667,0.106245931073285,0.0384915027598085,-0.107524855428667,-0.0309247223754773,0.0950838350036672,-0.0348516699874107,-0.0213444797406941,0.0531319729028103,0.0485141492340988,-0.167052454986596,0.00886928513004787,0.14691025007443,0.0172917155461956,-0.0495592644876219,0.250257579830934,-0.126311718175264,0.136803965045421,0.0872160623299376,-0.053072929042274,0.0789146698540363,0.110592159049961,0.0340963119887939,-0.090739872505215,0.0448488582275484,0.0729547243318877,-0.0879342514973062,0.0525925921429349,0.140698738823168,-0.0826289581409822,0.00527995430195039,0.0752063862128316,-0.113544011150713,0.180507665019994,0.0846049435576779,0.268914357151258,0.0812675451698919,0.151679135501384,0.0844142909890929,-0.00152771057183106,-0.00460994303210856,0.0332310620175895,-0.0139417497748402,0.0472472114091202,0.0832772017300396,-0.00251325149543481,-0.00506789690788181,0.000652650199027752,-0.135679371634301,-0.0220635050771558,-0.0314813467108079,-0.166474671072578,0.0109169683747544,0.0163430087265154,0.119251118220394,0.0421021059954682,0.178623278675157,-0.0866607949371041,0.05109138884719,-0.0287521461455913,-0.0414976648369112,-0.0940389343366023,0.00341914266151617,-0.023193402866244,0.0798911577635224,-0.0857390099078732,0.0801039013922306,-0.00697227769333637,-0.0874855372885739,0.0501580649575645,-0.0627222458578321,-0.0104500499536294,-0.149037420305268,0.036602243917448,-0.11084136522438,-0.0526664116540192,-0.0881163890206593,0.110203011530018,-0.0561876116205598,-0.0285821647310173,0.0843135236653487,-0.0629065697651732,0.11281315194694,0.079157239554605,0.0414961772099638,-0.102526093349121,-0.192483844880219,0.0750797494051738,0.039383355916425,0.145749747651931,-0.00655867809029542,0.0314214501873826,0.0307138040163594,0.0668232676011019,0.0811889772346491,0.0375442935512442,-0.0977022373065839,0.12503217806004,0.0548333801567522,-0.000461234359515714,-0.00852214469726286,0.0411992974142979,0.125352323334707,-0.00784376907663865,-0.000802405260819008,-0.243962004962464,0.0903772289734519,-0.0937585310635136,-0.0529332356925364,-0.107132446918882,0.0141090776084584,-0.0607474972675594,0.0228091713235912,-0.0182491020907666,-0.102778863561641,-0.0241011546194079,-0.246102173299874,-0.0753094912266966,0.052711991442197,-0.102884754088109,0.017593599966309,-0.0360340754698253,-0.0171709328513934,0.071154213222488,0.0598826509810245,0.0323839168825134,0.150313175912045,-0.180750779116831,-0.169940675573119,-0.161514211280313,0.00256454881991327,-0.138175764190573,0.0498846608074085,-0.0939596091445492,0.110619883268745,0.0947479735114316,0.0846008882012365,0.03942527872595,-0.16505859938456,-0.0646573344905134,0.0694879913647272,0.0251579901547386,0.0964212686498738,0.0878090581849224,-0.0204896022483356,-0.0887364339734895,-0.0198981335398987,-0.0703715489195377,0.0652200548812868,0.0283126979916388,-0.224377603045888,-0.0729223533928248,-0.106247676709961,-0.00700616629082123,-0.00657401737175074,-0.0491646293458879,-0.0551322555631793,0.106233016454844,0.0489970073925413,0.0258539418920956,0.0189393764679428,-0.00211401517102994,-0.10226857489724,0.134046512308277,-0.00271948276158523,-0.227549398970358,0.0130939350865375,0.0220424699037893,-0.054865875070835,0.0181893788798758,-0.0888175366929743,0.218459633377692,-0.0442464819138164,0.0744219849072018,0.0186502723794289,0.0338458185611235,-0.0937514088984918,-0.047775978283308,0.052831453953669,-0.0902220443072348,-0.0298795159062654,0.0314009287006253,0.120878823363307,-0.0531612584928504,0.0393866813204875,-0.159146285293368,0.0278795038566351,0.0331578865507328,-0.099471768855517,0.0633420078101245,-0.0396554518491455,-0.070154944202283,0.00977965258324133,0.13615302756511,0.0351758661773742,-0.0403145451856926,-0.0540362241938982,-0.00868601047384843,-0.00756679284576011,-0.0143915532008592,-0.0236297676946679,0.0643614151328745,-0.145287888264298,0.187353748599188,0.0373604155536599,-0.0333775755997437,0.205163488502759,0.0755007300320592,0.0314441611176613,0.171774231800255,0.0604510894606088,-0.0105167327636448,0.176154799983661,0.00381095688254497,-0.123627129290071,-0.00970029078679254,0.0254469773855992,0.0771733914006721,0.0735552694161964,-0.07369571875252,-0.0292714721335012,-0.100430145242323,0.0450173038847337,0.103284014055506,0.107343495869939,-0.00298235987939104,-0.11641580287788,0.0523158607888925,-0.0153393130363038,-0.0313223617502716,0.0751587565597846,-0.093973492852511,-0.0265735899687857,0.00735430339681008,0.0244340885087098,0.0236824080428224,-0.0767461425012638,0.0488724629477622,-0.0797582940737385,-0.0832594599202632,0.0962602014652086,0.00202773175954425,-0.0480880931889361,-0.0807927127954479,0.134749441386037,-0.0396272399199453,0.072203191320387,-0.119933537628253,-0.0834167328294766,-0.018768646550568,-0.132218426824877,0.122395849271237,-0.0550176894193958,0.075885792657494,0.0470672052269278,-0.0249512901394516,0.051511589711328,0.0138296533763571,-0.0671871356009751,0.243491958532359,-0.135924871325804,-0.0783089674000417,0.255661740541085,-0.0824700745228739,0.0802149038252722,0.183724291231222,-0.151731660652205,0.0833856119787129,-0.133758588925255,0.0332989845653478,0.10257869646401,-0.134351460951876,-0.0704402191261093,0.070049593225901,0.079214786559877,-0.0738604829400887,-0.010261944382706,-0.104564150976719,-0.0363905186218206,0.000653347048218246,-0.164068325120556,0.0153630837626339,0.151212380924063,0.0549809206511158,0.147167213082696,-0.108762501077163,0.0618267383051192,0.0470923873700082,-0.100765731423242,0.0119067380712529,-0.0861490335710143,0.0174921296121644,0.0972035275924416,-0.106183298928487,0.00495740482129134,-0.00931900060806662,0.124935129654143,-0.0149415235464653,-0.269354050499531,-0.108907621918107,-0.0956920793255768,-0.0257076598834855,0.0761718383189292,0.0774769575573664,0.142631147488946,0.0145357681416145,-0.018803346017099,-0.0619842827657869,-0.141745147227616,-0.0031045228929201,0.0445049760574377,0.0637502380921015,0.147048072316381,-0.0638455510259295,-0.0796719759677637,-0.0588854861704406,0.0993794399671355,0.0720878944086685,-0.0545257258508628,-0.0402338882325412,0.056545596408237,-0.0699982479165075,-0.0744107380169437,-0.0015073737236741,-0.0112847918633616,0.156226591851564,-0.102667512912092,0.109628906554008,0.0288795799942452,0.058744226322349,-0.0904983969647662,0.145933637078824,0.100240342796213,-0.118309089777168,-0.0250199581183422,0.00698559821369162,0.172532250311367,0.0674400979057206,-0.0709771510510844,0.00881356573027805,0.0593010450465779,-0.146944934806302,0.0692543318007376,-0.20542830731958,-0.0184743779514249,0.145412234410046,0.0294461439438136,0.0278520800240256,-0.00987510849790387,-0.10633938863667,-0.105545425519087,-0.0174670512385971,-0.0691078995579279,0.0387554777204931,-0.0264158086857471,-0.101307604880813,0.124476010268203,0.192841204935343,0.190387113787926,-0.113580310556903,0.234580782588223,0.144226855884218,0.00466037387828668,0.0597367070865403,-0.0329313303297852,0.0194061929510245,-0.122141121740758,0.233205679199105,0.131822344356832,-0.172431251777734,0.0691165980437207,0.01978843195133,-0.0678898412149222,0.131678618766076,-0.0330551243620586,-0.0165884890575181,0.224585813552999,-0.155438726515933,-0.0117640096364897,-0.0153840268551633,-0.081024767247788,0.00739659661680927,0.205612594103585,0.0523779608714904,-0.0573229735281462,-0.0471926574531463,-0.207916484059313,0.0458157761824686,0.160197911274814,-0.0236554986379087,0.00232978982751322,0.0212705064446468,-0.0859177009346962,-0.090275092919625,0.0272400681981723,0.0234333506731638,0.0987647529446657,-0.107042658497868,-0.1534962071943,0.110420750635555,-0.00357893898710837,-0.0204638558727855,0.185233582533722,-0.0501495992885682,0.0914479881767821,0.181383881344918,0.122856861689728,0.103847208733673,-0.017916833607399,0.0134378375423567,0.0741425907208444,-0.0202091448517405,-0.0614925665757871,0.183284543049143,-0.0955936347085498,-0.0315427145232958,0.0207609026276377,-0.113998381769061,0.0071035160180036,-0.124578768993764,-0.0348306988419199,0.0196747224043643,0.0454182230621197,-0.180464805054305,-0.00910118051901281,0.0829558626665763,-0.0874330906031018,-0.0678789235397322,0.0289325183719592,0.023182709321629,-0.0882976515524442,0.0268414656874734,-0.025827780593063,0.0355060885559443,-0.0420025638881287,0.154294347782133,0.0614569252091905,-0.230440095721987,-0.0981815945958944,0.0801405519979521,0.0468897047921338,0.0736725322937069,0.0602316101349993,0.10067153983964,0.0366892993451404,0.034768832206831,0.10425731127272,-0.0387319399888949,-0.0524914408784398,-0.134510412191053,0.217407340245748,-0.0703978636558541,0.095203770424629,-0.103960600371999,0.0466744072188561,-0.0713969224737517,0.0620791612961615,0.0156732127770044,-0.134699127420479,-0.0462420562280192,0.108545269968983,-0.0998588896148584,-0.00548447479505827,0.0121027802818818,-0.0784308141189006,-0.141218660288495,-0.0613797428627882,-0.165070392878349,-0.0202552432352271,0.120623270505686,-0.0855219584885301,-0.187018001226871,-0.0262598450310119,0.0151719851739149,-0.127097047554782,-0.119659227727458,-0.0530991576806953,-0.112469746443857,-0.00785341341533431,-0.0883843070144983,0.00366305187456879,0.0552444572132784,0.0318530461679365,0.0946792554885875,-0.0363460934890516,-0.00680021977082486,-0.1133961069162,-0.0377958730821052,-0.0121377408691768,0.0641980802261524,0.104750925426972,0.0965012142326683,-0.0334756465093407,0.007513415956773,0.0549328623626414,-0.113592116980892,-0.0691976886572215,0.0418213582836974,-0.254322237174153,-0.0365534215747468,0.0284513363908865,-0.229577909774497,0.0562803123845281,0.155399581493486,-0.0382686302040146,-0.0266060134434927,0.0928262122641981,0.0470479030893545,-0.02705462512652,0.123953226568559,-0.0768261841733372,-0.00119277402691149,0.212385406592205,-0.0309015386050491,0.018249059079516,0.0338377702147496,0.205918342028212,0.0336751323377501,-0.015134468623409,0.0281989821748915,-0.0245174383221503,-0.158881241315959,0.040323257532591,-0.0227713486288415,0.0142238906071453,0.0532803141595729,-0.0198466445603259,0.153354209273896,-0.0963763053043627,0.101446663046744,-0.0425079736560073,-0.0173437908383936,0.0731069578992638,0.135364348660177,0.00316718544933645,0.0495302387718381,0.0157475133220189,-0.122926800432891,-0.0409033500116652,-0.112253917683205,0.137511498717629,0.0534445401550052,0.136464280053935,-0.28536570300997,0.211785781646375,-0.074859252609423,-0.00651705978507508,0.06379850649825,0.12117926806259,0.0367842201780034,-0.0847660196482441,-0.0266549894166188,-0.0847944907575754,0.144399356233704,0.0571361860227442,0.117243325961701,-0.0407879676339887,0.193739975166955,-0.00236695186399061,0.0308239841930824,0.116316818609085,-0.0822169133699047,0.0272660751910354,-0.00928795887062528,0.00502061309386484,0.0306177175168857,0.0786529364134909,-0.180614850116095,0.048583364291258,-0.0396424612681341,-0.18698404010407,-0.0874599687309484,-0.0536524109444817,-0.109212025031404,0.0678594784405735,-0.140033430343167,-0.0319157341189458,0.245757271066749,-0.0138378667102163,-0.036879952783089,0.0581847967947554,0.0891890821221911,0.0639160349439132,0.130989670722671,-0.0982313804596223,-0.0523715623135232,-0.214664966686265,-0.0788654323473435,0.115632993992147,-0.0196507604380671,0.118623711004249,-0.00823265241953734,0.129211573405815,0.168720507560147,0.0994014404631905,0.0266704456484408,0.0458106200944417,-0.0833448489245645,0.0348149260426131,0.0417885887072404,-0.183872653261979,-0.0757695877944467,-0.0511693527223231,-0.172890170835708,-0.127561535070157,-0.0762737523326122,-0.0440663018805003,0.21691848207622,-0.137747757809776,0.140295712810275,-0.00432947826216247,-0.111947485363275,-0.262554096365375,-0.209056244281244,-0.185468596749737,0.122028998848681,-0.126868635639968,0.184244149051032,-0.128333022171145,-0.0141971837215176,-0.0259839110412359,0.0738796277047808,0.0455911858126218,-0.197033209706789,-0.0833354563680214,-0.0967466890841043,-0.0163663876083704,0.0633096660803699,0.171548046616948,0.0728503085468515,0.031005505027223,0.028611303982877,0.0601848513492229,-0.0541522410715533,0.0837799083527923,0.0440329773822184,0.240195640069238,-0.0096665911550878,-0.0496365578779076,0.126516638600619,-0.135664967815421,-0.172039386235154,0.0702746928312076,-0.0187275098982682,-0.184902962732644,0.128166766619879,0.0756447118469744,0.0153589205711458,-0.0899122025776319,0.102042944373755,0.0202872069003467,0.0670418813037496,0.0963646067040843,0.12202050107315,-0.0592955630369296,-0.039607534144513,0.171730688807591,0.0219190379889544,-0.0194172225508355,-0.0143714620898059,-0.129080415408591,0.13273379103454,0.0509933698433681,-0.0947721126607971,-0.0629311125148153,-0.275211865045586,-0.0582676645751776,-0.11315101925688,-0.0914924639578903,-0.0996987102872216,0.0811264651888407,0.0481567779299373,-0.0215945726566975,0.19047013203839,-0.120848132740659,-0.0396483692887928,-0.0159192885938421,0.202407060144283,-0.143876545897237,-0.128946876662581,-0.0322887963984303,-0.0172758589423177,-0.171751338668497,-0.0643740654212905,-0.00445686538850242,-0.127718908123179,-0.00873239242442812,-0.194550569004172,-0.0650671656324192,-0.142692712670474,-0.0518537525930691,-0.118628665957991,0.0256099175776005,0.164340812510719,0.11908888082831,0.104480661245978,-0.0614952176429265,-0.225974159683633,0.0145650241318909,-0.0396684812966415,0.117189950231534,0.0197967166818523,0.0201840615323964,0.0135851390700074,-0.0707082522258578,-0.0468551515491967,0.0310750342927365,-0.0358717586204239,0.0719357751868908,0.0850760631496527,-0.131720434702469,0.0194563109874902,-0.0880053485055266,0.0338307380170421,-0.0214083770009471,-0.0229416663775426,0.0514228627987218,0.0369636538724544,-0.15778295432396,-0.13266134594384,0.0893512134818715,-0.0992410030478215,-0.0103377613784862,-0.0334873938402849,0.05454266488273,-0.122926716474652,-0.189029154635756,0.10512378273291,-0.0842426146454128,0.0484545811154782,0.130979244477234,0.0715068323643594,0.0087420914023905,0.00708620281022893,-0.0453079454410041,-0.0310039038075803,-0.0110116623569177,0.138221404433959,-0.292703526386477,0.130393499402575,0.11334565795727,-0.1556182166046,0.112162843635965,0.171794353485938,0.081922567027634,0.0622236586967602,-0.0167754242915871,-0.0572853120253847,0.0821845564685848,-0.118100204696978,-0.265914454977153,0.0304560845286517,-0.112510780268005,-0.0728763921769533,0.0235964849870308,-0.052988174895209,-0.0403037160275114,0.131872477578826,0.156941320919828,-0.0202652145710844,-0.0291004854460292,0.018365777091392
-0.0163622063336027,-0.068053352404919,-0.0919252805220536,0.0205094968618374,0.214283027707838,0.100574263136428,0.0407948675853541,-0.0193706848491645,0.0974945983857899,-0.146844952136863,-0.00502199754333159,0.0576830453105998,0.0977949416236,-0.17917809761295,0.0645411520941502,0.0351382177689717,-0.0659781153346084,0.026719333617174,-0.0443354734024389,0.0886295359894982,-0.0312729772564846,0.0108309726030099,-0.0355826448065528,0.178060752579414,-0.0381861189294324,0.0698310253857717,0.184184481928964,0.118546600397239,0.176717973280625,-0.0713548031722918,0.0668743211215809,0.0237343899652157,-0.232263333874678,0.0979578123707563,-0.200737466511192,0.0123592642046392,0.0597958447234369,0.16075447263259,-0.0898992746382522,0.0379544968215416,-0.032733798452991,0.0635890151846547,-0.0011633097663021,0.0529889860296545,0.178860651342849,-0.140477858716167,0.013693993751575,-0.0517089946884597,0.0457559693545265,0.0199196040609299,0.196728011043198,-0.0363805665278023,0.036390509897318,-0.0309801873969186,-0.0201141509603344,0.100648003963738,0.0662847786781401,0.284408547228702,0.0571515770696478,0.161665062413028,0.040028982209017,0.0831927452981223,0.0805854354379722,-0.117264495749778,0.0170859122434541,-0.139211046631927,-0.0166187269201521,-0.0478303486306945,0.000131692041328078,-0.100851299695914,0.0132117956982237,-0.0728551492736769,-0.038203435897918,0.0319711415156675,0.143853510139943,0.165002843882442,-0.0640469215087384,0.0122292936355535,0.104523359878132,0.0550558430252699,0.069837710813575,-0.108116717994106,0.11100629042252,-0.092301266948951,0.00474264959213839,-0.00924223541330231,-0.0153789550925848,-0.149549713665115,0.0252120483580016,0.0381161455123383,0.0381279167324459,0.0435440042943403,-0.0453341718991203,-0.114360626028442,-0.0427280545466783,0.110380606372039,-0.0207647886812157,-0.151592190934982,-0.0131072694235615,0.0399250733945485,-0.0486476940481877,-0.00556350518185071,0.0123391469339175,0.0828573487219473,0.0287066110269287,-0.176064124463068,0.196157000676988,0.114193892083019,-0.0678181788988853,0.147469497674333,0.0394206424746067,-0.245977146789735,0.0583826591077135,-0.0659472322193014,0.0739093273342358,-0.110184028270203,0.0553540587115878,0.0708034175043631,-0.108210911416296,-0.0221232660714811,0.00644462704772704,-0.022024439471904,0.152926526787714,0.14997832233893,-0.0154659493155867,0.073506973902084,0.00343710372820443,-0.0542294458671089,0.0645573120594987,0.126872749371363,0.24116557247672,0.0357972518687919,-0.0539062656897157,-0.108591594487207,-0.180698831934973,0.241469175825407,-0.00360327666408126,0.120750262072759,0.0855502801194331,-0.086780085147552,0.0300054368105751,-0.0734167449574041,0.0466123655700918,0.0711111688412942,-0.0622005982294155,0.0563427694657879,0.0709401505749839,0.0647938496487076,0.116317960288008,0.181517228951301,-0.00198223094838274,0.0464464927024061,-0.192740031832225,0.0985378200761264,-0.15933067527012,-0.127756054731643,-0.00015651129036347,-0.140149080357315,0.0798066248890804,0.185831684324704,-0.114318936480317,0.000141970567867272,0.0937369532074092,-0.16395019268643,-0.0679782124628261,0.00878905104211723,-0.0641471454124095,0.0416740695949352,-0.0681444580563968,0.0387206244887789,-0.0883654301701142,-0.0391826437860539,0.141990790483609,-0.0136517696591206,-0.297986676900064,-0.150931420410785,-0.180327268426014,0.134463849975622,-0.0947509695474692,0.0943096106010977,0.0079971972250041,0.00108771794325404,0.185586468633832,0.0411929661867602,0.0998521337501086,-0.0242368210242082,-0.196568291213684,0.00821685171215619,0.129842365318587,-0.000609022715115468,-0.149247952543445,0.043557152701543,0.0456279125724468,0.0569399306699525,-0.0931635686384439,0.0310156176222686,-0.0243540118709732,-0.00856676146135893,0.026231234640766,-0.0387457458377011,0.0745578714600287,0.0506214326149351,-0.0503223639786696,-0.0814054379607692,-0.0077769924697741,0.0787080037450273,-0.0593346771842626,-0.0899309547491864,-0.0546107151117515,0.188440201297691,0.0112590853831603,0.0564684633824832,0.227037520589255,0.103671415448104,0.0114173526331372,0.0527946383555485,-0.0672990786716778,-0.0547535325085905,-0.0122350610947697,0.0210080531526602,0.0353689554179599,-0.12966846414553,-0.202014096397924,0.00813683089221232,0.268384712717288,0.0554909427479809,0.0150239214205854,-7.56805079102224e-05,-0.00974343329290824,0.199679118324595,-0.0892491662342395,-0.0923973159406262,0.0651835159081771,-0.0985618270009524,-0.00461352545225521,0.033617041045361,-0.161013698483139,-0.190565338941684,0.0505960369798669,0.136507766472064,0.0541893248071091,-0.0246224878418959,0.180427046393617,0.118163250110654,-0.0139716099547167,0.13540575749792,-0.0608228812723834,0.0357563883090563,-0.0656543373285002,0.161135236429312,-0.0673960391030463,-0.193181506515189,0.00921123122461037,0.106271475896179,-0.0351829721846932,-0.0980452314259033,0.10831019081336,-0.0319077039898638,0.124971160144248,0.181727541803634,-0.0432670972369495,-0.152887977052503,-0.250577887821365,0.00185275025270558,0.0173379103734562,0.00839794689386524,-0.107849541299476,-0.125149947367359,0.140678382687414,-0.072675628733252,-0.0349909392713388,0.345036404899822,0.151984734184368,0.103335893051426,-0.0448222794147331,0.132770641233841,-0.0831151394222325,0.0238270011552364,-0.000415163074794056,-0.148385811916379,-0.109500862747382,-0.187985422122007,-0.118103463240917,0.14525761041904,0.0450575738009195,0.0126554694761358,-0.0216312446865804,0.0286563729444705,0.139819134187392,0.0742767822164879,0.00796826980011545,-0.253905766551081,-0.00331980735380398,-0.0898121778550728,-0.00950949275497433,0.0267950673618053,-0.0776423423092138,-0.0570746395835714,-0.0366498474386051,-0.115081401997543,-0.0235712242033159,0.0531898096439514,0.0382086329656834,0.24897894295534,0.146910827196337,-0.0233193473012285,0.122424094928889,0.117525400588507,0.0283249251711704,0.139555642681927,0.204250041229006,0.162088234109099,-0.0246212169071027,-0.0442137752993394,0.117565351275981,-0.0237437298967325,0.12105266917933,0.0242035558997671,0.0320434568930962,0.034855680342387,-0.191090134760173,-0.0143391012273462,0.0624232708421618,-0.0411303836143566,-0.11787222552871,0.0946943601676369,0.0106823455996291,0.0269188009249901,-0.0122954077010345,-0.0243628387951276,0.0558033591323027,0.0492695688932454,0.0346846229698,0.0851685134008926,0.151703810990203,0.0839432054717858,0.0510031175842125,0.0385915466999787,0.0964491761831836,-0.154488850211834,-0.125299755842949,0.0212827673073747,0.136524780627785,-0.141235128555523,-0.0962160443628651,-0.14957961899089,-0.162567665819045,0.0124520887446471,-0.0460386061549957,-0.167838993105163,0.0445306767284718,0.167076594926965,0.111308424177556,0.0455209129338278,-0.184741345466625,-0.0957350766298125,-0.1113767366981,0.0552066436135334,-0.0130507935380396,0.0360227334841123,-0.0955546782896259,0.231820864508964,-0.0798380907332181,-0.0705662925611158,-0.00818372288173608,0.146541579342945,0.200868506696353,-0.0184695936065845,-0.0410966892026024,0.0760637563282283,-0.0230795048599079,-0.035879836596138,-0.0191279122555803,0.0628348187372952,-0.0544262898476641,0.0434895046915868,0.0206925308686034,-0.105430046323307,-0.0301212443414469,-0.0125757041467483,0.133599355605281,-0.0885539160824452,0.157182490801281,0.137912493820776,0.0534696995358156,-0.0514820690210429,-0.00949767772833568,0.028418168011194,0.0412190767721147,-0.0792877027177933,-0.0847987893987403,0.0103602110302464,0.098674081222417,0.132490664781208,-0.00876830794252496,0.186861145795339,0.0647322506384784,-0.043690239593548,0.0830772471715008,0.0465148552463447,0.249318243145098,0.0614417657617388,-0.0823150947629868,0.0514381893438231,0.0211922913694543,-0.068232348688485,-0.0168485697030212,0.0441861825732136,-0.0692258991380638,0.0999083104018583,0.12348770137869,-0.000832521236519668,-0.179355070719412,0.11133837466416,0.04246453137961,-0.041030882207168,-0.0738467681621626,0.0974946235848117,-0.00557988916834313,-0.0409905171837938,-0.113344849233759,-0.044549401498024,-0.0458298757092691,0.0558655375034932,0.0144411796551678,-0.00389042892109361,-0.261665133112413,-0.318924888819767,-0.129088481467597,-0.0642595078737132,-0.0935050921152603,-0.0599396390073259,0.065345772878047,0.08657760689764,0.210110828592699,0.106060460203003,0.0320487117392428,-0.0710278599274562,0.019138267270806,0.206204596491204,-0.201972705240682,0.102281233955459,0.0543117516280409,0.103700517979856,0.0256062586404445,-0.199813542677825,-0.0240567929964136,0.037590529910177,0.0829110317018832,0.0355830375723496,0.117411399431671,0.12327345711635,-0.0387626165758867,0.0222732059895919,0.0990114724329694,0.0800882633085943,-0.165686390029997,0.0424605982167883,0.0497454544703967,0.101809112231149,-0.0182005874349911,-0.0613493583545803,0.00526159273940466,-0.160262746224232,-0.149027947567484,-0.109850070772803,-0.0740113029527225,0.00542898868283763,0.113849222467732,-0.163617950966535,0.0849754797169611,0.0144439299153474,-0.0717645124359583,-0.038288902139259,-0.0309451354249913,-0.101110486945739,-0.000262573193434298,-0.0342668071251461,-0.104741049665864,-0.110711197173741,0.0622738679450876,0.064443532881095,0.0710178806690785,0.140984826694521,-0.0812072193439346,0.216875347672926,-0.0555658823483745,-0.0728800183139899,0.0158626631198865,-0.027735072680606,-0.142928750012854,0.0148744938777479,0.134326068332187,-0.0281547400912361,-0.0245090298436264,0.131511607228904,0.0263492791747611,0.0551796145127825,-0.123517164931304,0.100165141880291,0.0325314237312887,-0.0648527848840268,-0.0444748214819711,0.0593637441261827,-0.26927166109754,-0.00990212511107044,0.072313019613205,-0.0572254719859611,-0.136658862404821,0.164779017393246,0.0867843440854908,0.29857622963688,0.0768970100283586,0.0981095559986755,0.0970167888957091,-0.0775625133887583,-0.0790249519242549,-0.0392219766527093,0.0095675269737916,0.0508056848894542,-0.194968172463596,0.0597970931357001,0.136399567536988,-0.187655611338597,0.14955940309974,-0.0754948354992358,-0.152704212952205,-0.0219357323140086,0.0613458885619175,-0.138446228014059,-0.0173522463042242,-0.0527502888415513,-0.118462659801091,0.122203280567742,-0.0148438656448343,-0.147301473355585,0.0294497823247768,-0.0156510255749619,0.0802057778488697,0.286681958718527,0.0888413876558447,0.154049452538539,0.133716640317176,-0.0069731191005273,-0.0570706435915529,0.0102135312446708,-0.0809242342983987,-0.0842586470941451,-0.0788836835068833,0.188699480791092,0.0518840281032976,0.106443849672684,0.0438430224524911,0.0842170706528828,-0.0426890285359894,-0.110278019463266,0.112493653904823,-0.222331322923921,-0.0504920157832848,0.0192795160435272,0.0501204035187707,0.0128090129136659,0.195556250179754,0.139269168796435,-0.142163733841087,-0.0358097745203291,0.0488388667744264,0.104130852239577,0.0959365221925578,0.0156660714258759,-0.0713171926573589,-0.0563450944008436,-0.00161692903183051,0.0568678491501503,-0.102416592088367,-0.0118916221138038,0.180545305404284,-0.0154384453500222,-0.0380014814189892,0.162514441496907,0.00295881537532989,-0.0327535904188236,-0.123234024561596,-0.0458734622818486,-0.0652792771370052,-0.0243581357341233,-0.0159012402860934,-0.157189595722052,0.106499811722969,0.131055439718859,-0.0383724938049864,0.066998121641795,-0.0650267708398795,-0.0698460475457333,0.259533439633526,-0.079364192511807,0.00253884104411493,-0.0916055327194286,0.0882689461976251,0.0607523958999986,0.0530031742639278,-0.248282300565941,-0.0594577161530924,0.0533354041514211,-0.0644351117880738,0.16402793549955,0.094712381744359,0.181546934213117,0.175567592007086,-0.0443227275467626,0.0967000481777104,0.0956903395635759,0.0221888807636701,0.194068206345595,0.0605022975441913,-0.1861764364074,0.0121198792282128,-0.0304939112596191,-0.295606537595575,0.0322734107379352,0.0205507745587195,0.0857410963458276,-0.103203116078735,-0.0477737994951395,-0.0619251648156565,0.0902454610663564,0.153852313223514,0.141695150134251,-0.0449837606160304,0.184460170246948,-0.0600999306206072,0.0148405217424568,0.0911990186947577,-0.0998716638796921,-0.16852021944512,0.0199792372982337,-0.205628613725558,0.00526600816685012,0.181746173388288,-0.0257209637498842,-0.0619533589027204,0.214567751040864,0.146466999991634,0.0757555594719279,-0.0670555280371252,0.110075804721299,0.0142990755124989,-0.0310268872181745,0.196198479716075,0.148559720666306,0.0540987890910414,0.0813200580538301,0.14306567945692,-0.297994444029662,-0.105917478042883,-0.0895908028533373,-0.0758576513051757,-0.0290689220885634,0.0254632250816192,0.130043648071636,-0.0762496484768493,0.165464868645192,0.0400242658608758,0.0151450621392217,-0.0642900739209001,0.134902590471938,-0.00207389434585382,0.0144868934658462,0.0574347094007515,0.0232713119571795,-0.12827453408414,0.0445803823571818,0.038166024864644,-0.0518632098293814,0.161629897013626,-0.141673064301485,-0.0426639238460502,-0.0371550131329845,0.0715263570135332,-0.241523207448583,-0.0212156817896834,-0.0307226605082483,-0.0192305883895339,0.00881104119087263,0.0130991123104368,0.100523232941823,0.00557508269948322,0.147917580879514,0.013541200123805,-0.0468813706748896,0.125367176572524,0.0413780304904122,0.0878918499478878,-0.201158442792839,-0.0330866181610417,0.0552849082868147,-0.103856113519611,0.00319038031011724,0.0155973712406226,0.152398678722495,-0.0438296096880105,0.140433681298529,0.136931975059821,-0.151973862803063,0.133527481870701,0.125644455400066,0.0629060533463518,0.12906693071762,0.0680832989927104,0.233005326592683,0.295169051109417,-0.0356271099479249,-0.256136708927687,-0.0345186000322513,0.202243011162052,-0.0241153593300327,-0.165674637874721,-0.0366608506427633,-0.0961657848868112,0.0682067760561997,-0.0320790209366423,0.0946882722818354,0.0156683729889671,0.000772970242263714,-0.139747667911916,0.161551738891681,0.0497459101687349,0.0267418914234543,0.0251253052321382,-0.0294902934278206,0.0425987808575905,0.0490406491818001,0.0915884443308285,0.112747618314777,0.0215730000790566,0.112441109785659,0.0371007305927197,-0.151335694708338,0.00275700980111541,0.0070038280742022,0.0287516184226683,0.0997533162835945,0.0273339235142457,-0.0848168796466148,0.128238272562593,0.191563258400346,-0.0148756822431643,-0.0600100101688315,-0.0631661217328129,0.0885286108256867,0.242352844294038,-0.0861024216454681,-0.0689365795723638,-0.136853861100999,-0.0427541920272772,0.03838635656092,-0.156564742032357,-0.281446948758531,-0.169010166619441,0.000789055299391481,0.11648296669849,0.0824880467504557,0.20809565400578,0.0880659103804523,0.0886841588409525,0.0373745257441276,-0.181459069097054,0.0165809320768151
-0.127929658310773,-0.177957099564622,0.0380799651023643,0.0838961741329318,-0.0164817354767113,-0.00296134281635437,-0.0547251568264229,-0.0241502368246825,0.151700043189353,-0.123836581537222,0.0623271641214097,0.00271625489617735,0.218155367036005,-0.00136118842804421,0.187467594394161,0.378176358641829,0.169580171608146,0.0162852394224616,0.222932817412582,-0.0123782540274309,-0.0939338039727968,0.0360305528149736,0.126591618723515,0.246559836487964,0.0154446422911364,0.418211337873958,0.154186895247012,0.183318619696968,0.48312020592895,0.22041732226102,0.417329791431924,-0.111556056748744,-0.219468053847688,0.0679275732731822,0.15322779619474,0.106885779270364,0.483947731303874,0.153892389151633,0.281130526736712,0.233301917481341,0.0316747670389755,0.112352653664353,0.0358325704739901,-0.00654136673952312,0.245536291383748,0.206187781808398,0.313657952664969,0.113575637295091,-0.0431574111169017,0.0118216492773025,-0.00246636697296218,-0.0278092996607889,0.160131885550062,-0.0675762460263737,0.163827378084126,0.1596844189265,0.1426010992774,0.442644785598693,0.140737962535352,0.215580474250593,0.190382425526677,0.115275558870407,0.114057487596843,0.00847009418667055,0.140589521944612,0.459857741209732,0.0697025752274689,-0.103698236019316,0.000724385050100973,-0.193828918025476,-0.00300602357762052,-0.108348967270087,0.074744532195182,-0.108616042809989,-0.201530934117674,0.0657294330119852,-0.178414024472364,-0.205122738627813,0.0125128491206446,0.0864595846540308,0.093488962238265,0.149894827382004,0.029739620663373,0.0130516181079949,-0.25608030446776,-0.303234730881421,-0.0859684223038388,0.0168070592324504,0.031216307780023,0.12668715406051,0.384860945143211,-0.0667432121648646,-0.194307334820065,-0.15777616517583,-0.0282028310924966,-0.173133561935026,-0.13363163447862,-0.273558499307261,-0.210911855123877,0.130000019674827,0.0563652441562853,-0.000925923838947402,-0.0891988970682172,-0.0374358213810841,-0.0425311821311649,0.201934105598281,0.144431057601857,0.368731513725869,0.0119266044752708,-0.0355821303945125,-0.0855630999188711,-0.194339719947278,-0.0110999886013113,-0.0515872367533103,0.0315260811620991,-0.183008177866793,-0.183873196668094,-0.19012878200763,0.105256391654774,-0.17372415197154,-0.348901706835895,-0.090874749784301,0.134651136872076,0.188643913630286,0.0268807481203061,-0.0950683656293778,0.037920472248119,-0.302568865144962,-0.18154033632622,-0.0475941557826876,0.372553577957928,0.199244838286954,0.124445694323434,-0.0802185768682649,-0.0961635482191801,-0.229797525337767,0.0423496530883617,0.164733432637941,0.0886989865050907,0.0089132863337405,0.176209866157658,0.185900230876582,0.234906670856213,-0.0899317183560691,-0.0545578419645112,0.132331217971675,0.172885498079901,0.0187192167428018,0.13979322129031,0.323529462322516,0.164288403670612,0.0189482042004271,0.0516386952049998,0.03581288753485,-0.0225820376833813,-0.274220178651076,-0.0570190348678443,-0.00890976887623262,-0.0178682380245943,-0.0617137410968554,-0.00720286223570723,0.0148334425053902,0.272452046879031,0.109258596733703,0.228560791719941,0.223118235379127,-0.142792899527011,-0.0247228822630133,0.109216573651622,-0.122623917658462,-0.25537888018317,-0.305318344546871,-0.116893382441191,-0.27758514841088,-0.309868952965465,0.0502403943074817,0.0253339686684322,0.00534027910989871,0.189009523207728,0.187783432410281,0.0199102630465084,-0.120899234562308,0.0673926405975778,0.179818778822006,-0.0950359047575993,0.183611698366977,-0.0408939557925113,-0.0153331029434971,-0.395634308449332,-0.0970222020683618,-0.201105084984259,-0.0614878939611659,0.103186100394562,-0.22292296263038,-0.203486244991906,0.172538282420891,0.00347492105066301,-0.0524999170780411,-0.123783246285089,0.169359936201001,-0.0773005274955879,0.0716438812105319,0.0574337646112316,0.106398055130136,-0.132524681403693,-0.118569423605932,-0.0931336644618818,-0.260958531262948,-0.166967925856157,0.105293225498031,-0.150516796190987,0.232853622277052,0.238100777041311,0.179043257202074,0.0646114467563829,-0.0805455770687765,0.0458226931617036,0.187202697583532,-0.236459564859737,0.206174167592701,0.138651131225462,-0.00161434809466045,0.075330141542801,0.247518253705067,0.313943743953142,0.0800030104196966,0.0525912250122462,-0.204146305756225,0.070477185547511,0.0461983918627197,0.0303738286100277,-0.0756414657797037,0.0288086142452297,-0.294356188380075,0.174273850453986,0.01582013693307,-0.00380235119605968,0.200722092814506,0.467266098307282,0.309887813607182,0.0687810611684405,0.0576258708764797,0.236114808989984,-0.14575967115456,-0.0505800042126,0.0863005712666303,-0.41716580508827,0.123773037426857,-0.00385300848279257,0.0310092599736095,0.0657815761585788,-0.0847233381231759,-0.207519123552521,0.0804284389669959,-0.0284696272663166,0.139662862361683,0.125802422845088,0.183614909710536,0.367979953207309,0.144582026882935,-0.0596001974174974,0.0479696964210301,-0.183351732867383,-0.142155021347486,0.0548821592376798,0.0092683352031292,-0.0733781737229963,-0.0536368508621111,0.0622534496171399,0.139087197026734,0.54197696655966,0.304890325299789,0.30952402503789,0.316034954846116,-0.0640844176073482,0.00166724143691202,-0.0398201819601013,-0.268683861546088,-0.0767551508457161,-0.323326652139003,-0.318855123577207,0.00243995877262547,-0.157347129775099,0.239131339602661,0.130384213475296,-0.122616505290868,-0.0728609803186584,0.0314256881915979,0.184145510357038,0.289279548635645,0.287534146071303,-0.0289082775282312,-0.195343255603765,-0.231325366140046,-0.0196508930030256,-0.0172660573328115,0.261307279736778,0.175771436964972,-0.019810035762179,-0.0557923907954117,0.153926512930793,-0.0469978965258735,0.236130575999807,0.203804401370513,0.135096387717107,0.425609466335457,0.197575917011061,0.336065194159493,-0.266911334479752,0.0375722740769044,0.0845671146260387,0.00423981022231266,-0.119438074304508,-0.143328007161986,0.062518076012256,0.105657354464045,0.126658710993582,0.0308865112169777,0.0896485545156426,0.0638762663341833,0.0649441100239844,-0.000194257092730722,-0.0546803613743156,-0.357869620261006,-0.0959969859122105,-0.00348359513045055,0.0230254564950335,-0.10772109552726,-0.0688740669870332,-0.128510625584501,-0.0296966814054708,-0.134030346882208,-0.0204228069032016,-0.0295140671148855,0.326815565652298,0.0669576956058335,0.256294427250318,0.269528366182327,-0.0615205011187551,-0.165001457176224,-0.370169180568751,-0.00707326740612303,0.325750859091335,0.0639866109325469,0.0430458351158027,0.0129710546049951,-0.0159486631949108,0.105440074635879,0.224478329056543,-0.0925774971547851,0.075089068191746,0.245761716428666,-0.189177777570847,-0.055997824134405,-0.297777093517466,-0.297158889286821,-0.23507731020133,-0.0927672576209742,0.0783248436639426,0.210090873219628,-0.168888972274907,-0.15976977876558,0.102546633298632,0.0880403548673415,-0.0711242006781031,0.139405375671382,0.171538834339995,-0.0368568789323039,-0.00560859834527117,-0.101261162758632,-0.0398802852097648,0.203020980055715,0.0467590546037223,-0.221914530172663,-0.102267635011387,-0.17888829028246,0.0743746565537186,-0.1127445266832,-0.00255564121437711,0.0279754876721838,-0.0131883576775858,0.421269297140494,0.185776569750091,0.283325918097856,0.367366969144261,-0.123899397959664,-0.100358605677725,0.23463635582574,0.129124531473263,0.00313875422517513,0.168128967693112,0.13700326185065,-0.154689008150078,0.237013940126703,0.0661367597780179,0.349772757945436,0.176460788176189,0.154924801120753,0.0470832908519164,0.0967219418571836,0.0590252923185735,0.0987551763779092,-0.0650978487593436,0.180276603987059,0.200699115226729,-0.00922870904116208,-0.304024977535629,-0.172802259005649,-0.0590302199805278,0.252955131821783,0.0550989005506535,0.105210911938532,0.0143433266022236,0.106890083953392,-0.0596585786207747,0.0172654002261027,-0.00927072734917552,0.0874578357143552,-0.042205127519856,-0.0179453762153425,-0.152423626152351,0.0851751288332637,-0.0985450176117126,-0.0905465057119963,-0.15755213315906,-0.159252653445325,0.0508276770138688,0.069892795190901,-0.262925861231363,-0.109559452001052,-0.123751765646523,-0.0548109366178043,0.019528600774266,0.0615759571963246,0.00703209768872362,-0.115728268022775,0.100021160265448,0.0745175667526144,0.13665052816122,0.240849327523843,0.0350378092587231,-0.0294060148031113,0.0264912893363583,-0.0119129076749045,0.0901236517011357,-0.14736224504808,-0.291581247688359,0.214765736052328,-0.0271308670684334,-0.0345622174552136,0.285365190535337,0.00959961326222553,0.162352567528248,-0.0873255281284661,0.109142959500914,0.00526715269318853,-0.0184230776012391,-0.00479319774165965,0.0593234547679975,0.0509233090597486,0.0789889137253461,-0.139636711845417,0.150620275903804,-0.045449262707857,-0.0813142595442812,-0.0648097161964292,0.159868603270081,0.0556011508307718,0.0390370122618775,0.177191152918118,-0.0362719683701499,-0.0188991855541219,0.12093327821006,0.0810272541071016,-0.161177397604178,0.124427595112532,-0.0218423252357992,-0.149086702521087,-0.151130607389359,-0.0905765211878454,0.114483441372537,-0.0663235154758594,0.0512802867844202,0.0349100578753863,0.2421744264919,0.271699540953586,-0.211189272563848,-0.0923028064210894,0.0345673013320379,0.136794417143907,0.159921432580565,-0.258246076544983,-0.0400898106001796,-0.276435544870704,0.0359393056644676,-0.132315801213735,0.0658572662429216,-0.14256085394164,-0.0290301281411806,0.0233093038224193,-0.179162299346142,-0.245859696984037,0.23502384037491,0.0180373130580055,-0.0333139221363217,-0.0962907165613861,0.114578800766296,0.0634439466573288,-0.0509912356503895,0.233970651324702,0.154297412002332,-0.106364669396448,0.159910625667058,-0.133989898779257,0.166710304520339,0.072760573215381,0.0437048305947792,-0.0228544267367946,-0.0343389333796119,-0.166367740612108,-0.226816585827867,0.0432331781913844,0.229515952727454,0.149103059739051,0.153893317067006,0.0713992913070971,-0.156468295121662,-0.254205642320409,-0.300220746877779,0.0409123408535786,0.0186192063683226,-0.243346837583802,-0.100381713837719,0.160230870221444,0.137611027531797,-0.150243796425375,-0.0125298226960175,-0.118308411475351,0.110935211973089,0.100431125881396,0.181298616232067,-0.0596921809797028,-0.112439635584835,-0.0305582609226133,0.0823040852962947,0.0760901339266533,0.346640599755771,0.24109184057406,0.0620263106922753,0.11669899749841,0.240659984142743,0.385469863980165,0.254445849610705,0.118667299607747,-0.0643741768502401,0.0982102381373876,-0.136339050055246,-0.302440231925036,-0.224493137360473,0.0418191315795848,0.179909669567492,-0.232446856756961,0.0303769324305287,0.435421741192743,0.281333761315923,0.152712882033829,0.077666242823417,-0.0110448834951964,-0.174848262855342,-0.0413141972600231,-0.0605728900923347,0.039632208243501,-0.27287502172031,0.0899969944980109,0.0468534920529618,-0.374736412572282,-0.210231320861359,-0.2478892568664,0.138267550978529,0.168076013306149,-0.172110133214332,-0.154815530061113,-0.251473635664979,-0.0587193087635722,-0.061304238452871,0.0561146115604177,-0.0888223172786922,-0.127316394033381,-0.018262213552365,-0.177476933648585,-0.116663714507207,-0.025873057940929,-0.0431562528884721,-0.0595372188618415,0.0973380340124508,0.0631718771292079,0.151629734157675,0.20124591638821,0.175753074097161,0.2105458474051,0.0888917590526934,-0.194179491494093,0.00967699630270412,0.124441416137892,-0.111348666100535,-0.18104981998456,0.0863234382366661,-0.10222877579142,-0.141791942723779,-0.0676663690938877,0.145930825893501,0.307742369251774,-0.211099769011541,0.0601306142223519,0.139532238462456,0.0467478354984912,-0.109626286297509,-0.24010094452038,-0.111105729119627,0.016464598170662,-0.352949018804633,-0.107994857078783,0.0311284406269154,-0.106704800263028,-0.162187538305645,-0.0485534417416208,-0.229375132784844,0.215370004757596,0.037446228414306,-0.136351205708331,-0.168050445934759,-0.138714186303657,-0.1549270687097,-0.264698871971087,0.0649189529789337,-0.0190496154344064,0.0237118077218129,-0.0478360072044014,-0.236556020613333,0.249213164990333,0.260789546235622,0.122950548201544,0.176469083186476,0.196622995031421,-0.00821122062750785,0.353885161914756,-0.0162339185240233,-0.1195498463463,0.0473566526041703,0.314083329220578,0.22162792234755,-0.217500186197265,-0.0575987347955963,-0.0606486402283342,0.0957042541498449,-0.0443371429238395,-0.0881046247018966,-0.209623701936169,0.0179455468750574,0.0333043333059646,0.0378735643540737,0.519744608388165,-0.0149306326921811,0.057934331178684,-0.0689597624830305,0.0258292999340224,0.124481510299851,0.0405415721535797,0.0981914405329656,0.0208721753540327,-0.246270957104436,0.0862180381448166,-0.38840088814615,-0.0870783169395603,0.052953277036882,-0.0206011354204851,0.129805601613864,0.0985813613019264,-0.115584077366075,-0.180624869787336,-0.0569800570870613,-0.159869370878486,-0.186484834418398,-0.0221108169701851,0.0772036976929822,-0.0346258439213821,-0.1352939772111,-0.155680452126603,-0.0227803798160043,-0.0143304827860309,0.0430101082924488,-0.110559886570341,-0.119998670354135,-0.0595337001398202,-0.052786909046626,0.109173635217665,0.127645742683621,-0.280823593263255,0.0145572672075949,0.162441791792339,-0.0605760924282875,0.350633424926726,-0.162080107740915,-0.0305160880816491,0.219613558730152,-0.102777101604693,-0.155680266450665,-0.147522862408784,0.244916873804191,0.322121009692546,0.303728933560502,0.185481854139218,-0.119466169405694,-0.218860162374621,-0.0567429748542146,-0.0812454317618931,-0.174192644322693,0.0662634013955559,-0.172474063499765,0.00990256153221819,0.293078484172256,0.178741462451364,-0.0159523333747975,0.177464059122346,-0.105396502551508,-0.0559860854425883,0.170951177321269,-0.150093257388561,0.136411489411954,-0.0465094291009645,0.0263929569020467,0.240575914170445,0.227235883146246,-0.362634270790985,0.0139000304875026,-0.00789918634678818,0.0291707749751463,-0.0259435858622514,-0.0360825110679305,-0.223519066921364,-0.130612781259534,-0.0726541827103748,-0.252465291390731,-0.257095630058189,-0.0814884281253288,-0.326304474211686,0.0804975478914803,0.238157273016409,0.0518104166846878,-0.0533804835717431,-0.324507153902288,0.0349941681191769,-0.389830050010358,-0.388304943969657,-0.0112030209081257,-0.0967425579085837,-0.238449637603133,-0.321932085656411,-0.0805603128459188,-0.0219582593218338,0.0692356937512209,0.212804405605493,0.409778580647859,-0.00159071142148758,-0.106807849543859,-0.0716061097864641,-0.033641488202347,-0.0976008416677765
-0.239142582317498,-0.154994431192999,-0.0461576125546095,0.100286677989781,0.106786610104557,-0.0857086448687341,-0.13091759954774,-0.157577076859525,-0.0301351899891141,0.0492064294718934,-0.0752052226988733,-0.00528991049132815,0.213491307927631,0.150491978560422,0.257381017943621,0.126094673379423,0.134813043101818,0.025968393535768,0.128110683206356,0.131134957571394,-0.104049802405154,-0.0862041320137976,0.106190583281529,0.0333881784923218,0.160785188485572,0.297173502113707,0.291751834533334,0.131265074173439,0.35872234590031,0.164271324544241,0.305086020185365,-0.261112847429612,-0.0170924316441832,0.0377569225609158,-0.0991083860084188,0.125240420273872,0.230349330157395,0.227310838314941,0.0872056495245304,0.121207851288461,-0.0903517364758528,0.228415597833794,-0.408624131680606,-0.0532813478603173,0.250110827413582,0.131468863891101,0.382639419807354,0.198145110707114,0.0604848371462303,0.0484509098896005,0.256667653244962,-0.184913987028477,-0.0357627337419204,-0.23284453720353,0.300185885029163,0.239715630627131,0.29352511403904,0.22829008207855,0.147811818404591,0.0236835528009481,0.268503671301489,-0.00173066040326197,0.251402014678706,0.171897207601065,-0.0272129104359708,0.186072246179578,-0.231307914402726,-0.0258174589032876,-0.0648721843758072,-0.114300061373385,-0.011786362146866,-0.378592145216043,-0.105811617491213,-0.0974715687735551,-0.219609887292457,0.204767190458858,0.0347033855549613,-0.0107631528277608,0.0265702231798287,-0.0290435034044541,-0.0408579411893212,0.342197260712631,0.0384094169606236,-0.0143235138484169,-0.208269927696832,0.0473762991150341,-0.308681111253664,-0.239096711623037,0.0654433370952047,-0.0023663185161558,0.194829919663565,0.0245083255221744,-0.123330666957218,-0.321140098369421,-0.00864156882081941,-0.0738342727901263,0.00797690600433228,-0.374378809517996,-0.121085699778785,0.0761987180485802,0.0599921948285061,0.00233552850947649,-0.221316812273749,0.105047257153329,0.153600222901126,0.21810219316001,0.152040683471919,0.142133702497269,0.112936333781288,-0.0697107059363416,-0.326150328713199,-0.29377048176544,0.0924731461949289,-0.113702118028201,0.176774360352554,-0.330207703010146,-0.196048195619175,-0.125198770991884,-0.160108473993,-0.268494856722853,-0.262786003897907,-0.114936677246799,0.169356837633354,0.197448918829484,0.0868879136982497,-0.1217902661665,-0.0703798045937634,-0.26069200194024,-0.25214518239165,-0.058553464209153,0.350184798063577,-0.0454214539799922,0.02104004862063,-0.0302454383965754,-0.0924298133860162,-0.0512494626021632,0.103456693456799,-0.0942837685271949,0.205603896521242,0.221135985847222,0.34525034265727,0.208947604970738,0.182052631625573,0.0237033225840159,-0.141035272723571,-0.117319364850295,0.101781822086249,0.140929611476034,-0.184449824183311,0.168347670745735,0.184454592563158,0.0363068571438925,0.125933565362945,-0.11474102884126,0.042285863579718,-0.238130763974574,-0.0888855999012005,0.0767920000691994,-0.0711921873558907,0.0339878415917099,-0.102853234270563,0.207460069021995,0.341959889268693,-0.0121666926221253,0.110493314448856,0.252107227789376,-0.193197787983803,0.414884702107429,-0.0347838939002813,-0.296915230933525,-0.212450982910979,-0.167193892349628,-0.116086374086684,-0.27369143053253,-0.368234353290355,0.0225578559405853,0.241189960603985,0.0202973103250513,0.0045479861496669,0.150747836793907,-0.109891369252351,-0.181090064490024,0.085583108879114,0.0755689319075285,0.143173283600657,0.0842501934739154,0.0650006134036714,0.099001131504549,-0.410410113225067,-0.207009755218262,-0.196721234945092,0.102606317187117,-0.091797638987889,-0.00148951171236034,-0.0595229237140049,0.126979024279688,-0.0301746102933029,-0.152321162457781,-0.157111145841065,0.189291078908731,0.0387423852835956,-0.281676765481117,0.0668331102896149,-0.0304683329162914,-0.274544772272916,-0.165520499220884,-0.0720498763502672,-0.272063993721389,0.0727986970182573,-0.0412967827525794,-0.176987703307295,0.0462728183445816,0.470226944130961,0.0640409031414792,0.151966333266658,0.133810014665504,0.0508267865349337,0.0124054426097035,-0.00274419897381206,-0.198184859997239,0.233420980629294,-0.0592970585181401,-0.0118999439638008,0.185271324248885,0.252111872007395,0.126707382056265,0.0189472850198217,-0.0333350668701685,0.131701726126027,0.151983661468668,0.0406192570500604,-0.271297030443183,-0.216660567371692,-0.362904818723721,-0.201160462063735,0.0213794440763598,0.117927963695961,0.295784607962204,0.335981121873107,0.438687327776823,0.0909943830151577,0.0707459112920448,0.00815926349214316,-0.305099420528349,-0.241296099087101,-0.0169289676601279,-0.339926158917998,0.00688688202877396,0.0882396676797616,0.0839851608095619,-0.194877208790076,-0.246018509150562,-0.12484599599975,0.0352725657099147,-0.126477809423959,0.062454847463138,0.193228472883551,0.0542523238047583,0.320728170072815,0.173708204967135,-0.29279760487983,-0.134502988425476,-0.299619256117578,-0.275367296247742,0.112614482602935,-0.0655147799390548,-0.131404564570273,-0.397667961369326,0.0987572462016725,-0.193666044718944,0.428701302464861,0.277827908151966,0.308380246636655,0.407178215394232,-0.111123108714536,0.175186837567745,-0.0561723365086112,-0.285394844927066,-0.0124370936402492,-0.364433082541801,-0.034894962062284,-0.120200930455978,-0.101203775049489,0.0591663223287166,0.0993460074249908,0.255136322933994,0.076920960148585,0.075619914314374,0.126128223625274,0.000431212555597721,0.120914853147502,-0.1034465016888,-0.23538615679053,-0.185925814235254,-0.214440630754803,0.012048237449218,0.35388957809128,0.16074571859039,0.080879363952255,-0.26910826444091,0.170611440018103,-0.144089717529084,0.259286235707021,0.420847081176009,0.0834838708620705,0.399704234853215,0.124555355368554,0.328912648901222,-0.162742005938036,0.22145792979731,0.075018641897161,-0.0365230147814853,-0.0175081581282722,-0.0789669511508296,0.113275986150841,-0.0740645836909477,0.269880241914414,-0.0737071388448956,0.00139071436908206,0.223225020555904,0.0931869986628029,-0.0873547512753177,0.0327117036161759,-0.243962438140112,-0.18464268410804,0.011887515949646,0.00180052400472792,-0.0469923360103311,0.0723596654063247,0.095497359194028,-0.295120522913776,0.0526757125168622,-0.107862796793235,0.110038722470622,0.0590391460739062,-0.227046387899996,0.246476288464625,-0.0945810210627796,0.0420474136607529,0.0231939842520156,-0.106195903792729,0.0219993254892585,0.00833796078912828,0.173573254492359,-0.229524696278284,-0.0724684805684566,-0.0682479905530159,0.0858263047237159,0.0584553772429494,-0.076535510434447,0.121179727014046,0.248475690779885,-0.0622941263948025,-0.0550316363011614,-0.610500641554393,-0.257902707654517,-0.385135574526392,0.0606397488000871,-0.114530855297882,0.0684733641115514,-0.147025611949917,-0.0190693926645799,0.157413108676358,0.0631229028953675,-0.108857240053276,0.186540756570518,0.0693566800288764,0.291242406242109,0.041089435334458,-0.11656905869732,0.00310197335624632,0.146332019944062,-0.0279627086205497,-0.220692302264225,-0.0874583151431229,0.0513907377238178,0.0131171512346521,-0.127311333930636,-0.17751053434441,0.0615088376039293,0.267647393746985,0.167541583413359,0.150554472962138,0.296367841862041,0.273139931907597,0.0717490869308996,0.217757003649958,0.0656204750604654,0.00582375565877192,0.0426474946396832,0.110729218178273,0.0715806360242888,0.217539025012197,0.235606489438499,0.151906344163582,0.189594658653956,0.277256940253698,-0.0300511236536967,-0.177452329002319,0.0696729245330993,-0.0864260614643311,0.146514873826262,0.0540978338892225,0.194218699008337,0.141711382607929,-0.113612183300628,-0.169466134364121,-0.165329466075677,0.151659611159519,0.186222671756701,0.289321671891283,0.0409981396111238,-0.00157976039915877,-0.239386165263314,0.102799181909363,0.212045268103072,0.0697559536479753,0.245417712483634,-0.0351858170364578,-0.0194333351540999,-0.0502503530075948,0.0137618897523872,0.0201541397045693,0.159881112267748,0.0739635937999068,-0.228091853170585,-0.0867970189060616,-0.298744793404144,-0.12967038894821,0.0226044330035415,-0.155909131205692,0.00246686928380938,-0.0678004506241651,0.202285997472064,0.138248418288663,0.0382592729487393,0.0747998316113817,0.0142666726491407,0.199349714107277,0.277154007751644,0.17256819417924,0.26063071075914,0.287079161605075,0.124683118060479,-0.14576340188992,-0.227715733768814,-0.165541851889504,0.0362786466514538,-0.0595672080761521,-0.160648364391993,0.216074307523523,0.139335610429476,0.0995539125762425,0.303340383321217,0.0172345656090515,-0.243050724169179,-0.223565870838551,-0.0608201354769183,0.0240205606193915,0.265432729451773,0.126705398814389,0.00924297255561707,-0.0199408027157378,-0.015059506394198,-0.225642924803183,-0.247468285713962,-0.0783581479570509,0.151865200916662,-0.0052179898942239,0.0676639915822721,0.212564811136749,0.164280909317898,0.130719026165874,0.21396877422564,0.00218066306315454,0.0707698348889013,-0.00435590607098921,-0.217627268632406,-0.213274202749526,-0.191353877764559,0.226050675317853,-0.105522578236197,0.0910861969286405,0.0963179027337736,-0.00112364694487574,0.526592710938044,-0.334411294891541,-0.196849007602235,-0.155091414633488,-0.0296807417755047,-0.109105464265063,-0.269372456428887,-0.00265875878461996,-0.224617646615235,-0.18910839594131,-0.10891337048907,-0.0423152982406465,-0.184418079882336,-0.00548700979417348,0.0402332660753363,0.0161559830481017,-0.395756011020991,0.152971343892616,0.0333759477019503,-0.0310921051584489,-0.0472820078717748,0.257867611085131,-0.123776623020832,-0.0381829272930701,0.220665213530228,0.310247414270742,0.0283166866849859,0.243209453320164,-0.202462175523587,-0.0672169397379058,-0.157626986565703,-0.00559817481812005,0.0873716907138556,0.0711782018344517,-0.121813409423654,-0.137543340110553,0.13879680799957,0.517078683099603,0.168261247382284,-0.0629044078773416,-0.0114906047291783,-0.15686903278887,-0.197988596803307,0.0338645055757612,0.156843779840601,-0.0566780986757803,-0.345457382910919,-0.253620345471042,0.218473762377244,0.0599723972648723,-0.12871389921323,-0.00589434861254007,-0.270434084520177,0.190651197570076,0.26531839598325,0.439914368722816,0.0376542251828029,-0.109816847029074,-0.0835758569285942,-0.146352514176232,0.0782988378359992,-0.0365997718886226,0.399058812238577,0.0656451195075368,0.135912693116416,0.177591800837781,0.242006428063518,0.27987987261487,0.05774107873302,0.365024568817834,0.0921861603023346,0.0580049707838901,-0.191982544229591,-0.272581818175563,0.044301970060859,-0.0430745164861172,0.00443055592390126,0.206269311121141,0.576988897923171,0.467286589300157,0.125459534414599,-0.0196025607870888,0.053686884679555,-0.135452305180428,0.162737407069496,0.101001659915445,0.125355094923869,-0.286660461610737,0.115811159937423,0.231431450928934,-0.183147947055368,-0.0633831916030726,-0.243406804947945,0.104013443499479,0.204581916102885,0.0418014931043904,-0.257217782399509,-0.0676497499427172,0.0505160589834362,-0.0745478619596448,0.183716792586789,0.0179322947943071,-0.110151117625192,0.172961931048507,-0.0490252388327182,-0.115130195405404,-0.044427630067142,-0.142643462270798,-0.0826330888511045,-0.0188628218753478,-0.00850917480658471,0.366964210269029,0.219371793604528,0.192524518734143,0.340473722365909,0.196871353410804,-0.00160497512292698,-0.0659803257829013,-0.0500530983499279,-0.202161276447976,-0.18984627465754,-0.151385530727757,0.0704490679063592,-0.0817456711159105,0.0355572136470903,0.120849047133949,0.150568296840918,-0.153933071585164,-0.0719697659884518,0.0199823079672192,0.163487070524982,-0.305009124532799,-0.104145962965949,-0.0760843736056235,-0.0385743251803348,-0.144873851184439,0.04665653181055,-0.355440490088762,-0.124940278610484,-0.240706930881748,0.0660255763993163,-0.146984347698593,0.0791814232976195,0.230739505444395,-0.00698674668624088,-0.128380258451427,-0.0665364057674643,-0.303834878718688,-0.236789174663541,-0.10499852565519,-0.180336104242082,-0.00283473577997759,-0.102032462760859,0.0518119436877735,0.299311102230697,0.508996314273126,-0.00596677404840955,0.32302867161779,0.0960719664890741,-0.053012644623074,0.262718729912102,0.00559453719860598,0.01923097831391,-0.0330736353678542,0.487063887102378,0.307833911535864,0.114592850820746,-0.0570333359424355,-0.135939869432848,0.141469524157322,0.0268648708944298,0.00424290159777174,-0.179735138127087,0.247704508540935,0.206309067149805,0.0751622061893171,0.414859082206922,-0.0182501853163939,0.031533068990529,-0.225996055162632,0.0512521598256087,-0.123620861922062,-0.00100552140221741,0.292697836754625,-0.252501123273216,-0.0855419891845149,0.202337727160911,-0.172340324432077,-0.0957436787732112,-0.073515889223224,-0.0479371959224927,-0.164066869045819,0.0383205135895569,-0.0922445281391417,0.0157276964998594,-0.262280762960783,-0.202643346248661,-0.241028562128653,0.0854278203621072,0.0753262775053643,-0.109565269599087,-0.308868667255661,-0.0777228207541773,-0.127196203776381,-0.153289074219997,-0.0209889228434218,-0.0449249058294998,-0.308762401571694,-0.040782675893861,-0.194758232424509,0.0103376406886407,-0.0925102904556677,-0.13212448897998,0.0260072019860268,0.161415131094137,0.238706373427916,0.242362137748186,-0.0554235925756194,-0.296497071674945,0.100246804797685,-0.0655152144954486,-0.0701310332017587,-0.324640629552986,0.207968862566831,0.329394872371512,0.440080628369553,0.155109575654717,-0.00730848757685748,-0.123770083574196,0.0597614152134856,-0.0464512359030742,-0.126024418151447,-0.0388951586931032,-0.177941374668305,-0.0729716418016505,0.295659476684008,0.237820150237596,0.152591640243707,-0.0727509354701859,-0.193771196727358,0.10074409848852,0.0952084819023807,-0.0599324067569816,0.333111665176349,-0.00959427816584368,-0.0230529565447481,0.157948432031094,0.234597114596684,-0.20400868296724,0.00418987866879172,-0.0143110543067002,-0.110325650022413,-0.0343441224329941,-0.015918250933836,0.0366590795051393,0.247863816372661,-0.0696684695505784,-0.204545089375047,-0.11364483785823,-0.163457213310314,-0.247951531995652,0.1983686340038,0.0884073776063474,0.0316854914718621,0.0873444000720541,-0.140771009413956,-0.0781220440235087,-0.300261089151209,-0.188320110447605,-0.281699180990889,-0.056714917839027,-0.151496939326052,-0.424603924347382,-0.137098530956429,-0.114358472167366,-0.0161316086606833,0.293226854630793,0.221574468711325,-0.109733242845636,-0.127878995656475,-0.0285679185316197,0.108015933714088,0.147302303746981
-0.120251535772432,-0.277418653407041,-0.104544516085304,0.0400933815625391,-0.208180768591231,0.052853178008061,-0.0980985220576046,-0.0699112834482505,0.0924766634269749,0.0349020665882395,-0.0424896095099503,0.00339136545399581,0.0676657355810398,0.21787100537129,0.194043758752907,0.0294302905827844,-0.069942869911828,-0.0531751878603945,0.151213422381678,-0.00514907764341041,-0.146959962289998,-0.152458376758924,0.0663376382098246,-0.0464269475336192,0.0768073444818922,0.307444619320852,0.128392497529565,0.255764208866921,0.269328760675535,0.123525284017748,0.247015795784777,-0.256681496927656,-0.099280944353426,-0.175339837944157,0.10723046264149,-0.0225575461740592,0.239237253394463,0.111454228920995,0.000809429782711479,0.174124632366125,0.171675596364562,-0.0264169064049908,-0.0569188002695657,0.10933706246753,0.276666354440604,0.0644014664606122,0.211845884763946,0.121523295780722,-0.143580159119104,-0.203260549532658,0.267605545737612,0.0387563044449708,0.126527361236816,-0.172931522935229,0.158360416443028,-0.00616548082816568,0.103153972104185,0.18038260340763,0.101323732939152,0.0792968082135621,0.0515111346007349,0.0595019604133965,-0.0726393471640518,0.0576949496210107,0.0830807167400399,0.323601260247675,-0.0940312497407525,0.012843770809074,-0.038882401500102,-0.0791293299685574,0.0230601163059702,-0.192920081713862,0.120363265407809,-0.0985997273014182,-0.102789122309781,0.19907973421064,-0.112787263917893,-0.155069584933907,0.0656295445390138,0.15307884403738,0.0427193686163322,0.192801023568067,0.0739763792090985,0.103265457745722,-0.230238105335502,-0.134566043926489,-0.192243443502309,0.0559906440283527,0.10334014904357,0.200475702001619,0.327619330450257,0.145331681373228,-0.109587658685829,-0.224552319248666,0.045546374124187,-0.137101493643076,0.0717609658255438,-0.250607418906761,-0.109766743311444,0.0396278173768707,0.178365385329288,0.244535145330567,0.0183656749151794,-0.0460392221222008,-0.0317589091275414,0.250491177708069,0.261532608883228,0.293121060726957,0.0249533715290487,-0.0660072517050324,-0.260247513551634,-0.0510904131933999,-0.0266379227473004,-0.188754778620867,-0.0236212699482749,-0.160716564375488,-0.117577484033274,-0.107529000508417,0.0293617695259982,-0.220960752163392,-0.256436141987426,0.1563201332603,0.0536210716750352,0.12843513253865,0.0805688946187134,-0.161819070294377,0.0172830435950397,-0.249558086901666,-0.131195691090593,-0.11826197646002,0.241899981527043,0.109495132717335,0.0626571981077466,-0.136614912639131,0.109457995049806,-0.027849837808879,-0.226090390422715,0.00775450597818169,0.10859294824295,0.173065997556306,0.0752628468525852,0.322084363281488,0.22612948359564,-0.0811374357302066,-0.188486729191189,-0.0066332013717476,0.176200930586065,-0.0849383757209138,0.0365341772130318,0.129438468866398,0.0603387152942956,0.146936139124117,0.190488520895394,-0.171904563270698,0.0681542090977776,0.0331166018122846,0.198013404342825,-0.000919334458737854,0.0954310769244144,-0.107440042176802,-0.0591752848570936,-0.0559334994551044,0.0138147702879189,0.20368236542425,0.0302388441970841,0.0168682845549305,-0.0352667341431831,0.11221132210025,0.0227500291909131,-0.171446350069922,-0.0782886352142344,-0.183473282520778,-0.37034476070663,-0.142070651379732,-0.175991974124857,-0.0912717653521943,-0.183331933215777,-0.0404343083815187,0.162759499018956,-0.00359080977447675,0.0167733825304429,-0.121225462231956,0.00644386131126257,0.121498189831,0.0266789708968023,-0.125706926584226,-0.15798862845577,0.158758090628356,-0.220262527871259,-0.13676442828505,-0.148144560251482,-0.0720229384458833,0.106713422914522,-0.123167103659738,-0.0862757684949481,0.0991596802642471,-0.00397783340334295,0.218757416471262,-0.0683974371608616,0.104640143145252,0.0363187375524583,0.0662766837836408,0.0615645071026299,-0.0364692354332356,-0.153493345224422,-0.10884957080419,-0.244312072383597,-0.180897148725223,0.113239132992409,0.0595488454899931,-0.0580989646533455,0.132461922760622,0.319777376856404,0.167164714549902,0.0594322504834059,0.0137527971887592,0.00981021807034944,0.0853893687801706,-0.0620586721988609,-0.0640573239691244,0.160665172089737,0.0379032226941968,0.0749700911580934,0.182467541762227,0.416370837797825,0.0519084604164668,0.0697596067473054,-0.0841888648074305,0.0774196990692473,0.0512007832528438,0.0202516974489447,-0.131879334499375,-0.061890755863676,-0.428125227152921,-0.0941279732219293,-0.0175705185660776,0.0759210706792058,0.226639177010452,0.21972830265528,0.124528017116916,0.186475713948515,0.0346303332346666,-0.0360153543085861,-0.203482836303082,-0.163337124391873,0.0535553420536182,-0.189110620885978,0.0903426050113006,0.090293996703887,0.086249846840038,-0.0600975568757314,-0.13062125941518,0.0804436578645093,0.00875274213814829,0.016493108527531,0.123773853672968,0.173958737919003,0.164108189735694,-0.0099285030295517,0.226318053229405,-0.0919745094567077,-0.0184919534455943,-0.0833201208662512,-0.13119116923459,-0.0533392254552954,0.157907682191148,-0.0365544400341746,0.00894608173440761,0.158244634004439,0.020202879953234,0.366287498210372,0.282842063587488,0.0383434065224261,0.0392014640156914,-0.148701286848492,0.153048487423409,-0.0423739199329306,-0.0959227102812105,-0.0569662565651875,-0.147182181348005,0.0229553527615963,-0.127065627748709,0.0311263190209812,0.118523059346042,0.0630790595627905,-0.0957459275478296,-0.020425720136235,-0.0962330314577178,0.19732383410415,0.0789594920364258,0.308516088602164,-0.201428972779372,-0.202157941968243,-0.298820458504657,-0.0565803820712453,-0.066938256448398,0.169727351481462,0.0615189264384672,0.109425781021072,-0.103200211720298,0.168905664410274,0.0802991889744731,0.165345615866733,0.102492731653064,-0.0618894303116966,0.295017060679627,0.34668148612483,0.0509787939549062,-0.0676408976178725,0.176770983701236,-0.13331226844479,-0.165673232739284,-0.0663119857880632,-0.175196268460122,0.0690729784681822,0.112666277267041,0.137149487156573,0.0140442004295504,0.132106986884476,0.0957306796467174,0.0537779499719404,-0.0743642473408639,-0.111743021711534,-0.355751986543363,-0.167455037112951,-0.0783105820792072,0.0290824693026664,-0.0374278327180247,0.0693567099179702,0.0693206753586348,-0.250125768407343,-0.115868742496231,-0.141011392200125,0.0144624802753468,0.0497155737387568,-0.0746523287998941,-0.0544427304853448,0.127518707838989,0.238795438359907,-0.0737272757325515,-0.209929770956734,0.0548223583968112,0.215006310029683,0.141246009097707,-0.0445887855206562,0.0805689336216688,0.0314751335031779,0.0853382665609486,0.178691028470167,0.0165202850483545,-0.160314223470636,0.131627902095408,0.0649276728358295,-0.119272446163312,-0.165324162671837,-0.21567643278115,-0.283924671675041,0.0332945265039604,-0.156733280558199,0.00227347647858513,-0.16233771808074,0.0102100979926409,0.293288351901878,0.175913967800793,-0.0467771009341557,0.303340230236813,0.123613086967855,0.19874381627372,0.194642467210381,-0.135504573583887,0.0924970012329935,0.273280517731877,-0.0602284338330756,0.062842186135454,-0.294821529731124,-0.0135595195213096,0.121332770412421,-0.142793301004434,-0.0671499698134709,0.218804870954295,0.13085483032094,0.0975638695198032,0.101507016445911,0.438183497786101,0.31156646546812,-0.0921957278713208,0.0375603050318458,0.0282285585084142,-0.0998145713513471,0.0134887858937279,0.123317672890654,0.0792565653089859,0.161678888839651,-0.0123234150105121,-0.033269463989226,0.300571680482737,0.127211312787341,0.00609823309663902,-0.173631685798993,0.102203157965202,0.0584142231357599,0.15641252369987,0.0932816306568198,0.125205266137651,0.069852081010004,0.0523616146766418,-0.071934000563806,-0.0892462454951557,-0.00592302527726486,0.175603302553487,0.421545737653065,0.274522311334124,0.154297470534743,-0.0365870135535071,0.0882728477248116,-0.0767233680549056,0.154711582147429,0.0754015017242667,0.0416502945195111,-0.0475600876068635,-0.00473015330118212,0.047890798181996,-0.10859465045233,0.108127960510347,-0.24110298564983,-0.178508715104089,-0.0537998005917694,0.14484489788371,-0.177420907201085,0.0723173826414936,-0.0736186904390871,0.121675189818585,-0.0783871016802004,0.0735730879926788,0.0271818778023835,-0.00283326718124677,0.0529466015507229,-0.0032591776080159,0.147370008861155,0.245626300049286,0.109813945747493,-0.140289953482038,0.129885612949763,0.068853889923503,-0.188114708309563,-0.0809344656154966,-0.0365103012495322,-0.0233735925604264,0.00931367376755799,-0.0524670864986031,0.193218800879265,0.184689351533475,0.0106576588037034,0.0501392900963231,-0.223532871311669,-0.0863081276165044,-0.342970252773087,-0.0777294279583618,0.0268173495827193,0.255086925125574,0.0578236669785507,-0.127101215827748,0.138944046318157,-0.108285816803036,-0.138699715176962,-0.149321038788195,0.0173907101533067,0.12759083687428,0.106514917953707,0.264858976887118,0.0527310037469683,0.0620415258926311,0.0405192557098498,-0.00760529969544132,-0.155582123042137,0.167977334794201,-0.195549399648277,-0.0389092188212666,-0.0856245198696914,-0.021218100463255,0.104413160120648,-0.0905176392532626,0.0226394854718426,-0.0010774162747207,0.0380330637103029,0.23810431075002,-0.257714779737569,-0.162942143598871,-0.12642294335136,0.147424926966799,-0.115192822283387,-0.198642916072054,-0.111230346143892,-0.196569815231198,-0.103014182307409,-0.0510883805470327,-0.0901282296594839,-0.153037553763398,0.0846579671443311,0.0251685407284124,-0.0979952185222074,-0.350568597491283,0.0053038770313646,-0.0643021100860151,-0.0311265822240194,0.0454660054673043,0.266543492341767,-0.0643616688378342,0.000524018909946251,0.242905946888521,0.232277004211926,-0.168676517376579,0.212867617936256,-0.0870363358032641,-0.0813656032024198,0.0344935898627513,-0.0550992708608536,-0.227834488128382,-0.0100787677436301,0.140265011553654,0.00428769913564175,0.111402175416686,0.0812553802298562,0.138158378781721,-0.017182563747155,0.167423485066149,-0.190143384790617,0.0831582187382102,-0.0714485351655811,0.0358561617409606,0.0565479076076152,-0.34829445010454,-0.0377372084787472,0.11578657705485,0.202155455901299,-0.117880190313493,-0.0381363449039362,-0.0538947073120964,0.168547585934848,0.130782025373046,0.237801688148637,-0.000449485228762585,-0.0394527247062144,-0.0593983126353981,0.0936021883970554,0.0492124891745948,0.140946118215377,0.0610839592309298,-0.0785946259430588,0.206357635016106,0.053541027084876,-0.13343234494353,0.253596259583132,0.124992700496727,0.0793598144902634,-0.0501847417115867,-0.050561101851659,-0.172871888027023,-0.0744626627964951,-0.139539069459545,-0.124850679823665,-0.111878826095209,-0.0430478341313748,0.409867768788963,0.324239236638268,0.132094478131118,-0.0378726297199312,0.193654367245745,-0.213960552692153,-0.0511334024951329,0.0121363282800709,0.0382923151606567,-0.180617523706879,-0.00986185381825032,0.101868121627048,-0.283095658986058,-0.169797870080847,-0.138334488216485,-0.0434034291617874,0.143976161777605,0.0241248988882862,-0.00261191058608232,0.0861880880842762,0.0881604150225306,-0.193837637248673,0.00807032330822062,0.0274367806288306,-0.193601451300494,-0.0244262353794039,0.088906225503035,-0.122625513713048,-0.193149199872891,0.00230534819933001,0.0823889786403535,-0.0965473145636265,0.084371231849749,0.132037197063287,0.157793592537842,0.0341865880803489,0.12778013639069,0.1049291116205,0.136225768397704,0.00950934966293173,-0.185899542963973,-0.224675811843034,0.0625409467896437,-0.104580654597185,0.0784055152413934,0.208690629822723,0.115130901057504,0.106297590403388,0.0331283313686172,-0.115534669359319,-0.223298637282728,-0.00582439001343441,-0.059489032167204,-0.0949623736064776,-0.147345464429601,0.0240360459127383,0.0196308846996623,0.0786699074860297,0.0246614022797274,-0.210986598395661,-0.159747395566174,-0.177703210453541,0.166683471891441,-0.0723115362747664,0.0366353355483834,0.0135364734232043,0.0783639891852146,0.0494852638953398,-0.113911382085862,-0.10104024700064,-0.169836695802188,0.00892106891492206,0.00830492181458192,0.0781060459097408,-0.0231431039269873,-0.0528527531037898,0.120212133819782,0.0495058196535859,0.0423683402468409,-0.0212210693194542,0.165423234329039,0.00102619963682294,0.172417450764479,-0.203806109758674,-0.137252779491685,-0.0901783161949248,0.28521984273778,0.281025192255745,-0.171786501012242,-0.00219342342180086,-0.186330002596141,0.00131627217582807,0.129930520809768,-0.130481785344002,-0.130832586395368,0.228099694498378,0.204724983880195,0.153566419725124,0.104095635455419,0.0482622591589031,-0.0946650420716193,-0.101265756362518,0.076379177372687,0.0495205227369086,-0.00844629550523345,0.079450490217501,-0.190192151856083,-0.246473999375597,0.0578067730747129,-0.0473703784163401,-0.16254971891575,-0.156887988797493,0.0720460445478577,0.0829465371514967,0.168048579216581,-0.0160090346382083,0.009869894693319,-0.200257333445583,-0.262710566386607,-0.12290860122922,-0.0780689774454687,-0.0808749384512605,-0.14030777881663,0.112137858448334,-0.286669745867516,-0.222352213206555,0.0125371338872037,0.0333905799094861,-0.3046724806963,-0.123518204703852,-0.109162727915289,-0.164261557730683,0.225191651628236,-0.0316881932928064,0.0608016692921569,-0.130361212286928,0.307639947998306,-0.0151901857589297,-0.000117929475098033,-0.156810811151222,-0.0341217327328545,-0.0579346289437533,0.0294628180853465,-0.086112214802094,-0.0914673772188961,0.159701481605316,0.250586580712555,0.305761330954904,0.0713249411641132,-0.12350616046841,-0.190607861399457,0.0457989027195686,0.0773069157140875,-0.0627372345843008,0.0153331325028526,-0.0717165357841307,0.0177216017109153,0.267859235373352,0.135466239910355,0.185282326860902,0.0313127165480882,-0.296411106051005,-0.00104156886352526,-0.00232769559222202,0.0458218112341336,0.164176689284147,0.0909485928446955,0.0286697895904019,0.154690001643345,0.160733414114296,-0.316698130008401,-0.0823444551706297,0.116564495690042,0.0103147575769477,-0.156059099206683,0.0569942970705145,0.0122868020338212,0.0668587207810953,0.0202014963670647,-0.183651285692799,-0.0911575487726629,-0.0381112429587313,-0.199836534943364,-0.0214103216452548,0.00868645406695098,-0.0431364250270786,-0.0104533093111295,0.229575603256002,0.175289615960746,-0.254074824788066,-0.194259816966759,-0.163842400574045,0.219296614035391,-0.219371563363907,-0.218449363885721,-0.0420647483636599,-0.257935420997795,-0.0735007525986395,0.0217928635208264,0.142693939782653,0.100608915550392,0.00153707486258728,-0.162494935515961,0.165142791643155,0.000343170295372352
0.345071518542096,0.110631134773777,0.0871069555978368,-0.126431993411567,0.0452287281961112,0.21187069457652,0.101993433575011,0.291147149262378,-0.162655195616761,0.198923914350516,0.0141086217632259,0.0891616270484834,-0.269726572032479,-0.138262385450418,-0.479019974606295,-0.257466312529196,0.168599330356394,0.0867644607841436,-0.445539014616534,0.0569891561710308,0.206957241117064,-0.0198750582696387,-0.0812859031371998,-0.0219427488465658,-0.248136933819684,-0.439351094403226,-0.325970399379539,-0.110054201587495,-0.691641591935339,-0.180874898119633,-0.376729501404561,0.419227367824156,0.363192077636924,-0.101638667289756,0.00990382163050964,-0.29135055582125,-0.679250096147929,-0.15453430014484,-0.458765369553524,-0.455883738003763,-0.193733718818921,-0.212472686270934,0.322801588703701,-0.165199846784649,-0.329647954626207,-0.0706471164278083,-0.520840879849836,-0.174787001355538,0.128326470243962,0.19954041713485,-0.391001144026894,0.0659780643847635,-0.160589854064843,0.221679182515412,-0.305203818463171,-0.335016494886291,-0.301585308334448,-0.472359056790976,-0.177559062531597,-0.28854933280845,-0.527303734528532,-0.0624946049670531,-0.138800545884422,0.0509317813092038,-0.187465215406568,-0.39149963257405,0.120107427290689,0.0361109930693489,-0.00108885526976433,0.149411853851355,0.163603550760272,0.146610622872721,-0.219113505112048,0.0875449842621331,0.143682015183132,-0.134113272128419,0.276253215707643,0.149495719125009,-0.246687001633288,-0.080993525828293,-0.0187201193121876,-0.398393689225678,-0.128259253531028,-0.0516538709600951,0.257452215676027,0.164070340065337,0.364074812802337,0.0804150588917353,-0.0610864197393361,-0.117958708248955,-0.707715841595875,-0.151866791120293,0.255091431911778,0.499144658361217,-0.0415267488236701,0.12860162766698,0.150983239560199,0.227488645694361,0.215655033826723,-0.0980074543089847,0.0375107891845096,-0.138299495365117,0.207238412473622,0.232373628575854,-0.128467962790041,-0.291224530771453,-0.452311302367172,-0.203745177954927,-0.296439379398849,-0.124299164516729,0.211084751275681,0.37667592542678,-0.122477086553288,-0.0642146285686199,0.0115952723774471,0.305689279662717,0.425028178664973,0.0913650371553529,0.352257732831749,0.292081094751013,0.352690530281652,0.160700548642515,-0.273261183283495,-0.308793201278634,0.0246578109328287,0.267391702921201,0.0412386806389427,0.340968525778905,0.138626036394283,0.0787993497126471,-0.672668529783197,0.0332893014021499,-0.220031515900165,0.0990770985857066,-0.0835384219918637,0.130232682652745,0.131692919024282,0.103498111877797,-0.102106010097435,-0.25198620174618,-0.224089635207294,-0.732096029146952,-0.527275709636095,0.149798368591458,0.180671547594332,-0.120083551190763,-0.0802818171923924,-0.273134119134039,-0.162621180305126,0.0289435831311866,-0.292700839249231,-0.0902365994710443,-0.257998505114265,-0.156664491063827,0.00412779856152922,0.328445916683729,-0.0118542575136249,-0.182983038474905,-0.015825443386896,-0.156236344136782,-0.07744885812922,0.0358934700999769,-0.5010313373293,0.0672877499773598,0.0535574312213945,0.0246805474813313,0.185091875825731,-0.364256007601912,0.105553209198697,0.279938055649265,0.157831462967179,0.345470209265471,0.219534023934238,0.411705779169209,0.479419049450391,0.0179966820394233,0.152082323529518,0.0751577312549569,-0.203751995903391,-0.14821425869839,0.0344820003538627,0.254311126247769,-0.0423050237195173,0.062382066905198,-0.0865896923769321,-0.0176326895043181,0.0707873267821219,-0.0149629012219122,0.478096436370895,0.238245687972709,0.294770452609129,-0.00440562896054225,-0.0352477616839526,0.336639815882909,0.456147928027474,-0.0996102424042963,0.0957145298253434,-0.266776997505371,0.225504055651236,-0.189876741922533,-0.0677673048189582,-0.0491265389787348,-0.160085290676175,0.0882423832861361,0.627748658995161,-0.00752471419389919,0.51297952504936,0.53514246588659,0.0549418206694156,0.138982291173824,0.20622483717759,-0.371935203438404,-0.641629110659783,-0.389494729431696,-0.408104683553386,-0.0130347738915866,0.130084082591922,-0.277122122962455,0.0107399585850406,0.00810762600615075,-0.310876470331542,-0.213045178783841,0.0184171334396545,-0.415286132445582,-0.570731996217753,-0.119347214222981,-0.196311357361413,0.416992333917806,-0.0780501082477121,-0.218495880718898,0.158352211692436,0.0307091926552026,-0.101023509302958,0.792530810154258,0.204973829354662,0.00478546040895896,-0.12718238186522,-0.28219499533063,-0.734410785229533,-0.322992931473332,-0.284079266552048,-0.304393197860369,-0.0449655682881611,0.0468553290465095,0.383750436632733,0.198039726558488,0.488192870445556,-0.283803228909385,-0.273310321647857,-0.0346825337106649,0.0296605241981126,0.325470419978664,0.19766680269736,-0.0257540265332854,0.0298852365866502,-0.355119115422742,-0.58681509328193,-0.422841980020105,-0.544893192945586,-0.255864428790448,0.194114673775181,-0.173812958029822,0.30832569229136,0.284812593935277,-0.0675977116732996,0.113006566753139,-0.0719548774111642,0.128366391727061,-0.134184890437898,-0.0993634820882233,-0.653870260955758,-0.709048946897993,-0.420906842244203,-0.451859282760267,0.0371962151893016,0.0739184154481845,-0.0116736733453254,0.371849724896391,0.241305008263884,0.404385648567478,0.496995427993009,0.288606973491768,0.109374867113812,-0.249410382057636,-0.306905098901963,0.00270261937666863,0.231880008888135,0.232861490363742,-0.313872039397195,-0.325079126116955,-0.340475459192738,0.175035221621184,0.352344543169531,0.348825455711319,0.182806128531644,0.0922536154463727,-0.0939254775043543,-0.176365698627048,-0.10213625151443,-0.0370969447492348,-0.278451319569125,0.00918858377966631,-0.349868679011844,-0.478249945213079,0.0529854043511245,-0.770829063932782,-0.36447016326301,-0.482719084974265,0.167191395917078,-0.191715145155102,-0.185136242118373,-0.15925076567886,0.0399811088001671,0.0583239291034423,-0.324352613854436,-0.137765327521821,-0.186633630016177,-0.0441548784311375,0.231159866078715,-0.00727455348814436,0.192926419625134,-0.00704470822591879,0.39617425523101,0.522624161780371,0.463558478549807,0.196737933305396,0.0764177083604814,-0.0145283965627274,-0.105309495964712,0.0607650912542633,0.180549709756926,-0.00760122130518271,0.467267947930515,-0.0379911747856534,-0.403607608217117,0.0379587063102036,-0.4120609357026,-0.447643407058223,-0.370079178379044,0.187364579524579,0.346124632425481,-0.0714909335606951,0.00608678666046494,-0.244121870488731,0.24104676406986,0.158030132693639,0.0887073162035895,-0.298762535643116,-0.336200308153353,0.151041271978067,0.109521085737715,-0.327618803212643,-0.0590246060124209,0.173705963028406,0.578955042713059,0.360233835852868,0.318947005130928,-0.0325396578138908,0.24838928526866,-0.0697228214008694,0.46498466198124,0.0645619801345184,-0.332902286104649,-0.365754944230552,-0.114546227097658,-0.603124011279825,-0.333033503534029,-0.609648309867309,-0.261249163940607,0.0657110544213172,0.0542828167193049,-0.44357834391995,-0.115734428415322,0.416771951161709,0.178021220805853,0.0653181275205113,-0.0613089853556187,0.218541360365156,0.145507494950829,-0.225629816894924,-0.20560525042528,-0.442660747359722,-0.278162118734479,-0.391275656788762,-0.416112572844107,-0.125884466552117,-0.0556849713898247,-0.196082992257753,-0.0608053961404173,0.1126031569441,0.139128418083164,-0.251409115348568,-0.179143035418503,-0.378520501479355,-0.230969288343097,-0.596918050529116,-0.408311736423548,-0.124747730509448,0.308300987851201,-0.0196752270889704,-0.0850454573881273,-0.259386351274616,-0.0730906387348047,-0.269802571950123,-0.246459394840497,-0.0404826289326533,0.449178203214794,0.0388410910386576,0.0481905485960029,-0.420334262032086,-0.601378727805631,-0.667141721178125,-0.0192730762268839,0.0836034462836501,-0.067524204003322,-0.172461831029893,-0.117756752525529,-0.259446919422093,-0.0324463148755144,0.0998183633806466,0.0800440009232497,0.129557609163899,0.428199002700256,0.0518795654663415,0.182358630535249,0.138443677698953,-0.00263444352886952,0.235602134957838,0.115080977513598,0.102157383636049,0.291373182423585,0.0358010992941733,-0.0807389433780187,2.09692947458068e-05,-0.163670867142058,0.197967572947796,0.0645111079564222,0.0676233267097482,0.040126173716777,-0.447165619886787,-0.128723115897963,-0.456294783210033,-0.1219660013795,-0.0567126527206537,-0.0486749333500686,0.437843098620979,-0.110787106973559,0.1791827898471,-0.0298031134058763,0.0683136606263872,-0.422005531094503,-0.276472895356857,-0.346919117621737,-0.0982090760988399,0.0451082355443411,0.058317377828848,0.320385562955032,0.138244104792032,0.048427282513845,-0.382883917643517,-0.388854090014399,0.26573684990524,0.0790428324463197,0.0266588376891978,0.225030026553235,0.49009224403195,0.134935219569559,-0.0206376625957176,-0.180268634615619,-0.161391992245312,-0.115900434507429,-0.262644753836712,-0.201921480309546,0.0798660687205722,0.312428204766624,0.0358232370114524,0.273116606392282,0.186971093915257,0.337218318628215,0.330373629057352,-0.398842675462999,0.165129482008134,-0.132213799123699,-0.0845599054700224,-0.398247925588684,-0.67872422481591,0.576745210158806,0.248497521431028,0.300136991300827,0.260802220295639,0.373436301120343,0.530217635003086,0.146872036077536,0.124230713974311,0.219675783359256,0.119703310599992,0.191739865095031,0.527525232770636,-0.16650727849797,-0.0082709254037429,0.299634043607743,0.622487551888124,-0.267834689656026,0.021125180812545,0.215986204454907,0.24487568888092,-0.23697873345642,0.200863008498473,-0.230732654339549,-0.499733894023581,-0.286080534462078,0.15410019999678,-0.423947882414495,0.180246286415717,0.147021319032735,-0.0489330305950827,0.0685562890080886,-0.0206500155971906,0.0883969528489673,-0.0159527889842554,0.342814448740758,-0.150625218558773,-0.339712261891003,-0.284029182437037,0.08455448707415,-0.184130762478624,0.324883478733566,0.035035087568475,-0.0113774603865964,0.0106657498919683,0.158730424230097,0.664107110133462,0.282830033965553,-0.290747713764049,-0.00520712622518626,0.182053144072591,0.0421618095084096,0.240110115297998,-0.44574054797373,-0.434293707199579,-0.45740078990872,-0.0308776372711438,0.261304847037558,-0.125351014519302,-0.208889811725044,-0.374055705254517,-0.327848411508348,-0.325008048745881,0.148251477886098,-0.107103384494165,-0.214587200364056,-0.389103424281802,-0.440573577476111,-0.136375020304892,-0.332736920894619,-0.255270068812563,0.147551225459881,0.311840190279415,0.126562953400351,0.0534931146648628,-0.113706398539147,0.118513561621596,0.0516353553077389,-0.747056549012432,-0.604337617375987,-0.31441852082898,-0.118337158802673,-0.215564341455466,0.121417682166896,-0.183138948138199,0.0454326791405244,-0.206938121222051,0.214451047681062,-0.133333027608271,-0.17364803145639,0.502908245131075,0.461618691820372,0.282914112316279,-0.0500293315929552,-0.264399998003308,-0.151120622257097,0.339251614547866,0.48367432560439,-0.042062201428099,0.10226589109899,-0.125607330584767,0.104830459992501,0.266612066563532,-0.205996073132135,-0.148232480695725,-0.0336649839134232,0.228962792384914,0.0886688457173848,-0.129068354518722,0.130983153599999,-0.255339316619722,-0.429056139072327,-0.475161247292098,-0.512433962796398,-0.599101166173792,-0.16543730086159,0.37330141025983,0.340279461572099,0.0659934007043317,0.294295487293908,0.336875068839682,0.127854071126416,0.0943800738119406,-0.0822215869142423,0.0058672164725799,-0.328050940577543,-0.181228711050556,0.182149508008391,0.0459788531929413,-0.2515988157907,-0.10501881408882,0.437367144564917,0.31644562014398,-0.065243140372487,0.131658116040448,0.181483479038822,-0.0558813903442706,0.36858028548363,0.154639550584648,0.26672599754798,-0.0788131656827803,0.310022490762428,-0.127720138909168,-0.263787899105388,-0.1194107899133,0.246767695989483,0.0808639363847478,0.345459757766848,0.62224214183675,0.161726621378141,-0.168125181892589,-0.0965098514117622,0.371672055394206,0.0101042262371096,-0.35782254607654,-0.696831526884379,-0.233508395156112,-0.386709581935265,-0.36007405568139,0.159212278165693,-0.0489710914099471,0.398548246423919,0.166619287178735,0.0651817469742397,-0.384128218556662,-0.573948771701164,0.103237333824879,-0.0389985809522054,0.207799618597492,-0.239166624953637,-0.0580159056185115,0.127090135559228,0.0992357376449559,-0.469715306202004,-0.210998885081987,-0.249631479525957,-0.641300594367054,0.151129948169623,-0.0175014628768913,-0.0464814947213484,-0.0446338355250275,0.109447395551763,0.00769964915757458,-0.329253918952893,0.0636813367136223,0.34765399460272,-0.150333547346012,0.327003317138566,0.178718755883702,-0.0486062878641823,0.0228983290682347,-0.134104728638653,-0.197368727639977,0.199959989634267,0.142944183196733,0.428906298292842,0.52200292691392,0.353946884070739,-0.0430441160305497,-0.00410370779581124,0.0732193043206866,0.245994400440854,0.285239366593949,0.203896959127737,-0.0223338131064213,0.0548618695699568,0.182056041779566,0.155030062315005,0.295138811557977,0.266253404627938,-0.364234432466871,0.106918813967472,0.235499455650944,0.167285655374678,-0.5053736268325,-0.172439465385657,-0.387136492013739,0.0274158451533457,0.149674802767057,-0.181087730063337,0.0979295422436725,0.144338834004261,0.153400249193059,-0.230745438379896,-0.522384519745808,-0.654220286234393,-0.313776066155843,0.125818327758361,0.241549344585011,0.0634741949343343,-0.0478567336101094,0.0673020953866204,0.0504531903950847,0.222877204971913,0.0691653830636857,-0.652145711542967,-0.25883168304236,-0.355594698333132,-0.207113209953903,0.329301571375746,0.0335474522960949,0.0883479465625346,0.0928064136262239,-0.51463816223745,0.0615496177958215,-0.257952255902652,-0.360347329403023,-0.218186896772689,0.496617108726103,0.125904733047574,-0.225218994139982,0.0580472257219119,0.308933518674619,-0.0815227777987291,0.107850732906259,0.0990581758829626,0.137969048296462,0.174819791812032,0.246538232381525,-0.0414486379278411,0.479029019621415,-0.0370245271244712,-0.471067292569766,-0.307786567296736,-0.162556541343784,0.0154033035582463,0.18756534179396,0.484934464479352,0.667699742972959,0.305801640483565,-0.168231630070193,0.535129623464728,0.675385460023124,0.104057993771377,0.377273118537078,-0.092507267838562,-0.388858180216626,-0.379216024881741,-0.136308338454712,0.0118834350859301,0.230517205184992,0.171352230424051,0.153792075214354
0.212267384503411,0.483135419551144,0.14914944161851,-0.0346627944951887,0.276125682663454,0.0383879310541036,0.264966379961837,0.116490631485521,-0.101558891336407,-0.0298966826599112,0.159486020562889,-0.0173834128312998,-0.167331039288225,-0.172037932353703,-0.32081911639278,-0.0984143094701752,0.0351482385942007,0.244680348813718,-0.38305078085424,0.0963052974175647,0.114502670488052,-0.0343759841637798,-0.091168923020518,-0.210576808104343,-0.162545140842474,-0.268005159664027,-0.275880220506938,-0.14873306026882,-0.601996650901161,-0.197367228319092,-0.297241838848202,0.449587926155352,0.22624735664135,0.0288606024830076,0.00103631987391952,-0.14277473323235,-0.398058949050758,-0.281221751874129,-0.32704229350754,-0.28154982492968,-0.20071404389976,-0.178579386348892,0.0683607333411983,0.0821698589010492,-0.471472302404696,-0.113185935443267,-0.503052591504373,-0.0691366809183731,0.214574421154039,0.00578599354711502,-0.167399154233234,0.0883539434313255,0.123309525028102,0.0999350367985418,-0.279805730646715,-0.18808439105256,-0.221797704531503,-0.577816774891658,-0.236428182764694,-0.30409091512223,-0.267450555118011,-0.227202561943637,-0.10043907881297,0.0172763766339076,-0.0755954099383092,-0.506391379327392,0.0409610613023124,-0.0897442980762788,0.0283147045621599,0.141492051599471,0.0725834211799377,0.388325602397322,-0.465383479307717,-0.143217542563442,0.103514396331345,-0.17301671396797,0.192324435067121,0.0170230760743702,0.0428230676755167,-0.124892773167635,0.096937922182809,-0.193501924591129,-0.0277846141228785,0.0152474641377402,0.143601508687283,-0.117843968835398,0.185346696657777,0.195222498806956,-0.00523362776748359,0.0177491084392981,-0.414288126272986,-0.238052936513855,0.203011610992038,0.427976389644379,0.0337417021731714,0.114546945334741,-0.0333972776697645,0.370804978029075,0.223485311555166,-0.0648817099863093,-0.0952221387675964,0.0708626737712748,0.07469054153945,0.0490319077031943,-0.1540078056025,-0.31410193123718,-0.235006259989997,-0.50470688275593,-0.00970277564283174,-0.0828012262251808,0.32778963096345,0.17361717851784,-0.0216181537219769,-0.0758579111434376,-0.217548417973605,0.135184461367538,0.146542996239408,-0.0332373893139102,0.0371855644919159,0.309299485976809,0.388416792316715,0.146665087909,-0.0938654273016504,-0.140466180732935,0.0180346551832286,-0.0813087294653773,-0.113057074478156,0.101964109025547,0.0995115526820744,0.0251347607296892,-0.53880974269349,0.249339088405651,-0.0403886995655144,0.297784643084951,0.0379143730314306,0.0669550598040359,0.0273109981509245,-0.0359513284187126,0.117193600519905,-0.243953065181281,-0.223049721479705,-0.407442744180466,-0.311765117113539,0.0626120050557397,0.0947137538023524,0.0185134938508731,-0.279628002140052,-0.111306816420152,-0.256002043499289,-0.00803050503471883,-0.224613457835201,-0.242693127876599,0.0394041014057207,-0.0548703452995094,-0.162824205667711,0.372463832640758,0.0209182011615231,0.188828876362087,0.14931894362171,-0.226215366773285,0.00929112178979501,-0.00433075775325428,-0.363113881588929,0.0537172344589245,0.0335005704026669,-0.0522095918028456,0.121583888043605,-0.301946896466097,0.0886290603831222,0.352464870509317,0.146746150751405,0.416246247875398,0.157575505672525,0.281988057469206,0.326456260649568,-0.0209991923106674,0.0649198809097609,0.0313538143371218,-0.0492249591371783,-0.13327342539779,0.0958585773687089,0.11855882915787,0.106177800890921,-0.10804613970814,-0.0626867216686485,-0.0388698529782581,0.0777263194587414,-0.0320456521205654,0.504078115160697,0.0290879928125895,0.43459156712411,0.0579942272722703,-0.033517667191188,0.22494367496265,0.428604696618073,-0.343532315855548,0.0569879012056403,-0.059500180711357,0.171648492277633,0.109931899315,-0.187687223473509,0.0186855904246787,-0.116195467499712,-0.170048435973854,0.317266449950273,0.0901286282439683,0.147257662807074,0.533861716144708,-0.0417364019018348,-0.105629681051922,0.0863801630940155,-0.173336022792255,-0.685082001507224,-0.302023731546064,-0.229510787742766,0.164713502748524,0.0581573211405713,-0.23973019084827,-0.0232749333539652,0.154039474530797,-0.138238970264296,-0.0556515528336164,0.140709873994498,-0.0870466305662231,-0.561604120561573,-0.0775800830687697,-0.259351142827104,0.0183133249432003,-0.329027687210142,-0.165456452078857,0.114116123380675,0.0907267858460964,0.0174574901821861,0.499937689606418,0.198009513832499,-0.225598742911441,0.0106343720018824,-0.365117189060427,-0.440646786056517,-0.55754071060175,0.11599713634615,-0.409082647742629,0.0658757465214249,0.401493880205975,0.0839706470686078,0.106289245732481,0.268694430818819,-0.131526641345192,-0.0634263036331622,-0.0510376220583513,0.0512928145088893,0.153938641738338,0.0901374582028534,-0.302622712176986,0.062400024456563,-0.299747109178986,-0.266478322013495,-0.230362912787967,-0.277050571757862,-0.106129592660085,0.126549500176333,-0.0452473266347786,0.469204605115588,0.293022299964704,-0.0123509705120192,0.00599153087165676,0.0478178065497408,0.128077039336144,-0.331229020445382,0.133508204694344,-0.504247760838305,-0.608558385465306,-0.238028520353041,-0.170448172214861,0.034217120047621,0.0223070275895124,-0.0371987465958983,0.351619969669024,0.1245431418073,0.373560594211318,0.0446241169141671,0.199746770942796,0.171383889467878,0.0176576895401046,0.035743912845232,0.0224431710468341,0.143609163643441,-0.000186244164236453,-0.275423426257447,-0.472138508921809,-0.375520413236084,0.320798447386131,0.230581295465652,0.290627488069497,0.295731597088292,-0.0186945790689562,-0.260094420906333,-0.0967808830568926,-0.341007138034786,0.149172630354282,-0.244649917038811,-0.295939768281633,-0.221450643403761,-0.319283502029935,-0.0433840875109296,-0.536412471453011,-0.378983598043206,-0.154452283198515,-0.00175762673760592,-0.0693398459975858,-0.356206794535686,0.0116331006333519,-0.0404794382565176,-0.121223875432357,-0.161377079297467,-0.0374174433854999,-0.18046980708833,0.0121888028767731,0.0335569414329776,-0.101304131317494,-0.161760670402143,0.124077742211692,0.0488016903834208,0.349378791717516,0.351372740125744,0.100995990008213,0.108762247744985,0.0249479191293179,-0.0128008121614187,0.00362208031105822,0.0403535326414183,0.0159903739512226,0.158620998116137,0.00482706378781641,-0.178660914388276,-0.0598441313067776,-0.0591993818579946,-0.261041303076697,-0.149468484171889,0.0945697491409109,0.125074594810236,0.173424841214493,0.0107548118191245,-0.236131260636154,0.131623168287982,-0.0435096463435707,-0.0138017810841484,-0.109708725450416,-0.235786712374102,0.103043896984969,0.120025471488112,-0.404625995825833,-0.07177653760681,0.197579447498943,0.307927239419342,0.351456197429112,0.510014964412867,-0.145405253566704,0.108131347260386,0.0629994528265761,0.108650477238658,0.14826783330745,-0.259149565107014,-0.222524522299595,-0.00186154627034443,-0.24323586075142,-0.12077163714228,-0.168282751840594,-0.186847612383904,0.0720807332869517,0.0503845634786318,-0.372674436152605,-0.0649910883602576,0.0356365489861262,0.282926667770491,0.0365380889315383,-0.197172209267214,0.19637918793761,0.294924508034972,-0.113022526606324,-0.224068687738112,-0.0829415779771747,-0.232806339354091,-0.550819607989317,-0.359946959062672,-0.111181557281883,-0.00267429718156509,-0.300803940047569,0.124233003130975,0.0313857767366272,-0.140891673460139,-0.219457115608597,-0.0015022515538252,-0.263591728214026,-0.0906323415798414,-0.490607091069684,-0.287700666913495,-0.0252596985750563,-0.100695985625043,-0.100346591326929,-0.0332516737311405,-0.221971320591738,0.210467287500263,-0.208440550833922,-0.307492003746383,0.103911391106907,0.149281482828234,0.105910385160449,0.0748178253231243,-0.274787606133875,-0.392328859572951,-0.134632134459728,-0.0664391156001588,0.036345031723789,0.00999905153484588,-0.0542657003986348,-0.0458584381966529,0.0116678410872064,-0.0318280155065429,0.14248155175873,0.0667088110242396,0.0373803254273676,0.262076878062708,-0.0901103187361513,0.0471424841549592,0.346115566258687,0.0465709212440814,0.351357224351599,0.231165982783278,-0.0511094159216356,0.275227453001843,-0.0384677342007988,0.0694929783327963,0.126731680504073,0.00224603530290221,0.0237047394568063,-0.109155322097364,0.0666823324016379,0.000296926425577625,-0.353029129154443,-0.182750010088176,-0.261600074697566,-0.422389282791572,-0.124190514929122,-0.0488852208488055,0.355798084993075,0.240280561888033,0.201748580229282,0.0173494458595581,0.113635791319076,-0.410121916532772,-0.0556271645417526,-0.248886664529921,-0.109306082987823,0.0787029908703582,0.323475026525548,0.344956132655309,-0.0137594269412417,0.117587577583114,-0.299004654328409,-0.414353037724739,-0.0110039315367446,-0.0591272302881051,0.212506297369604,0.125849381998601,0.234941665524776,-0.0255637926484313,0.0246033103352912,-0.217235941820132,-0.158723335846246,-0.0373165695100064,-0.0440180805276048,-0.172564330352946,-0.00152138627971611,0.0898034372646293,0.088738510232257,0.0771786178918813,0.0669097311778724,0.137886839412952,0.0541726768685057,-0.296280064223363,0.155747620621954,-0.284287360520251,-0.0573671641545611,-0.162442322144617,-0.37120557750877,0.356666714701372,0.184171842520248,0.286468189830576,0.0765297659182262,0.156581426432108,0.205765633226571,0.0762144035267137,0.362527221237089,0.219112444757738,0.0704867833668475,0.336309209258618,0.0247985144531105,-0.129855590687013,-0.0959425316843717,0.249747101909153,0.443439368532856,-0.144004222071199,-0.0341315023233536,0.23294354501526,0.0425061913706436,-0.212519062151343,0.0877132971720647,-0.121831838523368,-0.337091353150309,-0.210640199063343,0.0373693655965419,-0.0770892491574484,0.179364366459644,-0.168547810410461,-0.00570976598401079,0.0677707889737885,-0.0758224112158566,0.0408404039718223,0.153467831833026,0.283308785005372,-0.065477656257518,-0.0974978469826413,-0.0203275912662073,-0.23024634903,-0.00940548128102961,0.410238737731901,-0.0850533585779704,-0.0344480038575774,0.0887865790232439,-0.068972158570233,0.542263007650847,0.201650708149013,-0.124456110718767,-0.248116320124014,0.0561629303163801,0.0695200113853778,0.252560530985183,-0.221596600064116,-0.131219372345533,-0.391517187309762,-0.178466300367968,0.18969695970174,0.00461947579507406,-0.0693240500382985,-0.297674145691955,-0.0104277493756256,-0.323531571962878,0.115445872742359,-0.084802038648144,-0.0756550679134336,-0.323707900444216,-0.172189154743882,-0.300968425963929,-0.353186764302526,0.0592382822733948,0.0963540825331234,0.264372859659053,0.200494026054668,0.0126488252637851,-0.0545855507793973,-0.0479455853562779,-0.0892277957167441,-0.515926451381854,-0.345994779937442,-0.301991378758302,-0.176670799652929,-0.11000722328398,0.0917102948696677,0.128658650069731,0.0847336002072514,-0.00832607623386546,0.0375944749553913,0.0589480169141336,-0.136743292686527,0.407357702637957,0.11530158911825,0.20105638389903,-0.0282882025151792,-0.112356035125724,-0.110910851535618,0.324889094231608,0.214368615527454,0.0463363477664575,0.0247968667450324,-0.26231153174355,0.217670423831494,0.0900858412132945,-0.151274219787456,-0.0498916138468138,-0.230043185822725,-0.0156269414038566,0.00994151884808003,-0.286098029204262,-0.014440621704934,-0.271246473527371,-0.393384283996629,-0.423190449834871,-0.370418603681661,-0.371702711061544,-0.134108645927843,0.0544947701539402,0.109779796879109,0.0613034962012297,0.219448334096679,0.226383709620774,0.16933507032446,0.0903873751391314,0.123326411084431,-0.0418593203757705,-0.158224289693598,-0.158187983938617,0.190879774318312,0.0623277761589439,-0.0489576679944393,0.039783706291054,0.314884612837005,0.316135115622269,0.147027538114226,0.0210088848961679,0.0540269891194685,-0.0472359597526287,0.302471126356842,0.174196798018772,0.250772124180709,-0.101022137044187,0.111979356326497,-0.171903408513958,-0.258873835768686,0.136812187822296,0.170170119272179,0.145651589039347,0.297928799113171,0.398738974809155,0.258364176618729,-0.280092682688089,-0.0484455965804088,0.186030084819938,0.110285302190897,-0.300713053448918,-0.404728844534224,-0.107983264936618,-0.208266635241099,-0.0455791602439472,0.0673176289030179,-0.318654428598232,-0.0684708282138868,0.167763128209889,0.0113406216634203,-0.277122939907277,-0.455852365440597,0.1077346775004,0.0968708275311974,-0.0040354512442009,-0.215553208830708,0.144830493757397,0.0854212907741383,0.265059430936266,-0.221872721410913,0.00207160505564127,-0.206046599398569,-0.635105054297518,0.0269949741184994,-0.0291765610085319,0.178484429277648,-0.0772999412944843,0.0942179763901925,0.0761630305939921,-0.162975445957016,0.182479170978452,0.261629598804489,-0.300377866756839,0.127062394986386,0.238047510855743,0.0331920501440313,0.0436118853431443,-0.133354280493024,-0.019360369258893,0.183925333991938,0.0903229293699502,0.216825434028471,0.312677490777969,0.334709529416203,-0.126659909909507,-0.0612797800447754,0.00901353587620757,0.0777860092619417,0.250272752622089,-0.0692797562067477,-0.152916353035217,-0.224105281062103,0.361540957252763,-0.11355331747054,0.216901070970252,0.0791819688777951,-0.153642518232363,0.124469452165817,-0.0474544098224493,0.183673394134109,-0.25002220521574,-0.153910149594274,-0.322287547100746,-0.0221992274184135,0.150553794803562,-0.223697175751285,0.175878207767377,0.264695875015594,0.139613752584604,0.0354233149630984,-0.247546746644631,-0.451986585032979,-0.0951062346016942,0.132997111100579,0.351571382986343,0.0141909044046437,0.0356094595820019,-0.0117796841310662,0.188067811173418,0.451003869011763,0.0421339531616881,-0.326467638085139,-0.144696172653717,-0.417805972754894,-0.112334722689008,0.368309545685377,-0.0449640405237656,0.0248893909538131,-0.0900821665423106,-0.201353536395503,0.0971875216600053,-0.0470380739877605,-0.233856187517666,-0.34015730245486,0.291510042515322,0.0471756324275164,-0.237707424215684,0.169224583534221,0.153089880714964,-0.10821040618189,0.0900624349201582,0.170083496872854,0.139074244928157,0.282214495525099,0.215842061341325,0.0786703760404292,0.528344798339334,-0.0562438385963378,-0.392628060745918,-0.233118868590008,-0.0974444417789225,0.01660411515122,0.237236099760374,0.277864889805702,0.366804504185021,0.374149307707042,-0.0428348450635541,0.418369238450899,0.4997322637932,-0.0810605917942538,0.279213628949639,-0.0132725542107322,-0.274042828150289,-0.323493228816036,0.170610205246998,-0.134087936825785,0.254585328560603,-0.0477787430617083,0.0134144267721039
0.578752677533111,0.2969995252186,0.38138253493254,-0.329039655786569,0.404716011055509,-0.0581615806802175,0.583390554698771,0.144989598227738,-0.380635501562678,0.292705486025545,0.349346083173828,0.00807260372111656,-0.492617237107952,-0.263621610080295,-0.885349030459703,-0.413755109127091,0.161222193485038,0.0172131380714612,-0.681911450121352,0.0635975442083849,0.422985495780682,0.130939825394807,-0.259364765074007,-0.194329861711197,-0.498853081289511,-0.688739040577196,-0.542681941065584,-0.496038577218933,-1.39953006730038,-0.446829082270404,-0.864630815017034,0.871400560045026,0.843472981285953,-0.0295076860940965,-0.0660071635333511,-0.537671975084179,-1.41125671245387,-0.72913187432004,-0.957165267818868,-0.65167275069199,-0.222153925086803,-0.558429703557582,0.522658326972168,-0.110268930113796,-0.526431190436881,-0.4208475646216,-1.15811420301113,-0.504241007394306,0.111888592870771,0.27335056280761,-0.636653530573308,0.302099599993139,-0.0676463242509001,0.196974316609117,-0.505511687674208,-1.06142062270609,-0.627183219837362,-0.976900442724702,-0.227621035900506,-0.44690143126959,-1.34018363943402,-0.491621596542425,-0.247811970755895,0.100695821843759,-0.0219876001867463,-0.943779640736904,-0.0152813470905774,-0.0861543182497992,0.176961118552503,0.196167077180922,0.103311210151238,0.440889980178479,-0.778518596097768,-0.233047606540904,0.0583384182066956,-0.237155955828097,0.334068167740046,0.633793391873704,-0.164167649370004,-0.081753777275278,-0.0536218022339709,-0.455166822343382,-0.162152282598302,0.0581075354062419,0.428784788580875,0.0173759635133237,0.534255941887003,0.32943990519969,-0.260631048309749,0.0964296956953598,-1.24620866963692,-0.271208449031699,0.212010191518821,0.993872189427544,0.0481312635733164,0.0903179841627737,0.216794925117488,0.989036340620215,0.517525433988758,-0.498917694803064,-0.241936907200454,0.0111275982265969,0.431253958379344,0.32020685491039,-0.183155369045165,-0.860270234983097,-1.0257931568909,-0.884070133738538,-0.266960172119912,-0.458506080759787,0.505422048183101,0.826882175393674,-0.162389906708218,-0.267679573607651,-0.0487723193309724,0.69761662940432,0.79996897455759,0.490728849297139,0.135963569269643,0.953845274073239,0.980741091018947,0.330202173354461,-0.281940486658175,-0.353811217649229,-0.0289396953796537,0.251508798453538,0.0797550075173886,0.572744451582114,0.322431149092613,-0.0471765987859627,-1.30155229237519,0.381878124612016,-0.28974979929733,0.359703300401418,0.100592328722674,0.401892168378865,0.34818806392049,0.198447892494385,-0.187203425103232,-0.578167576605501,-0.821244217474535,-1.21718431763533,-0.998294616476168,0.021898990267333,0.566534564822712,-0.329622947840042,-0.355475076872953,-0.288357337464555,-0.390075597148426,-0.521083196692418,-0.472448972092299,-0.336581312776067,-0.328698952215401,-0.0450246579756653,0.0761329721811106,0.593557671549274,0.0814209973008204,-0.261899191875556,0.23627103189126,-0.390148305749463,-0.0719405269938362,-0.30487320011226,-0.567605361213149,0.157040456748934,0.0995805305346939,-0.408428235617965,0.135432833396509,-0.917558766930975,0.102815571971212,0.825741550213922,0.32299411731721,1.00327207025281,0.557779017837797,0.892274761269421,0.93732443904873,0.0357407264491427,0.364736855350851,0.0517607935088744,-0.0112467554505083,-0.135136332093125,0.109439269679314,0.367746364058978,0.162679096890013,-0.229208339839854,-0.355038539652965,-0.113357355687427,-0.0953944692791701,-0.23497788762447,1.10182671976941,0.494928454457061,0.790089153830555,0.109286290479934,0.0217206153241366,0.864279807613062,0.948465737612384,-0.450250233261335,-0.0277170088665353,-0.0862354765783312,0.37351816661382,-0.0221414840748119,-0.150448131316277,0.182921477592247,-0.580498256370617,-0.21149835355897,1.09133752914913,0.244491582750962,0.688506254320208,1.00024550143737,0.0870195705205605,0.0303226100445636,0.247658051799979,-0.785003732152748,-1.37732713730494,-0.828886450405565,-0.869479859822137,-0.16393469857426,-0.19664754036632,-0.644111414453672,0.0428603899907929,0.120827078770979,-0.490903963768303,-0.11764748739668,0.120240368346056,-0.914197182310758,-1.30458886044859,-0.214686814546642,-0.304908307908128,0.484548684919242,-0.467603563837212,-0.358075330276227,0.217918244304737,0.134423182749383,-0.150265348597327,1.25956415453884,0.2218509518616,-0.334204602729306,-0.499478563762944,-0.497032259186312,-1.08796110758834,-1.0898910076999,-0.467138600277171,-0.290280482843164,0.0179177747814168,0.677580770345835,0.69432602027005,0.162360850202152,0.97243110988305,-0.199639751421933,-0.129986676983684,-0.157186461736728,0.0059592096482759,0.577228071887167,0.49169160191419,-0.182404327294141,0.151989272822461,-0.405872765555237,-0.611637843432074,-0.670917399885054,-0.989622178111442,-0.52028159536674,0.643526058106605,0.300232060950871,0.940521628502443,0.310697051399255,-0.10911768411851,-0.0528250728476477,0.0942662856139175,0.181442273227433,-0.829466307033129,-0.0339551666768016,-1.63066982405506,-1.42980162275921,-0.618108680302997,-0.98054528942419,0.227203543522157,-0.0413376751303333,-0.0365367413888832,0.865207474664329,0.322918590650028,0.827996730116376,0.925176532373639,0.490508127487099,0.0706798494677882,-0.307559584784858,-0.343836575319837,0.0288555295265086,0.63181759042996,0.0338745110169254,-0.599115258123606,-0.786476432920648,-0.71972887659063,0.718194335168255,0.793797918661219,0.719144502925438,0.696759300827379,0.121727487243259,-0.56414322222902,-0.221617966313116,-0.256276517944862,0.402644842047507,-0.437773911255971,0.00179229616932371,-0.249259526967479,-1.08732852865524,-0.0907237439805125,-1.37851056748138,-0.765612591517633,-0.741019293557105,0.170267772613294,-0.271756432996273,-0.29600440568227,0.0434134041368471,0.220262941264923,0.407910858960201,-0.643306289056123,-0.386659751436374,-0.416608301029874,-0.0575310603096113,-0.264855007244652,-0.113494322899721,-0.271890643472742,0.369806529545719,0.428037410180724,1.10257634022221,1.0850831026967,0.335803211554516,0.267833588041848,0.117434367853934,-0.0875290934634217,0.0897880448942096,0.377397199216268,-0.180182709519035,0.663482942446306,0.0305193515018575,-0.431267991547139,0.170197497045809,-0.48907866747161,-0.566619472875938,-0.271479678180448,0.477788353896929,0.727778249370897,0.039609812392948,-0.256273459248152,-0.32212598827385,0.199933322516061,0.407379917911213,0.0826392051219048,-0.399984010295907,-0.892827206892961,0.337484279330645,0.183759233006796,-0.653639222320341,0.050037916444118,0.460931360104624,1.22594289341626,1.22630740625385,1.14848212000921,-0.282686381785555,0.252409053333384,-0.00595537177579862,0.662367986752525,0.304815728890716,-0.803746898669864,-0.568772430902901,0.298310377546277,-1.02036715987869,-0.460969746829756,-0.975745771931057,-0.30805505857327,0.223712375786405,-0.00391053780762568,-0.836991969143563,-0.0540350231588628,0.576676282347578,0.330629182306204,0.000296401300275516,-0.451645829581675,0.683913021902177,0.36534259251798,-0.32343434819136,-0.370183547949114,-0.715408076216908,-0.575808142244353,-1.22407982654243,-0.969514077308005,0.0658968760186348,-0.161522781451417,-0.407489922714788,-0.219316754278043,0.318575988041337,-0.146783214470802,-0.701529616360046,-0.210388554582326,-0.666119177763232,-0.374643501764839,-1.06423526329423,-1.07971578145704,-0.0581901912859377,-0.100687039364234,0.0427616813613541,-0.542212035106042,-0.372163240704906,0.0628694679382366,-0.553529215682643,-0.576392434144416,-0.088186142549647,0.521215436485786,0.159577623935088,0.176692694271752,-0.671577412291262,-1.02202211366791,-0.760895283997377,-0.351468066153066,0.256037938402229,-0.203833311142152,-0.325208164605475,-0.303074243920901,-0.479611746354128,-0.106567664971052,0.146055404941534,0.388030052907773,0.204773941107616,0.802998489953719,-0.0705586916536244,0.343110191854419,0.597248707209439,0.232460176713063,0.326086987131685,0.657445224074922,-0.125703225616327,0.630694654283677,0.0363242505187708,-0.183222943554887,-0.280795024868845,-0.277297453958408,0.0560761659370854,-0.252096478766248,0.204577903609689,-0.222297363402147,-1.05194034715354,-0.237205323833316,-0.685797845279754,-0.564110823195128,-0.321798872492942,0.00767179089021058,0.702673311217617,0.32312654400181,0.0670467442420965,0.0646040182974537,0.243608097207836,-0.964960130551127,-0.249262531895667,-0.475801548152881,-0.215137034124136,0.172325063132585,0.641265691034356,0.773727543473018,0.00973594109585735,-0.135656230596998,-0.647813767905332,-0.396829821528759,0.309653285235798,-0.309257375915943,0.0475733612758831,0.32815640832015,0.953706795703483,0.0735047286057667,0.073782268866911,-0.533900598169012,-0.685590405513607,-0.439238432230887,-0.133126812134531,-0.273055293419426,0.00346004861968225,0.76133409307859,0.123022175774257,0.774984082888475,0.372345878163024,0.461606092620316,0.326600655975098,-0.610445199097594,0.359586946376128,-0.337660908458238,-0.303490752452954,-0.424494360128307,-1.26223492130972,1.29360002223457,0.637097450596965,0.273591952343982,-0.0582041067161834,0.637191753782783,0.685647468291479,0.186718408419656,0.611123156343513,0.481600464235385,0.375503650566648,0.516536855321346,0.543136398114447,-0.32296259118596,0.298543310088017,0.293708612662989,1.48392744899397,-0.244354787032627,0.0844500977508089,0.439878764985485,0.445014237962498,-0.765892715670511,0.465611128340351,-0.298517015023391,-0.83441250921605,-0.69562571091721,0.226503627708898,-0.869178233374727,0.248062075126487,-0.268028197033998,0.401182107107873,0.00330629455311685,-0.412387584560131,0.228883399789534,-0.0240161352311552,0.547874986002726,-0.0300000740109665,-0.748075356815946,-0.526623333322746,-0.0183894947414399,0.0901696611395669,0.890146862355004,-0.121579169865524,0.230685479363471,-0.068867317320683,0.072625652985418,1.30895422080971,0.48919531073552,-0.480112931130254,-0.360813393503489,0.682287382491033,-0.18066760874102,0.48787327720898,-0.899008760022094,-0.835276649080579,-0.916880407194289,-0.316943346966794,0.561016201565737,0.0461931668598212,-0.153715745021302,-0.626931972956957,-0.963328250848598,-0.89873015815855,0.477410275511861,-0.423682292374153,-0.541647800116834,-0.815022776204912,-0.893726846845902,-0.445454047864741,-0.828004017405237,-0.334856915177768,0.0945831155917435,0.738992034067858,0.766023503088586,0.114776840026162,-0.274705170550836,-0.324407167094476,0.0257487663261847,-1.60193654824069,-1.26909597091634,-0.336412498554985,-0.13148177893967,-0.228608531531093,0.311755057122234,-0.40581658258106,0.21689944184075,-0.512636648424264,0.3893355027149,-0.167273249220426,-0.442981126373932,1.02248669202829,1.06386776765462,0.541769335114087,0.0434550261228201,-0.257566650172047,-0.0468101247286069,0.525349725722169,0.739132140093152,0.225243577408902,0.104097487550232,-0.245802037552045,0.482446310092524,0.418493667920369,-0.527473164156648,0.0383129062744198,0.0600214590135906,0.0566405198495236,0.291125545708523,-0.448410383872084,0.0812307967829566,-0.393952263180301,-0.985382123094514,-0.793633955035496,-0.823639307054693,-1.02821103462821,-0.433971948040161,0.36352374621228,0.141896449300097,0.538300971162962,0.565053438764211,0.629706371482379,0.194492156490132,0.184330847819973,-0.0591608983666948,-0.0509672559979914,-0.894712786673646,-0.507017758515858,0.561507462869115,-0.00203743671949302,-0.101937403286651,-0.324170534636304,0.975618157504098,0.984434727963627,0.339885341108942,0.340225424910766,0.555927820490912,-0.178227751111851,1.04070421780592,0.559705944231107,0.710254478020428,-0.223517225125239,0.510942067305408,-0.305855237724293,-0.404532390414387,0.159926078145423,0.304893241881821,0.46235175265214,0.764192547723107,0.963247663096403,0.458832344697289,-0.506045650169815,-0.0122966772669858,0.642002273000594,0.113514024633296,-1.10692877489361,-0.963830392410512,-0.414759512522416,-0.0835250780994889,-0.419560022568534,0.317086292893551,-0.441790445800339,0.169618384460433,0.350214714169584,0.00537600025930221,-0.964229793358692,-0.929877763562432,0.336766566807597,0.0874288466438905,0.418149686379829,-0.334983393580119,0.00298197639404994,0.269940240767393,0.391393581329831,-0.310062301685922,-0.410384393872182,-0.320928590734711,-1.32883422998513,0.0717005887268673,-0.162188093867137,0.417938521146631,-0.142835641567461,0.0380760027736885,-0.369254794766508,-0.337626016628439,0.414319572741363,0.554036534786387,-0.464861820082178,0.83605785979172,0.572658077620023,-0.0746766189261872,0.193783711069823,-0.143432030909186,-0.354721416355819,0.295303841967426,0.563172458017068,0.832223828209299,0.521795821688661,0.927703951003627,-0.289682070879457,0.124805863066972,0.126457542223334,0.312215245136741,0.541303803025063,0.0992395285211053,0.0918767991667085,-0.484824911838518,0.310210552235609,0.254138187467349,0.747894127024814,0.601745198724461,-0.168220034413632,0.126608584584903,0.595353729335104,0.413526114048972,-0.844790866263328,-0.418657891143957,-0.782211748583182,0.0543683762465154,0.407522862074462,-0.307946233213251,0.0791293844712482,0.398689929558067,0.533854673040443,-0.482239285626797,-1.12596534607623,-1.36883307882408,-0.818227498736563,0.141541932038762,0.462332224662714,-0.154834221233114,-0.205953372583851,0.105713920173067,0.380757278088618,0.354831500260385,-0.0992725671142196,-1.21171844140681,-0.472247354568918,-0.624343909912153,-0.220001085931427,0.832467584693913,0.0705974354092336,-0.0481919249406506,0.163295674031548,-0.661155926926024,-0.0542526161584642,-0.294878320508126,-0.809594345412943,-0.290719992519638,0.81287493188451,0.617336297343385,-0.175250400614778,0.397139514611471,0.473035338443927,-0.0380207545095118,-0.149201536665885,-0.363533709924663,0.110024036717251,0.699764274810243,0.527709389286357,0.18655861883666,0.972760720101699,0.0784719079908981,-0.792056038371499,-0.292024101867118,-0.319396129192346,0.0813405370205499,0.353736479671819,1.08456121650222,1.01115413252131,0.876705736093088,-0.120578355205012,0.982100587225461,1.28353698658745,0.703265229533632,1.00270463437246,-0.424557716074723,-0.588828713805864,-0.713030736313713,0.0666592668945948,0.088955773643619,0.312265596900375,0.150066656523843,0.11510678772502
0.13080191856521,0.0129143582908318,-0.148975861882027,0.144688990405085,0.0921802248004103,-0.128894188427827,0.116032524465686,-0.233690359052076,0.0266842090596668,-0.0372379172189182,-0.00784714027280415,0.0130528787770905,0.0418074455633447,0.0373927442670912,0.0308645783616826,0.12410129052634,0.0742088470733981,0.114445945279811,0.04858849050635,0.0502558726363312,-0.0241879695864398,0.00285605425968444,0.165433832679132,-0.00144414434404067,0.0396540260105425,0.0338160750130411,0.00773379951992435,0.0501739207230866,0.15951147072278,0.0793898410117837,-0.100581884924454,-0.0996129986980215,-0.015655075059108,-0.0743713131612167,0.0374330753282135,0.0458178534403827,0.143938720379114,0.00827766123175955,-0.0869977678943511,0.0659574430488168,0.0850791759758845,0.00774349045294723,0.0305818238300352,0.114168951864576,0.315181972505278,0.027227346703832,0.165368579998806,0.0298411045981718,0.131956342330005,0.150592042124993,0.0608924680064608,-0.0782743848006605,-0.0363101559230203,-0.07197524978032,0.026536132374311,0.0257892352317775,-0.0799707504462944,-0.0475901891134936,-0.0774496838764704,0.112367048340845,-0.0058799398358393,0.0682278549893456,0.0803695066639623,-0.0762209627297936,0.0902258237685966,0.0451932236078303,-0.0104613333854416,-0.127573777981608,-0.0361165409619487,0.0332217388209583,-0.143045222179695,-0.0266944318396051,-0.070439950843944,-0.0577668661144155,0.0800685921722761,0.155067028980158,-0.0467787902973214,0.127640861949363,-0.11012484605039,-0.0418094545071187,0.140860566210076,0.210313235751657,0.0772992524020624,-0.096641489169114,0.0372153295208417,0.0465249021021982,0.0623786938018581,0.167620785462773,-0.0491915577563607,-0.268253619526823,0.0530656733583889,0.0390306715036973,-0.142955407908676,-0.0461184607480233,0.0440098050792816,0.112865436493917,0.0399803815236194,-0.0665084431913112,-0.0798164707603217,0.0803046981127203,0.0892940076894099,0.0179970151169363,-0.0310346377434234,0.0337233173646015,-0.026976564282302,0.00303908555291865,0.0553273675428714,-0.0806103780019893,0.022438193144298,-0.0716907820162598,-0.156618421899813,-0.0608951897283359,0.0490336235349512,0.131267883658522,-0.00974872870828829,0.0305838831602142,-0.0641232585304642,0.181137782256661,0.0667738034910637,-0.0721588062398017,-0.0632185931688093,0.0900781519535905,-0.164197630417197,0.119494204063464,-0.0657981056471587,0.0145076123139869,-0.124017785784664,0.0995405883060031,-0.176973314396548,-0.134145088446952,-0.0465585516189124,0.135042779830381,-0.155351837775983,-0.0954276439238805,0.0751515781532238,-0.135133381730132,-0.119918946969298,-0.0922128931858152,0.128431243334499,-0.0471098013122174,0.078002726559278,0.0741862204629643,0.11337902516534,0.0499275684850802,0.164464703488955,0.126591872717665,-0.0869768594103885,0.121113377031949,-0.048196341211691,0.0186261666314155,0.134403858184819,-0.107406762968545,0.0679288219047742,0.0078013913325587,-0.0831789962397891,-0.0162085574756509,0.156289024661314,0.0608252358735581,-0.00888495188597265,0.0990071168216211,-0.000554866219469515,0.0725585942721146,-0.010510733740984,0.0953819620191012,0.211379078909126,-0.0914916542044385,0.0616103646798547,0.087607076285552,-0.130054936410495,0.0131366219501572,-0.169708226217833,-0.0363641346647559,0.117513245758448,-0.111717432504385,0.0574046651676268,-0.0378659073555827,-0.0539451334519818,-0.0466820292156789,-0.0856049533321923,0.0535314911513046,0.00298941280461488,0.0492469122190663,-0.10188706569044,0.0570273408285844,-0.0127038853275267,-0.0956738974877008,0.0357079779189068,-0.24202222884619,-0.0620951957260804,0.103426797739447,-0.0696451878760594,-0.188095957661683,-0.179472733189044,-0.02233352985008,-0.103402291374546,0.028072354799789,0.0366551534455561,0.0339841305587722,-0.0549944034490771,-0.0875120920715628,-0.0342193447680327,0.167454830409185,0.119058634558447,-0.0302403172642236,-0.127668343821883,-0.0653169952473631,-0.200746952651597,-0.237326292153688,0.0599873351202716,0.00315081755375758,0.0199659943615065,0.00887065029374415,0.0267924235220682,0.00336773829461633,0.0628731028256793,0.107704063785841,0.0568583698752168,-0.118567854659121,-0.0166358765902832,0.0369329775203844,0.00318791263440255,-0.0969860330994268,-0.16586525860939,0.15811537712274,-0.0992554259735253,-0.133600118644403,0.190232671694175,-0.107335600708273,0.124728140370831,-0.146455119945531,0.0101256475379316,0.112118808539143,0.0456831862186671,-0.0509278721333934,0.0206146225301914,0.0899049866774452,0.245303654792939,-0.0839508670769835,0.179179509498843,0.117199990451339,0.160469215481161,0.0479326595650331,-0.105603970667691,0.0406719242953388,-0.0768945601488865,0.132042214557918,-0.0807684612503348,-0.0514416894931335,-0.00368067305187425,0.165388315063868,-0.080686799082844,-0.154870182224358,-0.0141685691678045,0.011162321004108,0.25116721695079,-0.0903363786910084,-0.0346890016737805,-0.0904317426332915,0.110496852968502,0.0383788977883292,0.0178841028815662,-0.19008200225583,0.134464956170529,-0.100837871739879,-0.0480573842924864,0.0265042784834544,0.077933324043608,-0.00848881505315676,0.120257703751268,0.0169387357635536,0.274721219189927,0.0227889427086665,-0.0872360208287215,0.0906575326541866,-0.00498703577321822,-0.0964027950632914,0.051079989176552,-0.163802412424469,-0.142318686038654,-0.144354152419922,-0.119129220919581,-0.0213615601041382,-0.0168475193682555,0.0988356147686904,-0.124370940689638,-0.080327881978562,0.0212744996790472,-0.0645681615911774,0.00629976925312807,0.0714942578630349,0.00929302199557838,-0.113781874514186,-0.0530876271129744,0.066097694027823,0.0816599996985906,-0.0247998642246878,0.0100543978895752,-0.0211154239675787,0.012999713523364,-0.128784708986266,-0.006790867219505,-0.0179431190048527,-0.144044870017172,0.0500991601365055,0.0399847828006902,-0.0919997962769266,0.18268295863185,0.199138840714859,-0.184770257899776,-0.098738266503278,-0.0574706145932064,0.0724681821934161,-0.0877677966116745,-0.0232053927571618,0.225078459468103,-0.00989182716957399,0.0787728570069732,-0.0758869459850935,0.197381281700831,0.0274101088436161,-0.0766391561558108,-0.00780329358561503,0.0505355056133606,-0.142910373110548,-0.1298333588302,-0.0613075868990565,-0.166889684567227,-0.0888150485434612,-0.16501667954074,0.164061785294887,-0.0997145830012606,0.0101148731766395,-0.0629572806753618,0.0662310372765823,0.124173566261291,-0.0118116475431555,0.157373283088712,0.200144626840299,-0.0262327604037057,-0.0088561067931057,-0.0836574355117271,-0.0801096946747722,0.176945952885199,0.00223486918617659,-0.0999358858560821,-0.0828741811026174,0.0965898539671529,0.0476302612509236,0.174960519907656,-0.0344038289979488,-0.0439401880005735,0.0957265438341804,-0.116021561067076,0.0583501029675074,-0.136286842450064,-0.180186840444774,-0.186643172487531,-0.108224043798933,-0.0284046171897485,0.0492064422341489,-0.00403996665314874,-0.0613708909947687,0.0436273410724932,0.0545347616324928,0.036296721752378,0.263553856348369,0.128794781331254,-0.138943500996271,0.138136949478525,0.090987960750406,0.116109215732985,-0.0191306737262161,0.0266812421379995,0.0273582480529528,-0.0836592474096107,-0.0687875804368717,-0.10741050830567,-0.0952568370326842,0.0173916665799823,-0.0284567920373424,0.0625245568072982,-0.0484811887117929,-0.0533868899138634,0.219299494273481,0.00307223209713863,0.0351069852385226,-0.141413980805605,0.15093657384285,0.122195482144459,-0.0099769876782402,0.105079736111128,-0.0362289433733817,-0.0127331784797914,0.0080109799636098,0.0913753568831452,-0.0571727135513146,-0.108953656015818,0.0189800785629069,0.104858457702535,-0.115562508867153,0.0562290044439206,0.146586786578698,-0.0988760541339812,-0.0349026706097509,0.0891827726482358,-0.00693093055241163,-0.131135205258079,-0.0717993820378892,-0.097898417680464,-0.00582169385216746,-0.0073666429169587,0.00123963941785351,-0.194960851949678,0.00948861484961507,-0.0314528667098312,-0.0849481176992348,0.0846973192939375,-0.0855435603230494,0.0703315116811261,-0.261794427129707,0.0498294212220161,-0.152516218989698,-0.113214652422369,0.0334339133517488,0.0578233387560789,0.0156990280077422,-0.0772841436269909,-0.0747561218274295,-0.0393775638156298,-0.0816122751685926,0.00821564163132727,-0.127303225159041,0.138056715064536,0.0989612945039648,0.0608303412869234,-0.067510671660493,-0.00418480395714233,-0.162913204735834,-0.128308206050674,0.10421686595348,-0.0444305912800305,-0.0874210649558517,0.0376142046419229,-0.0613265820379338,-0.0305559102838785,-0.0915789982417878,-0.0450495244276186,0.0399196507938224,-0.135245827508459,-0.0880355197560365,0.113734382399185,0.0870425115400975,0.00274644710896804,0.0384975987023718,-0.0779498940798988,-0.103383136755682,0.0192515625232571,0.0489810093630161,-0.0768302900407328,-0.000266046028871397,0.129040073639397,-0.0237435296383045,-0.0290941545158945,0.0118028581519377,-0.0900196734390719,0.159785676693327,0.0353289632838693,0.0574743734616289,-0.206925831505383,-0.0243685843716853,0.0496154371882194,-0.00630180419501074,-0.0580303684400716,-0.0381517093235966,0.0535537895851401,0.193600738206701,-0.0485433403549391,-0.151955311256253,-0.0856927908184706,-0.0551502690038318,0.13915627668392,0.113959235455542,0.0447536304672301,0.00178642950894319,-0.00587046187321916,0.136752934199806,-0.0700524090252436,0.00291318027152807,-0.018798839696512,-0.034174442894371,0.0912651444318616,0.00804355505121029,-0.0375484682506389,0.0671459143766441,-0.0128443471535908,-0.0188133180154318,0.0332909161192307,-0.108950322601232,0.0787196691151176,0.167276321685649,0.0370310744704174,0.0139588585811301,0.120887532653642,-0.166182392592799,-0.239272858847777,-0.0543229250606282,0.0814639074130609,0.124255806350894,0.00711497490230844,0.207956251526414,0.0626278985739231,0.0448016836893586,0.116261294722416,-0.044033202534724,0.0018693298035971,0.0334672224025267,-0.252371933912267,-0.0834525859069803,-0.0835573998868033,0.00395414627227748,-0.0165188435422718,0.0176831452342292,0.17393115089935,-0.107776172606652,0.0086946227808623,-0.0184256558829633,-0.0685938611146986,0.302444329787896,0.00907899403256501,0.00758354612136282,-0.129269652997565,-0.0372969116140192,0.0227280727727349,0.0319163056457514,0.043182649404791,0.154648653625008,-0.0842542343629193,-0.188753566042673,-0.0803254379436944,-0.0164259500849504,-0.169862407292108,0.105954812669344,-0.180309970637353,-0.14318463986373,-0.0660722024013274,0.0860378988148912,0.0135547502335885,-0.118358487042489,0.214185488181068,0.144937658980638,0.0384699234316577,-0.186046443027203,0.0871614716194923,0.33139817198842,-0.126249133880957,-0.0750991825646438,0.0257396839877962,-0.042612671303721,0.107073919631791,-0.00531474251200331,0.129423080280802,-0.195649361511936,-0.0380058632405266,0.197313158615685,0.0237130226766953,0.0274495297083154,-0.0433778433542914,0.0453684123544624,-0.060145638490606,0.0238691527366839,-0.0299772407252921,0.15631277282466,0.0815234315351567,0.0687476921953686,0.0319304621169485,-0.264906169101174,0.092498132761008,0.0247774386734199,-0.0515745131638102,-0.0627844298535826,0.0223917330195506,-0.191084898660088,-0.0291584041733946,-0.0853369688888909,-0.090730086628784,-0.060457715767683,0.0143151337164092,-0.103514319762529,-0.0537370321445481,-0.02187473688635,-0.0218991934610365,-0.0868898717848724,-0.0515291862301569,0.0125780162443673,0.194173573394856,-0.0411643407289114,0.0542163556858011,-0.122108979342649,0.12001087457047,0.107036677467562,-0.0220097545039879,-0.031654380604515,0.0876414683267522,-0.116779755282622,-0.0825349429925126,-0.117491445147321,-0.169158409641894,0.0161597772825281,0.116579668592283,-0.199571775227571,0.0450071709707815,-0.0834654467943967,-0.021486961591044,0.000750901416600988,0.0726792368531181,0.167480847622836,-0.0373449332116828,0.0556201787737172,-0.00909394543320986,0.0401581133400207,-0.181007934072397,0.169450397108616,-0.0565331832592248,-0.146475997166792,-0.0794154294221896,0.0142883385976822,0.117992887572625,-0.0043669880813858,0.00276432708453155,0.0805093325406381,0.0183774697314917,-0.105830810969691,-0.219578645237634,-0.127669133378799,-0.0635958613557223,-0.0278849385133549,-0.105471524382701,-0.0168291096380177,-0.0686294240713525,0.0739957438999295,0.144834797403225,0.0943247194832442,0.0657951792728321,0.195806802940606,-0.0173795268001597,0.0961583377930798,0.0263171012168917,-0.114782772093938,0.0688246463733399,0.0463114010215919,0.216683714700066,-0.0430713871912244,-0.00221706807810396,-0.0265511676130118,0.192306597949549,-0.0956823385673637,-0.0534875542223371,0.0358699906526259,0.022504691845347,-0.0278572359786911,0.0745789217203369,0.155588871840705,-0.0898440113618462,0.200264477999161,0.158393078210718,-0.0233680658938369,0.000823563296675841,-0.169404244840836,-0.00813441888411555,0.0268396332011164,-0.0340210301430907,-0.109744057291709,-0.0280068584110797,-0.154783365850659,0.0436645639527072,-0.0481181217821922,-0.128677477578806,0.0629058807471518,0.21301394635708,-0.0594439273102112,-0.125395042176266,0.123667185899794,-0.111456473706292,-0.0965706500754401,-0.00531911142177152,-0.0436608093379025,-0.144920286492129,0.0164817933774357,0.140909354539812,0.0018712077055474,0.200759563264247,-0.0382644455348062,0.0513170815180603,-0.0558451201391659,-0.176918307062696,-0.0724993581125027,0.0760280383815105,-0.178613660122692,0.205049546731165,0.0978119127041555,-0.0429786870293202,-0.0496044722922819,0.0217620231403252,-0.146755910089769,0.0544684727774233,-0.00218763853769406,0.0692795302198497,-0.182289478579674,-0.00427556198976145,0.0867718226744155,0.053345671574934,0.0311552689476923,-0.0152743799071439,-0.0107568422403849,-0.180149223949721,-0.0127509259207944,-0.0341282655010009,0.0187173188837841,-0.0924894443896169,-0.105478647607172,0.102328305036326,0.00674472584249158,0.12625970957019,0.0279382751574666,-0.11170861312562,-0.0534750887347714,0.0331505040848752,0.0874867920142204,-0.0494902206325603,0.306516606198099,0.217134186652381,0.0974549810863413,0.029252360650725,0.0641347189684328,-0.000891300818389552,-0.0373709486895568,0.104434575958166,0.0279762273167129,0.0154063004137453,0.126628546157803,-0.0326193748991945,-0.13139311886869,-0.123685992909413,0.00149044825853461,-0.11210523528086,-0.287773200381388,-0.0255068291520464,0.0504200418932474,0.090506842290159,0.112356579492731,0.0171094493286353,0.0493042780966165,-0.0395200387772249,-0.0907190763118585,-0.225591284162483,0.187249688834353,-0.0136894006123927,-0.439751153832101,-0.12976008761427,-0.204540126861509,-0.197009555596565,0.352191121634519,-0.11584993942443,0.0591914641262846,0.0643701774950696,0.0263136454560785,-0.0952906603191296,-0.022770845999155
-0.411698835195667,-0.160619950138836,-0.265226698083704,0.240341951543963,-0.325688415740296,-0.127932513404359,-0.477791150067366,-0.0372992753701202,0.454068694601226,-0.173867628308996,-0.160673108530166,-0.182764726052127,0.133008073143725,0.140489272951735,0.542643593179528,0.299888219718028,-0.160245263244212,0.0276433250569809,0.761016401488092,-0.0847130744972766,-0.0631954230673956,-0.0601731174769471,0.100041617968416,0.345647023487187,0.456091730097051,0.613016192299387,0.410141034732479,0.236461828427261,1.03942133744098,0.2764603471364,0.631864214212629,-0.71532077342258,-0.571579178359753,0.032566872340375,-0.156907066137443,0.296589927539251,0.887697805229842,0.378683955723441,0.419381979920454,0.411167182815089,0.319559606280373,0.451013945075628,-0.411943881404712,0.0695758182771366,0.273083433281076,0.246612306383283,0.928908003454709,0.292801905060698,0.0143414973726632,-0.320929732814525,0.544849910324833,0.0616961955602678,0.104487996100559,-0.241856987736813,0.245589714625407,0.517545419119904,0.542050393402747,0.672261898150851,0.238908376842702,0.490786273484651,0.897538193747624,0.425697664882981,0.31258762898401,0.224151338508907,0.191475077459669,0.739229104643422,0.0742376182786527,0.113384316658785,-0.0188099750591228,0.011870243342346,-0.0116003690470861,-0.232268978341091,0.240260131532392,-0.0812533250789289,-0.371609610330815,0.133402193269763,-0.216778104946426,-0.3575519258555,-0.0223885059277814,0.129952799919843,0.179589551715491,0.424328003690474,0.150800905249483,0.048407238977581,-0.239199141427013,0.0598837595039863,-0.373524189611914,-0.369617477174337,0.123715351120114,3.41028545653987e-05,0.966984935142627,0.247382039900753,-0.122138323035846,-0.462310099148208,0.0280407187059283,-0.173106100227902,-0.172075393202847,-0.580845850836081,-0.381903900576576,0.343771369020555,0.0108282662013051,0.0221224907979081,-0.219703964821338,-0.0461814138822085,0.156133785897153,0.408552263944653,0.664490865565005,0.774237410520249,0.167278037821747,0.287243552349164,-0.39011624886286,-0.592635720431992,-0.0860536189911888,0.0812428660586816,-0.0122421477174677,-0.3823046841616,-0.389044079355637,-0.357356267605892,-0.214664539926156,-0.574379976682011,-0.607171246777628,-0.0403815372684569,0.199449112451584,0.461028434143575,0.00594434060174667,-0.320147031086883,0.0922316623977582,-0.30579090979364,-0.0191610760347572,-0.0902348344449075,0.868521068118298,-0.130406821345446,0.28994062840377,-0.153360116043298,-0.0257167267658504,-0.167324497044293,-0.420989848846584,0.170905158610915,0.144566663640892,0.383262130789774,0.524934032174446,0.84726412384526,0.606256104103868,0.00658218233581057,-0.375790690409231,0.219355228932743,0.100789757623565,0.223420361915832,0.176631548320456,0.323490206820835,0.336804690390353,0.0803017147839432,0.32828552089368,-0.132939425378148,-0.101227707020902,-0.217913763864597,-0.0856113635094094,0.157095418546228,-0.153344438889843,0.250467919838694,0.0644880935092485,0.19428782102183,0.317821258850577,-0.143583399069263,-0.0826833438601571,0.138618162479039,-0.205536374763148,0.552293708252383,-0.0923237711875328,-0.471855236747976,-0.176361738464767,-0.732960054066768,-0.469989874700771,-0.585496198989448,-0.637467526687587,-0.00087508373656827,-0.092441506524817,0.102551654754765,-0.11084135924317,0.0824427684903848,-0.327629894446281,0.00730916136119769,-0.0293380387355375,0.177418683046044,-0.0504748236393845,0.168995279574079,0.0218425166812808,0.0340307641592806,-0.81955785304398,-0.383487500856035,-0.447223701517942,-0.121454979109678,-0.10089173388305,-0.54950684314226,-0.568830728310436,0.482294731743154,0.0484368777058862,0.162387610621089,-0.210159043278475,0.120467811499485,0.211647812322298,0.0701638952040999,0.311898252729752,0.160841730585985,-0.650172857538787,-0.255834779538251,-0.516227979227289,-0.669583594329939,0.00525322508985746,0.093331454273901,-0.0844718891712755,0.752929025875167,0.861620721202685,0.501748381155876,0.403987086440102,-0.0350825456285047,-0.11152438693559,0.324588143699739,-0.145468891839558,0.0960732838636626,0.489611803173764,0.0981565586746178,0.102441011245676,0.648759843629865,0.794397026382265,0.0436720240783373,0.227561498956976,-0.418905693995,0.247932328873592,0.0934925281034466,-0.298201295982537,-0.129863577473725,0.0857574626406187,-1.01183573766059,-0.396499169924053,0.165603348874086,0.318929394038568,0.417276600042804,0.798657738805447,0.614459403963818,0.281231633321015,0.313571209545366,0.0812158617318239,-0.321935838436705,-0.39791029117135,0.0611417584379483,-0.772242477975009,0.131911646621098,0.218411502854422,0.249669287721845,0.0759791959146593,-0.379371830794555,-0.418222826605398,0.223319431818432,-0.127344699946223,0.131893417140189,0.411991610905165,0.443902085881994,0.426140513717435,0.379034813566059,-0.48008005313993,-0.0190837880890393,-0.6796066063076,-0.1799240748339,-0.0823726748061467,0.0236220569226988,-0.187127911851565,-0.156779258370616,0.305657061888817,0.100615151340379,1.16934478117974,0.921676978426264,0.560156594800276,0.578894860835808,0.147446156023273,-0.0864230890091589,-0.158765196144198,-0.425740642463174,-0.283080540959561,-0.438343835622535,-0.588519562788623,-0.306493123828896,-0.17608910806097,0.224451613922423,0.386976107225879,0.0633117527314367,-0.242316550983214,0.125188115987974,0.32938401780868,0.673236142162079,0.573642434836374,-0.335071475150167,-0.436103856440015,-0.551361483407447,-0.261459658913154,-0.0063859280364521,0.476664478091521,0.201870457375387,0.183287623453659,-0.235662389856998,0.223674928839463,-0.00947497459660277,0.138608953143072,0.667043029663821,0.21656424685314,0.903719401015768,0.502592020241133,0.437303791566704,0.0221655577491032,0.253233696363049,0.208130347814981,-0.04198453250044,-0.121942219727353,-0.216818628656479,0.397036851835,0.244448603353891,0.217695298103911,0.0253299031439579,-0.0790112901914164,0.0240300412560024,0.174642446354344,-0.229896376242716,-0.328827508198777,-0.680617135446723,-0.696874569599224,-0.157160336540897,-0.0818494184065956,0.193059275543923,-0.1483913276471,-0.096771925468728,-0.136836281903262,-0.0681851293388992,-0.219627181696953,0.141455020927677,0.237903751621039,0.024406247427767,0.468681501122969,0.464484949325775,0.340365622232309,-0.22173954757533,-0.689009803908754,-0.132251140110695,0.174782210551514,0.3739242837407,-0.256216365768727,-0.330759187108163,-0.200188941687838,0.209810857645088,0.425493344340481,-0.1239336661321,-0.0393019741187902,0.296331052088438,-0.286999289557782,-0.163808020331472,-0.539702245313844,-0.604849573466755,-0.597101080040702,0.0188067475926872,-0.113898799181902,0.018749337060973,-0.472685315496805,-0.19052680421365,0.577811029170475,0.316142732524893,-0.0769971668360406,0.668870273213416,0.44031733890933,0.613402698922071,0.340846377942306,-0.204880829570356,0.0220381714097971,0.44353802132614,-0.0603476469876074,-0.424885404707881,-0.272195316972853,-0.0147646083207767,0.249353589509084,-0.449301726568374,-0.249489163865358,0.225888666222597,0.139894803304059,0.515102902673059,0.425886696963071,0.681141494541198,0.537178559366985,-0.119911158880726,0.0709434631298428,0.216358769206681,0.016748609199241,0.193659182883656,0.10521395807815,0.39689239952244,-0.0384853250104681,0.426507721586484,0.293857461028298,0.760434549110698,0.635252921538613,0.0564566713406676,0.0715369501880625,0.0696579299895804,0.14044856578875,0.242261505856927,-0.0145790836054421,0.211776652398918,0.304658132183707,-0.144976566581148,-0.370798293122291,-0.179871239753554,-0.183606623230697,0.465406668793208,0.662531982271869,0.630436074746563,0.309247097018328,-0.0402667324850234,0.0621689847383701,0.0441888200118589,0.130664113608621,0.134501298255584,0.0520640334344785,-0.00694061252863748,-0.0302389596434529,0.118835792884477,-0.645232120178452,0.122773651846858,-0.273813505220925,-0.287573246559889,-0.199884764156069,-0.143450725979551,-0.582683270390712,0.0515973282200914,-0.498621081949602,-0.135814982697523,0.107609037736299,0.114259975203812,0.0517947163530094,0.107401809814593,0.0438181137294092,-0.0142789494810442,0.167203838835879,0.641704287939754,-0.028294121553771,0.230854268081666,0.450778530351338,0.0682166107700379,0.0242560888287884,-0.473548640158856,-0.0995689273588276,0.00372789889310569,-0.0722503568768862,-0.303466592848676,0.763620325013578,0.430986354071782,0.47581710074129,0.0740988280600403,-0.126153174490905,-0.20863887409387,-0.443475157924244,-0.16365108993871,0.0490454983982096,0.626524337431468,0.111931858375087,-0.120296948178345,0.139143989694343,-0.234773181529538,-0.480115584859029,-0.640042332975992,-0.259054367168501,0.103503687704359,0.337986510042244,0.454065622413676,0.372367079923102,0.180916182436296,0.0827524128403767,0.0193845999743675,-0.313141127150878,0.00419753650912372,-0.321312487035018,-0.0269233885848301,-0.261381038808958,-0.28811567816805,0.725099856947959,-0.28686890840652,0.313494920252324,0.220070209112694,0.276384361271541,0.725227980817137,-0.907868220123379,-0.122301211462699,-0.113811546436846,-0.0669406513898943,-0.244319193279694,-0.528646291158843,-0.183778927456758,-0.40108903253016,-0.189901681977448,-0.166826863306786,-0.522761866744215,-0.435704522144241,0.0816975978133746,-0.128493375113152,-0.255243171761117,-0.806583246999335,0.386384622104554,-0.0474845742038957,-0.107004397475187,0.000197337457988556,0.326422668101427,-0.363568187130368,0.0443263960685351,0.556332758666842,0.566029635510455,-0.180286722457409,0.46229542609869,-0.128036784035606,-0.0818528697041948,0.0185669514096653,-0.127843711788776,-0.0304312356239194,-0.453228229609183,0.102370062479485,-0.277781531639561,-0.00835010947752539,0.42533387838569,0.294522416794079,-0.0642390493054776,-0.0438272595968046,-0.34220431681405,-0.175696979603595,-0.0212524585093786,0.0691695021761763,0.0747684316412987,-0.779595976188088,-0.227510010598817,0.341802453500996,0.156016338578496,-0.359538877387913,0.236910249482946,-0.344846939349239,0.571001289212899,0.547712533587002,0.557331680072427,0.296685069905398,-0.321279470572949,-0.0342813504167192,0.0767814031902785,0.201961797983039,0.647974522364263,0.391812086500418,-0.493071373134312,0.264447439626588,0.0916539710174094,0.525872385698832,0.792427679406277,0.346751828823133,0.368018999780962,0.526511759623828,-0.0128538006583278,-0.445944826536179,-0.27988720883161,-0.0603984443205832,0.217710307434336,0.145180293838979,0.193899535297603,1.27572905449776,0.686897083731841,0.330972545833334,0.0242703569222643,0.0588538007385613,-0.367432056186834,0.0744132908051038,0.0196581305569289,0.250788343075865,-0.299207300080737,0.051902878152731,0.286946547413051,-0.55854131726345,-0.225760106605618,-0.354978347917834,-0.0499866845722121,0.262001581430245,0.0286799205760141,-0.279250795588226,-0.250279062507772,-0.264945234522931,-0.0900162649515517,0.209181383246707,-0.147674433899484,-0.214286181602725,0.346757634433415,-0.166469272347299,-0.125848076444786,-0.247420667133969,-0.075395670784221,0.356333497170343,-0.0378057948216609,-0.0274311190340987,0.630349712472114,0.459324217381671,0.43687859960573,0.738695224519384,0.305739408176055,-0.295966429203774,-0.197611152187862,-0.182235682734371,-0.333609831564934,-0.153698317747422,-0.258029659789857,-0.210587638359655,-0.0906223378695459,0.143919997612729,0.42473130632354,0.23423652910092,-0.504946322989563,-0.126000245727187,0.176671730197125,0.254713479512813,-0.605845098098696,-0.519061320748668,-0.159233887918013,-0.15748517223331,-0.214487732934896,0.193063757429359,-0.562021396741464,-0.558121119007231,-0.664172665417527,0.079759321062286,-0.158178845964437,0.183180248185407,0.278768860967957,-0.158430212160754,-0.247968796999691,-0.251742524879762,-0.664884728704719,-0.69451938706973,-0.368464236069538,0.270859996322409,0.0892969478520398,-0.439444547313695,-0.222403457707989,0.7849529890442,0.644477429466839,-0.0793912370426045,0.100506933580448,0.491174014687897,-0.0104072705949563,0.418470196285945,-0.110909201985399,0.0851515271932622,0.074135694428078,0.880832814831358,0.715667095592675,-0.171135453233599,0.0180382442169784,-0.343646310143426,0.249829841267901,-0.0608987931252411,-0.483554463403587,-0.211199935962806,0.274702362156795,0.358598654886832,0.268589199193651,0.920415847069943,-0.00546769157111838,-0.0552183640037575,-0.319131017621146,-0.0546669580410027,-0.011288293836063,0.0183714627191906,0.105651655793201,-0.133671687022525,-0.418952729958321,0.408322446450951,-0.383433146036842,-0.293736203417134,-0.151801678843549,-0.242969972454915,0.0415372509916422,0.254472292378259,-0.24487470907131,-0.415604783713802,-0.449165549532626,-0.450074071978444,-0.429397755612477,0.239441604992325,-0.00471764590059865,-0.24175646568403,-0.364405659920943,-0.417531457433135,0.213319965933082,0.108030478251175,0.142316707157049,-0.280318332366854,-0.0495792035560812,-0.443995979174642,-0.331798852951288,0.232247285507847,-0.116096557322421,-0.403390510405416,-0.204052116431855,0.5086917153016,0.256042300335597,0.457045034048497,-0.119841432838217,-0.112919895808654,0.350646250375543,-0.0621083534973135,-0.236958961938063,-0.29022619071362,0.133213286416134,0.633442561433219,0.901983075237932,0.507625557398644,-0.203433436307124,-0.408884788377266,-0.0140855861259689,-0.151814153174309,-0.175558274676923,-0.0815536974663606,-0.291353752271917,-0.0126192580868564,0.838553575425528,0.390026076133673,0.313301396562904,0.134561760701478,-0.542742220153437,-0.069935973258625,-0.0258956248199484,-0.18885422842546,0.339489267662511,-0.023137065021389,0.342155236150151,0.58231076486611,0.294617727620651,-0.57945973050562,-0.549661979483359,0.244135259174828,-0.284408837073699,-0.212234512453699,0.0917894947688472,-0.271363313602819,0.335135296501581,-0.096990322705634,-0.373610671195664,-0.346597872760033,-0.213666641562869,-0.373385552934453,0.0729958570591364,0.499295206975844,0.184945248297102,0.292567113504079,0.138637364131601,-0.138181663575367,-0.797890174336405,-0.856359367137768,-0.514464842371968,0.236198924659991,-0.702532518683056,-0.914620508901426,-0.360396022904568,-0.541875838563817,0.184788971354335,0.529597568143679,0.47949267502107,-0.270058164144133,-0.126353861044379,-0.236149843253719,-0.198038441312999,-0.0457682581813158
