"V1","V2","V3","V4","V5","V6","V7","V8","V9","V10","V11","V12","V13","V14","V15","V16","V17","V18","V19","V20","V21","V22","V23","V24","V25","V26","V27","V28","V29","V30","V31","V32","V33","V34","V35","V36","V37","V38","V39","V40","V41","V42","V43","V44","V45","V46","V47","V48","V49","V50","V51","V52","V53","V54","V55","V56","V57","V58","V59","V60","V61","V62","V63","V64","V65","V66","V67","V68","V69","V70","V71","V72","V73","V74","V75","V76","V77","V78","V79","V80","V81","V82","V83","V84","V85","V86","V87","V88","V89","V90","V91","V92","V93","V94","V95","V96","V97","V98","V99","V100","V101","V102","V103","V104","V105","V106","V107","V108","V109","V110","V111","V112","V113","V114","V115","V116","V117","V118","V119","V120","V121","V122","V123","V124","V125","V126","V127","V128","V129","V130","V131","V132","V133","V134","V135","V136","V137","V138","V139","V140","V141","V142","V143","V144","V145","V146","V147","V148","V149","V150","V151","V152","V153","V154","V155","V156","V157","V158","V159","V160","V161","V162","V163","V164","V165","V166","V167","V168","V169","V170","V171","V172","V173","V174","V175","V176","V177","V178","V179","V180","V181","V182","V183","V184","V185","V186","V187","V188","V189","V190","V191","V192","V193","V194","V195","V196","V197","V198","V199","V200","V201","V202","V203","V204","V205","V206","V207","V208","V209","V210","V211","V212","V213","V214","V215","V216","V217","V218","V219","V220","V221","V222","V223","V224","V225","V226","V227","V228","V229","V230","V231","V232","V233","V234","V235","V236","V237","V238","V239","V240","V241","V242","V243","V244","V245","V246","V247","V248","V249","V250","V251","V252","V253","V254","V255","V256","V257","V258","V259","V260","V261","V262","V263","V264","V265","V266","V267","V268","V269","V270","V271","V272","V273","V274","V275","V276","V277","V278","V279","V280","V281","V282","V283","V284","V285","V286","V287","V288","V289","V290","V291","V292","V293","V294","V295","V296","V297","V298","V299","V300","V301","V302","V303","V304","V305","V306","V307","V308","V309","V310","V311","V312","V313","V314","V315","V316","V317","V318","V319","V320","V321","V322","V323","V324","V325","V326","V327","V328","V329","V330","V331","V332","V333","V334","V335","V336","V337","V338","V339","V340","V341","V342","V343","V344","V345","V346","V347","V348","V349","V350","V351","V352","V353","V354","V355","V356","V357","V358","V359","V360","V361","V362","V363","V364","V365","V366","V367","V368","V369","V370","V371","V372","V373","V374","V375","V376","V377","V378","V379","V380","V381","V382","V383","V384"
0.122355956501254,0.304126107751589,0.194246130542446,0.0368450630854193,0.127628175775245,-0.0917116929551773,0.369049466132382,0.142769571078624,0.197217279578142,0.316476928688231,0.265430896816131,-0.134726273332065,-0.105308145365099,-0.157711820642503,-0.237833675586505,0.218850331711915,-0.0109474055789085,-0.286832651916081,-0.291029588807929,-0.294684744581481,-0.271203224452386,-0.016633796811399,0.0162593357282981,-0.0881634148180618,-0.432759353849672,-0.241480294737311,-0.454184753561794,-0.53129770347792,-0.209013119130049,-0.161708891063623,-0.128337513804572,0.142580326180447,0.116304022493388,0.313152921842552,0.662811643022004,0.645481389034309,0.637328903346245,0.469335371680919,0.22134745457239,0.291200773801271,0.164530218656994,0.349425990681104,-0.0209413938545221,-0.231827292143979,0.0118549520466159,-0.357061217927861,0.3633642667333,0.237971441808665,0.25505977067001,-0.0841315447517798,-0.36224309111194,0.184550143390005,-0.141957026249357,-0.239219616079437,-0.184604951155991,-0.00293487832468989,-0.194802693598146,0.0756719780962067,0.411083036430228,0.103840107576564,-0.250680905800355,0.107253159646796,-0.061395809767465,0.437267927699508,-0.111714923829684,-0.318184955499471,-0.207723245042625,0.0277337218801739,0.311036558154531,-0.187952868009713,-0.0825883999385513,0.179040060467541,0.197507215231208,-0.191302056027961,-0.330983641383318,-0.126607102788733,-0.49621157912128,-0.504843189092075,-0.628555359719469,0.0300284378447526,0.00496778395147783,0.216205182725804,-0.202408122442017,-0.0121873476212455,0.648520375303462,0.142001069430891,-0.0802645938399469,0.0726629324637758,0.306415999779831,0.0233899498440553,-0.384404064851066,-0.1639732726313,0.375065745406162,0.560675669462745,0.120400531647416,0.0313676726407462,-0.163295260098064,0.254506684144935,-0.0560301559084304,0.549205522889671,-0.364817192051048,-0.796749633672425,-0.547041164850606,-0.234583668566585,-0.393037222992023,-0.415590205595002,-0.337056799323165,-0.0172950187205044,-0.0348450189314435,-0.249531110585994,-0.324160232314828,0.0564457981276252,-0.0985487813297681,-0.280088963861392,-0.234543451797078,0.358902567149152,-0.25386321722145,-0.133768732769757,0.261915722370016,-0.394644915113037,-0.196987898306056,-0.0811654978234129,-0.485205985283439,-0.0844110575893834,-0.174852884943388,-0.570043673119281,-0.195350440437039,-0.219917072083324,-0.154473007007502,0.143384607783503,-0.320669482091848,-0.162849457457067,-0.399409321755058,0.171541180213767,0.219582841835883,-0.147462800080055,-0.109779268023678,0.120490696964102,-0.0510726328228689,0.129490285576755,-0.0587135807907336,-0.0739228708434937,0.194148886645339,0.0534469628349249,-0.549197562486895,-0.606510430237003,-0.673641725191211,-0.679572673125768,-0.109084366264646,-0.305455369087752,-0.718973153952022,-0.595873912315415,-0.410589531271322,0.0582952807287807,-0.0607906088878823,-0.668885361722349,-0.238036038580637,-0.300898031851169,-0.519375953644082,-0.373287807619386,-0.493271859959592,-0.550907066468499,-0.966027655728479,-0.186112581114675,-0.171517402636194,0.167042202901132,0.114675981855212,0.171055901685691,-0.195941130644255,-0.719627022242674,-0.616721230333739,-0.6432883706542,-0.6647281513125,-0.396073071269448,-0.2101499416158,-0.0866398477379782,0.252903274153574,-0.70665794830262,-0.260414222217708,-0.140048516047591,-0.408683033561858,-0.653174862199963,-0.525256595637588,-0.649789373387037,-0.428779534641916,-0.724141797882854,-0.659152219629811,-0.31008456097552,-0.477815583012328,-0.0679163905567688,-0.208336410833807,-0.400494042591157,-0.331876010085785,-0.386933206930987,-0.532088783107878,-0.76553003928747,-0.640307597385757,-0.588919118165071,-0.284918682164883,-0.104496203007512,-0.00155380998852817,-0.399295558547539,-0.644828023909826,-0.503345146774846,-0.438949438135013,-0.149634024312964,-0.210370347130325,-0.156820413322016,-0.77721978638496,-0.632619730605988,-1.10684660000916,-1.01435657961026,-0.912238321366921,-0.977860526034212,-0.80791204419936,-0.549340417677923,-0.387938232651643,-0.674750019236842,-0.626667729387769,-1.01258977563312,-1.04950370720482,-1.01835540443812,-1.06885670758344,-0.908669143523458,-0.60713258198059,-0.683161200990946,-0.87073825028182,-0.796358276094399,-1.13588875867142,-0.476928783690074,-1.06284509329237,-1.32318929439511,-1.4747699615598,-1.21883160775795,-1.19268509268852,-1.17056732421198,-1.10628899819498,-0.863327135933466,-0.555717243651474,-0.421748080715618,-0.663508510545838,-0.85710691429277,-0.361810079759394,-0.399600527552918,-0.132379579227316,-0.722383283629481,-1.08468887398181,-0.909009052794255,-1.28133779466163,-0.792803346678846,-0.724455362969814,-0.586273661619074,-1.04604509546384,-1.07051445348192,-1.06794488627799,-0.603238135788238,-0.815348006945028,-0.952375362105109,-0.731187806809131,-0.730305567222598,-0.748368330825553,-0.842297395769153,-1.16708327929662,-1.10894467966875,-1.47224910188194,-1.30247491048072,-1.12800685552128,-1.43879901335924,-1.34723694551961,-0.864383295185746,-1.2763400317556,-1.2233448547618,-1.15044830681561,-1.05891609495299,-0.884950412076034,-0.809613184431162,-0.848184843594586,-1.04202831035645,-0.944408494282453,-0.894463389891608,-0.719129722328848,-1.10491227720455,-0.892873706430355,-0.651995234713983,-0.695516246270298,-0.740828206570765,-1.04273185454907,-1.37897731697614,-1.69994929798532,-1.62320685755303,-1.13412069683728,-0.719667832040048,-1.03092422536174,-1.21651390936219,-1.57856590698021,-1.59532792949255,-1.09032079801447,-1.67500077831233,-1.74138986089455,-1.18135127904995,-1.02633142256421,-1.30902080486055,-1.73833841285875,-2.01517531783247,-1.40256600411757,-1.19613188464994,-1.07765556203234,-1.54895263061025,-1.0392420991408,-1.30452089942926,-1.69622659225238,-1.82779322240142,-1.91867975450866,-1.99334878523203,-1.16974631464208,-1.60992873160304,-1.46323741356022,-1.29571550154543,-1.45006194591504,-1.64338822114156,-1.3369820020675,-1.51451593168002,-1.16374800599213,-1.06648918611481,-1.28264021144716,-1.29687244719825,-0.912698325847453,-1.29426550713926,-1.67033473785415,-1.78781695246046,-1.54452164112562,-1.1775816965604,-1.36042725995646,-1.76268278383092,-1.72296665939781,-1.78848151701678,-1.60016486279925,-1.46783834456843,-1.45312233200837,-1.76098695541155,-1.14505733030235,-1.546980692249,-1.20022315101068,-1.10895701477153,-1.13981895871656,-1.50533914369214,-1.60665010974834,-1.54547793506356,-1.81899647891069,-1.49005753317538,-1.90372639966826,-1.56820623829336,-1.46079276197138,-1.18045824675608,-1.20331685249816,-1.53062286259885,-1.72813075967101,-1.27847356374653,-1.43977784345276,-1.50253050000406,-1.57945219223974,-1.85191737469146,-1.62440294278794,-1.62507868377008,-2.19385876816117,-2.3833175354316,-2.25034112049588,-2.45491764552997,-2.17538453425869,-1.68368280302685,-1.69188483434027,-1.71506757355596,-1.82061679150665,-1.80428354054355,-1.75292616461652,-2.07076511848534,-2.10400457147713,-2.1382267678154,-2.04801947359592,-1.82335333494297,-2.06893561214485,-1.98784674655057,-1.94334758890255,-2.10486747859619
-0.143312686832358,-0.0687573204904423,-0.150589738999489,0.0529543352461092,-0.0428635758559027,0.0488389523527102,-0.0592027858356326,-0.0555149369481942,-0.114597848719209,-0.165105849927463,-0.181842625243894,0.0334958992546062,-0.145887204639819,0.135570241586982,0.0352879941736738,0.00488400115452509,-0.187951194988621,-0.0232970072859931,0.154368977687041,0.214004518881305,0.170889967437021,0.084842861993787,0.186249986884068,0.0316510019821028,0.136665910317689,0.0200328032906633,-0.010446857917595,0.201557795546492,-0.145799309498071,0.105804882284415,-0.0162772522924396,0.0238975836164134,-0.0728312091736949,-0.0409663054065912,-0.196119320583454,-0.164300701691783,-0.095153496720929,-0.0416164306898773,-0.122387788033709,-0.113504918687897,-0.0352294918791228,-0.0675170679727319,0.0211254033913868,-0.0520297321345509,0.0452107008883903,0.0421181529932617,-0.0469978435919625,-0.0545950920129574,-0.153870305858385,0.0463261296820139,0.138537190867172,0.0692140168751781,-0.0420488235414708,0.0786673659294159,-0.0428253679257604,0.0295493685515402,-0.000132459022052972,-0.231695203001132,0.0231699772974002,-0.0485414167752797,-0.0682849293173429,0.142381919226481,0.0839052869979237,-0.0118671255158144,-0.0893901883639758,0.0630475075779696,0.0685564862675078,0.145407986079391,-0.0189229228536751,-0.0306994087651035,-0.0455482689794611,-0.0902415572689685,-0.0276796210564843,0.00273409226981947,0.172402399307144,0.166116609319789,-0.0251223044175118,0.16193663111753,0.0910977015612903,0.0792035882220879,0.106670056628093,-0.0112844855989376,0.0984381995971414,0.0859986116201933,-0.191750209244243,-0.0176230210329114,0.0515640860050542,-0.00773006047727559,-0.102431158880222,-0.00571775714614577,-0.0470844248547866,0.183819640380434,-0.00242082752074515,-0.102804911336431,-0.0334659402000842,0.127889001380231,-0.0183274042276458,-0.0473472334892739,-0.219099640499778,-0.106182042240409,0.188108293672274,0.253067700711504,0.0987447922596343,-0.0632871790992811,-0.00971838685984494,0.00485582152517976,0.0136817371525271,-0.0919784672205858,-0.023870794066488,0.0823824428200408,0.261211030099964,0.104844439832809,0.0111082516613747,0.256907360192874,0.131524905877071,-0.038493781401336,0.00366884256576642,0.0522289167079599,-0.0120142418190059,-0.124467778185395,0.0205177235715763,-0.0596952059077494,0.0477175444948381,-0.0395819661789326,0.0105307609220568,0.00297588424860064,-0.0631265546770891,0.0966038794257836,0.0751271234307072,0.112541469580638,0.208147689709793,-0.0164493732628908,0.0362323832959702,-0.124678310159064,-0.0240426413850103,-0.119824426617326,0.103050374850195,0.020395435649333,0.147859328283742,-0.23119204401622,-0.0493083776166184,-0.00818541281369982,0.0141885997121713,0.224410402882518,0.0659660774895565,-0.0861699792812365,0.128907074425354,0.0105844395876087,0.0765923468650458,-0.0564956483325394,0.26227969569676,0.051583693870831,0.0719707467229515,0.062984163242825,0.0787837071953731,0.205182076246897,0.128357628038239,-0.261959474095011,0.159205218903484,0.0816506873869996,0.116560493985591,0.239821632782016,0.118417415257607,-0.148307705287248,-0.150371799724739,0.0654421822912195,-0.14936193386853,-0.091346527724886,0.179756913157184,0.159182315338553,-0.000650807423573346,-0.0455409939333834,0.319247476211487,0.186503740327064,0.183975066980901,-0.182174208621697,-0.153761908319819,-0.0342138103101467,-0.123209440102803,0.140995847856376,0.123514926572735,-0.096574619619592,0.123349506596967,-0.114713792321823,-0.0137934412555289,0.178754625274218,0.156547615026437,0.123082136430001,0.128072262364208,0.101339363157844,0.06723433899782,0.11813495027342,-0.0545417901820264,0.247966800522627,0.0816251230137209,0.110951325944929,0.19234951770926,0.0394836668910478,-0.0628791284569062,0.00850507262523707,-0.0283933767613723,0.042735986141689,0.295707886803873,-0.18307822903158,0.205036723184614,0.00720940181000853,-0.0137537245630755,0.168708682505756,-0.00223360109370674,0.113873340484857,0.229839615191234,0.314869088457443,0.0300169250365523,0.341547616428831,0.215539298453278,0.326512564882515,0.155343750945888,0.00607728601664252,0.120724982138649,0.209065299421409,0.209839256517538,0.390667929420716,0.210923902327032,0.381410744175033,0.224002139050189,0.150813301273867,0.125691856836762,0.157588501293119,0.103776132801512,0.0595639750783435,0.304520433469932,0.249636242986025,0.289711199164543,0.23177554144357,0.267477425440445,0.280832209468652,0.132334766356847,0.088195857002223,0.229280744273335,0.211323653197585,0.168970640596219,0.0286718090412266,-0.0194963763263546,-0.0585181477930437,0.201033403329295,0.114921214690132,0.125694887792064,0.232772984758544,0.236461702356442,0.339330798131654,0.255750164152723,0.225683482167153,0.20067184889097,0.195862583467786,0.213435988977332,0.101237473490717,0.224220950036383,0.149098796988091,0.00255815455740646,0.156697580365468,0.00125781660701471,0.143217456992169,0.119261096780572,0.16429934100479,0.274305121094591,0.278543889672858,0.253355749422579,0.348938260073518,0.204716163058159,0.229569971069247,0.329216599671915,0.301415124753436,0.159135210185494,0.195110111569314,0.37205127336692,0.291584912679062,0.0270665830883247,0.370622558403461,0.212893482796619,0.16446159508649,0.121311130105751,0.164014496594888,0.284397098569981,0.219155893034795,0.137061993542031,0.161707206269696,0.280997563942289,0.301001475581572,0.47042863922101,0.245781527877088,0.207009341979801,0.384558741233808,0.256584595260769,0.199646207286823,0.374737865280903,0.328503726758856,0.194785332356179,0.302986513704341,0.36922724024235,0.241671339897562,0.32770755097372,0.2670030974301,0.240923172102259,0.408503466870548,0.286493150117338,0.200469813869408,0.181775463248436,0.298820999684577,0.326877510721018,0.0870513179309279,0.479452509837322,0.210818092441741,0.421331153483931,0.369532195590667,0.0977949477890366,0.359072748641802,0.325147955660162,0.222931515979654,0.211854767146186,0.377053565464838,0.343014847642631,0.309823095068579,0.231544396279979,-0.0905737419586403,0.271140261506049,0.2856928985375,0.0806482372511928,0.153492425670753,0.276647439081819,0.298608567707871,0.236851261950441,0.310770187873535,0.116888388601615,0.423570245991125,0.436031758725546,0.537834483580134,0.221833347086804,0.285948892130734,0.175337510270176,0.266286264749519,0.162165241801176,0.156215146436194,0.167623055819115,0.418750347140849,0.1054005506413,0.389817508891883,0.282501319646002,0.398908354911536,0.219689980563229,0.288350841886304,0.296700065863278,0.354592060545223,0.248991552775892,0.365229939571636,0.353013289588079,0.38234731314152,0.29304464065713,0.332754163516561,0.37369066557067,0.400588125060477,0.443517176985854,0.283197470523296,0.50408350611677,0.310482848452176,0.528137103428946,0.378366722252146,0.488128790435105,0.471064057312334,0.41986403781473,0.446373300889065,0.501969051490778,0.375814063664068,0.49773704893232,0.373784939751789,0.36558013810386,0.276064017304551,0.425308158932488,0.474099628034739,0.580676339269219,0.367473663097549,0.417330747601906,0.296442249500649,0.55276726878316,0.55359006838348
-0.292530251260635,-0.77164392487988,-0.175521335078922,-0.112153996472199,-0.258807089964082,0.199301369974215,-0.687718805234648,-0.145277178315097,-0.261044882126609,-0.273547672886373,-0.0702247018827411,0.436960831186751,0.272526594219857,0.146565664184441,0.600536307942718,-0.174713348226747,0.371252389041625,0.539031945281542,0.256809357402951,0.512250659477372,0.469436532450291,0.169544269993612,-0.109669467245908,-0.11883053636009,0.903443708468369,0.134133193818495,0.451562357802364,0.924092538197244,-0.0289958853390624,0.226462574866369,0.228374107008789,0.0532155581839157,-0.189240521831501,-0.405742067536526,-1.00524005272626,-1.10009403203111,-1.02507032851666,-0.940127972949559,-0.453267329105841,-0.555685122563737,-0.459312735280158,-0.844086795932718,0.0384312967862711,0.555751611451065,0.145812691933566,0.439641261399864,-0.372918973865381,-0.47410963182953,-0.359812850945834,0.0987222502746151,0.404404020973696,-0.236347659698562,0.367796846443135,0.599034321290509,0.213402873993073,-0.00880545794645253,0.415600803969044,-0.686000007322509,-0.591267213258086,0.22889091096915,-0.00446502391722126,-0.138606251959804,0.175922953206583,-0.365972323456151,-0.3087860054374,0.385600148202583,0.490478728133225,0.130813580445519,-0.54241133201096,0.333805215647304,0.147625476305982,-0.328228659029003,-0.165041642510788,0.408548491297492,0.914875055691225,0.274711220480049,0.762875360747432,0.920380785015826,1.32385634471745,0.0457159297620057,0.151850978696909,0.0776882031055849,0.264739765781451,-0.189451128820003,-0.96556830877508,0.0527394048706246,0.158293990748016,0.0892437330782671,-0.323919506580476,0.0950880835438434,0.72396936301339,0.461092964700348,-0.399771656748541,-0.765091571578956,-0.534722171566177,0.0863238462352325,0.167220131498994,-0.519432497640422,-0.148845568737662,-0.652952526353302,0.476821215021655,1.45360732548663,0.869036488581901,0.530898433810484,0.650323438358394,0.919430538682092,0.609026976324132,-0.201944829789667,-0.0607398311924514,0.930228568166361,0.539685789579386,-0.170816472097565,0.0942591893450717,0.465020710988746,0.256167752785995,-0.435272148940079,0.429662515024149,0.593644994555593,-0.401133675760845,0.362740340113411,0.355466991955526,-0.0088802922490907,0.97343991216226,-0.0933518759569958,0.334740094660435,0.836069011110769,0.457260378958455,0.708763960736818,0.262869146021531,-0.131942010549392,0.694865147476538,0.289966215667264,0.534139356107987,0.219162355981985,0.126400713005456,0.0921082788669168,0.141727720203553,0.0925156276285177,0.0771809713359567,0.113076362418856,0.185511348669683,0.448434107004123,-0.111403182842316,0.322312994510545,1.10828257064411,1.42108322829376,1.31396873419064,1.01236044500644,0.526501563755464,0.370942655554819,0.971501495976805,0.954213557266906,0.777524439912521,-0.0352381416466464,0.104493674180168,1.0125679945457,0.470986801047312,0.317814428682262,1.04428218833087,0.841431444240823,1.07262870264138,1.0332573771839,1.34710741508978,0.381352540670721,0.0415205344977187,-0.319336367803688,-0.141377831072272,-0.0852717298201126,0.295876793680838,1.03839733862621,0.866956865991527,1.22030099241048,1.28054721856137,0.583581402890537,0.494160987602167,0.223938650129196,-0.030806764231112,0.725905067766065,0.506908173858112,0.412053914421527,0.797165367756212,0.873488385990589,1.40344256039462,1.01044566345539,0.914437334830793,1.43400080459486,0.909891732800713,0.473933906777169,0.91590651911782,0.246588277244895,0.423727156054099,0.347063744450099,0.564484549067,0.999061436385195,1.28261360131758,1.52878290516013,1.27965841100612,1.08951653471917,0.260503768259212,0.585973717715459,0.488188475696398,0.730393614372196,0.782889722851829,0.488129329085665,0.906170333051268,0.178107918574206,0.186919786203335,0.251901376469601,1.50390517759144,1.24272906744019,1.9292058325317,1.86845223428809,1.45606321453393,1.87796372106818,1.62708207048448,1.26420973950553,0.746129473271082,1.09663767220578,0.742791415340503,1.73388983873689,1.7937093308482,1.66241186589986,1.67625339516825,1.63587996498497,0.987979437760822,0.961015001712333,1.1853356726141,1.07166340826993,1.9008950422241,0.89146833914583,1.62486229203712,2.23384532449859,2.66305941548424,2.27799285260366,2.17137670205359,1.72769380458853,1.89499793398553,1.59768587869296,1.06363865349509,0.831196362075068,1.24661250474905,1.54814845716669,0.631032901690206,0.692960319176928,0.727313206862914,1.2837697067219,1.71712678057642,1.4314236058996,2.23670364735736,1.8090487154364,1.18334252311488,0.898892861925009,1.60947582313519,1.86807929925489,1.99402808596866,0.852231529949757,1.51431807932042,1.47105255714751,1.66725747799846,1.1993645297111,1.63390830458491,1.53035768205158,2.22725373795528,2.55041642146118,2.53593776311766,2.26959921322764,1.97416984086113,2.56600229856062,2.20989125566273,1.82186614834765,2.37873047727199,1.83186557147271,2.14653170373008,1.44658272229787,1.67115680957751,1.41957038722819,1.11146155427913,1.74034143221603,1.57892648518455,1.48378841074877,1.32078910098933,1.74992013257309,1.81839850835104,1.52865841775411,1.58429402158779,1.41297273977681,2.08877143670919,2.61919678657733,2.84780395889898,2.87231821788164,2.26972961994478,1.54605803094618,1.7155639988072,1.87098656875652,2.68009885193306,2.78102199334067,1.58605381095367,2.76086810293814,2.90195469235367,2.30829915264878,1.90222702702807,2.43409946872946,2.82228664559322,3.4617991777597,2.44434070800521,2.08594534172304,1.84173906597945,2.54934927418233,1.83799220621225,1.9033457015746,3.2285138036532,3.24521632598334,3.22672754079547,3.21552803006315,2.48617118646727,2.90135337077805,3.02755325426755,2.44656250199766,2.58228301046333,3.22373574892173,2.77766849253324,2.32569113038904,2.11452664296871,2.02622363331034,2.57337806407313,2.19864453917316,1.58957226487547,2.3993912187975,2.86361996977107,2.87011616364687,2.78467027488881,2.08135551977526,2.37045983734593,3.07796335775425,3.11814675880673,3.19626777165025,2.47726603072878,2.80646320710003,2.40455506854011,3.03316088837669,2.06948124801435,2.96241262538738,2.17424792508108,2.07220956244335,2.02270826204363,3.14851629178098,2.96180327928492,2.92114546198722,3.07974595930185,2.83904872209477,3.26409983063717,2.9276704257596,2.6363949957817,2.24467816094701,2.39212935756786,2.79412049891096,2.67941566092981,2.64816856081552,2.6610409622965,2.49020770496129,2.90181095220319,3.16028352778409,2.82980432918729,3.10156600017615,3.76510710757171,4.01672830899418,4.00158956159718,4.1985281771513,4.00209329958187,2.75717145950802,3.12549709104952,3.01938745110995,3.34005378144672,3.31991156854378,3.49265527803522,3.41158280277784,3.57492120292384,3.70221182409791,3.47281379650693,3.47201656889542,3.7804983596715,3.72778572031408,3.3994025184988,3.8311068515101
0.220069026106428,0.443531260869846,0.230278447754043,-0.0817129411067077,0.0503189251968023,-0.0395215698473626,0.467547838170814,0.0657260942853737,0.231382476536711,0.111140371257579,0.232514992341468,-0.325142635421192,-0.106029724411746,-0.0987089330334876,-0.300802886013168,0.38687815728464,-0.0619660323189604,-0.288245508613814,-0.342280534398987,-0.441500050485579,-0.49546454316155,0.0355979911671261,0.014914212141389,-0.0472928248638701,-0.418138095619293,-0.227669315923309,-0.393637335237566,-0.46818286172911,0.107915623552991,-0.24115002859508,-0.293946573109373,-0.0420793800322367,-0.0528869343439738,0.237924434691174,0.759685036144514,0.822814911241082,0.609943390977744,0.574319407714578,0.400238899307566,0.574989366037259,0.192314070388644,0.353933467721957,0.243702672880128,-0.188125106342603,-0.151363087017619,-0.356395668403614,0.305291890063489,0.207519543118465,0.228456608039282,0.0381924043190965,-0.22393839365588,0.181021309402391,-0.298435489797677,-0.136468845385257,-0.221127927260102,0.00647057292453697,-0.277182623314263,0.442252633719805,0.326694225782715,-0.156763180565805,0.0646897053868243,0.168631670195452,-0.0925403111561172,0.213648831755059,0.0347115200321536,-0.297571073005645,-0.406127401546826,-0.0355855802194265,0.434170221664863,-0.177909544565403,-0.190469111606552,0.179303812858503,0.159182598928439,-0.355148580412762,-0.652068248729347,-0.20621602273773,-0.565795176727918,-0.648656259929834,-1.10356166890518,-0.316995208430054,0.0993390846290446,0.108946925242882,0.15411800590244,0.262749747088107,0.62465498023451,0.169585653244368,-0.159621511799585,0.269756684621158,0.356445601015494,-0.0843464164794937,-0.507339596495729,-0.149682503430249,0.32658148161537,0.563996283179217,0.508538897555779,-0.092522864276235,-0.122846512999094,0.414207483082461,-0.0220868736306709,0.538042007963803,-0.579997126428184,-1.16957667632206,-0.534032799671706,-0.226183585680567,-0.497895645158805,-0.551268252127121,-0.284904748582698,0.166118908674587,-0.129955573050096,-0.68978302336684,-0.540620489311732,0.0202084533377139,-0.103750609092775,-0.221926498789604,0.116324138207804,0.415256579967965,-0.231319020894343,-0.513397747718274,0.115777106527716,-0.400189135370319,-0.276245480835094,-0.153216093604004,-0.595067590916497,0.238086390459463,-0.408843758585326,-0.527687249292441,-0.142833687841056,-0.585494384317598,-0.0121051812078365,0.0988170993953238,-0.627046621592227,-0.175913151036619,-0.219704753848806,-0.180568483653038,-0.112753610125085,-0.127771826436211,-0.111566629124972,-0.216679660548891,0.0608930272217309,-0.0592692398261414,-0.0522413440576795,-0.338534021261962,0.138499467838403,-0.314213806174392,-0.634641571132151,-0.838139649460697,-1.00596119496932,-0.639433262229763,-0.184704156890895,-0.435679945728905,-0.849565315672134,-0.517756566678248,-0.696030122043992,0.0948962271569809,0.00315383793235685,-0.69801152282777,-0.425085101443027,-0.238982461351338,-0.680445375330428,-0.557359898195145,-0.886732013966693,-0.719754687518915,-1.04659382804474,-0.236355995356038,0.183111826795956,0.192169099995427,0.203013805573416,0.144133698990838,-0.116571912013023,-0.650453330724406,-0.788205208873298,-0.791110293651038,-0.793959178450811,-0.371303720376509,-0.318841608213532,-0.0206376507748217,-0.156522214084662,-0.481806064853951,-0.53962274376121,-0.532590295250089,-0.377147496655026,-0.650644766688818,-1.11925367934862,-0.532048315503261,-0.738753680849885,-0.940356142861399,-0.643123749922971,-0.210060535927512,-0.556860612041202,-0.242182423138752,-0.164158339156641,-0.445237020129613,-0.335626259166918,-0.420021846676294,-1.06339624542361,-0.919928629743387,-0.7792832987013,-0.55195908330041,-0.0985194259737749,-0.242976475749118,-0.11325615826876,-0.668730289985207,-0.64496365386634,-0.425321279885745,-0.682507690630064,-0.0875759766859392,-0.209048996483292,-0.239456056702337,-1.12279263413656,-0.760254358823641,-1.22158173422277,-1.46545963615657,-1.1466769578032,-1.52524205403725,-0.902687417703205,-0.843185715179151,-0.58184664610436,-0.891936523467474,-0.617504431614423,-1.23905971944633,-1.22320931250959,-1.0256793622219,-1.26567088706129,-1.02186034342368,-0.822076509735158,-0.601293958526479,-0.972817186481323,-0.917937084718529,-1.31559955174315,-0.653148677745682,-1.24985987430144,-1.4176182709075,-1.99554630214795,-1.73414468958585,-1.6348958451778,-1.21019046545376,-1.37872174001364,-1.06696334150259,-0.678854964824328,-0.603184093560335,-1.0212369644722,-1.10073438857706,-0.582402821848203,-0.567909363985586,-0.340458239113751,-0.987183166233002,-1.27877001081784,-1.09412655699191,-1.65927140049827,-0.888834827171974,-0.843112770369812,-0.478883494215261,-1.18252690096618,-1.32371453799344,-1.53945012163511,-0.874284318726625,-1.12845035903669,-1.13355652682034,-1.19219965379641,-0.913005027163734,-0.981967654932892,-1.16619203786291,-1.54122935019197,-1.91762508791092,-1.74714106580512,-1.46963645741077,-1.49974461534435,-1.86059388660077,-1.81247241161684,-1.23226927188088,-1.52093153017896,-1.2077809765698,-1.79555108281738,-1.0840756487893,-1.08897229494235,-0.877981607208173,-0.864637387244942,-1.1538671023758,-1.15049295450708,-0.82793260905909,-1.09129579846553,-1.16276767993138,-1.21879149597908,-0.841354155018113,-0.969397562338259,-0.979806116945135,-1.44864637565681,-1.76579624940989,-2.13499097428908,-1.89846066468691,-1.46124413324681,-1.23670394504951,-1.4078726341255,-1.40055517558238,-1.62228303631237,-2.06197833742895,-1.17899959314399,-2.07606069574598,-2.10521179795004,-1.59558597716746,-1.32545062690355,-1.79331750467392,-2.04083635048892,-2.55788581908295,-1.68053457870922,-1.57457476001401,-1.42817663639595,-1.65318300774053,-1.1828272852065,-1.62577806749168,-2.20767829232119,-2.26946155261783,-2.46395918600255,-2.37041744725609,-1.85599140981402,-2.12855832255018,-2.07918075785458,-1.77098161784575,-1.73241008532557,-2.36919628871112,-1.93696065144957,-1.55145680262811,-1.54379118588443,-1.31254257166399,-1.65806825074481,-1.70531709776565,-1.29667135158571,-1.56303623951488,-2.13287358534785,-2.09568828681477,-1.93493470690524,-1.76791468560651,-1.70231313685308,-2.22548410500872,-2.01214421128848,-2.37857423741843,-1.72591712471079,-2.01384730672325,-1.59734277004541,-2.1811256682412,-1.47507659102217,-2.053602465612,-1.54330389375384,-1.6241569596197,-1.63222508250317,-1.91537772656921,-2.02345789933712,-2.06917796202362,-2.06734118803991,-1.93808255811883,-2.41597876125847,-1.92903103620668,-1.85982663580689,-1.5690307319789,-1.53445180521785,-2.00007989449879,-2.06759094355721,-1.98262826428023,-1.76542482902749,-1.84317661320602,-2.0435637607858,-2.44883358678446,-2.05284993114455,-1.99789658587249,-2.77231417819177,-2.62934887536198,-3.00148445885897,-2.96691216731942,-2.82135729392196,-2.20593187688714,-2.19041715395237,-2.06819729962206,-2.3499175574635,-2.24974087052702,-2.45686412350093,-2.51539136636911,-2.54860335810477,-2.83715969484694,-2.58755525188316,-2.37834149234946,-2.69936076028681,-2.71943262970443,-2.60886190280395,-2.70817075041739
0.128033343070382,-0.00836336168114337,-0.0469184969871219,-0.00955038312430803,0.183068221945839,-0.0751924223638198,0.133669793522271,-0.135842508538165,-0.0513290420928379,0.0613366968166696,0.000393462649228715,-0.0943647805008956,-0.051663034430299,-0.0265162972236287,-0.16669006434708,-0.0493053278059919,-0.0765073094720263,-0.0561306344515487,0.00106449218566238,0.0746715321918751,0.0894012670290714,-0.0955618740713856,0.0103660493807412,-0.120234928765635,-0.0844637580308448,-0.0572443553859352,-0.0613479521362143,0.00257089520874864,-0.040064091014876,-0.0931634532670614,-0.01292194807944,0.0823657326474628,-0.0681151479072885,0.0457789178318727,0.077089462839136,-0.0267501663222009,0.0237293491865953,0.10737475188498,-0.0918475605851289,-0.0557126443471225,0.046737050095171,-0.0717131037313183,-0.0639140671791388,-0.0328500721641835,-0.206128866051297,-0.0574025961411016,0.0851239999699646,0.0983458762884751,-0.00591226321855438,0.0100070164721447,-0.00415460072770298,-0.162803111846279,-0.0657900300570638,-0.130778537348035,-0.132051122921309,0.139701661780787,-0.0978574331035724,0.194164705742041,0.0760513548137402,-0.0170643667790613,-0.119295336069279,-0.0272904938012787,0.013899672016708,-0.0113994096067346,-0.00173790076982149,0.129688382603987,-0.0677455329267319,0.0298328945545246,0.01565932757852,0.0139941741664217,0.00794539493061752,0.104312132101121,-0.236448082547471,0.144798045150542,0.0469097816229009,-0.111437251506768,-0.0337734875929353,-0.109711697420043,-0.104162048018207,-0.0349928178342331,-0.0835151608625123,0.0388347696388534,-0.0197831125270802,0.130964999613073,-0.00582362015911229,0.0128072373844614,-0.114279078185435,0.116982314178956,0.00504591560703141,-0.0772402919544446,-0.0911802827049282,0.0668138128844261,0.086385971098555,-0.0841554902551455,0.124969966432986,-0.0987923710927043,-0.101907253654599,-0.00314583978102475,0.0895999926551327,-0.0429334703764395,-0.13877246880481,-0.0127067908037176,0.157523449422742,-0.0583031488653261,-0.266958960269504,-0.15308954794524,-0.182460588185885,-0.0531002214207887,-0.0821556803334638,-0.0215924568896518,-0.198469273864941,-0.0316681987530982,-0.338654607983796,0.109769847404946,0.116764167798256,0.0464493512922745,0.0549366752649085,-0.127741915507392,0.0470619148817243,-0.0103766009923396,0.128419361575517,-0.0597536522448299,-0.0505778604806488,0.128612853086834,0.044157260435542,-0.0543498991364666,-0.0705310848780542,0.0429210204838796,0.0601692006379846,0.0969419097093578,-0.0742378029178004,-0.0919500254141177,0.0664987590160741,0.00973444239242736,0.122366760649876,-0.357754846621237,0.136903144027215,-0.0898859385442016,0.0716801114078131,-0.113388006965584,0.100983383847515,0.0180412391588358,-0.00588933138135888,-0.0353680841209485,-0.0559290118763916,0.0199322438219951,-0.10149494450086,-0.08862330292007,0.0591548131191545,-0.178136162905679,0.0788777926582324,-0.150534121390451,-0.161492910724425,-0.22140722436941,0.0230899121294577,-0.189486267674811,-0.00839128127712887,-0.0130813857662074,-0.220690677945482,-0.127039251063977,0.000186262697259236,-0.250876686984256,0.0152834573686516,-0.126262529489681,-0.0545202451732854,0.0319008941934894,0.0674965490581768,0.171942428004278,0.106414708046101,-0.246512253215057,-0.112193352267916,0.00396348599620548,-0.0811515627049922,-0.151347779437672,-0.172839460088969,0.0626119970389293,-0.154190819632585,0.0701589765210394,-0.0516323943238585,-0.2797214858819,0.011555126879417,-0.0858849174682375,-0.0663508387458496,0.0293876977085576,-0.00638084600620525,-0.0423514631514219,-0.0139626000310514,0.0340629138302491,-0.141080713971841,0.034453826797133,-0.0622762321713029,-0.126909020441107,0.0207960832720644,-0.0517722692635856,-0.238073056686438,-0.024023221601764,0.0541184733348382,-0.0820316040729921,-0.018967088487225,-0.169572698839895,-0.0536534419233966,-0.14995066211191,-0.150834330029616,-0.00398368406493368,0.0658122910129026,0.0374245936739413,-0.00239498459721669,0.062403184803175,-0.0685658025400946,0.00977255301815225,-0.0170180001399035,-0.0819521086024531,-0.0905394602583062,-0.066625224002898,-0.140080791166122,0.0754295968549686,-0.000641482790147536,-0.106211234044086,-0.125801321669934,0.0742662754246653,0.0349424098840318,-0.0683493721796836,-0.0724588533904891,-0.208458214533419,-0.0951807837812493,-0.108403788614852,-0.0328596126198203,0.0169940609324231,-0.151041854133011,-0.00497470499502314,-0.119820993366214,-0.123752930167004,-0.145718028741784,-0.12481664271908,-0.179007120264937,-0.22690018969751,-0.130580191501742,0.0244266388101434,-0.0362177424487556,0.211629297818579,-0.111400974797532,0.0822189082719994,0.016774439687219,-0.120411648074761,0.0226134631910835,-0.0418169685173836,-0.160262696683051,-0.0505397291985949,-0.17813227138422,0.0142394753610051,-0.0523997662554288,-0.051419856273494,-0.182652150475517,-0.235183679892836,0.00917454257434555,-0.0310520135575183,-0.172281407916179,-0.014595862296588,-0.177912411806916,0.00496042597327412,-0.0591528455206554,-0.227441641132765,0.0773794096856531,-0.0473596326732617,-0.0777401955486829,-0.228645843414124,-0.103969229092811,-0.176105645456168,-0.18553255017234,-0.0785531895387871,-0.0327600700842334,-0.129934119313599,-0.215442161586202,-0.10740423623231,-0.0697274461429585,-0.148892472352749,0.10760846299902,-0.135172653982324,-0.0789644483396685,-0.135394140436019,-0.125268936166766,0.014221712928779,-0.0544811399805302,-0.00653970067039254,-0.00710468731702174,-0.215364555561182,-0.214958809396939,-0.224808257143744,-0.365401055132737,0.0404438266052201,-0.0975627483810397,-0.0676498264859929,0.00500917683121678,-0.000264720374151692,-0.044139369770593,-0.0637195911447435,-0.0364259249615057,-0.146921814583936,-0.0595036163741523,-0.196793527384245,-0.228001931838295,-0.12022623743603,-0.186967989549925,-0.185864338165827,0.0438150901388883,-0.0469263096138701,-0.331746104579162,-0.194435067053901,-0.00789975784117353,0.0781860303930935,-0.123127129452899,-0.319680236588775,-0.101924212824937,-0.0908531197517684,-0.147377820056903,-0.079566516349808,-0.125216311852351,-0.154639430416749,-0.259099561198275,-0.056961444922429,-0.0461801391916935,-0.142320081995153,-0.237233884048158,-0.110970364180504,-0.137668238400387,-0.231337109183569,-0.180196449538499,-0.150429130846561,-0.17217805057134,-0.362425100611409,-0.148869734317718,-0.186669058334027,-0.202497430756993,-0.132282684129462,-0.176999729644611,-0.191912693402994,0.0101074352897726,-0.209981862814023,-0.150648681504334,-0.120061932579287,0.0417564838709935,-0.196671779917508,0.0267250707000057,-0.00400616483673794,0.00839671014893283,-0.0631469308257496,-0.135972969745712,-0.0225076819898331,-0.0698452704520592,-0.15670049550984,-0.252821452861117,-0.139285383635396,-0.380821111751827,-0.119003386169929,-0.0387077702573018,-0.173433576853152,-0.2443631328735,-0.151527881840717,-0.0830203538383644,0.0259125612108276,-0.216624244692559,-0.181752931925443,-0.128668098603657,-0.132630213625958,-0.102933476576139,-0.355750910479933,-0.124739334461687,-0.376269236007052,-0.260989466451851,-0.246355583209319,-0.128880785652982,-0.291202591655558,-0.220994094546369,-0.173343787629573,-0.0331188530210986,-0.248875679604935,-0.0448062071132581,-0.40680338369467,-0.135757704138455,-0.143074599076505,-0.118110691275356,-0.163861917284448,-0.0948778318742514,0.0470161508110147
-0.108421975873442,0.00437315419617555,0.00879629514208338,0.0461270782541129,-0.0226131401649371,0.142574542151215,-0.127037523547109,-0.0222995790079427,0.0450972797450583,-0.0727237091774402,-0.0465425005886394,0.140702092419188,-0.153524184972087,0.232539221565019,-0.158538074004476,-0.170976260909207,0.083022286927624,-0.0576538562853168,-0.110255178638725,-0.0373266278137451,0.0783881248058816,0.0959930964384939,-0.127483783317808,-0.187136330407599,-0.00222363635997608,0.0685125909207855,-0.0195741877981283,0.0689425342973547,0.0232770297284541,0.0792921219591679,0.0491450565345158,0.119505313479684,-0.0503077674563799,-0.00483877531697095,-0.0272273403074901,-0.0722143867618751,0.0219420177291332,0.120876705708204,0.0164788570043207,-0.0157498517745571,0.204402025366054,0.0187420577599674,0.22133406032261,0.0726184600154772,0.00401256632498593,0.061840901010446,0.0509480068580863,0.18033364249905,0.014071985411551,0.0394553437986028,-0.121681251820892,-0.0477477643217982,-0.057491349029724,0.0485354468403693,-0.0549888340364132,-0.082956850661042,0.0613995499382592,-0.122032723774863,0.0676090140872772,0.0505669717980218,0.105146111111576,0.0906046531862506,-0.159564218461383,-0.0224696720783889,0.130718536802218,0.0827950700645569,0.122436872711808,-0.0858730368863583,0.109871779226839,-0.0168153130776173,-0.013187615528694,0.0284239541963531,-0.125917232284135,0.106153876120167,0.155704310094972,-0.055298399406227,0.0442746482142334,0.0252380249757228,0.0972837756404159,0.0164095939401108,-0.12698180685836,0.103693713429563,1.0164069654664e-05,-0.0507585984298364,-0.141198674709571,0.0204704457739122,0.0420049307006099,0.0939570020438505,0.0876554589602023,0.0835783683987738,0.00905819072807789,0.106169134737302,-0.251503298759209,-0.121389762520624,-0.0359014717480229,0.0960201714236141,-0.094031006943113,-0.0324248418941021,-0.0674889380025055,-0.0444330849553597,0.142922235745614,0.25264721202968,0.012687604116306,0.00758685784120182,0.304035683988228,0.143407011079748,0.0133335820311818,-0.00423070236865335,-0.082032161692241,0.226539965377504,0.108197805425269,-0.0536776254464328,-0.110893223246628,0.209465318733622,-0.0385112680640061,-0.263697797442391,-0.046011344273114,0.180804629893652,0.0552219414774371,0.085406841273176,-0.189070159935193,0.0176676515052115,0.0451204079262369,0.00222501177836191,0.352793218911874,0.0918306917899941,0.151910411588757,-0.0313758241115452,-0.232693264203574,-0.131304784513124,0.0640218961159709,-0.0803185687299973,-0.0583739635414149,0.106595325149744,-0.133840924035111,0.0347107353452313,0.107638671863996,-0.0369793065782943,-0.00582903779505814,0.0290717730911502,-0.0285260716156655,-0.0853075164579269,-0.0209548117916321,-0.0288945683282743,0.0422693520817376,0.0153359498389944,0.196510993728833,0.198468342941944,0.0440617155673933,0.153773025663876,-0.0273550173188357,0.058262798881864,0.0627921554171688,0.0174012757708399,0.00248033139799209,0.245999789018333,0.0788737627774097,0.0173330083689519,0.043504142307713,-0.026829760567383,-0.198544983710792,-0.153955516900674,0.100880213185423,0.00935337892077564,-0.0998057258349815,-0.0277553890525809,0.0402403566083973,-0.142312811534994,-0.0524778383438879,0.079068394431873,0.0264994597665881,0.283332494896897,0.16036183834128,0.0847636470402957,0.10924875305218,0.0139647945889279,-0.0327572258723173,0.164761993403104,0.0741613801385962,0.0505708615466702,0.0285601285116826,0.0448473597323306,-0.0499619004468296,0.0601397746160641,-0.251805794187695,-0.0943261434845967,0.0714837257692979,0.0131717618648526,0.0554517478517586,-0.0181118204053118,-0.103282664978402,0.0112401332450639,0.212984846231999,0.129574009853271,0.152911605097979,0.0260778776095661,0.228290476359867,0.203676602037177,-0.0359577202962054,0.092216784741714,-0.0598171282759569,0.255009202833338,0.19779371503428,-0.0592536820760638,0.2020335251849,0.0581026866592799,-0.0807218301922459,-0.0401454033225138,0.00794252587918584,0.0850389115855618,0.217598944102017,0.192380252248235,0.0237867105271371,0.0499632566130733,0.169269338477529,0.11439265382567,0.0210373412673743,0.00943137579679722,0.114122494627222,0.39964937181029,0.193356732716002,0.172552498045872,0.130812409163888,0.172191475114042,0.0426386784064631,-0.00799082435836798,0.245439447948722,0.238250598892687,0.197346598207788,-0.0659497194387898,0.0630424626961892,0.340280263894825,0.39932088998458,0.324016004296349,0.177548935765418,0.16433476215589,0.183989695639893,0.0738413739739763,0.308034326967401,0.00549903689137839,0.196290003703541,0.104842358351596,0.19005955889067,0.0204810005443686,0.117515951179238,0.220649279787103,0.215472266535712,0.120748819440768,0.160139001697041,0.128828729670151,-0.0154146788900893,0.141284644872084,-0.0111073443697228,0.37435394382918,0.0914190170748199,-0.0370879747251589,0.184462384033004,0.283491295252618,0.103036153925807,0.0152798068628723,0.193290057446708,0.154307855029153,0.118402091085415,0.332167159412272,0.188833556958957,0.15935094547297,0.273295765948481,0.277414646523557,0.129929490135611,0.148985437467424,0.0846713984603378,0.306345193876276,0.145410436514307,0.235287787295689,0.282256102469026,-0.0958404016217904,0.190685620920107,0.11791916651297,0.156981432891129,0.118187538159898,0.0735111604333526,0.176741452660212,0.225758422163468,0.125913237930318,0.0937222597403204,0.206294686141794,0.348778452013438,0.176791328787357,0.244572212354073,0.166978988400059,0.225395522803407,0.139778816158776,0.0398066609227974,0.19427136677516,0.139555528230721,0.398136611695827,0.138899840452747,0.284387298989623,0.200326129297077,0.137607221035017,0.222325378588949,0.206128389749587,0.298028759252029,0.442959668406194,0.183061244354734,0.302257500768584,0.119391816053688,0.0926287946256287,0.0492909739750241,0.223916692946624,0.27730959531906,0.182283642468713,0.335393376599289,0.0655432729667285,0.161938555116825,0.359694224059636,0.263362781552045,0.260758358377121,0.154416616904419,0.197795566158353,0.504546069861942,0.161225863294511,0.156043715686792,0.30458414667795,0.351743093977336,0.0454703553288243,0.0247595855012054,0.152107258980352,0.2829105265639,0.227796054435725,0.380937236573745,0.169509524750183,0.14718848054907,0.375850405514846,0.112265015262832,0.237979058347523,0.0900258919869194,0.358364514807691,0.186236104432,0.279420340488933,0.101798236439951,0.289394741557315,0.304179923051324,0.163955602027484,-0.0236407805281035,0.0902863211017619,0.124777073939729,0.163504901915071,0.27094885170622,0.0646843765276386,0.418047367646344,0.385919062435583,0.167353364222052,0.296871879078676,0.287551734294701,0.297383037061411,0.309685003159681,0.0917056576698011,0.179762413631164,0.0981257606984992,0.0730219732167732,0.33860403749334,0.232687297029712,0.292690263479828,0.274033557552833,0.306108498807599,0.291311121272129,0.386640653579578,0.336369728349688,0.132157645648151,0.193446319738995,0.12391775340242,0.159845449147577,0.268969539781075,0.33458147675106,0.143758446072927,0.274257446972711,0.353436185329029,0.298364062411267,0.338272978553011,0.318547566459693,0.201884836378962,0.303283135289283,0.404010837945419
-0.390561223380903,-0.158587480188057,-0.415969745761766,-0.0328531587656014,0.133315823463756,0.066885282957648,-0.266489560796522,-0.195100935158497,-0.155488330921572,-0.313971449674753,-0.0779120523685792,0.219205617360418,0.270465200872835,0.0884229466513388,0.265855558608269,-0.254111949333569,0.0676930074736143,0.426127195662757,0.34616118194266,0.106980790616447,0.0993512808493623,0.210847152541394,0.0518714692053284,0.110739186492226,0.288701466874137,0.0553748643214943,0.175951368455706,0.441702048798909,0.0869145697990525,0.0916849823697306,0.287957202821347,0.117167502228902,0.0224183998266272,-0.107472751561421,-0.575024775365454,-0.530249720388422,-0.333228532088536,-0.458696215215527,-0.171973434874784,-0.455653275542863,-0.0615974995741989,-0.290902267299365,0.0663172992051167,0.179904438754976,0.0906772172090819,0.246649648608272,-0.109910438092065,-0.292370949018686,-0.267298526250532,0.139597317731309,0.22526914249379,-0.128038015600775,0.160496483125256,0.136282137123858,0.209728998294295,0.283210620210183,0.088319347880325,-0.266676456572893,-0.243938653619721,0.106105369085486,0.0857793984863427,-0.166003557265346,0.165910169638517,-0.0793397355365716,-0.0347163804205983,0.303147306534229,0.212992992528159,-0.0273751041055725,-0.443769229461979,0.328100048844678,0.0752608925318298,-0.134878027536052,0.034445845248498,0.278245718314323,0.440620656769737,0.211936340497572,0.346203280685158,0.263420631534658,0.563340826641099,0.10495186034125,-0.00918344685983925,0.0622916683817406,0.162251306105445,-0.0963217566277045,-0.520219169347972,0.0762718398125537,0.0978124506548351,0.0539976869820944,-0.19049975681768,0.13115464721907,0.303189547512534,0.168557112258596,-0.130172405140883,-0.453299609153166,-0.223075447811515,0.109231368508625,0.0742726792839352,-0.528882064958941,0.104331395243043,-0.0259164963000585,0.298003648924613,0.781296485700008,0.249865203672845,0.122822965051673,0.349586180165488,0.374039846002957,0.123475351215879,-0.313689023100653,0.0590637207677958,0.392745202986852,0.0997071998211271,-0.0861155262706832,0.00392566867772901,0.169237070490063,0.255058134101474,-0.333789407611046,0.161085871045154,0.326804706526059,-0.223961213513456,0.145457013494609,0.313250821415151,0.102218882491219,0.268525661116874,-0.112769811185698,0.140313084678666,0.271820008683785,0.172253544640237,0.496121684570922,0.0804491212823392,0.0565482175008193,0.281874646377098,-0.0353218790339364,0.278288365924151,0.213710705440791,-0.113416697674092,0.00496633104823682,-0.0215995425212465,0.0962181803563905,0.125800721546214,0.00334270879565851,0.126435984383329,0.260548930665264,-0.111195807443451,-0.0343514691738502,0.370093392716719,0.371785688897138,0.634635708934693,0.175710911883606,0.181568056170011,0.310309338891921,0.583859809733737,0.397473795668656,0.365180900860083,0.027970259418186,0.0731126211057958,0.498078920060316,0.0481586165660138,0.139704904595538,0.348474504937026,0.40701764901427,0.63012276672169,0.376890774578088,0.429514056123732,0.290555581434139,0.0332941309316174,-0.00435106421446854,-0.225800629551888,-0.0206165961020088,0.186489615407829,0.471129125368734,0.455797227554229,0.559553916643869,0.465242871264651,0.262654701460955,0.358439192392599,0.0778065511637536,0.196671193154682,0.428324745914001,0.161673832631302,0.16049819039203,0.422586072795731,0.446160684545671,0.618563271154393,0.434367353216273,0.314038347121042,0.516407672182085,0.632825555037013,0.0965944995631814,0.274186291761053,0.242891293025125,0.274598235072426,0.112866752573273,0.174535211273696,0.408713142900188,0.47714036240114,0.556785125027966,0.552067733454308,0.62846984414064,0.155183825338741,0.0232207397354087,0.248224444957212,0.459555133558096,0.493216654682885,0.403403248630604,0.60961443853811,0.122803451387939,0.195847258851369,0.134213631296696,0.685517019328228,0.311212147367519,0.84521617498453,0.770799665221663,0.680158236480533,0.790817967272561,0.672950298567111,0.537544678825128,0.282363267339104,0.534835060344257,0.448549797430822,0.852544387494679,0.803142985607987,0.761635409313056,0.585221914096353,0.559927585532285,0.45762577672801,0.544192577503583,0.753388939108563,0.532233995524584,0.782010125147478,0.48638528393733,0.634389742319651,0.883890733859203,1.34994552877853,1.14346505326161,1.08490889608246,0.869633971535943,0.90064820094645,0.721663420333432,0.463839250657685,0.577663588072658,0.634167329589934,0.582129700773503,0.275956909591113,0.135435534863938,0.169294578776716,0.505079682254586,0.925794657191787,0.672071788351309,0.94492285477099,0.812377498192897,0.570678965340161,0.357797090754863,0.888930806523021,0.913693689479662,0.961557324730192,0.512895956504628,0.709526243983732,0.573184052589826,0.726745430790562,0.702490229008169,0.408411847617243,0.761784101076799,0.753954351112218,1.02347000397091,1.22012053949788,1.01543967780542,1.08284998206642,1.13483790804337,1.18081614638715,0.804207067381601,1.01037234096217,0.708932842129351,1.22360556646283,0.806774891491769,0.834121188523155,0.600998233757635,0.447118399906415,0.899257176468648,0.837662750558569,0.469895242382188,0.562888282627563,0.701069697955738,0.75362172463443,0.639739138770673,0.688902193876956,0.764536779156616,0.918671273737317,0.987674110633549,1.27561139444548,1.35390283127242,0.825959019006613,0.687943305768691,0.816229189462081,0.851755145995888,1.04967838180514,1.21691253875257,0.809346639117995,1.16041884222245,1.31527286116077,0.827219704757201,0.809755270204523,1.12915792303085,1.32760019425321,1.59243465549511,1.29248301564678,1.0454428856146,0.781053816907837,1.11487594237966,0.997192114536135,0.917692664500092,1.37259890765499,1.59850195757221,1.34851402388121,1.48324651085837,1.06766759632926,1.59967286425427,1.4552669409608,0.914247486649981,1.3441460869436,1.55871899766421,1.10421345557692,1.04081207758253,0.892817521455739,0.756284439415989,1.10280884773599,1.04423495543489,0.810947979931619,0.987722643405842,1.37017088797678,1.28063645222528,1.24510882782124,0.878571049417239,0.994891413311022,1.41869287518897,1.42619096400467,1.48496948388817,1.17368714685695,1.28529089997345,0.937364661171467,1.45737633125233,0.879849688478687,1.25351761686046,1.05559346823267,0.824786710147327,0.974910541797445,1.19498932169304,1.29181656519616,1.35438393965289,1.54864392918595,1.13644695170744,1.46128053917342,1.31106940887355,1.16915307115323,0.808766046350836,1.08955081611191,1.21013126100717,1.28605179157294,1.11849131708094,1.27878129064463,1.29891631832078,1.25667715761017,1.35441911610228,1.21364811786826,1.37043877077127,1.73466627113424,1.6586530827176,1.99371628646286,1.75663465086402,1.86941075945149,1.37526366414476,1.40549366212645,1.57401685332551,1.43847587966379,1.38603719656676,1.50552476072151,1.34910212073839,1.42705911983252,1.83749270114326,1.54080195573156,1.57773407235104,1.72721246523669,1.72321199276361,1.61942698085343,1.92574343978331
0.087924416892159,0.259664915461133,0.222895807652589,0.050840459877761,-0.160531547949606,-0.0340979836763293,0.159467612334016,-0.0667432517997531,-0.00384531098347519,0.00174633858707868,-0.0124296094400109,0.0796966744487103,-0.165312229065688,-0.0586512337488478,-0.0524333140809511,0.249684083703525,-0.124858687239257,-0.0157001303301038,-0.153563157915143,-0.155411582108745,-0.113710342877287,0.015209794841297,0.0143627756450088,-0.0947291980043686,-0.211883155961653,0.0838377688608181,-0.0601543419345998,-0.26922832505973,0.144308073744885,-0.0675168997453439,-0.0444015097922379,-0.0497159022396761,-0.156978095235818,0.0945521942280669,0.098765927881013,0.165369417572796,0.230380917441847,0.0295457126471914,0.180848373310314,0.186330607890869,0.0413783951575818,0.00100070534543996,-0.037536059257244,-0.185367870953672,0.113415319758342,0.066863703149394,0.0776579222946537,0.143950460140219,0.00125978413979803,0.00905842291613929,-0.247704565262095,-0.0554263490293984,0.144768600369772,-0.00100378417505854,-0.00551280057837031,-0.0868596986650757,-0.0173560386475918,0.0193772968819252,-0.0185115948938251,-0.0203630440154544,-0.0272566933751309,0.0218358717325869,-0.146857579332336,0.156255420267927,-0.101765539465451,0.0853429236522621,0.0157403239327346,-0.0722904918915271,0.0907355322918851,-0.137869690588536,0.0541494670288552,0.0596848453792839,0.218655973346785,-0.00912000301548109,0.0178012454815097,-0.0543301841267926,-0.109527194303372,-0.191713526786544,-0.164251413699809,0.0757666157220198,-0.0913363923415291,-0.104126764516813,-0.0642879401375316,-0.0369486543723724,0.0107153142770327,-0.054700306190378,0.0364918552882487,-0.121418628000372,0.100875326987454,-0.0413451308580061,0.0172721375128221,0.127415875732028,0.0963886846550248,0.166247075031356,0.000215202108946558,-0.145930561227882,-0.0448129684239414,0.0631785656261255,0.0568973620367873,-0.0198473626296578,-0.0655936409602278,-0.282233189029035,-0.140199231773828,-0.250071693450381,-0.144032138859145,-0.417044541041202,-0.150972585480808,0.107751409225193,0.0647938809837817,-0.149550988474406,-0.110323950310836,-0.131647251861413,0.0890243042946216,-0.157139325570605,0.226670617445825,0.173680948002403,-0.191994553201748,0.0258508871201929,-0.053672066664114,-0.141301518673052,-0.00603712431224883,0.0165999094494082,0.0712323869808634,0.123792467513316,-0.0528212038678818,-0.0341076509177322,-0.241372118978632,-0.144590279978156,0.148979522256041,-0.00925455569474873,-0.164244677897051,-0.185606953002967,0.0649572431995197,-0.169777214658514,-0.0144984852340451,-0.0587977749581647,-0.0283489490588627,0.0235751882832119,0.0398855860922591,0.221852584155617,0.127223449626916,-0.0492341017363458,0.0329469394477739,-0.133937917539101,-0.0196319480537521,-0.0396723439483945,-0.0947830071543488,-0.19982515905308,-0.137371329322,-0.0556889115817842,-0.113670389968238,-0.321085992503046,-0.146315475387298,0.00523819682829286,-0.104403596627277,-0.054599170458138,0.0945057652274719,-0.0361826652078185,-0.23227273064526,-0.240649588459673,-0.251630278721172,-0.100724752098578,-0.007775878381686,-0.187105839922631,-0.117532471004464,0.0256540040527814,0.0673937472346755,-0.0727884272002049,0.0194759881354345,-0.244313641586898,-0.0913068967680994,-0.0188001298098519,-0.153775813254699,-0.103788386765469,-0.0995090908963883,0.0150646408929524,-0.0807952192777083,-0.0728569774509581,-0.0678903898405899,-0.108410331065773,-0.02454439927353,-0.316008017444356,-0.390038138113973,-0.188451194172473,0.0265866235140892,-0.262563773404669,-0.180998551389275,-0.1111110084346,-0.240476993299785,-0.232911694747537,-0.0606487491537955,-0.0466241114367941,-0.133879003784663,-0.0309065681684282,-0.117353100318634,-0.306105146507704,-0.0506860775587967,-0.173175370205959,-0.237713022345906,-0.071748163664297,-0.223001199828807,-0.170213021182467,-0.337972727650505,0.00916109913505818,-0.195359917596606,-0.173731187846469,0.00434386033917475,0.03892335886113,-0.114046599180615,-0.374040667351548,-0.196229162323213,-0.14495022779922,-0.217500974855513,-0.292948374864707,-0.32044743994025,-0.140346738616616,-0.166280985488401,-0.110356303142406,-0.00647334585968015,-0.256865699181744,-0.333546497309446,-0.18742549623124,-0.34010787810581,-0.456254328988838,0.00863139362373441,-0.248115688470258,-0.0755968539092231,-0.33462743811581,-0.261043017332113,-0.227261048239306,-0.327276802270975,-0.435597188370591,-0.179688305904438,-0.410573992956231,-0.24433297835884,-0.256676194839092,-0.347176280602453,-0.235087560226624,-0.278491205883463,0.0660066212452074,-0.113024988611091,-0.108121792689118,-0.167792023966803,-0.118402198484361,0.0237281930188998,-0.215428490189195,-0.324836500712811,-0.105483272584126,-0.426586033162262,-0.138855925892948,-0.0655183559879564,-0.300291866797712,-0.171193388806545,-0.140469566972668,-0.297971766951081,-0.073683662862252,-0.0999093146197732,-0.0910655318456515,-0.366467180370596,-0.320081531667248,-0.254229240922294,-0.358906958818402,-0.326826196553317,-0.41976508967256,-0.272670370687561,-0.351975265929934,-0.289637828436952,-0.478229623605847,-0.308011113434038,-0.319687793940734,-0.343316989402494,-0.131192176805294,-0.149782664278821,-0.206614812413407,-0.225860806910991,-0.218195087908595,0.0537289713682923,-0.163990515142294,-0.354524408848695,-0.181882528189501,-0.227377137256795,-0.243456247852241,-0.22454559715719,-0.152029776410199,-0.157372491769838,-0.245846348195281,-0.368141338323634,-0.255248334322855,-0.581366817958748,-0.491295671599813,-0.450323479716489,-0.201735429636049,-0.383523960392217,-0.454118705384137,-0.375468143689457,-0.465895377071953,-0.239556451377398,-0.299072914440804,-0.393426177549723,-0.344843953039949,-0.358591513029526,-0.466995298807856,-0.396837204997353,-0.835629336704676,-0.462718649972025,-0.295989317192534,-0.411511969187194,-0.239178895416879,-0.308127815703122,-0.373754902433815,-0.485679719898413,-0.624502885165186,-0.553840500234364,-0.608317613777534,-0.34547786184156,-0.226778482830706,-0.435509452840091,-0.369568034778568,-0.471571708939638,-0.731650974896961,-0.51090291734132,-0.301387739224829,-0.513532054738796,-0.329064245929819,-0.292978006499775,-0.294382893714767,-0.11514632924054,-0.267953592175266,-0.43842633026632,-0.414273295395294,-0.283778753206134,-0.257900065247929,-0.364246997243982,-0.46920640376235,-0.580214471967458,-0.628444795413282,-0.260470191689742,-0.328119169590278,-0.399771005788213,-0.561963878446808,-0.304437196695754,-0.322188637716377,-0.289079061918446,-0.290398257773228,-0.264840499469239,-0.370216580782239,-0.724103194307971,-0.447617891978652,-0.437030582843996,-0.374013902455707,-0.441073094413577,-0.451381347850944,-0.180923502365289,-0.341803809765721,-0.269062918193496,-0.565302391237209,-0.392066146572904,-0.408873175975453,-0.754899284614622,-0.452021416333617,-0.498671181686299,-0.450528561519821,-0.607324466169719,-0.663982715170763,-0.601203907536734,-0.541929120064547,-0.695679939130888,-0.385411074946589,-0.674679627387176,-0.412763133134025,-0.504709869189389,-0.332624141977677,-0.493602624215666,-0.465968496545547,-0.661504476424752,-0.421602542651067,-0.459419826736478,-0.682294721885969,-0.545830442851285,-0.515935822574186,-0.497883543898203,-0.497049833627504,-0.565372376254813,-0.654403756091048
-0.506284774797491,-1.00132891438625,-0.602002792834153,-0.212536005446982,0.080266114657708,0.258389152439568,-0.816689800304146,-0.129280426775228,-0.297139161956263,-0.271163067883973,-0.402140067311821,0.493557390589216,0.390305513112297,0.0427255771015737,0.812713553904761,-0.424450494310998,0.150781969818272,0.868103522332662,0.529734880678386,1.01848154439182,0.776621431955165,0.11684556824653,0.0527730643314443,0.0298402378613032,1.13985695867268,0.315341589815739,0.526925822290725,0.983878968914877,-0.18082896914553,0.479599404835481,0.666159827718961,0.221148091396729,-0.289712995069213,-0.369960951169122,-1.33178292263406,-1.17606638140151,-1.18917125117169,-0.973339893321871,-0.354973348739595,-0.738402230754092,-0.442331177082713,-0.944496184419982,0.0140420350317435,0.53659746388407,0.319125074844847,0.529718368188917,-0.333132088256793,-0.733268178568324,-0.315095023701605,0.265708756905617,0.615737432719545,-0.18332878176951,0.610320600460179,0.58423767437221,0.420879285598468,0.0632495876259388,0.551766291297695,-0.658703863460084,-0.564237200203706,0.0953275822440632,0.1013455266056,-0.259420186432813,0.14956332398829,-0.859286631250257,-0.114048790870578,0.258889925735532,0.770371455112916,0.0496615478197262,-0.871306571178283,0.361425663205826,0.264448565397248,-0.213651166501687,-0.0852400764264688,0.412291054020763,1.16211480541513,0.432855191286989,1.11703251342225,1.24528005815835,1.44294132825213,0.154622837241019,0.00302528608148697,-0.293114171261078,0.217991315429773,-0.085138650607048,-1.30444806310815,-0.185210831312018,0.2971682090974,-0.220636095983519,-0.506235412139963,-0.0215788825987823,0.689135881993926,0.344661928210848,-0.596645869689956,-1.05642052516899,-0.603126535649123,-0.177121892666689,0.309760966976539,-0.607500989623756,-0.0269044229029093,-0.739882276218777,0.765826554114206,1.71364535866688,1.03865025036893,0.537429141043472,0.92119638725863,0.986151802484002,0.613028317000164,-0.194711417843664,0.0250420684284056,1.18978291207684,0.650884843614435,-0.182428735094681,-0.0491904968651081,0.555797765688206,0.0261371188165364,-0.690370046501309,0.413390450055158,0.64637663269993,-0.389445807413219,0.577884534683419,0.367036007827229,0.0907135946459285,1.1348371577969,-0.330610775289742,0.379487363298455,1.03915577122928,0.598310445143916,0.758868890707907,0.284450003372373,0.0440632615432062,0.896635822790638,0.526956865598018,0.271825140091766,0.277914235049467,0.0847171447476812,0.168480753493923,0.0861956635093215,0.278193778748321,0.0786034119348084,0.504208643596698,0.152709594219956,0.470347249595084,-0.220869254418013,0.355927873537812,1.05327829004247,1.68899299851785,1.74890324532031,1.07166387935451,0.394371282924543,0.326189977158003,1.46994977056947,1.07892327760242,1.11849630132629,0.14391709674127,0.233422345462226,1.43720453540045,0.497028951575391,0.532002354204766,1.10843740521723,0.98479858858613,1.33835537061553,1.34826544764154,1.64151731116163,0.644255570320544,0.215718158971565,-0.0523288942419627,-0.0559749063128776,-0.0982361768033268,0.417527197841817,1.33745367885049,1.3069056371562,1.24773352389923,1.70363509374206,0.860280593471633,0.464893703423265,0.446652867804057,0.00530554633638251,0.930493862990171,0.550040189186836,0.548668902848182,0.953995911745238,1.40397125222168,1.54745351717603,1.134068229292,0.938586290094778,1.56805577833541,1.27456449089962,0.50596496317962,1.18158878123299,0.260065263736958,0.38061393458198,0.756065916318349,0.715020416706355,1.00179252419787,1.62265108636383,1.85504656218115,1.40237690505188,1.34039541980495,0.270070415016762,0.612713351831786,0.746490047175402,0.953371784437164,1.49331572892471,0.832779072658962,1.1120986850845,0.392349053729322,0.466528339722166,0.363351819886943,1.71489746794607,1.50805762120524,2.40182808553143,2.50565060332765,1.7885007125033,2.40822588653233,2.01972039475643,1.38833832888127,0.919789781229233,1.24205011998468,1.33974125331312,1.98815525930736,2.10984095639236,1.86160070624171,2.19765102102704,2.01863595880339,1.30289674776942,1.26767414866065,1.86106502392651,1.57768709144058,2.55796322291388,1.08720471102614,2.00149941334891,2.8319235666255,3.22914263312512,2.83012410760954,2.61003922807707,2.30236694724076,2.58620187099866,2.07905652319349,1.50354086823372,1.06941011773561,1.78295726205109,1.84828353614906,1.09117371736017,0.834155508522434,0.696647469268055,1.58856118258238,2.20447120108969,1.97373445277859,3.14575960430858,1.94718287947398,1.49942583574887,1.05941347114057,2.20736552083771,2.48598633526207,2.46852672806614,1.31084726879766,1.86216930550058,1.85590039453312,1.884511372304,1.57476417100671,1.83240230344183,2.02450003082626,2.61024510669793,3.12575936250649,3.0233437624666,2.69616793748982,3.03853762491222,3.17878177789785,2.85695583815703,2.29069058959101,2.9488289288001,2.27542987472812,2.81507404478719,1.93492515950874,2.00301566408435,1.86531618282203,1.7442456910362,2.19856254995132,2.02574005552942,1.68739740673956,1.58035238955417,2.30979962477663,2.29809523235989,1.71675014114061,1.85676966212209,1.75648601086663,2.73673630471017,2.90508393785999,3.58425752249841,3.56977991435679,2.77261921689726,1.88060027388575,2.03279737584779,2.44229774963761,3.2090087707602,3.44115703734646,2.29896220683816,3.575218828034,3.6851980243822,2.39371913119771,2.4167491728549,3.04557673870631,3.55171593374071,4.40819282121729,2.9679174429119,2.46752209248823,2.4734365455006,2.93486736160258,2.41306475417981,2.51208752604388,3.79758502812482,3.9883235055333,3.92125172106975,4.02102911796833,2.8654689153281,3.53806751887717,3.78701685090226,2.95087648437391,3.0700488316355,3.64053047091586,3.35711629700655,2.97611701651638,2.87686575682577,2.36661201699795,3.06945435009744,2.91927780998788,1.94187193746347,2.85890136199556,3.46879744802489,3.92893848167558,3.40360733607937,2.80185607919387,2.84843414806842,3.94851873125638,3.58890435873621,4.06139526074452,3.07381049235987,3.34536658102032,2.99183187198875,3.81460466369192,2.42292559451602,3.59982429490058,2.79008929546394,2.61584195741927,2.49837893602019,3.66052066317813,3.54692214956221,3.50928481225744,3.87690945189337,3.29442382530327,3.92915668927931,3.5844859537569,3.33192824099197,2.60246223068174,2.9009805706342,3.31174255711187,3.78773827192618,3.21287009259858,3.39205990217779,2.8615733569376,3.89607246641363,3.97692822143771,3.35131803012192,3.61523061901219,4.8199511108,4.8429756355703,5.21968774583429,5.33640562233934,5.01554195997791,3.75513804642723,3.68500206373142,3.65409055834456,4.08414212811516,3.99934318817695,4.27019439818065,4.12819886575285,4.98062210156267,4.88687705016105,4.27500498699816,4.21125847531433,4.65133094674537,4.65646413590234,4.14736612775207,4.63253785318726
-0.101148344894201,0.0483605635453155,0.119729779759321,-0.201603118276172,0.0369208141773991,0.00279889923603334,-0.0633413035558161,0.00852722825620498,0.0625665323879138,0.0478314448217389,0.0869794054541895,0.0323179837340371,-0.00771722097318132,-0.130239228031771,-0.105137510018181,0.070782760952324,0.0443883458973719,-0.0311593409492462,-0.115059864599738,-0.0682001927912299,-0.00223238224437029,-0.00655528861797756,-0.0698174737931815,0.0934020149799611,-0.18026843197024,-0.0842178556577457,-0.112892488964623,-0.00959320880402277,0.191949283190788,0.052699437204273,0.110104469666204,-0.159525234850204,-0.00115341562014106,0.118029449306205,0.0348015846548323,-0.0262145083907226,0.19731263330596,0.0825042750055242,-0.00186264442891559,0.141143105370832,0.124636580557775,0.0890826522054754,0.10755525267129,0.0214922037737564,-0.00427970682227092,-0.131638526668941,-0.000537049220247682,-0.0244768418828638,0.070427154464161,-0.290320176971667,-0.148638487563398,-0.0868526532717972,-0.196250263282835,-0.0149870669804842,-0.0163908651505342,-0.109747878927498,-0.0518199149772688,0.312519931898163,0.000800366763569996,-0.144260335467349,0.0180748585982885,-0.0736618139052447,-0.118899236778048,-0.070248483244523,-0.0473261767768894,-0.0582180806016257,-0.112750765456005,0.172622770788394,-0.134722605324451,-0.0336421477321801,0.126700328840166,0.0984591930635946,-0.0264842610443093,-0.13218813309995,-0.160935448063803,0.0683804003252524,-0.292335992630259,-0.0758675264350898,-0.174726481239125,0.109982377605165,0.0723703594137322,0.00332780943583167,-0.0738128338876852,0.0560107700123511,0.126638569907228,0.0191559017697089,-0.0961974217233704,0.079577190406684,0.133760708970345,-0.0313276441999207,-0.00791441276531642,-0.222272782232463,0.0630473872789269,-0.0062871115456677,-0.0383876476281484,-0.0245605218427527,0.0930247303292675,0.0177049793421837,0.206138619944686,0.240822913085056,0.0674333095430887,-0.174341336647551,-0.129082441770305,-0.129849775712513,-0.154015295397625,-0.120974048362745,0.0828698269838451,0.171136172892729,0.0360951487375065,-0.161450303643937,0.0726323634811717,-0.0850518144674098,0.00810343535686923,-0.0311928272070268,-0.196290827407413,0.171733825382693,0.110519532362287,0.0662705678378186,0.0573417197465931,-0.0884679813702916,0.0467256898271725,0.00850835127758689,-0.142603612074469,0.0747613831764427,-0.135397557277042,-0.111800403347304,-0.0421265199845082,-0.00440756461438906,0.131347892029281,-0.213678843676579,-0.00868653439864625,-0.0902796507865645,-0.167075388191533,0.0922692460904608,-0.212505824295558,-0.0748313079484046,0.113599492372156,0.0376877541257674,-0.0464933821619658,-0.182850555950832,-0.0306228184351147,-0.223552673499196,-0.0544404977494133,0.0462831361994584,-0.0478047099830362,-0.25994768375729,-0.194941342111069,-0.17609102086479,0.0119713935142234,-0.0460235102673911,0.0881679887555848,0.107255307862305,-0.0429035373628631,0.0367557950046577,0.0151183494492368,-0.0315739615022725,-0.201019028993282,-0.138787703337006,-0.0263647216002673,-0.0373741515049481,0.131401282423912,0.0190671958062437,-0.0805792373898173,-0.119062718484554,-0.025613708691554,-0.074582187447759,-0.0049319838394962,-0.113475253135811,-0.0870711471861912,0.177021035982391,-0.0481454415810237,-0.171829429686982,-0.34559296223632,-0.120212892169918,0.0751835446346299,0.103145285222388,0.0154853011203845,0.0445442506569382,-0.0861191694521281,0.0482683801563828,-0.00795250711358382,0.0306919676257147,0.0461389286877051,0.0669971076545397,0.0825124995280417,-0.148414732858868,0.0430156774484827,-0.0322244159480122,-0.0438132244331203,-0.122670485656629,0.0119386901798332,-0.0150398277620078,-0.130128919342451,-0.199800829228315,-0.132032480355518,0.016796598366609,0.0523548593979552,0.0369502495686562,-0.0678631907981954,-0.168631452742117,-0.108112414113091,0.063942004968374,-0.148128520210511,-0.0839825912596255,-0.105282372860597,0.100596790588293,-0.158965060592053,0.0286556887254121,-0.166234603986625,0.00919502239324897,-0.314628330801969,-0.10431786687638,-0.118413853604144,-0.221610808405428,-0.129855285992543,0.0672286820686642,-0.196336851858244,-0.0894980414097705,-0.22762831154851,-0.00442315703032958,-0.159352130846744,-0.15793163903957,-0.0902876134186164,-0.132392817597064,-0.0401060677409616,-0.0843877883073971,-0.208917573383553,-0.097591318035698,-0.0983818189392558,-0.192915531141502,0.0543263647589999,-0.248099381500146,-0.144152709912345,-0.185011568220745,-0.171206954614443,-0.245716094914558,0.0137700535490654,-0.0383279786300698,-0.20309472921305,-0.0915477079016385,-0.111349027126037,-0.249415941997062,0.0152984330688777,-0.016639057422324,-0.0405879734667343,-0.23687044598672,-0.0444194600444559,-0.0816166177991544,-0.17713616246656,-0.20828959194673,-0.0546980615314515,-0.229397346894858,-0.148629372508524,-0.269678185087109,-0.293759987638536,0.0897282632217781,-0.0214189278142233,-0.107471834753217,-0.0896789826825567,-0.0995929614585621,-0.201012172379843,-0.220147487193968,-0.276332051858377,-0.269050018210872,-0.228194421149273,-0.323396598177745,-0.427768133482776,-0.441468113159456,-0.0800163037040478,-0.366887363468944,-0.27576022615021,-0.181138565343878,-0.249228453611877,-0.118796908685809,-0.0825654637817443,-0.124790555161216,-0.270927910080001,-0.357778099850592,-0.0445165584756029,-0.244299804578151,-0.108034657113457,-0.145958022449682,-0.224007979022585,-0.187073177267755,-0.227163111518211,-0.128973070774223,-0.158206210271693,0.00570604806302324,-0.308175136564249,-0.145066489639608,-0.217444932172215,-0.168042394354235,-0.130551989082092,-0.346532458504804,-0.15620814991585,-0.282267902801154,-0.153086063194738,-0.325591704634894,-0.376109796253722,-0.439686565005563,-0.0318052461883067,0.0312687120321972,-0.181025519428026,-0.45517372110252,-0.252503310894351,-0.151106756701907,-0.0923682393933746,-0.250354239909509,-0.165373813632919,-0.255531726718117,-0.128408107255696,-0.161262359692876,-0.345124894627561,-0.136746706173844,-0.192321453012971,-0.122806858122518,-0.285904483635414,-0.246391211311108,-0.196419461413004,-0.324096327527253,-0.220905669165683,-0.257189814960178,-0.212064918345427,-0.127022366765523,-0.117566241132204,-0.337986416590729,-0.182509657458072,-0.182657655972177,-0.149799138202097,-0.389776786850468,-0.158525895904331,-0.136165590393801,-0.217813479520174,-0.111535126118497,-0.278071102451429,-0.223790575236601,-0.202103574411948,-0.282132364891868,-0.062350894867946,-0.391181312786278,-0.190874726831755,-0.417904706314508,-0.16842772715054,-0.184300274466894,-0.171460225943232,-0.315525250974381,-0.227079109664529,-0.0608332450071927,-0.443952316897878,-0.299940346303021,-0.212775935935604,-0.29436856464073,-0.23234649633322,0.0483299375078562,-0.107512689746258,-0.26828910735106,-0.324018044357154,-0.223816958120055,-0.294342894928337,-0.127364474753166,-0.118713554421627,-0.0561555600415367,-0.142293483575018,-0.198161332422573,-0.220645227936381,-0.182326886500564,-0.484467166959594,-0.535257399531533,-0.0338499964707302,-0.412641951368472,-0.334799150239995,-0.157034917578254,-0.283401748254012,-0.36659357429693,-0.415139832031391,-0.473002457362359,-0.290059330043884,-0.372432163164918,-0.368213367805802,-0.330956385781714,-0.360936232625482,-0.201652341881097,-0.355739130042227,-0.219119865176062
-0.306677989538417,-0.234875093206207,-0.0519212626970148,0.0142623109696478,-0.104294790712896,-0.197332810852248,-0.317761341538729,-0.0538429518156476,-0.140977714205935,-0.151708753722967,-0.0724378236235635,0.363977658142707,0.169331993140595,0.135300195014487,0.125317732456228,-0.0577442584332437,0.0947578116915451,0.247706042408225,0.163987612514726,0.0544342847373074,0.154545547819531,-0.0908629683291969,-0.0324452635637058,-0.123044208515368,0.148885187179349,0.126759545092708,0.136594366709964,0.289280717142139,-0.0347347906842075,0.136237264112779,-0.0106064067679206,-0.0447186951376575,0.0821816185764666,-0.0406432468190987,-0.465397510245663,-0.347012523905239,-0.168675022596749,-0.161814880540027,-0.173415493194564,-0.292696368794675,-0.238045227901269,-0.320399314227784,-0.184994274304406,0.0517628053075285,0.155802599124837,0.050759019713402,-0.204793665923665,-0.251692599698872,0.0293942899309881,-0.140151609754707,0.129599946164429,-0.118650903515043,0.133290306770878,0.0218232177547744,0.133168909959086,0.0971987704805546,-0.0569763250602333,-0.319994600771002,-0.131471650883436,0.0868263706558318,0.0468145384753505,-0.0644843800034213,0.030429557137438,-0.166061459811953,0.192486915967311,0.00663651921230377,-0.000763024174255333,-0.0886712696781189,-0.190283249217624,0.0234950932247599,0.0942367216701364,-0.143144279609317,-0.0355667447371677,0.30409395956499,0.292928936911486,0.0302993314164144,0.360344995939345,0.386823131148459,0.364646927202629,0.181006038122333,0.120652808735173,0.0815797671265025,-0.0798163634153059,-0.0768219355861909,-0.147808575163859,0.081710348554521,-0.105441236664706,0.00900388934047021,-0.138488934427989,-0.0409608320076119,0.0368499095521953,0.0507825277195426,-0.225673224357942,-0.334092719877316,-0.366864864015665,-0.073407554539013,0.21357030407593,-0.178157342365029,0.110106584714225,-0.213009427633012,0.260222017426228,0.240322567714281,0.190775224499556,0.132051087057649,0.216306162217205,0.376501547768131,0.274780018309402,0.118132107978871,0.00259187362042935,0.239759542958572,0.203334660513892,0.0173359901673448,-0.0213104274440142,0.0739384934258764,0.166849516359245,-0.322221586917753,0.368343374987381,-0.117030677699264,-0.0398799518774043,0.0807518431516467,0.107878807227785,0.0529268211463842,0.177067286972827,-0.22971044093312,0.0798467813223864,0.166362271195249,0.206134748355768,0.0834958313321884,-0.00239133053007045,0.140769398848465,0.246929485261875,-0.0840572936978516,0.0849296120302963,-0.063229238491949,-0.0298279941810005,0.0854479096984209,0.167743209900319,0.0752359508546462,0.0289511702207953,0.00376008500746814,0.00850459188618009,0.0398783201250533,-0.11604355756853,0.14717929434796,0.285628582814175,0.484653849403189,0.397703781431189,0.334201154339654,-0.114654360363628,0.240393674541879,0.136382841624587,0.268155362598353,0.148457445767746,-0.0612657932944859,-0.0415542491765291,0.179863526129549,0.0631808347940844,0.156217635136296,0.160514126112376,-0.0435018945472399,0.266845683273115,0.209178917253482,0.380230704602265,0.187071285007701,0.082077180988435,-0.00890985152431104,-0.0624486433810476,-0.00370482605455073,0.00646388480001217,0.38603228033915,0.375690320917782,0.309339666453015,0.339718372558594,0.139903249753501,0.0515982717248872,0.241072635934657,0.0714750289786389,0.0468556816131768,-0.0701654390849163,0.0874294977872879,0.246098305942662,0.22270189810338,0.386509305430602,0.392473457345433,0.341779760561929,0.237879270413429,0.313977929957131,0.136487404822855,0.066212240069958,0.0166877699989526,0.10900775093071,0.14806580050662,0.126108287858516,0.108827327569291,0.432698070645293,0.354149652801987,0.217341047236211,0.249571168042972,0.0148065812168837,0.128346132247519,0.188390883826571,0.0348407732101415,0.430845648622119,0.112682490211918,0.344810992833239,-0.069495112084628,0.0628849015393308,-0.0379209400092121,0.446912230346008,0.291461112412878,0.438317888301803,0.482034087520589,0.484682067660917,0.718282305404784,0.329417180995964,0.515349594455835,0.292950408575535,0.242973297429016,0.25817906017209,0.336269827021822,0.403290908370037,0.476253166624533,0.211672998866458,0.404798572462514,0.308619172336588,0.236558627952873,0.334834576467618,0.33534734705787,0.361271402319981,0.216710198460859,0.3666292752977,0.674228370575993,0.757181632278623,0.702182246689907,0.499223581312815,0.327866169692219,0.477975821786303,0.492722081495979,0.284042868872019,0.307716564152592,0.264467566849714,0.321820482816748,0.1609378124093,0.201067307042299,0.345445434335967,0.402263510170634,0.548761113555597,0.377794635997828,0.660506115613922,0.268213311705378,0.162734530908271,0.081894692926202,0.615006698097379,0.323163615562622,0.56532434354959,0.499102833907449,0.356614548623225,0.131781468014319,0.486438567395974,0.214714006328598,0.615052983665708,0.380029683158701,0.587962097757665,0.746406985215128,0.612059102006192,0.597276666411846,0.639295961648758,0.787158345359151,0.528592432001115,0.499377282134387,0.724902887680189,0.562348623841899,0.570777364550078,0.380284506454328,0.619361283668334,0.527453152979595,0.228247586923819,0.555060137114725,0.30487335371566,0.309444716490251,0.309452067842677,0.4273879038473,0.527002153560518,0.303772990396975,0.474827111631092,0.269853835773869,0.642669618582593,0.739413894832532,0.592486480494306,0.692545654818739,0.581632820024308,0.337615755164325,0.275757627017166,0.555042251781773,0.705484915109016,0.688615151471118,0.604117669637868,0.625047490359808,0.761634171152972,0.581815371429219,0.617716557089758,0.565458783607469,0.862666757620114,0.951027718012586,0.749455453040318,0.546268540583431,0.392366159949842,0.5702210116133,0.56368774848024,0.529104597981805,0.926983374729672,0.749813653406401,0.706324043596793,0.907251648559051,0.543684578056049,0.745440688910072,0.793428352341598,0.645352750816609,0.631484058791238,0.689961603514788,0.583507930706038,0.618253956827519,0.50615808836206,0.520491752017887,0.468799804839455,0.651005404878833,0.480584871394841,0.705194653226726,0.583922174374421,0.889743789648889,0.728355935722092,0.452542968912808,0.558864840151959,0.875456888905268,0.811526668047705,0.950884292313639,0.63935305920283,0.785284497200699,0.656735159147134,0.810391957736377,0.50644850923526,0.728991528620458,0.630982432892358,0.597769067058129,0.639401287287608,0.768063038294466,0.797986082419664,0.599736798153735,0.803691775376753,0.704141719523922,0.918864550466341,0.720226614779749,0.542809465742016,0.658604812164375,0.622262036228266,0.522463166185314,0.951677638693234,0.775040004527724,0.655987501075155,0.67980879410678,0.751159161979464,0.745477603568014,0.707287052460572,0.804133933727249,0.961372641168452,1.15723402058765,1.11904055520821,1.10204179832001,1.0184835586021,0.911930003327957,0.791203066140041,0.668997208771834,0.865518210497032,0.934669789477943,0.915229451199392,0.971395028928083,1.23397210940595,1.07008423058566,0.883385524566986,0.978599199721647,1.02657304193209,0.850619834270137,0.924348484349275,0.820101561050007
-0.517424164378891,-0.502874448277645,-0.116849964129829,0.0530415187903579,0.083776708071051,0.0566022108804979,-0.328561237655939,-0.129262364609479,-0.199714176915736,-0.238330944691728,-0.0968637870118223,0.199755409234944,0.220319478951895,0.194315431563692,0.273592191874368,-0.197574834250662,0.114240934188362,0.32478220981775,0.180549901475749,0.203006852312697,0.24937959327363,0.00406988585119247,-0.0679990430185665,0.129846328474917,0.404356457413412,0.156739571689883,0.322236029513865,0.568709430803555,-0.176042947456254,0.120349519628983,0.277171702176933,-0.100857056863867,-0.101064541493436,-0.34070103863186,-0.584080561999659,-0.690824247839667,-0.539791399909541,-0.45668213891098,-0.285715176221081,-0.269692692511483,-0.304212732203329,-0.467982911827945,-0.0557634270925126,0.103137142860821,0.185270441220942,0.229494691987031,-0.157421829322776,-0.200443159378725,-0.0723441998835909,0.043673450093934,0.345930729562012,0.117625759298439,0.150319703791198,0.304936505289571,0.215426825574789,0.0333004169507643,0.331078311521787,-0.447984952529541,-0.286149510981308,0.245034397657212,-0.111214515372864,-0.0641549546242187,0.212382480311043,-0.440920756426635,-0.00157981552092619,0.281073569164943,0.317887100434513,-0.134653365074046,-0.147762429211379,0.106744556294006,0.107819919989914,-0.217837561539978,-0.0091527878954871,0.472544147266412,0.499407705147508,0.208405452301132,0.483230634372906,0.657648399899707,0.733114570690647,0.0931931019604728,0.0608353650551338,-0.0883309160430928,-0.00804930417765748,-0.0631901116309951,-0.610196223034557,0.265524705592542,0.00727036820520048,-0.0552701618684661,-0.216900057502589,0.167139415443423,0.359380755253882,0.211675561973241,-0.280078640129651,-0.568668777658981,-0.225512930430381,-0.0951939470685212,0.0203299132209068,-0.367286381504285,-0.288902995672833,-0.355946856529576,0.340127002811316,0.892530278192847,0.618801239341948,0.218647501421433,0.482558322458447,0.701517493213468,0.22797941864073,-0.167666204972556,0.183392808445604,0.347375964865071,0.29236727858858,0.00701552400932322,0.130327956922409,0.380320730050482,0.0996518091665284,-0.229083259322799,0.307382565501995,0.448507190054289,-0.134484426252537,0.239773262295261,0.036869194227109,0.275905071884162,0.442404374863406,-0.22955542080935,0.403171813646419,0.604174327005398,0.282623729021312,0.333854829893755,0.0354494268850781,-0.146977200417308,0.335742414017953,0.244393861786628,0.0842669307802634,0.240427913204881,-0.0290805894818308,-0.0483725035474435,0.230483414253709,0.020455546192198,0.140083921311095,0.188021355094231,-0.0802042165884115,0.391401509388548,0.041541200153842,0.12707816210289,0.62454949320123,0.705400542778761,0.808901351549195,0.424683307934685,-0.0182507453639942,0.175785698751957,0.574261835018721,0.653576715616864,0.46629480055002,0.203686793384276,0.0590306619647255,0.673500617708621,0.126393291844782,0.327046090514379,0.427501811376388,0.560945611470825,0.547920473989592,0.514102795449971,0.701326739693399,0.148011751969233,0.0629826944713886,-0.314010228572693,-0.0430819591088349,-0.0321025801264884,0.262226925709696,0.577210938881827,0.640072578572305,0.669457605996301,0.841839019160366,0.36634214180262,0.439672208679735,0.355208498663118,-0.00353214214763981,0.423034898614872,0.347531896285911,0.36440316694489,0.518061242431693,0.708933334174539,0.870783373170028,0.677001741086249,0.586156269556087,0.67177060082297,0.611000135973813,0.232463610333307,0.543275616283179,0.00115132229851136,0.374940152762899,0.364553786731216,0.487860879266589,0.452997534713356,0.640441211293317,0.865828994567465,0.70393411100087,0.63680179360709,0.152447544684033,0.193870877856781,0.195198025372544,0.326715544034544,0.324537068575781,0.55356616898591,0.607875915731169,0.190604266582693,0.15523595356357,0.2807899589275,0.860208248212719,0.704515404944011,1.22110928246767,1.09722884775727,1.1436397818364,1.25452271179664,1.01537839436031,0.90223949703406,0.503808471519307,0.508308170924638,0.688353361434076,1.04345951226896,1.17550121967736,0.97496246767843,1.1263631726105,0.974066407320832,0.740835647350952,0.534778065806124,0.888299975293635,0.675767728409098,1.09986443639623,0.5547828319256,1.02355299745522,1.37162271339333,1.81588689983839,1.44634147309699,1.24723711256565,1.072619986076,1.18107671810393,0.833013822702567,0.652287640887565,0.672591016537173,0.99247234988755,1.06817403640533,0.445043899771671,0.417532660304451,0.317578381509739,0.798322447767492,1.17032190486725,0.949856431639898,1.41172891481374,1.14643449941798,0.686106136920322,0.596423053375415,1.26976247196778,1.26722431610789,1.27127928662122,0.770437191475878,0.838936259924552,0.849687989063545,1.07986296977693,0.721653988633413,0.885260723153751,0.96333323892183,1.28696138906742,1.59185266872468,1.65177942174602,1.3149199958293,1.44269943546405,1.51540534331728,1.3881119684475,1.21430784052989,1.56408323715374,1.34280322989199,1.56313270388675,0.971683522705743,0.877815839238089,0.928149684945756,0.848116131563406,1.22790542954838,1.12118456536472,0.925040863995499,0.77469171880508,1.15495366055001,1.00469521002408,0.962221773949621,0.912310787830715,1.01075593895033,1.2701373126936,1.44339466653252,1.83085748791451,1.44216182909627,1.16260554202595,0.942308405860228,1.08481689314023,1.15045971334439,1.6901556693875,1.70107845174394,1.19465720653666,1.7972441997204,1.83383640889794,1.30749860132844,1.13091527747708,1.61334140266871,1.75748214830523,2.08059725836083,1.47189981639221,1.26120874060376,1.08230658562289,1.24066626236358,1.19949769525124,1.14878937524081,1.81419006670355,1.923904288864,2.16025373876544,1.91255756304692,1.56293386116018,1.94047847463238,1.74738503158693,1.3362665219187,1.54632473963485,1.69453655432191,1.7166783263125,1.50279335314723,1.2925089680012,1.0771046416299,1.41946141870151,1.47642380566384,0.893864101578549,1.43200252365049,1.8294434229251,1.77583158589102,1.73236714940646,1.45665557798977,1.5186881915124,1.81406009507636,1.79474473780405,2.02042711262637,1.5581366676722,1.8897253851482,1.35549283322537,1.82482196130295,1.18395369559341,1.80737627585364,1.39288040713533,1.33727925635866,1.21872348817883,1.87895747215747,1.81747742854943,1.85378751860055,2.01022413290423,1.56923077240432,1.89061835011212,1.89419923277437,1.60961321539629,1.33591569243195,1.41170235816576,1.69496882246362,1.75309004173542,1.60828223945088,1.50875985010416,1.44806304758422,1.83843458041291,1.92190064522067,1.61961487443525,1.78904775192454,2.34399299705251,2.10243414988046,2.56009926459954,2.70862993141368,2.48792200305073,1.83173122928123,1.78315061591038,1.80294241766437,2.0588078349588,2.13045190536918,2.04127744183467,2.19217137109283,2.36648625636717,2.31651579849766,2.17892398702056,2.20415468191621,2.35416192867316,2.07948865492515,2.40209091566381,2.26234927186097
0.0452761780927636,0.232620416134976,-0.0501844882284804,-0.0572565559604697,-0.0338004968343098,0.0835616801291092,0.0835603689920261,0.162781866870274,-0.012234081659179,-0.0481734735613905,0.234156454138348,0.0426799990245939,0.0630815923382632,-0.0101443503401582,-0.220324570528905,0.169056868215501,-0.142036064242146,-0.00262622413501862,-0.0558963446013274,-0.155449666099185,-0.259567324822522,0.041458798666741,-0.0475948157714407,0.0914982832344705,-0.0846834056385195,-0.157064759877391,-0.0660134087306753,-0.235764059796999,-0.0231478376648581,-0.0801855261185285,-0.121127416376789,-0.175593922995938,-0.0093244590478492,0.0328637525937549,0.27724498285666,0.19450030806153,0.0938928426035972,0.155861469105567,0.100042192432171,0.431940283405453,-0.0921663099008865,0.201407687069204,0.120865960310331,-0.07838009510563,-0.177353887501536,-0.114903542787641,-0.0549847477797404,0.21390458961401,0.0377930531564217,-0.106527981395608,-0.0245432210589815,-0.0737066464680718,-0.336645634209347,-0.18100080975345,0.0219937672531143,-0.0744278005267962,-0.0947140564683179,0.153604603768435,0.17771103657363,-0.0810933007534569,-0.0277961813755376,0.159860962583186,-0.212732885282003,0.133513119358122,-0.00326661465928303,0.0723644523405945,-0.0988841936532021,0.0445017386222587,0.0537978643175594,0.104347660147246,-0.0673142802272434,0.122647139540897,0.0717713115645084,-0.0953206726157047,-0.283251066331788,-0.131111265765086,-0.358882345260406,-0.191723129246547,-0.35089971200608,0.0666571910910583,-0.207130297037265,0.143180974185729,0.150933771745834,0.010960676560284,0.297608556074633,0.106875333548742,-0.114920589539629,0.133245399362574,0.273024281253579,-0.109795205257879,-0.0856958135765683,-0.0267718535258063,0.186068009134346,0.244834116225438,0.225380967122286,-0.0684854594545999,0.0864507878162763,0.141613192084819,0.0437092233483003,0.291454710353126,-0.178156980284257,-0.473261195971151,-0.173897530292652,-0.203170731298673,-0.201573601714733,-0.25513412251705,-0.19053927846986,-0.0920323775962539,0.0447485510013855,-0.21423650749686,-0.234976597759942,0.0985990981345835,0.0844981859435423,-0.065091853012601,-0.0821198502326838,0.0765066972602244,-0.0592639358625013,-0.114151933195337,-0.0378198451574722,-0.173810872898403,-0.17778844756787,-0.16619994457599,-0.0705443468019998,-0.0291135949377068,0.0195158791346119,-0.33169574427197,-0.0781880273431011,-0.105368267608526,-0.0966120054994391,-0.153107584958998,-0.246904926790526,-0.0884614239803942,-0.296207940175776,-0.190245985920835,-0.0336402212334819,-0.032172907567512,-0.242575626783886,-0.11692243156834,-0.0998047399127119,0.0329531040955898,-0.268266601424856,-0.0511745937858252,-0.0270056277277239,0.0689765820401855,-0.392685774542601,-0.273431177176124,-0.469330036334666,-0.223425588895348,-0.0146982713615253,-0.162231810730902,-0.36513431318051,-0.223926155818723,-0.167297142207915,-0.0473746344352864,-0.135203348796808,-0.196359381421645,-0.104467596252346,-0.281995651737764,-0.361810786240422,-0.1502985824316,-0.327769935697644,-0.192049505524757,-0.445208207693241,-0.199763383977829,-0.179425604622715,0.129784956600258,0.0966914297339496,0.0195446102991072,-0.0619993965743815,-0.29920183280421,-0.320119093459474,-0.132656087874492,-0.422403942996666,-0.0537645999196167,0.0237329683325003,-0.0352276647588788,0.0233013577808751,0.024027351278684,-0.0517370413989053,-0.0597668529483107,-0.289173570737691,-0.165336341338476,-0.410625513845368,-0.243260492271168,-0.127625687165251,-0.299579798728383,-0.168722214089801,-0.171115884028755,-0.263749045667001,0.0518322657522702,-0.0458565322679019,-0.263888025941335,-0.120164158469768,-0.23329768542868,-0.193195494115166,-0.252832042739975,-0.44004268152112,-0.159668755137794,-0.194246760522029,0.0536232207560198,-0.0960029116446468,-0.0424718920432139,-0.447793162635558,-0.104351234745872,-0.204922758027901,-0.0921917156484601,-0.26421863046027,-0.151705813071767,-0.196699257355433,-0.266206301809713,-0.490845966897875,-0.413083595392729,-0.312962762749907,-0.377953692068064,-0.36566478393547,-0.30200936210607,-0.16533563295054,-0.257689166491204,-0.285168091311345,-0.470170038211532,-0.736163494536929,-0.364605507675542,-0.483411937497299,-0.450570904375415,-0.145313802089787,-0.289719726387807,-0.294141520880604,-0.314763652538549,-0.411175106022427,-0.17161469419697,-0.322890018168829,-0.66704219273476,-0.74793438001024,-0.597152189269368,-0.407073989587376,-0.544265395813201,-0.483549899721163,-0.342535698971629,-0.32458810565074,-0.250485249535277,-0.364393834086875,-0.543690830991955,-0.125281209854724,-0.00894710864126214,-0.0664408207810811,-0.268862388612409,-0.440167006633077,-0.370478606495578,-0.627903733553794,-0.229562387354009,-0.168813410272316,-0.0884968520269999,-0.389012325555134,-0.510122531560295,-0.428582242940593,-0.281544524404488,-0.35990081670735,-0.268171791077776,-0.353382119087666,-0.303040175519649,-0.337561905738179,-0.342118954832711,-0.455559943437883,-0.735663927476045,-0.730791892165555,-0.574530325384312,-0.597757326098453,-0.658594158033841,-0.486787407640203,-0.327545028111293,-0.596687814330322,-0.548265777424979,-0.600447527025781,-0.275041286570926,-0.652283562288578,-0.560227315628424,-0.35217218310347,-0.465942669612094,-0.267515803267761,-0.270707345157948,-0.374943873725978,-0.657976381770609,-0.359043319721501,-0.448807781352096,-0.347241479914691,-0.301073651152534,-0.45530086410421,-0.383349991039385,-0.672002600880435,-0.710873177652826,-0.648326358350858,-0.412729754438398,-0.252878538547507,-0.56920609092912,-0.584981416852141,-0.729582618710388,-0.516177940368881,-0.652235160018832,-0.578575579216733,-0.321866240674433,-0.585502467042891,-0.600257441010018,-0.710973828579594,-0.793143164498207,-0.440382901740572,-0.441780658829761,-0.383716320742346,-0.534901785251855,-0.563662380913717,-0.498427774480923,-0.941306423514129,-0.784776231558256,-0.715387345970063,-0.807785310095718,-0.437848193688789,-0.73504412190048,-0.932145509790269,-0.730567385403019,-0.715870043412621,-0.805998589084883,-0.643020624891381,-0.550128052905179,-0.494079445722478,-0.432755910721919,-0.636253328959631,-0.50738523576537,-0.481091503069666,-0.528178573817681,-0.615338444977018,-0.671749308150007,-0.553147563870515,-0.546841469614627,-0.50780754671452,-0.783552447558914,-0.672210321900909,-0.824559411203733,-0.442936309925086,-0.744661946941416,-0.678694509638545,-0.810928796654655,-0.613712714886337,-0.787623061927951,-0.561024970802185,-0.455950756143002,-0.578740477673951,-0.851502414208184,-0.717377524902114,-0.82672442637274,-0.883586787356767,-0.633189375296471,-0.979721921499198,-0.863884857900039,-0.651070215755584,-0.432957457820505,-0.715680215253595,-0.79866787311725,-0.746616154537641,-0.570437626314256,-0.78990500598377,-0.699263877003866,-0.663854991395495,-0.822456472503771,-0.766875612387974,-0.544905844553993,-0.954456404050241,-0.918558982411308,-1.12804403117535,-1.03755391979584,-1.0015487706819,-0.680448890494124,-0.666849803137666,-0.673078093006545,-0.808088720186375,-0.816452694502966,-0.799495239627324,-0.865620593071322,-1.06976180407039,-0.948551075155573,-0.811546084860238,-0.775227211453199,-0.811556590929904,-0.990703544687884,-0.820584121392333,-0.93180292668432
0.037579762783287,0.36522914379818,0.408652524349938,-0.00455144707910723,0.103052207227791,-0.15164143841944,0.27887705737973,0.192464372634769,0.00763616975045067,0.223589394499003,0.216012042155222,-0.248650948116958,0.0592408064801347,-0.122790325782104,-0.194425132172018,0.298688617274684,-0.162692327575341,-0.329827457646636,-0.231065298686012,-0.5148647319121,-0.232601241724786,0.00823662359571763,0.186596586525495,0.00704390222096823,-0.55742586796644,-0.0311441013803856,-0.214306933545435,-0.635821266882703,0.0577047473859766,-0.150093402175005,-0.115915120613857,-0.245757760922571,0.0255339203004881,0.159086548141041,0.482834056516726,0.623526596948783,0.527204079739373,0.611943186517752,0.262683435764321,0.414443574502403,0.289945939395587,0.508942727735018,0.0445151484978097,-0.28812047972091,-9.26552192081903e-05,-0.378165076133434,0.285537173929199,0.166336949951405,0.142981308519107,-0.0562890737162884,-0.351476009504063,0.0607826798918596,-0.226311374168721,-0.375365322224444,-0.210661789336567,-0.0611919817584063,-0.194258406111439,0.522647753093139,0.256211623860931,-0.0675602648888761,-0.034400685300737,0.157414801983561,-0.226148496023984,0.412512238960162,0.13549508929506,-0.215999845670109,-0.255187586700176,-0.0650360801249072,0.40696099027393,-0.419084847450208,-0.0710652698880067,0.168678985046126,-0.0104843713641334,-0.261531536798504,-0.554294055048887,-0.134484379698651,-0.548898350684879,-0.722415590283189,-0.934227606536922,-0.166353797275395,0.121230635412307,0.0948158905652316,-0.140344354040454,0.244321001147582,0.621832979210483,0.0840586632534324,0.011818966428752,0.0720696456464847,0.27758014451629,-0.0881054997216798,-0.389918458465217,-0.295939340187061,0.305925937917627,0.625171783862992,0.00317689012891159,-0.011380347579199,-0.23087382428384,0.51052758849565,0.0763509527805933,0.331454874733135,-0.379022866374489,-0.842214383971989,-0.583066607366697,-0.314941190257817,-0.441427016942726,-0.553594426120469,-0.274965438772209,0.152418596187884,-0.102898265372509,-0.478005736534318,-0.432216129100873,-0.063009988013045,-0.0896561260467246,-0.276048339779384,-0.241524918441305,0.562662368697771,-0.115359699762712,-0.427314194934439,0.162820693625308,-0.409878271495229,-0.0894193569620147,0.0664084487473898,-0.467099442369449,0.134278741307064,-0.333761448599886,-0.578262452797047,-0.254020123864909,-0.438332882992686,-0.277418349021322,0.217455179865959,-0.600948243310353,-0.276317171488761,-0.422707535449221,-0.36180215064996,-0.0144213228171719,-0.114295123810591,-0.138180220184786,-0.0502007772810732,0.0554273228306315,-0.163375761947744,-0.127973511373291,-0.326179069127147,-0.0421757672064476,-0.238104937241058,-0.673164847614011,-0.840973167131025,-0.738619825319399,-0.588474553847388,-0.213845470019483,-0.30153882872107,-0.89487001757218,-0.399509049812901,-0.595411906507514,0.0480772490978706,-0.247375468956663,-0.527536938237222,-0.255072752929415,-0.217694550504077,-0.705686379899412,-0.528677276924968,-0.613057864178498,-0.696425438857107,-0.900777402917335,-0.251336063429648,-0.0524623596501957,0.200164892651254,-0.0927830570239507,-0.0236395632478742,-0.301038714660397,-0.662246998674765,-0.797930690876442,-0.607280637045029,-0.983536882422428,-0.46201184459282,-0.189396426557839,-0.206842892127237,-0.254109878715093,-0.260364609753492,-0.429556328727345,-0.333967872700811,-0.448818795155051,-0.675165038539401,-0.92530790098925,-0.578312352842024,-0.476651029488074,-0.948604649347804,-0.656915251156408,-0.344762071508242,-0.550761196916349,-0.0607687880100625,-0.178457327791591,-0.294370253192183,-0.273325147262401,-0.492383117764875,-0.820597062592512,-0.902205044206595,-0.773030869391717,-0.54153528160739,-0.0823824033363558,-0.460485855859402,-0.278197531499848,-0.568645754827769,-0.712155376046333,-0.618941160018769,-0.665854215853773,-0.228658611083296,-0.127281766578168,-0.198039251620398,-1.04214719004992,-0.730939515068703,-1.15635269145453,-1.20654786973329,-0.921121833383219,-1.38191821695128,-0.97944196439557,-0.874524515345005,-0.480148257401156,-0.834289120583233,-0.46480753146237,-1.05989688683097,-1.02760315806507,-1.1135456941336,-1.06531178713362,-0.952757536266687,-0.526416597816888,-0.866923563512704,-0.924669679856235,-0.854450998529349,-1.30864005411756,-0.371381399104348,-0.991858672955276,-1.43325883147705,-1.69047775568935,-1.48488225369502,-1.39345355751965,-1.1198832817665,-1.41038189234537,-1.08012757937185,-0.679360572466339,-0.798833763032597,-0.748138309855698,-0.966715648253616,-0.406969539894113,-0.544146349843609,-0.448148861628101,-0.776224674769337,-1.23103893684687,-1.0433457297992,-1.56456166315325,-1.20485857849772,-0.773798462425806,-0.585862052765932,-1.03532394550784,-1.23661528812266,-1.29763492538409,-0.826547217235405,-0.801504816753629,-1.00194608974356,-0.763058619133316,-0.954058015403182,-0.89216689998755,-1.13679457264109,-1.33661050656173,-1.45228643366781,-1.53451189153556,-1.4607562662711,-1.3414601499962,-1.60548885427473,-1.58363503816306,-1.02858968295921,-1.6849324968752,-1.09408535031404,-1.54566151088608,-0.950181083434005,-0.991682041825991,-1.00882102705252,-0.715154733461075,-1.18097027871601,-1.26124082728865,-0.987790847504216,-0.695532746116363,-1.14701247222822,-1.18807275113913,-0.876637813244458,-0.824427363445452,-0.885712394081198,-1.40471494152688,-1.69401826783657,-1.93973028047075,-1.80890716262973,-1.3512233319647,-1.00915001100331,-1.02667831880688,-1.16400874450147,-1.76097945623236,-1.93410877032941,-1.10925772367439,-1.82562448659741,-1.79012093122489,-1.40061443120196,-1.31477508576846,-1.7443457088691,-1.8097118639027,-2.23633485158192,-1.52542968753316,-1.4059839033639,-1.28309628060605,-1.59519307030062,-1.07291591059568,-1.25987860548194,-1.89549337923109,-1.92479855141738,-2.20476915612817,-2.11831201541426,-1.40474436079144,-1.87464119928933,-1.81370246024865,-1.56885180124116,-1.62364456501765,-2.20764083580272,-1.57581256692483,-1.63342194831899,-1.47188759021561,-1.15188637957882,-1.48821598700203,-1.43306549720425,-1.06112497737446,-1.73168391801592,-1.87966377858217,-1.79946520684428,-1.83053077124816,-1.55086797011744,-1.51266840664995,-1.92181406970787,-1.92554400457848,-2.14486880685297,-1.57341737831339,-1.61863915691028,-1.6855740481325,-1.78110183962244,-1.26470058048526,-1.72434409001982,-1.41147764956368,-1.4316053476401,-1.34740134041978,-2.0018400299072,-1.92489439064041,-1.83446183195579,-1.8725787448948,-1.92258946345814,-2.19507623042337,-1.83067604682581,-1.8187008149523,-1.4902628385632,-1.50257603584104,-1.6878172263322,-1.6644121286984,-1.68219697464472,-1.62559964970042,-1.69787417628349,-2.02921486535774,-2.12902689919871,-1.67217093689611,-1.73582447681227,-2.59303802713973,-2.71564949344178,-2.77562171728835,-2.62017795272808,-2.65789885373208,-1.9882780421137,-1.87054350763431,-1.84195811662224,-2.13069691090514,-2.06896854968058,-2.1020272462647,-2.30114911147163,-2.29384282668514,-2.6771968772324,-2.1465154515386,-2.42956152942353,-2.44713863007319,-2.54158716203781,-2.32751330969648,-2.54164679736883
-0.390742827991812,-0.728597712497877,-0.406830533031219,0.159093834509568,-0.220705154595256,0.0943326011040591,-0.734288249114475,-0.0179939224620854,-0.410272010063105,-0.332876025610299,-0.18449773080453,0.300936400870671,0.337922926752358,0.0279080497570268,0.428146032249526,-0.489543861945714,0.158363555856713,0.615810221570058,0.461302476371011,0.808037242526554,0.471883012758662,0.0806224693415137,0.0728330065456998,0.0239540346105645,0.815267770119282,0.35343702759988,0.654401321538096,0.929418023215918,-0.103797891920139,0.387552924734641,0.416113965147326,-0.0435042546382295,-0.215199581859633,-0.521285005211026,-1.16260787991247,-1.35547392823393,-1.01654044981077,-1.1462826810266,-0.515194985478396,-0.794722420634874,-0.433630354636016,-0.729855836110398,0.0318922261937965,0.445502070028222,0.300576032040733,0.326493787480164,-0.465334097299649,-0.482049487555031,-0.405567350421849,0.216831463842539,0.523842232672958,-0.147907131876588,0.469641845119872,0.429074226920718,0.195527034479651,0.0161129264556423,0.384947896103389,-0.772559129056187,-0.407959222200603,0.0756382264878919,0.264820873348652,-0.167268883283196,0.144075907330103,-0.617241498544196,-0.0775406433098512,0.280749705602226,0.547262772116758,-0.0835250668250086,-0.794872195941223,0.348434219710174,0.173788135537666,-0.191040322103158,-0.11671650725923,0.391599059138261,0.89162297102607,0.257539270630089,0.914121142679524,1.23815735570511,1.34665955550335,0.303707911154411,-0.134809294665083,0.183504979593362,0.058163852430827,-0.121347378912626,-1.10272336966161,-0.195079022377142,0.237090055652609,-0.0906453470054427,-0.27347927348185,-0.0550957535050303,0.749393532522647,0.396806307223148,-0.609302721726456,-0.874795000003969,-0.592714097860911,0.172129303607312,0.159598214912528,-0.433413780794287,-0.0292131220093624,-0.760086117063674,0.52152888585013,1.55504703558403,0.944357176986851,0.389664210476402,0.928285909967468,1.08558590844534,0.540114639102223,-0.210238093940993,-0.0450618645848559,0.91033152314748,0.574519268462291,-0.0453849495809766,0.077582941480217,0.416749872884303,0.254206527116579,-0.694253863441001,0.33010600773438,0.664386822786224,-0.444737279671131,0.460862080969086,0.415011883397287,0.0920103848525403,0.732985917904911,-0.124036095402248,0.297987775583958,0.764498174158891,0.688576102935935,0.814383480218778,0.236374317600925,-0.113640339377715,0.851184008812309,0.2672918723754,0.334246585054223,0.0575914730088968,0.0085980409328272,-0.00501942995311686,0.326598405443247,0.321441316993438,0.163981501780491,0.176148043048301,0.0245818391705649,0.541799831327937,-0.18253152800405,0.198404458255227,1.22202329537353,1.5919491409665,1.46090078491292,0.950320013831477,0.37045490220309,0.610316945556141,1.22506442776961,1.20875069984784,1.04786124862877,0.174365523146356,0.199805889260339,1.04949492113026,0.417182464296255,0.657743203637456,1.04195644791262,0.89284703979426,1.1576559853742,0.994194986049237,1.52308092511044,0.349236992109628,0.113552536383808,-0.27203431043335,-0.345086331231911,-0.226915081220567,0.19724876309603,0.972211303847049,1.08747449065763,1.23434086545848,1.31409958042254,0.788197018661576,0.524336895078185,0.14001599830649,0.101448184858232,0.629698066654846,0.815249680052688,0.506309566115338,0.769312010530946,1.10987063815293,1.6833038562764,1.06403307816444,0.994224687898404,1.58766410849623,1.17017368216931,0.583127806256181,1.00099579713504,0.233463633875001,0.374164345514438,0.48393508849906,0.380771148157534,0.86344753475158,1.35809726967454,1.59362526164969,1.24030975654917,1.12856120402759,0.263975503888833,0.632470060464105,0.56193765006433,0.839000258818857,1.25393624875753,0.704976188392364,1.06574430313284,0.360490646636853,0.203567365855847,0.284138983114784,1.69881886086589,1.3579423503742,2.12502242916478,2.07669200831295,1.77022496599021,2.22789953933178,1.80730388182653,1.19957322173846,0.924433850005837,1.16686931648892,1.06285185470975,2.1268011659016,1.83962532927108,1.58872506369172,2.19044588522953,1.86782958948366,1.32410783835272,1.16078101428448,1.63786586257954,1.43716416366212,2.25097569083865,0.952384614625309,1.87077249061834,2.38140096958668,3.04007686130589,2.43000925797638,2.40034189346884,1.99241535776541,2.31005740758118,1.54530432844054,1.28052707202646,1.04043148927544,1.40723279664761,1.86669740472791,0.832322348489555,0.735370391434758,0.584786542887403,1.2718500866147,2.27167482241126,1.64265403456718,2.61308281797511,1.59434989351213,1.22822729890219,1.08224993431879,1.78444944949595,2.27759796637377,2.16333051338641,1.09234748844542,1.63926606202322,1.49602610744595,1.62235006689234,1.56295638720926,1.65754148417788,1.67314981210218,2.27926988236446,2.81395689075199,2.84386357383038,2.59761359303704,2.41037290528204,2.66930173255147,2.51246985770315,2.02632523434676,2.74341943593147,2.20257199552302,2.42922261530706,1.66228528930046,1.66572128668459,1.59532868626825,1.4054607271309,1.99811561593225,1.89775423660483,1.45446963092026,1.74513426821741,2.12779974733584,1.76882262051128,1.661456368163,1.64548877992522,1.61090461689211,2.20961594850537,2.77363309571279,3.17077276682952,3.35574163308997,2.60973195553907,1.92432451322475,1.74851474754411,2.31503450285333,2.86253260121725,3.10050647420605,1.88294112942682,2.93937633910351,3.14249950396082,2.35252807742486,2.18277070156148,2.80311562083283,3.25402564496073,3.85430903738421,2.61812455805854,2.3557189146841,2.15795115657444,2.65159861600373,2.12439645069267,2.1197774319701,3.53358117291707,3.36582190411601,3.78670001431531,3.70888328881354,2.53931398497758,3.220829660921,3.14487978878916,2.77056411158956,2.89249185711999,3.33704628337855,3.19355749410287,2.60189179822468,2.46868060540443,2.15496382991069,2.67765267304597,2.7034920591243,1.56607257943233,2.72456669426528,3.24546581633222,3.39724912639731,3.06522816474462,2.49056612276287,2.63845760759594,3.46530998010333,3.47223886316286,3.65412332849126,2.60482090841288,3.10290442466244,2.68396486443565,3.41705573587908,2.24704839765092,3.09101813763246,2.63105027823141,2.45266946349053,2.38035740371905,3.32503652325066,3.17719867706079,3.12061690848822,3.73345311198699,3.04912439433791,3.80684886968807,3.21622812640833,2.93423397715242,2.4344610036715,2.4810632270958,3.23034727893481,3.400357773262,2.88059748062653,2.94698926762205,2.90313932659451,3.35647636730814,3.61584489716995,3.00512753727894,3.08527475717366,4.25063825871055,4.3736025006509,4.65054850051215,4.82544205401441,4.51189425981535,3.58167546557963,3.0584248733255,3.48607591850702,3.71373699577183,3.52024939221663,3.91049177144751,3.68916209500726,4.17311789787659,4.31902228626862,3.94124890346667,3.83420391355199,4.24453048805579,4.02827974433249,3.84755578437704,4.14978467146589
0.547457213601318,1.1556881313016,0.464166487097528,0.124654087056886,0.212366681567066,0.0574449031514931,0.858273786990501,0.210840754844439,0.315233819043587,0.402460017360384,0.482179566002839,-0.44817728638305,-0.507134778392359,-0.217507694998208,-0.761448412111682,0.404542759874093,-0.278119588870655,-0.871194349188287,-0.70961200660559,-0.908021430889973,-0.621202958847442,-0.103068946016968,0.0792214841672625,-0.114601650822479,-1.1346717208087,-0.236436054342702,-0.939504323109701,-1.16360106450189,0.157254444278942,-0.502002186583783,-0.639969344262239,-0.174940294018725,0.328884945869599,0.496747714388138,1.35777460038221,1.62075610153872,1.3237671318005,1.20780720098053,0.571143069576182,0.870300659079099,0.3727446467301,0.87926025206203,0.0124600859044056,-0.598249738459337,-0.350125544607656,-0.351385911802323,0.495720117308646,0.751733069543312,0.410329896352764,-0.30855903501191,-0.600655881355783,0.258743045251906,-0.710751357873109,-0.539175466231079,-0.336839461625349,-0.0217805547710513,-0.706399055811862,1.02533227889449,0.734335956351873,-0.101312884937733,0.0683677986178346,0.285415559997428,-0.261710022986231,0.600534983414546,0.318288640559708,-0.366298174301338,-0.743724265423872,0.194462124245699,1.07850396934666,-0.414362589858526,-0.110580591696176,0.471232196963856,0.166652898352943,-0.503446980903106,-1.14911012549359,-0.449100003287131,-1.13030175521645,-1.4619119200987,-1.89064062585529,-0.190447820245395,0.000589227417524152,0.262265104448178,-0.252785657916531,0.409529095576232,1.38619265911744,-0.0393565249041748,-0.27448813330125,0.0422473027040892,0.619388946279433,-0.146630584382062,-0.950196822212926,-0.52974019666191,0.774593835927229,1.0607353997549,0.55796367865873,-0.0617273022922888,-0.385214958112437,0.998465245380286,0.000224632093321991,0.831157341975847,-0.604072139705369,-1.95052483431771,-1.25720222139314,-0.651961561856036,-1.08596038369501,-1.2670707775378,-0.524055462401462,0.120444310559653,0.0656760165717055,-1.21620068401559,-0.52461080414126,0.0980499791770649,-0.0348982644581094,-0.637207205769016,-0.297554273564138,0.870863537457853,-0.50318781495947,-0.657769294439385,0.402874205451082,-0.612391539594848,-0.452017842403991,0.149600422422401,-1.02025695816617,0.18215677660057,-0.538735368473429,-1.25038090795427,-0.721917183176728,-1.01516170256818,-0.358295354608369,0.0531857079041071,-1.00006563187216,-0.492674771487501,-0.536515679812714,-0.446924475770363,-0.209139105384296,-0.166888472913956,-0.168927653173921,-0.164876475799603,-0.0980370159723036,-0.191799463824691,-0.136907762050314,-0.837894316779528,0.25885776618588,-0.332956426401268,-1.64789063521292,-1.82661742147016,-2.01080718526881,-1.54147427290748,-0.36996600898152,-0.760010970937299,-1.59378836579233,-1.26846046261851,-1.10676148987759,-0.128878498633124,-0.14384503867669,-1.25813424600513,-0.518002265002465,-0.619205427451157,-1.28846291118201,-1.31652762744737,-1.40121524225711,-1.582998929565,-2.01883086718976,-0.48994705552494,-0.0563864898145171,0.452893589321264,0.343990523481262,0.071052583332799,-0.471645740519761,-1.3859946723858,-1.58827262308513,-1.46980444991155,-2.01907898634106,-0.929406002499332,-0.51540671683954,-0.432614779919678,-0.167495630127766,-0.907505422836679,-0.850457162228179,-0.82274310407969,-1.10104674736206,-1.48514830633228,-2.18272893306531,-1.41945042549744,-1.08821863712813,-1.902681681702,-1.43685070467568,-0.552723959041636,-1.56003535878953,-0.305587613455409,-0.369170740307985,-0.758117527973083,-0.719550926366418,-1.26089541410768,-1.87569775617002,-2.11161702561377,-1.79010526348136,-1.38504219876456,-0.326397527381082,-0.678197944839907,-0.585286653536647,-1.07433873837335,-1.39957236275433,-0.856181181621203,-1.24675434416479,-0.452161920118926,-0.363108846110954,-0.494174050233381,-2.33545437122478,-1.61829813996437,-2.8119081801624,-2.70767821536663,-2.3422084280595,-2.82138464369124,-2.16979568097145,-1.69571470521972,-1.01648044425024,-1.60471210773297,-1.21796196593586,-2.54134655438515,-2.46005248632409,-2.21880531808669,-2.33820388237996,-2.2385630768225,-1.58503689403097,-1.61584386257634,-2.11342554936684,-1.76177296946035,-2.75687964334859,-1.26360722699939,-2.20428376523138,-3.13901831901569,-3.72985068821522,-3.45959512375547,-3.09172278280487,-2.67671585798816,-2.83925945768224,-2.42330236954161,-1.68331164030652,-1.38544394595334,-1.88513035082103,-2.1535537445416,-0.801425830311893,-1.12795571480574,-0.7706051195306,-1.85207203850714,-2.66887924744178,-2.19648243475015,-3.40146340971001,-2.34619541393336,-1.79475755291365,-1.22572698271727,-2.41177219360422,-2.74224855733248,-3.02715037421604,-1.52570695959617,-1.99661190017526,-2.13998365642923,-2.02552638004488,-1.89778936999026,-2.03800829524589,-2.11815123706954,-3.08746324899279,-3.64823025677951,-3.47998933605213,-3.26698874257677,-3.27964342005134,-3.73220983319895,-3.34955987249412,-2.54115536180908,-3.49012579993454,-2.73372095478159,-3.22455393717133,-2.19635895533701,-2.3499237723119,-2.10425699626144,-1.5196119341483,-2.81426521088431,-2.39390391347596,-1.97261517528837,-2.05483200115375,-2.66145917338366,-2.28506252395894,-1.8329236032819,-2.11156964698982,-2.235830171678,-2.85186165933719,-3.67461544256395,-4.22411983423351,-3.98845130168402,-3.26668246952505,-2.3764260027303,-2.10607660237941,-2.84888673764775,-3.85384799178704,-3.90931346402482,-2.63003855530392,-4.15990324172569,-4.13960384705751,-2.94928158290018,-2.85074925835459,-3.52511661600641,-4.15786463308897,-5.18104211351076,-3.48757243745593,-3.01878937193075,-2.60156878084487,-3.35843431882221,-2.93172216380296,-2.80071162984674,-4.39030793282255,-4.52958594207021,-4.70044412030578,-4.70670290742899,-3.44884304903936,-4.31924355430426,-4.24643844197258,-3.37339393644506,-3.93621889197409,-4.4734201014952,-3.93391239998381,-3.51719841641678,-3.05890747375692,-2.7012537735698,-3.48898555040566,-3.37450010678018,-2.16829410156386,-3.4801115249168,-4.28249165830724,-4.30389333915615,-4.03028925302212,-3.14336647015183,-3.55975320643477,-4.56393772370521,-4.22253525240325,-4.76796762939591,-3.51567472582233,-3.93929597017999,-3.52624088923271,-4.37604936031867,-2.97778757916376,-3.98193672486308,-3.48503852342211,-2.84035473034246,-3.0939496557368,-4.11184449557927,-4.00349905296085,-4.18117981563386,-4.30819884589369,-4.15073865034298,-4.82715862204009,-4.22731321413842,-3.67405164801942,-3.0963039493004,-3.31760867833356,-4.09801247511062,-4.25124106817021,-3.81674816587742,-3.75000175769239,-3.58898648669476,-4.61746127568685,-4.621374679759,-4.09750117891802,-4.14056100899551,-5.53317719864809,-5.59072332205777,-6.03891301351432,-6.13117256169006,-5.85118094144075,-4.22896467805572,-4.44909865301651,-4.49774544484623,-4.68890724945983,-4.67734186467684,-4.77734766286794,-4.73617686754589,-5.37546468406927,-5.73377947651198,-5.00722115479662,-4.90907884101059,-5.22150742364483,-5.36708219261461,-5.09129973291998,-5.30173231760831
-0.359223087157929,-0.452685504916452,-0.259333624943245,-0.0415924799432112,0.0854755978345445,0.111960771870058,-0.344985174821744,-0.0312339110968736,-0.161538451376237,0.0743694664737733,-0.181567153201989,0.180656934249477,0.152401370115129,-0.00968986948509758,0.366822287242205,-0.0772506209664202,0.252800591109557,0.290104941092838,0.373277536181726,0.345502757235907,0.263863984967543,0.105848314270218,0.00941909187887494,0.0309611847823298,0.452748085861125,0.0450273550944748,0.017128022233836,0.413861691113818,0.0136273536671913,0.208120349064867,0.28675754171857,0.167620777406645,-0.173389154859024,-0.143126912666423,-0.668475164007828,-0.62472428067034,-0.666301571753275,-0.481923193200998,-0.456185157883423,-0.277957900408132,-0.236581872639869,-0.210862550300125,0.0269809232446113,0.243721483540452,0.0712394957238123,0.286738299427331,-0.34592823728975,-0.445180165565772,-0.216727424491179,0.121370159567559,0.091111431974365,-0.191681136371327,0.173802436513002,0.0598303195632028,0.11883978161244,-0.0169243013364747,0.290185389114039,-0.425493069706529,-0.336724132191805,-0.0737711412185657,0.04824983248227,-0.137142374970249,-0.0571806769977395,-0.370291699033274,-0.117210933823836,0.203981893080749,0.290624600631535,-0.156606857149795,-0.237564218573458,0.187347387661309,0.301685240588793,-0.10173978172534,0.18676143485053,0.0639845240412376,0.48954014897654,0.125266616881608,0.42198797550608,0.5082562324264,0.636081132514101,0.281922383330564,0.00327454956854826,-0.0160009300052703,-0.0235868781522436,-0.087845025093584,-0.463735993171378,-0.137156477299224,0.199834634991581,0.0464028023947823,-0.338136717383208,0.0405331543356726,0.182963800785591,0.415550484991856,-0.3225879649956,-0.423751611790523,-0.341717831962781,-0.174379891695335,0.0753590134787178,-0.273089077513827,-0.0915626327137275,-0.309613777442775,0.401553291994115,0.924213317052245,0.469588187378646,0.273633924167471,0.39707419094324,0.426597095581704,0.0750287798298912,-0.0719441468155536,0.0369351263544698,0.426313367800675,0.189687188441198,0.118986685068426,0.0262945301130437,0.169221515690621,0.164081683277736,-0.30569947898088,0.178081752270404,0.558677740301461,-0.345709275914432,0.151787039894501,0.36145820047384,0.165062177189066,0.541257933373254,-0.280868490313406,0.110330762401433,0.412028651834346,0.280541057499726,0.222241369436016,0.021065530555953,-0.245017330557917,0.343476585635851,0.0980079075339577,0.290556493763509,0.232865795397793,0.146248105170567,0.118010285137528,0.139869725676019,0.0812024195579171,0.160571714996787,0.227961670719623,0.064690611187892,0.0974931317991499,0.155129645270095,0.262434255533176,0.372193176301408,0.66427016667402,0.584655627273899,0.761182025213683,0.0504434516317289,0.157710984752146,0.675293818564985,0.522753943336034,0.542970502343871,0.103637544346716,0.168071439659781,0.588580932665785,0.19586362064739,0.192047829451583,0.519745162118119,0.480149428139446,0.598173332151077,0.645944672308253,0.851692243598143,0.247972319370284,-0.0984450739446527,-0.025303282479697,-0.0770455504786181,0.0196703758675398,-0.00115716489365902,0.449855116276509,0.528023794649283,0.486551681049747,0.600862506562839,0.375674264321052,0.304273228668116,0.112657138509846,0.104776690704641,0.385713065136204,0.404222177150701,0.209943381278832,0.439086604749938,0.56406524954815,0.664323200188352,0.493936214618439,0.416046115762719,0.624499353381691,0.573834313441757,0.287701409770103,0.457031960454848,0.278658862891036,0.036983768255094,0.26608250204973,0.335021523823826,0.403459167396154,0.727727859680086,0.737332415687865,0.624941258655117,0.476145888524961,0.0912998128808009,0.352722433039326,0.232301029827837,0.352152605361977,0.458928727034164,0.308159049154776,0.449681999160411,0.261756761216771,0.0720107648640203,0.13955688160141,0.871501125873183,0.840145434882356,0.992265774725633,1.00916893749234,0.899585501270687,0.950764753495047,0.834406630831205,0.630072604396959,0.593878711085664,0.571753189213189,0.431134274263271,1.01341873328137,1.0160842146951,0.94458376256022,0.889584550965341,0.970728122101628,0.500141195652514,0.541166248909891,0.742167536021777,0.725157595770089,1.01696438366736,0.430835740268672,1.01245385939916,1.21754728856973,1.49133541969476,1.56791490823065,1.30516316542749,1.05072325780741,1.15318967780181,0.989356255649303,0.651550703617713,0.459744370574177,0.51084998308229,0.982665450767776,0.310790425775674,0.3798437810069,0.249161780063918,0.706633766916128,0.997398562839923,0.927588200226587,1.22024475910909,0.748196888390188,0.520947116206563,0.429563797793135,0.820093662289731,1.05264456531691,1.05859736764146,0.762648591027522,0.714067244176147,0.888384898095647,0.734426742098141,0.770786827211192,0.956411404464161,0.949850078322634,1.17280948092163,1.51939924657577,1.22058065985061,1.16521936127537,1.28021701723035,1.30675063902203,1.392044979867,1.12910976546787,1.27113564493092,1.12076024502321,1.37055023964923,0.818511395364993,0.684894258150224,0.692743688061324,0.746661123723728,1.12820950507345,0.824939497628229,0.773923569759954,0.703828020457576,1.06641239148991,0.850265769916452,0.72460081457906,0.701848752530308,0.648380462043235,1.22907585459784,1.35540537366512,1.59898722445035,1.50924449220003,1.10759767644638,0.768967574747652,0.942626418643418,1.13161937116742,1.38920135629563,1.53827752656547,0.897903253264404,1.6338655437306,1.46182132055284,1.18779690795536,1.27961908358964,1.49924247691518,1.58815111136912,1.95495106613083,1.08041297380056,1.23269866040504,0.798311631332213,1.20754402725035,0.979631754099144,1.17605741934435,1.63314587509934,1.70889567972822,1.90386792063977,1.88189259386294,1.49819795182817,1.53830539327676,1.78075182139988,1.35232665751389,1.61184648033212,1.61858695801953,1.60661583116707,1.37703635730868,1.12388699751229,1.04993260459106,1.11587485633453,1.20388408802399,0.7523611398232,1.27526334903878,1.5685428638953,1.74296614404777,1.52293569943344,1.3566331280963,1.32577263443591,1.70416331398289,1.73227182670877,2.02646474127165,1.45954356297703,1.58992492153106,1.20994399594001,1.72058322300225,1.26672523433823,1.39552612431971,1.1922158721877,1.0720090035734,1.17872437918952,1.550305924113,1.47654782870283,1.69451027097934,1.74409133538575,1.56490475810893,1.75632729941875,1.56138826601076,1.41997653006335,1.29110774998727,1.39214885349165,1.3985765532772,1.80104976718899,1.40040319168321,1.39453984210756,1.47960778015885,1.56955362509326,1.79645731898937,1.72556422299932,1.60245798318314,1.90663838865982,2.07028588687405,2.54542086767776,2.27153447147015,2.12773204932781,1.7438183363799,1.52127571148276,1.74788113850677,1.96242770515812,1.80527076464514,1.93795690235834,1.8466432624024,2.00418229078933,2.2067203944134,2.0626845110788,1.83052370854331,2.09940678880802,2.05704357455054,1.79291258827002,2.10753672525473
0.102351912690502,-0.0437390218375632,0.150557953975141,0.19562081152756,0.0879347672388353,-0.0967491276965178,-0.0505297646184213,0.00883735710292163,-0.160013510536993,0.116302364338176,0.0228721075279027,0.109504221744366,0.0452285764815783,-0.0484181839971264,-0.00177564014981869,-0.0688865875535266,-0.0491318289329979,0.0148121153774521,0.00576531574866716,0.0455438510675743,-0.227206194761413,0.153046138750017,-0.050845429755366,-0.0694192255746386,0.0507172127601023,0.0443561445157312,-0.045186101041695,0.039941374458598,-0.106700230428186,-0.0999637043250046,-0.109741544577162,0.0315287025503549,-0.0304618490797109,0.137438188873379,-0.0814020645728995,-0.0947606670542525,-0.0353874636810212,-0.118408242333719,-0.106552695812031,-0.0429787081210389,-0.073094353718956,0.00526483590232138,-0.0432705684087061,0.0961673839167028,-0.1561846348841,0.0841093356738073,0.0676107665359986,-0.0641627541561066,-0.0394369664665953,-0.0854019700658859,-0.162077813251196,-0.16155964833864,0.190736582742758,0.0299108336892464,0.00599255597788536,-0.105586318544674,-0.123248026234232,0.00714819984126806,-0.112304579805595,0.181662279168809,-0.0584425229838951,0.0265524642621939,0.0190103729159921,-0.0124364484283007,-0.13035954004628,-0.131765107792075,-0.0449750115357827,0.180096091295109,-0.138057789335334,0.0875778964793931,0.125870210308562,-0.0331585258667937,0.0874731178711531,-0.106145472650246,-0.00216418944721542,-0.0368354408422294,-0.0470770130180495,0.00420807284428167,0.0670608336588141,-0.0700256879596582,-0.138363100430769,0.0354750049691147,0.0720628135542421,0.0571400109498806,-0.0367181226404317,0.0506893210051515,0.0897543410607869,0.0138216883029888,0.0354417940815049,0.0730721119246588,-0.0874952571981316,0.139094186050159,0.110481396239281,0.00882325237887284,-0.191808957991821,-0.0881164612586214,0.0976669604301074,0.0883541702785359,0.101740302128876,-0.048551812210036,0.192835756150119,0.179912560559767,0.14128466930933,-0.0563553259591624,0.0818686249744606,0.284187486573137,-0.0992455357559016,0.064989404343947,0.0575900863864164,0.0707884161989789,0.0580205032832627,0.0875618976232967,0.0803548100765584,0.14459450762493,-0.00103472871824258,0.120832003370866,0.00911093693994904,-0.0521393747581481,-0.0120757946357175,-0.0386240602761334,-0.124356070749035,0.0708079780335115,-0.0171487869968871,-0.0442434398124867,0.0820449807706435,-0.0601510822130843,0.0604199676367823,-0.0411530230076013,0.0576404329305193,-0.108350969892287,0.270770673205102,0.0518025151938579,0.119217140620613,0.0589978653694551,-0.00680134681792551,-0.0920158748658837,-0.187200278724706,0.0468699046906529,-0.0985281709433433,0.140912460835467,0.053686301053025,-0.0445605923560206,-0.169998200383723,-0.0501904947870442,0.0543768793658779,0.0240803109903002,0.0230940327173121,0.0280445807808607,-0.0778910258385636,0.0653711373189842,0.0354118685333517,-0.0365265644676635,0.115021004292434,0.0636408538596884,0.0349553584881894,0.0570567726888443,0.130469568157991,0.0163547727679966,-0.0950204459676298,0.384416161158628,0.0814324649506377,-0.0555367764112031,0.113998651427094,0.0336462353607931,0.0195937857908173,0.137971302937583,0.116666582252868,-0.0323954818670159,-0.0957313699564048,-0.0362264893348078,0.208759128348854,-0.0807430881546622,0.0587589758957244,0.0379031858776141,-0.0472342822183668,0.110360211371839,0.0759782591933545,0.0387569144867859,-0.0379531906205194,0.168304546602749,-0.0916967923447219,0.0419863372791258,0.0275998732444155,0.0207441732100171,-0.0654822567152116,0.144970685682014,0.0643583606875449,-0.0551439192216959,0.0465997808057722,0.146945048404984,0.0213051782657104,-0.156494496396091,0.029203525019863,0.0494935980747003,-0.00703142851144113,0.107744273784374,-0.0289901234139428,0.122607288312243,-0.0921634194634935,-0.0603996501703982,-0.147241744183976,-0.0406067263569269,0.0690718007295211,0.0854501792018362,-0.00927295237769361,-0.0392982758419933,-0.00139213439756201,-0.109398477905821,0.0110809251744865,0.0747382377148096,-0.00531160893617746,0.132292000829286,0.129673703791858,-0.0189911524760913,0.0584477185172264,0.129624895646881,-0.0501486699161744,-0.104335342808807,0.272765748140849,0.313661184100003,0.113873573044781,0.0891674536459362,0.0503681572891256,0.0547300515555281,-0.0138297705764774,-0.0904594281042028,0.0528342170875544,-0.0602187807071197,-0.0587890263020179,0.149787409472663,0.0552281653651438,-0.0938685360985691,-0.0595246132870327,-0.0300341338534299,-0.105255669189876,0.229885327562162,0.0710524377696029,0.23565703169607,-0.00994695703911648,0.142113932715649,-0.00745150187970801,-0.166947611405878,0.0786556959443585,-0.0325048832141266,0.304643045198453,-0.0457313734055163,0.05428416858207,0.024587070811159,-0.0114400056557848,-0.0470904849434914,-0.00222347028520203,-0.169053994156088,0.054441357140551,-0.0816875774923429,-0.000818879328089793,0.0366217971548219,0.0702656391781386,0.123802174927138,-0.108259260012785,-0.0106914709730835,0.0446626444537743,-0.10214903185053,-0.035333119320241,0.103407549790434,0.160753027017659,0.278734116837242,0.0758366717594714,0.0495354027661425,0.0268166478614123,-0.14494472814932,-0.0199712674692599,0.0544871020657924,0.221553292492336,-0.0758958926528223,-0.0699567862449032,0.0169562700229313,0.0156580128183272,0.0270065306361506,-0.0662014836458983,0.217084098168885,-0.250715507121539,-0.0390737217382482,-0.0442663996423026,0.121505630221796,0.0897286953750829,0.080288784606135,0.0664730685997066,0.0534161478711204,0.0671086497667976,-0.0667931033114765,0.0147833375303731,-0.0261437991478892,0.0120602979201575,-0.0245436916865877,-0.0582544482360398,-0.0295940366322058,0.0656164673299104,0.0357908328861419,0.0554743890180898,0.0948518002699111,0.0856836099867371,-0.053096850818395,0.113161778980975,0.117194877883777,0.252949635269579,0.0871525319076082,0.102895674957214,0.125375586216717,0.0312614687121737,0.00208673726055465,0.000109372010612396,0.000698917147493205,-0.0484355179272528,0.190116823031799,-0.0910217551649503,-0.0110306968055151,0.16602119486439,0.0888123964066413,0.0490783890750012,0.0573304549655471,0.250531196292461,0.0198379330693017,-0.0432822015160702,-0.015728172026901,0.0853210298204119,-0.105669382403303,-0.015324846017682,-0.0421859254877892,0.030190683020824,0.172802330722495,-0.059045115400543,0.0528604651855901,0.0737252029097557,0.0511348037609019,-0.0306596746434005,-0.0844402519840088,0.243012621061909,-0.0101560164147008,-0.00229097001884091,0.251485773889396,-0.00802930335410731,-0.102450336105845,0.156421494470423,0.0283456903358718,0.0326158401009481,-0.168259353114895,0.10300402429951,0.11777004192091,-0.0589384349913052,-0.100377105346767,0.0655471812436265,0.13056007852782,0.188247270407692,-0.0616411530476194,0.0674640769010859,-0.126121775429142,0.139362736647712,-0.0591328778378071,0.147428410359931,0.137474535167842,-0.0715067020873107,-0.0105581492704675,-0.0573237165534526,0.191667505787385,0.0466163994942076,0.125197360387761,0.200336642880645,0.19727224910358,-0.127612151981326,0.0691542136997415,0.0785042845749963,0.0516680247701809,0.0709920435138458,0.0646326563791792,0.299940431303085,0.177444355812237,0.0618805503226066,0.107923376860615,-0.0221797579573987,-0.105587039949869,0.376290624324879,0.107525839490323,0.120138347313577,0.0697627482327057
-0.415233343711774,-0.486440455085756,-0.16714264637983,-0.242235466631678,-0.0610349604347737,0.00860534616353979,-0.39642113005686,-0.0391412468389853,-0.256797539168358,-0.19099158404013,-0.15070092183396,0.323705870486013,0.155529657919668,0.214073548506289,0.11495322836355,-0.329715372805641,0.332998926261919,0.202203646228278,0.374990340277414,0.343831298890972,0.267961903424906,-0.0334574285289968,0.0713197286116243,0.0424669002551739,0.509089186742835,0.344841475156008,0.361386214772183,0.526267423529391,-0.112882719324582,0.288842435780646,0.380262148580201,0.00914515519274368,0.00565308680849819,-0.0451082153114797,-0.700798986595561,-0.716913420555024,-0.684294058785733,-0.454620677810658,-0.300979644125947,-0.347701752929205,-0.339833707612831,-0.419024999222295,0.086008572672802,0.340683829349967,0.0856328259093471,0.272704411676649,-0.192070625516741,-0.338426444012196,-0.307799688630354,0.025773522575615,0.528480057948445,-0.0565569794877038,0.391527679029567,0.231617733340019,0.257245364399821,0.153686310947939,0.191146584267188,-0.35408141834225,-0.163512514865989,0.165332570032171,0.0123524422695419,-0.0174657491182523,0.12707899444654,-0.325283395761615,-0.0137525169282968,0.141184190166041,0.30683441882706,-0.103746846752404,-0.510462917006571,0.100852070659768,0.158140924352192,-0.0956969500943672,-0.137304300167216,0.31787319838664,0.627064299096277,-0.0127105159698008,0.653391835035049,0.836406687335749,0.837207540939033,-0.0101036781698002,0.0475696857953962,-0.0127483417196882,0.165126400921361,-0.0949510182750393,-0.800972217236285,0.0780831862091469,0.125342982695256,-0.119579204816996,-0.279805359599023,0.160169203391125,0.529557084531408,0.4068679688115,-0.396826376018105,-0.453938462544451,-0.283986218098748,-0.0898683685706625,0.129966530233204,-0.485362284474655,-0.218374822577498,-0.474112233443694,0.236420084918038,0.898540944294347,0.457261189987606,0.172686959360737,0.529155616369832,0.494796354029224,0.246757443461754,-0.193024709060917,0.0874888346622301,0.709399220066767,0.418381831680362,-0.0116234111284316,0.156948678431946,0.243438667116037,0.235090457039791,-0.518545147550665,0.0913475800622992,0.322392455634799,-0.161479730451905,0.477607494938997,0.168886379817117,0.0657710361553668,0.50370860728612,-0.150195425874966,0.282145350168742,0.676512385380979,0.340990569617477,0.503365045506922,0.143226939643286,-0.0079281903604599,0.450519104921768,0.193732236849733,0.252329375090417,0.17572286554198,0.0401384846995647,0.201088943462231,0.148064676625215,0.119368638643187,0.072493641370816,0.211690416258388,0.0665260665783942,0.278059831763936,-0.0751479556154695,0.196053349753649,0.6737369533173,0.954583877165282,0.938349664188625,0.595384122890241,0.170026771689318,0.28022600612682,0.75139462557377,0.506124686720138,0.544864824746223,0.16338494236397,0.0786756243398436,0.580913894235506,0.314342818576331,0.244953510133477,0.600561950809583,0.539638076194908,0.837426720948887,0.628899406711257,0.793242521152616,0.204242853148451,0.0321962542605754,-0.188091905217844,-0.293790998210937,0.088363202234304,-0.0128377932861128,0.682167387767042,0.769356292693303,0.706433288578154,0.939191687117592,0.494715475329058,0.148009544460591,0.162822255362048,0.232844027415408,0.349075710618522,0.252772765306218,0.210664630080119,0.54934426907603,0.692641871736247,0.880780042263169,0.598371512283591,0.455119855082127,0.941065693559385,0.676034962809767,0.260948443897762,0.507581008065927,0.0547199498932105,0.146548827186181,0.289702520277575,0.271726219755766,0.634595260650795,0.817941791201488,0.88206479453141,0.603896477890405,0.58425955417389,0.234386043313156,0.448716016188841,0.11182245622969,0.185926960131833,0.622018738616921,0.542297330257979,0.632034925708365,0.182676180217059,0.118782053585638,0.221357784726226,1.09419936689892,0.799329813860931,1.40172291841158,1.11046554245182,0.994280334480888,1.28743106206914,0.988082356235054,0.885031535513771,0.601454615548311,0.582729499384136,0.695013511772369,0.903981474681607,1.19224295893912,0.903357579594661,1.20533867957363,1.14606344990009,0.630101018367966,0.785707970290044,0.865813128984119,0.957196246914532,1.14291942232955,0.632460900781426,1.1680181556232,1.53737483871833,1.89828951787121,1.40176058427602,1.32566654385435,1.02353962644042,1.27531389904718,0.903782531398616,0.67306559799061,0.492356036479891,0.740361100519134,0.957669950029973,0.293620947994274,0.441364589207931,0.436293375005624,0.71594806722686,1.17603841566691,0.943144026486654,1.40483843720855,1.06748163923712,0.658851605384692,0.493023781345538,1.04860806935241,1.2297780238154,1.21731206068287,0.575457670207351,0.906760696561387,0.865866729579683,1.05983517917151,0.865441162718552,0.949594149430283,1.14417832811704,1.37944540652252,1.67599427168183,1.53281234157187,1.53499605600297,1.4254486830439,1.58140088145368,1.64161618617254,1.22381729753674,1.35110888286772,1.10437675022419,1.56192226235338,1.07592335806263,1.08216788250861,0.859374584214955,0.62044614015043,1.10634039561041,1.1065412165885,1.09349916864624,0.922976511768081,1.18749612607797,1.06179120956571,0.853466233414888,1.10933089107595,0.946727440707307,1.41181505136909,1.64891634608803,1.71594892534835,1.74119367098646,1.44740494613435,1.14197348281839,0.96788277230801,1.39138471477112,1.60465882527353,1.67164367426668,1.21913359021491,1.79131133285832,1.86458585803845,1.24531804008227,1.31270607450976,1.57128167489774,1.7787306607472,2.15147805645754,1.43167884248363,1.37888618086331,1.25772722562,1.33084604138179,1.33355053019234,1.29296844133209,1.94861335855236,2.07161015962998,2.13332333152088,2.00434091068758,1.50620676141437,1.85698359891703,1.90804845589567,1.54280817406747,1.75373252015146,2.17786868061416,1.74593954851846,1.52050577271901,1.28201684850477,1.35971683401832,1.55372020059803,1.29020283822088,0.829894587256147,1.61702172283976,1.72662934045603,2.01807985254724,1.55316556453447,1.51025518864252,1.42607689704735,2.10681387278655,2.00115756323321,2.06726223284252,1.56813230994012,1.67154600880883,1.54372716458633,1.84025192062117,1.49640975229453,1.84585321437181,1.35089444856039,1.41312117966356,1.42128749273723,1.87104282792183,1.91447775915436,1.81876543109703,1.92732302039365,1.63454985370046,2.06581932127467,1.89914190168972,1.77177263913663,1.39155520475139,1.408636722768,1.63035506212839,1.94685333822988,1.49742912681909,1.75349981478383,1.75720094225708,1.90247942568495,1.9775897248878,1.74335080027571,1.86881429230748,2.39795639334139,2.33348502969788,2.58894151736112,2.63073009799246,2.46164421763186,1.92977003090357,1.86990120564301,2.01700397464348,2.10498702488136,2.01652203803443,2.00036891694317,2.16235600234979,2.35070204320827,2.53978332245688,2.16224272428828,2.21711383549541,2.46536056943906,2.40160866157299,2.15483174344103,2.28288939361495
-0.175744370464347,-0.262246365882059,0.0148466387551021,-0.109681713477968,-0.0273517893014808,-0.0593111776975465,-0.240165009523128,0.121208022521973,-0.244562360070472,-0.120751934013993,-0.263782970564733,0.0387884630911906,-0.171990006938023,0.211691763175123,0.250721020717478,-0.0353244282474071,0.0891845469319029,0.102187607859809,0.236749448634498,0.376631405539216,0.0517474178349633,-0.0501203288922007,-0.0145781805780844,-0.0258543874598819,0.36856224580238,0.0257052135880711,0.109605364212854,0.12185934527545,-0.106131328825193,0.21204037972611,0.188126892285977,0.0623299402129659,-0.0532955368136929,-0.0548209609558258,-0.317976618105703,-0.156714121164965,-0.197722486884157,-0.147807479609514,-0.0332490086526034,-0.00785366384973304,-0.148265626440096,-0.263354813125703,-0.0210466636026177,0.148983049417728,0.0436245144384875,0.266999994841623,0.0256370205742832,-0.0880979598894194,-0.145196803190994,0.0772158706232244,0.199905712345863,-0.409715176540613,0.0685138050526198,0.162119045592127,0.0463318779699961,-0.142260160201709,0.159072845148687,-0.00225517927200414,0.143533549836025,0.0463715062198969,0.106354409296709,0.0560846733734783,-0.00213578193323331,-0.208891339953423,-0.0297042399615501,0.130143267149824,0.151497555824136,-0.266593938724051,-0.0992652932102686,0.0979041811986986,0.0460904906327165,-0.108424576556924,-0.103125886884014,0.171638126671601,0.364009819381083,0.0957605358078215,0.204485819352958,0.303435260428073,0.310425708130897,0.06991354093939,-0.131412315233909,-0.0303325452215085,-0.215727167122975,0.184765784001841,-0.40718119028056,-0.031254637176264,-0.00917937063952406,-0.122980723577455,0.0841581100403757,0.0404553659540716,0.00776213346414051,0.0797544245057433,-0.0981739040744696,-0.0736823068852141,-0.0316076004775288,-0.129044884966797,0.113150224548104,-0.149393894097387,0.115498995978459,-0.0556680303861912,0.0614171360272209,0.341063489887642,0.227406941419703,0.0848017680954319,0.351322773345418,0.267023483271649,0.171199946051286,-0.0342241885305004,-0.0247955621805777,0.201099155215171,0.192154272716057,0.0858387553477961,-0.132137756648478,0.125402568716058,0.0489275688162462,-0.180273259712959,0.185062999729134,0.0206058194191528,-0.0983713713617286,0.117663627376711,0.169272538591689,0.0106531433778289,0.2985663931984,-0.0231302416727856,0.208863361807419,0.398697689377231,0.29957010956198,0.309624939295532,0.0855421957608006,-0.122224667769158,0.199656874855406,0.119713676580254,0.151995798084967,-0.0755986897422019,0.0947709819723148,0.195974688980866,0.263052462141659,0.0371366222628915,0.07777695656697,0.0914849548593658,0.145246367027835,0.164264974850765,-0.0914960934335117,0.140304673902588,0.445123090976492,0.236495176078408,0.328260480627772,0.17565021900024,0.0641072889796948,0.126580023247434,0.0952825519056353,0.267093962192893,0.242526627074351,0.00514607436116766,0.293355810405653,0.189044629291082,0.209911036580585,0.0697684529582224,0.186107992008732,0.13414002078792,0.246011902395306,0.143551819944483,0.21822247009936,0.230399799933357,-0.195130613423738,-0.00183626602714455,0.104755524206985,-0.121631853145946,-0.0845380767620514,0.146827572175507,0.346214088883684,0.348342919243026,0.392845209182433,0.089155568559662,-0.0778539211112637,0.02556420341337,0.145357122320638,0.101858544164216,0.201926814577237,0.284131997115754,0.167073629894928,0.379572058466274,0.445420793251435,0.160875057039845,0.110315463605926,0.347675732112378,0.308484631336015,0.120038948050226,0.156341848298451,-0.0593092236200427,0.115334992375795,0.0465716617281895,0.185539367133826,0.283954969852261,0.526445964389246,0.378857399202392,0.303425548650575,0.218443979823475,0.127022488311117,-0.0061093953363294,0.0997125141705184,0.258619090029069,0.271009458872232,0.0903081660265085,0.257813136961992,0.027938266862199,-0.130906505868089,0.116442621409167,0.414512596878424,0.381821627192647,0.427529898106596,0.509774037345171,0.613160152422633,0.608936747660614,0.529991459502583,0.303792448952222,0.222528449603355,0.385704017775131,0.249439873954477,0.544142762547286,0.547620588615244,0.340643946265477,0.549787135781524,0.341142654443926,0.467854639784479,0.264885709187693,0.345458623118437,0.310555983009294,0.473063970913528,0.0874296383059695,0.482107465709465,0.700227110385178,0.793215459385136,0.685347600624778,0.498993536548831,0.578834204801388,0.429351774251648,0.159341170775109,0.251316042700261,0.190286618358483,0.551626980678227,0.449313094767616,0.122277189967616,0.0856922376697531,0.132988091847033,0.363896769018534,0.480807436659319,0.429977878588209,0.915251507423742,0.423898099841284,0.384430175937471,0.389761930868734,0.39591938488709,0.543698131313023,0.61419407625511,0.428822737954521,0.434483470206587,0.579805203544305,0.419053948492304,0.394637639895023,0.435513561133774,0.279540779225066,0.634409736841332,0.66239100607691,0.61822287266021,0.612767932244384,0.718305430231885,0.61127561139312,0.705049520441628,0.448169040426987,0.606166928620668,0.476078990919476,0.678339287226171,0.593975089838929,0.412654629568497,0.446513321136323,0.283682815201102,0.444161787071593,0.450977595506522,0.395858986353533,0.280403221933501,0.134419475065775,0.549700485932016,0.395536001992815,0.282739317153185,0.322755636017473,0.620280211333806,0.85758689319725,0.805330053295516,0.7944726136503,0.539474517976875,0.492840383801862,0.38008163247668,0.614742306491655,0.783621131844164,0.803503242646285,0.439169082103034,0.902029715747366,0.945116055012389,0.501355697500898,0.666478864184794,0.671210374068995,0.689159470859024,1.15287931232791,0.566243061026982,0.780849833462898,0.448239495555624,0.704678266920518,0.436505486243097,0.664848790820123,0.895224537006162,0.822363427926524,0.830063974380499,0.869524702918311,0.528938405250727,0.642187530970926,0.852026282864647,0.804773556849616,0.909515284667769,0.942468102106115,0.652487973578925,0.860212401350585,0.546987380922946,0.519495300637239,0.692975057346117,0.594830231368799,0.264154237620513,0.457522988617865,0.859159143492361,0.866387124615991,0.634317377131412,0.508845240192461,0.50416891105355,0.732016425247283,0.876369787263155,0.914156395193933,0.754872031062608,0.817238090830684,0.606500806810337,0.754158989673292,0.741474417564274,0.77113385818076,0.590219267159792,0.533992613924195,0.444886962070453,0.933859881046243,0.687285234185911,0.928261514307905,0.959219025156956,0.566423910555301,0.686177889769855,0.737320026810316,0.653017115233445,0.523922266627216,0.68977005486286,0.825509466918522,0.865221069210081,0.751222358362418,0.772720866501245,0.707853472081151,0.880321857431086,0.768672558620743,0.87482607008677,0.903277001242803,1.0268416139924,0.907642481565685,1.46107024669281,1.16682623043938,1.03230348848094,0.831886254581114,0.799862945746005,0.719081233261156,0.706674110910949,0.809200175306222,1.16512479696676,1.16556354971294,0.97784947100073,1.20036398718477,0.983175924172729,0.940182587671254,1.06070174254128,0.973302481830767,0.842109255756905,0.974679283848309
-0.546211120605851,-0.807041273570184,-0.21772033142697,-0.116976140455847,0.00941971539625353,0.119984735980126,-0.756644136671093,-0.034578196497198,-0.302927093081375,-0.310084918637288,-0.297054173457924,0.393114958202177,0.395962790589071,0.0621405581579585,0.687878901822501,-0.704173001883353,0.282102554614314,0.717439668054672,0.552882210027751,0.8605780714018,0.541748888153715,0.164764516562517,0.0325440932757535,0.011496013149494,1.22171628463041,0.256639586424174,0.871557676323294,1.14226099173042,-0.223587464285578,0.133512232519903,0.429427725932279,0.0159748123702641,-0.27426171973712,-0.41477445066553,-1.3060572968917,-1.36515158838968,-1.28517382401036,-1.3081656455378,-0.50848541324964,-0.788719787181106,-0.324237534845163,-0.923553662726846,-0.0585589458646206,0.282265082354513,-0.00343334454976577,0.413456059191557,-0.341952753425457,-0.494047868211826,-0.38610259507668,0.0735557261605902,0.592156457025099,-0.189126304975575,0.811121833473247,0.606773191960741,0.430170503751961,-0.0127521433246006,0.423095946103421,-0.816375848860078,-0.615890289398795,0.145911664090961,0.167016106322887,-0.17271468072294,0.2399439761624,-0.764013997496879,-0.0884913354482638,0.515748419181954,0.669495768152333,-0.264880519319929,-0.813922759822859,0.504657000736387,0.0940916024875844,-0.516668330765766,-0.294455320441999,0.456677772294507,1.13480882670141,0.238255083275296,1.06318415982084,1.23387644497913,1.47874945622403,0.362855051856525,0.0225395035671527,-0.235448700877151,0.123827700430746,-0.161184865516662,-1.21611342382408,0.0595783380226216,0.188490991363721,-0.283455844310362,-0.505580566015786,0.158451270694621,0.797951294677496,0.703345290647439,-0.674418559642064,-0.939897329161999,-0.582880799938734,-0.0316511035102476,0.170022145294157,-0.517624141842778,-0.0390791420890776,-0.798017634693863,0.642946039354928,1.74850209205631,1.0307872277639,0.422963619307861,0.928294216308895,1.11359175157623,0.496713234349606,-0.288653721740848,0.173607028399237,0.932727717756435,0.641232278706538,-0.0330753844479909,-0.164044785455833,0.553079830134435,0.617251925358851,-0.614418332429723,0.334598528617851,0.621742652356382,-0.563721861398105,0.736284964207855,0.367713005275791,0.0603769700676187,0.90061125011817,-0.191613891022501,0.462852673172068,0.945065480572704,0.673441186706071,0.949749167596122,0.0782565527688557,0.0307609449837109,0.864555697940638,0.445481957639842,0.469490408313573,0.318170543680203,0.0463501835693923,0.189829459826969,0.509342964354678,0.142885334331076,0.0435288419351086,0.288060530377685,0.239938499041292,0.710265815109026,-0.0877463459333623,0.527971787337228,1.564025175276,1.86682081272046,1.89141599608157,1.39751675456192,0.439095580442337,0.690311373586862,1.34119371003524,1.30778235873027,1.20063784621536,0.099944176037589,0.122723070320729,1.42579955760211,0.677077033101002,0.661211309536188,1.29373888709108,1.03445532877669,1.33454494529906,1.49482621261253,1.87566141502978,0.554943103022418,0.0457410138172527,-0.426489881985196,-0.280901647561831,-0.196651988086547,0.500574477093176,1.43655989527235,1.50043250896715,1.3470235551237,1.79408474001898,0.854306603759092,0.401910361006265,0.234314633545476,0.269109750894914,0.861680358764337,0.643157422157265,0.705881914531823,0.84704844321118,1.52474701845175,1.91210145385796,1.22438815253764,0.985854114259611,1.81515852673822,1.3526176591119,0.701202199492452,1.08737604708118,0.267556166342104,0.511817343993067,0.731222640684855,0.601854848120443,1.19517071986039,1.5811161789481,1.67946225555825,1.49072655066061,1.24609521919802,0.456053975077851,0.498904837355073,0.633681551719884,1.07897277940673,1.36080816674611,0.832632255062022,0.999580560572889,0.281841945168444,0.433373640309726,0.324789666298122,2.03891182134946,1.43676703250734,2.63104111488471,2.30217959958268,2.08899622036575,2.47442371821354,2.05713357349501,1.48345052192916,0.884157608085936,1.28488121077618,1.36771715874064,2.34199318493186,1.9649780365652,2.00732330744811,2.26632021454614,2.13170713255034,1.44252356841997,1.36082786558281,1.99506255875901,1.4508991081967,2.54468584363089,1.04233191287626,1.91917245343674,2.9317372252638,3.6543144730818,3.14903459628134,2.75879050404935,2.579136708666,2.71991880012073,1.91568300007223,1.77647271640785,1.1919203509057,1.65433860943577,2.30194089116276,0.869758222872935,0.984669840848133,0.746986702002168,1.7125095871525,2.46938006379781,1.97684913753486,3.16276291979695,2.01756144157136,1.58120964316108,1.38892658539348,2.31430629477076,2.51511988381334,2.56746918908336,1.30258235322273,1.82698049479623,1.92155374714941,2.01272008302717,1.75122099433964,1.7993337810074,2.12219034003231,2.85775493820667,3.39301112719488,3.13056003972224,2.88977563617103,2.87329556552111,3.42024636817969,3.10729485166318,2.22266731279706,3.24009663189027,2.40410927378073,2.88076958009892,2.00220870963012,2.20524951192639,1.83643498951827,1.55668317981677,2.36916888824946,2.1126041984206,1.75606807025549,1.60925264853096,2.42346274078009,1.95926309701221,1.86088850550928,1.88022451778773,1.92527232426252,2.83805206390795,3.26495310942988,3.83905297058742,3.57814816207181,2.85203652807101,2.11151422116891,2.06532275398626,2.70351569869066,3.52746360064115,3.65988609133603,2.22295315075874,3.57541773354757,3.84623556383904,2.82071927651932,2.60375176799776,3.17423566123864,3.80399887926387,4.89519082182753,3.13920081232924,2.61029670359413,2.42036179081445,3.13457017228277,2.73885883285783,2.35432372837722,4.16172691839757,4.13030901149124,4.23589073256245,4.09822741796274,3.07960980219972,3.94657134733532,3.90888287855767,3.14063442159421,3.17826090902275,4.10979751229923,3.6874667804109,3.0845005792027,2.84727678828822,2.45476434383329,3.1997770879178,3.08819320339769,1.90887625556177,2.98523911841929,3.87549160313513,3.92811328152974,3.71538018279278,2.95278763053503,3.13627821461025,4.17771993486021,3.83364294171817,4.40043709021663,3.20389426535279,3.52589534935763,3.24813410462749,3.85291424222075,2.61687238105341,3.82238066486928,2.88863420734347,2.61920662675061,2.74699968267897,4.04792736265314,3.64153102743503,3.81900989016885,4.10071094904545,3.63487247746211,4.21160372555274,3.8092945112311,3.56137149687654,2.85106588029053,2.79872872750693,3.64954327401129,3.93759476786611,3.27396036172873,3.40208850448088,3.24667001926825,4.07343886426019,4.03319038335131,3.53825737838059,3.61523609876754,5.10421135790554,5.02889404166308,5.67303642237292,5.52598313745773,5.15569441789149,3.92151388606497,3.88119607130362,4.08333062580196,4.14457382808105,4.12895702132007,4.26257146701314,4.36496558480164,4.76426414311848,5.28346652774346,4.65951451873361,4.62565670299058,4.79063769639732,4.68974103262396,4.43210123974493,4.72621655298731
0.430658420161799,0.504922389409773,0.265106354566946,0.0784761261341727,0.0648288932002912,0.0489562977773021,0.350348631307881,0.113426119107069,0.151065287239995,0.136325603124793,0.157335656240456,-0.31200404424028,-0.176840916863757,0.0809916520239826,-0.401300620077931,0.290392996147851,-0.103320846459979,-0.475080942418339,-0.279692610939368,-0.570248486551521,-0.329288924491314,-0.0585022835497323,-0.0540488389434207,-0.0272937068926576,-0.749185657036,-0.224277028786902,-0.435752089360765,-0.668031727253991,0.121685530973478,-0.173938429466023,-0.244862242874167,0.067370169081609,0.178609396592713,0.394010022408013,0.537551855207521,0.878122231235113,0.848146547551665,0.644610328812385,0.275166620084474,0.493649346467687,0.261594562601849,0.595529145498942,0.0338242778205508,-0.346923790700619,-0.132772411704729,-0.32356473400592,0.161172750565892,0.244921422814977,0.248445178725656,-0.194845937635975,-0.394900111117439,0.183212263710712,-0.354857679948837,-0.228065295242092,-0.152770667975177,-0.210444480257684,-0.281275748090808,0.45066455578751,0.366394930126676,0.0606883734773469,-0.156059721958551,0.248856560338747,-0.0797763467971117,0.262630527627145,0.0913069427876131,-0.348895181991689,-0.412328449252671,-0.0118898227536767,0.579764953782471,-0.239214137636577,-0.0389215674358946,0.356596855306546,0.0248162262390627,-0.354499551009018,-0.721532642689197,-0.271808339688231,-0.835427655138416,-0.775240445247668,-0.907474971773637,-0.0849809299228171,-0.0155161605608122,0.0553954348231386,-0.294723375142329,0.172906168233767,0.655487346545076,0.144224780631549,0.0268902015488814,-0.0844046724402333,0.298108038453972,-0.16150324843157,-0.492672970950153,-0.25625843692422,0.320767290738364,0.373070282344798,0.253256613054411,-0.0135659416331389,-0.254275573059252,0.527088644584388,0.0525394329852596,0.437928462608435,-0.144939320146273,-0.924766152747677,-0.635525138949924,-0.416224441496715,-0.653063169990338,-0.588615215756722,-0.40626542597609,0.178705465487761,-0.0894976223431387,-0.420832718070186,-0.497932998532787,0.154611666884627,-0.0566593106056556,-0.240548939357575,-0.0388250137952829,0.492045999379766,-0.127883568601286,-0.496855747740554,-0.0149859154976407,-0.481602142608731,-0.378290854661524,0.0445695007360743,-0.433832959413418,0.0666756662607594,-0.0703982074001689,-0.540185068665458,-0.281429702087667,-0.545981457462619,-0.22401537769282,0.038684967232787,-0.552597225857899,-0.242122451853293,-0.318477724304968,-0.205024549709332,0.245736314265288,-0.31973512164409,-0.2422235251708,-0.0245326419581516,-0.0146503708524072,-0.159050012166762,-0.10135857626676,-0.243469703785132,-0.111225484818937,-0.0906747737688044,-0.796650526096156,-1.08631379917814,-0.900055291565809,-0.569806832258993,-0.159375469044114,-0.502701979072594,-0.891138164209953,-0.66763811112564,-0.603046643051072,-0.0471503630419054,-0.0281929977915523,-0.581436102881017,-0.410418957833166,-0.394034160488869,-0.788945534238271,-0.714391886732629,-0.670653047344427,-0.823914376484858,-1.04334871616757,-0.243243158093216,-0.0816796574236218,0.320758103974876,0.300477863522089,0.315700731960731,-0.331383674135758,-0.765462575916157,-0.750387386349129,-0.615908661237616,-0.767030474998962,-0.370510673380956,-0.302993648341236,-0.0945954598372674,0.00622565160477482,-0.63028902345691,-0.354259685160796,-0.540593222881843,-0.81834432478884,-0.810299717649352,-1.05885195742876,-0.708266030239524,-0.730390003289353,-1.14573112597817,-0.849435154715093,-0.437438467382579,-0.629151632485071,-0.13482407439066,-0.12487539883254,-0.492063346882162,-0.591060971855417,-0.537647507590987,-1.13064903394448,-0.991940081298775,-0.921006501067778,-0.776962316609978,-0.0380718249592559,-0.384886004343095,-0.396228123769369,-0.70745438888923,-0.777312324474002,-0.465105727214878,-0.672561954568577,-0.168284892427037,-0.284328897603947,-0.245299584006722,-1.19015794394616,-0.72223854359932,-1.65597823817958,-1.3431619073266,-1.11273200550503,-1.56618820989281,-1.11918788243909,-1.05165960722358,-0.583543954601048,-0.818643152562064,-0.686572842194729,-1.36418576067862,-1.2907639702458,-1.04324304790072,-1.39711901696946,-1.3162484462553,-0.732202822542635,-0.659278768323159,-1.19780676533837,-0.933338315433864,-1.49612115684888,-0.722221922659896,-1.1382527739724,-1.72805298343203,-1.93190613220165,-1.66660021722078,-1.53407685871588,-1.2674628794369,-1.77509328013726,-1.18559378896977,-0.761251841736934,-0.687437939587835,-0.992764389723811,-1.02641030788615,-0.304000911882214,-0.180516966369156,-0.361788690544372,-1.1424433137933,-1.08438995993559,-1.32647349787197,-1.68179606694809,-1.07297197230977,-0.751825503141489,-0.589443015934935,-1.29039600881566,-1.33077057720986,-1.27421377814658,-0.627409962550656,-1.10677516357337,-1.0723446319077,-0.993050334088466,-1.19234494339356,-1.22393003879359,-1.10330807016964,-1.58134378702392,-2.09635713289075,-1.77359666493354,-1.65073561950834,-1.58731855603317,-1.81253222666678,-1.86093755048924,-1.37978201168155,-1.85379796905772,-1.47193163198245,-1.66342781126332,-1.30094739866528,-1.20116670666431,-1.03569752744683,-0.957948068437799,-1.45569570048875,-1.16147975630904,-1.04410013715464,-1.00676245968993,-1.43233388159921,-1.12960223378922,-0.977911314845773,-1.10725348498018,-1.0614581854133,-1.20713444837773,-1.67573764313421,-2.05617468862531,-2.11583195576129,-1.58236616958677,-0.945698336900156,-1.25632203376636,-1.44678968587466,-2.06454079832525,-2.08370464885953,-1.23899097164516,-2.28831858015284,-2.12724894297422,-1.55317529264132,-1.48734617805012,-2.11422087402969,-2.17044668046927,-2.82686125495428,-1.89278137830528,-1.72080167504592,-1.4004605208886,-1.95193191233011,-1.46298065970149,-1.53897476893793,-2.34966432879888,-2.38080269007683,-2.48483754495427,-2.35540663568123,-1.87183557560584,-2.4359590692967,-2.26342829914246,-1.79747329716156,-1.94404192795542,-2.35162708498364,-1.93393705820256,-1.80494770810135,-1.44716541300171,-1.49818769108925,-1.86003603067324,-1.6925522969685,-0.912321728014809,-1.82732808262008,-2.34395759619358,-2.2050631716394,-2.12427350643061,-1.55260085635641,-1.82071356141731,-2.32778225819005,-2.16713430796775,-2.37947026328169,-1.98220773900604,-1.88914251426043,-1.97571247458569,-2.50814205850047,-1.5806956185551,-2.12884157159916,-1.5876949502517,-1.5511704761845,-1.62704072011695,-2.1138909434996,-2.15272294083629,-2.10453472501884,-2.36595654226706,-1.93947390632054,-2.47808952160356,-2.13746955547519,-2.34763087527844,-1.64224954288662,-1.72056490012543,-2.22075504724631,-2.27202606204844,-1.90099635081576,-1.94733188229232,-2.13225056331339,-2.41110143645011,-2.53436971917632,-2.00905397917124,-2.03102226703066,-2.97820137992521,-2.69822966731951,-3.16996385123017,-3.11261541818762,-3.14226748562036,-2.34816702536255,-2.24440317132121,-2.17025093059768,-2.23837623992134,-2.47144447890043,-2.58259069705326,-2.56798418292426,-2.70868137011256,-3.07624615734567,-2.37722105269816,-2.40324887477584,-2.67855429172755,-2.70226195276496,-2.49656361759016,-2.80217516897785
-0.455551723842898,-0.803988551766182,-0.372337760726247,0.0626287884903854,-0.149288476166024,0.125701709466929,-0.599614785276509,-0.0731959083464866,-0.350032950600485,-0.27134667559047,-0.462056931933993,0.358583920233722,0.272680172564666,0.1125317870147,0.577179212761143,-0.404942423681946,0.370112110095665,0.494660259388817,0.331956019525887,0.54212760131455,0.391468133437209,-0.052233731290518,-0.11361072611149,0.19386213153233,0.805786513506024,0.196793958529807,0.456091768415661,0.882525988597155,-0.145082376960955,0.268997685891311,0.524314519116898,0.148155031145504,-0.2749772494372,-0.169987484288736,-0.962689236052774,-1.16247552886258,-1.01166933267433,-0.835558111668473,-0.453559446713753,-0.583101186067765,-0.34645579699007,-0.607324901748481,0.112155380715744,0.457068693736328,0.0789538016629903,0.403454280459154,-0.347382092455119,-0.370527943223175,-0.325096785891275,0.245735694992336,0.420268351614948,-0.218187411856528,0.447087396795508,0.518657560572257,0.0827053004730133,0.105540738329962,0.333493640636712,-0.552434566901509,-0.591689305869907,0.14955253534448,0.286754026710398,-0.111507003622262,0.250509080123478,-0.460371191969809,-0.152401815428543,0.352457096141333,0.529489398466591,-0.0742500572820471,-0.542000035390398,0.292423336507314,0.111318757116689,-0.313198366950066,-0.0595344983909503,0.283945431992072,0.77853359565325,0.427419007305938,0.761589395568562,1.09271876447941,1.37388399957995,0.198995760354758,0.187721270188666,-0.0721201241572038,-0.0409289478736629,0.0585188763028245,-0.987748149382254,0.0365894365561952,0.309423295587668,-0.144821674402134,-0.397002093021781,0.15103135376351,0.715869423680645,0.503882513149281,-0.547264444463359,-0.786128160543104,-0.486099300748408,0.051184170977614,0.159378185377733,-0.588841654411004,-0.122875210398409,-0.521713666304559,0.399643412026534,1.49095658290103,0.973991423578768,0.489902727295313,0.616343806406633,0.883309088007175,0.34190488472109,-0.130312604834412,0.140983040790343,0.875841641639726,0.363404805480208,-0.00762184230004543,0.20941666779363,0.336993057182096,-0.0366791490996843,-0.589511766490953,0.337275402237878,0.718984658322883,-0.369745916496691,0.309717735693737,0.283698084740764,-0.0145850827713652,0.932850305926565,-0.00319152188021105,0.359129779162546,0.921835989013359,0.539898347762359,0.74196942029173,0.36249559034428,-0.0276674973534366,0.653096268035964,0.257149844226782,0.368300224236247,0.541805557850106,-0.038671999027047,0.117037137858384,0.320520473781189,0.0934726421355471,0.176310721177369,0.0919093889404798,0.156795717034147,0.505852529689879,-0.017470008527323,0.413989136877691,1.08809982023737,1.50168821591638,1.28927084501151,0.915238769918445,0.292614920765781,0.379676195603259,0.924004868546977,0.957152604176066,0.804360833963032,0.169520546136099,0.115060138978415,0.868365342792456,0.612154093715239,0.307009953175745,0.94647001546439,0.920664260313889,1.07081610919262,0.886760731896036,1.23456503393557,0.248434252748459,0.00149419387195403,-0.0939391536273732,-0.225450135422292,-0.214987962856713,0.326488780826626,1.0149907260939,1.11559058911004,0.959140031110746,1.35353565802959,0.642512343179217,0.476743513118631,0.230572736344711,0.118981089807714,0.541130883636966,0.679174344524483,0.550689914903575,0.620317527885097,1.04309377944183,1.42710141703302,1.03325828735313,0.993544012590606,1.16451280142231,1.09744972630318,0.465879595641105,0.878542523530462,0.355771628509314,0.181220156206643,0.512830045331653,0.491616146265713,0.884496609154309,1.15599865540072,1.41234379185547,1.190052898255,0.825004072175251,0.162570426581362,0.515622433226398,0.408745625884614,0.825571539245926,1.18758796962837,0.738434605134332,0.998302627259491,0.136247040776385,0.204396167646447,0.151864166675258,1.44029144810564,1.16893983469274,2.08612439252223,1.74162618483705,1.51254532042183,2.07574355316858,1.61028816972748,1.22879571721465,0.628190517688604,1.12345144421574,0.798493501641593,1.53354959177076,1.7155940146546,1.69894309567483,1.8117703975319,1.66272893360885,0.854191538797602,1.02368122177813,1.53542761174469,1.30190637950343,2.08234711339528,0.860241690012266,1.56133031660666,2.11148162594938,2.74093574971235,2.27487716108591,2.15789042116097,1.78214738295619,2.10275251218462,1.72707115335313,1.1607534492214,0.929756599533027,1.11204734442876,1.5521942364473,0.523336606333297,1.01174431104657,0.534847625170612,1.15779969075897,1.73751433510833,1.53686568179261,2.70136603075837,1.70838806422394,1.2265222752427,1.02737361535664,1.70797990166132,1.77096736492945,1.67692008135386,0.96743192025784,1.30222588245361,1.50065886658527,1.58562373036566,1.4245853609811,1.33325733441589,1.59475232169593,2.12108692629761,2.47150335305991,2.32809566333429,2.11728500521889,2.22960309057888,2.2594998136416,2.17118826552384,1.68948255253513,2.29027971540605,1.99200911483201,2.337801277463,1.53642283941484,1.57637362952079,1.51982802512476,1.03127963001341,1.93808704560039,1.60505806196672,1.6182682257418,1.36280763472963,1.74495010915133,1.41972894729466,1.34674175179796,1.48812914287918,1.42367495281816,2.06188647966045,2.32614973297146,2.98943941317954,2.76562225252925,2.21536109124941,1.55590442801784,1.46170514067454,1.85806808047006,2.56843438468476,2.79153996001479,1.88507972051784,2.95580956346805,2.97968911111312,2.03259660175972,2.06383540306844,2.42753944837961,2.77192155212919,3.53014807765605,2.28037277708,1.96615634141355,1.73065728283603,2.34379184156788,1.73578205971451,1.94714377836767,3.01350084530426,3.13298578628695,3.24982944778355,3.36119680540649,2.22548793429805,2.92866754110897,2.83817035551631,2.33300120713819,2.58850333039062,2.99852709061795,2.79792019121898,2.37212347430826,2.13095988643854,1.79604634266972,2.20555431023653,2.32147710615183,1.57094096999157,2.38932507295255,2.98305848066282,2.98363285393183,2.67679324446808,2.16952536578031,2.67836764707033,2.96207256074496,2.93628671338226,3.32970095099554,2.38021343107572,2.53903683686626,2.46022770793593,2.92621401325209,1.93224730526022,2.84408039493043,2.2733892269566,2.08965095237974,1.96226041593187,3.07348186010071,2.64044308226772,2.83232331054725,3.11985051032516,2.75354568513763,3.31897314856357,2.90593021632319,2.57663033796017,2.17655513133633,2.33021060734213,2.78516890570391,2.94108611244056,2.6119213937455,2.71245745378731,2.45922603464877,3.01397779360171,3.09723857715956,2.99186740240161,2.7507473937359,3.76192551658209,3.92247622347041,4.33203261169791,4.13870861348624,3.65547988922861,2.94196190369554,3.03520048313546,2.97649445893952,3.33230917242996,3.36042867626691,3.26736148852126,3.15845622076237,3.82336653987616,3.92984995717403,3.46991666711331,3.27555280114141,3.63560973696631,3.64916387133158,3.42694340306258,3.60163127240106
-0.726007261416026,-0.749784276584066,-0.254508350981843,0.0986815071373246,-0.000284601405475829,0.0887493075558432,-0.872198581149235,-0.0403037800807945,-0.398847377651869,-0.256858635628151,-0.312180179287484,0.52811118544547,0.284072470255716,-0.00164445437925684,0.62130538433761,-0.582346126293847,0.285180703561172,0.538769473388525,0.652840366138695,0.986000841549813,0.730554578175997,0.078518242143404,-0.228365447248771,0.235629311671663,1.04989557884285,0.134716070674611,0.614739997252573,0.896850965833937,-0.033715685960227,0.427420147512221,0.345550740153735,0.174616346203615,-0.324228493405062,-0.384671965404657,-1.15733491598546,-1.44020539905532,-1.00385928357914,-1.16431179040218,-0.469171000227565,-0.645765685636862,-0.525842185218769,-1.01106094945929,-0.0608716807347504,0.365680237712749,0.0561294538245194,0.382696917704635,-0.306473457410977,-0.545107557473391,-0.238762577799227,0.0819447542086717,0.550133083735352,-0.443964656623929,0.568819440598025,0.588072308764689,0.252290982079165,-0.0571313384717106,0.429359804268739,-0.582858143611033,-0.533414441179589,0.0551982909657572,0.225180983804234,-0.300748984247734,0.151390733708217,-0.604078961749484,-0.29389792223137,0.42523057330641,0.667910087920571,-0.184973779851752,-0.729362834687575,0.511067914868919,0.221004740528259,-0.24589034822118,-0.263889831541572,0.400436563959551,1.14858653039032,0.331845523350895,1.20021815566427,1.31625824700708,1.56106602470969,0.261938161771357,-0.148857106228427,-0.143204737752535,0.0663907452297377,-0.203414369688584,-1.07075000936948,-0.0609048706708261,0.173151364952234,-0.199260415266947,-0.727562928409376,0.112060423666288,0.940070625621798,0.43720499623958,-0.549388306123957,-0.73816607405245,-0.465893943825613,-0.0874608372885984,0.065762072517342,-0.689767967607522,0.0342146183381085,-0.647329061636914,0.771458001158612,1.66446156634853,0.951658858912066,0.452332593301701,0.690500347622484,1.13201813640592,0.683246544165137,-0.428411394934936,0.0671572830435568,0.987475720665814,0.727450673285125,-0.117474294662059,-0.0129525352031573,0.409958839755655,0.28165868338077,-0.703308910588577,0.331333361983243,0.703759953116129,-0.388242448280631,0.53373565116452,0.268171945610107,0.162967267869164,0.869253343896745,-0.221491207546342,0.464860383150278,1.15990066236911,0.78292472905086,0.868731771057009,0.328688746326169,-0.165799451581095,0.772449242524494,0.358720089836773,0.449360163287026,0.407620699473724,-0.0490035975137682,0.130052547735013,0.47309302742867,0.181598364824996,0.206815581940758,0.292799821286068,0.151783589784627,0.472138648939586,-0.131154632111049,0.433492999660969,1.30496539791498,1.59161172451766,1.71516716137104,1.0949202876548,0.553680048377812,0.560023775768056,1.24122137669176,1.08225311062303,1.04968451986451,0.131427666233633,0.227477897614168,1.05708195811872,0.501374661744695,0.634104234037849,1.25539770341779,1.12675357114819,1.43147567419505,1.37997867757687,1.6561526775593,0.595503629292313,0.0322714667236417,-0.383612002025697,-0.0187808519059387,-0.239739333315496,0.361314812131477,1.11042752900434,1.35958777129833,1.27102761709882,1.58418321353915,0.735596000782557,0.500016132256461,0.340116896579337,0.0413539360857261,0.805418549479364,0.779063304324208,0.644897768653107,0.895881575921641,1.33445729048093,1.68471463796226,0.979611447355029,1.18201446233826,1.60339548169851,1.37488692954538,0.481905408817366,1.09264750995643,0.113186825063506,0.385600975041693,0.753531281167839,0.427381527838348,1.17154318583278,1.48629901880092,1.64044941309264,1.47598591519971,1.20487515874619,0.393192588658688,0.583779862733779,0.667093283181787,1.05332999373288,1.21778988424003,1.06348121515175,1.30166872730974,0.517471455278423,0.198227971331757,0.459869143386501,1.97697778888807,1.4609977816533,2.49313308326569,2.30433046968144,1.701774482874,2.38818362138964,1.90410243606587,1.46328946814092,0.797958783504282,1.33381910351889,1.31458357639482,2.06257836304431,2.07018295293542,1.73432890406511,2.12633817588233,1.91030658023753,1.37352047939533,1.27898551285713,1.73634446010326,1.65466863971003,2.35654765555585,1.05862540123145,1.80222792971542,2.66039741113086,3.3299851509721,2.90685639942041,2.63531142103292,2.30923346395668,2.34268288717103,1.71522710526096,1.48204055633676,1.20317320657852,1.56629775111912,1.8941238656907,0.730628937341996,0.943907946119618,0.765839295250891,1.38343452240252,2.13909863332045,1.87033324631063,2.94784232681047,1.87996164632737,1.45143939225722,1.30033951031226,2.12424159958048,2.21957545880141,2.40150772220455,1.29297632188931,1.87602085144168,1.90467259935501,1.89599402225143,1.42814650111173,1.65002511286849,2.03914873633334,2.52905349821635,3.07748677315535,3.0523896960306,2.73357708834546,2.67670641816315,2.91294073318959,2.93369453283719,2.12117807432689,2.66891512983821,2.28400886210848,2.82299247466249,1.99715176422299,1.95679540068476,1.73844146243196,1.36659250590156,2.12034639030076,2.05962693462459,1.58293638731247,1.76660678501299,2.1780334361646,1.99752609595578,1.76583203842607,1.79904421615743,1.69429015611979,2.57719970715235,2.82521946873062,3.65330170711796,3.35160480990281,2.45658232951247,2.07268216180351,1.89906994611471,2.45501006839999,3.244373779103,3.53092237908688,2.21260656758504,3.48147526218903,3.573583702604,2.44849219916248,2.46498462905045,2.81646786641597,3.52673733687059,4.27392379101499,3.01042421787849,2.62176697811239,2.36837070328294,2.91169702662113,2.45384904132327,2.39978140332858,3.64403742641987,3.92281708279889,3.91349497691371,3.91733065664594,2.85115251202888,3.57504896835806,3.6529402772314,3.00977656091155,3.13861535775418,3.63417043993971,3.51109953294473,2.82318949729218,2.45430331118111,2.46270924499842,3.08876248056349,2.69499167109779,2.0096941632252,2.81442951841203,3.57541402753944,3.48047078910671,3.45229821400188,2.65361375323586,3.014670866437,3.72450980132943,3.53707533995672,4.22382590755728,3.01814988052371,3.23989782939078,3.05083146263288,3.51690942736023,2.44179031224171,3.52722771796518,2.81244895407549,2.46527292178698,2.53197424210798,3.68325685723338,3.63199528927245,3.6178699827153,3.68393955810595,3.21259916624623,4.02646924143667,3.48301345211647,3.26205466542342,2.36912414529888,2.64875404241115,3.43373760130722,3.60257768877924,3.10701623027461,3.14067609416463,3.12023078795692,3.7631418413157,4.07163309262194,3.44848074856817,3.42822452479373,4.68515668037255,4.68248431356323,5.43154154682337,5.03065627645228,4.70538857780669,3.78772785520143,3.73634745406642,3.76793077848996,3.74464984840938,3.86141491535207,3.98952073029518,4.13760178557227,4.69279773080836,4.84084629892437,4.25691444394445,4.22562158013682,4.40810958876411,4.61187929735549,4.2210642071426,4.67001998401153
0.0676461794481897,0.21185719609715,-0.0879698694180063,-0.0647905538088427,-0.0409458677762497,0.102252398939882,-0.0238288102090722,0.0273820330284505,0.110211844960553,-0.0670870871384673,0.0181083691568511,-0.0762715459528584,0.0552426633356311,0.0653000472548551,0.00501738603942791,0.0686006602123052,-0.0270125446006172,-0.14803143746683,-0.0130135212285506,0.0553248975724019,-0.0567837355623769,0.00610724164605985,0.0571865463671672,0.158373312729403,-0.0848438812510765,0.0127159558947039,0.19180757051683,-0.0983133448457098,0.0683625038043978,-0.0853332617257109,0.0173784136309318,-0.109551323038379,0.0181348307570102,-0.198251825888422,0.143309849889692,-0.109389826380519,-0.0788429651034584,-0.179374845857442,0.0779038246633829,-0.0602800623060485,0.0130546829949653,0.0739070272925703,0.0592653290212027,0.0136005069837749,-0.0147102217717228,0.100355869286656,0.00740255845317037,0.0340014104996395,0.00933090214441431,0.0838355134484394,0.0678510871560158,0.0539174755260189,0.0474801285143696,-0.0562255966663045,-0.0639389680294589,0.0146461930046682,-0.00775339550256008,0.0135472238801544,-0.0807991905334812,-0.0187391043498761,0.153196875877013,0.0907020501800086,-0.0486803244928152,-0.164029688578522,-0.103998460797162,-0.156082977494946,0.0100727240742625,0.0275856585243559,-0.0338679680389001,0.0668124559446742,-0.11000102295158,0.0647319067165005,0.0154879107028143,-0.0119720456391493,-0.135275506007982,-0.0428840629560212,0.165796636758251,0.0542037883363482,0.0674000489973936,-0.0107021984725198,-0.0998804936349565,0.09743012494007,0.11207558121448,0.0124039485578592,0.0356202944504399,-0.0855608216845724,0.0990978968711722,0.129600435191978,0.00133914655962838,0.139605143958068,0.0440731220183764,0.0693084680086248,-0.0575542416973279,-0.197873047586007,-0.114580415727487,-0.181973806225413,0.0375447036598488,-0.0319631170370911,0.0353004531187069,0.12963449130002,0.071297919288665,-6.25553802563582e-05,0.0347519682222,0.0664841122720905,0.0573374362496371,0.122123327801165,-0.0898197573803006,0.1011778422308,-0.0332522881297408,0.188944575413721,0.0709140868275879,-0.0154725648890167,0.0102485450221084,-0.0560535002820598,-0.233024696341418,-0.115765475832213,-0.0850384127344714,-0.00770485612094763,-0.273385652419703,-0.142265065052229,0.144631489129385,-0.133233822339952,0.0451956063454269,-0.204520013919336,-0.0650011277951612,-0.0938709073371554,-0.13340926700777,-0.156629434105009,0.135349219061439,0.104881759752898,-0.0988688940078201,0.183903107644701,0.101345982614283,0.0587084856411537,0.0824383519413699,0.102116729080615,-0.0562727589389312,0.06072998435527,0.169119759510244,-0.116926882613336,-0.196237383203221,0.185370891588786,-0.0290210247102875,-0.0203154132351863,-0.101686721332765,-0.187568186209092,-0.00400932738889084,-0.0803309755725525,-0.0794379109789588,0.0536030266740723,-0.0636292651508327,-0.0615352533602778,0.0329478264150928,0.126522633327286,-0.0161338054001352,0.0440692484822558,0.0701813374854345,-0.0825783764447118,0.0794666198155085,0.0786774214222486,0.137021895315062,0.135732363156202,-0.0709997235202164,0.0699747132629365,0.177770782692528,0.102194203711155,-0.089677377178879,0.0585473924079189,-0.124134250930628,0.0222125198875964,-0.123400206286257,-0.096151368256069,0.0329753978558879,-0.0361320148175588,0.0564266495830137,-0.0370989486863438,0.247288638535625,-0.0702060703659431,-0.038513372415017,-0.0247559217871472,-0.0888395136746887,-0.044069008941779,-0.00875723048287438,0.0919207615249142,0.168160349288157,-0.0838501728337742,-0.00632994864672462,0.0787057940629412,0.0515868408177684,-0.0749602364763523,0.101344130375215,-0.137873014935467,-0.00710647530722974,-0.00436408405690214,0.0570518849295641,0.0763396085659512,0.0933000806895904,0.136532968763305,0.125720281105363,0.0590003099195483,-0.140320859601852,-0.111106848835997,-0.00903378345627508,-0.0621076682338723,0.0468242174140554,0.115055987762661,-0.0201365218613462,0.0392556108896011,0.0845711999292616,-0.0482397272145436,-0.00498601901536327,-0.118358207832482,0.160572420834973,-0.179008775958936,0.0336611398645254,0.159892201429826,-0.0211161556339336,0.124935759459199,-0.140072610224413,0.0130140901417479,-0.0500097469755321,-0.0204106657941345,-0.114324019690338,-0.0111552754048921,0.0260590994784601,0.0801391370369893,0.00658680916689727,-0.0929805398962821,0.127989008681644,0.112990059851863,0.000630051346904496,0.0612707373744938,-0.0212971683847592,0.0281814683369836,0.087122006615054,-0.0693393563095133,0.0329142047235001,-0.0609096087420077,0.143494100066504,-0.187966222485183,0.134688223420511,-0.0551964454002146,-0.0379793293325661,-0.0272286961782905,0.17016920781762,-0.0667189224674539,-0.150877178283795,0.0169359561378209,0.0944426084031711,-0.0929931944979878,-0.0926644249791532,-0.00751827672461091,-0.111341192335983,0.0411881430454695,0.0291624035189971,-0.0125120837265029,0.0912460555326477,0.0710244605330056,0.0402286983443257,0.133261287921017,-0.0130291025505273,0.0074842095594169,0.0825666103943724,0.040593489513168,-0.0435514225722803,0.122673521685584,0.039157217325824,0.0170436031406255,-0.164553470228624,0.018321143666124,0.0758897001860452,-0.0770267187361454,0.173802474872646,0.117898865527784,0.119516757537663,-0.165545594234779,-0.094349912112363,-0.027115696556237,0.0322740898794196,0.0927064848875904,-0.049479713641165,0.101655703297693,0.0735193512769883,-0.0864378804979743,0.108324989910763,-0.18802803456816,-0.0712038406106962,0.0538360368840345,-0.0111475761117694,-0.045921016396729,0.197386048002832,0.203632144570754,-0.196874839213376,0.013241586520235,0.0149489728710693,0.118669477658118,0.221664159229257,-0.0116846532700349,-0.0418880873914447,0.0648378897912483,0.0284965867945992,0.127010780373921,0.0881450112835859,0.157968812718833,0.0134859209365758,-0.0144362022984476,0.0583175286237801,-0.047304297822245,-0.054457783610306,0.0197374404102679,-0.0942301600516286,0.0382251566767173,-0.0168969733826721,0.0879070154961153,-0.0274880875042538,-0.203719735331101,0.0878691600119372,0.0123802732882245,0.0450537423704347,0.0435090715547023,0.0712689663165915,-0.0147843913406325,-0.0316466122175966,-0.0470017719011219,0.0239045818136759,-0.0521165440279442,0.00769979020209699,-0.114405731917743,-0.131095842717465,-0.0124186162912113,0.0226955354147632,-0.0874727194613421,-0.138986299802594,-0.00330684395327198,-0.0793834233014233,-0.000864645491361435,0.0144035605020334,0.165378961938093,-0.00748417248953996,0.0654195209937123,-0.128861596682023,0.0590052999895163,0.0305598020800138,-0.0460739567672892,-0.0353928589040974,-0.0416885805776334,-0.257366662167155,-0.0326603386384934,-0.025886764419517,0.0374467964371966,0.0876722337683352,0.0653443961868882,0.0943643545774043,-0.00160923606011949,0.127886067068019,0.0572806291263818,0.105634085492523,-0.0312441170791005,0.0438677527972937,-0.0103114592345368,0.0228734091897708,-0.00127968802570709,0.145131653463681,0.0279639404748173,0.185241839321522,-0.112092724052448,-0.109074866503062,-0.122519924810038,-0.00245606075589661,0.00399679896474437,0.051447300543084,-0.115968130156517,0.0817054089533456,0.151505934127401,0.139760867952613,0.0796762353234887,-0.0495498544046878,-0.0916747045998412,0.0707229370514089,0.218107482375734,-0.262788102179838,-0.185590237632895,0.155013736299095,0.0175851029679216
0.764986653602993,1.15120245884127,0.383081768677703,0.177974270653446,0.137636013062208,-0.106408185187997,0.87188409325762,0.164275150999331,0.449132373192664,0.415941439773156,0.390791446270074,-0.361843667842108,-0.171605149054262,-0.16317779028072,-0.612243343671942,0.604075893860247,-0.45530937152047,-0.964975270109025,-0.680991539570482,-1.02951733848746,-0.497562239500942,-0.0975576329477194,0.0385265543711669,-0.168767141588492,-1.43345318141062,-0.396267246154927,-0.933999457645142,-1.41673792373062,0.24298476150184,-0.55168149904994,-0.666708506060348,-0.13215771470537,0.34718929363662,0.517668515312587,1.65371829342991,1.77267479625791,1.68041702469241,1.46078892475536,0.685980021452155,0.965231929322256,0.570040550705213,0.975551086662749,-0.0458522293657241,-0.582271079654294,-0.192875878368356,-0.741765963196691,0.452758091721915,0.747621588909276,0.402093296825474,-0.360839271523481,-0.92329911022563,0.31303073000586,-0.631644388092809,-0.782838652026628,-0.332242615348513,0.0450318120021148,-0.515664314820999,1.00997895743712,0.616422963527743,-0.0867589716979612,-0.141457522451605,0.238102113895352,-0.172448557871048,1.02188676213717,0.0122004542892907,-0.573821934054273,-0.761182392101061,0.052057597620908,0.953791361786861,-0.428924128398721,-0.221630085875209,0.458907312564839,0.25335575528141,-0.564974529455394,-1.29579665031996,-0.320968144616064,-1.33725927731963,-1.51951213440852,-1.79833644599166,-0.410082611491394,-0.0682135049471731,0.145724760886597,-0.346004687512384,0.0609132223437759,1.46043649731579,-0.0728050938588695,-0.189433617967375,0.166127732116201,0.629394094295289,-0.0836373227971818,-0.832735098327967,-0.644584515292291,0.72760345086462,1.09181718091974,0.796711487872599,0.0843141214357443,-0.146591054112556,0.942688034240394,0.110440585242641,0.855747972574488,-0.787383923677964,-1.95780542656546,-1.23874908642979,-0.532130629175414,-1.16565044651874,-1.30858177652392,-0.665736964792443,0.324414544114639,-0.183370429085225,-1.28959753890925,-0.638365196975097,0.0452024836166314,-0.0934229200929785,-0.605844865251533,-0.204198441737888,1.18685217412455,-0.427687193391505,-0.922335187353716,0.330861861720047,-0.688436068327948,-0.643700773876392,0.0606367928210775,-1.26116031777051,0.0502037781313103,-0.655113333847587,-1.42812660201978,-0.813100344601615,-1.02197355356415,-0.258327860586804,0.166673491700051,-1.03855559618546,-0.527670420715202,-0.406031852121161,-0.617666346738573,-0.0649937361121183,-0.133895259683549,-0.629352176444638,-0.255693860351929,-0.0148196085165986,-0.235157964512962,-0.26143646383422,-0.713662735313323,0.0220490220102781,-0.336952660566017,-1.68632571644905,-2.09220508856588,-2.11439527748636,-1.43541301310436,-0.418353321955202,-0.63576883653597,-1.6552568820562,-1.41595170154408,-1.29253161366992,-0.0641361134330335,-0.31957605855896,-1.48019645497492,-0.906437951435457,-0.8692614845266,-1.707876882322,-1.61809555747237,-1.76976133969144,-1.60443529586094,-2.25097518084909,-0.435661662952304,-0.120429607970477,0.442109872257517,0.124684630080935,0.224372098353182,-0.471172803850661,-1.34665852640632,-1.68160709124775,-1.57718176108578,-2.15975814408638,-1.03477263854495,-0.767652135740678,-0.364603870512543,-0.23523142987212,-0.818823651372402,-0.847225479263851,-0.856562545886437,-1.22893556245912,-1.67983885821737,-2.0762401224585,-1.28477010340045,-1.3386134527347,-1.92827036282965,-1.71054372450129,-0.642914850370054,-1.4334132534109,-0.229480789999048,-0.372944101676231,-1.02880898179761,-0.670271216331494,-1.32093205181031,-1.81099650328077,-2.06130141123211,-1.66679413822074,-1.41143993834758,-0.403969552345397,-0.757773940700422,-0.777577430425144,-1.14286178041868,-1.42378078170557,-0.917899486244115,-1.3788794427839,-0.490507858045876,-0.509630266034101,-0.607118914073937,-2.4736211203855,-1.6880954860449,-2.92017701059814,-2.88179916909005,-2.49804313059944,-2.84188136357627,-2.35123699969485,-1.66961160250052,-1.02457512962295,-1.90282611235317,-1.43895956013063,-2.72144508952423,-2.54799930106924,-2.22595687837213,-2.68001971509421,-2.53326328496058,-1.48267342613088,-1.57461197235076,-2.15647147442133,-1.93247522586635,-2.79941897411378,-1.2089551158351,-2.39825251095744,-3.46994770932218,-4.1906969071906,-3.65476399177316,-3.25465254290923,-2.55928602448243,-3.09410169623782,-2.39392952246229,-1.63173743488766,-1.336012112508,-2.04779591304162,-2.238217903435,-1.04992090169914,-1.15514478531144,-0.92442347539016,-1.86408483597612,-2.58109815310473,-2.21244991064282,-3.6985056324273,-2.22165967368976,-1.89706623293892,-1.37717413707915,-2.64210559073303,-2.94683999221967,-3.05732226803923,-1.70242856676028,-2.2721609021316,-2.24621172746239,-2.30854916971336,-2.09103836987102,-2.25436914612651,-2.61137897626921,-3.06066017448247,-3.85275341035715,-3.64869892140202,-3.57462847260173,-3.24831535577221,-4.01430615031511,-3.7334892431386,-2.76238254100087,-3.53566434882806,-3.06014007602006,-3.45653306952014,-2.35769743984946,-2.42225148372097,-2.25882379398429,-1.92180389065482,-2.60880418874794,-2.54537497108139,-2.02467815038477,-2.02617780394496,-2.75551902124444,-2.59331247979413,-2.08836807437902,-2.27171031617477,-2.22773294655744,-3.10093100475597,-3.69936525398286,-4.42340322438812,-4.39523408648502,-3.19402167851828,-2.57022753870633,-2.3790030700886,-3.14181588235151,-4.03792197941167,-4.19966083668046,-2.789621573803,-4.30261866115848,-4.35346199956964,-3.24726070097969,-3.07933838727698,-3.84655699320171,-4.47241036874844,-5.51105476905518,-3.63454528207596,-3.3004717593666,-2.94157783417924,-3.69980585626319,-3.05133693528781,-3.09936643814136,-4.7329842050348,-5.05122112941177,-4.76274731104708,-4.73670796898871,-3.57303128405729,-4.52375568180888,-4.7907791133605,-3.59485907434532,-3.96538815895658,-4.76647551380728,-4.13533788864501,-3.70281739685614,-3.33847098776635,-2.74640080274965,-3.8146909150063,-3.61697739526174,-2.46166348410061,-3.6527243988038,-4.39897835926452,-4.66545698953384,-4.28914503666389,-3.34886246958454,-3.80235412635243,-4.70945012122779,-4.74200456441872,-5.12640922138198,-3.99759588199097,-4.11464783499095,-3.82735334804339,-4.66677880833332,-2.95813418567487,-4.25848616892199,-3.38824338978607,-3.32580902941768,-3.01818651672318,-4.49434704842346,-4.35527448381576,-4.36733496954225,-4.78154243178116,-4.16155129348221,-4.99513436545139,-4.70684841908216,-3.94722315376514,-3.1733397452443,-3.55118610338939,-4.38229329733434,-4.70665178283465,-4.01118677378668,-4.01402469893084,-3.82741625924023,-4.6633840933826,-5.01084690657214,-4.2723735207641,-4.44477239572537,-5.87834184770233,-5.98284377883611,-6.58380588073996,-6.47182115042209,-5.85569757366846,-4.72349819941435,-4.65601904836999,-4.7374370831175,-4.99894812457772,-4.9445741092838,-5.13076998617814,-5.12489842687955,-5.57851997293659,-5.9968259294947,-5.25628577368616,-5.35274809649934,-5.62748843316722,-5.75831915566708,-5.37870488608071,-5.68632648091761
-0.310423774495002,-0.201097728115969,-0.0439860464516008,-0.0377351917523824,-0.00438417253933609,0.0812004574802077,-0.145161963202758,0.0357117875833811,-0.0456129632142685,-0.098425895383208,-0.158847231135045,-0.0208622691833909,0.0906951519536695,-0.0929253450510379,0.111080096935561,-0.187433360904444,0.124339864221811,0.201286658316114,0.143544055026033,-0.00216901018961271,0.198558478667429,0.0609693545021125,0.0275337534459408,0.0229471938672124,0.256499546601338,0.0194751761604339,-0.0644139109059803,0.283507363249738,-0.0804579545238585,0.117664262478578,0.198948279989026,-0.0543529615917403,-0.23346740961925,0.0192284446950999,-0.244669340483115,-0.234051632624344,-0.476052517175067,-0.0428893010479385,-0.207910184386312,-0.105253858614019,-0.0878328895265824,-0.177388787989862,-0.176117624882943,0.095275330968426,0.0752757519253421,0.118004558899323,-0.0247440921369104,-0.0843032781593122,-0.022581577853789,0.117667344296895,0.0714549107556959,0.0655818046165892,0.200406641631103,0.137206943781914,-0.0296927578696285,-0.0256672827825678,0.0866744057904509,-0.173570875150888,-0.211981030798738,0.147968930241659,0.0456404295689808,-0.0231447800789154,0.0319747738718554,-0.0499655120275137,-0.158938878242767,0.159187808770076,-0.0543021353594029,-0.00369887267702162,-0.0389667748781279,0.147431521906994,-0.0074604826984262,-0.0500009603084262,-0.168630958193246,0.0895362873695941,0.248424055145255,0.110538180099708,0.263196471644183,0.26143965320971,0.0280922408608735,0.0573684205435998,-0.089994872858271,-0.0755881164379354,-0.00712139244164965,0.056343391509319,-0.183042063043815,0.148980992067975,0.0284147517897603,0.0371526441312326,-0.0858538134518917,-0.0346036721059593,0.0693921172228932,0.0752341483719235,-0.150253457233125,-0.200792149208199,-0.287973181837182,-0.0586094405904549,0.00103783780386019,-0.0376352177054676,-0.0400419591271571,-0.21691926711532,-0.0600520024867765,0.300100835973303,0.151606683058407,0.122481557269947,0.21265432520999,0.344734579242107,0.115574781951134,-0.118879415030703,0.102426421484344,0.232310137083719,0.0913045425497127,0.000622888208503948,0.0108543461443188,0.141774476852739,0.00218587855943722,-0.126437003648109,-0.0725662754613998,0.172997864542704,-0.102459405878641,0.0666550176386547,0.165625654300796,0.0453107962790924,0.237983547302999,-0.0875962838001005,-0.0235862282821148,0.186799930897863,0.193483479058266,0.125095533521009,0.0785104009210819,0.0221888493434929,0.291800287886132,0.104149548158112,0.112434638085364,0.267326583103287,-0.0265877123173821,0.0122242349454574,0.241104032770225,0.0844888432173084,-0.00420707959053024,0.0414283317680621,0.159407175888531,0.163405962997705,-0.0948891548360617,0.0328570602460959,0.364117640574405,0.355720031807906,0.403432105195713,0.301613798510826,-0.0195582369497598,0.200572391159808,0.460873653909162,0.487017591692591,0.26591176633059,0.0149939160649209,0.0390527815911267,0.21809604714193,0.037161782532316,0.148361084194432,0.172996534850626,0.158450480321984,0.380202525057116,0.342608668303196,0.511894541038105,0.0579375410273965,0.108441301993486,0.0384860536699053,-0.0582566448783374,-0.158561183009052,0.119628002142692,0.334994981981498,0.215134796231405,0.156140789345969,0.228423968949295,0.122376674343057,0.108480608583076,0.119354469938105,-0.066442898551469,0.245766703181793,0.254477233046188,0.143183950352406,0.202820694329741,0.340948924956908,0.42664906676704,0.265832517348435,0.354584650045507,0.433062793301736,0.432203619473877,0.295108446994597,0.297151057499634,0.0440970741888044,0.252588516465916,0.116218659763102,0.216147148203741,0.47122798972138,0.262605455725245,0.40992097435004,0.3545411875866,0.403569857874245,0.203272127979139,0.249712374373522,0.16610539138062,0.373126316671417,0.470289640619136,0.294420966563212,0.206125750157424,-0.0633711600416822,0.0501607135502591,0.234869272114448,0.66267633335504,0.405354531653611,0.718020394725753,0.460549506587106,0.27093247159829,0.655288578688564,0.493531335024038,0.451232148722484,0.168015364365018,0.262110376889547,0.20384212604459,0.43943329792904,0.27155228577608,0.236743639366244,0.546928387298755,0.331690240004314,0.34966540748599,0.371903854613556,0.553725223018475,0.336471211332456,0.536784981790159,0.105503323043113,0.432355040916871,0.611269348732281,0.854578772099759,0.625688551254989,0.879083678801407,0.550275296375938,0.722187781407036,0.410601718272777,0.379170680664726,0.301232117495853,0.422938950905887,0.429493680579546,0.208647735810595,0.11619088719655,0.153388287130243,0.431221098626751,0.42906168482399,0.615931120563171,0.594634480123087,0.589298670181281,0.336655374759898,0.087319008213968,0.449698495581713,0.572470605693146,0.834018774083867,0.453177193153122,0.532076879410519,0.374070840856014,0.521013471666663,0.414302935165492,0.291622132736342,0.538101716096139,0.503773125768107,0.818814314028754,0.755194112852123,0.544638040323644,0.712637641955243,0.822844306271953,0.759521697846825,0.584620243095188,0.715337979470402,0.536226964387155,0.840651874820104,0.560876805679102,0.448777286455667,0.345146246137062,0.249327887214782,0.533942187221855,0.505546467880852,0.57751852971867,0.355111029314942,0.524370518292276,0.59639801342241,0.258055693923035,0.424350825124198,0.382221593323917,0.670964810788124,0.712169212364865,0.89776294632915,0.667959209026785,0.516670455047757,0.549685043234009,0.452566476629428,0.484567321770055,0.773018923891216,0.780836223483989,0.428048440380763,0.831750333950541,0.925409149674103,0.781626412066677,0.63179755182797,0.721610623254468,0.896956098096219,1.04075836629469,0.596020361366927,0.755159436391692,0.559900505759792,0.740853716381526,0.805789301599424,0.641457276309458,0.902470227253763,1.15805491360674,0.974480426944023,0.942588217750945,0.835299638412307,0.66622073936955,0.691205304217146,0.773234980151148,0.572841702883393,0.850491351053421,0.792788000485195,0.881034454925483,0.642347439200068,0.501177068581185,0.778873649891332,0.611989959537922,0.399084553835583,0.74333025800129,0.850483156100454,0.837043135971547,0.674133020488037,0.718289881326408,0.687394812850034,0.932421245866346,0.956567387585484,0.953792676170819,0.765051143891682,0.869456753466949,0.670793109479356,0.851428372761016,0.50279272819403,0.809746428136649,0.843489205202201,0.614116980596769,0.68717526669972,0.850883789654932,0.944795984434676,0.721934613727138,0.934416942921617,0.803018151757517,0.947025517463942,0.802337241446368,0.627157885328893,0.618532913536707,0.718159446931204,0.704317464987196,0.877841084072833,0.855381946710224,0.716840292473192,0.839566268990023,1.06046905878769,1.01546309345481,0.878253917300683,0.932868261616686,1.11712554699505,1.14911635110865,1.51594103093257,1.28922254240139,1.07210679777393,0.812562725361152,0.884256311093444,0.891517269465506,0.975941281632497,0.850722394822488,1.08425552796044,1.11933476532522,1.05237495237783,1.05595665696568,0.808063896137373,1.09551075436143,1.02073676872666,1.2908085572832,0.943438160286696,1.15473173779882
0.105496777051616,0.193964110829718,0.0591951574341744,-0.00196573779668691,-0.0648902075233795,0.0126281423879084,0.0402365306825748,-0.118755371922407,0.17544254536992,0.0593351456633193,0.0733533051146938,-0.150619807103253,-0.316117379937916,-0.0330321614823066,-0.180083165493115,0.0732532317782762,-0.0418257727814655,-0.223560485983193,-0.205167281318992,-0.212552717964977,-0.101920263718942,0.0427454446140222,0.0726843971190604,-0.316468922148835,-0.226628308132643,-0.186901340901292,-0.231904609881955,-0.273992255645354,0.106723139339845,-0.176214170167526,-0.223281585217024,-0.0769150554394775,0.00716239025400033,0.18433083131687,0.302324248892664,0.367518360765184,0.660143989950772,0.310259594157099,0.100045995785893,0.254454609318459,0.0866130694249151,0.314152129125819,-0.111586081941669,-0.170459366283487,0.0594327831264463,-0.173294867164546,-0.0717044594092845,0.0514333623588735,0.142230353038315,0.0202829611868713,-0.369267895521149,0.15598157971686,-0.0952108213794671,-0.110714265928606,-0.0534583450736317,0.0369150869617732,-0.245778774026134,0.131384881427291,0.22225187249523,-0.100189351603788,0.0164531774366972,0.168579480084516,-0.106518723900901,0.159389159021054,0.0673764737491881,-0.243679426891447,-0.25627107736098,-0.0249890435265081,0.361964949991565,-0.282135828170222,0.021039897598061,-0.0422468501246401,0.194623556750758,-0.255183137969019,-0.36222858336252,-0.185902443437347,-0.445273445292746,-0.42305325097598,-0.439563337003723,-0.106632951985573,0.119621287550703,0.0750457399182873,0.00502175083719301,-0.0529301848172469,0.391385724297331,0.0969052661508837,-0.00629196431892266,0.173968883254454,0.13631873513706,-0.294589713860142,-0.192164984073502,-0.256785743486395,0.42886630713726,0.336683931099771,0.171629972229219,0.0210664643795081,0.0248471955211265,0.0248004891064019,0.0654913739689413,0.216544672071717,-0.165649531375854,-0.34216644673689,-0.149006313314577,-0.198960265454624,-0.44404559239252,-0.436174650718483,-0.110031279689148,-0.0454514229502749,-0.0920122144655574,-0.139374419155245,-0.261408928897018,-0.0154155577652296,0.147207715984538,-0.222086801893583,-0.0829810069119191,0.210450380256276,-0.097334012492833,-0.20112109421621,0.0185810273478796,-0.176486310375011,-0.113947822575577,0.05407801295494,-0.496377731725014,0.0296979249015218,0.116836892458085,-0.304016356844384,-0.268360444308343,-0.225591364855067,-0.104444442150262,-0.0553927393934896,-0.310954590400625,-0.00556601841631249,-0.100556734607893,-0.166960793943099,-0.163976584156786,0.0482185778295959,-0.068198498926655,-0.0767909204709397,-0.0076517531822678,-0.0441517823073891,-0.0722857541939464,-0.118569385535369,0.128958408710424,-0.0222336826856493,-0.181560562190844,-0.557861699056068,-0.608071658083833,-0.479186646309139,-0.23563997873489,-0.14360682121762,-0.402842189300589,-0.189544565902943,-0.391426627712108,-0.0270768140986028,-0.170157111589259,-0.56771025277386,-0.227765892842129,-0.257411168350544,-0.331533380430208,-0.218654517012827,-0.308084957073254,-0.40148694945447,-0.469237774684984,-0.168268449014668,0.0513437528323889,-0.059585776332598,0.00677262806398139,0.223707433349488,-0.0218068962928491,-0.372733954319956,-0.327055010834031,-0.238187140770998,-0.439982974400409,-0.29114815383209,-0.0633571292196038,-0.131213316639882,-0.0213209710858758,-0.136268856189526,-0.343056975476256,-0.188367244317787,-0.295493914300389,-0.289670905882349,-0.432489218307099,-0.21754559772924,-0.39368002910336,-0.514840958467557,-0.367251331669699,-0.212737512820904,-0.318392667507521,0.0467973097049257,-0.0993967939027041,-0.155684190177871,-0.23922639655314,-0.195394154906051,-0.587333939519873,-0.692000343737036,-0.507227093446549,-0.370271945323401,-0.278776177332483,-0.1794093703379,-0.250420791757129,-0.10924642690191,-0.518954812437856,-0.163420019928816,-0.48420028312839,0.0290345962038294,-0.152457506743383,-0.253205594373744,-0.700936166737006,-0.457208257268612,-0.730402169253793,-0.808471651456881,-0.540097265808613,-0.738456665510179,-0.668501843261777,-0.544436626018201,-0.320108965398703,-0.409144390838951,-0.397926397209159,-0.683382688149748,-0.568476714861547,-0.541564540855747,-0.637391714646341,-0.62683748123419,-0.404126208011131,-0.412916246313507,-0.548189541072463,-0.445661399582045,-0.574652335778654,-0.389944793421023,-0.706262260539999,-0.777381675483911,-0.9458111132451,-0.851064494831589,-0.774996826864687,-0.812031477569453,-0.663407759939727,-0.384571436754887,-0.425861127393986,-0.476546080139994,-0.523785611902337,-0.747606638117942,-0.277479368618387,-0.368516173886237,-0.329329362565187,-0.513610917273622,-0.584672930821677,-0.564117822307721,-1.13063983076359,-0.485388447509633,-0.46181307855044,-0.415601405314879,-0.761991832399843,-0.841692503168509,-0.861296296416662,-0.324303332106524,-0.495302208529202,-0.633193388470879,-0.451201039894269,-0.486170884899609,-0.395084214930264,-0.582820405210138,-0.821464987763914,-1.059360857617,-0.75617157252527,-0.818056232378692,-0.782942127810768,-0.860456854106025,-0.883853863516721,-0.791450367262243,-0.870859202918693,-0.832098436511195,-0.96404769377716,-0.839695543286823,-0.640117621730841,-0.579619802435524,-0.410531061122906,-0.614409620900467,-0.686925549458692,-0.589899408033254,-0.451021809349092,-0.678319497238313,-0.755644595058734,-0.51798235853643,-0.474063753060473,-0.496834229361312,-0.909701475430393,-0.831474930619954,-1.10115695871058,-1.24446272421914,-0.575547806154727,-0.551923914397631,-0.487910989910576,-0.653037516390383,-1.25207479794072,-0.935207099135803,-0.702141672501816,-0.956826802386903,-1.08870900417553,-0.636001109566273,-0.771968192315352,-0.925893755759,-1.12118765428889,-1.46158591603169,-0.806106090753517,-0.633608357355248,-0.622069505285614,-0.839001714319628,-0.703700590672094,-0.692736104850854,-1.19770332097669,-1.24165924798826,-1.29298400027663,-1.22416856087811,-0.870462884441629,-1.18173037872003,-1.02764875982161,-0.956647188941039,-1.07938683099571,-1.05600407424526,-1.02220340096176,-0.943089581782986,-0.915706283223655,-0.621832079021782,-0.981520338844889,-0.88638483873611,-0.56971345649117,-1.05013535843594,-0.882286320120269,-1.05022145696746,-1.09119095460601,-0.736660325510075,-0.932476072653361,-1.09790751169953,-1.18241252378382,-1.42239797109738,-0.894468680439715,-0.991158842258678,-0.875866521373945,-1.02054610699215,-0.640011105603676,-0.959120223894974,-0.830372055333616,-0.794784894018937,-0.818368303407601,-1.14061962248474,-0.981950016095081,-1.06671717042726,-1.18280510304219,-0.919042414654368,-1.1755724655033,-1.24343822137825,-0.988214280878964,-0.88982924279781,-0.969313275035726,-0.952589623291409,-1.02299167610754,-0.939149643898546,-1.14658065097381,-0.84535495607697,-1.40199047909927,-1.23840506611728,-1.12252914882216,-1.00237753650268,-1.29420122142182,-1.38374248012607,-1.68948650194944,-1.53148733988632,-1.41862185622886,-1.12807240066513,-1.00866659807681,-1.00698513943351,-1.24420419974074,-1.1243482431658,-1.22325858058457,-1.26729964419793,-1.41029063896939,-1.54654981010347,-1.20552626736056,-1.25910535016995,-1.55958587818065,-1.28474196335777,-1.22820825935676,-1.62626644365122
-0.134524340346262,-0.315279189909684,-0.178510180803911,-0.0322371349685667,-0.151824869202502,0.036912222977655,-0.3246196057513,0.108993522066414,-0.155423522797189,-0.0551569722295147,0.00420539007393533,0.158900830457976,0.0661010451659266,0.163563951294225,0.239853924756928,-0.0996208966031181,0.0647711152300855,0.481253692227283,0.280015077062389,0.456596308487499,0.29447315158198,-0.0811372405325562,0.0386506553470897,-0.134927411299702,0.654796049251811,0.0609321376775613,0.195495168948448,0.546520367111572,-0.194720028214271,0.0395865972309778,0.169247924678952,-0.0424132029248365,-0.218046747733937,-0.193245748372143,-0.488565693410427,-0.384050845534051,-0.502723550450788,-0.468493262020686,-0.240270847461496,-0.43917872319453,-0.278754449245937,-0.45686420491419,0.0299121288633826,0.0996357003530714,0.0139092471171606,0.064758744099511,-0.243410230465659,-0.18605100168831,-0.100884282265474,0.0485549750790325,0.0587443800217151,-0.126341197112385,0.0942189880125358,0.31919110593452,0.236233386416717,0.323882684264077,0.233160675943234,-0.249465544477501,-0.194290408680477,-0.182590886848155,0.0339188101326879,-0.22435412481684,0.354793312794184,-0.260775405039343,-0.103078917185116,0.396154028836921,0.127789172492771,-0.0814092189730786,-0.135720399088212,0.0822280198096414,-0.12194673077941,-0.310103354873765,-0.0730881509228956,0.109949216852585,0.292398237133356,-0.0528920415808875,0.443263316339933,0.396056110109843,0.584181475621287,0.0740503079974204,-0.0613552563541802,-0.0400320441382458,-0.0915350813025254,-0.222848872198973,-0.466049741403186,-0.153229052342623,0.212848487027934,-0.0739258592074864,-0.289707115183293,0.110210250777865,0.347913814077162,-0.0104336898018854,-0.0744934056292549,-0.461918541243656,-0.149686050206057,0.048083195549326,0.179392858295836,-0.325359606118967,-0.0395524580550674,-0.333316465303436,0.172569060413481,0.777968697561179,0.342177487010129,0.0682335108011134,0.284361966104863,0.502955506958207,0.048721051455554,-0.034407807451897,0.0612621676129764,0.230659791580235,0.294421066630436,-0.123901840667724,0.0891290092524364,0.106798050457502,0.314773965317339,-0.257174693644408,0.210973376441846,0.31273670032077,-0.00919058029182228,0.364596404358848,0.258591303454891,-0.079611968725797,0.524939681368847,-0.177856348471043,0.227108792481994,0.458981163909305,0.242469511133511,0.476666654466519,0.0935065168526936,0.209955764514322,0.234383659231723,0.193450043821573,0.360623258730597,0.245459517989165,-0.0219607949930292,0.152842860966643,0.174379745617944,0.0364465881868289,0.156244852569504,0.127631561915773,-0.152133125593941,0.233119606470315,0.148460153678782,0.156012555656921,0.561363397719382,0.723213631852088,0.717493900352117,0.450851851957572,0.282884419596599,0.00143787384362687,0.605846965348195,0.378967323259775,0.403281276858713,-0.0167171312155016,0.00279489604389345,0.526381789728988,0.0705107021159321,0.23636124728715,0.541155467896394,0.318680832110087,0.719739862925574,0.615396338945893,0.674488165645448,0.189530436583009,-0.0388890463035222,-0.402649247078044,-0.11729368925463,-0.157262161084646,0.169542563264537,0.444789317174286,0.39734753846081,0.585371256333439,0.760639095015497,0.214112824845524,0.186180084723338,0.0814269302236448,0.0221981432255471,0.454023116939261,0.185870239089963,0.277570082268645,0.472654900997661,0.505871343930675,0.637946716884146,0.527138259544575,0.349738758657183,0.717304472846202,0.614579610593007,0.315545135141497,0.298200002769976,0.127449131266223,0.130492593515704,0.254210139706467,0.442189276066796,0.490460664868102,0.718066386944253,0.697320643386469,0.549089778119796,0.545941457725385,0.173974356579122,0.207447772986706,0.145054481782891,0.325593296279416,0.532938808616069,0.33665689489051,0.452786067799573,0.0819985854886318,-0.0121924176502283,0.138968103284089,0.81827744613796,0.617299830373802,0.972801809588741,1.02516693385481,0.666357462553633,0.90876640090658,0.686297393192472,0.706168765973954,0.350165204790231,0.525370246761991,0.75150392060795,0.694893309092694,0.990645544882189,0.557182393333207,0.838985399768043,0.83531186465368,0.527903731268938,0.419505294326611,0.675221786059337,0.70411869799587,0.98399333902188,0.364593493212194,0.848558959634484,1.02679145979785,1.07012363645638,1.41904658316844,1.01841755425342,0.925392713073206,1.10035120108481,0.692287088484314,0.689273810900845,0.329008399610314,0.655450546646592,0.697900850926951,0.232002356519501,0.165616566654773,0.182157438824189,0.484909416481563,0.959417048554117,0.981330524186878,1.13410040957114,0.675306882239653,0.316527166824025,0.384136280668103,0.787141513809138,0.88342656815965,0.967635904471453,0.632707731678761,0.808895266798157,0.713805733557427,0.821008611700504,0.644538337682545,0.897531246918676,0.761932280649748,1.07526098239357,1.34689709647779,1.15216972925168,1.13553803977313,1.14525423336608,1.24851302852967,1.19646519963253,0.781841614033975,1.17944359420831,0.829525825950551,1.05796061642806,0.871709387033326,0.637741486060734,0.76089400012577,0.410319508483038,0.907104987341978,0.787114069883061,0.570939692676325,0.829807991940486,1.08670743133212,0.960365306685936,0.545298241875576,0.942538383187807,0.857629759090134,0.883508794291515,1.00867701595672,1.33351776268681,1.38700124632905,1.20454219487807,0.662054020828206,0.90306037667799,1.01548941497387,1.28510171532541,1.4341699805209,0.726342160364382,1.33400237263487,1.44573937831954,1.11895037673715,1.2463396485408,1.09243777944945,1.49404670901467,1.73036866581328,1.1293685320944,1.04717093388251,0.868713898687992,1.33955257901835,0.876937219343271,1.14958892810759,1.41655844195442,1.50914655597278,1.79350588657091,1.53662502022811,1.10321399282753,1.37418528899346,1.42046906867937,1.08485135979038,1.10590151351111,1.51363596574943,1.29498276659109,1.04940605769698,1.01470945080211,0.929004843414954,1.00113744346699,1.13307374828805,0.670277505724125,1.1181660019819,1.40302781682486,1.47479421532112,1.3871849013735,1.07296830470734,1.17482669793431,1.7654769821091,1.34298134038163,1.40561548812196,1.1801110322208,1.39049705781964,1.38761879669399,1.48035369441979,1.01123250500763,1.39419445617337,1.34425719933207,1.13126577883859,1.07975983918366,1.6374370612777,1.48419190201891,1.25910837450172,1.36033765694506,1.40716583932106,1.73446401723094,1.49573315128425,1.36449905998448,1.01581742836981,1.22752794205443,1.51522851400375,1.44386636998929,1.26825239978147,1.34065629377136,1.18968006290159,1.5920928370879,1.49710897062751,1.29553157582282,1.39985671671649,1.88456836310422,1.73035298529616,2.04755151115078,2.17337129925304,1.93172262520722,1.47221476616582,1.49845589628045,1.36202310230942,1.59541219147101,1.64911082476695,1.70382204992858,1.52030798168815,1.63651262689211,2.07839074242017,1.63158756193044,1.64283045633108,1.77624733248782,1.75254046188334,1.77734804619527,1.62602743768468
-0.0480122991930055,-0.238210447612025,-0.10396834596686,0.273706381134066,0.0234734849729064,-0.218998548620042,-0.087367703716813,-0.198792501984028,-0.0775910554744217,0.00417040581401614,-0.095789844100183,0.265838892931428,-0.0200062576057317,0.106610692331971,0.113081094343595,-0.124259478777257,0.0697488473156546,0.0181915981467048,0.0213226375137379,0.0995388938789384,0.134302254836563,0.00683321066120591,0.117604006962042,0.00390153857838629,0.174442323502621,0.0394435132618348,0.182121733891148,0.0965765571099515,-0.194863331465321,0.185907936452358,0.141389573070191,0.0989862711988193,0.0423232043558147,0.0607947874549685,-0.371505855329043,-0.312518201582268,-0.240929556009401,-0.0977641381440565,-0.203624009294942,0.077573677465905,-0.0376515518508948,-0.219142826048088,0.0710039089647024,-0.0716280793654754,0.0169982050269866,0.197419533341759,-0.161760966838391,-0.0687896321214095,-0.102469440345112,0.0477704364430704,0.164906769007406,0.0954886936777007,-0.0443743229495832,0.127964745187875,0.223557661457623,0.122593749622479,0.00982081004397362,-0.102972148204198,-0.0813377590398749,-0.0292531720560148,0.107830005757999,-0.357678970230597,-0.0684852467203366,0.0220339265749949,0.0804966999329659,0.0784487332803757,0.234484474834171,-0.0562094968359852,-0.118795637605236,0.0553253166813803,0.129967332704501,0.0795593442025365,-0.0480890125863625,-0.0803035430265926,0.148418692340298,0.0679213170039864,0.0358857288693866,0.294700252230982,0.196341434000606,0.0189448371256746,-0.100935433883149,-0.0447939228937671,0.0466732787520533,-0.0267869936249248,-0.147133408236062,-0.0145139210417152,0.070661198505126,-0.113452814554268,0.0281999850699571,0.0529240044483269,0.181055721728801,0.102819668604677,-0.0543253392762204,-0.178819611294208,0.0259059850265298,0.0349394167859199,0.0272535380438916,-0.124963045047123,0.0176316303362151,-0.176865160593894,0.207672313863663,0.100425825403194,0.126624194712791,0.11910487111742,0.113822360353893,0.255385745784591,0.132471819405776,-0.0642326671461316,0.0930265729101347,0.109411375224584,0.0959004635947121,-0.0835848321857238,0.071327347027258,-0.0323193363742652,0.0226728638244387,-0.155308192465165,0.14115820906155,0.179911953376035,0.0272722220567976,0.0494346748095439,0.0782210315973405,0.200143437633848,0.158306389151679,0.0144381165945424,-0.037398849541303,0.200950084280889,0.0982032742635315,0.0475725612011597,0.0345356045740045,-0.138706009175663,0.133359203202203,0.0182929085557513,0.258380057642859,0.0295586115777682,-0.1227860037551,-0.0536800044421567,0.194612999043932,0.108800307696683,-0.147271662924346,0.176699536346448,-0.0298634385713091,0.0995287443421987,-0.180128152416377,0.261539549093807,0.194120578093156,0.172645922299783,0.29983297077789,0.239516766644816,-0.0688305136918284,0.00605561313861477,0.122857501697209,0.273062987052413,0.15184276323778,-0.0189539007744271,-0.0619280997483957,0.120586559464554,0.185375631524203,0.0985507520911048,0.116039890070683,-0.131491158456378,0.0877061752156181,0.200755911541532,0.403748821309836,0.0863446030739836,-0.0945469729275071,-0.109874025173395,0.0398969275843975,-0.0227923979237657,0.0104217058758334,0.211380672326374,0.172952433114373,0.150974330260484,0.215028931714596,0.013764500230636,0.149521899894606,-0.126291500315362,0.0113746552335457,0.00735127462264451,0.115900388370166,-0.0323330285836893,0.228880738369085,0.327262400449653,0.211283579596374,0.247843912176369,0.206457315102437,0.184760820849501,0.15302326668203,-0.0931171269201296,0.156601745554269,-0.0488040279561125,0.0503595739253231,0.140446762262552,0.268836293663468,0.117169243252963,0.282346523885139,0.277183987038611,0.4975623456251,0.277857906373229,0.0908273960108194,0.154040212989437,0.102281922204414,0.206159343262803,0.304080373621754,0.127604292329225,0.182057800843297,-0.137321389938955,0.353665639763719,-0.0307364379473346,0.336137528914864,0.43683234471575,0.329202408712607,0.582138690475655,0.124318958278098,0.332606358634568,0.144597448658171,0.160265476197952,0.248184269495508,0.118684380340238,0.0467096505499758,0.192692001644518,0.412965804534406,0.207173636887075,0.32031887596046,0.281777415209099,0.19150187241482,-0.0149207341246484,0.384836239341524,0.252200385317358,0.447446552636921,0.0902239376669722,0.333997179511159,0.301654089838598,0.453172072572805,0.483832987406335,0.471295125569258,0.370181878661944,0.353390625844753,0.17046081700002,0.211692059391053,0.13142448121836,0.226999174958127,0.469361354074092,0.10097089670812,-0.0328059863389505,0.1347157570821,0.1760289145736,0.409308495811712,0.215410931319396,0.434621549150274,0.349995698929412,0.0834543050909997,0.285772352668835,0.24714245667576,0.446255150064769,0.451963705541934,0.3433260230989,0.168033009770498,0.258879333942998,0.347951586868851,0.395122768101888,0.241914481389051,0.264788709967649,0.40146057651824,0.307866684838365,0.502767397350431,0.454454917701695,0.240842587669609,0.595263986988361,0.430043997044408,0.368657825470775,0.512646446412758,0.298499292518444,0.310360919768793,0.329726793566803,0.164955558802738,0.402756766219834,0.17302509323287,0.348028523440499,0.351289945115077,0.0906649811654259,0.272753274326524,0.451573986853727,0.172288543336312,0.287396824287261,0.252997470040667,0.322670035213246,0.269863020581564,0.537202456290396,0.376132450332738,0.514576061029337,0.343477982150531,0.257234428771246,0.118890842076911,0.501963990363567,0.535772741310713,0.547085571792761,0.434552384064263,0.472575733883584,0.566373052107801,0.349379686946705,0.361289870436825,0.336370804248597,0.567916110567348,0.66522200066986,0.528520343845391,0.44866274334551,0.360467021645813,0.344023086433393,0.322978713121544,0.261953683385263,0.542863061349217,0.598551084300537,0.597701105899012,0.506572180041829,0.455825598301548,0.575151087812727,0.544320139666453,0.472474218187817,0.476965014185574,0.728350069138223,0.466688014420779,0.269516515821346,0.331805217538066,0.1639954264013,0.370823726056845,0.447209972534786,0.383660990399274,0.523572610696478,0.691912687631796,0.428355508698471,0.475504907332936,0.431571720231978,0.36642516340006,0.514632117423745,0.602797219269054,0.782965091645695,0.427289715224329,0.712345939757862,0.410156687427731,0.510421333590864,0.256284769687206,0.485452971299872,0.372236086620892,0.252162538716439,0.438428684380717,0.465331910924482,0.592816135738778,0.533403813434637,0.626052781028791,0.40047785723182,0.380145288722658,0.591986596375071,0.361064253479451,0.3654066809046,0.289583156092005,0.591743205985854,0.522252254459109,0.500546184142035,0.280157275158817,0.661782293865266,0.607012999538832,0.455470200327376,0.5982913587063,0.588464487808122,0.75113767175674,0.632232107105924,0.666888511608802,0.893615881349044,0.700555267723608,0.478855252547397,0.558920315021276,0.429035036109753,0.655828764130477,0.596935316617544,0.777777061972518,0.55787104462425,0.738543571266606,0.597030783346319,0.460956462268373,0.638493911635304,0.590696990674044,0.495151931255295,0.619755133340486,0.633508956492153
-0.113862897580474,-0.39650714998923,-0.138048661807949,-0.030710349150516,-0.0754115928357976,-0.0297871169961402,-0.0995941059779579,-0.0911817635309474,-0.390223413498527,-0.10399839683833,-0.306584748791053,0.342765571164408,0.149506733613937,-0.121270117018261,0.187704863107212,-0.0987027422670986,0.125988600133354,0.207679661648959,0.250822394880117,0.536146319166879,0.114998002709231,-0.058584750159754,0.0738695598874776,0.0827583442253987,0.282927673639616,0.183215603462927,0.132571134726258,0.298972752115258,-0.031804474265951,0.109403699920831,0.15399748604901,0.103222360047179,-0.12003007511505,-0.178505264401737,-0.333457823442329,-0.451063953476062,-0.326041744495233,-0.397570243577005,-0.213737070831714,-0.325246876315779,-0.280892695703735,-0.178941691195473,0.119640924083026,-0.00900419562486138,0.0030589452111767,0.235761452370414,-0.133911949421154,-0.379553391250706,0.0466148014752782,0.121878761021987,0.0219536525397276,-0.187648096734131,0.242341831411831,0.0356746971943734,0.0563029586894549,-0.0545965719367461,0.169953585227503,-0.188686496744756,-0.193707743943297,-0.0844463206140428,-0.0514299861585032,0.0653577686726139,0.1680475860407,-0.147151658489961,-0.0986667051122032,0.141580083203094,0.0751596586337261,-0.164625233249928,-0.357049017067039,0.135746963733457,0.0646090870153162,-0.231853478281914,-0.0371778634654884,0.26347134015712,0.379933747204036,0.19661763009625,0.449284534178841,0.403388513645699,0.651082772978654,0.18363726803169,0.219076868097232,0.0152603061827238,0.122390253818707,0.0742278326620109,-0.55950438317224,-0.232878873906495,0.0999920650658358,0.0562052876738472,-0.299062688066221,0.0454159901741189,0.394992247652681,0.269119337440414,-0.165196651465507,-0.174721585496529,-0.233824283049868,-0.00276831813470893,0.148468861329191,-0.391421590391835,0.199861380980528,-0.459685279296345,0.108812238536308,0.661382220660275,0.607819451340894,0.257425352888002,0.370845464020844,0.374199726845732,0.134106205440736,-0.0756506717815624,0.118367858554102,0.387974530773389,0.302931611091547,-0.0183657145500669,0.0607830711262698,0.0224012368949476,0.229094586902654,-0.0954243238993149,0.00243019627421889,0.194912478054016,0.0200180252116071,0.39049599401553,0.0290585293150648,0.0132754325429373,0.256508787287952,-0.285606966938566,0.147559467228378,0.391392926465449,0.29313537532239,0.493518275884287,0.0488287896689718,0.0611053003209685,0.344358536588471,0.142817736755788,0.345007414831506,0.374783448933311,0.0363039054270396,0.131188969415209,0.209504860532621,0.117319895070864,0.190620552175319,0.0330797143737965,0.147446398549182,0.23967168915706,-0.0185384996531452,0.133955033490258,0.350731234331909,0.694905203677695,0.747494787225222,0.30489713431306,0.125648308909971,0.256862834467449,0.430567762067534,0.465085010396744,0.506967575907212,0.134684037251649,0.197887611714744,0.585081161218039,0.382568419405439,0.303041720331079,0.406726670558024,0.250740381086197,0.575136472300319,0.512957465782508,0.743799787337351,0.103377301848347,0.298796445760972,-0.109177167817981,-0.156544545561633,-0.0482482326219429,0.0122583175293647,0.495337105294086,0.477380374598833,0.347444661353096,0.504920770705866,0.18459322866831,0.215472618099907,0.309023568288118,0.0349910329595182,0.27371679987887,0.326494191248663,0.377290927213657,0.307008164560895,0.517846377082686,0.666270655986626,0.388676437592265,0.361364940869379,0.60722607635866,0.39096835825182,0.298470884460692,0.530603392196146,0.231001155055732,-0.03143134335881,0.314238877334658,0.305964494768308,0.343188378202174,0.686070662289987,0.623246591432765,0.573136313930548,0.401106924476376,0.151143088932449,0.166548562858382,0.30593485410403,0.353920093638254,0.624469728522919,0.244452338971899,0.517601529912487,0.103945939407333,1.68565771242607e-05,0.185641089118503,0.878350170136427,0.477365599813965,0.893314885915403,0.853714354241204,0.666150887846059,0.920136815404355,0.733413762331219,0.586948111692686,0.225898069299967,0.459969900492213,0.561032752953233,1.02154606263959,0.831709725823662,0.664760305715728,1.09322552916124,0.638944640665526,0.415487167707438,0.579701083122274,0.763363227561308,0.681932687770133,0.887405755419808,0.35206567751995,0.801980844976163,0.85240899463994,1.17588848792292,1.10858696735763,1.17921775143258,0.588633310853236,1.02255525426452,0.847339639768661,0.56658833647069,0.365684554140787,0.46363248638036,0.749392005943074,0.287774344969184,0.390151034941826,0.186852768906984,0.781168907549212,0.901103614870428,0.721810578633913,1.14496007115625,0.817879797026519,0.43997401353524,0.416620621241555,0.740315762634217,0.87658509253142,0.937283289164438,0.551996756312963,0.517161524804854,0.754560873998487,0.663909891101966,0.580180007184743,0.592454753611879,0.85300291789824,1.10753460617856,1.17869295379204,1.20200276507061,1.18845832007868,1.04042803368858,1.17208130836516,0.899614861757589,1.02828209277771,1.21210222547251,0.713088745180614,0.943737626613937,0.619829998278789,0.63930784631428,0.770691995648645,0.485751982567142,0.682582212511992,0.6997717210434,0.563897078781081,0.572984493761617,0.811072919469334,0.834593552746249,0.674874840319983,0.667143146823736,0.835279775974516,1.07364230739462,1.16307845407056,1.43179297489913,1.3928822484371,0.988938733753788,0.722881215631443,0.65478347332306,0.966634665577756,1.22978839919088,1.15696704768862,0.840949936818977,1.20468874187819,1.19698868078782,0.976964499174678,0.852189959621361,1.2379015184284,1.30842493741192,1.84695710639357,1.12812601311403,0.962631262333415,0.79538812967776,0.895828573913845,0.980509902161104,0.790779321140612,1.69521674290106,1.40947932971306,1.26023469468141,1.53399887479339,1.02652406064962,1.44523919126769,1.34237359193725,0.97962426576701,1.26225510020807,1.24135321624536,1.21880147970858,1.1447365071795,1.35845794903475,1.00380833198313,1.11691937170543,1.09157868106886,0.594160537745128,0.990087010987463,1.211678674443,1.35108229454795,1.25785027166807,0.980154163463679,1.26062895436977,1.28505201660995,1.52566056319241,1.5124074286223,1.1486036174832,1.13043254016615,1.14438034154535,1.43567604545197,0.847045090588948,1.22415740478426,0.813545064880638,0.873633725235705,0.768018493422717,1.46750818978474,1.26200582764042,1.20573526847009,1.3694940686431,1.47521501693385,1.47680534471888,1.15199031117766,1.27109622626371,0.911462792948962,0.998293706688175,1.40003078355504,1.31934135277531,0.91938776887196,1.15658799024222,1.18377110278409,1.23775624513812,1.52468821399303,1.18748874472187,1.29347035094844,1.8470669940813,1.85521977241057,1.98984239036285,2.06056079270583,1.71952251598013,1.3367108196266,1.51076442712758,1.36364956141082,1.35721091643808,1.49273943078217,1.59468547145532,1.45504641046587,1.67432466493445,1.8537517669606,1.49360310199253,1.58608678620215,1.63994117434325,1.92488455838628,1.67903154793331,1.80154546134584
-0.00857560249370017,-0.110174737384756,0.0942059033701815,-0.0400704987400808,0.109211160998121,0.041298534913587,-0.152538742633478,-0.0712733502210358,-0.0967819314768903,-0.0512073365923022,-0.0829350500266805,0.0795569829276162,0.0167535821367329,0.189511117486196,-0.0696337064696802,0.0485138845195137,0.00157385284484984,0.0579639085498069,0.00283774983660051,0.223386522251431,0.169368638758594,0.0188703520000228,-0.000857665108224217,2.42966267540463e-05,-0.0150399717655486,0.0698070114156357,-0.0624271423249261,0.212353571006248,-0.125022444989905,0.111598622778686,-0.0414062909309321,0.110239781118195,0.017798088835519,-0.142384432462627,-0.181629248813847,-0.211826211032642,-0.0980213042760391,-0.299127045262357,-0.131455221691934,-0.240334424186966,0.0220973769954351,-0.11991307432253,0.0971604377114465,0.211991409939711,0.0819161561505963,0.176697193765595,-0.184025816624478,-0.297099045591197,0.013617096836866,0.209976364177989,0.0992185275561984,-0.110969153812626,0.0853394021300971,0.253472917109008,0.197483561993512,-0.0471686854754607,0.0218972148003657,-0.152448416583295,-0.132900402765552,0.00920987451231991,0.0784522486746758,-0.0199082267260334,0.0616808491153482,0.0296455200226987,-0.0253036125192549,-0.0022155072853625,0.218447927273491,0.0345856939108573,-0.176458488688363,0.0430023729113443,0.107140188578317,-0.163543878844797,-0.132841047033766,0.133459440370335,0.155760044505774,-0.020095285409364,0.164928974922191,0.294378441815477,0.254861375229459,0.197239783386885,0.0513357543040237,-0.128176961953894,0.00649773552119499,0.0390172637127251,-0.228500254070633,0.174395582359269,-0.00329888608163319,-0.0844798994326427,-0.12938292217196,0.000648174700343666,0.151582018315633,0.130725291753747,-0.132971521980217,-0.213325906504859,-0.104981270953793,-0.052484420847289,0.0326523556624984,-0.0176443261053986,0.00781043249124684,-0.288280756787631,0.193290631165546,0.129010755394176,-0.00451739729666337,0.187443202946753,0.130485928371869,0.170454365004852,-0.177957015026545,-0.0611822929670716,-0.0800422623227962,0.100877873311782,0.0674699393109044,0.141444019554439,-0.112178892869379,0.372396977048914,0.0144486616482506,-0.118127068247293,0.196833595694867,-0.0150671894326471,-0.177153267066181,0.168475935351979,0.118106961373423,-0.0665122602366298,0.348041457297634,-0.165114197761221,0.0350524476314664,0.312972865461007,0.134419766925875,0.107325323407238,0.0934956638766336,-0.00127680725346928,0.103433454987073,0.0825108385347703,0.042098788917184,0.199212228143025,0.197929734256995,-0.000180470695913162,0.0768680406761888,0.0303269605205609,0.0195088758248958,-0.156628526964239,0.0860018786065696,0.135591834648273,-0.0505057188672871,0.201036844098061,0.245248327612782,0.406076601378553,0.26999622476304,0.223154103603523,0.0664860483341561,-0.0673158009422459,0.127109759613253,0.0926258835510997,0.293311979351514,0.038229884288734,-0.0695516013626157,-0.00712000824043954,0.28279907955458,0.00802865360007185,0.255465505315038,0.173316836476928,0.368207628595167,0.293840247978443,0.257155101851188,0.0430459521034695,-0.0704203313769315,0.0342585352952071,-0.0732524826121689,0.0442729325603286,-0.00861146863032264,0.124323019809362,0.409270040804529,0.182727815968597,0.174612216352265,0.156569973797668,0.163575534453427,-0.0484409778060453,0.11013473106834,0.100134494563111,0.0227287638166684,0.0749479513322444,0.0705117864518595,0.135388609516895,0.204368592463884,0.141489157053372,0.132831060884715,0.426909504691577,0.333869078676901,0.239006736241489,0.26426038523914,0.148686671945045,0.0846693108573824,0.0231981048453406,0.0803269199907868,0.14817388653183,0.326009690915661,0.253627549852573,0.293561937481744,0.274658201115726,-0.015927364459855,-0.048459707753929,0.069262668957016,0.166871492716811,0.2171311515867,0.210364816206954,0.0933766666534646,0.120506943896085,0.115179033387388,0.0248588653574806,0.348763513798772,0.288817064643876,0.35125011472368,0.139793595401454,0.405943768985035,0.499023923668339,0.206553422928726,0.242249039338282,0.272128019657471,0.165985861061661,0.224097761245514,0.300120330143544,0.393190329650202,0.347759496694845,0.443416065136978,0.504299348692458,0.237382606705379,0.34989977992061,0.0477328703614939,0.231861333699745,0.221363415805459,0.103973881295599,0.380237894888111,0.35187565265237,0.767360758094993,0.507824748924337,0.39751068234449,0.412085076777212,0.510808702101033,0.290917545932968,0.33988236377293,0.240441943367126,0.247012766881349,0.357310550609867,0.220151488277901,0.107470777658977,0.169279178783719,0.173284274152118,0.527569297348281,0.300770109427196,0.424030047246175,0.349425509529052,0.208627191511544,0.405872427418685,0.331440808453377,0.395839497636262,0.414357305081052,0.186562538391232,0.135385671088194,0.446947579941695,0.413904126403709,0.164137253519708,0.263035377471547,0.164096150439621,0.446613457567088,0.528629404837833,0.668890847415374,0.50042813377366,0.418067213355952,0.355263937609625,0.43235237987048,0.376919661084765,0.564100275672295,0.513406348190551,0.400197849278646,0.406066129032127,0.370043085270293,0.421296875124999,0.210892868201359,0.350891455254536,0.254370291373085,0.350395470441685,0.404913551079563,0.42911009151945,0.226716246961976,0.3830993496372,0.185149059572325,0.185154815873792,0.202324458330373,0.387518579394189,0.685490768782591,0.401901931658081,0.466636478739455,0.311249528370188,0.348275171845313,0.329674061260213,0.501222631098683,0.65636832316743,0.379373808996689,0.460227258646682,0.610885911850059,0.40575621028166,0.32422570241776,0.585625683029113,0.70913142561607,0.750055902400263,0.223634241233332,0.432197659080105,0.368338643607609,0.435591235340163,0.25329113431195,0.300368252361048,0.631320090416687,0.670069993050936,0.48341919457833,0.531431095225322,0.441605701697635,0.748118894532499,0.629943557330081,0.292274345888395,0.428182429477211,0.787621551156572,0.645159623482274,0.469279359579176,0.592970975799935,0.328082726152755,0.287720688331055,0.396555699842346,0.260707423363199,0.547160179714385,0.540502143142854,0.600252783713078,0.44214190826179,0.39035799375854,0.457701297176594,0.740681109781202,0.716490710639903,0.734604353209625,0.299159179122706,0.58445323337477,0.701719910160781,0.440011807603763,0.434021337797822,0.545454808226982,0.308409427840333,0.409183498386319,0.445044132550943,0.643272356580644,0.605133150550321,0.426402481856049,0.623652685804841,0.718935719141732,0.646887932371345,0.530023705363873,0.573735357498534,0.385853960163333,0.452957889093341,0.817644302677573,0.61707537202019,0.508936931129289,0.468616004158683,0.644586550898,0.409867179202941,0.773015309401019,0.646649459448898,0.554707183785837,0.860511414517093,0.736004530059503,0.953947335942555,0.894588583039421,0.833323130385002,0.398347599578199,0.597475297839075,0.633889518897699,0.574336732777431,0.726254621260752,0.598895208467595,0.573212951878285,0.67052058628904,0.72682866069203,0.697962749895501,0.799290355502481,0.766816720834519,0.656838569558322,0.823687732761088,0.940263360678686
-0.154399153745262,-0.467481752714781,-0.277014527328745,-0.0737816810878804,-0.0568201780914098,-0.124743386743894,-0.291967348021223,0.103953667020609,-0.269852815627469,-0.198414521935722,-0.159210427697795,0.29045229419182,0.0432816398650628,-0.0873922151843397,0.475709332071983,-0.331363688821504,0.102014173400366,0.41924730522916,0.286965878445767,0.401633815878288,0.452808658099518,-0.0580847632639369,-0.0785123254332642,0.0557353648114723,0.561935206641463,-0.0671856567732927,0.314779217416569,0.559521501921876,-0.10441826459371,0.0498215407399794,0.310706692854849,-0.0387328311908998,-0.151350283902617,-0.148448587846726,-0.923809035557014,-0.668987314444454,-0.623052457478002,-0.477373324776457,-0.359221337321775,-0.288967068733839,-0.120847562134187,-0.547457105845731,-0.0313963412847977,0.34797970613796,0.0310777339080487,0.272396342333978,-0.0988680116919659,-0.463238415138727,0.0100685695936556,0.256015736170096,0.250865624740048,-0.00308249375012075,0.338649495381228,0.119199145321217,0.308336843337344,0.148461489201971,0.412641630650011,-0.391358982468049,-0.175755745441013,0.028063783138046,0.0728395522750815,-0.337022433247076,0.109688249078271,-0.354961681102793,-0.187098548117361,0.276528024575226,0.328238365722825,-0.1630893240508,-0.551811743356815,0.195615351446091,0.0192322557995099,-0.189047933244468,-0.140570798804475,0.27433736372009,0.541657942077911,0.162756101068642,0.639916407109341,0.748148587250854,0.809816324225148,0.257491360291259,0.0156966586679899,0.0183272222162772,0.0855097676925015,-0.0138370379723558,-0.561998144174469,0.0280058677263417,0.0798102401330859,0.0106265481595011,-0.377729705388699,-0.0244033682155666,0.358266273544802,0.31545247237725,-0.498720900875353,-0.571545552747797,-0.0896200199880087,-0.0983353789739585,0.330056398144205,-0.528014253451566,0.0532978366006796,-0.27782433323725,0.275501977252516,0.759150941228705,0.579452171339821,0.311344192238225,0.438881295667526,0.644801016912916,0.250145118920907,0.0351711667407553,-0.125953375618405,0.784998107038093,0.333657108396352,0.0669710398976175,0.152044262633437,0.315059847993646,0.21910980716791,-0.476041006663378,0.286796174474856,0.349877752793304,-0.157885423265237,0.37780388648876,0.251868796974198,-0.029252714363741,0.515652615630144,-0.105439084490619,0.289523601607481,0.399018338660689,0.456741622677676,0.472658085396346,0.139119391805812,0.063725818029349,0.456696919167978,0.238200923053487,0.25233083767211,0.209225883375843,0.0752653544093437,0.142041452839345,0.0813841529200153,0.111233207325019,0.142163110672369,0.0103099758214857,0.208008649569189,0.315574413183036,-0.0469985776305965,0.275724128496138,0.826164648684876,1.02055030769116,1.03975640288591,0.585678880955924,0.121726159519236,0.526947590400609,0.737245905902138,0.499602529804473,0.813222127096526,0.0126668710356394,0.0521067234725471,0.646368913434368,0.290229284528048,0.327831806774497,0.898430615576129,0.704951095132356,0.650302301884901,0.750797458381911,0.778874392530127,0.221773583886217,-0.0892703613130213,-0.1784387425376,-0.0592627389175503,-0.113742301971211,0.268092124186346,0.603319223138378,0.711932568819909,0.501871342457244,0.751405866241101,0.442279967275598,0.347100230458578,0.305342718761141,0.0647091747414482,0.526736089756536,0.472493328500505,0.33524231040076,0.435977300959381,0.704550440694883,0.824112792038961,0.57367769970238,0.65503413749732,0.850215997330278,0.76203006065352,0.40855576292843,0.607695261808858,0.183975566163433,-0.00139583546997626,0.300294709166186,0.336602328329777,0.793932722224489,1.11168337353698,0.881764616622355,0.505553531639205,0.622414634323988,-0.0264440580337954,0.292077791544958,0.456395119761632,0.456216417312278,0.761384276938577,0.506625292641427,0.557678458863876,0.271222132993096,0.210278284273421,0.219985265590373,0.957384765982005,0.778460644805114,1.24333655007523,1.30985809641017,1.14735914043892,1.25045481616971,1.03118772256669,0.790025069708321,0.502463280005016,0.714860787599621,0.641567822145353,0.959310202131156,1.21800299463374,1.0893538954898,1.15461068922107,1.01863330838335,0.832047131176079,0.83665029299798,1.09743828854674,1.07416921170369,1.33231274742669,0.536448253418845,1.12013031079439,1.61129099532294,1.84960878599831,1.65211663332945,1.44718473449961,1.1660903902465,1.4207362268638,1.06462431430891,0.758400432808706,0.635994952992048,0.90571725627803,0.942201042796445,0.433785671689237,0.449613879085688,0.507691338240764,0.754582158676129,1.31169539867203,1.11816395844016,1.5385685712325,1.11589274755393,0.675045342866609,0.691429685054245,1.22489960893606,1.39322653352544,1.44913562572655,0.671233282663032,0.765798552724867,0.963306864430145,0.970572418911618,0.753692885154868,1.03012017752901,1.05305190661214,1.44215903631641,1.60986379751574,1.63751360038362,1.46194243371131,1.58574804324486,1.74451242749834,1.34630520296713,1.1644986398471,1.67799486028765,1.4667191931684,1.4559314776098,1.03483140019557,1.06719857015686,0.998485928426592,0.761270031963328,1.32517395832895,1.02596296379738,0.801322923543533,0.914277420818447,1.19095690256531,0.897319903408184,0.943352883192907,1.05364569282726,1.03465999516147,1.49445280134116,1.54883043072391,2.14894384691003,1.70342897803296,1.54519060971144,1.31200218998761,0.928021631134043,1.28129924650121,1.7145992007963,1.81267410040716,1.21778879582118,1.92898810910222,1.90814299035036,1.40121894920721,1.37287786710894,1.46615884868311,1.96218850419569,2.47897393061127,1.37974171686117,1.31847910833224,1.26974653429119,1.70651375726874,1.23967613749431,1.20802079468486,1.8471632893411,2.13538152828697,2.18617426505585,1.98570170170575,1.51901784596505,2.12994600050018,2.03929226723362,1.67221331920182,1.60345952338727,1.96093357654374,1.69410592701567,1.69396799047474,1.49985116515934,1.31983886314464,1.51638844153672,1.59532908088482,1.13123538358408,1.46668905918065,1.88646168436588,1.89572123718524,1.80658878188775,1.623668348208,1.57502619473057,2.10604335806631,2.06209545611758,2.25062690794772,1.58309441690218,1.83071064029051,1.68582465618409,2.10595706901788,1.30907922691141,1.98311020423715,1.74302929452943,1.43161298164068,1.49567123647384,2.02356701229277,2.19069095654514,1.93029378023381,2.09788564690545,1.94069547650876,2.31945621033486,2.03941179975877,1.82181901097632,1.4481149872373,1.70709268804322,1.8702326226467,2.03168731474097,1.85739104705499,1.75908337071581,1.64791920522271,2.1661905009053,2.14874113484471,1.84050850823853,2.01757561542256,2.56424325476774,2.5749100389807,2.96350139895725,2.94388129979684,2.59253418903383,1.95060381888184,1.94095857119296,2.07511638912303,2.2344532343497,2.11353735807165,2.26588526037634,2.24939244891947,2.58247610934755,2.78335763405984,2.36656231235601,2.46809044728389,2.52061578472343,2.65633844139191,2.31770802016635,2.56573024842927
0.142579657858843,0.099208346018181,0.084972517915287,-0.0826871149433449,0.115135865782888,-0.166830452638053,0.00490684777609864,-0.0653390407740521,0.199161594650169,0.034380872901163,0.0786884328448655,0.0399734867565498,0.140786203891339,-0.0612122398502873,-0.121956091506664,-0.112093330148925,-0.0298067516377909,-0.0352053222412675,-0.197682192247861,0.0988488211158039,-0.0230617129141017,-0.0962387311666193,-0.0440189419886772,0.0374799217249552,-0.298467347939951,-0.0688172337455745,-0.212391187954837,-0.186452925663059,-0.0358454349793431,-0.226870026459226,-0.0995408283094409,-0.10906345090854,-0.103041894005104,-0.062767275063565,0.17511746619433,0.141062195696003,0.131449986956347,0.0991875768975735,0.0940240469062255,0.164994757868858,0.0113589295505932,0.255061301203044,-0.0635007581924276,-0.0767874393981264,-0.0209694174810366,-0.0703943575269058,-0.169657557648603,0.135194946534898,0.0579515546149939,0.000893660829477096,0.0859316708190569,-0.0858835569442037,-0.127771229266011,-0.145005063192102,-0.0581019438652868,0.108053585108692,0.0228527534287635,0.0692056880312346,0.106831741665348,-0.0807251261328296,0.00174128982345192,0.0271076099228909,-0.0380947242669051,0.152282690364413,-0.137394188947606,-0.0135540853880923,-0.0872622194052897,0.100991849565102,0.166356735293903,-0.101088451036997,-0.0106647986733836,-0.0772993051516786,0.176545917559734,-0.0509742366893522,-0.166572318645076,0.00126555221551011,-0.0837307507839926,-0.151756378333318,-0.25157754393882,-0.0088128306589283,-0.0677070568036735,0.0651146127300353,0.0851764125572636,0.035138821993771,0.233793384081611,-0.148005664383692,0.104869843948279,-0.0560053678526397,0.218376242288874,-0.0307531302240014,-0.253605353715785,-0.137877471393013,0.096791523457288,0.193710359348603,0.0821185535963801,-0.0972262215564701,0.014548013883907,0.160206048300589,0.0759923930450541,0.228119832391601,-0.0569820950009467,-0.209533681214146,-0.158263727612208,0.0741362390043538,-0.0557073503107532,-0.123182138334845,-0.127534603044724,0.0615268885490327,-0.014087371734186,-0.10334834856783,-0.198932025948161,0.0772977378710147,-0.0129754720135008,-0.137201977932687,0.0800665377761003,0.118721121794378,0.0236931093398782,-0.062159338656668,-0.144787774610101,0.0330485962932829,-0.0691324129957819,0.086738798011349,-0.158361845750831,0.103457497467867,-0.000775409121281115,-0.112788860059206,-0.00961233792239569,-0.127070542841491,0.00162692435878541,0.116018113326559,-0.0551230347711764,-0.0992060713074836,-0.0228374856327533,-0.152165744503581,-0.0454649051257408,-0.00274390034640983,-0.202657133084348,0.00771808336061501,0.100020570526161,-0.0304145046298721,0.00405906188338356,0.0631540379898649,0.0591309809761433,-0.0600464168029424,-0.194662763653958,-0.144236881204123,-0.234437694134764,-0.0833620953478922,-0.159123394431179,-0.0359591014773279,-0.281329845568363,-0.0154207169709669,-0.181447855046787,0.033112628419971,0.0988846004974282,-0.319412039334228,0.14806693353164,0.0302020997679363,-0.200828146591731,-0.219915109981242,-0.192955764537901,-0.203468198339485,-0.305280346693826,0.0463983973626372,0.142548979634147,-0.0567975542070192,0.0535088310691785,0.0258016434713653,-0.0850876491110649,-0.0595371987663618,-0.116996959875758,-0.283596959185744,-0.205663226362983,-0.053517879101866,0.0329247550837301,-0.021077293161084,-0.104543045815025,-0.344244941641215,-0.14952254670231,-0.00409278637753178,-0.145672099134819,-0.240663915766396,-0.181013579070784,-0.117948288351338,-0.127563776294106,-0.272047306461833,-0.122704035392265,0.0403755561471156,-0.037440803885205,-0.13936822127264,-0.138156551967248,-0.291055199388566,-0.12954804795189,-0.107341179133752,-0.280262313093094,-0.413065475298035,-0.122915741201187,-0.0531655400609891,0.0445765622880557,-0.0620992465952305,-0.104272394070807,-0.327309821003059,-0.0985676837572482,-0.234258828180492,-0.211613949808654,-0.0314759135705794,0.0186438099543256,-0.0299456005107231,-0.23719955275194,-0.325437706419764,-0.540151540368341,-0.290931799375029,-0.430476688218489,-0.169531050170834,-0.139790732916521,-0.151080225573384,-0.159577073015258,-0.246048355779561,0.0378182074674447,-0.350201811759769,-0.383988672138933,-0.278724746062274,-0.278122559261399,-0.325933691150366,0.0155609624763378,-0.0995400475897979,-0.199420587888058,-0.171532455987679,-0.307486354600107,-0.159595237583369,-0.359413735891634,-0.494186026356846,-0.5248863062542,-0.491035131170211,-0.464815207599193,-0.397824575281904,-0.36999073413548,-0.378640956976063,-0.371578595910183,-0.196982969226727,-0.180011638914063,-0.155378917873895,-0.212064111513904,0.0650530383654563,-0.200467418798558,-0.30770780980045,-0.388290756054041,-0.126958104994937,-0.57092433096736,-0.236215056739178,-0.127647182819514,-0.280211858085017,-0.349715219234709,-0.3752172628334,-0.516627533700057,-0.211166596137256,-0.306569221067817,-0.326966156090393,-0.23401608232038,-0.359424498000568,-0.203811642425824,-0.408693410034563,-0.369689132213437,-0.487778772765225,-0.52833000364354,-0.599670289626057,-0.392400128808089,-0.542702904591995,-0.441363004207521,-0.464449668664921,-0.446679551722289,-0.340711958624443,-0.483675981470134,-0.202217401742032,-0.441994932550925,-0.280012454534179,-0.271300611139221,-0.465042508587707,-0.311178292406954,-0.234394776761347,-0.268047273284283,-0.311690121984304,-0.22376316720038,-0.392397718159094,-0.303497313313749,-0.298542415999641,-0.227591534699036,-0.394374948244648,-0.323769070977611,-0.539271081237958,-0.417892911992474,-0.486154940777574,-0.419200922107868,-0.307592510428604,-0.18167394464811,-0.488006615082091,-0.311338721254866,-0.374965036735098,-0.306607708224413,-0.38315972227435,-0.4523589280982,-0.547481658880206,-0.521476935301742,-0.57967411401244,-0.472435918327988,-0.467823730956115,-0.450137601215733,-0.43162756734568,-0.365131080784257,-0.39444067236524,-0.488940424321273,-0.469489828777289,-0.544352566334617,-0.646043681931753,-0.428777809582317,-0.790117324231548,-0.612970948859135,-0.223328672580681,-0.388246321990623,-0.500399550745642,-0.51021174995475,-0.619656411590874,-0.356970592579974,-0.303316194209254,-0.516329289736861,-0.572595942007474,-0.321495032165431,-0.288708482239295,-0.429748110758409,-0.658449145059173,-0.321586366188871,-0.591154367599882,-0.309510632618275,-0.443825856928019,-0.558463203530211,-0.518716425073583,-0.355732239184328,-0.380679510656126,-0.544024734539134,-0.489162203001967,-0.412476971128034,-0.491890521140057,-0.502686113733714,-0.44535476851663,-0.21247961158183,-0.389800622518375,-0.685410446716442,-0.574840694114505,-0.59493658949623,-0.299082821757889,-0.600697927264289,-0.620034330967895,-0.365235378268406,-0.427907871023205,-0.442523787051443,-0.456591380709391,-0.570143441231803,-0.476759217531179,-0.402948812498241,-0.546047180606645,-0.439099312325471,-0.728702093908901,-0.503890502773413,-0.476320620594232,-0.657758504846804,-0.761757115888025,-0.68321844446955,-0.747906465616375,-0.441176386217991,-0.526080147773211,-0.53082210465198,-0.48557205708789,-0.337261101448405,-0.602434640535954,-0.671891230125901,-0.816318807144072,-0.566032143293703,-0.722820587254341,-0.660148270928371,-0.694971639936577,-0.615579837012935,-0.738255438514812,-0.526854557171718,-0.530825324335943
0.147196344663015,0.281251478327525,0.0805837652736884,-0.171053579904311,0.0365038741900476,0.107611941285289,0.274803124620882,0.1073413084136,0.173942661307957,0.285060702971317,0.114132639250762,-0.360872415200882,-0.388408604770884,-0.0323673502113897,-0.21838532686817,0.222848413626505,-0.0748364055243735,-0.215932541780013,-0.290175670771509,-0.303245259194453,-0.148796169095411,-0.0561909388242441,-0.0110885930187928,-0.0352648303727774,-0.354347828570329,-0.00542851748264883,-0.469511897225322,-0.299595418815031,0.179359537848309,-0.0328449561716672,0.0731717761860259,-0.1045582178404,0.166019684121819,0.211885144022664,0.418071553427296,0.462056839345973,0.496426148127161,0.198519079413091,0.268156028024057,0.229871479098183,0.238116755247675,0.485014169392317,-0.127481986441804,-0.259048253657764,-0.111418811691356,-0.161450439489598,0.142073907539999,0.354927187459477,0.153109739590454,0.00684208354312422,-0.105217726523731,0.0413550042024693,-0.288966768847846,-0.182087405834195,-0.032927006604923,-0.024872724767299,-0.236696253551549,0.270190844792926,0.19977768496393,-0.214154348544554,0.0187257408240848,0.0732702255352635,0.0372307650562299,0.287698178669542,-0.010778300048685,-0.190722141451372,-0.283739916138028,0.0429355561621639,0.47211998252981,-0.127172261252732,-0.0960546811127043,0.236862594209268,0.14549384727315,-0.166026032762731,-0.507897014814944,-0.108546687891716,-0.321801000250979,-0.567374629401645,-0.68129583936654,-0.166393702246196,0.0452485474577887,0.0492070621840444,-0.0126285860401277,0.206362506972595,0.384043840163938,-0.204954803877925,-0.137821462566208,0.0518209047771691,0.195786809983799,-0.156666463240569,-0.338425801136039,-0.393138398955259,0.163442229196842,0.271930420118636,0.191162467419903,-0.0786464809161148,-0.0973637933751577,0.497074366669879,0.0598808156542728,0.274804191261362,-0.299651888152197,-0.66837422764708,-0.460769079970831,-0.129887980561137,-0.531415725344444,-0.429206060103704,-0.181659534006511,0.03452338165251,0.153588465517816,-0.430468090600678,-0.312271288073785,0.108457034267338,-0.127783662698567,-0.072667039475385,-0.206296974694371,0.373991101988632,-0.218373362745812,-0.267333430859435,0.0439903974172975,-0.379563143759514,-0.013421664506584,0.148357825576267,-0.514709303084954,0.0991828382127374,-0.119605274921189,-0.409199108172741,-0.0825368760264731,-0.160202630987109,-0.0747657466777988,-0.0503811632103903,-0.334785760521128,-0.159672069753816,-0.0754223438657221,-0.183798090026074,-0.147590717619567,-0.127284612571017,-0.097764862560437,-0.103093468149026,0.0821877556771495,-0.115296594517151,0.110667847117485,-0.363953699646539,0.199686481616038,0.0990498856703078,-0.604009860342885,-0.621726869035667,-0.729737219339976,-0.410018646727775,-0.136684371183163,-0.239280186583385,-0.663557007116359,-0.379686982309349,-0.471470572040929,-0.0904407948880181,0.0891800790767551,-0.457618333588792,-0.154492190137273,-0.306630683258969,-0.498246603401483,-0.292014795544536,-0.393276077515562,-0.405439062745061,-0.774390366710985,-0.210882167908346,-0.0399087718988258,0.0166738374853522,-0.0379675254909871,0.0587496851536846,-0.141402512840848,-0.4618207577556,-0.441095625254977,-0.499985939594414,-0.562057432086721,-0.122765580490371,-0.310628699404887,-0.105342370330827,-0.0531183473746907,-0.391314926645301,-0.1202098095753,-0.272366688555914,-0.238279917125725,-0.273992692502778,-0.657342451133132,-0.609303852935038,-0.228398985528007,-0.615215128819838,-0.491721608554104,-0.287111398029282,-0.467611321365564,-0.0835538366163867,-0.0305430905101321,-0.183813430036513,-0.205863001059719,-0.255921721953223,-0.553018733033839,-0.5412290715394,-0.519482219355816,-0.667398514353924,-0.118254437058623,-0.340042339056799,-0.158891342175413,-0.341096907918118,-0.572768184545979,-0.225698811514343,-0.284936925422405,-0.128059528696064,-0.0907609440523444,-0.21519290338825,-0.835485914277887,-0.548014643316725,-0.872318377471309,-0.839888400722836,-0.738541568776767,-0.860899575059966,-0.771305678520006,-0.544848545681402,-0.243370546535896,-0.565818315701086,-0.371483529984713,-0.85618973124821,-0.907453572109187,-0.866347483671051,-0.632714536493572,-1.0362471926394,-0.432497597907302,-0.496480148765629,-0.585594970202887,-0.649325915995629,-1.07709313865776,-0.372279010851519,-0.651023987414873,-1.03422202614858,-1.35848285276089,-0.997208508041596,-1.0975332397028,-1.04355407278197,-1.0665066608777,-0.684330671274376,-0.400271193060228,-0.521254240693706,-0.674498744068768,-0.727486454665396,-0.319149321504108,-0.279356235211108,-0.194675900971864,-0.542178679573674,-0.86120235231592,-0.922720733145185,-1.23435810071051,-0.570444663944165,-0.740297543203164,-0.360990443747118,-0.932875193928084,-0.805725167949274,-1.08717137082747,-0.423338137864268,-0.617825132063193,-0.906337711011633,-0.717906389922552,-0.712978107600759,-0.687992463533614,-0.661253316961823,-1.0663002005569,-1.26031907163872,-1.02537561099838,-1.15148882627561,-1.18826998306515,-1.24131043671385,-1.27885135120083,-1.0934564033396,-1.03604516804372,-0.828138967408979,-0.983387251732063,-0.934939316217156,-1.01082428832083,-0.640804195418653,-0.573840803477402,-0.717553330090948,-0.718834777230413,-0.611921429986756,-0.648580647147226,-0.839533000649113,-0.722522901009522,-0.475237488853416,-0.815477838472214,-0.70429797898489,-0.93035582674953,-1.36977141254685,-1.56750252457906,-1.42935035398466,-1.24836023104609,-0.684970328702351,-0.761094919275225,-1.02738547915868,-1.20599781383997,-1.29024965685155,-0.894056732227307,-1.38120917201908,-1.17986858696326,-1.1790117357851,-0.955487756135307,-1.06429834659373,-1.54236732356184,-1.68670130545197,-1.30939778374768,-1.0345077853821,-0.833716401737244,-1.16516426449053,-1.06887553933256,-0.767603009009236,-1.53502023391543,-1.55075011952063,-1.52069444617569,-1.51799366259527,-1.18697338091802,-1.49275045402235,-1.52095555219261,-1.24314484367866,-1.2398475577741,-1.52911116549959,-1.3481910922453,-1.28375635048745,-1.00341035826501,-0.83218078466649,-1.27483034365836,-1.23715364628052,-0.745893142035633,-1.11809876715361,-1.25851923519688,-1.38110384436509,-1.51764108506779,-0.885206541595809,-1.27502121037419,-1.36495022306946,-1.48626250665214,-1.69975484205385,-1.35875739463886,-1.30344619113581,-1.07084462772771,-1.44454807783186,-1.05441695290904,-1.40645406129851,-1.08145009645773,-0.982951721699908,-1.02437099875123,-1.61058754139212,-1.37002983306046,-1.51511113284609,-1.51781987454739,-1.41346870577669,-1.60912908445477,-1.45506844936616,-1.26122121384074,-1.19929743054228,-1.26615500524116,-1.44195107412777,-1.40076792608311,-1.26363237182993,-1.33443628175612,-1.30164986002644,-1.35526429694661,-1.48632790480637,-1.23720791215917,-1.51230479092787,-1.81038185943304,-1.90420730722947,-2.20993156877231,-2.13415814964626,-1.77093654942723,-1.39569092110526,-1.34173809481842,-1.48317551005947,-1.55215629159598,-1.52072056962604,-1.82392855282143,-1.78254114245808,-1.7759882215192,-1.89598827094553,-1.6924740038277,-1.67184179875791,-1.80502857456269,-1.78866684767768,-1.56987362759234,-1.79902108808409
0.136784400864527,0.427786447041296,0.135471564052349,-0.0311826343994542,0.111147531227952,-0.179987509432432,0.170067026200823,0.271330215622235,0.0739179330522028,0.233529586143067,0.186607781799125,-0.0675473418763737,-0.145914165072913,0.00531107442305656,-0.117567553482867,0.13175856936766,-0.114231380367287,-0.475854883509309,-0.21782175755129,-0.105556312359336,-0.248997447539336,0.065395237209434,0.0906040723506249,-0.0169764508772486,-0.388129841412375,-0.131878092356875,-0.34528614159395,-0.283108632012652,0.13305624672426,-0.07163549668756,0.0207939651767621,-0.0564469293144167,0.0961354091787188,0.0389782853462771,0.410207907477702,0.567805716183062,0.523173836591601,0.272259998172724,0.30924325173446,0.147781245204133,0.190096692690927,0.278410028544457,0.115908549607536,-0.217089263493637,-0.220058401765058,-0.033641518225227,0.0898073410711763,0.283628081184647,-0.0870886679891476,-0.118350370358073,-0.151210904896728,0.0941334197602869,-0.139336950518816,-0.0764409144989403,-0.158462416555862,-0.111040562658258,-0.21812857566331,0.252592034725558,0.330460348956463,-0.202765324351736,-0.0748555496799551,0.0488584942750658,-0.0936122649683294,0.234481569418112,0.276265192861523,-0.316950897613866,-0.18779334399509,-0.132395170458233,0.275464194769248,-0.00469301750514367,0.166112463688454,0.0188921380233921,0.107991906244366,0.0726794035882125,-0.392825901034798,-0.0546978644807878,-0.1465667758638,-0.262560864160735,-0.665697130491767,-0.0156229848339758,0.0324281133224971,0.0389772584812219,0.00734104558014449,0.147691498965273,0.428636224704255,0.139834377303543,0.0428942362504414,0.184623503200831,0.125692109737619,-0.131941164856509,-0.320976830666793,-0.305046212959636,0.142711263929927,0.272847901702415,0.383907173711968,-0.0272193884058747,-0.08302470198175,0.233288865489394,0.172874410204799,0.366122583665498,-0.383285241160621,-0.53434113642173,-0.391266728151527,-0.394960931779709,-0.270856859507309,-0.391762995156491,-0.249795768088678,0.114457056309241,-0.107151324923026,-0.434862076210376,-0.342797952941297,0.0442019016600042,-0.0952292610637776,-0.19422185967061,-0.0487113228871612,0.215254571279505,-0.169436520118574,-0.156849912854085,0.0867052749803369,-0.288147323857957,-0.186102015354646,-0.108700822939451,-0.375587166321664,-0.0762776408657442,-0.0132235736121444,-0.464534114497433,0.00391035398892234,-0.393119446759036,0.0280352260997102,0.14118435847403,-0.508976155635097,-0.333530707032094,-0.167691647025488,-0.0726555137116064,-0.24705781511143,-0.0480105969090302,0.0778714041424294,-0.202252242240689,-0.217066120234568,-0.0373080354823454,-0.0751268428613146,-0.240076643025414,-0.0487132416919391,-0.115067446853489,-0.479888292285913,-0.54201545212271,-0.459603827943976,-0.430596514471183,-0.0762135279292462,-0.160040857270055,-0.374262233982176,-0.366068248293972,-0.350162635220264,-0.0852779307839729,-0.0352293244115764,-0.377890532502813,-0.170767064494948,-0.298755824442066,-0.325885172273414,-0.378485291380482,-0.41969352806251,-0.63003015447654,-0.291754667036634,-0.0484806211360296,0.0226341010414842,-0.0941126473724766,-0.129849881923302,0.140641765227203,-0.10791483846119,-0.244744859088034,-0.334078619875769,-0.392180149087937,-0.420562987540205,-0.299438151656312,-0.115425928554721,-0.17855646188704,-0.108530262963747,-0.265940259717604,-0.161186335829338,-0.046442923811844,-0.00664794652768019,-0.425695952313354,-0.499926302498341,-0.381059991166262,-0.207793208969582,-0.608002581860009,-0.433280502927361,-0.18955584599024,-0.18310544903062,-0.263541177672843,-0.0371594970435725,-0.280773541475598,-0.0737579653270303,-0.403020853149935,-0.531029805789522,-0.447749370938115,-0.264240180511953,-0.471148068721811,-0.0274460895432111,-0.284399600895704,-0.173154812072307,-0.363845593736757,-0.447872016899566,-0.421763352128203,-0.339436209178797,-0.165758499460072,-0.0018892530789249,-0.191784982189281,-0.575880738939672,-0.389312885613489,-0.790414292745214,-0.799351207111587,-0.447623130244872,-0.760992293061225,-0.57402571770198,-0.472915851538325,-0.494687923617307,-0.409536385354428,-0.429649149566516,-0.605340980097877,-0.669908305219837,-0.564090103659107,-0.719978783674217,-0.552690115103552,-0.320137999727839,-0.151582324892863,-0.494012872359615,-0.597787476977849,-0.801153296139024,-0.402903754818425,-0.613816333483668,-0.663221749683246,-0.855986358001666,-0.75481772820433,-0.658155816974348,-0.644381547995609,-0.661017386087968,-0.566457813677788,-0.603004546009939,-0.289862499734835,-0.573980018018177,-0.617492846761573,-0.426979693103298,-0.298703594584501,-0.369471088942257,-0.543650262131548,-0.703467996697584,-0.553308133701759,-0.783792363419297,-0.597795456428053,-0.401378698883474,-0.431225014327767,-0.641358463871379,-0.529716556306982,-0.759738549132107,-0.378520156889285,-0.350475881412541,-0.51675799550237,-0.476203792000844,-0.482268678678625,-0.532474971677593,-0.895586601128978,-0.747888996755638,-1.17377277131025,-0.940761582992003,-0.831175804001487,-0.846748193854223,-0.905946505840344,-0.758926092089233,-0.613328816069758,-0.971963285767513,-0.845769752920963,-0.817242957401095,-0.707651184182843,-0.613110788840619,-0.385570622883822,-0.303526801243623,-0.573582415544895,-0.786663645928666,-0.528912979453064,-0.346282219778765,-0.804316634214347,-0.542206687862542,-0.43904249533234,-0.66172148792092,-0.512883174460044,-0.719985829666373,-0.924159601186395,-0.964814610421658,-0.947211577853749,-0.861689850538557,-0.65711376432373,-0.526407291693242,-0.669055649272341,-0.92992194777722,-1.1011198585321,-0.757901035789587,-1.04083548059079,-1.20640971313226,-0.565008250012772,-0.81683197248867,-0.881556112803025,-1.11967372065788,-1.36519753333279,-0.653110246831852,-0.747661461386371,-0.733381840395321,-1.00304302374131,-0.644713076763044,-0.723109560749656,-1.23349682710302,-1.38465639398351,-1.35318229558829,-1.28136870102539,-0.879186242546421,-1.02223643627906,-1.21805916154325,-0.754234948949727,-0.926959991012778,-1.23476530757057,-1.09484513418415,-0.855323237327351,-0.828626552837388,-0.795452410702203,-1.02556507956779,-0.874972690154565,-0.750966396078386,-0.873264109383228,-1.07572686946794,-1.21652544708403,-0.963976238015375,-0.848424394958629,-0.97300174036048,-1.30067009960217,-1.08748841864389,-1.12927134468583,-0.977991400457605,-0.898567462149954,-0.789591397159371,-1.07564260889632,-0.662714949187668,-0.98553626308209,-0.859119267775361,-0.670813751369373,-0.68848059572186,-1.06781651067547,-1.11281221847775,-1.11798732187454,-1.34121350164439,-0.988691474621255,-1.31865184718642,-1.01281352611235,-1.016687649647,-0.710672512591936,-0.691980541340402,-1.07644012172335,-1.17498737288508,-0.913026986352857,-0.951866038991652,-0.923258005505272,-1.18854202473651,-1.15961903503149,-0.946450770553502,-1.16095651128768,-1.39439982284828,-1.46146054678399,-1.60947500523836,-1.54558142831023,-1.57133847887993,-1.14490561187016,-1.26485981494546,-1.17082164344607,-1.11520144411045,-0.987800782151233,-1.10366782172776,-1.22179102644131,-1.37274658323127,-1.43134022327268,-1.26177121814269,-1.18800663172023,-1.42817209483155,-1.45286058432432,-1.19473478833288,-1.39922241770884
0.439016254111832,0.914000633689393,0.480224127217385,0.0164665488106532,-0.141827281163041,0.0413738343589297,0.584823950689115,0.156352911133369,0.218358147114531,0.254079529158519,0.3630823690655,-0.426304417238517,-0.11428325902826,-0.0600318286331989,-0.477503637414975,0.328969755492794,-0.218945016393882,-0.75174311364846,-0.447096228051114,-0.83194501276546,-0.677204577889066,-0.181355266997277,0.218629777351545,-0.0349740455853269,-1.05040294371331,0.0513148601949562,-0.668863754275731,-0.931171124518104,0.133051742051301,-0.325413604027021,-0.372049531490105,-0.112931355067813,0.181447814733565,0.240357515749499,1.08223147650958,1.09164974946236,0.946838023561861,0.987420927667985,0.481443289478283,0.708942931250058,0.552910466584156,0.611582892267229,-0.0455936011677265,-0.333767107709845,-0.0695106626042064,-0.195785834646727,0.342565715845063,0.557725188005924,0.48998165812581,-0.135673733105194,-0.360077262256357,0.129984391205742,-0.688858129659382,-0.409280245035492,-0.231661639591179,0.0654911714303598,-0.412776784946941,0.650382513392297,0.277147789292305,-0.0274143379559405,-0.081984381665578,0.204085206488977,-0.122252756531959,0.509459915499383,0.230806807932238,-0.354394867311573,-0.459292617558967,0.0736960504215686,0.659328819367757,-0.184344112639975,-0.0313348113725971,0.0976629157019207,0.192990710256542,-0.395940836277575,-1.01122654035706,-0.364928849838981,-0.763482971955821,-1.21924736558065,-1.15534963008694,-0.157977093484726,-0.212726045177672,0.231505597822673,-0.300209347152513,0.25888378119232,1.00642765050805,0.0575829568705043,-0.00472759488102098,0.0890522679534386,0.386395073916705,0.0211182525269945,-0.691877508640846,-0.401134623511568,0.537103139549385,0.589424547651912,0.486469787610079,0.00590104402645093,-0.254798614874257,0.517109387964345,0.139639169790264,0.560659574235684,-0.463173018374991,-1.32633956027759,-0.99749702960768,-0.439152666961473,-0.857354427425384,-0.992299127932529,-0.312874033167648,0.186474668833109,-0.168723990582772,-0.819194403980608,-0.62387319979465,0.186283969026709,-0.0858569994102816,-0.377344482191851,-0.367314912541664,0.55476372781675,-0.13369487630381,-0.754488358018944,0.162112328789651,-0.523189685660183,-0.514745480957921,0.183093401958652,-0.855363338215639,0.143083630434575,-0.426828435382001,-0.91454662645831,-0.56454728789759,-0.85541528669413,-0.139763791916051,0.102206466201859,-0.644004559696459,-0.320185169731093,-0.412329924087885,-0.246047992108108,-0.0685782048619523,-0.315767114335594,-0.0573131271978876,-0.342408520939552,-0.0395632011272553,-0.233921385398466,-0.0798491798529863,-0.574097206224782,0.189330113325564,-0.317869115607436,-1.10646076797766,-1.3484391015351,-1.514560986315,-1.04953713340782,-0.386745608162387,-0.681646338944368,-1.17151837796429,-1.1388494216929,-0.865801267200234,-0.0344389409675674,-0.128059053646804,-0.98358515368997,-0.379980556928505,-0.56570288733395,-1.16708122764424,-0.831507454674997,-1.16434611634236,-1.1870031882533,-1.48050864799199,-0.522461736871827,-0.124391731490586,0.348358297165326,0.301336111263586,0.0162986379565894,-0.252107091678775,-1.18453210423881,-1.35215341423887,-1.06458544339317,-1.53270927257614,-0.733573100877517,-0.526401635696456,-0.329726419540469,-0.0619351634618383,-0.740710959601382,-0.43738283123707,-0.71337437300901,-0.694731315448604,-1.28213825910289,-1.53798738623257,-0.98167368817042,-0.891949670919024,-1.62946915659811,-1.25837440256841,-0.503728556917334,-1.23389639242298,-0.352038925885629,-0.440609013406097,-0.618811908902444,-0.482133091181267,-0.725542452796415,-1.39787402928638,-1.57380424321306,-1.39547101689364,-1.03888459512953,-0.224053770165402,-0.195372657651732,-0.615851331555416,-0.828263580631071,-1.1897770415323,-0.545287062548438,-0.999734532105524,-0.550377224487718,-0.25068234951653,-0.570400926720204,-1.64152465502606,-1.24314390242567,-2.18213699951587,-1.98822747093115,-1.71563618237459,-2.10324441337693,-1.74684760986506,-1.11761343497421,-0.888454030894812,-1.26594926625925,-1.0680850866059,-1.94421047785638,-1.8339429683903,-1.75158041578206,-1.91756963048394,-1.6532773312611,-1.26163473926831,-1.10794216212653,-1.73271909281354,-1.43916312946159,-2.18449703880857,-0.936166085597928,-1.692626805346,-2.33809686234116,-2.86335063913335,-2.56065052150719,-2.27675362727213,-1.95363309033941,-2.18097570690969,-1.9712792618864,-1.412452486873,-0.913599684081865,-1.52597563066436,-1.52703334442526,-0.846282920702381,-0.966008942578882,-0.516428619436347,-1.56956652030494,-1.91283309352334,-1.54202890831013,-2.549230279221,-1.57729842182698,-1.37996703733937,-1.00022432701485,-2.09395642454109,-2.01004371364188,-2.01048776045175,-1.1826829375342,-1.60755758864755,-1.56004852169261,-1.73867246698938,-1.36041883156521,-1.65765416734715,-1.48629315494247,-2.19445339621711,-2.89644237036623,-2.53895192198356,-2.66096989855268,-2.40619933466238,-2.74109065466611,-2.509968115757,-2.04107948490554,-2.60367726729415,-2.21436863645624,-2.47984588388345,-1.44976118681113,-1.79315679731313,-1.39570569568569,-1.2293153850238,-2.10164028900562,-1.95934235889477,-1.61360028066699,-1.4235481731209,-2.09248975452795,-1.64878373204739,-1.60029792677866,-1.62213292037524,-1.50184201365786,-2.59480116944722,-2.62623011852731,-3.2761437948848,-2.84445532639218,-2.17101487837539,-1.86101945188642,-1.69372120741396,-1.98299997601213,-2.79311627451892,-3.18349022823233,-1.8414942775845,-2.93397561932373,-3.01137193806632,-2.13611816651492,-2.09809346948477,-2.51856645613163,-3.1529928174033,-3.75521748102297,-2.44750004781592,-2.44578652167347,-1.97223169311325,-2.59822457725306,-2.22301445066024,-2.12521331385644,-3.41738635055898,-3.44599537409237,-3.31627466857362,-3.25847750011096,-2.57555074729386,-3.28818386208293,-3.27603948760674,-2.736076804222,-2.8288065134117,-3.33975553827472,-2.9232119598191,-2.67030489141941,-2.19031673365948,-2.06953908521425,-2.55694793041206,-2.62498683723998,-1.80982883071342,-2.67063171790217,-3.10112628816939,-3.28301734964752,-3.12166386054607,-2.37523324963571,-2.63297825488195,-3.21444037863562,-3.12849097186671,-3.62088388035094,-2.80784225824659,-2.97898921941846,-2.44686655349048,-3.25283365623517,-2.39009511176267,-3.20402391387758,-2.51927755367729,-2.44120190875511,-2.15795691510127,-3.24570526129512,-3.14312407263642,-3.14403942422078,-3.4738754235921,-3.02761648855478,-3.50148569569143,-3.20574281111029,-2.78738802275995,-2.44833733409272,-2.37785488412633,-3.13886173552883,-3.34305200898142,-2.87280439664902,-2.81082774489085,-2.82762304421104,-3.53549781786777,-3.39976704052844,-2.91411282770788,-3.12846668283983,-4.20572188048131,-4.29786834122932,-4.64016144844123,-4.64412890397973,-4.39951371625634,-3.31862698243076,-3.26453533040108,-3.18180248088588,-3.70430745579007,-3.41326968002881,-3.68679049330648,-3.78687494206689,-4.03262160832157,-4.26395499916241,-3.73337423315897,-3.82577626663645,-3.94046950397925,-4.11904446174446,-3.63445066328674,-3.92288744961248
0.092304130694957,0.428683641407623,0.197995650482198,-0.0878873616439295,-0.00161361772882322,-0.184507473194027,0.288828692132106,0.133060214330617,0.122114752940553,0.256637232986556,0.148813681022166,-0.243016145915952,-0.184856743011968,-0.0135235035650225,-0.401356504358524,0.154893481928762,-0.378474538569209,-0.215315428432263,-0.304721216031092,-0.2811972407163,-0.402496462181147,-0.0477591022285685,0.0836033746482553,-0.00286533021011121,-0.564018940456782,-0.222443119861041,-0.425354263474444,-0.406832808019993,0.122480787433284,-0.159370136652551,-0.291005287193708,-0.0723629315629782,0.164871471911183,0.270874328222185,0.672962042108825,0.733889682603552,0.671302066235555,0.475712700148311,0.153558538749172,0.366257188801206,0.134952738198982,0.429431502411556,-0.0567068206795959,-0.262863019852553,-0.203446409978435,-0.297359596581836,0.153882400105021,0.236686377691424,0.19458233612309,-0.0109704503075908,-0.27641522142633,0.0284701369289504,-0.314778985654205,-0.20195152123372,-0.0191711496606054,0.00434399106943677,-0.171159794058161,0.486110233923945,0.137053354547291,-0.166322634352481,-0.166513564165572,0.0217468208250457,-0.0487770212992689,0.352768596431743,0.119793327404704,-0.248783895502375,-0.307600190362291,-0.0524420713456885,0.396162925464436,-0.115487341239792,-0.146941206286561,0.0746859494760633,0.0823918396604601,-0.185025689969859,-0.43775218370194,-0.0906135235254342,-0.490724015848449,-0.661782528768939,-0.834005750534019,0.117260177551864,0.0757401252797055,0.021195323607113,-0.0562993066908883,0.197847101910771,0.714679569842267,0.00361415003478371,-0.176856946938413,0.282349745700003,0.160973549710057,-0.0199219352187815,-0.391029143803658,-0.178730209980263,0.135547991355231,0.488126147637707,0.193545428030022,-0.0360578682960996,-0.185431675663889,0.333819484872083,0.122349555945369,0.211890621353741,-0.18734807596697,-0.8837996972769,-0.339053528987195,-0.223303082912595,-0.393044808288156,-0.527731238438527,-0.198934704721671,0.110178533051257,0.113847834643638,-0.536281907591844,-0.300301923938688,0.0693106591020938,-0.0514830007919941,-0.338812477220995,-0.239180650796174,0.414463411361374,-0.176603742806994,-0.384870165615341,0.0281484389759795,-0.247668889361461,-0.246186148060497,-0.0332770041098561,-0.514329526226224,0.152625379533402,-0.211616592767934,-0.485882929122102,-0.380599974532752,-0.355018657975145,-0.196403908012859,0.0640942594337386,-0.480356360265138,-0.236613620416936,-0.0836541432648079,-0.148718461864993,-0.201444930852074,-0.24108414409904,-0.334048627495936,-0.0993119441918902,-0.0522240476699097,-0.160489361921733,0.0136822607941252,-0.308333230629466,0.139801045723927,-0.141337236385199,-0.485934168320513,-0.836502182942011,-0.892889017927169,-0.526236583879474,-0.260516762578826,-0.42365255979361,-0.629558944497853,-0.546716969682428,-0.340177203869101,-0.0791508569786146,0.00366711552711463,-0.389269045470787,-0.362630421069583,-0.235771621158061,-0.688390497605514,-0.49778046770575,-0.685014703460415,-0.69522923249381,-0.748804891195035,-0.036730143097391,-0.0946685998450219,0.174977958928337,-0.100881521269135,0.0714537549399917,-0.126284202655775,-0.628735960942315,-0.568792703527304,-0.554863054564754,-0.822757050750867,-0.230945062199357,-0.119159693553528,-0.0432288606922475,-0.118434947770353,-0.499923758763941,-0.382118993038929,-0.320893324670169,-0.626697853085225,-0.428820675860784,-0.857285485971743,-0.439557050532606,-0.372348427192768,-0.738907265526876,-0.637653103342784,-0.314664756746698,-0.657672217225694,-0.231274089261504,-0.318574529015484,-0.385916647380173,-0.221519252187357,-0.500066269526811,-0.69017724885149,-0.628040611388201,-0.572648856391471,-0.549561471740885,-0.160015368307065,-0.0787149817955247,-0.281198751767602,-0.397466824712333,-0.641777368199236,-0.593886326352589,-0.386688374628993,-0.125576438778079,-0.123916014937507,-0.354290592665182,-0.91528205943432,-0.740653548042194,-1.20157473113915,-0.895013893546331,-0.757265467892875,-0.866690911243366,-0.82466996475838,-0.467090872688802,-0.264706020988102,-0.518509562772807,-0.385329838722537,-0.794406060520798,-1.05336127613766,-0.93192171765178,-0.81823835967094,-0.999841702966561,-0.519687427740311,-0.796045478709075,-0.755677648343519,-0.766520099130663,-1.05505635829037,-0.641229888595479,-1.02006931782374,-1.26491773082397,-1.58873469405519,-1.29317895368725,-1.00068222775659,-0.946227922965026,-1.06274223461018,-0.774457753673786,-0.378497200256276,-0.50586129122437,-0.634683622754929,-0.865018674589815,-0.226330982145758,-0.584110204000012,-0.413806172297353,-0.696266205765462,-0.974583384221117,-0.942746681730276,-1.32359272648082,-0.825573581631687,-0.567676868038186,-0.484964680699659,-1.1237385081156,-1.0711094360772,-1.18565675269736,-0.579455818600056,-0.985628626418064,-1.00897506010792,-0.931842106307036,-0.772537664801589,-0.661840564729123,-0.961013513565437,-1.12202987004854,-1.44185562297449,-1.32797259952249,-1.39051290421416,-1.4294899637124,-1.46096344698843,-1.18246592754337,-1.13545080439087,-1.37400794856917,-1.23267804726355,-1.24130191082652,-0.833958212662946,-0.855027516441929,-0.700233324324824,-0.781330241262081,-1.05939567042505,-0.889171253953838,-0.631794155654492,-0.750260016828272,-0.964148401889132,-0.778302821428594,-0.749202479098794,-0.916077112961745,-0.853411309713043,-1.07765547350639,-1.4820663257696,-1.6022413471439,-1.69028152191417,-1.25315399917835,-0.791247184209195,-0.840361623187466,-1.09400178128542,-1.60265502991362,-1.45584041458014,-0.97657979775066,-1.56128683037243,-1.60179334870921,-1.10006956718824,-1.06788591506077,-1.33763174564307,-1.7537820129213,-2.05162440912642,-1.3316580864954,-1.21849822775257,-1.19098167220833,-1.21957405230718,-1.24080300484815,-1.23009039512182,-1.59858248118639,-1.65002365720613,-2.07916070166304,-1.76729872581333,-1.36724425739068,-1.38510424403166,-1.63715948360789,-1.50053475710685,-1.52458366272039,-1.76576334318321,-1.63341880133694,-1.30705905959055,-0.994009736675156,-1.02961303117975,-1.41972744339999,-1.52502225744415,-0.893374162610396,-1.26296629768397,-1.78550862291993,-1.63400775369132,-1.42223566071425,-1.23284594684772,-1.12525309988569,-1.79061650232017,-1.81601536322795,-1.83559297313197,-1.40774166096639,-1.62570933732317,-1.54317497888005,-1.97597794243451,-1.15325855058949,-1.64161457785081,-1.27626921365727,-1.19479274402874,-1.07119231831975,-1.71641162997992,-1.65594546965674,-1.59628037691818,-1.75931292092174,-1.52834651345662,-1.86736862726207,-1.45223779204247,-1.57836827380908,-1.30040487605017,-1.22358307986187,-1.75201070817137,-1.82485942640956,-1.39628063096326,-1.5166181040107,-1.41233628540166,-1.91688726301712,-1.8019065870866,-1.58970276386846,-1.72433889351748,-2.1651330115886,-2.12035458277802,-2.48186508902699,-2.53331513704307,-2.24952739405498,-1.75068307943898,-1.55354048258945,-1.73976403006393,-1.69793483958701,-1.78322538684313,-2.02694721449251,-1.85044263630658,-2.13554636893828,-2.26707506570929,-1.85645428885147,-1.85132325811571,-1.89078798745461,-2.05818980132763,-2.02507853977025,-2.1584711837647
0.0892040860492792,0.363358314940105,0.065430229515442,0.0838588970791921,0.0842913176854314,-0.0951575369637725,0.154463963446534,0.0183549956588518,0.0694113089180963,0.17603470823447,0.19486683805867,-0.172950137331879,-0.0501348544316313,0.00887115056677855,-0.344850365698239,0.0724634369069126,-0.137869547068407,-0.0856990571780728,-0.148158173144265,-0.4295692287772,-0.117027200915787,7.69704618294037e-05,-0.0794982194733508,0.049968572012233,-0.369352082351923,-0.1567793314196,-0.283220299759151,-0.342218104318663,0.0192456055490228,-0.168889253188452,-0.361033082943856,0.122130757769315,0.185112579155209,0.138286692657852,0.342135198022152,0.398738239176696,0.388696292134932,0.488946080939588,0.122711934698386,0.190203052806026,0.113106042627115,0.183182505931636,-0.0450089432130328,0.0410580053935954,-0.040631977390528,-0.244534170296594,0.15189732469138,0.28531040180818,0.170131368119214,-0.032509491531173,-0.211996941951668,0.100747524867377,-0.0564421890495105,-0.231538957235356,-0.218868319720865,0.0529758490664942,-0.0302254610193978,0.0570115372613698,0.0990700386385878,-0.0644163226540886,0.0157992227046335,0.00586390086548932,0.0817442732092458,0.227826397282527,0.137307402090838,-0.102214320563216,-0.219230583995894,-0.226403215048024,0.268851002351806,-0.139793773119925,0.110624179083197,0.134621237304494,0.0612729578324526,-0.112834293710435,-0.288203308989386,-0.122881985063646,-0.290929711886163,-0.556904725077122,-0.437085767555319,-0.114372265724934,-0.0628550183960616,-0.0496225644890232,0.0577584438574227,0.0987284992069846,0.375396299241984,-0.0369728448211542,0.00206762312964107,0.109150677037905,0.10193210695597,0.136007276839681,-0.146871553996681,-0.117885041879823,0.304087461259519,0.342052825688713,0.125946044249221,0.132536837525249,-0.0451475638024748,0.300847263722632,0.0716978721999855,0.456176439834295,-0.0976784741630744,-0.576184135597785,-0.143830837133171,-0.292383158989108,-0.273900747186223,-0.183904373466253,-0.0976456436731097,0.0638138756615049,-0.0739528492520557,-0.246416085139414,-0.194901466822228,0.139980930189537,-0.0353270968846554,-0.000942092010620871,-0.15253007143578,0.235824866183021,0.145075831550639,-0.168616036398179,0.215554979303443,-0.224464727704928,-0.131814110241693,-0.0697230983764624,-0.173858754188811,0.152748798985489,-0.197607538895573,-0.221910884960042,-0.0838962445476873,-0.220575337130995,-0.0824500628478445,0.0821076682437586,-0.131417845945111,-0.270806261740169,-0.168022840332239,-0.109275343561491,0.155081426628437,0.0101824321260593,-0.16809787441349,-0.0889493986568229,-0.0492514123149767,-0.053311283683577,-0.111855880674765,-0.234326718509148,-0.01969293283174,-0.273281380550733,-0.443468989437883,-0.405579579156586,-0.427974298374932,-0.247203175419795,-0.166602430341678,-0.0825601233113426,-0.261396791008535,-0.468036058700498,-0.57391823933519,-0.153446893286708,-0.102219976824265,-0.331172745561619,-0.216391038930823,-0.352936980286066,-0.331265158816702,-0.489463707317916,-0.609224107682289,-0.249565764158181,-0.503533897722222,-0.177394565521833,-0.158914389725161,0.179837376942793,0.0637951011014145,0.165297147611537,-0.0953348514589983,-0.221141597589313,-0.407054027977219,-0.266690793102485,-0.662508251976093,-0.196401860756585,-0.171727018809464,-0.0737532288229911,-0.0662907301559767,-0.209611732210691,-0.176763551517611,-0.225740593147786,-0.206176624119115,-0.432232963947049,-0.442471298905046,-0.366370601121651,-0.468289929604308,-0.331464474917194,-0.504925906894415,-0.190641918161606,-0.329692838131614,-0.126599188779516,0.130282440400868,-0.251761879135319,0.0190914343961664,-0.168079655401888,-0.565187397430263,-0.377630457015275,-0.529602415528819,-0.474916169543215,-0.0727042642940346,-0.0180076355474845,-0.108180820886416,-0.158615027161761,-0.415580283519558,-0.0226699067770431,-0.192777929635984,0.00466582621839745,0.107339966941888,-0.131340626667393,-0.653767595398055,-0.426006090712086,-0.817925555719667,-0.568104242224564,-0.450749804759637,-0.615305562462737,-0.479233822853234,-0.362523563024971,-0.134558162589246,-0.415663607440968,-0.213357273077141,-0.465195689007508,-0.588611471275071,-0.496541695563924,-0.642180728220177,-0.533438438058767,-0.496364444350791,-0.312094754729943,-0.466174644929325,-0.496440364609012,-0.536186776297583,-0.411889840952046,-0.614542433356833,-0.869880592476216,-0.811385188701783,-0.933504080589432,-0.726298698771232,-0.687930787357324,-0.722303962375434,-0.62557227582539,-0.419718626606819,-0.335764983495729,-0.344320130519835,-0.49847563913056,-0.257251460281101,-0.357823696665475,-0.17500540226705,-0.376336251335329,-0.715795585358011,-0.50705644761378,-0.635634944230018,-0.688429286813601,-0.220729948970575,-0.344709149410268,-0.544837670486858,-0.728159974341477,-0.807482605615535,-0.461084048564124,-0.530397196037032,-0.406563941454315,-0.535887273263752,-0.581394277352703,-0.58979822530076,-0.628028429349034,-1.08593665301767,-1.02281940043737,-0.938774735978961,-0.834853885096767,-0.612494085746706,-0.786260124714057,-0.888810936777723,-0.729857405887731,-0.763887891163255,-0.712301880067943,-0.773060241693992,-0.347349895696012,-0.615183857880452,-0.581616432790715,-0.404421706101148,-0.612698185086198,-0.752547519069989,-0.569642992209988,-0.490880135994307,-0.698501968150895,-0.602685503695588,-0.689852629893741,-0.365462691145011,-0.432115733829262,-0.922169323293062,-0.698561840099588,-1.19162480500174,-1.0410892452894,-0.804826347752975,-0.433806434536637,-0.566330594882393,-0.662390513453322,-0.959720039414599,-0.983502788242061,-0.688298549908593,-0.943360458694809,-0.952424684325719,-0.805067600893287,-0.838847423606503,-0.912781750306439,-1.12293710699039,-1.29705886589865,-0.918272270960147,-0.806868555574737,-0.666187129342618,-0.763879729354011,-0.694881685243203,-0.718275680384691,-1.12138169177526,-1.20220392026508,-1.12041062244633,-1.12060356748235,-0.829413221634153,-1.18387565437899,-1.09699098433487,-0.839111932508223,-0.998384866786612,-0.907293143240966,-0.802636099302529,-0.841319223854618,-0.700134468037906,-0.765139947261835,-0.771404663490189,-0.744341053229593,-0.453127523529072,-0.780746685529796,-1.05254449429124,-0.963153265673382,-0.803186224998451,-0.769087300644289,-0.883396817602943,-1.08282577353971,-1.0210089143455,-0.992117316058323,-0.960306321601161,-1.10644664582215,-0.856679266497163,-1.0432562303955,-0.629758007644698,-1.06914607724812,-0.682471085881434,-0.652138674977822,-0.715919515685065,-1.11412178660022,-0.814536905850326,-0.977353370302217,-1.07760071430785,-0.92615786541748,-1.2600316037619,-1.19426303181685,-0.980876173475419,-0.817748915992251,-0.92340936300233,-1.00923922325173,-1.16189342120831,-0.783595135504874,-0.94257224363766,-0.782637202494631,-1.31954429302252,-1.09208551191136,-0.834281907779992,-0.979150763206018,-1.60097143486819,-1.37925397453099,-1.27551387911622,-1.4645196096446,-1.34423419768378,-1.05386597863745,-1.08287005916427,-1.03099114297472,-1.09485006770557,-1.09897672479488,-1.4243010518603,-1.01840975400857,-1.28214004128234,-1.32921369752643,-1.2013719005635,-1.18211991514688,-1.29205904475019,-1.29809113298369,-1.03449001670963,-1.3924612083
-0.101710171751768,-0.114051929357075,0.12020188363399,-0.0912274428583877,0.0166766270680444,-0.071250341927024,-0.0305795094560305,0.0474170135072111,-0.175750107661684,0.0138189229114382,0.00828670101601409,-0.173494676108479,-0.101331011444741,0.0781452284258043,-0.101980260252903,0.0913321686187491,-0.00917165144109291,-0.237705896032127,-0.131830787903918,-0.160885492923699,0.00765072350920334,-0.113139047656145,-0.0524625032768364,0.145626131221473,-0.237838199029962,-0.029683114498305,-0.0246248287671098,-0.0562110965960516,0.0390203268592153,0.191481427358604,-0.277225539304032,0.00680958335023508,-0.150861622203316,0.0378429208305884,0.180841615275992,0.136297129839568,-0.0467035063554196,0.0420981719189172,-0.158004579210792,0.0573547833159632,0.241279896444505,0.0333260134360246,-0.124226720246555,0.0295974456239827,0.0435905761481938,-0.213848393019718,-0.027433983303173,-0.0752215680679685,0.13872650384279,0.034621571065685,-0.176747470859684,-0.0755865865975769,-0.058431537275723,0.00299212550752914,-0.0750055432859578,-0.194772932266562,-0.0238795283971259,0.0576114690811648,-0.0176669513174483,-0.0368706384888314,0.0130528744595681,0.0579165569364696,0.223022180692959,0.117225200649666,0.077737773746513,0.064308726302766,-0.0828418071041342,-0.0832687317058963,0.271749907540072,-0.0465551811771619,-0.0203662884851732,0.0499830331105523,-0.0276904697112805,-0.031948023417005,-0.061312550053483,-0.1123127298449,-0.00678055238384166,-0.191190541410417,-0.0898098093968454,-0.161914487196387,-0.0669389730051945,0.0277868486650173,-0.0301014446924248,0.12634508926527,0.280410922223939,-0.0816811286403872,-0.0895994420701253,0.0256029662808307,0.190885916140182,-0.0721699385466741,-0.176377477957396,-0.11030780835576,0.0335150052580925,0.116291623490852,0.165687297913878,0.0328049552902483,-0.261435287574099,0.0171520790350677,-0.131124750007545,0.237876868813514,-0.171957685744867,-0.337179164204177,-0.177506748707946,-0.179959196237828,-0.0749697143747685,-0.195901050625965,-0.00976063738600139,-0.0443324097105901,0.0204862483018492,-0.267150482469441,-0.0776071298176413,-0.0465874331525792,0.0668198700924386,-0.188378578619474,-0.118446885202065,0.0637597594340532,0.0160999667765499,-0.186308575906276,0.0187432576817438,-0.0898314196148108,0.203500367949294,-0.114291853370336,0.0145726517397012,0.018489263843657,0.0693122304100938,-0.130188662873048,-0.159798076427712,-0.11076557686564,-0.0837798673312968,-0.0667948528598175,-0.161880005762734,-0.00438724878559151,-0.0339273412467969,-0.110740488555976,-0.0488697745067586,-0.0758877729418673,-0.0863966287629973,-0.0277246850366356,-0.0346199362707356,-0.0337373941689816,0.15502968314875,-0.0723996008721405,-0.0954096245711114,-0.153976420821902,-0.0193176149480477,-0.0125498232225949,-0.134509647830833,-0.196189706683728,0.250106935830147,-0.0283276044786067,-0.0752391789691193,-0.25124862528515,-0.186046410392707,0.0578329116450933,-0.178084204092377,-0.0290364852423364,-0.165830953071866,-0.221707852374186,-0.195917140206917,-0.187984439882969,-0.238303476035159,-0.28284750954062,-0.213396541379729,-0.116477173373312,0.146944589073204,0.167916026324346,-0.061641012250009,-0.0516495772179265,-0.0205926954346155,-0.358678770449172,-0.0846643330971935,-0.0400911393573617,-0.060991404937305,0.00305854285295909,-0.0896256500235177,-0.0643258149088607,0.0417661264332156,-0.119285721900578,-0.0476339249029014,-0.101176985804698,0.060740653487931,-0.159667613700594,-0.195485871536282,-0.0840952412860596,-0.139676844802502,-0.322339498196766,-0.0255763431327703,0.04329875003381,-0.0645814775881092,-0.061406130601249,-0.0699711011138747,0.0190559716194055,-0.0764949279153786,-0.18591715313766,-0.353754887235382,-0.117167064176709,-0.277209502505423,-0.244223924166789,-0.0182688440201763,0.00532016635169531,-0.143656972818386,-0.297999561753057,-0.249762594402712,-0.0838287707031543,-0.164926670492569,0.0480470907478654,-0.0488614470673176,-0.120313739572434,-0.131597363583067,-0.131649273758976,-0.326910443939303,-0.201092465499006,-0.300672644568087,-0.264113146380091,-0.221475376475768,-0.236692016774815,-0.00158606702706841,-0.0822962503347001,-0.014926533326833,-0.213230725409204,-0.282505651751702,-0.171925766601521,-0.59801860679002,-0.153612447227503,-0.163974529165016,-0.200226760130604,-0.315920600818047,-0.345596742548065,-0.29425372473328,-0.154093218382436,-0.18594691186693,-0.433826935865869,-0.421411581962538,-0.439618019228017,-0.45529606840012,-0.422854501343678,-0.329561063406674,-0.141029891037687,-0.301698070536818,-0.00479131356289822,-0.0861977574942247,-0.418513028818852,-0.057724391377258,-0.129871590137955,0.00371419576559341,-0.262482685007241,-0.362108979243848,-0.285562335864374,-0.244938743402155,-0.137262358233005,-0.204806388617922,-0.251847446211135,-0.303789907290642,-0.356431945183778,-0.374984361170307,-0.288901914250357,-0.080796650293124,-0.345138056125217,-0.316835427438485,-0.0226363995459219,-0.165649588941847,-0.247367827604036,-0.268971698421475,-0.436139097289635,-0.296842238512428,-0.400158953363184,-0.336973045082289,-0.272886390398047,-0.399394280750157,-0.371396791814225,-0.686551756474123,-0.371171899217427,-0.250533369923584,-0.249519552170943,-0.152058506547179,-0.268413010292716,-0.288445839574403,-0.313197741573543,-0.394281599999021,-0.423978748619688,-0.390856191573875,-0.25808867273147,-0.259825082881894,-0.357642885071448,-0.305501851128533,-0.182033431024818,-0.440837128475101,-0.547722730055895,-0.402273956465548,-0.553281157095245,-0.587474981014846,-0.420182041534152,-0.233721714198514,-0.531094249503055,-0.415002748168678,-0.415014854510436,-0.138706880527424,-0.432544014238685,-0.559535729651627,-0.27572414183463,-0.27327177330591,-0.491281617530578,-0.579680100742559,-0.474555493333484,-0.346346185436248,-0.31714768485639,-0.12672944570534,-0.444033672087788,-0.157221515543158,-0.312723916014134,-0.510859688702829,-0.415049439575476,-0.52987940242751,-0.479079596492206,-0.395441590206503,-0.415991287978225,-0.427158187355318,-0.40579270616858,-0.359484605842514,-0.467287179685966,-0.327994284208717,-0.589623907837289,-0.202668050645986,-0.244553944191529,-0.458683150908407,-0.475628284446375,-0.253285014620784,-0.259079744214942,-0.49771944073993,-0.321937063687279,-0.544689894871391,-0.314286698253687,-0.292293727242112,-0.590232630553309,-0.558378088317973,-0.347729830018166,-0.397235321177622,-0.252746665922835,-0.277246304308325,-0.415806913752256,-0.399398746916276,-0.47902928400474,-0.199750290965899,-0.133356875922582,-0.285018299808191,-0.277241306685951,-0.472816405367612,-0.315148130370298,-0.662590223873344,-0.527858223484025,-0.44064923622595,-0.130757653601207,-0.171175752547838,-0.507301460870844,-0.4870909909802,-0.482136428189043,-0.355155854867392,-0.105649932216414,-0.381593069617185,-0.382700929079857,-0.637400642903195,-0.619228757342422,-0.330786725929003,-0.303939732429588,-0.725400891792769,-0.644310425918313,-0.603430514356374,-0.651469679187517,-0.657929269850169,-0.399271365240458,-0.56221509967381,-0.440028567661422,-0.592449616335904,-0.599301235820981,-0.590537343431066,-0.494912182495804,-0.748228247075633,-0.641829152716558,-0.518719691608353,-0.667942227186401,-0.623585815600666,-0.482685217842021,-0.532906607659212,-0.60276559584142
0.252880530097302,0.108309691639035,0.0938751958877467,-0.0114262063526279,0.0576474670307129,-0.0337786592892645,0.0149581583861833,-0.0121883569531535,0.080940830564483,-0.0542199731663697,-0.00225325549390826,-0.217547707798449,0.0408819263511262,-0.161958249087449,-0.0527817550215204,0.0168780296461503,0.0498785073228112,-0.185604810915724,-0.148244547424951,-0.275653947822992,-0.00652720845814549,-0.0370350765910203,-0.209498803702429,0.0598454490406374,-0.0531397617029602,0.0851047930255922,-0.233566929484914,-0.293459275951628,-0.016829659193618,-0.191408122366683,0.00889335880777438,-0.000563485718010268,0.124971084323609,0.133591081056599,0.33631523143788,0.026133175124361,0.186058912956006,0.154585079705129,0.172128043179966,0.139692043158877,0.14602151630405,0.190493258091518,-0.0240247759809449,-0.15610936160043,-0.0196894707809213,-0.0811704588538497,-0.0371566286212225,0.277288596959857,0.117407315306043,0.0589003145841975,0.123989294245353,0.131854921024007,-0.236567121750233,-0.0744342034675378,0.235574449273987,-0.113068352841444,-0.0987070572066088,0.14366478617806,0.146245253900121,-0.0328840410616588,0.169456190367231,0.186071555689601,-0.0357499566952047,0.0633656517966774,0.0353519233066332,-0.180317908794868,-0.237910407829576,0.123646039620672,0.16166271289104,-0.111747588013935,0.0715414493982669,-0.0878339392697011,0.039097418868254,-0.128443062307332,-0.15888498710408,0.0703884520870085,-0.251871183112067,-0.118147778533903,-0.281342705073487,-0.0861481165009884,0.0806101505319882,-0.244088725674375,-0.0471141431105825,-0.0245635977573726,0.201232089601487,-0.0288174506378018,-0.240340528827205,-0.0480941032217554,0.131121777839199,0.173147993413247,-0.106729081342089,-0.209628233920687,0.292615518659006,0.0100719658423338,0.110825833502885,-0.146389030337115,0.0169048474202348,0.0604928386097181,0.153298524898574,0.241227665225758,-0.163292015806596,-0.166554933860414,-0.178190758364235,-0.111781186890942,-0.186811020100202,-0.222731173651327,-0.163177671332514,0.213638149669195,-0.0849346354297781,-0.0957466342644708,-0.173662444537273,0.10103470374451,-0.128139122506617,-0.172679911005246,-0.0885041298706517,0.0377593727880027,-0.0925717443324549,-0.130905385806391,0.127102469077498,0.04961400531076,-0.1328856246643,0.0402549719423636,-0.290040638040764,-0.0649365434625815,-0.0341529702470786,-0.186106972379135,-0.122261434867072,-0.104593913328943,-0.0201643779627344,0.0640274406888116,-0.167778257329011,-0.0251056349366893,-0.107499982852686,0.00593216764208,0.0827756757793732,-0.144677565594215,-0.111766298261694,-0.0873668165455428,0.045552709511059,-0.0679194708929077,-0.0390659047077275,0.0543562987752115,0.0185616722590451,-0.110196622660917,-0.247154524544317,-0.415046536871583,-0.334003323066708,-0.0769100686467638,-0.131627035028325,-0.254674759503798,-0.179124236646346,-0.264340802015669,-0.0139917205459749,0.0831778424608866,-0.133293102130786,-0.215078368359522,-0.232620214310709,-0.0955996590598051,-0.422372913990703,-0.131526630270742,-0.287366570774662,-0.390171359107159,-0.143639546371514,-0.0540902565379873,0.0658949285229573,0.0217932545261516,0.0999846640317837,0.122474238816399,-0.209982503890267,-0.18186299748378,-0.241171176650778,-0.250111970217162,-0.348233117966774,-0.16766561476258,0.106597459607192,-0.187811640353624,-0.212457226657755,-0.0412424585682451,-0.44514675890236,-0.234080733350928,-0.193162121745415,-0.222385226924771,-0.390176099836968,-0.281527057246765,-0.0411196093342927,-0.173498153128854,-0.121049708248552,-0.000578156389373585,-0.363391823647027,-0.191990298644588,0.0277779314814064,-0.135400469835819,-0.167429285124764,-0.134679139378703,-0.302900828897696,-0.341632348755019,-0.26390136729344,-0.258290081654625,-0.187579610755498,-0.177833646756779,-0.130973264101062,-0.278392481707541,-0.275126076692784,-0.0782508397407095,-0.18378006354961,-0.0408749937194489,-0.0472627394827186,-0.139268391766919,-0.343113390796749,-0.265157396274884,-0.17053963768874,-0.434259142072214,-0.407196616531373,-0.497550676298626,-0.218468732027981,-0.132905820035406,-0.114724444457076,-0.0359880823645902,-0.262842906935396,-0.423297022818445,-0.289205055990508,-0.239049548365239,-0.459018349806523,-0.384390110057742,-0.336396422209585,-0.271157630285104,-0.27577479143586,-0.288212387510692,-0.324047854071746,-0.231386226003002,-0.267584376065252,-0.509396428008119,-0.637785326986011,-0.605801034030851,-0.437675777771123,-0.364120938531955,-0.452012017095267,-0.413732474301015,-0.27570093616648,-0.0823255577494837,-0.305187496623378,-0.429426002701776,-0.201889172385788,-0.132308037788529,-0.204675132756379,-0.201339293440025,-0.207849023506613,-0.39343316221074,-0.358920526882443,-0.277994748264047,-0.24461221948256,-0.231188557845836,-0.339402330005481,-0.607233134734084,-0.356292068943626,-0.164149730535263,-0.284455071315836,-0.24369205637733,-0.647903786743706,-0.323950159477756,-0.400657714227561,-0.161171404495658,-0.467898689221787,-0.641877514799194,-0.64983173937745,-0.473121223319132,-0.215100623912007,-0.452063205856667,-0.578582442800893,-0.159801989129152,-0.720067296488152,-0.580272301142914,-0.374438141781367,-0.344003096953177,-0.618078947491791,-0.317970827640941,-0.15438318459414,-0.456620564353718,-0.590140177486864,-0.38494410272554,-0.405447417210066,-0.354513094989317,-0.465861192748271,-0.284917370569358,-0.275843111971479,-0.336172332736811,-0.467641777566634,-0.572731743031196,-0.79759289191848,-0.739796664841763,-0.505638468981004,-0.273431512783241,-0.456493496733189,-0.451288419623223,-0.628012068730108,-0.596762601424751,-0.672387167924888,-0.498425030892383,-0.491415891018514,-0.583584978330695,-0.533482544116584,-0.715482772430308,-0.650094060620472,-0.831136573289508,-0.735475454199896,-0.341639763852575,-0.376362752568203,-0.529552847878481,-0.418082537334375,-0.60274048209736,-0.807346061658946,-0.726241997876711,-0.853685568142272,-0.786139361465303,-0.413992269715417,-0.819423325830168,-0.65489315285176,-0.467066721065065,-0.807846678211251,-0.912629275105714,-0.632068693764258,-0.673328847585499,-0.403470900912259,-0.414658914148316,-0.503385964574301,-0.693791121398721,-0.393711473238455,-0.530885978551131,-0.573667541017046,-0.619530362824037,-0.635473938705981,-0.673531029377931,-0.474095070150913,-0.758678132876404,-0.866662472794563,-0.702499942560945,-0.609349235147024,-0.611927548672581,-0.710933125983862,-0.720725888137341,-0.412716111062284,-0.707198421179926,-0.448536563918878,-0.420345135807739,-0.390907784930622,-0.980521320190772,-0.646536655495078,-0.714721102785181,-0.816676853262932,-0.634236406393495,-0.725267795212356,-0.649087028637375,-0.495936115434467,-0.766672718583636,-0.550577019631577,-0.911291656397758,-0.734057593969251,-0.784814672796917,-0.703563880786381,-0.655023682676876,-0.836796420636862,-0.70320612456684,-0.676840429663952,-0.627208193911017,-0.873704402525439,-0.963761702001737,-1.05029790444925,-1.09733972081544,-1.05709545451811,-0.638972831611271,-0.795629454480225,-0.763394886635209,-0.820530443595375,-0.669470617047316,-0.717185523919403,-0.926972888217969,-0.916246822528068,-0.941320766905823,-0.716142104068254,-0.624822725172101,-0.853919213741874,-0.99229835276505,-0.80461269918295,-0.834327383526412
0.585272598814215,0.844474604445808,0.35136417504851,-0.131488102930903,0.186033841679832,-0.284344562120459,0.704630579003648,0.193929323752415,0.393043771354879,0.360675251996813,0.399496151719348,-0.425250664377291,-0.329277778029649,-0.138072387402382,-0.637978018496051,0.58131233990443,-0.222490796412251,-0.914222488911449,-0.396531040527406,-0.712673692443995,-0.545838079682497,-0.1097390725274,0.0160081391993249,-0.224214070659105,-1.17707212734207,-0.332276944624382,-0.687678767716663,-1.01019406122575,0.12720300116177,-0.478219161042994,-0.47306338993033,-0.129339996057554,0.0436297429998278,0.442520773351405,1.14763809303554,1.26544013111416,1.13752231754844,1.18941666068203,0.470504856687294,0.867184056668481,0.432890634007816,0.837401939289885,8.75540251518547e-05,-0.489975084836839,-0.250810869994736,-0.425899150929436,0.363912604203356,0.549483837065287,0.318371245875286,-0.0997114810826707,-0.554712870552884,0.12727410062516,-0.586677973464146,-0.669389154918976,-0.356573007209104,0.128274444268003,-0.504458674949463,0.648202863973369,0.678927589403314,-0.0915743900778695,-0.241246500720442,0.061167996975292,-0.178950005856034,0.920341603794407,0.129733663375162,-0.471205247242483,-0.597424002041883,0.26156367552581,0.787487512193529,-0.243046844447964,-0.0973296239571244,0.5649484157237,0.322927438136477,-0.532642688038787,-0.825296795946799,-0.277210046517155,-1.11592011439515,-1.27601211745217,-1.60105766158207,-0.318402847595543,-0.00866161113912439,0.193155194414262,0.100781663248403,0.257189441182901,1.1480873149427,0.0680077920701375,-0.152782375725685,0.126037454537447,0.301705182108476,-0.171422519254064,-0.858585365449142,-0.562850142153386,0.533412004171665,0.913256485648447,0.6077995500591,-0.156035186261825,-0.467921297693002,0.587646866755996,0.0452352645327849,0.61425990181545,-0.598110236762704,-1.60006474331332,-1.00752682124434,-0.534762394570008,-0.775860927259703,-1.12480744650632,-0.447183764174913,0.287579061624606,-0.255764015860308,-1.03848528676998,-0.601100690014748,-0.306365435351562,0.0873854685740856,-0.304840568823446,-0.261920571794325,0.714836399210107,-0.475885489397544,-0.526550395343053,0.158959185766924,-0.667263300650353,-0.44611493925661,0.0581645178645998,-1.15424946518335,0.165623714913345,-0.382194353582172,-1.15228472620515,-0.539351163589742,-1.11362242462832,-0.30631863956435,0.0803607325146324,-0.971079233204068,-0.427782192097306,-0.576706144501848,-0.39340736466855,-0.0246562636867495,-0.177492911320342,-0.322098954925466,-0.396995622548603,0.0348483011441493,-0.382913912183737,-0.171541745133339,-0.717215522971809,0.101500754335023,-0.225907751135415,-1.34537102650657,-1.67701727100848,-1.80383525474348,-1.21760525313143,-0.473640939320849,-0.453164993521045,-1.24648956357389,-1.18471035177344,-1.15192112555586,-0.0892107420148768,-0.197088278551733,-1.19428759548637,-0.725478456678137,-0.68294968155231,-1.20505945018386,-0.965371810579237,-1.1809310353607,-1.46665598533859,-1.64197958758872,-0.560421593830167,-0.182810120949715,0.167031996236886,0.170840882988186,0.0966159826996788,-0.364758491084589,-1.02722291884603,-1.27704818838891,-1.26747018205339,-1.86534584034328,-0.70542926068537,-0.649837248093944,-0.140938639343185,-0.0964958589580599,-0.895457449622432,-0.645850329020114,-0.597374478043251,-0.832320214589628,-1.28274474879871,-1.67513594711345,-1.32157534517947,-1.08819154964373,-1.37739364684594,-1.24866891536692,-0.468001613654062,-1.37168565054085,-0.381003555112921,-0.2399670211618,-0.536295915737771,-0.811356615617364,-1.08693565785648,-1.62586253882719,-1.59257752687979,-1.38218069428693,-1.26849321062587,-0.315913915007411,-0.479486838482761,-0.504921972858549,-0.887261506588332,-1.33446494186862,-0.651356002552852,-1.25936613122791,-0.40841317685959,-0.298513851965482,-0.373113416464492,-1.83765157075569,-1.37773077153904,-2.53327630173106,-2.16939440300236,-1.82234546518311,-2.37540443765737,-1.77077742908632,-1.31662294808858,-0.87368252029097,-1.24190527140218,-1.19376799731071,-2.18371117921518,-2.09284115951313,-1.96810283974698,-2.0794630396768,-2.13804524016735,-1.23283484155221,-1.23892385936988,-1.81831408505665,-1.56776612087308,-2.40100986290528,-1.10811492136374,-1.98545375173309,-2.68131829402643,-3.32934508804708,-2.90522875214518,-2.69284429146851,-2.13517342827766,-2.45893809687022,-1.86135404106586,-1.31448875684609,-1.14295931868057,-1.37798062423832,-1.69988672280603,-0.82416312480227,-0.703427698904111,-0.647237521530909,-1.52205723838508,-2.13050143062479,-2.07800440255015,-2.69332269254767,-2.04664397095511,-1.46146857944731,-1.2094226006213,-2.09466536348594,-2.22307507810547,-2.29611549820433,-1.26232973075986,-1.71458992828654,-1.90655378794067,-2.00677181425097,-1.86071590532805,-1.69186102450254,-1.92292033889405,-2.47326284216505,-3.13328878576051,-2.83736184984946,-2.76379442292102,-2.59902602903692,-3.01615849729448,-2.8314776147376,-2.32737985589208,-2.93245595850864,-2.34898623002499,-2.77020523256258,-2.00891798031716,-1.83708727091199,-1.82236694216084,-1.36465068469709,-2.34318559883272,-2.00186402255353,-1.66550860043728,-1.90868558157177,-2.29324107974415,-2.0538322795977,-1.70402918386682,-1.7842373546838,-1.66737469140998,-2.56710862802769,-2.85510792922197,-3.42462464676185,-3.29987540688614,-2.51584356153803,-1.8182293106972,-1.79636963368283,-2.35827732249555,-3.19039826627627,-3.16404856739781,-2.23376725013283,-3.28416824547788,-3.40660699915727,-2.6045069702155,-2.25135959637577,-3.02348176431478,-3.71313258789397,-4.22063327452276,-2.83245041373971,-2.44891508349947,-2.50435872767698,-2.96681308881394,-2.49013820202802,-2.45285941992116,-3.81041247534923,-3.86810585121886,-3.99528804859603,-3.85958601915066,-2.84150228860367,-3.41131372973065,-3.76951236991735,-2.94710713193969,-3.26972324778857,-3.89044407951125,-3.38381572661731,-3.10161749628407,-2.60190324190082,-2.22460548923492,-3.01345368498647,-2.71733239032533,-1.84904498889888,-2.86600772106043,-3.6292983579989,-3.84878746399024,-3.39436763951976,-2.73971745814663,-3.05596714136662,-3.72425952055946,-3.41407817843963,-4.04167973976743,-3.06505910979677,-3.42093776118376,-2.99720103409534,-3.78468354908131,-2.55034215083855,-3.40193270140468,-2.79762664271312,-2.44032972948015,-2.6303045460467,-3.68718412706971,-3.3245254129612,-3.37828708094925,-3.73438073638836,-3.52136090388466,-3.97865723100062,-3.54595400069995,-3.320435987421,-2.85444480746203,-2.51263801575976,-3.42644816541931,-3.69367317528997,-3.05567535224456,-3.29519706511928,-3.124189596447,-3.82210787895779,-3.91462495956484,-3.42221811456196,-3.60542177418834,-4.81803632460533,-4.584863316827,-5.35790388784423,-5.33627733401849,-4.9391785811692,-3.65922373685157,-3.66425844228007,-3.74704029628376,-3.81132829827,-3.8479149643165,-4.17594472806009,-4.12893090363748,-4.48366214858211,-4.86534364581669,-4.23860512608274,-4.27338675486425,-4.36600110932168,-4.61934087361794,-4.11710564513165,-4.67287172615696
0.324158737264906,0.34833176309246,0.00441333070905978,-0.0123429127823585,0.0445383774907793,-0.0494800080177804,0.318179041951286,-0.0388948908231402,0.194765651790709,0.152450599242145,0.186720234029976,-0.357772390571943,-0.384676607246267,-0.00621207554054218,-0.376652826296448,0.139320790810725,-0.34571124069602,-0.131182691909884,-0.278706456605151,-0.482665227378295,-0.22233845978845,0.068059380086583,0.114759451029894,-0.0840084622457865,-0.246636320631868,-0.0892470892228809,-0.331143415147142,-0.379318502616058,0.168861323489392,-0.23174623639843,-0.288660244658914,-0.0373960899586222,0.0547281522356129,0.122654763697245,0.377002071004423,0.623800340858636,0.523897097618428,0.3256955554002,0.336227030570697,0.161907783506135,0.221205020780591,0.331784988703453,-0.0558481128288409,-0.200926209308806,-0.00097523806526767,-0.139875226083119,0.250907351432116,0.407685974137446,-0.0683522363081308,-0.157828203849562,-0.227256846346789,0.159984779452571,-0.297012020843404,-0.303548451002301,-0.253348004784112,-0.145027720142849,-0.23982965237879,0.354122378148263,0.412007331661066,-0.128702682865561,-0.0197086482163551,0.235276114984302,0.0259776765607908,0.293862241661646,-0.032253611542677,0.0373306396785779,-0.27493331352412,0.210623415376917,0.138179557735205,-0.0922017827514062,-0.0974543429288306,0.142486301826516,0.0180107619760556,-0.0809862686325441,-0.417733729843812,-0.124600471436528,-0.519758871596048,-0.535095232922214,-0.787252620846306,-0.032405277908518,-0.0576281942409389,0.0311261340507826,-0.0328953436397286,0.147068792866288,0.626072384534498,-0.101774710741704,0.0278244887769027,0.0811321870797531,0.152375573622739,0.120021191624253,-0.24526753602619,-0.354689300493799,0.189314608951653,0.513377124688671,0.0866953749946186,-0.100748601945366,-0.161994183742959,0.12400813816077,-0.0284141756186923,0.301827407147222,-0.189816261279511,-0.612521688298604,-0.291816720476427,-0.369697459333751,-0.481236622997917,-0.420208784123594,-0.147451059066059,0.144839544977469,0.204018501108475,-0.413121099250907,-0.135567843943164,0.0711115099203401,-0.0903659802294927,-0.0699323294961404,-0.0835034990858994,0.225435598111937,-0.0702321464277751,-0.370940203543314,0.268591563474726,-0.294636622470432,-0.107991880369579,-0.0497596684736565,-0.436145675772323,-0.10660725436267,-0.176948404667676,-0.407548551298709,-0.132571722856843,-0.31861861733876,0.0388265397341407,0.125808422284845,-0.33277927941024,-0.129003426329086,-0.24086564239974,-0.241236323621757,0.0145522435715024,-0.322995714654369,0.13068795998395,-0.0949164503097442,-0.10802067928633,0.0748569480818617,-0.157045385606953,-0.281900724762349,0.124096981433639,-0.265858857724493,-0.501185145112913,-0.627049948709571,-0.60949727841813,-0.475767249222168,0.0469188513215986,-0.268400837609027,-0.731847856273687,-0.396078223544198,-0.435086226882591,-0.102396782607062,-0.0668781800374977,-0.453330560088246,-0.163784396907204,-0.283624990058563,-0.621636543899549,-0.297369826505529,-0.447660360520188,-0.502180435620364,-0.798756771550476,-0.306169101947425,0.099789072529588,0.105306520142937,0.0918395765806318,0.0318519232359322,-0.136413872628636,-0.379720137777748,-0.734496518259276,-0.574758916768723,-0.501376722087233,-0.195631224822111,-0.157969906227732,-0.254175071822831,-0.114122949337609,-0.117890747355313,-0.173708215410795,-0.246392920082574,-0.429443297339349,-0.516703278034344,-0.53072454094395,-0.62662669171823,-0.354975576530855,-0.641258357789043,-0.595605805745003,-0.219009439969284,-0.400702590863375,-0.138497113976387,-0.273342167282391,-0.386943338309517,0.0300644164660627,-0.560709647576024,-0.823648263066444,-0.618558602272319,-0.770013041117951,-0.457345183896709,0.0653183415461431,-0.160960409234517,-0.272039576975084,-0.418318504796848,-0.472237117236822,-0.396178164563828,-0.577534414763795,-0.080392741042192,-0.0550532281830828,-0.30808529336466,-0.888111848017708,-0.499885110252506,-1.01726027592973,-0.987374444737334,-0.731800153721978,-1.03038589570724,-0.750967402239704,-0.685317541629267,-0.357218836503966,-0.63234848087565,-0.395425045705458,-0.820548925830739,-0.828816737147341,-0.681201032696243,-1.00738166335396,-0.799008511120333,-0.513550943093371,-0.60423398833852,-0.619975576337905,-0.768821431571476,-0.866498112117132,-0.55576742700825,-0.922574348588789,-1.16303285436207,-1.39075914141518,-1.40817231192919,-1.26303847941719,-0.944711229168891,-1.20098845443665,-0.715496848729247,-0.737163678210929,-0.638083259350259,-0.473252721502959,-0.781750200247231,-0.333909779405242,-0.525431652092873,-0.270036436710605,-0.824072796389201,-0.765806139162657,-0.684925360379613,-1.27439692409859,-0.926957746448414,-0.539658720967879,-0.516042672005663,-0.974620036287816,-1.02894684021325,-0.934707649642409,-0.473811849633273,-0.795011923114798,-0.760441287830832,-0.802235138582103,-0.566864457701087,-0.805012131472495,-0.927750810686492,-0.930706994054732,-1.33029003953966,-1.32734297922582,-1.25355836626283,-1.21334412028598,-1.39742926652664,-1.12549205624,-1.01853106284181,-1.22636935241406,-1.05182450010594,-1.29365323662115,-0.88307008362916,-0.812728107788274,-0.726281598619192,-0.752643307786827,-0.751351034825679,-0.804417387209492,-0.534794345266362,-0.538330171962385,-0.966014680770979,-0.800193670940979,-0.541138397045528,-0.610710867093474,-0.646385475761503,-1.03637394087562,-1.62814329377421,-1.61603615429489,-1.36870227714314,-1.06281013067069,-0.679124221927787,-0.826528158178431,-1.29005358657159,-1.41381835377972,-1.30866189533725,-0.867360878099101,-1.46888219113225,-1.32759612118979,-1.05026122232352,-1.03597715680955,-1.31509375804059,-1.35544908099629,-1.9482946833195,-1.4147388111499,-1.28610381460245,-1.06956539580698,-1.44061283932398,-1.15438927362935,-1.20152759287782,-1.68319045487207,-1.80074107411365,-1.74007967377854,-1.55576997725971,-1.20184655485851,-1.64164784597994,-1.73274501139065,-1.20572538509043,-1.52123967822362,-1.65459899039849,-1.26197171620915,-1.32856624234235,-1.16798617434537,-0.989029459891111,-1.24419940141157,-1.20145229282098,-0.915597866227794,-1.19604464129419,-1.55285529859296,-1.73508158622153,-1.59666690706515,-0.994314958842441,-1.22065441859061,-1.77814596842334,-1.65260481277494,-1.74347929168845,-1.11748959417913,-1.42855303085248,-1.44452999786569,-1.54944508879079,-1.09657841656166,-1.42134251691699,-1.21872489987215,-1.23841968168156,-1.16840280294514,-1.61112392239269,-1.5131452925564,-1.51858343614731,-1.58473739131774,-1.54756209278019,-1.77317151127411,-1.5618605353195,-1.4184677066942,-0.976513439720458,-1.09682862652282,-1.33131906996454,-1.66533722166576,-1.17792171228708,-1.3237180597906,-1.47599767848383,-1.71756306192971,-1.69478130731537,-1.43299814768626,-1.50541101600251,-1.98732234153456,-2.00683515017538,-2.23344740264297,-2.31300410235723,-2.03183736579914,-1.58853427759543,-1.36134507317767,-1.56842092714895,-1.70030425508338,-1.78196641748324,-1.67179518891015,-1.80977843038337,-2.18258643111003,-2.04842537859361,-1.83293564580065,-1.83104450125984,-2.00709826910698,-1.97425206101359,-1.7537097647763,-1.9991646367557
-0.609571423166209,-0.856385208329907,-0.237100869790934,-0.17649890482026,-0.0125413418978142,0.0880026789730189,-0.637030592348704,-0.112176883814707,-0.290431434162701,-0.363299271312217,-0.436619273102565,0.352584676362476,0.211688529459303,0.16231537315701,0.677438939485057,-0.284629452890788,0.253403446873523,0.79843990762349,0.498224390815669,0.894228285764271,0.540678128509582,0.236609021313103,0.0971684530718903,-0.000558069893999077,0.941560838032132,0.260618522131667,0.60690565820536,1.04024151703012,-0.222786487341046,0.352210022309248,0.433213407718091,0.0409424027094718,-0.167669518300441,-0.412441388106431,-1.11964085266497,-1.14592635318003,-1.12513993531481,-0.928579020367026,-0.49083756203926,-0.657752883497855,-0.355752459625788,-0.768919170263712,-0.0709365009197052,0.534847343810405,0.0818706569909882,0.435167745260379,-0.264281592324932,-0.616227761357755,-0.32486170257076,0.165909028136792,0.702963928911099,-0.318698023439181,0.582820503984683,0.510616270057214,0.386783432917084,0.272894331477676,0.487457261618235,-1.01877452449946,-0.572028013005406,0.238656014556945,0.228740019936893,-0.150902502479098,0.119213154272418,-0.55374186571854,-0.262158619353126,0.405366576393669,0.700979478120111,-0.0652250029977919,-0.887772893835669,0.412977353193653,0.259183071595759,-0.488217670909447,-0.166848049715468,0.561189556155499,0.937334092728147,0.554038787281169,0.931172397700263,1.18196722480045,1.31013257615041,0.214231883676982,0.163918931057503,-0.264551857239342,0.0791565366660938,-0.101315218231848,-1.08081139715718,-0.083762820747293,0.109099171951076,-0.156889623226266,-0.47372772102981,0.0836405662822255,0.626567965740782,0.712342742799815,-0.595500233120169,-0.865858634220522,-0.553266906350524,0.0929640443841933,0.406268081039029,-0.823770154415965,-0.161911313107458,-0.744615857990845,0.745670010723324,1.46557227598954,1.0243366395535,0.597377661793484,0.853294986361008,0.987627644510065,0.468029849294942,-0.226856190833328,0.00937146313621161,0.968336136439081,0.657694227220645,0.151481837282257,0.0645669491737167,0.51470561788181,0.202113574700733,-0.655263658463499,0.292588713457279,0.761905671386302,-0.314052002939558,0.734333208474469,0.380247434707554,-0.191798548006378,0.847008064846984,-0.314235629062093,0.51933848046242,1.0600509929144,0.469074404703062,0.936196871841138,0.0594606464589003,-0.0226156492827164,0.701022008338867,0.204714393584559,0.521207446501236,0.143293745280933,-0.0169555671958041,0.20692203159429,0.392371823397069,0.42328988045104,-0.172874658955881,0.161161061928328,0.0685409980493622,0.446485127163996,-0.174390969911712,0.245219510372269,1.34007242110713,1.75332884440488,1.56367201027619,1.11263286266295,0.313641866324438,0.561724413500683,1.1210679243132,1.10179471218319,1.25483290773079,0.206371469458126,0.208346887726605,1.16089982022259,0.549546870421733,0.639111503855263,1.1066574809564,1.11626141135423,1.26837003197644,1.41244799557762,1.72463961577627,0.626330041321299,-0.0225820491154824,-0.191780010344612,-0.161920308069892,-0.249061269211934,0.2693477352914,1.11695020865824,1.30147998266113,1.25716478093233,1.62147756303821,0.939974354581662,0.48538309100469,0.129246682516441,-0.026309476631334,0.867832072745318,0.582395137798306,0.6349470031062,0.627416079470543,1.268874562484,1.67438129551605,1.01620127393214,0.70063901502304,1.53742030481887,1.13389608735343,0.647476941522801,1.24714352457272,0.330239990194256,0.223192381624245,0.798531371994628,0.463084810223193,1.07194825658228,1.52029423221105,1.75349654460766,1.51394042430718,1.21846624160364,0.40276122810226,0.455875340239118,0.643666017926282,0.707931212683122,1.07348356461749,0.68400750552969,1.1224737087268,0.212937861317679,0.235587503836192,0.394148667514437,1.92214806537356,1.47472677700853,2.29365112835159,2.42712799234033,1.93905446808558,2.24089074722236,1.91304118870902,1.29673197230116,0.998335993486025,1.19883935430385,1.16884605779097,1.95067787571479,2.14293734004984,1.69127777614084,2.15831250799291,2.15908929027287,1.11490664985704,1.1913278593293,1.62138933756413,1.36621728755683,2.23339074720347,1.116292945555,1.96120443196524,2.64939667631201,3.22969303565821,2.9710939752483,2.60755745070952,2.30219233782201,2.37458873397285,1.82905108239482,1.63747047405917,1.13456093731156,1.58905992995469,1.8502592691783,0.870761040304208,0.88862880928622,0.838271503424602,1.35130870281946,2.05688204700486,1.75202629304929,2.85276102965509,1.77080448169022,1.39594945627968,1.13651774724476,2.09699181266519,2.19238908859818,2.46864791771387,1.23738822104462,1.65697616778834,1.70066012849704,1.74569927900759,1.3864125572555,1.58373616519247,2.02585553531815,2.45865434335273,3.09990465372653,2.8297406886172,2.66076184532315,2.72997703745035,2.94668097881923,2.74562328309513,2.23345695480523,2.73141280873768,2.15423438795065,2.64119433038954,1.8704746510009,1.85516382713568,1.57590763396128,1.34713522523082,2.15003745952692,1.9160038271622,1.67354720906461,1.58987100123348,2.20376025982747,1.80962014933607,1.53435317643325,1.8279849039977,1.56779689599044,2.55168568823214,2.81812496513206,3.53882889950097,3.11576371442488,2.51182437743485,1.88364090995831,1.74084453532445,2.25426347811495,3.2515650856643,3.26270702646724,2.07680447229467,3.18775166200161,3.44539116051859,2.48709466926713,2.38565361813161,2.9214350272624,3.50540268573039,4.33944879737094,3.02218356295259,2.44277118240741,2.1448695526795,2.87106328262586,2.38877610465114,2.28700361424206,3.68249388613444,3.72237873628608,3.89186520286832,3.97532680726441,2.88095056459747,3.59400152951426,3.65568579770074,2.83340321408011,2.94272538390476,3.56496751373533,3.36786594115886,2.98155846339899,2.58162639450386,2.29201034629729,2.80060987599472,2.8188898626054,1.7713912922306,2.91880209696361,3.59161098059072,3.7808847979881,3.34166894011621,2.75178844315041,2.7605296717102,3.4894390436316,3.63540216841352,3.70897169166021,3.00725977565416,2.98316281222962,2.95229981120206,3.6194766015468,2.52932662597659,3.33630493001418,2.7189128825263,2.44705588299916,2.41288454237186,3.52167236283138,3.45779966476061,3.35416532707069,3.69078974537013,3.25753708536237,3.75081843378662,3.45688493321044,3.17311485409668,2.44868548709811,2.76075389105448,3.43196965561064,3.55163883893808,2.95286626575632,3.03699406507868,2.93228846564464,3.5580349743707,3.75971156511599,3.41680701462265,3.41169487396633,4.46379985601713,4.39826770140351,5.08964295614022,5.05550120306439,4.53298107575263,3.65530245851132,3.43429450990821,3.7775616944219,3.86225622909561,3.9536012325768,3.95555239135702,3.78482664614688,4.34039159455253,4.53267151066277,4.13983253120298,4.09395048933827,4.43861956156036,4.50481336941333,4.00228238940197,4.31043858534883
-0.000640777187303015,-0.38607380024801,-0.0666313361885599,-0.063416250167417,-0.0349367865367851,0.0127895262067936,-0.230333599610437,-0.0187867552035691,-0.0226096894914298,0.00647351063065552,-0.186520462640053,0.227306738774396,0.0453349295352572,0.00888417235169656,0.204330808845021,-0.159074141378876,0.174851365042948,0.122813691926845,0.23933360266608,0.134766029298759,0.135521742842795,0.0203396852253675,-0.074923137167116,0.163134490472497,0.407986701167707,0.149412353270095,0.100540153038439,0.438068745828077,0.0341982758163264,0.0815340225764404,0.275280039428979,0.0420294547943468,-0.0743863656184988,-0.188964426236407,-0.24618647710128,-0.467465581925105,-0.393616732704378,-0.227156195032804,-0.00377836150710828,-0.249242504037297,-0.241946686142844,-0.184357308615722,0.116586297328016,0.210681785162154,0.248323343124647,0.0975618811055525,-0.0450819894576204,-0.180411318724407,-0.0328365016388673,-0.11970795953344,0.136769588606737,-0.171376806030216,0.250318495148052,0.367638377748929,0.127663497833583,0.0552848692342846,0.0896093136202079,-0.403575154782347,-0.171090707679138,0.0370877000250902,0.15001819503615,-0.0129407461149269,0.0108104344888949,-0.254187146118376,-0.180595348016482,0.29995990098141,0.0294498402940327,0.0624806394331051,-0.293579896639061,0.0864262268406882,0.0703611252227343,-0.0396220272383241,0.0308478155174228,0.175090325817509,0.19417737044103,0.100838552778151,0.391247570891119,0.469963540227325,0.560318292295701,-0.0979302729715082,0.138110893228891,0.0929601859741842,0.00854950867654262,-0.0476343014390158,-0.381928075578297,-0.277309329536346,0.212508474404069,-0.0609616523676082,-0.104253133576134,0.0165948953381141,0.283489706461275,0.346536041513128,-0.316427812057958,-0.23014379256798,-0.243772879122064,0.0466748441862815,0.193431357627472,-0.255842160433909,-0.0133753592565556,-0.391896355775838,0.234783175219802,0.539148008118345,0.378407874178341,0.214603529067399,0.399074185528492,0.445073406255382,0.116057287000214,-0.0359292139684123,0.0329106319939757,0.411796450273053,0.173240948085734,0.189329467864884,0.0681032175450719,0.146602881275803,0.123992875878154,-0.266230896056827,0.204317440665801,0.260633983152654,-0.0401185221610297,0.244192873951809,0.194931994799111,-0.210618012531062,0.164972967019695,0.0841411775472423,0.0953473833917049,0.205204413148936,0.194893798386976,0.480007262065688,0.0107108569986187,0.0310332186539876,0.120426020932393,0.0594766185239301,0.156285969401722,0.120353127855295,-0.0361536505175625,0.0639732215398804,-0.0406430868477968,0.0654800519726398,-0.00326130617561059,0.113427955601666,0.0671050468553994,0.0598574244168288,-0.074999589916545,0.101261270892955,0.524849832725298,0.431636780252688,0.583583502452531,0.380439067411256,0.203962388601762,0.159112111818578,0.504925325741673,0.317121658980029,0.136460748123758,0.0108997557875544,0.111107745530835,0.187405932444852,0.223298508360066,0.0921373458916243,0.518848781395435,0.362200609944874,0.468135977156704,0.420842452695054,0.538326651586644,0.0107201870184302,-0.0581323916875336,-0.077748023866824,-0.313659600917969,-0.102451016547229,0.152967566800157,0.422240356100292,0.438272676943445,0.434585168358861,0.65530414954061,0.316422059850831,0.0632363159902154,0.035052990918274,-0.0110107221993088,0.221493954480379,-0.0136844316658202,0.201198440175039,0.276035932185498,0.408388737152184,0.458110154951787,0.318564051514798,0.398233534142138,0.473814982719581,0.319999778512757,0.179326679888954,0.501905227856868,0.189717880539301,-0.0128217922332059,0.294498362598201,0.188854783348898,0.206720043004848,0.443972363104783,0.554385419165602,0.708650642949632,0.420053792347893,0.318042531563409,0.0566715421561476,0.180218734519568,0.403536870229883,0.413840027870944,0.201071871227198,0.566668919694239,0.0325122021849739,0.0463762180677835,-0.0804654281598452,0.678001883344702,0.515362064322901,0.857621114123867,0.617945629284835,0.597130571393753,0.75126551264857,0.656191540063785,0.524796846926064,0.232544972048589,0.429904108720418,0.11881630099557,0.332975045976187,0.670631526031795,0.512869797174824,0.658335239766441,0.580133632991614,0.461073028596766,0.444311240168593,0.57120730357972,0.413859902803021,0.674446744548681,0.443584139870296,0.7054199273201,0.896819251786094,1.09301120435618,0.842590059159714,0.841523442268811,0.714243233039806,0.789888320566342,0.57309938195623,0.457403739679228,0.340963480287938,0.453068050885413,0.565882981370235,-0.00329740771795697,0.392719909263381,0.213524303446002,0.498601372385302,0.614297224817193,0.631360844346073,0.972357904779968,0.569438889405417,0.509407709999554,0.379768779247163,0.628370757904479,0.677201345515225,0.733958814015656,0.356015184484619,0.648663860890076,0.782973932853146,0.527224087458653,0.525066642651975,0.510721025312122,0.762310527889525,0.735605574591827,1.03600493758419,0.945196002341155,0.841413434538357,0.876721040201831,1.08183928359958,0.923517557930854,0.738743461569977,0.811955550522213,0.6869844078088,0.779803550502085,0.536327535369321,0.548986582706757,0.445686792995363,0.41429893391676,0.671188197161022,0.660008441182032,0.580948357100143,0.531905906841261,0.63248013045554,0.59813569704484,0.543650198081145,0.677404995542318,0.739725243871465,0.664348111382429,0.642787208253218,1.14330145869047,1.01995124122463,0.710808537807129,0.713594447549017,0.710537275217932,0.696457029007708,1.18984181738158,1.03955387078602,0.741302299938961,0.987471352679935,1.17152613805948,0.739370192220992,0.708161351596242,1.08593123355226,1.19928447508204,1.35677550099871,1.06681019080517,0.965752873365453,0.617617846369368,0.933499631415956,0.908188075074442,0.689515505291086,1.21981745466777,1.2439718574943,1.23327554640593,1.24318076372503,0.862384032088863,1.06146282662658,1.18016440167312,0.926111749324593,1.18538219902747,1.00572037080849,1.04732591650043,0.860056216642581,0.834740093399806,0.697862641544435,0.790460798654965,0.889852034107765,0.688130168675231,1.01499732118029,1.15731468271498,1.3191215731976,1.23939000512886,0.812000269755039,0.974964767428348,1.15912726477529,1.06953394766487,1.32947272414975,0.866552044832927,1.08327674191815,1.06344770905472,1.20994404972876,0.812931478987852,1.24708879843286,0.865190823356495,0.890226890519899,0.725480442867834,1.11753931804965,1.25272481827776,1.09067167143581,1.21928989413827,0.87631342616596,1.18083738544617,1.04132638062943,0.903581036155473,0.853536470338466,0.910081681795173,1.11970686869108,1.00606198689108,1.13301788035487,1.12843799997739,1.20304283140356,1.21273705255053,1.3128964383954,0.878355879811094,1.12893030873169,1.3631037174384,1.30256278392864,1.76520382069336,1.71625775171954,1.48589840019365,1.18198317143778,1.29241267310639,1.09884271302549,1.12512086786386,1.20589304348123,1.28205803233097,1.30286765485061,1.29438290697297,1.44564579916288,1.2128649343223,1.38822572170357,1.55620503944109,1.58363408095379,1.18217644255028,1.49766479858037
-0.458674680337108,-0.950007282970149,-0.395982998511784,-0.104790155378576,-0.0279789880297266,0.282473328664638,-0.790800287586418,-0.160502816798604,-0.387604234164824,-0.312271626767688,-0.292974266773327,0.21177533762189,0.330419203399552,0.131612758395356,0.672498089079158,-0.240362680170345,0.227968948318818,0.798710488398924,0.521944611129088,0.733100738953715,0.692250528093236,0.256381014980307,-0.0534488530121938,0.0836447850197352,0.967269662698851,0.318345424238663,0.75760504558156,1.2006220085394,-0.195665647823521,0.370569589895053,0.644577247052507,0.0464498491296274,-0.294771982298208,-0.548271190745726,-1.22887593204642,-1.33711774462657,-1.11391722257491,-1.11328911577941,-0.605309972370857,-0.838354983790022,-0.577859854779889,-0.828138249467217,-0.108008744056779,0.606057763667826,-0.0612162048396535,0.660861647506504,-0.436713768258939,-0.715940993277128,-0.356928544979362,0.115498529832186,0.697349384244412,-0.307579579033553,0.814659202059998,0.74709266080791,0.282435155056121,-0.00420145483491718,0.663437048698823,-0.741906008460951,-0.670777874649656,0.124794780809462,0.00858738125928754,-0.355489182659297,0.277369191520343,-0.606406539071374,-0.122853824387139,0.501270470608332,0.807870221968209,-0.0651737907385194,-0.744135068893986,0.388817500873358,0.0836539840060238,-0.458148773431127,-0.332230246232758,0.419589125114723,0.929878351025582,0.3834574458861,1.22015500486243,1.07113849979145,1.5070652400797,0.211931947128479,0.111246146732537,0.108385789160521,0.0730835908615615,-0.324428834833473,-1.30717481080297,0.0321446382975525,0.0659989582421445,-0.25567369558264,-0.578603537004442,0.114196922666156,0.509943104849791,0.391851866240632,-0.739466844454359,-1.06910489070486,-0.500571323421537,0.0716829702150356,0.28658376200693,-0.871016154874695,-0.13439785649719,-0.655020350958395,0.709428905217472,1.65095268349469,0.888777648431963,0.514270304920074,0.879423748411547,0.9925383661218,0.499852854452969,-0.179489576400146,0.0743640366729678,0.944553195501285,0.647214015580086,0.0222992859197327,-0.0230829671805378,0.556399308623824,0.247440269146214,-0.779339241688014,0.392748949230401,0.703904109995268,-0.386832311521433,0.686189628906132,0.279069844713386,0.00353130491154974,1.00410719558045,-0.164835621339223,0.468068483817311,0.927718594088128,0.764858737561598,0.71777547493413,0.180548694167067,-0.28147925119755,1.02778358478253,0.488819746653173,0.427688976767001,0.48195578650844,0.00314158352742774,0.187171599431345,0.42748577425236,0.267386434381026,0.0251114908375253,0.214287468906509,0.100267670434111,0.637808658104855,-0.409745633227637,0.234903679975024,1.47976738188835,1.74995150385377,1.87803294495468,1.25643146944637,0.528780951461752,0.597188431998473,1.29674388244524,1.1079066282649,1.32066616926276,0.211931728265639,0.355326847551045,1.11675245948662,0.677497423747428,0.625221026117574,1.17641413385931,1.06241168674107,1.39963401796591,1.26959449320112,1.67448796360717,0.563639813230391,-0.191416214947921,-0.00547743142244739,-0.268665348453109,-0.293964994731665,0.379147944970169,1.15797787129918,1.2793574094158,1.14543410292936,1.57014364611698,0.76124428465122,0.488074247176765,0.204933823531111,0.0279126577646635,0.933112328754181,0.756221600375038,0.557395320535333,0.743919431456972,1.33429407443533,1.84806907281074,1.32907903526298,1.01569661522311,1.63642212334769,1.38591241786803,0.446324029675752,1.07621781779032,0.404422126673861,0.292336471943696,0.725062455215745,0.564366085062504,0.891686802940379,1.70322964208072,1.60557848145083,1.52923101865676,1.27289747853248,0.39968283243463,0.701630591732953,0.659499232186973,1.0150277907343,1.20745719585322,0.760591587499878,1.20371194242914,0.251543019174581,0.327750253133511,0.464495329832847,1.75961042556114,1.71103431694895,2.3583278227582,2.29826313678601,1.93498736246102,2.4159582501896,1.85959045624533,1.59181505426153,0.953621201131364,1.49146969436694,1.27620552136695,2.31585234416155,2.13131250596939,1.86059359201484,2.25286072095386,2.11474237874592,1.1139604360208,1.45096635741925,1.89807772196622,1.55933660013475,2.52323627174691,1.02360404277821,1.83666402493199,2.9222547067573,3.25840433685472,3.03617151746382,2.79889102626235,2.27442029942403,2.52477902477067,1.71234441727233,1.40552095168084,0.95009973050791,1.39859925516742,1.82375974681792,0.82715780736097,0.997044491096324,0.807008397487464,1.44918316356762,2.3735319135692,2.13830603962738,2.94226233674064,2.00167353607139,1.39094659466825,1.18718400756548,2.2481953807802,2.31441132782983,2.39226030589385,1.29521993586023,1.98062319261054,1.93275102125884,1.79025522331443,1.64727579872966,1.76328112611566,1.97009093867356,2.70837843107038,3.14088272524497,3.05627642360111,2.8285500854442,2.77926202978088,3.11806166696558,2.88291100097947,2.25953833972034,2.88496720349084,2.35932809976017,2.94014655704465,2.02686430428587,1.76172954194723,1.77437525934488,1.42096642834243,2.36384129154536,2.01274244281501,1.61671490136624,1.62173877623393,2.31547225160424,1.98460065315552,1.69451595858475,1.92269948334141,1.63104898498244,2.57424964217334,2.99310451545907,3.7869694509727,3.55056523269853,2.79375541162638,2.00217945092619,2.02313141920784,2.35194943366178,3.30290916379072,3.24210716639734,2.12566742730874,3.51497223520848,3.67450530470441,2.46655690033597,2.46404065429727,3.034641649248,3.61799296886919,4.67486133837347,2.94213055105498,2.44961715377822,2.25319737325634,3.00109384970103,2.50387645551372,2.61755117588934,4.09728020402957,4.03486939447645,3.89929749399059,4.09883293301468,2.85330159158595,3.86368029433842,3.915923313059,3.13225370518225,3.29810100328221,3.67469061691266,3.34246848412756,3.01768386012452,2.66710397320908,2.24314301187425,3.06375317566089,2.92311685643581,1.94966504753547,2.92970736644296,3.65015577347839,3.70538567100116,3.3926105335273,2.68239550952528,3.11144030062713,3.79925406364098,3.82598688814082,3.97053855899192,3.24396852132468,3.27711413006552,2.92742368861616,3.70770558062258,2.58905711890999,3.48008905935604,2.87307507198148,2.5953801197386,2.64488592433383,3.8515146945408,3.55445082929896,3.56082249102457,3.95338965539304,3.23778260338124,4.17234324445172,3.75818741365139,3.22256529444801,2.72954271833942,2.89594907882344,3.49229951510524,3.57215308234877,3.17577997863097,3.27843699258747,3.1716078154132,3.86982996467733,3.94182424681363,3.45264449615747,3.59931252331764,4.80618640112968,4.89482947024227,5.4902252083835,5.30283588971904,4.94033304680296,3.81511638644244,3.84136778631526,3.83236943886439,3.92437734679164,4.06475407607307,4.23673376720275,4.27164547237824,4.68666491748129,4.89558685559317,4.37729183667839,4.25256807413219,4.60201041748237,4.64587945386363,4.08724713655515,4.54696985604057
-0.14469959360796,0.00060367281461926,-0.00949644430379824,0.0135733992345072,-0.0163054095814349,-0.084179466456066,0.0117717210297226,0.0254052953480317,0.0460548974016857,0.120811590989198,0.0258677073491534,0.0284018338284353,0.00644732283885278,0.131480661567045,0.0869001640172273,0.139695683174412,0.0318251555040526,-0.172272436675013,0.105752953721146,0.00434695675203084,0.0286496084097904,-0.0536694229988728,-0.208855536682181,0.00330330824794392,-0.0763525339697876,0.0464765360663379,-0.197546909299856,-0.259431722903562,-0.0626599986328714,-0.189108124869306,-0.188808182925624,-0.032092203779271,-0.0696196463554292,0.129063145919432,0.144847023090587,0.183898104276177,0.252936130151223,0.103366414231842,0.192476066506474,0.109791366608677,0.0525063602887069,0.0551214639872647,-0.096647904777027,-0.0118679295474303,-0.0809012734761851,-0.0614081389157764,0.172865716117211,0.0220393797773787,0.0849516304403947,-0.129069554509956,-0.15418494938088,-0.0488529359918094,-0.0428574522783902,-0.0331846166553366,-0.0498986336142508,0.00313836468735733,-0.105925750075612,0.127016983446804,-0.0541514562521061,0.0865898914081791,-0.0618356946113167,0.0823803501405943,0.215346201518569,0.157220921024363,-0.0758970500216472,0.0847069825541625,-0.135150372225041,0.227678868206987,0.110378844588807,-0.00074203068944647,-0.121868671839809,0.228603706813178,-0.0398149063037199,-0.0817760151393375,-0.059405708100411,-0.0807846111255585,-0.0449363517670062,-0.118835510762033,-0.0690906646307508,0.00537738064624031,0.076737284022723,-0.00645694162201917,0.00315733635800933,0.125292510284549,0.153793604253887,-0.0062827433098827,0.0276375655179553,0.0954048360321876,0.0738723803023487,-0.204096241278888,-0.25894377059941,-0.189343627609053,0.087351835487066,0.0314520071274865,0.234084161975216,0.0968882460033312,-0.0820837784577401,0.102592156539512,-0.00756641138287468,0.140145369438327,-0.0944118259714781,-0.383167795475319,-0.0611717057074828,-0.184724556926471,-0.0818037823354687,-0.335594299305542,-0.0395268704572802,-0.0118433508088915,0.0124899327162428,-0.0455892841004229,-0.0821987426955277,-0.0788726554829002,-0.00308804370283256,-0.0542097703528002,-0.00309683539901028,0.0740088683973127,-0.0151740159706048,-0.049046594248693,0.0267442063283873,-0.0425451670879076,0.139550538512726,-0.0758027063055386,-0.00970609971774081,0.052955948329049,-0.268577033405588,-0.0348185906271373,-0.155133011503991,-0.172252038866106,-0.0896280928172114,0.074301742950387,-0.339721386756847,0.099096975503296,-0.215701970470408,-0.071700220182751,0.187131784451451,-0.00632482798982841,0.0945194124944786,-0.31001030814204,-0.058069895190485,0.0180785935116743,-0.0158250255869861,-0.0605776637634937,0.0918176493212705,-0.0151239050147298,-0.242666272845145,-0.36259727223164,-0.312599215596593,-0.233454749928853,-0.129134555364692,-0.138069693553452,-0.156944508500255,-0.222976731721956,-0.0656081567149311,0.290653066390366,0.0780985631545682,-0.112707347686093,-0.0695096549454913,0.0297212618354585,-0.17426086886546,-0.252427027520135,-0.45062415112377,-0.288417530523339,-0.401344500082031,-0.0167587103752218,-0.0708355587097752,0.0123796240537602,-0.013719660106861,0.169528120344959,-0.111961720490614,-0.190842525211515,-0.235633089598786,-0.395039101581811,-0.378548147665264,-0.10244639447451,0.0920183893452897,0.051399227793016,0.0615560824593891,-0.00904036456390107,-0.179594261071696,-0.0890497168792137,-0.114073347426332,-0.244918452953211,-0.306329883994766,0.0614440769803156,-0.134096425148184,-0.20364561041835,-0.157431126213502,0.0314747970429884,-0.400516285733507,-0.0338922340297869,0.0372446631427541,-0.220605103303716,-0.31138393788111,-0.230972640674581,-0.24328501837017,-0.281768946555699,-0.290263434711672,-0.232308170672334,0.169508768093403,-0.0829230865919854,0.117255740872192,-0.00994204445916508,-0.227631251600687,-0.188725003222372,-0.115718212020324,0.0855114069684731,-0.0584835353908868,-0.0819681687916695,-0.170639212820365,-0.251885347337298,-0.432615474210736,-0.372181687534941,-0.236368098043901,-0.278964864208425,-0.207244740147145,-0.207784132289175,-0.156581809395349,-0.201835233613721,-0.306847652304468,-0.345093404473175,-0.180388824995672,-0.271904296459391,-0.19035195001685,-0.148708056014085,-0.110776650047547,-0.326281969522342,-0.0785763354056886,-0.211148438410152,-0.35101929757836,-0.231316870024191,-0.442542766082419,-0.241235661650822,-0.608374024498401,-0.582872274794147,-0.340015704341628,-0.212583903242637,-0.298430244879074,-0.45383907934707,-0.251123944401459,-0.198060101816162,-0.236511689028607,-0.277531697435494,-0.0686605071459017,0.0370903980663073,-0.250234824253563,-0.398906610050035,-0.54864251606971,-0.500406413045913,-0.453101990114127,-0.442868541700839,-0.0701432419695329,-0.030998727600178,-0.249495199725404,-0.480745692557232,-0.325618594233238,-0.334259648408944,-0.320450924655781,-0.339464672991255,-0.317677905015707,-0.369331417442115,-0.296497420998255,-0.355207536512572,-0.419318103482465,-0.50890740023513,-0.51302793688996,-0.606573192972483,-0.492805570336593,-0.452014515157288,-0.621904330255656,-0.633738067697759,-0.41699463331796,-0.322343993994941,-0.524374521509982,-0.369170947330161,-0.381008716432074,-0.233853932432307,-0.22102976387022,-0.485902053528925,-0.37668318430001,-0.308353711045283,-0.132738682614019,-0.536976762078861,-0.359915610811058,-0.282953349406898,-0.218093454175726,-0.148745474629105,-0.492411889204628,-0.533194958917519,-0.53930858809663,-0.578824512191617,-0.284911933317869,-0.382188385481551,-0.395936390092975,-0.200901071716799,-0.48369072199619,-0.476570898887891,-0.413320527795168,-0.556774286774721,-0.404823785177311,-0.50094527751995,-0.220685950761081,-0.473129739095622,-0.587551100867419,-0.757514008672154,-0.521990779233634,-0.56988101339224,-0.40910948721536,-0.416756959674676,-0.162565372739857,-0.384636700400059,-0.659949836336977,-0.667670026104151,-0.575444726604665,-0.637759600501214,-0.419321965676277,-0.468849737974155,-0.530601828639486,-0.502913441372228,-0.599518947336454,-0.502602581718245,-0.387438488078912,-0.487580672335998,-0.281908324044948,-0.343456553413525,-0.659903040555408,-0.408662090199557,-0.389667677246576,-0.626905411670611,-0.478254395632913,-0.642307672544532,-0.532485372763089,-0.526050680587956,-0.544320562404769,-0.582939578418151,-0.675484402589229,-0.639105506012372,-0.457270055117628,-0.463619589719597,-0.2720623458526,-0.614205672840859,-0.496644102868899,-0.598472322380507,-0.484229190563793,-0.37103435240959,-0.398291702884221,-0.64859579429747,-0.756371996416713,-0.676838848866839,-0.550947567706729,-0.616353531809686,-0.220657825738784,-0.553848084246847,-0.571565819390531,-0.37257938093769,-0.471787052973642,-0.3943274965226,-0.535050698840679,-0.669202308440261,-0.460266537305792,-0.498114809383765,-0.69036726649829,-0.850703154725881,-0.528002747532712,-0.631747380484164,-0.864966850158143,-0.725729031581836,-0.786453285586822,-0.829901189900257,-0.693183422779941,-0.557353155638959,-0.468173515735097,-0.684301449087945,-0.613825549365712,-0.570443467900211,-0.75208118529293,-0.741547274098764,-0.728958595229646,-0.688061775590749,-0.680555084307369,-0.632838437354043,-0.609732002929205,-0.678768721708581,-0.756577393430832,-0.744385050982989
-0.0568002743050312,-0.127260876276349,-0.0329623989399239,-0.224110165201664,0.156324570485727,0.0362592113255795,0.00742415697322797,0.185241735581053,0.00466286197386264,-0.0798606291141997,0.0173976259703325,-0.137137986796674,-0.174149895452812,-0.10585343233494,-0.0442808787846709,0.00341949134074661,-0.0269652297083592,-0.0355595425773135,-0.100843491878785,0.0560489998606807,-0.204895728571885,0.06476633613693,-0.166013167261052,-0.0040161252977712,-0.0413830095306121,0.00391329553994273,-0.120738139613948,0.00639460981244794,-0.054696930805176,-0.0738359693643946,-0.0539315862067697,-0.0690465542925478,0.149540000375595,0.0529957587749972,0.0619647774687683,0.0661999980687432,-0.114384326006128,0.0721856517872958,0.0978125151638992,0.209677977394857,-0.0661268219840335,-0.0294648650225709,-0.0473523108498397,0.0441195797500403,0.15128244531257,0.0278881370662979,0.123372707961145,-0.100418211343631,-0.101872814241837,-0.0796917226310309,-0.0775405691105322,-0.0028810392674546,-0.060724659846905,-0.105420612902183,-0.0384771277304594,0.149319941745747,0.159495043171336,0.0507131914973095,0.013025734872283,0.0110708382757279,0.0473828443784802,-0.00282492713707336,0.25098249224982,0.19005662579874,0.0340401837907861,-0.251564141741869,-0.0605396378758174,0.110540654900122,0.0760039323264662,-0.0232414957829401,-0.0793888361901134,0.0832936403782343,-0.0297863121617913,-0.0911977350138896,-0.123725447446153,-0.088817432992835,0.0501730876846741,0.0181893942915217,-0.172127469975835,-0.0353401486028288,0.0709507963077767,0.0607353449367938,0.0112944702221332,0.111397352058332,0.101412466881534,0.233614263795647,-0.0198120377443322,-0.124355841686338,0.0553236832026409,-0.0735348502109056,0.0537528592233733,0.227791001117357,-0.00459130806312109,0.220492905118138,0.034543850211573,0.0757611316879711,-0.0839286563455002,-0.0379432515048632,0.0671075361198525,0.0369069740512737,-0.0748381757579083,-0.0502157405897731,-0.0584429932443927,-0.0400303049995793,-0.0976579767548839,-0.101471216212608,0.0151776871143046,-0.0745677120037846,-0.0101412856122474,-0.0250518415122768,0.0516106969165104,0.03812318079696,-0.0326285320290893,0.147371342765324,0.10362504954768,-0.0514185035707859,0.0511799530159834,-0.0114452199392813,0.0392261388858761,0.0304843596861833,0.0478267513035673,0.0691159534437657,-0.0914219250272472,0.157485580514907,-0.0208167295279381,-0.183774505723688,0.133056889326877,-0.167110362357408,-0.234379080870744,0.00846692123395704,-0.071305508650857,0.0139027852659841,0.165549886085374,-0.148401559038822,-0.0850447759856935,-0.0514613197858902,-0.122413493503814,0.0586685729251352,-0.0577661073509027,-0.0465849116422411,-0.0899964984890277,-0.136024764306752,0.0114485479312663,0.0575215681313682,-0.136813513240214,-0.0312447282572958,-0.192406287516931,-0.0990669635433759,-0.063363151023838,-0.0590720351148734,-0.180727284998049,-0.125635456974094,-0.0119665386866298,0.0866982969138839,-0.0547469838544795,-0.220575493400289,-0.0797005691773975,-0.112870843027728,-0.0382354597274669,0.156470032616213,-0.0307679183401069,-0.0968339969048555,0.00690166305270702,-0.115881090416457,0.00661899722031092,0.220265917154841,0.0568679925014189,0.125470779176232,-0.0256538551988963,-0.0397653009723076,-0.116901270412818,-0.167227954430947,-0.184057672953797,-0.274377904064278,0.106002121491193,-0.00857511581990861,0.0520600441142082,-0.20793863449358,-0.0575386749446769,-0.0474324498303722,0.028330736384877,0.194420899024076,-0.129500980301702,-0.173139812338347,0.184314216766698,-0.112171895051869,-0.0932837855004985,0.0848668395215584,-0.0361254477314013,-0.0647516228507473,0.116238946250581,-0.0175859662912028,0.024098696924538,-0.105768249660578,-0.122763539343581,-0.213012802564524,-0.113886578768863,0.0737753587267685,-0.101431739371987,-0.151922035554234,0.0431261313123878,0.0145878288432232,-0.147872782366419,-0.0605375557578387,-0.104599791173552,-0.0544289126550827,-0.118644895835034,-0.083077692408206,-0.0565514727953483,-0.189403522102458,-0.370898096211359,-0.0717533401264628,-0.0967284007369218,0.0403115917759269,-0.0470823221839392,-0.0752877728481132,-0.0404172461908663,-0.0609551445513545,-0.0429548015326026,-0.114964499358545,0.0147550791869573,-0.0502164713971194,0.0164642459314638,-0.159525153160531,-0.00250555747773674,-0.0376487943045094,0.0745463676053943,-0.278009908454432,-0.087214846825208,0.00827029990862593,-0.224078348435806,-0.127157986742825,-0.210985618285327,-0.150942052257692,-0.294900905351825,-0.12007507791524,-0.17916777169121,-0.271093922556869,-0.0194286469197001,-0.0188427724284831,-0.162132078009176,-0.18235375702025,0.0699639091258001,-0.0439962523546709,-0.0328043701536322,-0.0928824076927555,-0.136356162297106,0.0491800038759538,-0.0349059375585542,-0.0213906348348186,-0.208549865694297,0.0146497310891104,0.014488931559708,-0.094763404433635,-0.0794073182105776,-0.0866424577626321,-0.0579481221867317,-0.247861813458066,-0.0522281268694326,-0.282342372962609,0.0234629023218355,-0.0139350920004016,0.00956475083252456,-0.0869520759450444,-0.100571523869227,-0.27802578380238,-0.153153103762975,-0.170044336064887,-0.160881540346958,-0.104020780481043,-0.25513282502025,-0.0653591769666165,-0.192326221418381,-0.0757845266485807,-0.0372518890235381,-0.229209391817308,-0.097160134654209,-0.114051046260027,-0.16723355139275,-0.0928481940291124,-0.222349479317153,0.0047978270520339,-0.0361493307693675,-0.109682386353411,-0.163003206464615,0.028466917969549,-0.238706188207231,-0.136028906697678,-0.252001564433199,-0.108437910098368,-0.0610127633810421,-0.0861879242381601,-0.138886001878415,0.0319098380086853,-0.110882001310433,-0.170744469202983,-0.163559604139164,-0.265050722604902,-0.217581231598523,-0.180590037045055,-0.162273896542896,-0.357571884527021,-0.0476764115749729,-0.165378184272581,-0.0695633408317867,-0.219926623798033,-0.0780209749086072,-0.162175588270515,-0.205507746308176,0.0837563788033251,-0.218477385368136,-0.362748952900182,0.0448117580905126,0.0405945266634155,-0.0985973373205913,-0.126067199177289,-0.00375869084166577,-0.254671524325633,-0.0970925846369664,-0.0732625395304137,-0.0554239227366145,-0.332767367124279,-0.143582100852614,-0.00503803920352835,-0.104120816592951,-0.0910718651945344,0.0698496856817214,-0.0535034640220501,-0.165642701831285,-0.146814971688572,-0.204100601593223,0.0464869488373666,-0.142679382978568,-0.094414325961645,-0.25264389660975,-0.288048302225354,-0.289303639309282,-0.175875140840414,-0.323426430540973,-0.031814943803859,-0.233859895517408,-0.0818722696988497,-0.108618575199335,-0.147827867876805,-0.33436728252394,-0.0850211279262003,-0.28886589632414,-0.150986406297862,-0.217901023263303,-0.214707104784632,-0.143171632717072,-0.0478723442729513,-0.31677086192501,-0.156332499342181,0.160916099577747,0.0637982630943947,-0.175349762500274,0.00899113060788068,-0.0314659253356543,-0.265624681443962,-0.155276600895125,-0.225064925201788,0.00934762225371599,-0.275827846314374,-0.171861699393453,-0.298282865847094,-0.208127258219962,-0.145321572557505,-0.186269377115478,-0.13017813438343,-0.113393434485585,-0.179359306523304,0.0174170917283204,-0.174796927209429,-0.178174231199229,-0.168323556966573,-0.205908865831863,-0.472903986180758,-0.249630627433622,-0.0798506321484986,-0.260295696561181,-0.0966164997565609,0.0540478456716645,-0.0464609765857036
0.0428200324534453,0.187089728006951,0.0322083668860995,-0.0138690009234755,0.0686752212210447,-0.0491333442787285,0.12184664546237,0.104900388131453,0.0248831035283789,0.0234992524455764,-0.0533369689328116,-0.0576662848736373,-0.0129568694556571,-0.196423874502206,-0.0583540180270864,0.0311857978153035,-0.0404319695516022,-0.0522416367577498,-0.010340303715612,0.0118547521554472,-0.112910345844847,-0.0309459826964297,0.00381362043433773,0.0742843307161666,-0.174871396501276,0.0596351278606187,0.0203202735619941,-0.0388681634220779,-0.023124005128337,0.00191917963303452,-0.173385774752857,0.132697248824208,-0.0280659384132409,-0.0518418541608897,0.263629872473723,0.318996618569764,0.365734306512054,0.0532293950657072,0.023477621289647,0.0120238620774749,-0.288538885647771,0.136572013549741,0.148515973665069,0.0229218847514615,-0.0565912070018155,-0.00493390677698305,-0.0916308453575433,0.0826102288615301,-0.00405207304201548,0.113051243121895,-0.136765665740101,0.118339233905728,-0.0872628047364463,-0.0279720847153324,-0.0241155279950934,-0.0321045057044106,-0.0599456200806556,0.203095968384308,0.0438908626063913,-0.201669274495018,-0.136922593071309,0.063761968606993,0.188770425620449,0.177426316961975,-0.0532482170604275,-0.0574839714235759,-0.0211178375404001,-0.130137464687738,0.0602455602120816,0.0505044442274414,-0.0635158797805278,0.150806222533312,0.0919965148045687,-0.0502078510146093,-0.290287012026295,-0.109632965555281,-0.265521180343311,-0.301471077798009,-0.123141886711662,0.0657208061768986,-0.143372898948082,-0.0868356991795998,0.0264679130085682,0.0535501748800239,0.268011979162663,-0.0452337329070661,-0.0667097093643177,0.118353918747352,0.0248388890703275,0.122570582752033,-0.168326848583322,-0.160257880060029,0.0643705499978532,0.139710994840821,0.163515201721694,0.00853883415567377,0.0489195788388227,0.13084755119757,-0.0612714923901187,0.166464727447341,0.0245073698555318,-0.030773932968798,-0.0619054533928249,-0.102369760515747,-0.151048133132025,-0.128980888794683,-0.233474722056446,-0.0613347794130547,-0.0427997756154737,-0.0345642875911787,-0.0205939892253426,-0.0894915443175228,-0.0538054077066631,0.039860434611627,0.0527917660067705,-0.042452793581039,-0.00901821544646906,-0.125823431486052,-0.0243841948586615,-0.00325809172295365,-0.0213924082172745,0.15967903920596,-0.0981480364991545,0.0650416728945103,0.0812929570003181,-0.105935416183028,0.0231131448174032,-0.0675349837152843,-0.0320379915690215,0.0245269226360087,-0.0653632119027389,0.0123635383399155,-0.00414335618930434,-0.108019969338935,0.0733480078934826,0.113066072541247,-0.153300457792475,0.0610322498343342,0.0391616326334807,0.0917428127661529,-0.146673399506615,-0.186503381709834,-0.202576877883198,-0.0916335383682243,0.0745034774982007,-0.223207484517005,-0.157851650659904,0.0369326839220733,-0.0912378656721582,0.115957089937245,-0.424230084777441,0.0416733752129366,0.0671272064409344,0.00838133398595387,-0.0731967806595569,-0.134984723612927,-0.101873992885119,-0.0525618254987069,-0.0547321235541213,-0.134584804466833,-0.175155869254685,-0.134413215976305,-0.120466015507582,0.0738618002053723,-0.0102874551150021,0.139360033538339,-0.105526582554919,0.11221621181799,0.0198574236537539,-0.225659700395954,-0.0938931943334316,0.0241745539693075,-0.0865681345977724,-0.28765027437957,0.0327805974675376,0.00770090090291287,-0.0976091154639289,0.0500496232639438,-0.107173485925308,0.100290534289047,-0.064418838970401,0.00252914680902226,-0.372996005363549,0.00530999426958847,0.0612619771564642,-0.0121911366892543,-0.235391250866703,-0.0334345453515185,-0.151885248111691,0.0273277552232786,-0.00644840305872325,-0.0496936347548624,-0.166797363160049,-0.112364069246561,-0.07016194139917,-0.0877885391693104,-0.0992607083755446,0.0779193390561941,0.0216446151232979,-0.0345383867604498,-0.135970650570714,-0.204390047461152,-0.0920996584385385,-0.061347563733703,0.0732788226978352,-0.194289237185295,0.0774294406929168,-0.123137669173717,-0.253676452717038,-0.0639696708969074,-0.325041818797054,-0.241654234466181,-0.0899649842919672,-0.276763713882718,-0.147270264277615,-0.0766656103972022,-0.116728084046407,-0.179442021002909,0.110098578097878,-0.292845752542586,-0.302764133411171,0.0500532995675237,-0.119564831604603,-0.221212819150355,-0.164911013653009,-0.0425668899381401,-0.0683638203731485,-0.104503555369445,-0.183650934236296,0.0047398240940118,-0.155452574874803,-0.287779629303044,-0.39110957164905,-0.216778618349047,-0.294816903280152,-0.383932281305781,-0.339518246111515,-0.10293113473584,-0.0984852439579942,-0.0360667229676732,-0.179835024941682,-0.0408839150631784,-0.272465783910742,-0.130181930404733,-0.0252187228250076,0.0586526580460064,-0.175795088384979,-0.192794928128476,-0.214571002543314,-0.00578001729895231,-0.238805021571118,-0.0854739667785829,-0.121507947610494,-0.321178860994182,-0.284610537101739,0.0078034773953829,-0.266868038045345,-0.287482213344071,-0.141280490100555,0.0132444225702334,-0.157009393323243,-0.356286210751818,-0.306538311327746,-0.249278443562895,-0.204944161896149,-0.239365867666787,-0.298747329989038,-0.195658888083929,-0.0930653396393433,-0.269755777081801,-0.358944333680688,-0.151128567970609,-0.194216848699715,-0.13711289225823,-0.175491798329232,-0.345675210704352,-0.116916461771809,-0.236947289879975,-0.165090417088728,-0.0446086924914025,-0.0223193546855225,-0.205855084100673,-0.229992487009881,-0.18797735801468,-0.0580815213487309,-0.196724760229426,-0.171328265567776,-0.225239574834384,-0.457772247134166,-0.291398083263435,-0.288615496483767,-0.280322943297492,-0.0724861246814568,-0.32662675597274,-0.0383981574232776,-0.309792434008941,-0.236889461992444,-0.475933826410384,-0.470516562010792,-0.369149207323921,-0.150773859186338,-0.178561639987722,-0.506511538970235,-0.411168309100384,-0.2457143470348,-0.182406010301752,-0.216524016136732,-0.317523975590084,-0.208211778621072,-0.181790969886293,-0.426610607888848,-0.23498511969365,-0.34477705841184,-0.461096490335077,-0.239308944601724,-0.358578157126527,-0.283000557791649,-0.28833148610592,-0.288849233099154,-0.44193694386276,-0.375317611202322,-0.213724186424481,-0.215132019721253,-0.291154620763031,-0.193599837093177,-0.163267046992954,-0.347353993352836,-0.383727736801323,-0.414554248954363,-0.335455080852488,-0.360064524151567,-0.257571076039379,-0.189949374324226,-0.460156781640779,-0.346412554320793,-0.281399943391512,-0.236431164048442,-0.274589540699171,-0.297743559779285,-0.484405766507237,-0.0129240697410548,-0.422917097437767,-0.254995749398714,-0.165267227288838,-0.285491013002646,-0.277310448275126,-0.271215771725467,-0.507808686804574,-0.292174448402107,-0.561462587665198,-0.62346429071979,-0.400146410896049,-0.387793987799817,-0.336768089224337,-0.295329875288276,-0.273696354610266,-0.466342206569205,-0.217916801907692,-0.0819588139962617,-0.420873511786044,-0.310596665700871,-0.490717316330154,-0.299472807556491,-0.354188297647073,-0.298223005244812,-0.540145821219082,-0.588100330543266,-0.440490535961317,-0.608020529775741,-0.437852811131902,-0.452337774457633,-0.265094304765522,-0.362978373122599,-0.412846484312494,-0.589027355418109,-0.447144849949217,-0.621211721196206,-0.550951008600107,-0.286633347778517,-0.519458187300644,-0.460609533706159,-0.291783059968082,-0.314119962675519,-0.337611067058099
0.324278759725762,0.626033219640822,0.188379716588846,0.16188129132178,-0.120064971822969,-0.0275872313280524,0.479739816103654,0.11941190916377,0.207409305521702,0.185858109916056,0.152279178369959,-0.115650153255896,-0.175503714269009,-0.108734281099139,-0.371213065133916,0.36766236713416,-0.148796349829616,-0.542983013091515,-0.162078401312242,-0.463968875327797,-0.358611163903802,-0.213488058092516,0.0492561197525263,0.110322896395563,-0.677926475400047,-0.198632498734104,-0.328702543030926,-0.584936932017212,0.117984869333431,-0.307641231030722,-0.323875841897709,-0.183928967298252,0.270412753786111,0.266897981903377,0.826704188216392,0.898081939265999,0.750860103486745,0.581355885368527,0.165924883261158,0.525600420851592,0.375482488045164,0.557396541157345,0.0980697192325155,-0.372480836887358,-0.0440302041015937,-0.305713152362073,0.146940829608803,0.349209950610007,0.203736340480244,-0.268188971253384,-0.377065083881375,0.223815706874009,-0.434846274543929,-0.283682595189404,-0.163185787718634,-0.0798293284266303,-0.221955740197713,0.472163186968725,0.475799910193658,0.145941530944166,-0.160304289640694,0.1739555314492,-0.0980811187567029,0.286453286840159,0.151004135869106,-0.358044126471074,-0.111823666715241,0.00271705550181454,0.427775110914609,-0.445281188145176,-0.102690014353808,0.187066448379056,0.0925293645863809,-0.332721645636473,-0.529871539282612,-0.265623712034887,-0.593679171896674,-0.656212548619474,-0.921040979417266,0.0508978694241458,-0.071055567113518,0.107892030494556,-0.0390985502724631,0.0674655553183553,0.638121620768659,-0.166940164524699,-0.0397119937418149,0.207819163822733,0.520493830171368,-0.057903618209716,-0.526140208164218,-0.426035483285638,0.467642276408053,0.552203034298124,0.351813369708409,-0.0867717597729404,-0.12877270504201,0.528027370126651,-0.0141918628788014,0.398856765893538,-0.527998418288071,-0.958549643344532,-0.673553372817149,-0.38624301318933,-0.678168454607247,-0.561892951626001,-0.356648984652861,0.193630788872741,-0.132508696743976,-0.537637581515008,-0.244709088308102,0.107334566889411,0.0571439755594888,-0.221667590808717,-0.143262843564988,0.410839190903745,0.0344623985046695,-0.216536844356954,0.325563835337503,-0.458657942633794,-0.190948953057682,0.0408533845258736,-0.584068351581516,0.115644286208685,-0.247996032152581,-0.514068568525034,-0.390332998246877,-0.401208264924342,-0.152898227304735,0.131651460670175,-0.456085454091,-0.225350786474284,-0.33405325429055,-0.210548353794494,-0.122068250310286,-0.198710535828901,-0.206657702337003,-0.148107224141998,-0.0382438636902665,-0.0464884348669748,-0.0577486315157537,-0.467244467418269,0.11892951317869,-0.203035894957487,-0.842365449435306,-1.1042281599785,-0.994734188764059,-0.631885453384262,-0.219068758284426,-0.393672619366192,-0.769054939816366,-0.496960490989319,-0.641542857034895,-0.0968890254708683,-0.368191751823701,-0.710331291365781,-0.301641477195027,-0.479406655279318,-0.850844605639979,-0.547691599170029,-1.06757396829383,-0.741096950703733,-1.06299905058409,-0.485598078062125,0.0830607365631389,0.170445291351204,-0.00150009376268329,0.184185958494052,-0.272189749731264,-0.650066222140683,-0.866048876095831,-0.702870083260092,-1.00523059566196,-0.66989801473796,-0.393907737960911,-0.188246237857722,-0.136365137021317,-0.47016504657351,-0.454076303790874,-0.509518539435023,-0.668969334728953,-0.781283277444187,-1.11680613919965,-0.529527581598391,-0.514990604149253,-0.941805712383693,-1.00937483655116,-0.318243930369367,-0.896271912740798,-0.127381609436251,-0.150147252411546,-0.471694131753353,-0.284661505753842,-0.553999074379078,-0.894027914949808,-0.975834504974394,-0.997347716495995,-0.726155836722776,-0.139660711107649,-0.352175760270504,-0.476192708081847,-0.888574725938095,-0.779086387076846,-0.368852473073182,-0.918902664810037,-0.2340378560402,-0.197989774743512,-0.222034294202755,-1.13050922335828,-1.00412517096641,-1.51943495222834,-1.35124629823322,-1.08559993358931,-1.49286392889728,-1.07587275219198,-0.893614942369903,-0.579753903619179,-0.719535805946577,-0.584450629130844,-1.05620151414038,-1.22357852702954,-1.04840623675786,-1.31367802543824,-1.08130468851956,-0.713036222543978,-0.821490195335565,-0.998637029993761,-0.907258843305064,-1.47860446203774,-0.682292204433456,-1.05518304374953,-1.67851165388803,-1.88967899793838,-1.86490016876527,-1.59524288842158,-1.50498660290828,-1.60223530609867,-1.14299872292011,-1.0041274638392,-0.73768222846393,-1.06204749006865,-1.00090500919879,-0.293765092748645,-0.473364715454943,-0.440635834257389,-0.973608509728926,-1.39537231707959,-1.16397623114902,-1.78942185659453,-1.03491025187869,-0.933985428802875,-0.874816309042154,-1.25861547353776,-1.20689941425832,-1.30309513336573,-0.733363342824277,-1.06936513140495,-1.08169619459682,-1.16189654229848,-0.590902942764764,-0.971451493652511,-1.21527682478368,-1.41446264316444,-1.94492751864364,-1.90976691311721,-1.72885151815564,-1.61977352622779,-1.72545721361681,-1.87824572598213,-1.16741432882457,-1.95908589274733,-1.53999352999732,-1.78058895203674,-1.43039320214087,-1.30993608122274,-0.895519361662309,-0.903437566402996,-1.32743268875306,-1.185845595257,-0.921444740960444,-1.03814368374849,-1.52361756476073,-1.07882732953485,-1.12022809288209,-1.07987667860795,-1.15726691366276,-1.54735851419042,-1.53838465231591,-2.30547172647595,-2.05907323662361,-1.58566614660982,-1.31334577391811,-1.17225229022588,-1.52141227363036,-1.84149136791393,-2.23945953186074,-1.30867500483067,-2.13951161819174,-1.96738897667942,-1.78552916348165,-1.51332172856257,-2.04058357628695,-2.16935302876968,-2.74428713488008,-1.84040046511004,-1.55271885578491,-1.28239733854733,-1.76415344387835,-1.44002649289157,-1.26667170111898,-2.26308307053759,-2.23437030354949,-2.30351706953674,-2.36543207799928,-1.86367307029569,-2.08798063028643,-2.10572816516722,-1.72594850773766,-2.22776458339747,-2.41201855159952,-2.07233160320361,-1.7858544308041,-1.6961601548213,-1.42360867062576,-1.8623943997872,-1.7124717229791,-1.08741740928724,-1.86443247844698,-2.30820906390879,-2.35926689412831,-2.19045892468925,-1.56732215415532,-1.9001612342886,-2.28539441481195,-2.41161057900046,-2.53665275148856,-1.80656942877566,-2.09173824025919,-1.8065468588941,-2.25191506923596,-1.4875809254902,-1.98112350567442,-1.68480051554279,-1.56923079251392,-1.47762105332546,-2.30483992809975,-2.24134844497139,-2.29055313519613,-2.25681333078925,-2.23074447160964,-2.67415952053641,-2.29526958829941,-2.14318983512297,-1.47864778579203,-1.73231348485104,-2.03474029096011,-2.38627867683268,-1.77233350712074,-1.93144785204894,-1.95128142220114,-2.28657234963644,-2.27331078170737,-2.12371816555572,-2.0517961513398,-2.86221980635332,-3.02534768417721,-3.15796639472466,-3.05722677029591,-2.94506161274804,-2.17778534744733,-2.11260352670913,-2.14760494905088,-2.29937635941716,-2.51025523369686,-2.54099769023792,-2.74792467714581,-2.89910011575841,-2.99078367314308,-2.7070205032852,-2.57951151651616,-2.80647091634666,-2.83636757085023,-2.56074468665833,-2.86999725486101
0.15233764710584,0.354308203491444,0.103178362720559,-0.153501018092285,0.0764869810526782,-0.0221862583305852,0.289621004605108,-0.0534338744895867,-0.0105156364931305,0.234850458155339,0.1226754852695,-0.30368436816769,-0.181706500985712,-0.0833978224119081,-0.127668265479753,0.336779520571406,0.0216408252470272,-0.433551994100222,-0.141266689760079,-0.258640854742643,-0.112614671374287,-0.12841773890016,0.0207717668822988,-0.174344766145624,-0.39013779332294,-0.1208645571846,-0.315275429909442,-0.423105781023842,0.0820106429883272,-0.0377073406396756,-0.266243380857926,0.0384278827276071,0.0786172875400768,0.205758360160146,0.485110637515849,0.500709404663588,0.553169029307476,0.456331313691972,0.240148555904505,0.268060942296625,0.143068798259676,0.291268887532725,0.125375862300785,-0.35402203447669,-0.0423078646996153,-0.130381664135381,0.172211132761352,0.307545922520191,0.222136933130219,-0.114031444304155,-0.258198344000535,0.0281496862085758,-0.424702689438236,-0.235454869983302,-0.14950881622063,-0.141957898828142,-0.323588712547471,0.515824188340834,0.213398157615629,-0.202818516685804,0.0110439362800641,0.0724382986704918,-0.132186656355067,0.43024320580345,0.045788782681369,-0.336330512033072,-0.310562744274836,-0.0135938353166717,0.223645843576561,-0.150903891045648,0.0664416996367795,0.0875496997919961,0.105812488178427,-0.0135150013977372,-0.584337449824004,-0.263177422016894,-0.348613799098177,-0.506960058948983,-0.631149791556917,-0.108636240027113,-0.105288322722666,0.102895262932403,-0.0492017568339116,0.189326341360474,0.477092746626762,-0.0458570682145847,0.00828269281748015,-0.0211343095754838,0.173218748259039,-0.0846836031055089,-0.399435539467437,-0.293784642465858,0.311915223693724,0.375041356703021,0.385258733888217,-0.0152454617394072,-0.206995636111687,0.37099661444703,0.191154199124171,0.217639337222201,-0.234460856777586,-0.787853786048111,-0.494731119026985,-0.256941176680697,-0.395173631190359,-0.481053941777234,-0.10656881684749,0.314801807337778,-0.339884619544392,-0.482530102468715,-0.211965961135815,0.0684273320003361,-0.072160061046494,-0.285079783121619,-0.0831357188605061,0.327602423961055,-0.263971760455413,-0.325102842357088,0.214895995917536,-0.140039260484411,-0.172731744746957,-0.203699517530788,-0.443254261516522,-0.0975385550523914,-0.282875132701723,-0.471130777038833,-0.36517496463489,-0.286388440513555,-0.115792844654908,-0.200708241029995,-0.596581685942364,-0.120313354333208,-0.301230488243413,-0.157561463871097,0.0451029896720124,-0.00610126857278065,-0.128366678524969,-0.0637005849909149,-0.0120994481929746,-0.140412852876763,0.070052957849098,-0.298844985573647,0.219289704076261,-0.0783859229937961,-0.609014284953116,-0.631813639623922,-0.590056659108055,-0.470576903296839,-0.179002328421373,-0.17965322228435,-0.298294056961453,-0.461905492416856,-0.552906236331256,0.0958401461176787,-0.208706458376835,-0.505362190478908,-0.243068218057702,-0.236347278614316,-0.540027279418815,-0.354464616417377,-0.608947406763894,-0.703467176947456,-0.741614336681832,-0.43616720251729,0.00662597693723773,-0.0778592622317665,0.0205963515563757,0.0539933093013095,-0.0158517904036164,-0.485014542631395,-0.65293663058309,-0.551042843215041,-0.801393554630738,-0.178908889432386,-0.339421714931832,-0.00466372891352236,0.194768551835705,-0.30562657183775,-0.23807683076485,-0.229462128283338,-0.467762755870001,-0.566870279560632,-0.929385518542954,-0.464829915725898,-0.32300145171906,-0.566465687375442,-0.56581032668934,-0.360976459982118,-0.550391481339484,-0.226404626287351,-0.052155805389215,-0.281093553447102,-0.167810527864425,-0.43340281489463,-0.703497755067079,-0.655001694641165,-0.638082150438143,-0.470763775445469,-0.0669098643831953,-0.0811109068215011,-0.369637610874128,-0.383489539430693,-0.375156747700866,-0.357581302410306,-0.623777904158648,-0.123665663373249,-0.227824248722129,-0.225040850329448,-0.85861528107582,-0.609713867226126,-1.01386297946571,-0.912663239667808,-0.778991452338489,-1.05557866205328,-0.764664493236858,-0.52067417585625,-0.166265034254661,-0.461897893372957,-0.562533700105327,-0.958647792422914,-0.920409222506074,-0.707511754044624,-0.895808703806964,-0.939896868891299,-0.335857647858933,-0.358928046545582,-0.826528436157564,-0.678384290281946,-1.04098338113454,-0.433553459135762,-0.937686830350526,-1.14368945241631,-1.30514064403385,-1.27394943713648,-1.05736737887596,-0.952507215022238,-1.2320476061616,-0.836662720624831,-0.443618871139992,-0.607748758761487,-0.323786276685667,-0.915034694447441,-0.332296574592575,-0.194416856827422,-0.112635285156354,-0.720435943551054,-1.10983489279242,-0.692316164136344,-1.24924917648787,-0.789586762682237,-0.669822969433573,-0.674919928399868,-0.73472363743021,-0.946981541325245,-0.889091271026053,-0.58733267428315,-0.766405717474656,-0.931043190010668,-0.803675451145853,-0.699699215942557,-0.74456060951099,-0.795942619317963,-0.961578046270253,-1.55990377898983,-1.3698068518398,-1.22495557561541,-1.27910421828311,-1.36805018145647,-1.21210245329964,-0.74386733270578,-1.09869409851646,-1.0469966424989,-1.29428641447829,-0.938875572826285,-0.654512900324911,-0.870800095938582,-0.773469218354627,-1.03064708557201,-0.836724861811062,-0.849565619085598,-0.440829387741228,-1.08695754261841,-0.871564496924261,-0.853956985091013,-0.81867740276187,-0.739158564996742,-1.03781828524244,-1.47537628229674,-1.26331234828703,-1.43543643097534,-1.23590682524578,-0.880521547782932,-0.714903949559426,-1.08583345041833,-1.45155219669941,-1.40412815825128,-0.907221532214926,-1.33096134809056,-1.34281693700116,-1.19476149921122,-1.08117492539365,-1.35122764418533,-1.57436887167234,-1.83512702836838,-1.33725566371263,-1.09975837133132,-1.0332060937063,-1.16121466097193,-0.858634899782675,-1.20478115193997,-1.61104448107242,-1.59124574292643,-1.49739651670985,-1.5569466235097,-1.06698982662784,-1.49571797806228,-1.49649669455175,-1.36412527496106,-1.2828238300419,-1.58698098084355,-1.65038993978805,-1.25228880075557,-1.07748099991519,-1.03442179113607,-1.24974614192941,-1.17775303622065,-0.735672867110785,-1.19473384354839,-1.43009433747191,-1.69384673913946,-1.53892109479191,-1.19534786940961,-1.18998290417099,-1.5020401708647,-1.54679808263263,-1.83865581750973,-1.26020875251485,-1.31863096927372,-1.40519964834361,-1.43604137342711,-1.11117098115559,-1.32018726319305,-1.16180098959384,-1.05552374226815,-1.02634529339038,-1.63583136953725,-1.53514998538059,-1.47429503889182,-1.68647027137737,-1.3958531969976,-1.86927043002584,-1.54622907057947,-1.39557728131211,-1.04468576750534,-1.17013720767969,-1.3073595735257,-1.62135390509126,-1.31176747667981,-1.30243498663383,-1.31370343194149,-1.7798399574871,-1.8633771910289,-1.44337969922049,-1.46361379048786,-2.16358897632819,-1.85854767754403,-2.29199817362378,-2.2329051314213,-2.10967441098842,-1.59918870647121,-1.49462046936482,-1.54222159943021,-1.64732051941689,-1.59980748942593,-1.61591811769953,-1.90672501126786,-1.96837688855552,-2.20826780583424,-1.94801770239496,-1.83318663088131,-2.02248029074714,-2.05432167950991,-1.78839308405501,-1.87748364782855
-0.526980786474699,-0.928534865896487,-0.1028727843728,-0.0536991793181525,0.034996980197002,0.396758625297174,-0.833447060486637,-0.299755908556143,-0.278825996232022,-0.296249187866727,-0.420520970995099,0.540699510561386,0.390528469799616,0.308424758850864,0.594975762444104,-0.430059459641688,0.388668442803853,0.741532871389115,0.605527812744857,0.885218164941462,0.617869096860696,-0.123058114872082,-0.0417055467066198,0.0945740764117582,1.11807335842519,0.146789222051957,0.653682075937823,1.10430752132119,-0.228439443480562,0.356452159492706,0.432414007549419,-0.158735719106111,-0.163670662878166,-0.346177557257935,-1.20409807561531,-1.38132582676443,-0.994512792096003,-1.22199131700766,-0.531474978807155,-0.836109991982537,-0.696223601579316,-0.954042726537599,-0.16859114696599,0.314545181847105,0.0673076630862141,0.513847789377508,-0.497260500814346,-0.582671767832524,-0.332110477927255,0.185172494147881,0.704457906446827,-0.130267232192878,0.517492386114829,0.566874570970686,0.341523279941592,0.0133164787450831,0.666384886501081,-0.711252378938383,-0.579146004147619,0.113433551048282,-0.0196609345587672,-0.00938241594817607,0.0742326980408892,-0.599009636226013,-0.171412594706573,0.581289202197289,0.800905354037451,-0.0598636474397321,-0.874497052813882,0.427974699994216,0.290342976370231,-0.460685368812939,-0.216900691944081,0.43763032931622,1.10555505778347,0.409417323273873,1.20609849095321,1.26249866743481,1.69068249398744,0.391454353448751,0.0613765778238321,-0.148178090893249,0.285766818227821,-0.186527316315921,-1.16352557211105,0.127662760425183,0.187862625990675,-0.03986545362519,-0.533648080879088,0.104283085744091,0.96484777977165,0.579831112411365,-0.715312084109593,-1.0609139485308,-0.758555362505753,0.0810214969065217,0.348566775351584,-0.71926089566409,-0.114428018323363,-0.768075851239713,0.656927869125404,1.6384946329483,1.18007919971817,0.825919277287096,1.10283434419508,1.22013612479193,0.448637677007131,-0.0538508175989257,0.364616142165387,1.0795328377632,0.72343680827257,0.0266289056430072,-0.0439981439516623,0.450065096374219,0.308344829650465,-0.934060645941423,0.363985741688395,0.540449916059727,-0.198890790925763,0.62580104460114,0.546672540444064,0.0073932573817141,1.04048415625341,-0.183774898179406,0.379978860888704,1.15146411749089,0.646569225232019,0.98873111123469,0.314389149262075,-0.277778064934136,0.863837715674889,0.353526995342748,0.428093272206592,0.296532211999305,0.25676290524279,0.064538586334179,0.422777368679094,0.165553264389072,0.0298945681614766,0.218564819884562,0.280155205449934,0.830665111267721,-0.208354843546278,0.454833638646493,1.38810456742975,1.51402705754266,1.7903250378069,1.23621881811048,0.342323373051305,0.91330672190317,1.51125708910683,1.34138564149449,1.17680863225812,0.177296087848952,0.34795764905543,1.32428582758046,0.722195870330038,0.785139457833404,1.33647649570782,1.10476236282449,1.35401257183551,1.33304756401806,1.56805878219107,0.422026614728515,-0.00307241577636612,-0.155613150434586,-0.234082523513308,-0.275324475114087,0.456785835328436,1.19634949640922,1.4217083919297,1.29241998405363,1.79103259794975,0.939405095002987,0.548001070678362,0.215402065516489,0.181999565537197,0.797417472604325,0.676912637165989,0.751962225728142,0.840052178550029,1.37201558284505,1.98720343540474,1.47842079619312,0.904604140063818,1.77682246146797,1.41363444132042,0.433153616360626,1.27720621113649,0.357276273544736,0.303191557538205,0.881134736501916,0.673918340321795,0.917609101743195,1.59134479424554,1.68291959378507,1.55101551635695,1.44080154478128,0.30949110218958,0.433380170217991,0.449687923918734,0.865546941234865,1.41031764066614,0.971659061951195,1.39422482289809,0.408272626642654,0.156428374636206,0.620196212461535,1.91051353227884,1.41042416702782,2.63141919044049,2.44630955275957,2.32814601515366,2.40671028689516,2.09450478046452,1.42243532080765,0.838736114557233,1.47143984881636,0.952355385168802,2.25775182080083,2.05137249661904,1.9539782039508,2.36366207302547,2.01323359887493,1.33744299260169,1.52031185471714,1.95573873434209,1.76275086924667,2.53134567021064,1.21151786458294,2.0688256427703,3.00963738309199,3.50158811014262,3.04643786416508,2.80403172608161,2.49840958356865,2.76143314931665,2.15334274410515,1.57613796428072,1.27143149582989,1.68612719081205,2.08765971404524,0.929961304441912,0.938647402600355,0.928109029197008,1.66255154063235,2.33772820790028,1.92734052591862,2.92317263431509,1.99091556946652,1.69934930017376,1.33569261817458,2.34364896010919,2.33519877944723,2.53800191448509,1.3693110883983,1.76575031858733,2.08583185358353,1.79664006425615,1.68806300272133,1.87966903893327,1.92020535158522,2.86412478892834,3.0753002006826,3.2957925214128,2.92672608335915,2.77920487723989,3.41190689874703,2.96178479300605,2.43165463115212,3.07581515969876,2.51029688346424,2.90867696091664,1.91017548193805,2.01722059667438,1.77947756170115,1.54724298470934,2.40824402384933,2.05348465785573,1.7256127831808,1.8430943309206,2.26316944166675,2.19978751703336,1.8051293117488,2.13228114567207,1.85080220763141,2.65736151412646,3.0924229346555,3.79991945632638,3.55431053003767,2.86307205464479,2.06568328149272,2.02582384814923,2.63420095652604,3.33503126010636,3.420373503509,2.39901249402064,3.61726028796785,3.72522542285589,2.67667398226731,2.59365969312831,3.19844408742234,3.49686060808101,4.53134721165755,2.9470824954055,2.72280111222912,2.55343245632985,3.0238255953842,2.58365344814259,2.66613520997444,3.860902252821,4.30583345506795,4.10792957553707,4.18453843661992,3.03897676085832,3.84218786648751,3.69715755598811,3.20555036237687,3.28958001679266,4.0243679991653,3.61921408033262,3.15238348774178,2.94871467817077,2.47175270387829,3.02636736901467,2.99252149834125,1.90950568821883,3.20287628215294,3.77012562698074,4.03624583836562,3.65095572574539,2.78487436249252,3.11362178999993,4.08904272037431,3.98808242191061,4.37588364899253,3.27322918163913,3.43896313144508,3.25080683699277,4.01148302135641,2.64415368486312,3.51446010080624,2.92187963479859,2.80696602122545,2.61107041777369,3.93850790809624,3.69490422286722,3.60997851877815,3.91056454797021,3.43420504384838,4.19410581341133,3.82771831969311,3.29836794481536,2.64623159388211,3.06252067467966,3.51777289202804,3.89269548197684,3.26821855656123,3.51394252998877,3.50884955246764,3.95766968992423,4.00638032007313,3.66479629685674,3.81932260607037,4.8479763700999,4.98170640957068,5.75963359151769,5.39699501619418,5.18435887733112,3.97410555628802,3.65773916877026,4.0538499858914,4.23237419910328,3.9018769688194,4.35114060692791,4.39779735569567,4.73429430054208,5.18126615730569,4.4738557387434,4.45354606040947,4.77319837799996,4.76773609081686,4.29995015377504,4.88901971671458
0.0994996273673545,0.240688554719826,0.256732613073485,0.102030067818585,-0.121687852180651,0.061812013818278,0.166565747488876,0.0142643981497675,0.185025843979803,0.146750064172632,0.305929474718674,-0.114266088729921,-0.0438653082710566,-0.144539233801303,-0.151261484663119,0.162105172413039,-0.0343985074682657,-0.0233899289946908,0.0141428203145996,-0.191687460305597,-0.262287977538871,-0.0845945584935998,-0.0470133825765826,-0.110751601226297,-0.186791096884378,-0.134571991093362,-0.298423155225734,-0.258497814925283,-0.0376606960463521,-0.290912933840743,-0.0626957062999855,0.0542832932185097,0.185257884790605,0.0284776154173157,0.279625292571948,0.36144881120577,0.199824769056051,0.311995919317839,0.0534838292633466,0.277177456367904,0.0868308335678082,0.328237913951405,-0.0278990392468106,-0.258751189571839,-0.133567083674698,-0.125583381942211,0.159280636821866,0.170082592348497,0.0831969308326182,-0.0463793071952759,-0.0198564049181078,0.25387421801889,-0.138761398511868,-0.12653355769414,-0.0200061029331759,0.0415715935211799,-0.0770860886993838,0.137847833722363,0.164392408051106,-0.0375276238977364,-0.10419564797209,0.197396212570333,0.0677155322563963,0.096134726460036,-0.00349272514311934,-0.183333493581521,-0.0529782029228463,-0.0355596189895047,0.436917015992498,-0.333600935361815,0.147380281473741,0.319548991788658,-0.124645209747539,-0.0705351529120995,-0.350074164141412,0.0447633236727158,-0.261898630572122,-0.547864145375475,-0.376963388534163,-0.143724470658315,-0.073589880994828,0.0536004648586913,-0.00435856277538881,0.0901702844063426,0.378437284790603,0.131191190237397,0.120516812801463,0.339188632921433,0.16265617066815,-0.34010976606418,-0.262229011624964,0.0184946703993548,0.0155321251678331,0.232562369945137,0.0291845349515177,0.0621356991792731,0.102142690658215,0.306293632626386,0.118586370028801,0.171684641748408,-0.170796305597855,-0.569298719126869,-0.396248621808271,0.002883468330139,-0.228382207229968,-0.341958178200136,-0.173703909034486,-0.0442750531199162,0.0872682370515744,-0.385167989481573,-0.274144144376103,-0.107786965545517,-0.0816663081923628,-0.145620880820413,-0.0611138936377929,0.371042995731611,-0.102041343978488,-0.239834662434995,0.0927095946571965,-0.135747231103332,0.00862371027160182,-0.0677632280374522,-0.206998983012363,-0.0891478075447149,-0.290237907500154,-0.340791370214703,-0.155150138113954,-0.0662896697349397,-0.108706069953353,0.0949833542486301,-0.220275986078206,0.0722574999614969,-0.00859767076222959,-0.00518428694569475,-0.0734329267665224,0.0164131732123133,-0.195770512171627,-0.0442639459717381,-0.0279501102878565,-0.198428207505323,0.106243222303311,-0.278415651791014,0.145235780364903,-0.229752426419666,-0.365792175638015,-0.437840614646677,-0.605859337766504,-0.277604861367693,-0.10994329188542,-0.156845251081346,-0.276820019518626,-0.499599808580419,-0.109319721507025,0.00531162099761909,-0.036096590803542,-0.32728360731808,-0.201790921354144,-0.21189204837391,-0.364904395405004,-0.358333378575438,-0.471892398141256,-0.332802389504327,-0.595737990377171,-0.252032485831644,0.123230261115433,0.193167237499722,0.00138926854174334,-0.012491816493241,-0.0379044948376886,-0.338262862299292,-0.323065763241599,-0.334083808473315,-0.521156448180759,-0.317010494563547,0.0228496852126433,-0.0846926306609854,0.0829985075977549,-0.194841356372167,-0.0549003045089152,-0.20129708363632,-0.215884882089068,-0.450309730354864,-0.496828392858164,-0.365073710782318,-0.361907078872674,-0.329688417596269,-0.401880997494713,-0.0988202202663285,-0.409523417321316,-0.179305035824955,-0.23897500402033,-0.275822117530683,-0.122264093528142,-0.178773689978791,-0.275193417959035,-0.402295710623724,-0.499939004078106,-0.452406751387264,-0.00971553529651666,-0.248713163031927,0.0320362623134738,-0.119774810743287,-0.422865154576405,-0.0610764248022301,-0.565632014041293,-0.171364125836373,-0.0611009054010861,0.00159718417745142,-0.669402504501381,-0.35314198151789,-0.808546311257339,-0.60144625853023,-0.502714559324362,-0.734226439196552,-0.47603345545858,-0.559501540043855,-0.28985389528665,-0.474680482995014,-0.165428270608632,-0.714089809401697,-0.589752973433393,-0.471710413316929,-0.848484543877051,-0.530453560397012,-0.273454017555672,-0.271189500461527,-0.626305841407791,-0.443705557684737,-0.653470117135843,-0.428092417978722,-0.574787189193219,-0.866503698463804,-0.753234598904349,-0.788932284110218,-0.695454512568955,-0.533500244766783,-0.720039781626989,-0.700442555735864,-0.528200122400223,-0.435234754644298,-0.545703699386759,-0.56467659395119,-0.167356746120163,-0.251273496502989,-0.195866990004129,-0.320540858334927,-0.747149541504514,-0.551943747342049,-0.807507277186063,-0.737170069617227,-0.421796069625564,-0.452658951806583,-0.508252369897901,-0.732446252081658,-0.693572007794278,-0.351984285499579,-0.302115251075026,-0.340339725655243,-0.601530098844111,-0.184688369558246,-0.504370975562355,-0.551291291375933,-0.780909079524066,-1.06646654141701,-0.857775219711314,-0.873373805668662,-0.655953298925342,-0.789476684721456,-0.673711602616647,-0.477204221780156,-0.798325210611587,-0.732352067476052,-0.832408353188038,-0.619225429405245,-0.511052919267835,-0.456663175862159,-0.390645280831179,-0.674778752711301,-0.501236162519599,-0.786390983066149,-0.452078889688794,-0.661238797455304,-0.652667680164962,-0.404704214104849,-0.452442330891257,-0.470867073126478,-0.560576988984785,-0.699114159075257,-1.13125238066486,-0.953860294454371,-0.592916959333052,-0.671750011360752,-0.551221826480229,-0.712718523408838,-0.762165704063911,-0.738083022141336,-0.586052654939092,-0.891645118499834,-0.850817157204111,-0.818826074078417,-0.635830472703994,-0.811292498540016,-1.27218116711012,-1.38190089134967,-0.95908737003059,-0.717646958140579,-0.604784273416276,-0.880586102437896,-0.524293009232313,-0.781905790309087,-1.09444100951949,-1.22473966659909,-1.08923536213109,-1.12658427622539,-0.853217591178582,-1.20445959196137,-1.04047375291527,-0.861594342398856,-0.817186152207854,-1.09603128949625,-0.93097954713672,-0.759678575651832,-0.811008615007179,-0.759215159031138,-0.970254028124428,-0.845659376740832,-0.559167713062894,-0.939796720733937,-0.953844037022112,-1.00674509610175,-1.00333814473464,-0.799091498495966,-0.971024332990985,-1.05598157938589,-1.0209939016618,-1.07715144670275,-0.923296141768358,-0.88624390819258,-0.938527969428169,-1.10564592004639,-0.668999105367487,-0.898057522591275,-0.861603313225948,-0.769695708488073,-0.818873364020932,-1.01403795265784,-1.15412927269064,-0.788386952845954,-1.281032488298,-0.976441571749149,-1.21349604314663,-0.977756790780272,-0.861324192439313,-0.628091879551597,-0.920556025032186,-1.12244667634402,-0.835692924985432,-0.727529311003802,-0.838812181155547,-0.961326374053708,-1.00718312593869,-0.869918135742148,-1.11629384263443,-0.906837899861717,-1.40375037993562,-1.34601326584006,-1.56885212359677,-1.45952576219226,-1.49214674428946,-0.982821481129614,-0.988912179844516,-1.07602365873789,-1.1333362539905,-1.24674440635924,-1.04937466853576,-0.958137722311761,-1.26073835857422,-1.55673424426178,-1.22215963147679,-1.08983334069807,-1.32379680829506,-1.28170002233852,-1.16448676911135,-1.28835832643067
-0.236062713190834,-0.412747324265104,-0.256407533854308,0.0660721006829783,0.103438322419526,0.18465722677733,-0.381809928958604,0.0342487110747794,-0.0599940461833628,-0.0835267828584562,0.0475070522941816,0.585202624250091,0.171767248927791,-0.0101387247760006,0.406167976448099,-0.317442685405506,0.220834278624748,0.509853259175667,0.434163155341035,0.477604210228618,0.34930457618934,0.0548136639779154,-0.183399011011363,0.142895313509924,0.543857138485308,0.190501498772328,0.523088907906668,0.657118033423875,-0.0262094450946933,0.280434162573853,0.283163431672139,-0.0522068417619069,-0.137206091335404,-0.294306463799701,-0.769906441680229,-0.795068890653556,-0.871400793175325,-0.662468207724566,-0.404659503814407,-0.54707583179227,-0.321497658487926,-0.579098103054398,-0.0809693890730498,0.28949486769766,0.0691422566777996,0.23889768828448,-0.418539379075298,-0.383978640349875,-0.45747935783591,0.130548434523558,0.278591489388244,-0.22363894132585,0.494685948204345,0.335299187556621,0.110223977986374,0.0204200446370563,0.518296406034801,-0.440004188932759,-0.272409241477238,0.112837356468357,0.0393679381855818,0.124318187443169,0.184760161330463,-0.49522593904741,-0.0189908214227759,0.253593061596805,0.289952910978303,0.00720951102810575,-0.484686980749924,0.309508116110411,0.0399846103517325,-0.308079601474596,-0.13930160583766,0.262018234704076,0.507577935091834,0.352157794054147,0.52185243275633,0.693188496891983,0.982642039942984,0.168068062970387,0.0237601698942888,-0.0358690235141441,0.129631864339333,-0.13846315310989,-0.780373998824691,0.0893948903952814,0.108737566563469,-0.0158699921305171,-0.145329891260287,0.215845442649651,0.59392010893347,0.406383950710096,-0.246870602570083,-0.54606440676704,-0.425249860360153,0.0856035065406053,0.138151023387288,-0.423446390882678,0.0578425502613523,-0.576481598991018,0.497480850403492,1.05496111234685,0.725619022660128,0.126603575283978,0.767758826472716,0.75529852800052,0.216444263081132,-0.138741328726898,0.0346392961708692,0.653868626899783,0.24369695562513,0.0337681433706475,0.065565345897945,0.40249554278005,0.324352939449992,-0.54381388322893,0.318088416074688,0.33231883913878,-0.0746674510354214,0.396482785782874,0.468971035456162,0.0749856925877183,0.711077284597453,-0.0858790374650232,0.208251482188579,0.808501878608165,0.327064580632814,0.673953696521127,0.0469175864338967,-0.159032455676279,0.710226254687532,0.235225834146966,0.321437833683504,0.258665664074896,0.0849870439319493,0.147794736727343,0.302429925243753,0.218205727691025,-0.0166724097690531,0.185193860321255,0.0171920378561906,0.470862569409694,-0.0439673855796735,0.204240414539838,0.942444721706672,1.21166806091636,1.14339476813509,0.902722312856555,0.340073378542729,0.436074579520967,0.882494220491611,0.692616507450386,0.795470429420366,0.0763063034121098,0.230665356867535,0.609525873423698,0.417224019666106,0.492151606090526,0.851555085557346,0.592377122963706,0.754117979182466,0.781290397668702,1.04550787658598,0.394344098715514,0.0332752426116308,-0.203830398640723,-0.190343699774662,-0.0878934572187894,0.187791454941717,0.857012499605374,0.765492653599573,0.702379575330163,0.909373232742984,0.688413367496667,0.481578836764315,0.00574083316797755,0.0872608598234322,0.312597366962193,0.364874252860569,0.463476198875836,0.737750270171835,0.712985400503085,1.17856768568184,0.776610664611443,0.770782365913858,0.887712065528327,0.847442208176006,0.16160505028032,0.866997436548357,0.162040299377112,0.251846402552262,0.387908921941961,0.345554244453261,0.606634779546763,1.20840138157776,1.08458949344732,1.0430923487347,0.944949362064729,0.238571424267534,0.453117694405279,0.383255988119425,0.746299230147555,0.816340562011327,0.492255318227097,0.618997301864653,0.295620246037639,0.253370184473652,0.354583280948762,1.32950881852474,1.03025068624311,1.53098723180131,1.31077976443904,1.44457237942783,1.30366183456188,1.50035786022963,0.833360477966096,0.593844570101133,0.640725598933744,0.626605473657346,1.43391321042492,1.3614230869256,1.21296320680464,1.39351050337764,1.23996172932395,0.964782521792328,0.806552132082676,1.04466041013149,0.951001670841769,1.43969641109859,0.73772662387545,1.06754472772127,1.81368428056865,2.06053867713271,1.844614486407,1.53875736115667,1.67096478395605,1.57638329698759,1.11225350072135,0.890379826267539,0.762890688496335,1.00341751374114,1.11445509452276,0.359707286429611,0.41185205883515,0.626478700093758,0.922399572676301,1.30589164903585,1.41344810113317,1.89548063657913,1.20283103263988,0.8762501009719,0.648922713978575,1.34322325110279,1.59638104810263,1.78020311303448,0.915273737158056,1.10056850993716,1.2090131980716,1.2582810294733,1.14275138139282,1.11869648087716,1.35031441344303,1.77071191679591,2.05719324443754,1.90461144437917,1.83753316170695,1.80743630731351,2.02229383460317,1.97194491142486,1.40270568666945,1.78465546554612,1.45557030284774,1.85595135421042,1.17436212324026,1.20504919912591,1.02783924877357,1.1258631968535,1.47728187141883,1.14013984342688,1.05843358689341,1.10436279086884,1.4260743409167,1.17032781643575,1.10199892980706,1.31770757449801,1.21437230796486,1.62294963823869,1.80756526566603,2.46613563547382,2.29527980653077,1.64020814835421,1.14112183867851,1.11880368063137,1.46936955360787,2.02255835083106,2.16141937113344,1.47462151916203,2.18303260424952,2.38111571484958,1.54943590676081,1.48617218019128,1.88250427686827,2.47737681172781,2.75947751025724,1.95966553449542,1.60599659776533,1.53873765993563,1.74916834491419,1.49029552796642,1.59354372685342,2.2909784522497,2.58922689017408,2.75626959779293,2.47958585442756,1.71743978279769,2.27829410542948,2.41892530456828,1.95396894545833,1.94153153384503,2.47695101643085,2.29160270589357,1.81501270376475,1.55476187129586,1.64097216003954,2.13771103156986,1.76296846961016,1.23665462479682,1.96538654752483,2.19305407292163,2.34934141725827,2.15069684708032,1.72886816615982,2.01819225556185,2.40578152893932,2.41334063196448,2.67104186867785,1.84559386418916,2.24034841246913,2.17629915339781,2.42573742582456,1.72595799218546,2.43565576871707,1.90840953969583,1.74235798983677,1.52546903399633,2.46067869200664,2.30200164938639,2.37323918153367,2.44005544236059,2.22514267404137,2.6513926826137,2.26120338178429,2.18505333878235,1.7669914868003,1.97219675773842,2.25861256248304,2.22205082902944,2.02509771662196,2.09298001859152,1.95515474313551,2.49706848570551,2.63999575261982,2.21311535133522,2.29823703955579,3.18920629891258,3.22085920430731,3.45163382648051,3.16420745040274,3.06221733737862,2.43602003993942,2.38632604269878,2.48734766122347,2.52995241530654,2.44032453337984,2.69974094393263,2.69217446629061,3.01240167588961,3.23371190875756,2.73779176812265,2.72976664031393,2.91776588692854,3.10436068546938,2.76032879753303,2.93002040883582
0.282594116448292,0.576817872643654,0.186289736160245,0.0479737609370873,0.230994708998515,0.0830090294828371,0.549793267145592,0.103901663050895,0.0835602149657125,0.205710619875877,0.301131012576487,-0.133925349806302,-0.290591248186165,-0.00347590476653975,-0.367515417783191,0.25316094624582,-0.0992014286463431,-0.465184428348838,-0.415966654518768,-0.37998192128136,-0.283862048296299,-0.155504407244193,0.18549033714919,-0.0839872446792932,-0.520866945697302,0.0288227656054643,-0.36080812350103,-0.685838828099823,-0.0672886407780128,-0.197673124289206,-0.22983066474578,-0.0496594876541794,0.171427563777545,0.127803176184585,0.645620310596123,0.651927442485775,0.664904671175916,0.564375220544993,0.118264348050359,0.257124223764597,0.334619466941916,0.496882196609857,0.0529668905042757,-0.331307918542981,-0.0166045140843083,-0.316469729544309,0.189918127121457,0.318602881243302,0.237002866901763,-0.233880733817304,-0.229995783667349,0.178671786870776,-0.152120889779091,-0.260106646481072,-0.0507123753227455,0.0741938100415799,-0.176643856422941,0.500578590090392,0.423660604647247,0.028794703177031,0.0288462101554488,0.171710947459338,-0.125919489351549,0.344751824805174,-0.0707712760769555,-0.246482645955549,-0.241415446206907,-0.116030115672159,0.273430467680949,-0.184269011367043,-0.0518617760261219,0.0615514093433694,0.0722907961675946,-0.337707073124689,-0.551362588297115,-0.108012379013375,-0.490391421805513,-0.746471495705048,-0.79899759310023,-0.262566812819942,0.0863453103986731,0.0464365425557899,-0.130590667345821,0.250101497546751,0.535874906140646,0.173115873468404,-0.0605670982866647,0.00375650721027265,0.22236499666235,0.000845740151981599,-0.342648608139681,-0.337704464885795,0.311055357872982,0.468710630311576,0.130971428303988,-0.0415566994385778,-0.0901477975377122,0.386463586065353,-0.0684924363723095,0.68678435178095,-0.455876005134231,-0.898820484529366,-0.55879083851974,-0.602018172883849,-0.364933498857125,-0.552072902460868,-0.140157469002622,0.0485373784716338,-0.175358907904487,-0.327241567257824,-0.581041176456766,-0.00675771408254239,-0.026397693857711,-0.274636919028369,0.0134660458650224,0.365267136530339,-0.254972691419099,-0.423646835784394,0.132990711218729,-0.393954320528151,-0.281800765884669,-0.106072895239903,-0.334193976993997,0.00636921742622017,-0.101888621719614,-0.467310191863653,-0.321862063101065,-0.310081091876502,-0.0461263603740766,0.178886895968835,-0.464950567726308,-0.0645019125351799,-0.227156366987715,-0.226619565029401,0.0642597569670455,-0.154594019406606,-0.223607825063026,-0.039306377086727,-0.00286039829668712,-0.055266290681038,-0.0176441366707235,-0.273153210687852,0.13368210295362,-0.112427319572114,-0.647452778999014,-0.783996977952651,-0.97732892570785,-0.67844684764654,-0.322089946141702,-0.512947665203552,-0.769693732108156,-0.647373115733772,-0.723981343246498,-0.17024637746263,0.0205060002130293,-0.583026356496613,-0.271761827872408,-0.464477558222629,-0.680664640760487,-0.538366261467234,-0.591383358378632,-0.600153774079094,-0.940493146525198,-0.274512829590747,-0.148114337375379,0.0146986464859449,0.047325757466725,0.0389596223531601,-0.0912738209077353,-0.543310279493052,-0.824443763644135,-0.700114690509004,-0.913956685876199,-0.519876420713376,-0.23617505022847,-0.244514583984242,0.19134953174702,-0.521725859626002,-0.0829859125916117,-0.458522262166817,-0.589296443182224,-0.657826785686607,-0.988782709348643,-0.602542677305484,-0.430085276586117,-0.898651580445718,-0.677646087738393,-0.352353921018228,-0.64684019325109,-0.17284520051038,-0.130800106873131,-0.378932236518507,-0.337544974625087,-0.561715774389561,-0.863136984869664,-0.858774191106162,-0.664983616045227,-0.5859095379265,-0.188572996864611,-0.289227613940756,-0.401023396819764,-0.429957475050075,-0.772700345161467,-0.549748259855433,-0.661019083978051,-0.0730039624243552,-0.205019061408078,-0.22660279660942,-1.05377909525406,-0.791224874339583,-1.18655949635358,-1.13944212522513,-0.917266961386242,-1.16326535848643,-0.974062579307804,-0.822332863267504,-0.409026962211687,-0.675287426667809,-0.612895335615945,-1.1657464336553,-1.03454492934638,-1.05570147295043,-1.16385007277442,-1.07617178461537,-0.689249389644247,-0.634333877343133,-1.07673046733339,-0.894623377697393,-1.19941121087865,-0.594388542893211,-0.982733726482131,-1.51338519001166,-1.65518720607988,-1.54360824893818,-1.32748861593554,-1.27366861445937,-1.33113736667169,-0.846715896382993,-0.727831848638405,-0.580221061294374,-0.71449884989482,-1.15604646505681,-0.498910676865978,-0.439896911244239,-0.320742210669328,-0.837708892490566,-1.15163262446807,-0.997323893819587,-1.5852826321805,-0.917015504950511,-0.777511427070495,-0.504127587486917,-1.29581146898895,-1.35325570662068,-1.54369121255028,-0.725606868336124,-0.840793136599829,-0.865026883384309,-1.0677086285442,-0.851345708446552,-1.06670703297803,-1.0344238904748,-1.13729456835545,-1.60835764768378,-1.48165106837851,-1.55042649516517,-1.29544820255127,-1.68284135853462,-1.50712629204713,-1.29615719415431,-1.67599427266705,-1.42607374665335,-1.5740020600304,-1.03545954904628,-1.17208050193874,-1.20864540684977,-0.641343940284435,-1.35390842643169,-1.15430749681923,-0.851099273858448,-0.894460504900516,-1.3782239224845,-0.988498656455658,-0.818068353220169,-1.17154263656544,-1.06724042765314,-1.43599517477154,-1.56832972567882,-2.05239126969303,-1.85595473589037,-1.38192282673779,-0.925719910895463,-1.11129301630998,-1.44694953145592,-1.83990884675769,-1.79701340908326,-1.11514907205306,-1.71412903891338,-1.96789094093741,-1.33393508732337,-1.31129064144108,-1.82377494027958,-1.92624215047524,-2.30255897885622,-1.65991265156201,-1.37693120273481,-1.14797624604941,-1.54874137968022,-1.25747541766219,-1.25479891486753,-1.84931718778828,-2.06305517430063,-2.12732162951854,-2.04652400633611,-1.69379689155866,-2.05060099598544,-1.93131242707859,-1.57335664317655,-1.72469029368944,-1.89637873357802,-1.68562624694926,-1.65443805329292,-1.17056377018671,-1.03581662105395,-1.61982875670445,-1.43031464520626,-1.09139336766465,-1.37958247747236,-1.99338460965442,-1.87478750292091,-1.83337111008045,-1.35433721096117,-1.61434994080354,-1.84540783777623,-1.87361355652928,-2.09888790021549,-1.66177503016818,-1.99507467160602,-1.69503821117887,-1.8802871476659,-1.59877451486051,-1.77979212330678,-1.53591437640515,-1.56610502436883,-1.43049152917178,-1.75686706323401,-1.96535099371294,-2.08674084907832,-2.04651629055767,-1.72616376050575,-2.07526562111929,-1.99262577765174,-1.67970545834895,-1.28655262998435,-1.75148747862988,-1.80031004326859,-2.01800672857816,-1.62062637394123,-1.48110563521059,-1.71435182673963,-2.25458605983314,-2.11214466349652,-1.83287879420937,-2.01786387973377,-2.34086892063107,-2.69797904097538,-2.89607049356108,-2.83760496152208,-2.45539613114297,-1.91765593734501,-1.99720800869215,-1.94032084856737,-2.18457618503527,-2.12733974623831,-2.16804181793534,-2.35268965354731,-2.23020006976927,-2.62387259922197,-2.24683215159947,-2.27340054109888,-2.47780883336995,-2.61386235778407,-2.42536586198432,-2.46570855498569
0.445165065163666,1.09686916660393,0.471052223765742,-0.199854817045323,0.0258905493023465,-0.0610675564517255,0.77055095715092,0.0843645577832953,0.444523055918456,0.5061366579913,0.448301371186168,-0.473386354314812,-0.356212352289113,-0.0557741051001843,-0.631004973602748,0.335202137678601,-0.229066676373762,-0.7126457894255,-0.665476707645158,-0.81196362222774,-0.539240419173818,-0.132142526492532,0.0678942970805027,0.0298844028940364,-1.18918577426038,-0.467570116436649,-0.726535444923974,-1.07528767473076,0.148583792192644,-0.241502352988097,-0.558034991842841,-0.121182941470187,0.204020947769972,0.39304968769362,1.28461071390459,1.4458642569392,1.22763899618075,1.05370684625966,0.357286725183096,0.751696394113537,0.642114375361487,0.696217155763788,0.0470793901605114,-0.397955355305412,-0.212650775468648,-0.436029270178327,0.462050403851336,0.413516724625789,0.157014655313392,-0.144608794510858,-0.693944379170649,0.304807312357572,-0.677167482669866,-0.720395022367887,-0.19014040259408,0.000334059318750177,-0.595722042611475,0.709971211170349,0.619773228182599,-0.117639590831873,-0.295741041732892,0.103871883211963,-0.184117890991178,0.585833487371669,0.238841217039548,-0.31036402172992,-0.833613029192404,0.0171160552754335,1.06788772633325,-0.511148597418236,-0.10117788065651,0.35526628315612,0.314266234470517,-0.625533136093512,-0.894092596458791,-0.287818571333376,-1.01709437999578,-1.23552254185172,-1.48045802432926,-0.211861171976791,0.0477126697778327,0.195427473133205,-0.278893488662123,-0.00730648023163388,1.14686160422098,-0.0333178028505331,-0.298355152421387,0.232834471707286,0.516832385751853,-0.22404278318679,-0.805603670208465,-0.534622565288502,0.641076622478538,1.00757349795361,0.554186838299297,0.0435456064149621,-0.210079062258871,0.73349085798119,0.173920819655598,0.779248400359127,-0.682660503021025,-1.63362847565334,-0.963269280293628,-0.560430685763176,-0.797969667510824,-1.16089153900716,-0.550491485971931,0.161192873654053,-0.248577596188962,-1.03399742510597,-0.671217143570368,0.0504084738940625,0.132570592942447,-0.50390640174987,-0.272539262656133,0.564360668454927,-0.501414670304195,-0.636676943444231,0.493580880207244,-0.44330019197207,-0.433663024602694,0.114816179384711,-0.950886211364282,0.132364163210758,-0.551909456674216,-1.14063728932438,-0.605327457941681,-0.907688016672973,0.126088768838832,0.18459722939971,-0.709952558745863,-0.339193734347528,-0.472088979067068,-0.467968330693333,0.036291620569665,-0.309912940864648,-0.253786310270681,-0.210128131361052,-0.101782310749897,-0.0744197686687512,-0.111384911024262,-0.672532386561949,0.378527696539529,-0.472066121705163,-1.13703314276572,-1.46952152626081,-1.69161370286639,-1.09455350758028,-0.302689317453298,-0.719346005955286,-1.27260163000265,-1.17445029291402,-1.16308370752512,-0.0885061765717044,-0.17289543959482,-1.00829025456258,-0.524124156930214,-0.654728594391432,-1.1011940157543,-0.993888579677477,-1.4639246009673,-1.25719239457452,-1.55942453123707,-0.555391173898647,-0.146585816508305,0.126105793669978,0.306005899249516,0.0935787202938913,-0.221909732088998,-1.08537904161301,-1.28758799715875,-1.35767786660825,-1.61351398400096,-0.716914988595017,-0.359928379470822,-0.327932650466764,-0.0248075485007781,-0.791803494419632,-0.583995708545634,-0.597797905667636,-0.765796094983321,-1.34083703233731,-1.65808444598192,-1.25968321182732,-1.01740730020919,-1.48669274338108,-1.35881126637702,-0.456121313390665,-1.27886512474635,-0.196877475085633,-0.305893874635289,-0.882050029439557,-0.669331520922687,-0.976375936442568,-1.44966141456252,-1.62989554625366,-1.45200969491708,-1.26886526741337,-0.182350629336765,-0.668568435023587,-0.583551022904956,-0.978701263224091,-1.19663606152082,-0.786565039015285,-1.0675767370435,-0.0653792699007214,-0.315209480386581,-0.516567138224315,-2.10466587434473,-1.58067583683491,-2.39886502143732,-2.14608039286029,-2.03382938930413,-2.35374451238951,-1.76619108925585,-1.48344845687251,-1.01291027449974,-1.29733433449917,-1.19660221035743,-2.10978999726979,-2.27873162970934,-1.88610548551752,-2.28253785798344,-2.04988032786737,-1.3725566397859,-1.37397605112539,-1.68920001343338,-1.60860254180228,-2.47444839599112,-1.00664690143786,-1.92049964197299,-2.77043946358532,-3.30941709494131,-2.80029547103654,-2.53658562483088,-2.14144477753945,-2.61819888908224,-1.866989019604,-1.51522461057137,-1.24449104169294,-1.51097501185078,-1.77879751036425,-0.966845744061498,-0.82072858831179,-0.661233555690224,-1.74006433103533,-2.23547379592519,-1.97928840343234,-2.97783655721601,-2.05573431817741,-1.53118875435511,-1.1761943404142,-1.93545417839173,-2.27005526650777,-2.63610085334462,-1.18901779830322,-1.69751175058343,-1.83610449882715,-1.85353634166237,-1.56121168011519,-1.78847503720496,-1.87980973240307,-2.62535328952432,-3.22378314784203,-2.73268778756732,-2.88378538593877,-2.68522712537958,-3.00377298715534,-2.86388472515586,-2.21377060172664,-2.82845441088253,-2.38232843797771,-2.77751222992327,-1.83290507699366,-2.0941303216963,-1.73567954350972,-1.33383877096863,-2.24016862598556,-1.95388229769859,-1.80213317838339,-1.79343869021925,-2.12912610108153,-2.08812398324289,-1.55431415708049,-1.75262761062945,-1.64576332579933,-2.56801246308394,-2.96744529408484,-3.58359413780187,-3.34382700670279,-2.70979393850167,-1.94090793544866,-2.01059230075032,-2.40507919800029,-3.08280626022347,-3.25556907929695,-2.08271307962017,-3.51152432322619,-3.51888491159107,-2.66814364419767,-2.32010155045436,-2.83377056932027,-3.52749462790317,-4.54589859068902,-2.9872073486004,-2.67971700114985,-1.98784290658909,-2.9910899063858,-2.48140142141802,-2.53070566236125,-3.83268834181264,-3.8751042667812,-3.85728084297474,-3.98704815323201,-2.80532593282103,-3.43729892308616,-3.59339284540844,-3.20319393086921,-3.10296331864324,-3.8272244017406,-3.33952951809352,-2.82302497074927,-2.55992541317468,-2.28209721066563,-3.05252863041331,-2.86551240483534,-1.66894644076855,-2.96828740130943,-3.43611681134111,-3.67820562244058,-3.3429652265396,-2.64350312742644,-3.0829765157648,-3.87601834108933,-3.61899704748777,-4.03053898530846,-2.93632090122704,-3.23637038313794,-3.01104353263027,-3.69597672958101,-2.66742606019562,-3.39395366754917,-2.76025300025024,-2.69698509513501,-2.63785116379762,-3.56748255764622,-3.61085540047686,-3.34693937313694,-3.70881127760172,-3.41662585628035,-4.02393970551816,-3.59563251932855,-3.33405146428073,-2.66770181274986,-2.68055350998374,-3.42412531620842,-3.6129737107973,-3.10329723328659,-3.09448898183262,-3.24083324507943,-3.88044249718138,-3.92861134659532,-3.33660789956579,-3.66086270482207,-4.66851157417263,-4.71201390786553,-5.33599660718488,-5.10569741936404,-4.92766806100753,-3.90847690427582,-3.58792373845373,-3.67016453451973,-3.94666922552748,-3.84771303947429,-4.1183585522043,-4.21942319220537,-4.69652162301282,-4.86620728777254,-4.43055597797386,-4.24813423704428,-4.51854237068751,-4.59674710632449,-4.27114865257412,-4.59460316931087
0.222801317226994,0.109979892591535,0.0431089469952057,0.0471294870747569,0.05856170416814,0.0438364507022754,0.0734326010303482,0.0729661621158546,-0.0221514969018763,-0.0191364909839041,-0.0171949107815388,-0.174296897080483,-0.10526472041743,-0.270938725344538,-0.133119551086509,0.0783049468367925,-0.0819084245457689,0.0867747618273789,-0.0858856509736173,-0.207888619167339,0.103516891965807,-0.2359003161908,-0.0174095130816037,-0.0110527256598021,-0.0365764694937452,-0.0614946808501293,-0.133721178541741,-0.09577098479317,-0.105908613423907,-0.156743539206962,-0.244345116258231,-0.190607759694309,-0.104762203010457,0.00818076353676259,0.0560260291209856,0.139682668673291,0.059401155001416,0.204652433117369,0.0679691056791243,0.117144342253469,-0.0833498715005569,0.107524422671447,0.00506078764406775,-0.00889580263069983,0.148681407002521,-0.234739441199013,0.194830138719737,0.119042953587488,0.125408142501116,0.0339359295137913,-0.0281307170944581,-0.0865169121561122,-0.131583637443387,-0.0415286063805434,-0.00059225252882051,0.123922813747747,-0.160904474940905,0.132199799435378,0.00740852304163277,-0.0299914157298471,-0.00189532153307776,0.115571355324033,-0.0497406274665205,0.117981393656606,0.0642100875622935,-0.166088860230891,-0.220827455205108,-0.0229684797101855,0.0190055463524393,-0.0592749675884886,0.323256514958501,0.0760988635741415,0.124824901298945,-0.151727995998935,-0.0623818011603096,-0.136090909591107,-0.104425045674859,-0.38007251830079,-0.258060304294821,0.180065332642533,-0.0346940078723547,-0.174630550283922,0.0179272439236289,0.150735773413913,0.154280770094335,-0.136135568705139,-0.235412912715724,-0.126011990599349,-0.00255750194669577,0.0201953999081609,-0.321203727886577,-0.0868929171173068,0.0651330903314186,0.142074023740503,0.134477146156749,0.0576898034006753,-0.0984136540073465,0.167406911226167,0.128054960221782,0.170131379545679,-0.129519136247687,-0.248230697662977,-0.186168717462798,-0.10694879510391,-0.0820552984016809,-0.0223657566059788,0.00888477055258549,0.0808776845118713,-0.117930928476597,-0.18179726716654,-0.233515257445735,-0.0188356960850641,-0.0560963353308464,0.00647705240661912,0.0858158807112991,-0.0434305094706679,0.0252711290930129,-0.19785941831521,-0.0838819533990132,-0.137506230993054,-0.169086461934448,-0.1178011849852,-0.122346857963556,-0.0367891321761784,-0.154979643006659,-0.185882463554774,-0.154773712840832,-0.302601045347406,-0.0250833933625806,0.0326889004123529,-0.125562319619557,0.18539862840975,-0.276196647751649,0.0332563680311182,0.135026039634504,-0.109723969451503,0.150322251702548,0.0322897891432986,-0.16916196434235,-0.0569394516737615,-0.139515481360382,0.154971602793467,0.0537819687105197,-0.0270958526968342,-0.273960925382284,-0.276747852033287,-0.165808002399439,-0.178536629661942,-0.153576813808988,-0.000636834698071256,-0.16083629209769,-0.175177527893137,-0.157122139374249,-0.166210160864403,0.145780836499814,-0.218125544637084,-0.0483984456724422,-0.276579088417181,-0.259613092572254,-0.0889159306851229,0.021635855656984,-0.143508132869729,-0.23530725881113,-0.00362595446115724,-0.0772280371942661,0.0226453920496252,-0.0534767393849826,-0.173580428188105,-0.0913216699910491,-0.213686549587874,-0.140470481818587,-0.0525166455951507,-0.120101176227619,-0.16557131635329,0.0104820908499418,-0.0590662122482661,0.0412280735887291,0.0333914830055339,-0.0614260575931654,-0.148851316428061,-0.0163586639888546,-0.185374172659494,-0.11404759727579,-0.194477701196468,-0.123946399908271,-0.298996612764243,-0.051603422913362,-0.232545523867732,-0.262532633528155,-0.0289335487491171,-0.182856708592788,-0.113565363095395,-0.0483845935512036,-0.000859723526285938,-0.200851511466325,-0.452946840161254,-0.246533561639564,-0.178993169719573,-0.0437802708107383,-0.0327268640787383,-0.240296146811779,-0.100540998674773,-0.0867611830185045,-0.348575433227771,-0.329848828912495,0.0425411903917516,-0.12411814904001,-0.031403524111384,-0.38309453896545,-0.198737561359135,-0.396837117521783,-0.343337423772561,-0.301049656959991,-0.39271096279472,-0.12999555191509,-0.296266636428194,-0.146169380903853,-0.315363811968228,-0.177407605644103,-0.500428279072574,-0.29372281076724,-0.309627285340391,-0.310423658046774,-0.202316807691307,-0.170548537194719,-0.0582308183816248,-0.155585090291815,-0.0131502774044526,-0.400990948455497,-0.0724842596255299,-0.198140211554316,-0.442962568336395,-0.59525062974928,-0.642182668996057,-0.386397297494463,-0.352067923486981,-0.443220625942338,-0.299777083787017,-0.180932557002716,-0.29627511253369,-0.512312863507795,-0.224471755942544,-0.137575208473589,-0.156128513702303,0.0595811274272339,-0.0944373364633522,-0.384544578629853,-0.337826614445579,-0.45654724398705,-0.319093017852775,-0.254177622283536,-0.140156268724012,-0.251013043076083,-0.402854403548292,-0.54926799748318,-0.356726832376624,-0.33438021822861,-0.202888857048756,-0.31228156736894,-0.427913753597164,-0.224614713603096,-0.224591715706027,-0.323631392931577,-0.542203800649899,-0.577345196370585,-0.521207987857607,-0.423757837168672,-0.53142353750362,-0.354014838504878,-0.486523038955497,-0.498149931403734,-0.324532184406396,-0.54613109927629,-0.224996412674176,-0.378670637888685,-0.425722522439872,-0.268265703554663,-0.32032249701334,-0.348836673541518,-0.283158933682304,-0.341170757722435,-0.38024334535963,-0.328923102623919,-0.211335470560171,-0.395676579265095,-0.290969245577084,-0.284897441703948,-0.418166178180051,-0.670328988177527,-0.411106380650371,-0.470135537152434,-0.299112249525252,-0.341628631261048,-0.469687095415268,-0.514691043360798,-0.606218059017779,-0.493798385266546,-0.535654534356014,-0.541105417990986,-0.403456644977636,-0.413658841917138,-0.55970479507027,-0.367129858717863,-0.671094719696714,-0.480279397240515,-0.411121836926788,-0.560880453026544,-0.422540437974584,-0.39618785105745,-0.462511170463295,-0.585758021599063,-0.749573971308301,-0.649114091837912,-0.639109299523292,-0.531042176275976,-0.561323985996128,-0.535667693067751,-0.667348356432875,-0.41368433094801,-0.70020843866083,-0.551391184592882,-0.486175120564442,-0.357660866220244,-0.288777682993641,-0.517159826310292,-0.566970528929434,-0.245570931545364,-0.441412465667639,-0.605846596286943,-0.664508456629031,-0.591518422194812,-0.271780995127988,-0.364637796513149,-0.473894908341399,-0.622169452435499,-0.643762203391899,-0.502387706881666,-0.654937498426735,-0.416960931190083,-0.549326493067427,-0.485458267292813,-0.625124222900523,-0.559779847717353,-0.27105597689804,-0.424555409765598,-0.566323506094006,-0.574666664214255,-0.427167327792862,-0.55929812201984,-0.601271521229076,-0.656063836328258,-0.662530129124638,-0.572311463799123,-0.508648189575152,-0.44062700167906,-0.613351427171471,-0.503205158177179,-0.650070378974977,-0.519873422769224,-0.503875706376,-0.786177842660133,-0.328202049435261,-0.607763713217432,-0.581232742768411,-0.78760939707187,-0.944996911891437,-0.950542887926496,-0.875864427306469,-0.867533547829831,-0.59729621502413,-0.776619952226152,-0.608584657831589,-0.705355315924236,-0.619803245116722,-0.636013442120221,-0.731630471890982,-0.84172283840672,-0.731437489317252,-0.867086002824343,-0.828437767716134,-0.746724390407862,-0.788370042124577,-0.753511818712436,-0.709290634108744
-0.21061172717595,-0.367656437827591,-0.0625622258374283,0.137130018592068,-0.0624555230615545,0.046894646120606,-0.0427527358066241,-0.131766646374724,-0.0816153103308604,-0.200607223445995,-0.15913956374864,0.192827347850146,0.278577988593425,0.0709394088054869,0.445454675427976,-0.334856806728907,0.20249356420068,0.499057927287429,0.291538537597163,0.359561241769423,0.297214392441996,0.0157092502249024,-0.0751905550456149,-0.0921556466412914,0.577335916311772,0.147586175470729,0.215397520470774,0.417486565265331,0.0806677230442266,0.14879866227667,0.259578645434332,0.148612552809149,-0.0685443931209676,-0.281681305395805,-0.596365613946709,-0.655539870769337,-0.750006661533035,-0.65204960826534,-0.297007774704287,-0.344592274584762,-0.122902031086751,-0.563173310668202,-0.0706660000783518,0.337890343651033,-0.079432539852963,0.328824033715374,-0.245310060527982,-0.291956634385546,-0.000895166781325341,0.167457401087341,0.358628935346926,-0.15443370646737,0.249617564858564,0.306813155258424,0.173878721774129,0.110690582123851,0.203584585520667,-0.528829836613455,-0.323610242578086,0.0923199536976685,0.202311332160159,-0.16846896946932,0.12974712607661,-0.164851356722483,-0.104429491216193,0.140546116752509,0.418087302728038,-0.163523126197527,-0.552522325453137,0.188320217638361,0.182835269583919,-0.00573317961858105,0.00557783601835989,0.168785497973944,0.347935645796712,0.242854512769966,0.450240338584337,0.599745699190147,0.762176682684971,0.0497616657888382,0.0352150474053122,-0.0524431020021083,-0.0136869243823489,-0.162870392821584,-0.586846052253831,0.104151188665681,-0.108591822525918,-0.0767386153338412,-0.0719058232231836,0.060152763249492,0.38988745742424,0.188573953926739,-0.25430342547223,-0.314919662756146,-0.261609153706304,0.0452459600188521,0.127858367614813,-0.408430323334828,-0.181455663261723,-0.358398464758328,0.284409631352549,0.901552248638826,0.474901851899196,0.428792754288527,0.526267888360783,0.692871399166347,0.121634029705029,-0.103067839565028,0.0701684228405252,0.469523914107495,0.260415951620524,0.159841886411339,-0.0457469249124357,0.438466066784285,0.195801181623404,-0.411237473431924,0.270784530077911,0.298696218760053,-0.0565758447641718,0.145204035478122,0.159327764098406,-0.00970420507312966,0.403858770464342,-0.0370232179007124,0.241248553487447,0.69281436096935,0.280329081875953,0.436556034335601,-0.118645952640046,0.0904076953928347,0.298134632664437,0.274151328026709,0.217442942237859,0.167229380546997,0.027802509147764,0.154002913959541,-0.0607502078499589,0.104858636017248,0.065710211205335,-0.0358847831824208,-0.0943733459631686,0.365708085340804,-0.0730234310685218,0.237633757405385,0.699252984939057,0.740659126288904,0.778604528821196,0.558742711835301,0.469201779276443,0.183453243582734,0.78369093829133,0.442069438981297,0.49488321595949,0.143452535302201,0.0148573666340969,0.375114970446755,0.351750176056791,0.440536006254285,0.642264300124896,0.606596709315413,0.674843904102006,0.71566960165741,0.953132504592549,0.250188401940456,-0.0100281201567262,-0.29994780238405,-0.0254101675271016,-0.121491771088201,0.189762743180687,0.495713027424127,0.853602600886598,0.614424141916491,0.771010629940808,0.527570295458987,0.263091648701305,0.211507463739355,-0.0726290767899062,0.406946689131559,0.190616605213166,0.4027580048058,0.515420426990868,0.44193331302253,0.735596245218515,0.580860834565116,0.377743576313073,0.776437534550611,0.484714672973801,0.333554693132234,0.570691970362216,0.242393275692566,0.174383248952953,0.375172242635211,0.122730485324763,0.604187444894965,0.759375352673704,0.709237798870574,0.802908909892416,0.650862892702395,0.208732785834642,0.219351536694648,0.265114543135796,0.519749056924809,0.491840629894629,0.332450430903678,0.374670527919439,0.0923748027271219,0.154981842698516,0.0327629799827322,0.699463495166087,0.75965358791543,1.15890095217829,0.909822200861764,0.975686468743896,1.17198095874995,0.900798572199281,0.761385655060946,0.487246156597433,0.64815674860802,0.409930486255978,1.0388521518362,1.0441038808699,0.892549877525626,1.04803414574234,0.869563829549411,0.601991329356825,0.510137834499755,0.845437062056541,0.796094070819168,1.21359799086885,0.582736250621973,0.853685757642302,1.28203836773888,1.33785125749779,1.25083406285192,1.41933903616648,1.19279163487136,0.967378412209252,0.977226935520254,0.658443107483206,0.496735464705048,0.855461616627016,0.903066073346138,0.43386926945639,0.245503519360116,0.302332952962921,0.790051573657987,1.0103889633259,0.954125737004198,1.2785319450102,0.746537623365488,0.781605499058822,0.358541958885868,1.10281787382749,1.12152383938626,1.28186371813714,0.429736619257472,0.947946319114869,0.810333606847072,0.859559302084086,0.777526419756291,0.972346565938699,1.00219222485445,1.29838124378689,1.26897634445775,1.22691085845907,1.3226889081859,1.51363023514796,1.39637878139825,1.2900114587193,1.0527345300353,1.4832239352162,1.17159632506237,1.39433560807499,0.82513678958525,0.951086765309126,0.907107263209196,0.633139447055879,1.07749828055173,1.01275660938116,0.937985126539488,1.05190942729555,1.12929806815054,0.91570329882923,0.595270506257201,0.766986707806379,1.02369242876358,1.39075589244243,1.43655712824359,1.63865695186637,1.76429364907833,1.42065540430611,0.981135190278342,0.823463345833531,1.22792434840018,1.47624075674915,1.47696706125553,1.00284689051487,1.52194154515604,1.63321107638329,1.47599288305856,1.13346747670778,1.40444344479265,1.69215865675594,2.05509204531968,1.44255094408321,1.11636636059172,1.02105862368639,1.45747099742624,1.29278309278151,1.13588928251075,1.76749948888415,1.94853795224081,2.05773597409476,2.03704902155425,1.30464166679583,1.67738222106195,1.87135114696921,1.65030861277965,1.49983055420266,1.88406869165959,1.71906200743921,1.29015266036385,1.2549194622884,1.06074712049503,1.44590478294709,1.37510884993888,0.891244551006482,1.32995502704948,1.69437873463761,1.63555928241763,1.46708125092526,1.37192119674445,1.32131202716186,1.88123851271742,1.85911179939875,2.00923020314606,1.34350115315424,1.55801399906093,1.44269701544437,1.80686254397607,1.16630255854886,1.69413324804032,1.40208673604853,1.09234330318411,1.33035027449394,1.90483446080298,1.7071877542238,1.55847067348829,2.00956620335307,1.3566689743572,2.00754926798858,1.73493142162732,1.30256342315258,1.13681331493754,1.4574389855415,1.81765512353016,1.87888067250031,1.57847045017492,1.49024716703677,1.3763020086027,1.80381756213307,1.80747739069099,1.61678618258614,1.65826735319323,2.29538428776433,2.33073094238755,2.48556347594721,2.54319929001492,2.26268557128108,1.90141685510847,1.84686604076844,1.71126541076297,1.91528465570877,1.87587616104288,2.13997140158818,1.81315735898935,2.27206727044871,2.26976683328433,2.00486561558753,2.12364247691425,1.9726743372716,2.09910534216675,2.01012575261562,2.08881854239636
-0.200057042748067,-0.473111543488465,-0.185568539115408,-0.237387107204684,-0.173773644924336,0.183138290927133,-0.413540854660665,-0.178164521124455,-0.216688832735456,-0.23449799028393,-0.143862398944331,0.287440343411658,0.292571780516056,-0.00548023357754972,0.355328596336723,-0.284257253760483,0.0842931083420477,0.370557055884749,0.16254877671263,0.504348348895684,0.21702864732307,0.139256329559767,-0.0194799872959769,0.148297928558838,0.632183853770899,-0.129904178820497,0.445076581646316,0.625559073099062,-0.16895932864373,0.371587635934357,0.207005125107541,-0.0651851710900127,-0.100139312653842,-0.263152830506817,-0.785938812504826,-0.705881577549934,-0.675022223974706,-0.556343566003197,-0.193482599547025,-0.555803877979492,-0.345799646764639,-0.291168924340266,0.133594136165407,0.214782200237946,-0.0854493155264536,0.192997117736057,-0.191749261102693,-0.38810181761987,-0.171412668397228,-0.0566576407188521,0.364660359446283,-0.0725400050259893,0.472188311085204,0.349666317087352,0.2662990282278,-0.0610468773202415,0.150163827356514,-0.520067246086725,-0.363769012935666,-0.00535677126795857,0.0846656536047305,-0.179656024193735,0.0709958907147286,-0.246770951721937,0.0915353873237602,0.227048692647035,0.324657506044708,-0.1157559485421,-0.341946227973237,0.178826995656285,0.0958453019248804,-0.0462695598321975,-0.0413127663304305,0.261294570014437,0.543764094593953,0.300065839429005,0.714953448554163,0.68283844935419,0.896385977081433,0.228902140030827,0.0198614839843856,0.0047889241219382,0.0716878215330305,0.00506545006799797,-0.890176603449219,0.0130525095266025,0.292221690344764,0.15955189768979,-0.307609874148136,-0.0949012943916649,0.296533358575842,0.418034061922855,-0.333415226155165,-0.500673986477835,-0.359901038492407,-0.139707498109501,0.0625884468419346,-0.360229518992649,-0.0389695583928682,-0.455024245988517,0.411330312233354,0.991647960047799,0.638915031526473,0.0300115514407074,0.56405788221611,0.689884154358637,0.302272182877026,-0.268068809721583,0.056508123695786,0.566239550971489,0.384599170449677,0.0886618282634074,0.188221739511303,0.374090812131511,0.0718754139665329,-0.207361618494428,0.169721092833808,0.382139466821223,-0.211577502147517,0.497831946428221,0.340890122540151,0.019965374703887,0.417506739260278,-0.0496044110269859,0.162156110663347,0.69288368859981,0.226449695378105,0.449484306297083,0.0111945975069122,-0.0447300577507268,0.441353753161826,0.215540694031884,0.16835446259468,0.324679621591052,0.0561126927727346,0.146626547564297,0.209355989628093,0.0589094427842991,0.10593600011871,0.143458534101568,0.0687082808028901,0.373005023381025,-0.198581468012517,0.211379959956883,0.839963259796039,0.917812449052701,1.21983320831433,0.720502499884746,0.238748325432243,0.414976496857303,0.854211907613825,0.61219541492967,0.753117670755653,0.0394068067669552,0.0628011674429364,0.713382466108525,0.389007532439672,0.432567894781276,0.662915466401123,0.560168320317945,0.741035778588275,0.870804630970589,0.81895176567817,0.278526780100067,-0.00977008699359018,-0.36524156590807,-0.171509600490403,-0.128581783590743,0.143580085404632,0.592022138637509,0.772034051583542,0.764411547890415,0.959995250158865,0.551002213629993,0.306379258618186,0.117540150205999,0.0242384620548849,0.327591889562714,0.343925831478434,0.382089191343587,0.539517804857688,0.679790098767118,1.09997294810074,0.635174248176174,0.528529001941432,0.71065622481071,0.782107289605908,0.243490645379088,0.90022795236271,0.230639392830034,0.154561918988717,0.44198080990695,0.257362718381258,0.542854889104849,0.713497294700414,1.03229470557934,0.771602953549465,0.851990733924852,0.0858675921712819,0.518810691911337,0.245358200782308,0.770222491732957,0.650024726507326,0.476913424514131,0.470190127392438,0.198732677407544,0.141201702063353,0.3145433457468,1.08150302589024,1.02571792318269,1.54161660008162,1.43133085091452,1.00267240553014,1.41490831959139,1.22471655773732,0.771430388356297,0.584676958780001,0.670253090208238,0.775798410989521,1.22521708971563,1.20634259260304,1.0396435527215,1.19726218254528,1.11018094105771,0.590854010760929,0.611732999432084,1.07230692347363,1.1266091359028,1.4571098815365,0.479482214269695,1.05370111077269,1.46424305989206,1.92973308646067,1.58670461900293,1.51275751334182,1.20163921878092,1.47599743074155,0.933741575797114,0.697094475706351,0.734092406898383,0.90700063447273,1.0670310738098,0.498163014093014,0.50281969497164,0.323220979093074,0.914589804638032,1.28352765150765,1.01344616766915,1.47056348286637,1.35512437025099,0.863411875688467,0.63051798182611,1.26207806587087,1.29636463950175,1.4267844587905,0.693848012954161,1.12818612919785,1.00527738009037,0.917138061216971,0.896272834850473,0.971983386582476,1.07141282108166,1.66331933368206,1.77369400083239,1.74022663810866,1.56885678465663,1.64631022718513,1.67432403408427,1.56905239696679,1.36677201654482,1.6426095469778,1.2567234981357,1.66085329146764,1.23108797007933,1.14343045413862,1.00822512704593,0.956837345496777,1.37299729496224,1.08701417689075,1.04688117858012,0.873384217186511,1.1627214423592,1.16704065145791,0.927838147062442,1.07247226580353,0.987168148277386,1.44930146362894,1.7537098513575,2.13068620618833,1.95046006106458,1.50614229159618,1.11105574897509,1.12793655825467,1.28258539429259,2.104931196638,2.00936788409023,1.29276335057,2.02182325437494,1.99253705583489,1.50357304671871,1.38908340999771,1.74770699131555,2.07913857015962,2.72047126760817,1.87097947775338,1.50578413069711,1.19887631341068,1.79815124972699,1.42050489989892,1.47736807379097,2.14797108223775,2.18326770069778,2.31051012206638,2.08461013021485,1.67540597613316,2.20971060835417,2.13585252258263,1.86847348042525,1.84695851555129,2.23345351058839,1.87606390620402,1.74042902269567,1.57644506181172,1.3720512116826,1.54715786783104,1.83104598688428,1.03065709433909,1.62662947482576,2.00327640454923,2.28917035464931,2.07598015705652,1.53210381373628,1.83719135328924,2.13230289452436,2.23677576598606,2.38729660839376,1.71205155718028,1.94552606516879,1.88356945190019,2.06665652489273,1.37636802320654,2.15447442832994,1.74127801891967,1.57039745705145,1.5041143092779,2.13807267654231,2.01639572206034,1.90653552018962,2.51460072942753,1.93339815878838,2.30148871848067,2.06501325691838,1.86689592806022,1.58137158850711,1.52986477196333,1.87888490546474,2.27324873376498,1.63945667751611,1.85780652485941,1.70058512246832,2.279267760828,2.40107175315427,2.08424853641973,2.01239465974073,2.69683248527078,2.78892351298523,3.23016202143016,2.93227861677515,2.73279265264925,1.99941622867741,2.22161504088326,2.05594911264548,2.24740888382628,2.16936461564757,2.59265855870296,2.48044544669814,2.67852577608868,2.87681874524108,2.61164894689157,2.26980097741006,2.54989087434052,2.64626447632438,2.44875011148565,2.63708265746287
-0.436959024455102,-0.639095238220169,-0.315450258037578,0.0942764529188214,-0.0197443864208473,0.225468139355234,-0.675051594323485,-0.169572649989917,-0.340788997279434,-0.26509170325251,-0.386692245016211,0.371505701000109,0.34353228087384,0.135667757449653,0.427806744914759,-0.537469956765804,0.398940431077586,0.520028162229547,0.496438827696313,0.539072325860472,0.508779172603225,0.186756818979865,-0.0520790669142575,0.137083543923575,0.923940729539281,0.112856606105433,0.482015777058733,0.826734537013838,-0.144753195318745,0.298964434713688,0.563921688187755,-0.03538271164227,-0.261902473580027,-0.376903288607041,-1.29817615622362,-1.05752129186014,-0.97041739988979,-0.74324085158751,-0.343160889806794,-0.599652441354448,-0.615257031706533,-0.646491478852847,-0.198648376383244,0.319420310830292,0.0754720595917008,0.253756295123402,-0.399012071587059,-0.411705392850757,-0.222925373863699,0.192338014209394,0.595193422133004,-0.312805689250783,0.481551741516304,0.72928394204808,0.262384801188827,0.166769250508136,0.2631188139768,-0.714474216130037,-0.488182589157248,0.140702447177534,0.0266264655510948,-0.239177988084249,0.299594515847034,-0.434130934564521,-0.178185113899217,0.401004473393769,0.565909544596142,-0.159457247482834,-0.902506099645278,0.2486616032446,0.194928945986457,-0.275226172248366,-0.19647257130498,0.582524246456578,0.795428315696072,0.454502215020661,0.756024024518757,1.12007372734141,1.27370550018179,0.333169323971353,0.098130148521945,-0.254259923392277,0.12548401009981,-0.0986123317916784,-1.29189341889685,0.0188656077074761,-0.0191770944904697,-0.255423227392811,-0.40198587881266,0.341004639538849,0.469317557399464,0.459691586127838,-0.490849460907046,-0.69133739690413,-0.453512111260566,-0.0297997089656515,0.193314549702205,-0.661582678734857,-0.158597643611212,-0.736871819125325,0.428023306121021,1.31497912463987,0.809617624910095,0.471934330314455,0.852857901752747,0.72570789310522,0.353929531952547,-0.189291791991668,-0.116964453942917,0.74422117430303,0.468645943669467,0.0752931905179138,0.130581155308514,0.271269691344974,0.247515953781872,-0.594846458205218,0.287484840377631,0.468082185153565,-0.215349164746604,0.288234701102611,0.443032521912884,-0.0975165029612337,0.90052180204804,-0.238605976739817,0.361120967447723,0.738419065871767,0.663561635709948,0.876075105032931,0.237784690495104,-0.0569605693642956,0.692958445950686,0.354556248141734,0.43892912117364,0.533649927450029,-0.176879273113928,0.140695311843783,0.215549894331536,0.00350863532653492,0.0978940444930396,0.269935527987023,0.0437650479581722,0.355086237684418,-0.177367499490665,0.382890775616047,1.03988904494392,1.30280933885406,1.57861917271555,0.990365402174331,0.339240829503968,0.582346298293865,1.11612591350939,0.96912179600667,0.791114227997104,0.113428968399065,0.124993677318589,0.799265714310947,0.691753432379938,0.44742457691307,1.0081064111809,0.971396122614842,1.00926997007287,1.09685593039744,1.38621390426651,0.416202724768387,0.071923766772576,-0.109165745177096,-0.193163207933249,-0.316787843425349,0.111214759584387,1.03167387645584,1.32021157962476,1.07207088283446,1.38752391381528,0.834714969046633,0.444343851765179,0.261602471659607,-0.0249624810305859,0.923013659670713,0.734438314022442,0.35591607302799,0.598869146374158,0.978080704354566,1.48238276503957,0.80602028223464,0.924562999033841,1.61832131711136,1.14557977848436,0.448716349770167,0.975858867246507,0.250010857384462,0.349527229216245,0.66778408947459,0.460285549073651,0.874924348211621,1.39813148877366,1.61329835393432,1.14407708161617,1.08985888704172,0.203741285573569,0.571441351742287,0.536349768573743,0.798031292085471,1.11462102393939,0.615685707816989,0.837796356062659,0.295038917559736,0.108386897053315,0.207604648031576,1.7259078654799,1.15523561809083,2.17517851434601,2.06079932038211,1.75960881016422,1.99976971071087,1.42195219650418,1.33017797657771,0.734695155147819,1.21498725783149,0.896589935072459,1.68014789608697,1.70099055264856,1.41532832995273,1.61830652404917,1.65506831993257,1.10012833242107,1.05608680039431,1.4514471932487,1.2789238232776,2.18048535749565,0.827217981576531,1.674107570361,2.31904024646931,2.75207622652726,2.66192493301377,2.40600126641817,1.92627203420192,2.01302740057595,1.69960446022824,1.18495851849569,1.04761518170932,1.32656575898578,1.4993946926577,0.65664348661823,0.831373026311011,0.504651988746905,1.21543701318507,1.81066901336714,1.57981207194972,2.60067485195672,1.72106567402681,1.1746829918056,1.0496456235756,1.91157408820387,2.14693804070368,2.21914484698664,1.10609092080061,1.55533994510971,1.50654810773508,1.51065034201115,1.40428113703889,1.48864919467152,1.64880847911545,2.20424159601348,2.67330575968222,2.62110234207238,2.37543324048556,2.25332605441974,2.6460384883967,2.48023660019281,1.71197219391741,2.33804960983473,2.08975427138747,2.50049770109496,1.63605698212504,1.60831313257526,1.43506593277972,1.28491423183169,1.90795427202037,1.7183963295126,1.46761034897407,1.26644363024693,1.9262854793788,1.72174865688653,1.34545181050552,1.44585847159504,1.5159696445636,2.22665485283608,2.49615743862835,3.25149803462093,2.89405287059292,2.23375813377027,1.66345147645289,1.63007312952563,2.19675652343645,2.86951208639919,2.87959823351566,1.93515919543581,2.84065212673998,3.03538959751542,2.15195063158932,2.00827055440417,2.59400040770877,2.96863362879901,3.66903593896881,2.34704498419391,2.2359362110815,1.73257297083984,2.63033483438333,2.23591060773548,2.23290329131065,3.36200319302541,3.43682067444378,3.73854914812606,3.32814221557834,2.65928211232985,2.98502268529867,3.17594301083544,2.42170535699048,2.72865794667795,3.24234219252605,3.00425672320092,2.60505188152397,2.35615600189723,2.02372808552304,2.49614690647788,2.50073379930435,1.75364078684812,2.60352910725141,3.11725116675398,3.21237334626835,2.87349175152255,2.32391973549527,2.60664321807681,3.07869049832837,3.10085093384943,3.48560549870627,2.65272784172883,2.69932116928876,2.6610955198127,3.245314392932,2.31325039650964,2.83354591696881,2.4371150526448,2.22086194540749,2.29762737011565,3.05550142666207,2.81407184315965,2.97082200355073,3.24668703264223,2.74473778672477,3.47237011573026,3.23262452009287,2.7481680704927,2.26419522372415,2.41087386338965,2.99007556271491,3.24109872123773,2.70713961836092,2.75866298635541,2.74306944350646,3.22735552491979,3.28776390979567,3.04704347156581,3.14853920483467,3.94917286946859,4.06759865723803,4.59924263316184,4.32236467048738,4.13747865357453,3.04384320143161,3.08925834643759,3.24944965493559,3.40547311614248,3.27833299441767,3.48521563374178,3.54851415407177,3.85627202023163,4.17639981110429,3.511168643878,3.64208992411743,3.85279670302924,3.86690322445353,3.68381074980115,3.76103905978013
0.30259837093179,0.836956731559112,0.280427836642238,0.235176124907614,-0.0347496389122169,-0.0272373731144424,0.578349595526097,0.0218117635816645,0.533491062503487,0.411077921796255,0.418841632575441,-0.4495525294364,-0.433431322885391,0.0034280805473306,-0.483296870599537,0.503896394362946,-0.202215899003388,-0.753008931487383,-0.547154653691178,-0.804872099577027,-0.459591254132534,-0.257145416398885,-0.041488140891833,-0.0673393661516655,-0.785415099951844,-0.287948721901121,-0.734661821596021,-0.872284070453986,-0.0565736462311384,-0.17217274673683,-0.579176674074643,-0.0347701709145911,0.141865093642422,0.273393578786036,1.02704325106508,1.26562806554381,1.07284076464036,0.781289960391517,0.421854313864649,0.553424363641739,0.476891243347648,0.738778972895716,-0.221425998464521,-0.500054296975711,-0.154968505920285,-0.499323767339914,0.447813760586877,0.67083902974131,0.150641017887052,-0.394143802702822,-0.463717780837659,0.361896757240268,-0.508682052781838,-0.437479389331256,-0.404373034718383,-0.156100563312969,-0.48613416450744,0.656720832440142,0.554652079556191,-0.132122889948035,-0.11392186288614,0.255308204710983,-0.220392824073476,0.531065193659717,0.166369641490973,-0.343354778301622,-0.612783918976656,-0.0313162701702722,0.592776748038621,-0.303371634414669,-0.18731752553661,0.493184030990769,0.198090758385023,-0.372237277926439,-0.899934376079885,-0.291392882697681,-0.73560190302357,-1.01824090831451,-1.35548720071279,-0.123063355152951,-0.281394192027234,0.208555868686208,-0.181630761475325,0.0595968992685685,1.09430056864232,-0.110623311848752,-0.176939371759007,0.272577540677822,0.403408158077189,-0.168736166349615,-0.639717535426833,-0.325217908449069,0.563469001818713,1.05129029435073,0.418183001337019,-0.133270470932106,-0.296156784033044,0.722410636666983,0.0605740062708309,0.711948367249997,-0.461444661103116,-1.67822410907961,-0.985421676196502,-0.64700238516021,-1.02875015085116,-1.09829628733777,-0.401054700758458,0.166120569174981,-0.0504958666601861,-0.883695491562834,-0.536816717513763,0.187505882719824,-0.0941146668122065,-0.429284656655754,-0.152015918566338,0.517876198253181,-0.385617368108213,-0.483609804870839,0.543501094911099,-0.461589896933553,-0.367520104447823,0.0692460659023666,-0.727492572972865,0.225675264842014,-0.341580984665762,-0.885041087761554,-0.532593147044505,-0.717762471337269,-0.241443382497002,0.103320804736586,-0.922336539133177,-0.229187504415653,-0.50769990802401,-0.377770395734558,-0.0521022992279021,-0.0504284601847351,-0.150769193740716,-0.327654768828722,-0.232796723116106,-0.224503598437798,-0.027070262088134,-0.695563999798978,0.0651001023360433,-0.388544704935478,-1.37898386116261,-1.65249203234424,-1.4285255644117,-0.824989063726644,-0.342900370044236,-0.54328480742697,-1.21540350840709,-1.14085168908011,-0.911430617943183,0.0340851552207739,-0.243478786543175,-1.07139674836749,-0.665468607437045,-0.54362580181969,-1.06110295815993,-0.916186449253942,-1.03872479545677,-1.33657621072927,-1.64439338738418,-0.338466056538959,-0.0115306118244262,0.0763489764404499,0.299824238854566,0.207929563987042,-0.24296277769377,-1.17577655299872,-1.20479533526329,-1.24702038053501,-1.58637632718435,-0.746458930152744,-0.368174376693208,-0.399435655068126,-0.218482805976875,-0.717965007738548,-0.829304226698585,-0.505670014143924,-0.609087100605561,-1.1749375922436,-1.74999471264807,-1.11795899224948,-0.989943541295636,-1.4927357596618,-1.09183808029437,-0.400647826454401,-1.09555810600339,-0.245167646322651,-0.278919287895356,-0.647500110053114,-0.462664313022612,-1.08836730375995,-1.33032550088289,-1.59150966385982,-1.15968741500723,-1.07911689600193,-0.188526529440311,-0.584230719929342,-0.605244909600922,-0.857212243711678,-1.27909552732354,-0.768260037537281,-0.925515208950505,-0.275275281101911,-0.162800582628739,-0.286832590968989,-1.57061906245027,-1.32262900531248,-2.10528653838186,-2.11217467247002,-1.79262254675983,-2.18606462226861,-1.83574015601919,-1.31755011047176,-0.872923052172878,-1.07004901780134,-0.928622011313947,-1.85316097872025,-1.89382644799203,-1.72071647287363,-1.94236245924531,-1.86611013659003,-1.08680937226078,-1.10083624398643,-1.59067135276307,-1.42967126728984,-2.25813582836093,-1.02302752991151,-1.66458963158816,-2.35742866161456,-2.89057499211403,-2.57711377638473,-2.28058183431933,-1.992599042654,-2.26907679575142,-1.72991653649955,-1.30093030614052,-1.11767212573002,-1.55812797492377,-1.47828102797982,-0.772790545978116,-0.781603685398987,-0.615970347389837,-1.38536505900623,-2.06834741203631,-1.83014981374312,-2.63065999611565,-1.83213963168507,-1.43655883592596,-1.03312247429497,-1.77386414174793,-2.24639079081165,-2.3418913603017,-1.0757168172629,-1.39117536021494,-1.64464614939572,-1.656706989316,-1.53833657811975,-1.65276299920937,-1.60426127854424,-2.41883402563524,-2.86098029807203,-2.69663766281129,-2.52734943960887,-2.50489735654257,-2.79228760563263,-2.38737485832315,-1.81526635019022,-2.55488324594045,-2.14054230464377,-2.48437594450626,-1.78147083526913,-1.75364390074284,-1.78426057632357,-1.44257096004415,-2.090014362834,-1.68719671294891,-1.48883196968431,-1.49089498668875,-2.16328688022219,-2.00149273152477,-1.54389869432137,-1.59490335642395,-1.38303870112701,-2.32601269228076,-2.78659556183721,-3.33821354009744,-3.1141327776285,-2.38923430344782,-1.77261647429231,-1.88351182196051,-2.20977884097729,-3.08097603708457,-3.09797855347201,-2.02647338385773,-3.25152495149831,-3.17367692212261,-2.25567076417849,-2.20601201939955,-2.66961074299227,-3.16480372401058,-4.03592532092585,-2.69459903715285,-2.20726083389593,-2.22393586276212,-2.63661891943764,-2.11028254404307,-2.16576019761114,-3.55849480901814,-3.34408754572271,-3.69635666659584,-3.50398126913084,-2.7549702388632,-3.32260663801652,-3.23753549745266,-2.70111713101021,-2.93546710260098,-3.47032710091009,-3.12240900860237,-2.88636455979193,-2.44687495273613,-2.12715160696974,-2.6046079935527,-2.68256910675114,-1.55987314499638,-2.65231531406393,-3.35429314717093,-3.36553282192822,-3.00347575280685,-2.35256406442321,-2.63666670208009,-3.42427023056744,-3.31555556493696,-3.68043545886349,-2.87930854303598,-3.08015122379085,-2.80914562579716,-3.38934727872847,-2.08607208615962,-3.22694557450341,-2.51679549955704,-2.57137974553913,-2.46963236901409,-3.32549690781279,-3.18358388302003,-3.23918699624604,-3.39273694807463,-3.10016197692558,-3.73644535135401,-3.37553245790996,-2.87587509663586,-2.36210170982041,-2.54175745774724,-3.17916408881732,-3.68053172048115,-2.85289051376585,-2.94516472484843,-2.87672318378624,-3.47268159172733,-3.67309385905246,-3.01181393376137,-3.01272760529599,-4.29839298977985,-4.49451368322299,-4.8792620805324,-4.57307643119074,-4.29238440641536,-3.33557477086667,-3.36158965227805,-3.39984914848098,-3.56096825840089,-3.41983039468559,-3.75984321052447,-3.88723025863451,-4.24915213524408,-4.30946313800387,-3.87910820341709,-3.84063340296398,-4.03364860352973,-4.15315288451714,-3.90450237946671,-4.19911465819461
-0.255428435776259,-0.903824057930099,-0.378796690308507,-0.0221758973235445,0.0156632986234155,0.0718128360863195,-0.75512975307018,-0.161753466191194,-0.123263782811132,-0.376681292862654,-0.50071229524366,0.498225784806855,0.324881360753605,0.0153702850154414,0.669522702061681,-0.347516509580317,0.107963931401114,0.77848276041413,0.523810134487744,0.751852813554977,0.660525351146949,0.341185523092602,-0.116435544010736,0.288139687074389,0.925641398416223,0.153185743407947,0.73775993806576,1.04489512943071,-0.151181211843452,0.359662695691032,0.612535381617424,0.109706098507291,-0.323319828606778,-0.502729423673168,-1.44876505964315,-1.21515194086464,-1.02820536566744,-1.21247144430055,-0.313964170988843,-1.00481496236678,-0.544503386393613,-0.733856256801933,-0.184700207327987,0.41887097282513,0.0893447430502938,0.477031895374348,-0.213048716347061,-0.286106517390338,-0.254578353654241,0.218973342469558,0.762634703359449,-0.132987907853942,0.526202387955364,0.630273210452125,0.256975669228179,0.173515036545452,0.620088303137257,-0.812929093489955,-0.563942036635462,0.314744038230832,0.208410025888755,-0.0782969948307437,0.20911872072107,-0.757430620130025,-0.0439148295934841,0.347992663994167,0.535275591601917,-0.159573711790161,-0.805126412253738,0.4621197322061,0.0566201926754767,-0.264125102425508,-0.281821481506539,0.435317026794664,1.01316956829869,0.340824187698911,0.933135585697077,1.34569417676023,1.66874774200795,0.317306831408275,0.00953340773374598,-0.0160932789940659,0.128936564680707,-0.0860696093055553,-1.30183516228063,-0.00141858384895795,0.143282049882211,-0.153082337849533,-0.678925898595506,0.293769937545123,0.669099816098617,0.201391364554657,-0.786154463193848,-0.887401164985415,-0.60758940524119,0.235131731253785,0.28176850361538,-0.696469174032416,-0.158679306895933,-0.715335304368656,0.508473981812333,1.63460734816856,1.11971095772249,0.509106691049731,0.972181539148352,1.31028735617815,0.576243107781332,-0.113527445763704,-0.0244815301520475,0.982204758238541,0.673494877344308,-0.250330778561195,0.107149819285478,0.512817972993431,0.342907716322924,-0.821094883213351,0.366606747524968,0.800067944839715,-0.16478347585768,0.6346055988744,0.345054014789071,0.0311476902048248,0.826071934586076,-0.18691555593747,0.586105110107774,1.07953020895065,0.824672995052955,0.987545980826725,0.288521297745719,-0.236206137166235,1.13136486902695,0.216620184248835,0.571766677970726,0.458773949517324,0.0218788070569113,0.0429567387709917,0.342679150451797,0.221721851322686,0.0998632962532335,0.165606311805465,0.181207355047028,0.725508036882966,-0.224332092161669,0.452774792675734,1.41840886358279,1.61833071953159,1.6945649579363,1.16942723619809,0.455034265987048,0.607051526431649,1.42743849695588,1.23287574751856,1.14102436761963,0.0684915615901953,0.104591641871883,1.18495891934048,0.702072468278086,0.706665328728286,1.20346009246123,1.09462209783288,1.28206553655489,1.37747236178648,1.74771145416224,0.57657479162573,-0.0379555330237109,-0.136669958689482,-0.264650484499,-0.309232836879725,0.473593697007757,1.24707889567291,1.21705154937861,1.25459799804231,1.93059101631486,0.809435007568078,0.394189656023939,0.3269426534651,0.0647843556994599,1.04196268864682,0.836333887679286,0.579469480557349,0.878408162774575,1.33836517399593,1.78443487727002,1.19888170076844,1.05088314101493,1.77928156517723,1.45158662423257,0.528687474372102,1.39587501390898,0.420400754641522,0.207167741825966,0.577139363050352,0.642903015292863,0.937063583559021,1.6112803041891,1.67204626868342,1.50151757676893,1.3591681910395,0.261881827487503,0.497897958867576,0.674485834669895,1.06486622891091,1.41162277039775,0.776134350132933,1.11635671781562,0.443259963121042,0.428022943452131,0.463002793083213,1.87394469950874,1.43828169171786,2.58679060787507,2.32868864920367,2.26320677684825,2.51899122226358,1.9008530118328,1.60641953000072,0.962177126794965,1.47616308398182,1.31439785350291,2.18521915091948,2.21485364767723,1.82619411591835,2.2541785237134,2.07112461283682,1.18782761099826,1.26062649029308,1.93139716321227,1.54107704085944,2.34482935216138,0.978028899428297,1.87974607709892,2.80646143997239,3.58203798663264,2.85054541912818,2.73638104155864,2.20534828918907,2.45795922416531,2.03028713992694,1.37016779546358,1.31611778820198,1.70133143456009,1.99366954287313,0.648944579377066,0.791014093232714,0.863393057042775,1.65245096492571,2.25416662710646,1.86653085358393,3.14161116959646,2.06552723573363,1.52959438350073,0.949324094306359,2.05956668936581,2.45419134923839,2.5735950615462,1.41443143603825,1.67927255800745,1.8460505513832,1.84364556385228,1.67957272588133,1.80164230809563,2.03957208069188,2.57896129027925,3.19496598872061,3.02693682840069,2.80256063091992,2.91293880494686,3.13784292809346,2.85155866638068,2.28727386610482,2.90026691099901,2.59746836576638,3.03227116949849,2.11330234730657,1.91751544070902,1.94758816391981,1.58189066803164,2.28646310588952,2.00376700302771,1.7751662986653,1.71527595609228,2.29086455195865,2.1082311321116,1.64940184612382,1.87417778997908,1.73784319566079,2.70086243224884,3.0561786181169,3.58200005538875,3.54286069176262,2.762810178121,1.94481147603384,1.87134581239749,2.46775092371477,3.39984071341819,3.29043682672153,2.07941208405796,3.48901509007251,3.58718973434198,2.65232063084444,2.58021385980371,3.1120449157585,3.87612127297535,4.54879140929551,3.0476799869337,2.64414663683339,2.5043289327214,3.04266342668623,2.43737806221697,2.56434736667605,3.94641669852485,4.0574135147395,4.22017916238986,4.24124061092606,2.90282163964316,3.73049433508297,3.58788856173874,3.0978591493825,3.23460005413619,3.88926130185345,3.54806835449665,3.1812452459803,2.99291466751441,2.30813140519179,3.11095918490296,3.02873924729082,1.7855012914667,3.07783190040676,3.68569743820131,3.85283843452479,3.62946700447398,2.81220197444622,3.09933340086979,3.68836421197987,3.70176003651958,3.98817032413386,3.1914901395819,3.4556785289538,3.28377091276142,3.88688757630011,2.59134682166723,3.50644371621582,2.92015638201324,2.7866887261989,2.60644645798497,3.64695358183343,3.51910474410086,3.75938190080604,3.9255857128682,3.40832279321384,4.12229452229114,3.6318967729811,3.38495019742171,2.67522213179398,2.84595166992004,3.47692511483624,3.92156631675517,3.115872189651,3.50256414382044,3.28869899744155,3.64306860567357,4.10987652856335,3.73924719107271,3.63172495488305,5.07387451879787,4.98709266345259,5.35842464013475,5.32355074512945,4.99093682283597,3.85204119432709,3.77325924398448,3.96593977372651,4.02220472404898,4.00376336587722,4.31823464095343,4.32549491359293,4.59984150162626,5.03509694294963,4.58476783612846,4.4360577693347,4.56316539641717,4.65312460578403,4.38255261312477,4.89555397483239
0.187517019893553,0.269228912851995,0.258314671492621,-0.0945675637142201,0.102351849180412,0.0517981183629687,0.346245833085051,-0.204442333712692,0.149252288176197,0.194267502375278,0.0233099023718496,-0.160271957257553,-0.207472410282779,-0.0345366993276279,-0.287043197886883,-0.0395918983805459,-0.10797270551461,-0.341874976698791,-0.116536714250698,-0.258718914383454,-0.4454403899341,0.0121774303017848,0.0222647826070007,-0.120104779879755,-0.285388355502764,0.0887643671001671,-0.209580680968518,-0.173469251026432,-0.0517975791953879,-0.125650201930162,-0.260506551546315,-0.0840821705411157,0.143921082632506,0.203759048001539,0.632445651810027,0.335550397713789,0.537545466319523,0.408718172048115,0.133565670739235,0.266659390102049,0.0266809490006743,0.342565045534103,-0.141565456496167,-0.0847993974765635,-0.0375240536632629,-0.0685041264147638,0.267433459767165,-0.0207483270907578,0.235447208697894,-0.063571747983482,-0.0853430482069476,0.00648968228884933,-0.264015962039703,-0.387432091386224,0.0247075019384219,-0.00134128442820832,-0.254006107535244,0.0914124822099572,0.261685912767631,0.0526104646109665,-0.0557725777512179,0.0279975690468803,-0.0320388263381748,0.17151850807058,-0.0735946345922766,-0.235353029222598,-0.13471763157085,0.0931433915283629,0.242577005819739,0.017074376605114,-0.097651004636891,0.0826138167139928,-0.133878107853215,-0.382678234323098,-0.180147906633031,-0.134923699839269,-0.47524230269847,-0.411497136226975,-0.453019010834366,-0.15474967887621,0.083289401200952,0.0547066162644574,0.0526363757420825,0.192036166684186,0.566863007483532,0.166396397850451,-0.157895185227606,0.123346913204031,0.16228387232833,0.24682632304137,-0.387533950696231,-0.136930408821964,0.269711789537044,0.40125248415492,0.195659978464213,0.0412300351840131,-0.118203366458786,0.0841341211155422,0.0346926242466073,0.426752729524726,-0.31006077304161,-0.533962776129556,-0.362264988280704,-0.216800498758935,-0.279435815569734,-0.374664414567317,-0.286902725807733,0.137831186903654,0.00909394538013907,-0.300638403185839,-0.398820417779427,0.0756258006647638,-0.00623886806117153,-0.25409489137968,-0.164336768507563,0.153295245821581,-0.13946256235388,-0.404344707009397,0.169042363968137,-0.244792778401781,-0.0363368276620236,0.0556899614903785,-0.400581913744472,-0.0608684696421954,-0.223665600286584,-0.702630890186905,-0.115065752987948,-0.424137220306733,-0.142792141773309,-0.0660225963699558,-0.271808223161641,-0.237769113216182,-0.271129359917837,-0.168642734743446,-0.120316108634889,-0.232570522867548,-0.0271999217013371,-0.348366160839743,-0.0864449391037747,-0.0744141290495308,-0.0290042551421476,-0.0902478971140658,0.0622555282545077,0.0317537465156225,-0.438966742527137,-0.475113326093085,-0.663766189605203,-0.381637258781774,-0.0603196505129115,-0.119099953267473,-0.48969394892934,-0.486673016223308,-0.479655116182125,0.0125686539469296,-0.100913977670691,-0.620590944771383,-0.228424159740245,-0.18263775437332,-0.426929417249499,-0.389906274599362,-0.389517845616185,-0.406731305661279,-0.680332674083083,-0.207230214786345,-0.00544392043748585,0.135567918449435,0.0818587094158091,0.000173161490667581,-0.171723207701109,-0.53358076079851,-0.497901677743503,-0.539429658502579,-0.618397913218765,-0.206786122237888,-0.104670860361891,-0.02951173529794,0.0198730060678173,-0.267531181097575,-0.242569254423667,-0.0732436543888567,-0.188299201718607,-0.381757521252487,-0.45226494938724,-0.467093247205103,-0.260785329907908,-0.524158202486983,-0.426281535220301,-0.144337576334735,-0.391543918332059,-0.0102012027989789,-0.0233556078832592,-0.250231736645949,-0.125837599758523,-0.380712920732173,-0.592741148105396,-0.639604405516999,-0.485073456509728,-0.489848016645632,-0.090007285215143,-0.214005514799368,-0.1624343925871,-0.291786518118256,-0.484360833120055,-0.224602223776705,-0.447928411068172,-0.0570594475624555,-0.166013275533824,-0.150129687472357,-0.556362097190966,-0.483388149953077,-0.820951690010328,-0.62786083135705,-0.793970217324135,-0.717315897880066,-0.836786924449289,-0.577068283566958,-0.229674603435644,-0.390604992693694,-0.287295154376703,-0.763282695720911,-0.845338171618176,-0.597516344924139,-0.685200955138061,-0.663726939362345,-0.388906698159246,-0.611023290113947,-0.41678154716487,-0.652860568500816,-1.02162558983687,-0.431025328591457,-0.782608006785545,-0.893440963317859,-1.10442894958757,-0.977275717135139,-0.896983975316556,-0.697219867695546,-0.909837152741031,-0.758004736211897,-0.597202737051136,-0.372277798223292,-0.416331560290426,-0.747953875159261,-0.230400877684035,-0.41177269135074,-0.272945479291326,-0.482467756003633,-0.810370725943891,-0.649100236564405,-1.18199845520217,-0.473116333736833,-0.56895255316616,-0.440135732334816,-0.668239566100982,-0.769443909702366,-1.0851201310473,-0.41277581208366,-0.624216943399005,-0.644432938204108,-0.696226659628016,-0.515474756170515,-0.698490607850903,-0.803371161422726,-0.958814315319573,-1.24844409461576,-1.15013858534851,-1.06156793419586,-1.0005887470337,-1.12763598705441,-0.919684062156869,-0.859519113989694,-0.929382831519666,-0.858825366904006,-1.02458630845681,-0.755882870579019,-0.601615814680058,-0.685316970175396,-0.289015970073924,-0.779255312370156,-0.716172504238316,-0.689374510971014,-0.77116534415497,-0.885425086431052,-0.638818663568254,-0.575441727833442,-0.50282706730551,-0.706194507886009,-0.712005084333538,-0.891306666433631,-1.26457560884846,-1.06857452405693,-0.846737265938727,-0.724073769421417,-0.545275518518324,-0.863720860675148,-1.32928544205945,-1.27075174350441,-0.769437770475842,-1.18944323601789,-1.21223326397227,-0.999657134324308,-1.02611269591736,-1.11621449098953,-1.34944657210654,-1.5641911403467,-1.06276040299139,-0.822861532054764,-0.695602246077948,-1.02867515997696,-0.868895011895574,-0.984144092339421,-1.45892418770182,-1.3766411950986,-1.5100878309233,-1.2628707831976,-0.894284696393852,-1.19409354608541,-1.44040553231489,-1.17787281796248,-1.20425823372762,-1.22417987380458,-1.18467289455223,-1.09239419044096,-0.981963270198466,-0.686483277352657,-0.990878312184283,-1.13368288324346,-0.610033940418559,-1.15484730702018,-1.29451224955381,-1.36204905877147,-1.26044896038124,-0.910085653019495,-1.14524605086108,-1.3619277019013,-1.53318496226102,-1.31088468804146,-0.985667696211207,-1.19567275436488,-1.04439425492162,-1.42415089945798,-0.873444864943395,-1.20915096382226,-1.04913012183704,-0.886285088131223,-0.921495349835198,-1.3404601230251,-1.26403244610716,-1.12692607626815,-1.33631149613432,-1.21913880102742,-1.56633532723272,-1.27502990266459,-1.26383826628115,-0.937213771971995,-0.979631993321472,-1.25370509690974,-1.31606248292007,-1.27164894274858,-1.17276741096024,-1.10534347358678,-1.36997218846874,-1.30783037511563,-1.31605058409631,-1.14706009209435,-1.71645679631779,-1.85575532554421,-1.83067509443518,-1.8758228850266,-1.78014974684431,-1.4603920199519,-1.36072636461088,-1.40328468382846,-1.33844509361271,-1.37236670679109,-1.54489495144917,-1.49928623083937,-1.6539261516019,-1.67312865619787,-1.79395976238527,-1.35263078486625,-1.70387763119839,-1.67346017845636,-1.31918762016169,-1.60298428884758
0.0371250738967612,0.0269474887887865,0.0476333391060478,0.00158977080404422,0.0848389639335944,0.0987393348488906,-0.171395968815318,0.05004522705342,0.0600518134822902,-0.100959370165439,-0.18394878526553,0.0363585579484326,0.124999167584437,0.227026346489791,0.243097439929055,-0.0322339007034473,-0.0262576193949829,0.114625832264125,0.011861466490047,0.0488446243770794,0.160705272259228,0.0763677002410485,0.0219363821413108,0.0271220722473803,-0.00907837152204838,-0.207785105132158,-0.0182969666027047,0.028609324498039,-0.19280605724804,0.15773179139734,0.0267738968096058,-0.154784191655495,0.160387076545803,0.0125686995943335,-0.245098018268202,-0.250113722693127,-0.0467320503643305,-0.151613210871225,-0.130509264759173,-0.142229197734309,0.0359822398026024,-0.0790875328766993,0.0217157405049955,0.256747090733193,0.0115564516685134,0.0769279627701941,-0.00497152032516514,-0.160544861129074,0.144197128693067,0.0698256711972427,0.0585325545403951,-0.08732808730515,0.0714286158037434,0.0250932055302994,0.158286734761405,-0.168822208786897,0.105729466948921,-0.146037982486934,-0.131563331092356,0.0153832914542186,-0.00188684545059589,0.025865331722383,0.00769647590908718,-0.00404780817316333,0.147530847288508,-0.0461489543807708,0.0842246300735224,-0.067101606106463,-0.153174232277737,0.0210906155034934,-0.0220004707614717,-0.124775015041218,-0.0852895260718711,0.196965548655086,0.166759282682175,0.041965278139283,0.0383058254021646,0.159189513229225,-0.0139817533516023,0.0413571219670526,-0.0304243729427322,0.172813027124143,0.139964925216256,-0.0197782628582871,0.037382986269572,0.255370141746044,-0.00458949424836365,-0.0505840722413982,-0.149220911578333,-0.0164259274199931,0.201206320341383,0.043282767735687,-0.171599467548447,-0.0690899985131214,-0.0757646292641101,-0.11143533733345,0.100588675850201,-0.15749966697082,-0.0533386183468416,-0.172758953131223,0.0461178356300447,0.158026322935215,0.120445234196512,-0.0811423646477602,0.0884191668204652,0.0370539472601519,-0.00547478812397995,-0.0187266018713666,0.120356663416067,0.153892901531007,0.0974469629388045,-0.150046789421198,-0.00907662750467001,0.0205313068639649,0.133233395069642,0.00373116593147466,-0.199323974822369,0.0428811880853052,0.0336586921035923,0.00468749634373644,0.131722729545744,0.0249673382293237,-0.0212124945097188,-0.0487092857844751,0.108251678053518,0.00262894987387428,0.132726123251433,-0.0315343079611485,0.0701610586027196,-0.125060769133892,0.0933715254954646,0.0090139878609637,0.113786332972246,0.0966733869776933,-0.0635745750899301,-0.0953078534764393,-0.111096719009661,0.159666528824442,0.108915879052686,-0.0296178159198753,0.16416484672592,0.0761779595088931,0.102553901249425,-0.0593503215733185,0.103148902009318,0.0149021930257837,0.143953966371176,0.048613650520084,0.0460193507753174,-0.0687104115862975,0.102245464978884,-0.0492721717148987,0.216796477130156,0.00551035566652962,-0.0514455872672474,0.0748926888502805,0.0894233978395367,0.045162470668827,0.0747477936293582,-0.0561919678144943,0.0444944205657648,0.202615346719278,0.136022881205532,-0.0131933045395307,0.225385340541639,-0.144980011884765,-0.0709376886128488,-0.127118604356629,-0.200733804308276,0.168350299892992,0.12705409001616,0.0940289954872643,0.129698994037071,0.169444042639623,0.0670198531915822,-0.0342462946111121,-0.0549473493002384,0.158294799790088,0.23498602654188,0.123556229322375,0.123978784230477,-0.0010906781758763,0.0857471563503644,0.0267443300973909,0.0626093533736476,0.0276692653885036,0.194096946166956,0.0425927932599598,0.147655787168311,0.0511092304285875,0.0580803950945821,0.0838363873444005,0.045219768064948,0.0663978560075424,0.0605757881698879,0.146338834345942,0.130647391997907,-0.0631954160705659,0.0351300789167079,0.137846404861012,0.0463213232914639,0.0740768639410937,0.0599687408715408,-0.0282049768746697,0.119472239128895,-0.0381489684770821,0.100455197636005,0.0916089481571605,0.214787374922776,0.198151681333349,0.243904983309186,0.185809504653378,0.160356951289307,0.181153099253174,0.135562833702373,0.152499652228806,-0.0145628272797676,0.057180523508969,0.0726422334950436,0.0899512449924466,0.0462991644701097,0.0899597508631475,0.13885515433199,0.178787261397909,-0.0220884707282252,0.251748810449373,-0.0526305369025299,0.0786749535416652,0.337415168737951,0.0138946278737815,0.270031652817274,0.425012620638785,0.193187319057184,0.309951511563613,0.255459291493755,0.110197486677903,0.242042434612357,0.122821005390554,0.0817861281381328,0.0426090497350715,0.13386202009914,0.0483570711985316,0.064155811011659,-0.00542750536932299,0.241325757980965,-0.0841204208751465,0.145651296204433,0.304395683538704,0.203335301770004,0.422484353457752,0.0398888886751453,0.0389895938315399,0.164826705146766,0.280284890231322,0.294196078833853,0.149065367169597,0.0541535580317873,0.06408666857888,0.081447670299723,0.307528090945721,0.127529362344486,0.215687378884078,0.102327076231039,0.212613411529184,0.257588393515857,0.365821212903546,0.233055650510508,0.0599638924814174,0.296458763228268,0.112565732350493,0.155777453060094,0.00219495845672202,0.105989547928894,0.109215470944149,0.0792088724050783,0.208119680411108,0.308759684191799,0.0485477780300341,0.169775627243587,0.0724651762810708,0.0362824622395893,0.114626166869783,0.336497374744183,0.183281607016762,0.000628510390661446,0.0571209122034713,0.306983578294432,0.311186746360638,0.147313578741532,0.130395618361472,0.180464765314827,0.236950432305001,0.217535423813841,0.262579379390033,0.152322473138647,0.262588102347068,0.0650829798605396,0.0606265986994824,0.29870354540008,0.219476903201425,0.110518143335734,0.200091299282493,0.360078638073643,0.277032798510626,0.191301058921682,0.386567309390197,0.171684710071855,0.37399303324076,0.0579113092400559,0.216058993070631,0.0963285301685023,0.15422328095601,0.421351852571322,0.258690661881078,0.127629180461865,0.52756171111455,0.37128354487239,0.205468022066283,0.172910604314393,0.250380109826861,0.225719817530529,0.268177749124162,0.145996711921849,0.107816064434717,0.371560751142448,0.243812255990772,-0.00170409672491115,0.0804392374958877,0.203684727936239,0.231303542722651,0.476103051152269,0.210023401283662,0.185393583476229,0.158715047803322,0.450899227893151,0.460252528257779,0.256164619742721,0.0472013000875468,0.187535613899135,0.223776962871235,0.476093492262016,0.319745928968312,0.370182661919643,0.216314517091547,0.156714269293214,0.218428870170145,0.280766953877339,0.391288417843803,0.228748831496699,0.214734235620192,0.404012559048782,0.184485447866199,0.288554727065747,0.21170379372606,0.0416619830643998,0.300383405172199,0.174953416165297,0.316379356627792,0.14966699495779,0.264256988563679,0.348430239829642,0.234822407078758,0.25814500563242,0.286663899320287,0.503953551111242,0.586765603654583,0.420035964157913,0.643997318529945,0.375400548054847,0.512637359623075,0.209516327631378,0.152879201330194,0.335702100721204,0.551907253136395,0.326425757419752,0.353739536459077,0.334067297347203,0.24249760502709,0.450866630017425,0.551730816309886,0.289503259374962,0.43100454325782,0.383537240421248,0.416256727353139
